contract,symbol,buyer,seller,qty,rate,amt
2020032201002013,ADBL,6,6,600,368,220800
2020032201002012,ADBL,6,52,40,366,14640
2020032201002278,ALBSL,8,42,10,618,6180
2020032201001962,ALBSL,17,8,10,610,6100
2020032201002204,ALICL,34,4,10,492,4920
2020032201002004,ALICL,38,6,100,484,48400
2020032201002003,ALICL,38,34,10,484,4840
2020032201001903,ALICL,38,59,200,475,95000
2020032201001902,ALICL,38,4,87,475,41325
2020032201001892,ALICL,38,34,10,473,4730
2020032201001945,API,39,56,20,116,2320
2020032201001896,API,39,47,80,115,9200
2020032201002298,BOKL,41,33,40,218,8720
2020032201002189,BOKL,50,29,250,217,54250
2020032201002188,BOKL,28,29,45,217,9765
2020032201002179,BOKL,16,33,50,218,10900
2020032201002171,BOKL,7,33,10,218,2180
2020032201001942,BOKL,45,33,30,218,6540
2020032201001941,BOKL,10,33,123,218,26814
2020032201002372,BPCL,45,33,100,330,33000
2020032201002100,BPCL,6,33,100,330,33000
2020032201002353,CBBL,40,33,100,955,95500
2020032201002236,CBBL,45,49,40,954,38160
2020032201002180,CBBL,53,33,50,955,47750
2020032201002168,CBBL,53,33,50,955,47750
2020032201002059,CBBL,43,49,80,954,76320
2020032201002290,CBL,32,50,1000,138,138000
2020032201001936,CBL,43,22,100,138,13800
2020032201001935,CBL,8,22,100,138,13800
2020032201001934,CBL,36,22,100,138,13800
2020032201002276,CCBL,44,53,422,159,67098
2020032201002275,CCBL,1,53,500,159,79500
2020032201002274,CCBL,45,53,1000,160,160000
2020032201002273,CCBL,20,53,33,161,5313
2020032201002369,CFCL,28,28,500,122,61000
2020032201002368,CFCL,28,33,90,121,10890
2020032201002111,CHCL,14,56,80,368,29440
2020032201002088,CHCL,11,56,100,368,36800
2020032201002057,CHCL,11,56,100,367,36700
2020032201001952,CHCL,28,41,500,365,182500
2020032201002176,CIT,52,54,147,2440,358680
2020032201002175,CIT,58,54,353,2441,861673
2020032201001973,CIT,6,25,50,2485,124250
2020032201001972,CIT,6,11,50,2485,124250
2020032201001971,CIT,6,49,200,2484,496800
2020032201002343,CLBSL,53,43,10,1042,10420
2020032201002027,CZBIL,49,13,431,180,77580
2020032201002026,CZBIL,39,13,331,181,59911
2020032201002025,CZBIL,33,13,10,184,1840
2020032201002328,DDBL,57,16,10,759,7590
2020032201002253,EBL,8,17,440,612,269280
2020032201002252,EBL,17,17,50,613,30650
2020032201002251,EBL,14,17,10,613,6130
2020032201002245,EBL,14,50,90,613,55170
2020032201002244,EBL,42,50,50,613,30650
2020032201002243,EBL,56,50,500,613,306500
2020032201001994,EBL,14,50,200,615,123000
2020032201001901,EBL,41,10,300,615,184500
2020032201002242,EBL,50,50,50,613,30650
2020032201002225,EBL,1,17,50,614,30700
2020032201002224,EBL,53,17,50,614,30700
2020032201002223,EBL,10,17,18,614,11052
2020032201002135,EBL,10,6,66,614,40524
2020032201002134,EBL,29,50,10,615,6150
2020032201002127,FMDBL,41,41,180,415,74700
2020032201002126,FMDBL,42,41,10,415,4150
2020032201002125,FMDBL,39,41,50,416,20800
2020032201002124,FMDBL,33,41,50,416,20800
2020032201002117,FMDBL,34,41,500,418,209000
2020032201002116,FMDBL,41,41,500,419,209500
2020032201002115,FMDBL,39,41,100,420,42000
2020032201002114,FMDBL,50,41,60,420,25200
2020032201002093,FMDBL,28,41,50,423,21150
2020032201001940,FMDBL,53,53,50,431,21550
2020032201002311,FOWAD,36,37,300,1380,414000
2020032201002310,FOWAD,36,14,200,1378,275600
2020032201002139,GBBL,36,14,129,220,28380
2020032201002363,GBIME,34,22,100,248,24800
2020032201002362,GBIME,11,22,100,248,24800
2020032201002361,GBIME,32,22,50,248,12400
2020032201002360,GBIME,13,22,55,248,13640
2020032201002359,GBIME,41,22,500,248,124000
2020032201002358,GBIME,41,22,100,248,24800
2020032201002008,GBIME,8,34,101,249,25149
2020032201001993,GBIME,16,54,300,250,75000
2020032201001918,GBIME,43,54,100,250,25000
2020032201001900,GBIME,58,54,181,250,45250
2020032201001898,GBIME,8,13,899,249,223851
2020032201001897,GBIME,11,13,100,249,24900
2020032201002186,GBIME,49,53,62,248,15376
2020032201002122,GBIME,41,42,100,249,24900
2020032201002121,GBIME,46,42,240,249,59760
2020032201002118,GBIME,57,54,200,250,50000
2020032201002014,GBIME,29,54,100,250,25000
2020032201002009,GBIME,33,34,99,249,24651
2020032201002226,GBIME,43,42,28,249,6972
2020032201002199,GBIME,57,42,60,249,14940
2020032201002193,GBIME,52,54,56,248,13888
2020032201002192,GBIME,16,54,100,248,24800
2020032201002191,GBIME,59,54,300,248,74400
2020032201002190,GBIME,49,54,88,248,21824
2020032201002357,GBIME,36,22,100,248,24800
2020032201002356,GBIME,17,22,500,248,124000
2020032201002355,GBIME,59,22,244,248,60512
2020032201002342,GBIME,59,22,756,248,187488
2020032201002341,GBIME,52,22,244,248,60512
2020032201002227,GBIME,43,22,179,249,44571
2020032201002337,GBLBS,57,34,125,404,50500
2020032201002336,GBLBS,13,34,50,404,20200
2020032201002335,GBLBS,58,34,200,404,80800
2020032201002334,GBLBS,17,34,50,405,20250
2020032201002333,GBLBS,32,34,50,406,20300
2020032201002332,GBLBS,52,34,300,406,121800
2020032201002331,GBLBS,25,34,125,406,50750
2020032201002330,GBLBS,57,34,100,407,40700
2020032201002172,GBLBS,25,41,300,406,121800
2020032201002137,GBLBS,25,33,75,406,30450
2020032201002136,GBLBS,52,33,25,406,10150
2020032201002304,GILB,36,28,100,1115,111500
2020032201002262,GILB,56,41,50,1136,56800
2020032201002301,GLICL,39,59,50,403,20150
2020032201001946,GLICL,56,51,90,403,36270
2020032201002058,HDHPC,1,57,50,82,4100
2020032201002344,HDL,16,57,50,1280,64000
2020032201002197,HDL,33,17,40,1277,51080
2020032201002174,HDL,42,17,10,1277,12770
2020032201002173,HDL,45,17,50,1277,63850
2020032201002099,HDL,32,57,100,1280,128000
2020032201002098,HDL,14,57,100,1280,128000
2020032201001974,HDL,17,57,100,1287,128700
2020032201001963,HDL,32,57,300,1287,386100
2020032201001905,HDL,6,25,400,1290,516000
2020032201001904,HDL,6,45,100,1289,128900
2020032201002097,HDL,17,57,50,1280,64000
2020032201002096,HDL,43,57,20,1281,25620
2020032201002095,HDL,43,57,10,1285,12850
2020032201002094,HDL,17,57,40,1285,51400
2020032201002024,HDL,17,22,10,1285,12850
2020032201001987,HDL,16,57,100,1287,128700
2020032201002257,HGI,22,51,10,335,3350
2020032201002234,HGI,22,57,10,329,3290
2020032201001906,HIDCL,44,36,50,129,6450
2020032201002306,JBBL,43,38,22,166,3652
2020032201002303,JSLBB,45,17,17,1890,32130
2020032201001988,JSLBB,56,11,10,1891,18910
2020032201002377,KBL,36,41,29,177,5133
2020032201002376,KBL,28,41,642,177,113634
2020032201002375,KBL,43,41,100,178,17800
2020032201002374,KBL,25,41,50,178,8900
2020032201002373,KBL,17,41,179,179,32041
2020032201002198,KBL,17,33,21,179,3759
2020032201002046,KBL,34,49,40,177,7080
2020032201002045,KBL,34,49,200,178,35600
2020032201002044,KBL,53,49,555,178,98790
2020032201001996,KBL,11,33,459,179,82161
2020032201001995,KBL,11,1,541,179,96839
2020032201001970,KBL,48,33,20,179,3580
2020032201002177,KBL,17,33,400,179,71600
2020032201002051,KBL,28,49,358,177,63366
2020032201002050,KBL,59,49,300,177,53100
2020032201002049,KBL,6,49,50,177,8850
2020032201002048,KBL,6,49,300,177,53100
2020032201002047,KBL,45,49,500,177,88500
2020032201002248,KMCDB,17,33,30,738,22140
2020032201002247,KMCDB,29,33,20,738,14760
2020032201002302,KPCL,25,39,10,108,1080
2020032201002133,KPCL,25,39,10,106,1060
2020032201002132,KPCL,25,36,10,104,1040
2020032201002131,KPCL,25,39,100,104,10400
2020032201002030,KPCL,53,39,100,100,10000
2020032201002326,KSBBL,40,33,100,152,15200
2020032201002280,LBBL,6,6,2310,178,411180
2020032201002385,LBL,6,13,167,200,33400
2020032201002327,LBL,14,13,100,200,20000
2020032201002241,LBL,45,13,233,200,46600
2020032201002240,LBL,59,13,300,200,60000
2020032201002239,LBL,8,13,200,201,40200
2020032201001986,LBL,56,13,200,200,40000
2020032201001979,LBL,14,13,100,201,20100
2020032201001978,LBL,14,13,100,201,20100
2020032201001977,LBL,14,13,500,201,100500
2020032201001976,LBL,59,13,85,201,17085
2020032201001975,LBL,45,13,25,203,5075
2020032201001985,LBL,48,13,200,200,40000
2020032201001984,LBL,48,13,2000,200,400000
2020032201001983,LBL,13,13,300,200,60000
2020032201001982,LBL,59,13,300,200,60000
2020032201001981,LBL,58,13,500,200,100000
2020032201001980,LBL,11,13,50,200,10000
2020032201002272,LGIL,10,17,490,396,194040
2020032201002271,LGIL,8,17,10,397,3970
2020032201002351,LICN,28,49,20,1137,22740
2020032201002350,LICN,22,49,100,1137,113700
2020032201002349,LICN,56,49,50,1138,56900
2020032201002348,LICN,22,49,100,1138,113800
2020032201002347,LICN,14,49,30,1139,34170
2020032201002346,LICN,59,49,100,1140,114000
2020032201002209,LICN,14,49,20,1147,22940
2020032201002208,LICN,28,49,50,1150,57500
2020032201002207,LICN,14,49,18,1151,20718
2020032201002206,LICN,17,49,100,1152,115200
2020032201002215,LICN,29,49,500,1145,572500
2020032201002214,LICN,49,49,100,1145,114500
2020032201002213,LICN,53,49,50,1145,57250
2020032201002212,LICN,59,49,100,1146,114600
2020032201002211,LICN,34,49,50,1147,57350
2020032201002210,LICN,38,49,200,1147,229400
2020032201002235,LICN,8,49,488,1140,556320
2020032201002220,LICN,8,49,12,1140,13680
2020032201002219,LICN,11,49,200,1140,228000
2020032201002218,LICN,59,49,200,1141,228200
2020032201002217,LICN,58,49,300,1142,342600
2020032201002216,LICN,22,49,100,1144,114400
2020032201002381,MBL,59,49,1098,215,236070
2020032201002324,MBL,43,49,500,215,107500
2020032201002323,MBL,34,49,200,215,43000
2020032201002322,MBL,59,49,300,215,64500
2020032201002321,MBL,1,49,50,215,10750
2020032201002320,MBL,48,49,1000,215,215000
2020032201002313,MBL,56,49,30,216,6480
2020032201002202,MBL,59,50,300,217,65100
2020032201002201,MBL,45,50,144,218,31392
2020032201002200,MBL,22,50,50,218,10900
2020032201002182,MBL,45,57,500,219,109500
2020032201002319,MBL,50,49,500,215,107500
2020032201002318,MBL,8,49,100,215,21500
2020032201002317,MBL,35,49,10,215,2150
2020032201002316,MBL,8,49,100,216,21600
2020032201002315,MBL,59,49,300,216,64800
2020032201002314,MBL,59,49,300,216,64800
2020032201002120,MEGA,34,50,10,214,2140
2020032201002092,MEGA,34,20,100,210,21000
2020032201002091,MEGA,34,22,100,210,21000
2020032201002090,MEGA,34,48,100,209,20900
2020032201002019,MEGA,34,1,107,202,21614
2020032201002018,MEGA,34,6,60,202,12120
2020032201002017,MEGA,34,50,700,202,141400
2020032201001923,MEGA,22,53,100,201,20100
2020032201002056,MEGA,34,34,1000,206,206000
2020032201002055,MEGA,34,37,500,205,102500
2020032201002054,MEGA,34,50,500,205,102500
2020032201002053,MEGA,34,41,100,205,20500
2020032201002052,MEGA,34,48,100,204,20400
2020032201002020,MEGA,34,25,300,202,60600
2020032201002367,MERO,44,41,150,540,81000
2020032201002366,MERO,3,41,40,540,21600
2020032201002254,MERO,34,29,10,550,5500
2020032201002119,MERO,57,41,50,540,27000
2020032201001944,MERO,57,16,50,540,27000
2020032201001943,MFIL,57,14,10,250,2500
2020032201001931,MFIL,57,6,40,246,9840
2020032201002113,MNBBL,1,49,300,296,88800
2020032201002028,MNBBL,59,36,200,295,59000
2020032201002370,MPFL,29,32,100,119,11900
2020032201002291,MPFL,58,32,50,118,5900
2020032201002089,MPFL,58,46,50,118,5900
2020032201002080,NABIL,42,33,72,701,50472
2020032201002079,NABIL,33,33,140,701,98140
2020032201002078,NABIL,22,33,10,702,7020
2020032201002077,NABIL,34,33,10,702,7020
2020032201002076,NABIL,56,33,100,702,70200
2020032201002075,NABIL,51,33,100,702,70200
2020032201002033,NABIL,43,33,20,716,14320
2020032201002032,NABIL,45,33,100,720,72000
2020032201002039,NABIL,42,33,100,710,71000
2020032201002038,NABIL,17,33,50,710,35500
2020032201002037,NABIL,56,33,500,711,355500
2020032201002036,NABIL,49,33,30,714,21420
2020032201002035,NABIL,45,33,30,715,21450
2020032201002034,NABIL,40,33,18,715,12870
2020032201002062,NABIL,49,33,200,705,141000
2020032201002061,NABIL,51,33,50,705,35250
2020032201002043,NABIL,45,33,10,706,7060
2020032201002042,NABIL,18,33,50,706,35300
2020032201002041,NABIL,43,33,100,706,70600
2020032201002040,NABIL,33,33,50,707,35350
2020032201002068,NABIL,17,33,30,705,21150
2020032201002067,NABIL,58,33,10,705,7050
2020032201002066,NABIL,38,33,20,705,14100
2020032201002065,NABIL,51,33,100,705,70500
2020032201002064,NABIL,11,33,100,705,70500
2020032201002063,NABIL,17,33,10,705,7050
2020032201002074,NABIL,17,33,100,702,70200
2020032201002073,NABIL,8,33,50,702,35100
2020032201002072,NABIL,49,33,1000,703,703000
2020032201002071,NABIL,8,33,200,703,140600
2020032201002070,NABIL,56,33,140,703,98420
2020032201002069,NABIL,44,33,500,704,352000
2020032201002238,NADEP,36,41,500,534,267000
2020032201002237,NADEP,36,41,16,544,8704
2020032201002128,NADEP,36,45,484,544,263296
2020032201002297,NBL,29,49,6305,251,1582555
2020032201002295,NBL,47,49,3000,251,753000
2020032201002294,NBL,45,49,100,251,25100
2020032201002293,NBL,45,49,200,251,50200
2020032201002292,NBL,41,49,350,251,87850
2020032201002222,NBL,41,51,150,251,37650
2020032201001907,NBL,41,49,100,255,25500
2020032201001913,NBL,44,49,200,253,50600
2020032201001912,NBL,6,49,300,253,75900
2020032201001911,NBL,8,49,200,253,50600
2020032201001910,NBL,56,49,65,253,16445
2020032201001909,NBL,6,49,500,254,127000
2020032201001908,NBL,49,49,30,254,7620
2020032201002221,NBL,17,51,300,251,75300
2020032201001933,NBL,59,49,500,252,126000
2020032201001917,NBL,57,49,200,252,50400
2020032201001916,NBL,41,49,100,252,25200
2020032201001915,NBL,48,49,500,252,126000
2020032201001914,NBL,41,49,350,252,88200
2020032201002386,NCCB,50,11,710,178,126380
2020032201002352,NCCB,45,11,90,178,16020
2020032201002312,NCCB,22,11,100,178,17800
2020032201002277,NCCB,37,11,100,178,17800
2020032201002263,NGPL,34,29,350,105,36750
2020032201001953,NHPC,33,45,10,53,530
2020032201002354,NIB,41,42,44,373,16412
2020032201002325,NIB,57,42,100,373,37300
2020032201002203,NIB,34,42,200,374,74800
2020032201002110,NIB,42,42,50,374,18700
2020032201002267,NIBPO,39,58,100,324,32400
2020032201002266,NIBPO,6,58,300,324,97200
2020032201002265,NIBPO,59,58,10,324,3240
2020032201002264,NIBPO,3,58,500,325,162500
2020032201002250,NIBPO,45,49,494,326,161044
2020032201002249,NIBPO,8,49,600,326,195600
2020032201002329,NICA,34,25,100,496,49600
2020032201002246,NICA,34,42,40,496,19840
2020032201002183,NICA,45,33,288,495,142560
2020032201002123,NICA,6,53,50,494,24700
2020032201002105,NICA,48,33,3000,495,1485000
2020032201002104,NICA,13,33,20,495,9900
2020032201001957,NICA,53,49,100,497,49700
2020032201001956,NICA,13,49,189,497,93933
2020032201001955,NICA,45,49,349,498,173802
2020032201001954,NICA,14,49,20,499,9980
2020032201002083,NICA,57,44,35,496,17360
2020032201002082,NICA,48,44,58,497,28826
2020032201002081,NICA,38,44,50,499,24950
2020032201002005,NICA,57,38,10,501,5010
2020032201001959,NICA,48,49,142,497,70574
2020032201001958,NICA,36,49,200,497,99400
2020032201002103,NICA,17,33,149,495,73755
2020032201002102,NICA,6,33,543,496,269328
2020032201002087,NICA,6,44,457,496,226672
2020032201002086,NICA,48,44,200,496,99200
2020032201002085,NICA,39,44,500,496,248000
2020032201002084,NICA,38,44,200,496,99200
2020032201002270,NICL,50,34,10,347,3470
2020032201002233,NICL,29,42,524,341,178684
2020032201002181,NICL,34,42,100,341,34100
2020032201002365,NLG,29,25,50,545,27250
2020032201002345,NLIC,43,53,20,1054,21080
2020032201002299,NLIC,13,34,380,1050,399000
2020032201002296,NLIC,44,53,10,1054,10540
2020032201002283,NLIC,13,45,100,1050,105000
2020032201002282,NLIC,13,34,500,1049,524500
2020032201002281,NLIC,6,44,380,1035,393300
2020032201001990,NLIC,58,34,10,1024,10240
2020032201001969,NLIC,58,45,40,1024,40960
2020032201001968,NLIC,41,45,410,1024,419840
2020032201001967,NLIC,50,45,100,1025,102500
2020032201001966,NLIC,7,45,200,1026,205200
2020032201002256,NLIC,38,34,400,1032,412800
2020032201002231,NLIC,32,34,100,1032,103200
2020032201002205,NLIC,29,34,500,1031,515500
2020032201002170,NLIC,10,34,100,1024,102400
2020032201001992,NLIC,41,34,490,1023,501270
2020032201001991,NLIC,56,34,500,1023,511500
2020032201002288,NLICL,59,51,100,559,55900
2020032201002287,NLICL,54,51,50,560,28000
2020032201002286,NLICL,34,51,10,564,5640
2020032201002285,NLICL,10,51,115,565,64975
2020032201002284,NLICL,48,51,20,565,11300
2020032201001939,NLICL,34,45,100,566,56600
2020032201001932,NLICL,13,45,60,567,34020
2020032201001922,NLICL,13,45,940,567,532980
2020032201001921,NLICL,41,45,130,567,73710
2020032201001920,NLICL,50,45,50,568,28400
2020032201001919,NLICL,49,45,10,569,5690
2020032201002167,NMB,41,33,159,377,59943
2020032201002166,NMB,13,33,20,377,7540
2020032201002165,NMB,6,33,2000,377,754000
2020032201002164,NMB,18,33,50,377,18850
2020032201002163,NMB,41,33,100,377,37700
2020032201002162,NMB,32,33,398,377,150046
2020032201001965,NMB,28,16,68,379,25772
2020032201001964,NMB,16,16,84,379,31836
2020032201001948,NMB,26,33,100,380,38000
2020032201001947,NMB,8,33,10,380,3800
2020032201002149,NMB,28,33,432,379,163728
2020032201002148,NMB,32,33,50,380,19000
2020032201002147,NMB,49,33,345,380,131100
2020032201002130,NMB,29,28,1000,381,381000
2020032201002129,NMB,29,50,985,381,375285
2020032201001989,NMB,49,33,35,380,13300
2020032201002155,NMB,16,33,100,378,37800
2020032201002154,NMB,42,33,30,378,11340
2020032201002153,NMB,56,33,500,378,189000
2020032201002152,NMB,59,33,500,378,189000
2020032201002151,NMB,48,33,3000,379,1137000
2020032201002150,NMB,50,33,50,379,18950
2020032201002161,NMB,32,33,500,377,188500
2020032201002160,NMB,52,33,200,377,75400
2020032201002159,NMB,49,33,200,377,75400
2020032201002158,NMB,59,33,300,377,113100
2020032201002157,NMB,56,33,16,377,6032
2020032201002156,NMB,49,33,50,378,18900
2020032201001930,NMBMF,59,28,171,755,129105
2020032201001929,NMBMF,33,28,100,756,75600
2020032201001928,NMBMF,17,28,449,757,339893
2020032201001927,NMBMF,49,28,200,758,151600
2020032201001926,NMBMF,16,28,30,760,22800
2020032201001925,NMBMF,29,28,50,765,38250
2020032201002340,PCBL,33,13,250,252,63000
2020032201002339,PCBL,33,13,250,252,63000
2020032201002387,PICL,57,58,10,404,4040
2020032201002371,PICL,28,16,50,400,20000
2020032201002269,PLIC,29,10,50,499,24950
2020032201002255,PLIC,7,29,810,496,401760
2020032201002031,PLIC,48,10,20,499,9980
2020032201002390,PRIN,43,49,50,360,18000
2020032201002383,PRIN,45,36,35,357,12495
2020032201002382,PRIN,7,36,15,357,5355
2020032201002300,PROFL,36,45,10,102,1020
2020032201002364,PRVU,44,32,10,225,2250
2020032201002169,PRVU,48,25,316,222,70152
2020032201001938,PRVU,50,6,34,223,7582
2020032201001937,PRVU,50,50,234,223,52182
2020032201002232,RHPC,37,58,100,78,7800
2020032201002187,RHPC,37,58,1000,78,78000
2020032201001960,RHPC,44,58,500,78,39000
2020032201002268,RHPL,28,44,9320,153,1425960
2020032201001895,RHPL,28,59,40,154,6160
2020032201001894,RHPL,28,14,300,154,46200
2020032201001893,RHPL,28,17,290,154,44660
2020032201002112,RLFL,57,32,10,130,1300
2020032201002029,RMDC,39,53,59,590,34810
2020032201002023,RMDC,29,53,30,593,17790
2020032201002022,RMDC,40,53,75,594,44550
2020032201002015,RMDC,29,49,600,603,361800
2020032201002011,RMDC,29,52,29,602,17458
2020032201002010,RMDC,29,58,200,600,120000
2020032201002391,SANIMA,34,49,15,324,4860
2020032201002380,SANIMA,34,45,100,323,32300
2020032201002379,SANIMA,34,42,145,320,46400
2020032201002378,SANIMA,34,45,40,319,12760
2020032201002338,SANIMA,44,45,10,319,3190
2020032201002195,SANIMA,45,13,1000,317,317000
2020032201001961,SANIMA,44,6,2720,318,864960
2020032201002185,SANIMA,1,13,50,317,15850
2020032201002184,SANIMA,44,13,620,317,196540
2020032201002146,SANIMA,44,53,250,317,79250
2020032201002142,SANIMA,44,13,130,317,41210
2020032201002141,SANIMA,4,13,200,318,63600
2020032201002140,SANIMA,44,13,2170,318,690060
2020032201002109,SBI,51,13,250,412,103000
2020032201002108,SBI,57,13,10,412,4120
2020032201002107,SBI,49,13,100,412,41200
2020032201002106,SBI,43,13,100,414,41400
2020032201002178,SBL,13,50,50,289,14450
2020032201002145,SBL,44,44,5200,291,1513200
2020032201002144,SBL,44,36,50,291,14550
2020032201002289,SCB,49,33,308,590,181720
2020032201002143,SDESI,28,34,99,775,76725
2020032201002261,SHIVM,52,42,590,487,287330
2020032201002260,SHIVM,38,42,500,488,244000
2020032201002259,SHIVM,49,42,200,489,97800
2020032201002258,SHIVM,57,33,50,492,24600
2020032201002138,SHIVM,57,42,10,495,4950
2020032201002016,SHIVM,48,51,420,487,204540
2020032201001997,SHIVM,28,53,160,489,78240
2020032201001951,SHIVM,28,53,200,489,97800
2020032201002006,SHIVM,48,51,80,487,38960
2020032201002002,SHIVM,48,53,170,487,82790
2020032201002001,SHIVM,45,53,20,487,9740
2020032201002000,SHIVM,1,53,50,487,24350
2020032201001999,SHIVM,14,53,50,488,24400
2020032201001998,SHIVM,25,53,50,489,24450
2020032201002307,SICL,17,50,30,845,25350
2020032201002021,SICL,37,50,20,845,16900
2020032201002309,SJCL,54,5,300,141,42300
2020032201002308,SJCL,45,5,100,142,14200
2020032201002194,SKBBL,40,28,21,990,20790
2020032201002279,SLBBL,34,48,10,774,7740
2020032201002228,SPARS,45,34,46,693,31878
2020032201002196,SPARS,51,34,30,700,21000
2020032201002389,SRBL,8,6,65,233,15145
2020032201002388,SRBL,48,6,35,234,8190
2020032201002384,SRBL,48,50,40,236,9440
2020032201002229,SRBL,48,50,12,236,2832
2020032201001950,SRBL,56,50,88,236,20768
2020032201001949,SRBL,56,50,412,236,97232
2020032201001924,STC,1,52,20,2400,48000
2020032201002101,UIC,17,49,85,307,26095
2020032201002060,UIC,6,49,60,308,18480
2020032201002007,UIC,17,32,50,307,15350
2020032201001899,UIC,45,4,20,305,6100
2020032201002305,UPPER,41,34,66,227,14982
2020032201002230,UPPER,41,45,57,227,12939
2020032201001787,ADBL,58,22,20,364,7280
2020032201001722,ADBL,39,50,300,363,108900
2020032201001666,ADBL,32,50,43,362,15566
2020032201001647,ADBL,54,50,200,362,72400
2020032201001631,ADBL,34,50,100,362,36200
2020032201001630,ADBL,28,50,349,362,126338
2020032201001457,ADBL,10,50,100,364,36400
2020032201001511,ADBL,43,49,50,362,18100
2020032201001510,ADBL,37,49,10,362,3620
2020032201001509,ADBL,43,49,20,363,7260
2020032201001489,ADBL,43,6,30,363,10890
2020032201001488,ADBL,22,6,30,363,10890
2020032201001535,ADBL,6,49,961,362,347882
2020032201001527,ADBL,56,49,20,362,7240
2020032201001515,ADBL,14,49,50,362,18100
2020032201001514,ADBL,53,49,10,362,3620
2020032201001513,ADBL,59,49,500,362,181000
2020032201001512,ADBL,34,49,150,362,54300
2020032201001623,ADBL,28,50,651,362,235662
2020032201001622,ADBL,11,50,200,362,72400
2020032201001621,ADBL,14,50,39,362,14118
2020032201001616,ADBL,14,50,200,363,72600
2020032201001590,ADBL,14,50,10,364,3640
2020032201001542,ADBL,14,34,11,362,3982
2020032201001405,ALBSL,8,4,10,599,5990
2020032201001886,API,39,47,20,115,2300
2020032201001857,API,39,47,200,113,22600
2020032201001835,API,39,53,50,111,5550
2020032201001834,API,39,47,100,110,11000
2020032201001798,API,39,59,400,109,43600
2020032201001646,API,38,59,100,109,10900
2020032201001588,API,38,25,200,107,21400
2020032201001649,BFC,49,8,50,95,4750
2020032201001706,BOKL,20,33,50,220,11000
2020032201001598,BOKL,17,33,100,220,22000
2020032201001439,BOKL,10,13,27,218,5886
2020032201001393,BOKL,40,13,1000,214,214000
2020032201001786,BPCL,22,33,200,326,65200
2020032201001852,CBBL,48,49,20,954,19080
2020032201001769,CBBL,28,11,100,950,95000
2020032201001789,CBL,34,29,10,140,1400
2020032201001747,CBL,22,45,140,139,19460
2020032201001778,CCBL,20,7,67,161,10787
2020032201001453,CCBL,10,4,100,160,16000
2020032201001883,CFCL,33,33,10,121,1210
2020032201001772,CFCL,28,33,100,120,12000
2020032201001686,CFCL,39,33,100,118,11800
2020032201001620,CFCL,37,33,100,116,11600
2020032201001487,CHCL,44,17,44,362,15928
2020032201001486,CHCL,59,17,260,362,94120
2020032201001485,CHCL,28,17,31,363,11253
2020032201001476,CHCL,28,17,169,363,61347
2020032201001472,CHCL,41,17,100,363,36300
2020032201001471,CHCL,14,17,100,364,36400
2020032201001718,CIT,52,57,100,2460,246000
2020032201001667,CIT,53,57,100,2460,246000
2020032201001885,CZBIL,39,51,169,181,30589
2020032201001782,CZBIL,11,32,51,183,9333
2020032201001516,CZBIL,13,17,500,181,90500
2020032201001404,CZBIL,34,22,200,180,36000
2020032201001403,CZBIL,44,22,164,180,29520
2020032201001674,EBL,34,50,100,620,62000
2020032201001663,EBL,10,38,916,614,562424
2020032201001662,EBL,16,38,100,614,61400
2020032201001661,EBL,56,38,500,614,307000
2020032201001660,EBL,29,38,20,615,12300
2020032201001863,EIC,6,6,1000,345,345000
2020032201001741,EIC,6,32,50,340,17000
2020032201001740,EIC,6,4,50,339,16950
2020032201001890,FMDBL,41,53,100,431,43100
2020032201001884,FMDBL,41,16,50,428,21400
2020032201001533,FMDBL,39,48,100,424,42400
2020032201001467,FMDBL,36,49,30,422,12660
2020032201001466,FMDBL,36,48,10,422,4220
2020032201001627,GBBL,36,58,200,220,44000
2020032201001568,GBBL,36,45,50,220,11000
2020032201001567,GBBL,36,32,100,219,21900
2020032201001887,GBIME,11,54,100,250,25000
2020032201001860,GBIME,38,54,55,250,13750
2020032201001858,GBIME,57,54,50,250,12500
2020032201001742,GBIME,59,54,20,250,5000
2020032201001725,GBIME,49,54,50,250,12500
2020032201001709,GBIME,17,54,100,250,25000
2020032201001408,GBIME,7,54,100,250,25000
2020032201001402,GBIME,37,54,100,250,25000
2020032201001545,GBIME,6,13,1000,249,249000
2020032201001544,GBIME,8,13,50,249,12450
2020032201001530,GBIME,59,54,500,250,125000
2020032201001460,GBIME,7,54,100,250,25000
2020032201001444,GBIME,59,54,200,250,50000
2020032201001416,GBIME,52,54,800,250,200000
2020032201001703,GBIME,57,54,200,250,50000
2020032201001700,GBIME,59,41,470,250,117500
2020032201001676,GBIME,57,41,30,250,7500
2020032201001675,GBIME,57,54,170,250,42500
2020032201001551,GBIME,17,13,500,249,124500
2020032201001547,GBIME,49,54,30,250,7500
2020032201001854,GLICL,41,51,10,403,4030
2020032201001853,GLICL,41,46,90,403,36270
2020032201001721,GLICL,58,54,30,399,11970
2020032201001720,GLICL,45,54,50,399,19950
2020032201001719,GLICL,48,54,20,399,7980
2020032201001731,GMFBS,14,6,50,753,37650
2020032201001730,GMFBS,17,6,10,753,7530
2020032201001729,GMFBS,34,6,50,754,37700
2020032201001713,GMFIL,6,13,10,116,1160
2020032201001701,GMFIL,6,13,10,118,1180
2020032201001668,GMFIL,6,13,10,120,1200
2020032201001658,GMFIL,6,13,10,122,1220
2020032201001638,GMFIL,6,13,10,124,1240
2020032201001624,GMFIL,6,13,10,126,1260
2020032201001792,HDHPC,45,34,20,82,1640
2020032201001735,HDHPC,1,34,100,83,8300
2020032201001698,HDHPC,1,34,40,84,3360
2020032201001619,HDHPC,1,34,10,84,840
2020032201001891,HDL,6,25,40,1287,51480
2020032201001882,HDL,37,57,400,1287,514800
2020032201001790,HDL,13,57,100,1287,128700
2020032201001781,HDL,6,49,500,1286,643000
2020032201001780,HDL,6,22,10,1286,12860
2020032201001732,HDL,39,58,100,1285,128500
2020032201001397,HDL,44,45,490,1285,629650
2020032201001584,HDL,34,57,30,1278,38340
2020032201001583,HDL,49,57,15,1280,19200
2020032201001582,HDL,58,57,10,1280,12800
2020032201001422,HDL,39,1,100,1278,127800
2020032201001421,HDL,29,1,250,1284,321000
2020032201001420,HDL,29,1,250,1285,321250
2020032201001633,HDL,6,57,95,1277,121315
2020032201001625,HDL,41,57,40,1277,51080
2020032201001617,HDL,28,57,100,1277,127700
2020032201001587,HDL,45,57,10,1277,12770
2020032201001586,HDL,44,57,1000,1277,1277000
2020032201001585,HDL,54,57,200,1278,255600
2020032201001508,HGI,10,38,189,323,61047
2020032201001507,HGI,1,38,20,323,6460
2020032201001506,HGI,51,38,100,323,32300
2020032201001505,HGI,51,38,91,323,29393
2020032201001504,HGI,4,38,50,323,16150
2020032201001503,HGI,28,38,50,324,16200
2020032201001475,HGI,28,38,450,324,145800
2020032201001474,HGI,41,38,50,325,16250
2020032201001841,JSLBB,52,11,10,1891,18910
2020032201001797,JSLBB,56,11,10,1891,18910
2020032201001756,JSLBB,41,6,40,1892,75680
2020032201001755,JSLBB,28,6,10,1892,18920
2020032201001746,JSLBB,52,47,11,1891,20801
2020032201001449,JSLBB,45,17,10,1890,18900
2020032201001728,JSLBB,56,17,10,1890,18900
2020032201001727,JSLBB,56,45,50,1890,94500
2020032201001669,JSLBB,1,45,50,1890,94500
2020032201001493,JSLBB,52,17,10,1891,18910
2020032201001482,JSLBB,52,17,20,1892,37840
2020032201001469,JSLBB,52,17,10,1891,18910
2020032201001878,KBL,43,33,100,179,17900
2020032201001773,KBL,53,33,445,178,79210
2020032201001768,KBL,14,33,105,178,18690
2020032201001764,KBL,41,33,250,178,44500
2020032201001736,KBL,16,33,200,178,35600
2020032201001596,KBL,34,41,360,177,63720
2020032201001543,KBL,6,33,100,178,17800
2020032201001536,KBL,29,33,20,178,3560
2020032201001492,KBL,56,33,1000,178,178000
2020032201001491,KBL,56,33,469,178,83482
2020032201001470,KBL,25,33,100,178,17800
2020032201001396,KBL,22,56,50,177,8850
2020032201001595,KBL,1,41,200,177,35400
2020032201001594,KBL,25,41,100,177,17700
2020032201001593,KBL,22,41,340,177,60180
2020032201001591,KBL,59,33,380,178,67640
2020032201001566,KBL,25,33,120,178,21360
2020032201001565,KBL,25,33,880,178,156640
2020032201001483,KMCDB,29,29,10,738,7380
2020032201001549,KPCL,16,39,100,102,10200
2020032201001548,KPCL,53,39,100,102,10200
2020032201001801,LBBL,45,42,500,178,89000
2020032201001398,LBBL,54,42,10,178,1780
2020032201001573,LBL,59,50,215,201,43215
2020032201001572,LBL,40,50,50,201,10050
2020032201001571,LBL,22,50,500,202,101000
2020032201001570,LBL,6,50,170,202,34340
2020032201001554,LBL,6,34,30,202,6060
2020032201001528,LBL,39,13,200,203,40600
2020032201001418,LBL,10,13,1000,205,205000
2020032201001569,LICN,14,22,10,1159,11590
2020032201001745,MBL,59,58,300,219,65700
2020032201001744,MBL,14,58,100,219,21900
2020032201001456,MBL,6,58,100,219,21900
2020032201001657,MEGA,22,45,61,201,12261
2020032201001656,MEGA,50,45,100,201,20100
2020032201001655,MEGA,6,45,500,201,100500
2020032201001477,MEGA,39,50,200,202,40400
2020032201001419,MEGA,17,29,73,201,14673
2020032201001541,MERO,22,41,34,550,18700
2020032201001434,MERO,22,58,16,549,8784
2020032201001888,MFIL,57,38,10,243,2430
2020032201001640,MLBBL,45,33,100,604,60400
2020032201001692,MLBL,6,6,2000,197,394000
2020032201001678,MLBL,6,6,41,194,7954
2020032201001687,MNBBL,45,49,15,296,4440
2020032201001614,MNBBL,56,49,500,296,148000
2020032201001613,MNBBL,13,49,200,296,59200
2020032201001710,MPFL,43,32,26,119,3094
2020032201001791,NABIL,34,50,50,720,36000
2020032201001743,NABIL,40,32,82,715,58630
2020032201001671,NABIL,22,32,158,715,112970
2020032201001670,NABIL,29,32,10,716,7160
2020032201001635,NABIL,22,32,42,715,30030
2020032201001634,NABIL,14,32,158,715,112970
2020032201001560,NABIL,56,50,500,715,357500
2020032201001559,NABIL,10,50,30,718,21540
2020032201001448,NABIL,10,6,20,718,14360
2020032201001438,NABIL,38,49,50,715,35750
2020032201001437,NABIL,38,32,80,715,57200
2020032201001771,NADEP,53,41,500,555,277500
2020032201001546,NADEP,36,25,87,559,48633
2020032201001395,NADEP,7,45,16,560,8960
2020032201001775,NBB,20,33,100,197,19700
2020032201001501,NBB,45,45,162,194,31428
2020032201001500,NBB,43,45,100,194,19400
2020032201001499,NBB,59,45,300,195,58500
2020032201001498,NBB,59,45,300,195,58500
2020032201001497,NBB,56,45,100,195,19500
2020032201001496,NBB,42,45,38,196,7448
2020032201001734,NBL,29,50,900,257,231300
2020032201001561,NBL,29,49,100,257,25700
2020032201001877,NCCB,34,50,140,177,24780
2020032201001876,NCCB,57,50,100,177,17700
2020032201001875,NCCB,28,50,1000,177,177000
2020032201001874,NCCB,45,50,50,177,8850
2020032201001873,NCCB,28,50,500,177,88500
2020032201001872,NCCB,40,50,200,177,35400
2020032201001562,NCCB,16,8,100,179,17900
2020032201001550,NCCB,11,8,200,179,35800
2020032201001529,NCCB,20,8,56,179,10024
2020032201001430,NCCB,52,8,100,179,17900
2020032201001412,NCCB,10,8,50,179,8950
2020032201001865,NCCB,36,50,200,178,35600
2020032201001864,NCCB,34,50,20,178,3560
2020032201001739,NCCB,22,8,50,179,8950
2020032201001733,NCCB,45,8,200,179,35800
2020032201001629,NCCB,50,8,18,179,3222
2020032201001615,NCCB,7,8,100,179,17900
2020032201001871,NCCB,59,50,500,177,88500
2020032201001870,NCCB,36,50,30,177,5310
2020032201001869,NCCB,45,50,150,177,26550
2020032201001868,NCCB,44,50,100,178,17800
2020032201001867,NCCB,45,50,500,178,89000
2020032201001866,NCCB,45,50,10,178,1780
2020032201001724,NHPC,49,14,200,52,10400
2020032201001538,NHPC,33,14,100,52,5200
2020032201001534,NIB,54,42,100,375,37500
2020032201001531,NIB,38,45,247,372,91884
2020032201001517,NIB,6,45,33,372,12276
2020032201001502,NIB,17,45,100,372,37200
2020032201001413,NIB,58,8,80,371,29680
2020032201001407,NIB,52,8,20,371,7420
2020032201001425,NIBPO,6,58,500,330,165000
2020032201001697,NIBPO,6,58,940,330,310200
2020032201001665,NIBPO,45,58,500,330,165000
2020032201001836,NICA,34,5,104,503,52312
2020032201001712,NICA,34,49,34,504,17136
2020032201001711,NICA,34,5,66,504,33264
2020032201001695,NICA,34,5,34,504,17136
2020032201001672,NICA,48,33,500,498,249000
2020032201001592,NICA,44,33,50,498,24900
2020032201001532,NICA,58,5,200,498,99600
2020032201001455,NICA,45,33,200,499,99800
2020032201001581,NICA,13,10,11,497,5467
2020032201001580,NICA,52,10,200,497,99400
2020032201001579,NICA,38,10,289,497,143633
2020032201001564,NICA,36,33,100,498,49800
2020032201001563,NICA,45,33,300,498,149400
2020032201001552,NICA,45,25,200,498,99600
2020032201001392,NICAP,59,8,34555,250,8638750
2020032201001673,NICL,34,42,10,341,3410
2020032201001626,NIL,50,59,10,485,4850
2020032201001399,NLG,45,29,15,535,8025
2020032201001840,NLIC,51,50,500,1029,514500
2020032201001796,NLIC,39,44,10,1035,10350
2020032201001795,NLIC,8,44,100,1035,103500
2020032201001794,NLIC,58,44,10,1036,10360
2020032201001754,NLIC,1,45,50,1049,52450
2020032201001694,NLIC,44,25,50,1056,52800
2020032201001426,NLIC,50,20,100,1029,102900
2020032201001495,NLIC,44,45,90,1034,93060
2020032201001494,NLIC,44,50,10,1033,10330
2020032201001465,NLIC,56,20,35,1038,36330
2020032201001458,NLIC,1,41,500,1030,515000
2020032201001428,NLIC,1,34,150,1021,153150
2020032201001427,NLIC,58,34,50,1022,51100
2020032201001643,NLIC,44,45,10,1025,10250
2020032201001642,NLIC,44,45,100,1025,102500
2020032201001639,NLIC,7,34,152,1030,156560
2020032201001637,NLIC,7,45,48,1030,49440
2020032201001628,NLIC,7,44,300,1030,309000
2020032201001618,NLIC,1,44,200,1030,206000
2020032201001681,NLIC,34,20,65,1038,67470
2020032201001680,NLIC,34,45,158,1030,162740
2020032201001664,NLIC,53,45,52,1030,53560
2020032201001650,NLIC,1,34,500,1033,516500
2020032201001645,NLIC,53,34,48,1030,49440
2020032201001644,NLIC,41,45,90,1024,92160
2020032201001693,NLIC,34,14,195,1050,204750
2020032201001690,NLIC,34,34,500,1050,525000
2020032201001685,NLIC,34,34,252,1050,264600
2020032201001684,NLIC,34,37,50,1049,52450
2020032201001683,NLIC,34,54,100,1039,103900
2020032201001682,NLIC,34,49,580,1039,602620
2020032201001881,NLICL,44,22,10,575,5750
2020032201001843,NLICL,28,45,300,570,171000
2020032201001842,NLICL,1,45,12,571,6852
2020032201001481,NLICL,41,49,270,567,153090
2020032201001480,NLICL,28,49,200,568,113600
2020032201001479,NLICL,53,49,200,568,113600
2020032201001478,NLICL,11,49,40,570,22800
2020032201001880,NMB,8,58,990,380,376200
2020032201001879,NMB,25,58,10,380,3800
2020032201001777,NMB,25,33,380,380,144400
2020032201001776,NMB,50,33,10,380,3800
2020032201001763,NMB,8,33,300,380,114000
2020032201001762,NMB,53,33,100,380,38000
2020032201001431,NMB,10,14,100,383,38300
2020032201001415,NMB,58,14,100,383,38300
2020032201001606,NMB,25,38,50,380,19000
2020032201001605,NMB,25,38,100,381,38100
2020032201001604,NMB,42,38,50,381,19050
2020032201001603,NMB,56,38,50,381,19050
2020032201001602,NMB,56,38,1000,382,382000
2020032201001537,NMB,44,10,500,383,191500
2020032201001612,NMB,49,38,951,380,361380
2020032201001611,NMB,48,38,285,380,108300
2020032201001610,NMB,8,38,50,380,19000
2020032201001609,NMB,29,38,64,380,24320
2020032201001608,NMB,36,38,200,380,76000
2020032201001607,NMB,49,38,200,380,76000
2020032201001761,NMB,6,33,210,380,79800
2020032201001717,NMB,6,33,790,380,300200
2020032201001716,NMB,42,33,120,380,45600
2020032201001715,NMB,6,33,41,380,15580
2020032201001714,NMB,49,33,49,380,18620
2020032201001677,NMB,51,58,1000,382,382000
2020032201001705,NMBMF,17,58,51,757,38607
2020032201001704,NMBMF,44,58,124,758,93992
2020032201001699,NMBMF,44,58,176,758,133408
2020032201001599,NMBMF,17,28,190,760,144400
2020032201001490,NMBMF,41,28,100,760,76000
2020032201001464,NMBMF,44,28,200,763,152600
2020032201001463,NMBMF,25,28,80,764,61120
2020032201001462,NMBMF,17,28,250,765,191250
2020032201001461,NMBMF,17,28,207,765,158355
2020032201001708,NSEWA,6,7,40,580,23200
2020032201001707,NSEWA,43,7,10,602,6020
2020032201001862,PCBL,49,49,6871,250,1717750
2020032201001861,PCBL,49,50,96,249,23904
2020032201001859,PCBL,42,50,20,249,4980
2020032201001849,PCBL,56,50,300,249,74700
2020032201001848,PCBL,13,50,1000,249,249000
2020032201001847,PCBL,50,50,20,249,4980
2020032201001410,PCBL,28,13,100,255,25500
2020032201001738,PCBL,36,13,200,254,50800
2020032201001737,PCBL,29,13,20,254,5080
2020032201001648,PCBL,34,49,382,258,98556
2020032201001452,PCBL,44,13,200,254,50800
2020032201001451,PCBL,41,13,100,255,25500
2020032201001411,PCBL,33,13,100,255,25500
2020032201001805,PCBL,56,49,26,253,6578
2020032201001804,PCBL,6,49,200,253,50600
2020032201001803,PCBL,39,49,100,253,25300
2020032201001802,PCBL,54,49,100,253,25300
2020032201001800,PCBL,34,13,200,254,50800
2020032201001799,PCBL,8,13,1000,254,254000
2020032201001811,PCBL,50,49,100,252,25200
2020032201001810,PCBL,17,49,30,252,7560
2020032201001809,PCBL,43,49,400,252,100800
2020032201001808,PCBL,44,49,100,253,25300
2020032201001807,PCBL,59,49,500,253,126500
2020032201001806,PCBL,37,49,200,253,50600
2020032201001817,PCBL,47,49,50,251,12550
2020032201001816,PCBL,22,49,100,251,25100
2020032201001815,PCBL,54,49,500,251,125500
2020032201001814,PCBL,41,49,150,252,37800
2020032201001813,PCBL,53,49,200,252,50400
2020032201001812,PCBL,6,49,300,252,75600
2020032201001823,PCBL,1,49,100,250,25000
2020032201001822,PCBL,1,49,1000,250,250000
2020032201001821,PCBL,54,49,30,250,7500
2020032201001820,PCBL,8,49,100,250,25000
2020032201001819,PCBL,34,49,100,250,25000
2020032201001818,PCBL,57,49,500,251,125500
2020032201001829,PCBL,11,49,200,250,50000
2020032201001828,PCBL,43,49,500,250,125000
2020032201001827,PCBL,41,49,200,250,50000
2020032201001826,PCBL,49,49,200,250,50000
2020032201001825,PCBL,16,49,50,250,12500
2020032201001824,PCBL,13,49,500,250,125000
2020032201001846,PCBL,10,50,100,249,24900
2020032201001845,PCBL,44,50,464,249,115536
2020032201001833,PCBL,36,49,500,250,125000
2020032201001832,PCBL,59,49,100,250,25000
2020032201001831,PCBL,6,49,42,250,10500
2020032201001830,PCBL,34,49,20,250,5000
2020032201001636,PFL,7,22,17,153,2601
2020032201001691,PICL,42,58,50,404,20200
2020032201001424,PICL,36,6,160,412,65920
2020032201001414,PLIC,52,10,30,499,14970
2020032201001409,PLIC,22,10,20,499,9980
2020032201001401,PLIC,22,10,50,499,24950
2020032201001723,PRVU,48,58,500,222,111000
2020032201001702,PRVU,6,58,500,222,111000
2020032201001679,PRVU,50,14,420,222,93240
2020032201001601,PRVU,41,14,50,222,11100
2020032201001574,PRVU,54,14,100,222,22200
2020032201001553,PRVU,44,14,10,222,2220
2020032201001440,PRVU,44,49,420,220,92400
2020032201001429,PRVU,22,49,1000,220,220000
2020032201001423,PRVU,41,49,550,220,121000
2020032201001767,RHPC,1,58,200,77,15400
2020032201001766,RHPC,34,58,200,77,15400
2020032201001765,RHPC,37,58,100,77,7700
2020032201001760,RHPC,45,58,300,78,23400
2020032201001447,RHPC,34,58,100,78,7800
2020032201001446,RHPC,34,58,100,78,7800
2020032201001445,RHPC,37,58,100,78,7800
2020032201001793,RHPL,28,56,50,151,7550
2020032201001779,RSDC,34,42,22,441,9702
2020032201001589,RSDC,7,42,14,441,6174
2020032201001856,SANIMA,44,8,110,318,34980
2020032201001855,SANIMA,8,8,90,318,28620
2020032201001788,SANIMA,6,6,500,319,159500
2020032201001758,SANIMA,8,1,10,318,3180
2020032201001757,SANIMA,8,1,100,318,31800
2020032201001632,SANIMA,48,6,500,320,160000
2020032201001540,SANIMA,45,6,500,318,159000
2020032201001443,SANIMA,22,6,180,318,57240
2020032201001442,SANIMA,7,6,50,318,15900
2020032201001441,SANIMA,56,6,50,319,15950
2020032201001597,SBL,34,50,1000,290,290000
2020032201001578,SBL,50,6,47,288,13536
2020032201001577,SBL,32,6,319,288,91872
2020032201001576,SBL,29,6,500,288,144000
2020032201001575,SBL,38,6,100,288,28800
2020032201001468,SBL,29,20,93,289,26877
2020032201001459,SBL,41,6,50,290,14500
2020032201001696,SCB,41,6,40,595,23800
2020032201001473,SCB,8,33,92,595,54740
2020032201001450,SCB,16,49,40,594,23760
2020032201001435,SCB,25,49,100,594,59400
2020032201001851,SHIVM,28,25,50,489,24450
2020032201001785,SHIVM,28,45,90,489,44010
2020032201001784,SHIVM,49,45,160,490,78400
2020032201001783,SHIVM,52,45,1000,491,491000
2020032201001774,SHIVM,49,57,100,490,49000
2020032201001726,SHIVM,17,49,100,496,49600
2020032201001689,SHIVM,45,53,500,493,246500
2020032201001688,SHIVM,44,53,50,495,24750
2020032201001417,SHIVM,41,42,100,497,49700
2020032201001400,SHIVM,34,42,100,497,49700
2020032201001484,SHL,17,22,100,166,16600
2020032201001641,SINDU,45,29,1000,125,125000
2020032201001558,SINDU,33,50,200,127,25400
2020032201001557,SINDU,33,50,300,127,38100
2020032201001556,SINDU,45,50,100,127,12700
2020032201001555,SINDU,40,50,12,127,1524
2020032201001433,SINDU,34,29,100,129,12900
2020032201001432,SINDU,6,29,40,130,5200
2020032201001770,SKBBL,22,57,116,975,113100
2020032201001759,SKBBL,53,57,50,975,48750
2020032201001748,SKBBL,51,57,146,975,142350
2020032201001659,SKBBL,51,50,394,975,384150
2020032201001654,SKBBL,51,50,460,975,448500
2020032201001653,SKBBL,50,50,10,976,9760
2020032201001652,SKBBL,14,50,20,982,19640
2020032201001651,SKBBL,33,50,10,982,9820
2020032201001889,SLICL,44,34,10,377,3770
2020032201001844,SLICL,16,16,70,370,25900
2020032201001839,SLICL,25,16,30,370,11100
2020032201001838,SLICL,4,16,50,370,18500
2020032201001837,SLICL,54,16,50,370,18500
2020032201001753,SLICL,54,34,50,370,18500
2020032201001600,SLICL,49,34,50,377,18850
2020032201001436,SLICL,38,38,400,376,150400
2020032201001406,SLICL,34,38,100,376,37600
2020032201001752,SLICL,7,34,100,370,37000
2020032201001751,SLICL,16,34,100,371,37100
2020032201001750,SLICL,45,34,10,371,3710
2020032201001749,SLICL,16,34,50,376,18800
2020032201001454,SRBL,52,50,150,235,35250
2020032201001850,UIC,6,22,40,303,12120
2020032201001539,UIC,52,25,100,301,30100
2020032201001394,UPCL,36,53,10,73,730
2020032201001526,UPPER,42,45,284,225,63900
2020032201001525,UPPER,50,45,20,225,4500
2020032201001524,UPPER,44,45,300,225,67500
2020032201001523,UPPER,25,45,50,225,11250
2020032201001522,UPPER,14,45,300,225,67500
2020032201001521,UPPER,45,45,500,225,112500
2020032201001520,UPPER,22,45,160,226,36160
2020032201001519,UPPER,57,45,286,227,64922
2020032201001518,UPPER,51,45,100,228,22800
2020032201001286,ADBL,59,50,500,364,182000
2020032201000968,AHPC,34,8,190,93,17670
2020032201001020,AKPL,29,49,99,112,11088
2020032201001374,ALBSL,22,4,10,588,5880
2020032201001221,ALBSL,8,33,38,588,22344
2020032201001220,ALBSL,45,33,10,588,5880
2020032201001133,ALBSL,45,33,40,588,23520
2020032201001132,ALBSL,57,33,100,588,58800
2020032201001131,ALBSL,42,33,10,588,5880
2020032201000897,ALBSL,42,33,10,599,5990
2020032201001105,ALBSL,8,33,50,589,29450
2020032201000908,ALBSL,14,33,100,588,58800
2020032201000907,ALBSL,39,33,12,588,7056
2020032201000906,ALBSL,41,33,20,588,11760
2020032201000905,ALBSL,20,33,10,588,5880
2020032201001317,ALICL,10,34,10,464,4640
2020032201000941,ALICL,57,33,91,455,41405
2020032201000933,ALICL,22,33,300,455,136500
2020032201000919,ALICL,22,50,280,455,127400
2020032201000901,ALICL,39,50,100,455,45500
2020032201000900,ALICL,14,50,100,455,45500
2020032201000899,ALICL,14,50,20,455,9100
2020032201001354,API,57,59,500,106,53000
2020032201000947,API,45,33,300,104,31200
2020032201001377,BOKL,34,13,100,214,21400
2020032201001373,BOKL,41,13,60,214,12840
2020032201001355,BOKL,59,13,300,214,64200
2020032201001348,BOKL,56,13,100,214,21400
2020032201001347,BOKL,56,13,100,214,21400
2020032201001346,BOKL,49,13,19,214,4066
2020032201000955,BOKL,8,34,100,214,21400
2020032201000954,BOKL,45,34,400,214,85600
2020032201000953,BOKL,29,34,550,215,118250
2020032201000951,BOKL,29,33,450,215,96750
2020032201001051,BOKL,59,13,200,214,42800
2020032201001050,BOKL,8,13,100,214,21400
2020032201001049,BOKL,33,13,100,214,21400
2020032201001048,BOKL,1,13,100,214,21400
2020032201001021,BOKL,1,14,200,218,43600
2020032201000956,BOKL,59,34,97,213,20661
2020032201001065,BOKL,16,13,100,213,21300
2020032201001064,BOKL,59,13,300,213,63900
2020032201001063,BOKL,41,13,40,213,8520
2020032201001062,BOKL,36,13,50,213,10650
2020032201001061,BOKL,59,13,203,213,43239
2020032201001052,BOKL,1,13,300,214,64200
2020032201001345,BOKL,56,13,100,214,21400
2020032201001344,BOKL,38,13,2000,214,428000
2020032201001323,BOKL,44,13,200,215,43000
2020032201001322,BOKL,6,13,50,215,10750
2020032201001217,BOKL,41,13,500,215,107500
2020032201001091,BOKL,59,13,300,213,63900
2020032201000940,BPCL,14,33,70,320,22400
2020032201000939,BPCL,29,33,500,320,160000
2020032201000938,BPCL,14,33,100,320,32000
2020032201000937,BPCL,22,33,160,320,51200
2020032201000936,BPCL,22,33,70,321,22470
2020032201000898,CBL,32,1,200,138,27600
2020032201000894,CCBL,14,25,50,159,7950
2020032201001236,CCBL,1,56,500,159,79500
2020032201001233,CCBL,22,56,500,160,80000
2020032201001263,CHCL,59,56,40,362,14480
2020032201001262,CHCL,34,56,10,363,3630
2020032201001244,CHCL,3,56,200,365,73000
2020032201001327,CIT,6,11,50,2460,123000
2020032201001157,CIT,6,49,100,2440,244000
2020032201001084,CIT,58,58,50,2440,122000
2020032201001031,CIT,22,28,69,2455,169395
2020032201000983,CIT,1,59,15,2421,36315
2020032201001387,CZBIL,44,56,36,180,6480
2020032201000928,CZBIL,51,28,42,180,7560
2020032201000927,CZBIL,13,28,100,180,18000
2020032201000926,CZBIL,6,28,100,180,18000
2020032201000923,CZBIL,49,32,150,182,27300
2020032201001289,EBL,52,50,200,613,122600
2020032201001285,EBL,52,50,200,613,122600
2020032201001243,EBL,16,50,50,613,30650
2020032201001185,EBL,33,50,50,613,30650
2020032201001155,EBL,56,45,500,613,306500
2020032201001154,EBL,56,45,500,614,307000
2020032201000924,EIC,7,45,50,334,16700
2020032201000958,FMDBL,50,32,90,420,37800
2020032201000957,FMDBL,41,32,10,422,4220
2020032201001316,GBBL,56,45,50,218,10900
2020032201001308,GBBL,56,29,20,218,4360
2020032201001250,GBBL,4,45,50,214,10700
2020032201001390,GBIME,6,54,900,250,225000
2020032201001358,GBIME,54,54,50,250,12500
2020032201001332,GBIME,56,54,50,250,12500
2020032201001306,GBIME,43,13,100,248,24800
2020032201001305,GBIME,49,13,100,248,24800
2020032201001304,GBIME,56,13,1000,248,248000
2020032201000893,GBIME,6,54,272,248,67456
2020032201000892,GBIME,8,54,2000,248,496000
2020032201001234,GBIME,58,54,100,250,25000
2020032201001231,GBIME,34,54,100,250,25000
2020032201001222,GBIME,17,54,100,250,25000
2020032201001018,GBIME,8,50,162,248,40176
2020032201001017,GBIME,42,50,10,248,2480
2020032201001016,GBIME,6,50,28,248,6944
2020032201001287,GBIME,38,54,105,250,26250
2020032201001282,GBIME,45,54,50,250,12500
2020032201001272,GBIME,6,54,150,250,37500
2020032201001258,GBIME,52,54,195,250,48750
2020032201001238,GBIME,52,49,105,250,26250
2020032201001237,GBIME,52,54,200,250,50000
2020032201001303,GBIME,59,13,200,248,49600
2020032201001302,GBIME,17,13,50,248,12400
2020032201001301,GBIME,8,13,38,248,9424
2020032201001300,GBIME,33,13,50,249,12450
2020032201001299,GBIME,6,13,500,249,124500
2020032201001298,GBIME,32,13,400,249,99600
2020032201001382,GBLBS,58,4,100,412,41200
2020032201001375,GBLBS,52,4,410,419,171790
2020032201001352,GBLBS,52,50,50,419,20950
2020032201001351,GBLBS,52,34,20,418,8360
2020032201001295,GBLBS,52,34,10,411,4110
2020032201001275,GBLBS,52,34,10,403,4030
2020032201000950,GBLBS,42,4,10,396,3960
2020032201000974,GLICL,56,59,50,406,20300
2020032201001083,GMFBS,17,17,10,755,7550
2020032201001388,HDL,53,58,150,1284,192600
2020032201001359,HDL,58,58,100,1284,128400
2020032201001336,HDL,58,50,200,1280,256000
2020032201001333,HDL,52,50,100,1280,128000
2020032201001330,HDL,58,50,300,1280,384000
2020032201001326,HDL,48,50,100,1280,128000
2020032201001047,HDL,52,58,100,1275,127500
2020032201001041,HDL,6,58,20,1276,25520
2020032201001027,HDL,13,45,10,1285,12850
2020032201000972,HDL,57,5,50,1275,63750
2020032201001325,HDL,52,50,100,1280,128000
2020032201001319,HDL,52,50,200,1280,256000
2020032201001210,HDL,44,50,1000,1276,1276000
2020032201001205,HDL,6,58,50,1284,64200
2020032201001071,HDL,44,58,280,1275,357000
2020032201001057,HDL,40,58,100,1275,127500
2020032201001183,HGI,4,49,30,329,9870
2020032201001178,HGI,4,49,18,329,5922
2020032201001177,HGI,22,49,50,329,16450
2020032201001176,HGI,40,49,12,329,3948
2020032201001175,HGI,1,49,20,329,6580
2020032201001153,HGI,14,34,10,330,3300
2020032201001385,HIDCL,57,49,50,130,6500
2020032201001384,HIDCL,57,5,40,130,5200
2020032201001279,HIDCL,50,5,60,130,7800
2020032201001187,HIDCL,11,58,200,126,25200
2020032201001056,HIDCL,14,32,50,126,6300
2020032201001055,HIDCL,7,32,200,126,25200
2020032201001054,HIDCL,25,32,50,126,6300
2020032201001223,ILBS,14,41,10,655,6550
2020032201000995,ILBS,14,33,20,655,13100
2020032201000988,ILBS,51,33,10,660,6600
2020032201001080,JBBL,29,34,200,167,33400
2020032201000949,JBBL,25,34,100,167,16700
2020032201001383,JSLBB,56,6,25,1893,47325
2020032201001376,JSLBB,45,6,10,1893,18930
2020032201001349,JSLBB,43,6,50,1893,94650
2020032201001321,JSLBB,29,17,10,1890,18900
2020032201001318,JSLBB,45,17,10,1890,18900
2020032201001315,JSLBB,29,17,10,1880,18800
2020032201001206,JSLBB,7,17,10,1875,18750
2020032201001036,JSLBB,29,32,76,1850,140600
2020032201001008,JSLBB,29,48,10,1850,18500
2020032201000997,JSLBB,1,48,40,1850,74000
2020032201000996,JSLBB,1,54,10,1850,18500
2020032201000966,JSLBB,1,33,40,1826,73040
2020032201001212,JSLBB,22,45,100,1890,189000
2020032201001209,JSLBB,7,47,50,1887,94350
2020032201001208,JSLBB,7,54,10,1887,18870
2020032201001207,JSLBB,7,33,16,1885,30160
2020032201001350,KBL,41,56,50,177,8850
2020032201001329,KBL,10,56,50,177,8850
2020032201001291,KBL,56,33,50,178,8900
2020032201001278,KBL,13,33,20,178,3560
2020032201001265,KBL,14,33,50,177,8850
2020032201001264,KBL,44,33,50,177,8850
2020032201001073,KBL,45,33,500,179,89500
2020032201001072,KBL,57,33,410,179,73390
2020032201001112,KBL,8,33,500,176,88000
2020032201001111,KBL,10,33,300,176,52800
2020032201001110,KBL,40,33,100,176,17600
2020032201001109,KBL,43,33,100,177,17700
2020032201001099,KBL,39,33,50,178,8900
2020032201001074,KBL,33,33,50,179,8950
2020032201001118,KBL,48,33,200,176,35200
2020032201001117,KBL,45,33,100,176,17600
2020032201001116,KBL,56,33,100,176,17600
2020032201001115,KBL,51,33,300,176,52800
2020032201001114,KBL,43,33,100,176,17600
2020032201001113,KBL,49,33,10,176,1760
2020032201001179,KMCDB,51,25,90,744,66960
2020032201000922,KMCDB,51,50,10,759,7590
2020032201000921,LBL,45,13,1000,201,201000
2020032201000920,LBL,40,13,12,201,2412
2020032201001335,LGIL,10,33,170,402,68340
2020032201001334,LGIL,10,36,50,401,20050
2020032201001029,LGIL,11,33,50,402,20100
2020032201001004,LGIL,8,33,10,402,4020
2020032201001150,LICN,57,57,11,1160,12760
2020032201001066,LICN,57,49,190,1160,220400
2020032201000986,LICN,57,57,10,1160,11600
2020032201001311,MEGA,32,34,500,200,100000
2020032201001167,MEGA,48,34,50,199,9950
2020032201001144,MEGA,6,34,200,199,39800
2020032201001108,MEGA,6,34,100,199,19900
2020032201001044,MEGA,39,57,30,198,5940
2020032201001043,MEGA,33,57,70,198,13860
2020032201000913,MEGA,34,50,20,198,3960
2020032201000912,MEGA,22,50,50,198,9900
2020032201000911,MEGA,59,50,500,198,99000
2020032201000910,MEGA,22,50,400,198,79200
2020032201001007,MEGA,33,32,30,198,5940
2020032201000992,MEGA,7,32,50,198,9900
2020032201000991,MEGA,57,32,20,198,3960
2020032201000969,MEGA,49,34,150,199,29850
2020032201000914,MEGA,57,50,30,198,5940
2020032201001006,MERO,34,41,10,560,5600
2020032201001003,MERO,34,29,10,550,5500
2020032201001276,MFIL,17,6,10,239,2390
2020032201001204,MFIL,37,14,200,246,49200
2020032201001203,MFIL,58,14,20,246,4920
2020032201001202,MFIL,34,14,10,246,2460
2020032201001039,MFIL,34,43,10,251,2510
2020032201001119,MNBBL,46,49,50,299,14950
2020032201001030,MNBBL,48,49,47,294,13818
2020032201001389,NABIL,52,32,20,715,14300
2020032201001386,NABIL,41,57,90,714,64260
2020032201001271,NABIL,17,32,50,714,35700
2020032201001149,NABIL,56,45,360,703,253080
2020032201001148,NABIL,56,45,490,704,344960
2020032201001147,NABIL,22,45,50,705,35250
2020032201000917,NABIL,42,33,10,700,7000
2020032201000916,NABIL,1,33,50,700,35000
2020032201000915,NABIL,59,33,50,700,35000
2020032201000903,NABIL,14,33,10,701,7010
2020032201000902,NABIL,36,33,30,701,21030
2020032201000895,NABIL,22,57,10,709,7090
2020032201001125,NABIL,38,32,100,705,70500
2020032201001095,NABIL,56,57,10,704,7040
2020032201000946,NABIL,14,33,42,700,29400
2020032201000945,NABIL,14,33,10,700,7000
2020032201000944,NABIL,48,33,150,700,105000
2020032201000918,NABIL,48,33,350,700,245000
2020032201001046,NBB,29,33,100,197,19700
2020032201001033,NBB,42,32,12,196,2352
2020032201000982,NBB,29,32,49,196,9604
2020032201001339,NBL,34,49,10,257,2570
2020032201001310,NBL,44,54,1000,255,255000
2020032201001146,NBL,38,54,180,253,45540
2020032201000965,NBL,13,54,500,253,126500
2020032201000964,NBL,48,54,200,253,50600
2020032201000963,NBL,42,54,20,253,5060
2020032201000962,NBL,14,54,50,253,12650
2020032201000961,NBL,14,54,50,254,12700
2020032201001320,NCCB,38,8,200,179,35800
2020032201001313,NCCB,13,8,30,179,5370
2020032201001281,NCCB,52,8,108,179,19332
2020032201001026,NCCB,36,10,150,176,26400
2020032201001025,NCCB,8,10,500,176,88000
2020032201001024,NCCB,22,10,200,176,35200
2020032201001023,NCCB,45,10,100,177,17700
2020032201001022,NCCB,11,10,50,178,8900
2020032201001013,NCCB,22,8,50,179,8950
2020032201000909,NCCB,1,8,100,179,17900
2020032201001010,NGPL,41,29,100,105,10500
2020032201001009,NGPL,22,29,50,105,5250
2020032201001284,NIB,11,33,86,370,31820
2020032201001283,NIB,57,33,20,370,7400
2020032201001166,NIB,17,45,60,372,22320
2020032201001165,NIB,42,45,10,372,3720
2020032201001164,NIB,56,45,50,372,18600
2020032201001163,NIB,35,45,100,372,37200
2020032201000929,NIB,22,33,30,375,11250
2020032201001162,NIB,34,45,200,373,74600
2020032201001161,NIB,8,45,100,373,37300
2020032201001160,NIB,59,45,100,373,37300
2020032201001159,NIB,54,45,500,374,187000
2020032201001152,NIB,59,58,300,375,112500
2020032201000930,NIB,42,33,50,375,18750
2020032201001127,NIBPO,59,58,50,330,16500
2020032201001089,NIBPO,59,58,10,336,3360
2020032201001002,NIBPO,58,4,10,342,3420
2020032201001356,NICA,39,6,42,501,21042
2020032201001338,NICA,38,17,11,497,5467
2020032201001337,NICA,33,17,89,497,44233
2020032201001270,NICA,34,38,650,496,322400
2020032201001269,NICA,14,38,15,496,7440
2020032201001268,NICA,34,38,335,497,166495
2020032201001251,NICA,59,49,100,501,50100
2020032201001134,NICA,56,5,500,498,249000
2020032201001257,NICA,34,49,165,497,82005
2020032201001256,NICA,56,49,500,497,248500
2020032201001255,NICA,48,49,20,498,9960
2020032201001254,NICA,56,49,15,498,7470
2020032201001253,NICA,29,49,100,498,49800
2020032201001252,NICA,33,49,100,500,50000
2020032201001331,NICL,14,4,50,335,16750
2020032201001100,NLBBL,25,36,49,661,32389
2020032201001353,NLIC,40,17,50,1019,50950
2020032201001307,NLIC,58,45,50,1019,50950
2020032201001296,NLIC,58,45,50,1019,50950
2020032201001290,NLIC,5,45,55,1019,56045
2020032201001288,NLIC,50,45,100,1019,101900
2020032201001280,NLIC,14,45,215,1019,219085
2020032201000978,NLIC,49,29,440,1003,441320
2020032201000977,NLIC,45,29,50,1003,50150
2020032201000976,NLIC,50,29,10,1004,10040
2020032201000975,NLIC,22,29,50,1004,50200
2020032201001069,NLIC,53,45,10,1017,10170
2020032201001067,NLIC,47,45,400,1010,404000
2020032201001060,NLIC,45,45,10,1019,10190
2020032201001059,NLIC,53,45,10,1019,10190
2020032201001028,NLIC,46,45,10,1019,10190
2020032201000979,NLIC,14,29,315,1002,315630
2020032201001097,NLIC,44,45,100,1006,100600
2020032201001096,NLIC,17,45,100,1006,100600
2020032201001079,NLIC,56,45,500,1006,503000
2020032201001078,NLIC,56,45,500,1006,503000
2020032201001077,NLIC,44,45,100,1007,100700
2020032201001070,NLIC,49,45,200,1011,202200
2020032201001211,NLIC,48,50,15,1016,15240
2020032201001181,NLIC,50,52,20,1013,20260
2020032201001130,NLIC,52,45,110,1005,110550
2020032201001129,NLIC,45,45,20,1006,20120
2020032201001128,NLIC,57,45,200,1006,201200
2020032201001104,NLIC,38,57,40,1005,40200
2020032201001260,NLIC,28,45,20,1017,20340
2020032201001259,NLIC,5,45,30,1017,30510
2020032201001245,NLIC,44,45,231,1016,234696
2020032201001232,NLIC,49,45,100,1013,101300
2020032201001219,NLIC,45,45,140,1017,142380
2020032201001213,NLIC,6,50,35,1016,35560
2020032201001151,NLICL,11,50,10,565,5650
2020032201001381,NMB,17,49,52,383,19916
2020032201001242,NMB,25,32,100,380,38000
2020032201001241,NMB,6,32,50,380,19000
2020032201001199,NMB,16,58,16,379,6064
2020032201001184,NMB,16,36,100,379,37900
2020032201001174,NMB,6,45,244,375,91500
2020032201001019,NMB,46,29,50,377,18850
2020032201001000,NMB,57,29,200,376,75200
2020032201000999,NMB,41,29,184,376,69184
2020032201000989,NMB,41,36,16,376,6016
2020032201001076,NMB,14,32,50,376,18800
2020032201001068,NMB,43,32,50,376,18800
2020032201001058,NMB,48,58,50,377,18850
2020032201001053,NMB,45,29,100,376,37600
2020032201001035,NMB,45,58,34,377,12818
2020032201001034,NMB,45,29,466,377,175682
2020032201001101,NMB,1,29,750,376,282000
2020032201001098,NMB,51,29,100,376,37600
2020032201001088,NMB,48,29,500,376,188000
2020032201001086,NMB,38,29,150,376,56400
2020032201001085,NMB,38,32,350,376,131600
2020032201001081,NMB,43,32,50,376,18800
2020032201001173,NMB,56,45,10,376,3760
2020032201001172,NMB,51,45,113,376,42488
2020032201001171,NMB,22,45,500,376,188000
2020032201001170,NMB,38,45,100,376,37600
2020032201001169,NMB,1,45,100,376,37600
2020032201001168,NMB,22,45,16,377,6032
2020032201001379,NMBMF,17,58,43,765,32895
2020032201001378,NMBMF,36,58,200,766,153200
2020032201001249,NMBMF,36,45,32,778,24896
2020032201001248,NMBMF,36,34,268,770,206360
2020032201001247,NMBMF,1,34,100,770,77000
2020032201001094,NMBMF,17,40,250,780,195000
2020032201000904,NMBMF,50,50,1,760,760
2020032201001093,NMBMF,17,28,300,778,233400
2020032201001092,NMBMF,17,42,10,775,7750
2020032201001038,NMBMF,22,28,151,760,114760
2020032201001037,NMBMF,1,28,10,765,7650
2020032201001011,NMBMF,50,50,1,760,760
2020032201000959,NMBMF,50,50,1,760,760
2020032201001090,NTC,25,25,35,623,21805
2020032201001273,OHL,28,34,500,339,169500
2020032201001261,PCBL,51,13,400,255,102000
2020032201001201,PCBL,8,13,50,253,12650
2020032201000971,PCBL,34,13,179,251,44929
2020032201000948,PCBL,59,13,100,250,25000
2020032201000943,PCBL,8,13,100,250,25000
2020032201001045,PIC,22,42,25,489,12225
2020032201001235,PICL,36,32,10,420,4200
2020032201000980,PICL,57,14,10,428,4280
2020032201000952,PICL,57,6,10,420,4200
2020032201000925,PICL,57,6,10,412,4120
2020032201001357,PLIC,43,10,230,499,114770
2020032201001343,PLIC,37,57,374,490,183260
2020032201001342,PLIC,28,57,500,491,245500
2020032201001341,PLIC,22,57,100,491,49100
2020032201001340,PLIC,28,57,20,492,9840
2020032201001328,PLIC,28,57,280,492,137760
2020032201001191,PLIC,45,57,20,497,9940
2020032201001190,PLIC,14,57,20,497,9940
2020032201001189,PLIC,49,57,50,497,24850
2020032201001188,PLIC,50,57,10,498,4980
2020032201001197,PLIC,14,57,200,490,98000
2020032201001196,PLIC,57,57,100,490,49000
2020032201001195,PLIC,59,57,100,490,49000
2020032201001194,PLIC,51,57,10,491,4910
2020032201001193,PLIC,45,57,10,495,4950
2020032201001192,PLIC,45,57,200,495,99000
2020032201001230,PRIN,45,34,100,350,35000
2020032201001229,PRIN,57,34,10,350,3500
2020032201001228,PRIN,54,34,50,350,17500
2020032201001227,PRIN,36,34,100,350,35000
2020032201001226,PRIN,40,34,50,350,17500
2020032201001225,PRIN,45,34,10,353,3530
2020032201001224,PRIN,45,34,10,353,3530
2020032201001158,PRIN,59,34,90,357,32130
2020032201000981,PRIN,59,51,10,357,3570
2020032201001380,PRVU,10,49,30,220,6600
2020032201001372,PRVU,56,49,100,220,22000
2020032201001371,PRVU,51,49,500,220,110000
2020032201001370,PRVU,10,49,1000,220,220000
2020032201001369,PRVU,6,49,100,220,22000
2020032201001368,PRVU,8,49,100,220,22000
2020032201001240,PRVU,41,50,100,223,22300
2020032201001239,PRVU,49,50,16,223,3568
2020032201000998,PRVU,22,25,25,224,5600
2020032201000932,PRVU,49,1,109,223,24307
2020032201000931,PRVU,42,1,16,225,3600
2020032201001361,PRVU,56,49,50,222,11100
2020032201001360,PRVU,34,49,100,222,22200
2020032201001324,PRVU,59,58,200,222,44400
2020032201001314,PRVU,29,50,100,223,22300
2020032201001277,PRVU,45,50,500,223,111500
2020032201001274,PRVU,10,50,50,223,11150
2020032201001367,PRVU,1,49,50,220,11000
2020032201001366,PRVU,1,49,300,220,66000
2020032201001365,PRVU,59,49,100,220,22000
2020032201001364,PRVU,45,49,1000,221,221000
2020032201001363,PRVU,45,49,500,221,110500
2020032201001362,PRVU,56,49,100,221,22100
2020032201001137,RHPC,37,58,50,79,3950
2020032201001136,RHPC,34,58,100,79,7900
2020032201001032,RHPC,37,49,200,80,16000
2020032201001216,RMDC,38,34,50,591,29550
2020032201001215,RMDC,1,34,100,591,59100
2020032201001214,RMDC,53,34,50,591,29550
2020032201000990,RSDC,22,56,100,442,44200
2020032201000987,RSDC,49,56,100,447,44700
2020032201001246,SABSL,36,34,11,709,7799
2020032201001082,SADBL,47,36,29,143,4147
2020032201001297,SBL,57,50,500,290,145000
2020032201001124,SBL,17,34,437,286,124982
2020032201001123,SBL,1,34,1000,286,286000
2020032201001122,SBL,33,34,50,286,14300
2020032201001121,SBL,56,34,100,286,28600
2020032201001120,SBL,7,34,50,287,14350
2020032201000970,SBL,25,50,1000,286,286000
2020032201000896,SBL,25,25,181,287,51947
2020032201001391,SCB,50,49,10,594,5940
2020032201001182,SCB,11,49,250,594,148500
2020032201001143,SCB,42,49,538,583,313654
2020032201001142,SCB,16,49,100,583,58300
2020032201001141,SCB,39,49,100,584,58400
2020032201001140,SCB,42,49,20,584,11680
2020032201000994,SCB,42,16,74,585,43290
2020032201000993,SCB,14,16,26,585,15210
2020032201001139,SCB,38,49,25,585,14625
2020032201001138,SCB,42,49,126,585,73710
2020032201001135,SCB,1,34,200,590,118000
2020032201001126,SCB,34,49,200,594,118800
2020032201001040,SCB,34,49,70,594,41580
2020032201001005,SCB,1,6,300,590,177000
2020032201001145,SHL,25,45,100,169,16900
2020032201001014,SHL,29,14,100,167,16700
2020032201000985,SHL,29,38,100,164,16400
2020032201000984,SHL,29,20,100,163,16300
2020032201001042,SHPC,37,58,200,198,39600
2020032201001198,SICL,36,17,10,846,8460
2020032201001312,SIL,6,53,40,460,18400
2020032201001001,SJCL,34,5,100,142,14200
2020032201001294,SKBBL,33,38,40,982,39280
2020032201001293,SKBBL,45,38,10,982,9820
2020032201001292,SKBBL,34,38,50,983,49150
2020032201001103,SKBBL,45,14,90,982,88380
2020032201001102,SKBBL,13,14,10,982,9820
2020032201000960,SKBBL,40,14,30,1002,30060
2020032201001267,SLBBL,6,34,20,760,15200
2020032201001266,SLBBL,45,34,20,760,15200
2020032201001180,SLBBL,6,8,30,775,23250
2020032201001156,SLBBL,6,8,40,775,31000
2020032201001107,SLBBL,6,49,30,775,23250
2020032201001015,SLICL,45,5,10,378,3780
2020032201000973,SLICL,41,34,200,385,77000
2020032201000942,SLICL,43,40,100,392,39200
2020032201000967,SMB,34,25,10,784,7840
2020032201000935,SMB,34,3,10,769,7690
2020032201000934,SMB,34,43,10,768,7680
2020032201001106,SRBL,17,49,100,231,23100
2020032201001075,SRBL,36,49,50,230,11500
2020032201001087,STC,1,52,10,2392,23920
2020032201001309,TRH,48,34,200,206,41200
2020032201001012,TRH,1,4,300,205,61500
2020032201001218,UPPER,57,8,100,227,22700
2020032201001200,UPPER,57,8,124,227,28148
2020032201001186,UPPER,13,8,76,228,17328
2020032201000559,ADBL,42,6,100,369,36900
2020032201000558,ADBL,14,6,70,369,25830
2020032201000502,ADBL,41,49,25,373,9325
2020032201000619,ALBSL,47,33,100,599,59900
2020032201000618,ALBSL,14,33,100,599,59900
2020032201000708,ALICL,57,34,95,460,43700
2020032201000684,ALICL,38,34,40,460,18400
2020032201000583,ALICL,40,50,200,460,92000
2020032201000582,ALICL,45,50,200,460,92000
2020032201000823,API,22,59,1000,105,105000
2020032201000883,BOKL,36,33,50,215,10750
2020032201000795,BOKL,41,33,100,215,21500
2020032201000794,BOKL,22,33,300,215,64500
2020032201000793,BOKL,13,33,100,215,21500
2020032201000466,BOKL,59,5,150,215,32250
2020032201000682,CBBL,8,13,100,936,93600
2020032201000627,CBBL,36,13,50,937,46850
2020032201000626,CBBL,57,13,80,937,74960
2020032201000593,CBBL,57,32,20,937,18740
2020032201000882,CBL,32,13,186,138,25668
2020032201000890,CCBL,14,25,30,159,4770
2020032201000879,CCBL,56,25,170,159,27030
2020032201000878,CCBL,56,29,80,159,12720
2020032201000840,CCBL,14,29,20,159,3180
2020032201000683,CCBL,59,36,51,159,8109
2020032201000494,CCBL,47,14,200,162,32400
2020032201000485,CCBL,14,14,163,163,26569
2020032201000886,CHCL,14,28,100,358,35800
2020032201000885,CHCL,43,28,100,359,35900
2020032201000744,CHCL,1,37,100,365,36500
2020032201000743,CHCL,13,37,10,365,3650
2020032201000742,CHCL,59,37,150,365,54750
2020032201000632,CHCL,13,56,10,372,3720
2020032201000631,CHCL,53,56,10,372,3720
2020032201000624,CHCL,59,25,16,378,6048
2020032201000738,CIT,45,58,100,2463,246300
2020032201000798,CZBIL,41,32,100,182,18200
2020032201000797,CZBIL,25,32,199,182,36218
2020032201000728,CZBIL,25,1,113,182,20566
2020032201000649,CZBIL,25,36,100,182,18200
2020032201000553,CZBIL,25,50,588,182,107016
2020032201000552,CZBIL,56,50,100,182,18200
2020032201000551,CZBIL,56,50,100,182,18200
2020032201000550,CZBIL,40,50,12,182,2184
2020032201000549,CZBIL,6,50,200,183,36600
2020032201000872,DDBL,1,40,20,745,14900
2020032201000694,DDBL,20,40,10,745,7450
2020032201000693,DDBL,14,40,10,745,7450
2020032201000692,DDBL,1,40,10,750,7500
2020032201000830,EBL,40,14,26,606,15756
2020032201000829,EBL,50,14,10,606,6060
2020032201000828,EBL,44,14,100,606,60600
2020032201000827,EBL,42,14,10,608,6080
2020032201000737,EBL,57,34,200,615,123000
2020032201000607,EBL,40,50,25,618,15450
2020032201000591,EBL,1,50,15,618,9270
2020032201000590,EBL,59,50,200,618,123600
2020032201000589,EBL,4,50,10,618,6180
2020032201000588,EBL,53,50,100,618,61800
2020032201000587,EBL,56,50,50,618,30900
2020032201000586,EBL,59,50,100,618,61800
2020032201000580,EIC,42,25,100,340,34000
2020032201000473,EIC,7,49,145,334,48430
2020032201000472,EIC,6,49,200,334,66800
2020032201000471,EIC,22,49,35,334,11690
2020032201000804,FMDBL,40,58,100,422,42200
2020032201000803,FMDBL,56,58,100,422,42200
2020032201000802,FMDBL,56,58,150,423,63450
2020032201000801,FMDBL,34,58,50,424,21200
2020032201000584,FMDBL,41,50,500,430,215000
2020032201000521,FOWAD,36,45,500,1380,690000
2020032201000520,FOWAD,40,45,100,1380,138000
2020032201000519,FOWAD,56,45,30,1385,41550
2020032201000518,FOWAD,41,45,25,1407,35175
2020032201000833,GBBL,14,29,30,218,6540
2020032201000891,GBIME,49,54,150,248,37200
2020032201000839,GBIME,42,29,10,252,2520
2020032201000767,GBIME,7,32,100,252,25200
2020032201000698,GBIME,49,6,50,248,12400
2020032201000697,GBIME,42,6,50,249,12450
2020032201000409,GBIME,53,54,10,250,2500
2020032201000396,GBIME,56,54,100,255,25500
2020032201000402,GBIME,34,54,82,252,20664
2020032201000401,GBIME,11,54,200,252,50400
2020032201000400,GBIME,22,54,50,252,12600
2020032201000399,GBIME,8,54,200,252,50400
2020032201000398,GBIME,59,54,100,252,25200
2020032201000397,GBIME,11,54,136,255,34680
2020032201000408,GBIME,4,54,100,250,25000
2020032201000407,GBIME,53,54,100,250,25000
2020032201000406,GBIME,10,54,100,250,25000
2020032201000405,GBIME,42,54,200,251,50200
2020032201000404,GBIME,57,54,100,251,25100
2020032201000403,GBIME,22,54,100,251,25100
2020032201000806,GBLBS,25,4,20,403,8060
2020032201000602,GBLBS,1,4,20,411,8220
2020032201000600,GBLBS,57,4,100,414,41400
2020032201000599,GBLBS,41,4,10,414,4140
2020032201000644,GFCL,22,59,50,136,6800
2020032201000625,GLICL,45,50,10,407,4070
2020032201000598,HBL,11,59,120,500,60000
2020032201000597,HBL,34,59,20,500,10000
2020032201000596,HBL,8,59,60,500,30000
2020032201000831,HDL,44,57,360,1275,459000
2020032201000821,HDL,48,57,300,1275,382500
2020032201000820,HDL,51,57,20,1276,25520
2020032201000819,HDL,49,57,100,1277,127700
2020032201000688,HDL,17,58,100,1300,130000
2020032201000675,HDL,36,57,500,1275,637500
2020032201000540,HDL,8,45,20,1301,26020
2020032201000658,HDL,1,57,10,1278,12780
2020032201000657,HDL,28,57,50,1279,63950
2020032201000656,HDL,1,57,30,1280,38400
2020032201000655,HDL,49,57,100,1282,128200
2020032201000651,HDL,1,45,100,1285,128500
2020032201000650,HDL,57,45,100,1286,128600
2020032201000664,HDL,45,57,10,1276,12760
2020032201000663,HDL,45,57,40,1276,51040
2020032201000662,HDL,10,57,100,1276,127600
2020032201000661,HDL,11,57,10,1276,12760
2020032201000660,HDL,45,57,50,1276,63800
2020032201000659,HDL,22,57,115,1278,146970
2020032201000674,HDL,57,57,100,1275,127500
2020032201000673,HDL,17,57,50,1275,63750
2020032201000672,HDL,57,57,30,1275,38250
2020032201000667,HDL,34,57,10,1276,12760
2020032201000666,HDL,57,57,50,1276,63800
2020032201000665,HDL,57,57,100,1276,127600
2020032201000680,HIDCL,8,14,500,128,64000
2020032201000433,ICFC,13,14,50,169,8450
2020032201000432,ICFC,34,14,10,169,1690
2020032201000431,ICFC,38,14,50,169,8450
2020032201000712,ILBS,51,47,10,667,6670
2020032201000718,JSLBB,6,26,32,1863,59616
2020032201000696,JSLBB,56,49,25,1856,46400
2020032201000671,JSLBB,1,48,50,1827,91350
2020032201000653,JSLBB,56,47,40,1820,72800
2020032201000548,JSLBB,41,47,10,1820,18200
2020032201000766,KBL,57,1,90,179,16110
2020032201000765,KBL,10,1,100,179,17900
2020032201000764,KBL,41,1,50,179,8950
2020032201000763,KBL,45,1,100,179,17900
2020032201000762,KBL,41,1,100,179,17900
2020032201000475,KBL,49,14,100,182,18200
2020032201000450,KBL,34,14,50,182,9100
2020032201000449,KBL,10,14,100,182,18200
2020032201000448,KBL,56,14,100,183,18300
2020032201000447,KBL,42,14,15,184,2760
2020032201000581,KMCDB,49,49,168,745,125160
2020032201000420,KMCDB,51,59,10,760,7600
2020032201000741,KSBBL,40,50,100,155,15500
2020032201000835,LBL,59,49,70,205,14350
2020032201000832,LBL,59,25,30,205,6150
2020032201000678,LGIL,42,36,10,410,4100
2020032201000501,LGIL,42,36,50,402,20100
2020032201000393,LICN,47,57,66,1180,77880
2020032201000495,MBL,22,5,50,218,10900
2020032201000491,MBL,8,5,100,219,21900
2020032201000889,MEGA,22,25,100,198,19800
2020032201000888,MEGA,1,25,100,198,19800
2020032201000881,MEGA,11,25,200,200,40000
2020032201000880,MEGA,59,25,100,200,20000
2020032201000826,MEGA,59,17,500,200,100000
2020032201000786,MEGA,59,32,400,200,80000
2020032201000719,MEGA,8,25,200,201,40200
2020032201000629,MEGA,22,50,100,202,20200
2020032201000484,MEGA,8,51,100,203,20300
2020032201000799,MNBBL,38,39,50,291,14550
2020032201000736,MNBBL,34,49,100,294,29400
2020032201000735,MNBBL,14,49,500,294,147000
2020032201000734,MNBBL,34,49,100,294,29400
2020032201000733,MNBBL,14,49,33,294,9702
2020032201000732,MNBBL,56,49,200,294,58800
2020032201000717,MNBBL,10,39,100,298,29800
2020032201000711,MNBBL,34,49,200,299,59800
2020032201000710,MNBBL,14,49,100,299,29900
2020032201000492,MNBBL,14,45,100,299,29900
2020032201000731,MNBBL,10,49,100,294,29400
2020032201000730,MNBBL,25,49,100,294,29400
2020032201000729,MNBBL,14,49,20,294,5880
2020032201000727,MNBBL,43,39,100,295,29500
2020032201000726,MNBBL,42,39,110,295,32450
2020032201000725,MNBBL,56,39,100,297,29700
2020032201000841,NABIL,36,29,20,701,14020
2020032201000838,NABIL,36,28,150,701,105150
2020032201000837,NABIL,59,28,200,701,140200
2020032201000836,NABIL,22,28,50,701,35050
2020032201000834,NABIL,56,28,100,702,70200
2020032201000789,NABIL,49,33,100,702,70200
2020032201000421,NABIL,56,50,90,729,65610
2020032201000427,NABIL,22,50,20,718,14360
2020032201000426,NABIL,22,50,200,718,143600
2020032201000425,NABIL,22,50,200,718,143600
2020032201000424,NABIL,32,50,500,719,359500
2020032201000423,NABIL,6,50,50,719,35950
2020032201000422,NABIL,36,50,400,720,288000
2020032201000467,NABIL,59,50,20,716,14320
2020032201000465,NABIL,56,41,50,716,35800
2020032201000464,NABIL,56,41,40,716,28640
2020032201000430,NABIL,36,50,500,717,358500
2020032201000429,NABIL,1,50,75,717,53775
2020032201000428,NABIL,34,50,100,718,71800
2020032201000478,NABIL,22,50,10,706,7060
2020032201000477,NABIL,40,50,100,706,70600
2020032201000476,NABIL,34,50,10,706,7060
2020032201000470,NABIL,42,50,10,715,7150
2020032201000469,NABIL,22,50,10,715,7150
2020032201000468,NABIL,22,50,10,716,7160
2020032201000517,NABIL,8,33,600,704,422400
2020032201000483,NABIL,8,50,374,704,263296
2020032201000482,NABIL,14,50,161,705,113505
2020032201000481,NABIL,59,50,100,705,70500
2020032201000480,NABIL,11,50,50,705,35250
2020032201000479,NABIL,22,50,10,705,7050
2020032201000635,NABIL,32,50,50,703,35150
2020032201000617,NABIL,56,50,100,703,70300
2020032201000616,NABIL,1,50,15,703,10545
2020032201000610,NABIL,32,50,200,704,140800
2020032201000609,NABIL,13,50,20,704,14080
2020032201000608,NABIL,11,50,50,704,35200
2020032201000788,NABIL,41,33,90,702,63180
2020032201000787,NABIL,22,33,10,702,7020
2020032201000757,NABIL,22,33,190,702,133380
2020032201000756,NABIL,56,33,10,702,7020
2020032201000681,NABIL,10,45,95,702,66690
2020032201000677,NABIL,36,45,1000,703,703000
2020032201000843,NBB,29,29,100,196,19600
2020032201000720,NBB,29,36,51,196,9996
2020032201000614,NBB,45,49,500,196,98000
2020032201000547,NBL,14,54,950,253,240350
2020032201000546,NBL,57,54,200,253,50600
2020032201000545,NBL,10,54,100,253,25300
2020032201000544,NBL,34,54,200,254,50800
2020032201000543,NBL,45,54,150,255,38250
2020032201000542,NBL,56,54,300,256,76800
2020032201000541,NBL,56,54,100,257,25700
2020032201000818,NCCB,1,8,414,181,74934
2020032201000796,NCCB,22,8,50,181,9050
2020032201000785,NCCB,8,8,200,181,36200
2020032201000784,NCCB,11,8,200,181,36200
2020032201000783,NCCB,22,8,100,181,18100
2020032201000782,NCCB,59,8,36,182,6552
2020032201000639,NHPC,49,14,150,51,7650
2020032201000805,NIB,42,33,20,380,7600
2020032201000792,NICA,36,32,100,500,50000
2020032201000791,NICA,36,49,190,500,95000
2020032201000790,NICA,17,49,50,500,25000
2020032201000687,NICA,10,49,260,500,130000
2020032201000686,NICA,10,14,40,499,19960
2020032201000685,NICA,10,37,200,498,99600
2020032201000679,NICA,17,42,51,495,25245
2020032201000670,NICA,44,33,350,488,170800
2020032201000648,NICA,54,33,50,489,24450
2020032201000647,NICA,36,33,100,489,48900
2020032201000585,NICA,44,50,728,490,356720
2020032201000704,NICL,44,50,1000,329,329000
2020032201000703,NICL,57,50,50,329,16450
2020032201000702,NICL,45,50,50,330,16500
2020032201000701,NICL,14,50,50,331,16550
2020032201000700,NICL,22,50,100,331,33100
2020032201000699,NICL,45,50,50,332,16600
2020032201000556,NICL,22,49,200,335,67000
2020032201000555,NICL,7,49,300,336,100800
2020032201000554,NICL,56,49,168,336,56448
2020032201000634,NICL,57,49,292,335,97820
2020032201000557,NICL,56,49,40,335,13400
2020032201000474,NIL,45,37,30,494,14820
2020032201000847,NLIC,57,45,100,1000,100000
2020032201000846,NLIC,45,45,20,1000,20000
2020032201000845,NLIC,36,45,500,1000,500000
2020032201000844,NLIC,22,45,50,1001,50050
2020032201000825,NLIC,14,29,250,1000,250000
2020032201000824,NLIC,54,29,100,1001,100100
2020032201000411,NLIC,45,50,10,1020,10200
2020032201000410,NLIC,54,50,200,1020,204000
2020032201000417,NLIC,8,50,190,1015,192850
2020032201000416,NLIC,34,50,10,1017,10170
2020032201000415,NLIC,25,50,30,1018,30540
2020032201000414,NLIC,25,50,170,1018,173060
2020032201000413,NLIC,59,50,10,1018,10180
2020032201000412,NLIC,1,50,10,1018,10180
2020032201000507,NLIC,5,33,50,1004,50200
2020032201000506,NLIC,22,33,100,1015,101500
2020032201000505,NLIC,45,33,10,1015,10150
2020032201000504,NLIC,8,33,10,1015,10150
2020032201000503,NLIC,34,33,10,1016,10160
2020032201000490,NLIC,22,29,50,1020,51000
2020032201000513,NLIC,44,33,2000,1001,2002000
2020032201000512,NLIC,56,33,300,1002,300600
2020032201000511,NLIC,51,33,20,1002,20040
2020032201000510,NLIC,20,33,100,1002,100200
2020032201000509,NLIC,59,33,200,1003,200600
2020032201000508,NLIC,25,33,100,1004,100400
2020032201000571,NLIC,8,29,75,1000,75000
2020032201000567,NLIC,8,29,125,1000,125000
2020032201000566,NLIC,53,29,25,1000,25000
2020032201000565,NLIC,6,29,50,1000,50000
2020032201000564,NLIC,8,29,100,1000,100000
2020032201000514,NLIC,8,33,200,1000,200000
2020032201000654,NLIC,10,29,75,1020,76500
2020032201000638,NLIC,10,41,80,1018,81440
2020032201000579,NLIC,8,45,200,999,199800
2020032201000578,NLIC,6,45,10,999,9990
2020032201000577,NLIC,40,45,200,999,199800
2020032201000576,NLIC,32,45,100,999,99900
2020032201000748,NLIC,49,45,115,1005,115575
2020032201000747,NLIC,5,45,20,1005,20100
2020032201000746,NLIC,49,45,50,1010,50500
2020032201000745,NLIC,53,45,15,1010,15150
2020032201000722,NLIC,1,50,100,1021,102100
2020032201000695,NLIC,17,45,300,1020,306000
2020032201000770,NLIC,57,45,20,1000,20000
2020032201000769,NLIC,50,45,200,1001,200200
2020032201000768,NLIC,14,45,50,1001,50050
2020032201000754,NLIC,1,45,15,1001,15015
2020032201000753,NLIC,49,45,300,1001,300300
2020032201000752,NLIC,49,45,85,1005,85425
2020032201000776,NLIC,38,45,20,1000,20000
2020032201000775,NLIC,17,45,150,1000,150000
2020032201000774,NLIC,56,45,100,1000,100000
2020032201000773,NLIC,29,45,100,1000,100000
2020032201000772,NLIC,54,45,200,1000,200000
2020032201000771,NLIC,14,45,50,1000,50000
2020032201000810,NLIC,42,29,200,1001,200200
2020032201000809,NLIC,42,29,300,1001,300300
2020032201000808,NLIC,33,29,20,1001,20020
2020032201000807,NLIC,49,29,30,1002,30060
2020032201000778,NLIC,10,45,335,1000,335000
2020032201000777,NLIC,38,45,100,1000,100000
2020032201000817,NLIC,45,34,25,1000,25000
2020032201000816,NLIC,1,34,25,1000,25000
2020032201000814,NLIC,1,29,10,1000,10000
2020032201000813,NLIC,34,29,10,1000,10000
2020032201000812,NLIC,10,29,165,1000,165000
2020032201000811,NLIC,53,29,50,1001,50050
2020032201000800,NLICL,32,50,20,575,11500
2020032201000779,NLICL,59,49,200,576,115200
2020032201000707,NLICL,32,50,20,579,11580
2020032201000460,NLICL,45,49,20,590,11800
2020032201000877,NMB,6,33,612,375,229500
2020032201000876,NMB,59,33,50,375,18750
2020032201000875,NMB,1,33,100,375,37500
2020032201000874,NMB,50,33,238,376,89488
2020032201000873,NMB,50,29,50,376,18800
2020032201000871,NMB,50,33,12,376,4512
2020032201000419,NMB,13,49,500,383,191500
2020032201000392,NMB,6,50,140,380,53200
2020032201000456,NMB,6,33,460,378,173880
2020032201000455,NMB,32,33,500,378,189000
2020032201000454,NMB,56,33,100,378,37800
2020032201000453,NMB,35,33,10,379,3790
2020032201000452,NMB,17,33,20,379,7580
2020032201000451,NMB,59,33,100,379,37900
2020032201000622,NMB,6,49,300,377,113100
2020032201000621,NMB,49,49,50,377,18850
2020032201000620,NMB,10,49,250,377,94250
2020032201000459,NMB,10,33,1750,377,659750
2020032201000458,NMB,53,33,10,377,3770
2020032201000457,NMB,17,33,50,377,18850
2020032201000870,NMB,22,33,100,377,37700
2020032201000755,NMB,43,34,90,377,33930
2020032201000705,NMB,8,34,10,378,3780
2020032201000676,NMB,17,33,300,380,114000
2020032201000628,NMB,32,50,300,377,113100
2020032201000623,NMB,6,50,700,377,263900
2020032201000740,NMBMF,33,14,100,769,76900
2020032201000739,NMBMF,17,14,50,770,38500
2020032201000724,NMBMF,33,14,48,771,37008
2020032201000723,NMBMF,33,14,52,771,40092
2020032201000613,NMBMF,17,41,200,770,154000
2020032201000758,NTC,34,34,10,622,6220
2020032201000418,NTC,59,5,200,610,122000
2020032201000866,PCBL,44,13,4536,249,1129464
2020032201000865,PCBL,14,13,50,249,12450
2020032201000864,PCBL,1,13,20,249,4980
2020032201000863,PCBL,56,13,300,249,74700
2020032201000862,PCBL,56,13,500,249,124500
2020032201000861,PCBL,59,13,300,250,75000
2020032201000522,PCBL,49,13,172,256,44032
2020032201000528,PCBL,43,13,50,255,12750
2020032201000527,PCBL,42,13,10,255,2550
2020032201000526,PCBL,59,13,300,255,76500
2020032201000525,PCBL,36,13,50,255,12750
2020032201000524,PCBL,25,13,200,255,51000
2020032201000523,PCBL,49,13,113,256,28928
2020032201000534,PCBL,41,13,50,254,12700
2020032201000533,PCBL,25,13,1000,254,254000
2020032201000532,PCBL,1,13,20,254,5080
2020032201000531,PCBL,36,13,100,254,25400
2020032201000530,PCBL,36,13,50,254,12700
2020032201000529,PCBL,59,13,300,254,76200
2020032201000848,PCBL,42,13,370,253,93610
2020032201000539,PCBL,40,13,200,254,50800
2020032201000538,PCBL,53,13,10,254,2540
2020032201000537,PCBL,36,13,50,254,12700
2020032201000536,PCBL,59,13,500,254,127000
2020032201000535,PCBL,10,13,100,254,25400
2020032201000854,PCBL,59,13,300,251,75300
2020032201000853,PCBL,42,13,30,251,7530
2020032201000852,PCBL,14,13,100,251,25100
2020032201000851,PCBL,50,13,500,252,126000
2020032201000850,PCBL,42,13,30,252,7560
2020032201000849,PCBL,36,13,100,252,25200
2020032201000860,PCBL,53,13,100,250,25000
2020032201000859,PCBL,25,13,50,250,12500
2020032201000858,PCBL,25,13,1000,250,250000
2020032201000857,PCBL,43,13,50,250,12500
2020032201000856,PCBL,36,13,50,250,12500
2020032201000855,PCBL,49,13,194,251,48694
2020032201000868,PICL,57,6,10,404,4040
2020032201000646,PICL,57,6,10,397,3970
2020032201000760,PRVU,25,36,499,222,110778
2020032201000759,PRVU,22,36,150,222,33300
2020032201000751,PRVU,22,32,450,222,99900
2020032201000750,PRVU,56,32,30,222,6660
2020032201000749,PRVU,38,32,20,222,4440
2020032201000640,PRVU,25,49,500,226,113000
2020032201000637,PRVU,34,50,500,226,113000
2020032201000630,PRVU,25,45,10,230,2300
2020032201000709,RBCLPO,42,29,10,7447,74470
2020032201000652,RBCLPO,59,29,10,7301,73010
2020032201000716,RHPL,17,17,170,154,26180
2020032201000715,RHPL,17,5,30,153,4590
2020032201000570,RMDC,59,49,200,603,120600
2020032201000569,RMDC,25,49,100,604,60400
2020032201000568,RMDC,1,49,100,605,60500
2020032201000615,RSDC,56,26,10,456,4560
2020032201000493,RSDC,56,26,10,448,4480
2020032201000869,SADBL,47,29,50,143,7150
2020032201000867,SANIMA,22,29,20,320,6400
2020032201000713,SANIMA,22,45,100,320,32000
2020032201000822,SBI,42,7,10,420,4200
2020032201000592,SBI,22,45,100,412,41200
2020032201000643,SBL,10,25,100,287,28700
2020032201000642,SBL,56,25,30,287,8610
2020032201000641,SBL,38,25,20,287,5740
2020032201000463,SBL,8,50,500,288,144000
2020032201000461,SBL,8,5,500,288,144000
2020032201000842,SCB,14,33,74,585,43290
2020032201000689,SCB,36,33,20,585,11700
2020032201000601,SCB,22,49,276,584,161184
2020032201000446,SCB,51,49,50,584,29200
2020032201000445,SCB,45,49,50,584,29200
2020032201000444,SCB,14,49,584,584,341056
2020032201000437,SCB,22,49,20,590,11800
2020032201000436,SCB,41,49,20,591,11820
2020032201000443,SCB,42,49,10,584,5840
2020032201000442,SCB,49,49,40,584,23360
2020032201000441,SCB,48,49,50,584,29200
2020032201000440,SCB,53,49,100,584,58400
2020032201000439,SCB,22,49,100,584,58400
2020032201000438,SCB,56,49,200,590,118000
2020032201000500,SHINE,7,4,500,255,127500
2020032201000499,SHINE,34,4,700,255,178500
2020032201000498,SHINE,22,4,50,255,12750
2020032201000497,SHINE,8,4,20,255,5100
2020032201000496,SHINE,14,4,500,256,128000
2020032201000887,SHIVM,22,7,50,490,24500
2020032201000645,SHIVM,43,13,50,485,24250
2020032201000462,SHIVM,22,51,50,488,24400
2020032201000815,SHL,22,20,100,161,16100
2020032201000781,SHPC,10,34,200,198,39600
2020032201000780,SHPC,17,34,200,200,40000
2020032201000489,SICL,41,50,170,830,141100
2020032201000488,SICL,11,50,50,830,41500
2020032201000487,SICL,59,50,10,831,8310
2020032201000486,SICL,49,50,20,832,16640
2020032201000516,SIFC,47,14,200,141,28200
2020032201000515,SIFC,59,14,300,141,42300
2020032201000690,SINDU,59,43,10,131,1310
2020032201000721,SKBBL,45,49,150,1003,150450
2020032201000595,SLBBL,45,13,180,760,136800
2020032201000594,SLBBL,33,13,20,761,15220
2020032201000884,SRBL,25,50,950,231,219450
2020032201000761,SRBL,6,50,50,231,11550
2020032201000714,SRBL,6,7,50,231,11550
2020032201000575,SRBL,25,50,1000,232,232000
2020032201000574,SRBL,14,50,100,232,23200
2020032201000573,SRBL,13,50,500,233,116500
2020032201000572,SRBL,8,50,100,233,23300
2020032201000395,SRBL,25,50,1000,236,236000
2020032201000394,SRBL,14,50,88,236,20768
2020032201000691,STC,34,7,50,2393,119650
2020032201000706,TRH,17,4,200,205,41000
2020032201000633,TRH,22,4,300,203,60900
2020032201000563,TRH,8,4,100,202,20200
2020032201000562,TRH,25,4,50,202,10100
2020032201000561,TRH,22,4,25,202,5050
2020032201000560,TRH,43,4,100,203,20300
2020032201000612,UIC,22,50,50,301,15050
2020032201000611,UIC,10,50,100,301,30100
2020032201000606,UIC,14,50,51,303,15453
2020032201000605,UIC,36,50,50,307,15350
2020032201000604,UIC,32,50,10,307,3070
2020032201000603,UIC,45,50,10,307,3070
2020032201000669,UPPER,22,34,40,226,9040
2020032201000668,UPPER,11,34,10,226,2260
2020032201000636,UPPER,11,22,10,226,2260
2020032201000435,UPPER,32,14,400,230,92000
2020032201000434,UPPER,37,14,10,230,2300
2020032201000159,ADBL,14,47,30,376,11280
2020032201000147,ADBL,14,59,10,376,3760
2020032201000118,ADBL,34,59,10,369,3690
2020032201000055,ADBL,53,37,150,362,54300
2020032201000037,ADBL,43,37,50,369,18450
2020032201000140,AKPL,56,14,11,111,1221
2020032201000145,ALBSL,59,14,200,611,122200
2020032201000144,ALBSL,1,14,10,612,6120
2020032201000135,ALBSL,32,32,1,623,623
2020032201000370,ALICL,38,59,100,469,46900
2020032201000293,ALICL,59,57,320,476,152320
2020032201000292,ALICL,59,6,300,477,143100
2020032201000271,ALICL,59,34,300,480,144000
2020032201000121,ALICL,22,11,10,485,4850
2020032201000063,ALICL,59,11,180,476,85680
2020032201000062,ALICL,4,11,10,476,4760
2020032201000034,ALICL,53,11,10,485,4850
2020032201000024,ALICL,44,56,360,494,177840
2020032201000200,API,53,22,10,106,1060
2020032201000362,BOKL,11,13,100,218,21800
2020032201000361,BOKL,59,13,300,218,65400
2020032201000360,BOKL,25,13,100,218,21800
2020032201000359,BOKL,59,13,300,219,65700
2020032201000358,BOKL,56,13,100,219,21900
2020032201000357,BOKL,22,13,178,219,38982
2020032201000351,BOKL,45,13,20,222,4440
2020032201000141,BOKL,11,8,100,226,22600
2020032201000053,BOKL,11,43,53,222,11766
2020032201000042,BOKL,22,14,104,219,22776
2020032201000181,CBBL,8,4,100,951,95100
2020032201000049,CBBL,1,37,50,933,46650
2020032201000001,CBBL,38,4,20,946,18920
2020032201000338,CCBL,14,6,10,165,1650
2020032201000225,CCBL,32,47,500,168,84000
2020032201000096,CCBL,59,43,10,167,1670
2020032201000025,CCBL,59,11,10,165,1650
2020032201000069,CFCL,43,14,275,114,31350
2020032201000015,CFCL,20,4,100,112,11200
2020032201000253,CHCL,59,14,26,379,9854
2020032201000252,CHCL,22,14,100,379,37900
2020032201000251,CHCL,11,14,40,379,15160
2020032201000109,CHCL,11,59,13,386,5018
2020032201000028,CHCL,11,14,100,379,37900
2020032201000106,CIT,11,56,10,2513,25130
2020032201000202,CLBSL,40,59,20,1063,21260
2020032201000201,CLBSL,40,40,10,1063,10630
2020032201000014,CLBSL,44,17,10,1043,10430
2020032201000003,CLBSL,17,38,10,1023,10230
2020032201000002,CLBSL,17,43,10,1003,10030
2020032201000333,DDBL,57,40,50,760,38000
2020032201000119,DDBL,32,56,10,775,7750
2020032201000281,FMDBL,59,6,200,430,86000
2020032201000280,FMDBL,47,6,200,431,86200
2020032201000091,FOWAD,56,22,32,1407,45024
2020032201000320,GBIME,14,22,300,256,76800
2020032201000291,GBIME,22,59,141,256,36096
2020032201000175,GBIME,59,35,10,260,2600
2020032201000156,GBIME,8,22,10,258,2580
2020032201000154,GBIME,49,59,50,257,12850
2020032201000153,GBIME,59,22,10,258,2580
2020032201000149,GBIME,59,59,50,257,12850
2020032201000131,GBIME,32,32,60,257,15420
2020032201000130,GBIME,11,59,100,257,25700
2020032201000097,GBIME,59,22,10,258,2580
2020032201000094,GBIME,59,11,500,257,128500
2020032201000057,GBIME,59,22,10,258,2580
2020032201000157,GBLBS,32,34,50,422,21100
2020032201000134,GGBSL,32,32,10,705,7050
2020032201000257,GILB,56,45,26,1116,29016
2020032201000148,GLICL,32,59,10,415,4150
2020032201000110,GLICL,32,59,10,409,4090
2020032201000093,GLICL,56,59,10,402,4020
2020032201000089,GLICL,22,59,10,396,3960
2020032201000043,GLICL,59,59,10,389,3890
2020032201000039,GLICL,59,14,90,389,35010
2020032201000038,GLICL,17,14,10,389,3890
2020032201000288,HBL,42,45,100,502,50200
2020032201000286,HBL,59,34,500,503,251500
2020032201000285,HBL,8,34,100,504,50400
2020032201000284,HBL,8,34,100,505,50500
2020032201000160,HBL,14,34,11,509,5599
2020032201000051,HBL,43,37,47,500,23500
2020032201000036,HBL,10,37,100,510,51000
2020032201000300,HDL,57,49,195,1302,253890
2020032201000282,HDL,34,49,100,1302,130200
2020032201000250,HDL,57,49,100,1302,130200
2020032201000249,HDL,47,49,100,1303,130300
2020032201000248,HDL,57,49,50,1303,65150
2020032201000184,HDL,37,49,100,1327,132700
2020032201000128,HDL,32,59,100,1328,132800
2020032201000126,HDL,32,56,50,1327,66350
2020032201000383,HGI,45,51,30,335,10050
2020032201000311,JSLBB,45,47,10,1810,18100
2020032201000302,JSLBB,41,48,100,1810,181000
2020032201000073,JSLBB,56,47,12,1792,21504
2020032201000072,JSLBB,56,17,10,1792,17920
2020032201000071,JSLBB,56,17,10,1785,17850
2020032201000050,JSLBB,1,17,10,1757,17570
2020032201000006,JSLBB,17,17,10,1757,17570
2020032201000133,KMCDB,32,32,10,751,7510
2020032201000103,LBBL,43,32,99,175,17325
2020032201000263,LGIL,59,45,150,395,59250
2020032201000296,LICN,45,57,20,1180,23600
2020032201000123,LICN,53,56,10,1182,11820
2020032201000029,LICN,14,14,20,1159,23180
2020032201000022,LICN,14,14,20,1179,23580
2020032201000012,LICN,17,35,81,1203,97443
2020032201000011,LICN,14,35,10,1203,12030
2020032201000367,LLBS,57,49,90,956,86040
2020032201000366,LLBS,14,49,10,956,9560
2020032201000170,MBL,42,47,100,223,22300
2020032201000136,MDB,32,32,1,332,332
2020032201000372,MEGA,8,51,100,203,20300
2020032201000152,MEGA,4,32,100,206,20600
2020032201000047,MEGA,22,14,450,202,90900
2020032201000046,MEGA,59,14,450,202,90900
2020032201000041,MEGA,59,37,50,202,10100
2020032201000040,MEGA,53,37,50,202,10100
2020032201000365,MERO,22,41,300,540,162000
2020032201000259,MERO,22,41,30,539,16170
2020032201000258,MERO,47,41,100,539,53900
2020032201000079,MFIL,43,38,10,256,2560
2020032201000077,MFIL,43,38,10,251,2510
2020032201000076,MFIL,43,38,10,247,2470
2020032201000384,MNBBL,22,49,142,300,42600
2020032201000327,MNBBL,22,49,358,300,107400
2020032201000304,MNBBL,14,50,100,299,29900
2020032201000264,MNBBL,45,49,300,300,90000
2020032201000192,MNBBL,22,49,100,300,30000
2020032201000169,MNBBL,48,49,967,300,290100
2020032201000168,MNBBL,59,49,600,300,180000
2020032201000167,MNBBL,59,49,500,301,150500
2020032201000105,MNBBL,40,56,500,304,152000
2020032201000100,MNBBL,40,43,100,303,30300
2020032201000364,NABIL,56,34,10,729,7290
2020032201000299,NABIL,36,59,100,720,72000
2020032201000298,NABIL,8,59,100,721,72100
2020032201000180,NABIL,14,6,20,730,14600
2020032201000179,NABIL,14,32,50,727,36350
2020032201000178,NABIL,14,49,69,719,49611
2020032201000114,NABIL,59,59,100,720,72000
2020032201000064,NABIL,56,11,10,716,7160
2020032201000020,NABIL,44,4,100,744,74400
2020032201000176,NABIL,8,49,100,719,71900
2020032201000174,NABIL,8,49,300,719,215700
2020032201000173,NABIL,32,49,500,720,360000
2020032201000172,NABIL,8,49,200,721,144200
2020032201000171,NABIL,8,49,40,722,28880
2020032201000117,NABIL,8,59,200,719,143800
2020032201000132,NADEP,32,32,1,555,555
2020032201000310,NBB,11,32,200,199,39800
2020032201000287,NBB,57,6,200,203,40600
2020032201000161,NBB,22,32,100,203,20300
2020032201000021,NBB,44,22,500,202,101000
2020032201000306,NBL,32,49,423,258,109134
2020032201000294,NBL,45,51,50,260,13000
2020032201000194,NBL,32,34,50,261,13050
2020032201000142,NBL,8,14,500,266,133000
2020032201000122,NBL,59,14,1000,262,262000
2020032201000120,NBL,59,20,500,260,130000
2020032201000318,NCCB,56,48,100,184,18400
2020032201000090,NCCB,56,20,10,187,1870
2020032201000087,NCCB,59,43,115,178,20470
2020032201000086,NCCB,1,43,10,178,1780
2020032201000085,NCCB,25,43,100,178,17800
2020032201000084,NCCB,43,43,50,178,8900
2020032201000083,NCCB,43,43,25,181,4525
2020032201000078,NCCB,43,43,25,181,4525
2020032201000075,NCCB,43,43,25,184,4600
2020032201000074,NCCB,43,43,50,187,9350
2020032201000381,NICA,51,50,50,490,24500
2020032201000380,NICA,14,50,200,490,98000
2020032201000379,NICA,40,50,300,490,147000
2020032201000378,NICA,50,50,200,490,98000
2020032201000377,NICA,56,50,100,490,49000
2020032201000376,NICA,38,50,100,490,49000
2020032201000166,NICA,56,34,30,510,15300
2020032201000163,NICA,49,49,100,509,50900
2020032201000035,NICA,56,14,350,500,175000
2020032201000033,NICA,56,28,100,500,50000
2020032201000017,NICA,56,28,50,500,25000
2020032201000218,NICA,42,36,300,500,150000
2020032201000217,NICA,47,36,50,500,25000
2020032201000215,NICA,34,14,150,501,75150
2020032201000214,NICA,14,14,100,501,50100
2020032201000213,NICA,8,14,50,503,25150
2020032201000212,NICA,34,14,20,505,10100
2020032201000245,NICA,22,14,30,499,14970
2020032201000244,NICA,38,14,10,499,4990
2020032201000242,NICA,14,49,50,500,25000
2020032201000229,NICA,36,49,450,500,225000
2020032201000220,NICA,36,36,550,500,275000
2020032201000219,NICA,14,36,100,500,50000
2020032201000337,NICA,7,40,78,491,38298
2020032201000336,NICA,59,40,422,491,207202
2020032201000309,NICA,59,45,578,491,283798
2020032201000308,NICA,36,45,1000,492,492000
2020032201000307,NICA,57,45,100,492,49200
2020032201000305,NICA,28,41,200,495,99000
2020032201000375,NICA,47,50,100,490,49000
2020032201000374,NICA,59,50,100,490,49000
2020032201000373,NICA,40,50,122,491,59902
2020032201000369,NICA,40,45,78,491,38298
2020032201000368,NICA,7,45,22,491,10802
2020032201000356,NICA,49,49,2500,492,1230000
2020032201000278,NICL,56,45,32,336,10752
2020032201000277,NICL,41,45,10,337,3370
2020032201000276,NICL,14,45,50,337,16850
2020032201000066,NICL,14,37,150,337,50550
2020032201000048,NICL,42,37,50,343,17150
2020032201000139,NIL,25,59,10,494,4940
2020032201000113,NIL,32,53,10,485,4850
2020032201000112,NIL,32,11,66,480,31680
2020032201000098,NIL,40,11,50,480,24000
2020032201000032,NIL,59,37,50,476,23800
2020032201000013,NIL,55,53,10,477,4770
2020032201000350,NLIC,10,45,300,1018,305400
2020032201000349,NLIC,53,45,50,1018,50900
2020032201000348,NLIC,17,45,10,1018,10180
2020032201000347,NLIC,4,45,20,1018,20360
2020032201000346,NLIC,14,45,10,1018,10180
2020032201000345,NLIC,10,45,10,1018,10180
2020032201000018,NLIC,44,35,10,1038,10380
2020032201000016,NLIC,17,35,20,1038,20760
2020032201000010,NLIC,56,35,20,1038,20760
2020032201000009,NLIC,10,35,10,1038,10380
2020032201000008,NLIC,17,35,10,1038,10380
2020032201000007,NLIC,58,35,20,1039,20780
2020032201000151,NLIC,32,49,100,1065,106500
2020032201000150,NLIC,8,49,40,1070,42800
2020032201000143,NLIC,11,35,30,1079,32370
2020032201000137,NLIC,32,32,5,1058,5290
2020032201000104,NLIC,10,34,10,1058,10580
2020032201000023,NLIC,11,35,10,1038,10380
2020032201000216,NLIC,37,49,29,1057,30653
2020032201000188,NLIC,8,49,22,1057,23254
2020032201000187,NLIC,47,49,100,1057,105700
2020032201000183,NLIC,22,34,100,1058,105800
2020032201000182,NLIC,42,49,15,1065,15975
2020032201000155,NLIC,8,34,200,1058,211600
2020032201000261,NLIC,4,34,30,1050,31500
2020032201000260,NLIC,53,34,18,1050,18900
2020032201000256,NLIC,42,45,20,1051,21020
2020032201000254,NLIC,45,45,100,1052,105200
2020032201000243,NLIC,1,41,101,1057,106757
2020032201000227,NLIC,37,41,21,1057,22197
2020032201000269,NLIC,8,45,200,1040,208000
2020032201000268,NLIC,8,45,200,1040,208000
2020032201000267,NLIC,22,45,50,1040,52000
2020032201000266,NLIC,22,45,50,1040,52000
2020032201000265,NLIC,8,45,100,1041,104100
2020032201000262,NLIC,8,34,100,1050,105000
2020032201000316,NLIC,14,51,50,1037,51850
2020032201000315,NLIC,34,51,30,1037,31110
2020032201000313,NLIC,34,34,70,1037,72590
2020032201000312,NLIC,51,34,30,1038,31140
2020032201000297,NLIC,34,36,26,1048,27248
2020032201000270,NLIC,32,45,10,1040,10400
2020032201000326,NLIC,25,45,200,1030,206000
2020032201000325,NLIC,7,45,220,1030,226600
2020032201000324,NLIC,59,45,50,1030,51500
2020032201000323,NLIC,34,45,100,1031,103100
2020032201000322,NLIC,42,45,18,1036,18648
2020032201000321,NLIC,8,45,200,1036,207200
2020032201000334,NLIC,14,14,100,1026,102600
2020032201000332,NLIC,59,45,700,1027,718900
2020032201000331,NLIC,20,45,30,1027,30810
2020032201000330,NLIC,32,45,31,1028,31868
2020032201000329,NLIC,32,51,69,1028,70932
2020032201000328,NLIC,1,51,51,1028,52428
2020032201000344,NLIC,25,45,50,1020,51000
2020032201000343,NLIC,40,45,200,1020,204000
2020032201000342,NLIC,22,45,50,1020,51000
2020032201000341,NLIC,59,45,200,1020,204000
2020032201000340,NLIC,59,45,100,1022,102200
2020032201000339,NLIC,59,45,300,1023,306900
2020032201000146,NLICL,32,34,20,595,11900
2020032201000391,NMB,25,50,1000,380,380000
2020032201000390,NMB,34,50,150,380,57000
2020032201000389,NMB,13,50,100,380,38000
2020032201000388,NMB,56,50,100,380,38000
2020032201000387,NMB,14,50,50,381,19050
2020032201000386,NMB,59,50,400,381,152400
2020032201000059,NMB,56,37,200,383,76600
2020032201000058,NMB,14,37,200,384,76800
2020032201000027,NMB,44,14,500,384,192000
2020032201000026,NMB,44,14,500,384,192000
2020032201000125,NMB,59,14,1000,391,391000
2020032201000101,NMB,59,10,100,393,39300
2020032201000099,NMB,59,38,500,390,195000
2020032201000067,NMB,59,14,1000,385,385000
2020032201000061,NMB,59,37,32,382,12224
2020032201000060,NMB,58,37,200,382,76400
2020032201000190,NMB,56,34,200,385,77000
2020032201000186,NMB,56,13,400,389,155600
2020032201000185,NMB,56,32,600,387,232200
2020032201000177,NMB,59,49,500,386,193000
2020032201000165,NMB,32,49,500,386,193000
2020032201000164,NMB,22,49,520,387,201240
2020032201000203,NMB,41,34,100,385,38500
2020032201000199,NMB,32,34,390,384,149760
2020032201000198,NMB,56,34,100,384,38400
2020032201000197,NMB,37,34,10,384,3840
2020032201000196,NMB,22,34,500,384,192000
2020032201000193,NMB,14,34,10,385,3850
2020032201000209,NMB,53,49,200,381,76200
2020032201000208,NMB,42,49,10,382,3820
2020032201000207,NMB,59,49,268,382,102376
2020032201000206,NMB,59,49,300,383,114900
2020032201000205,NMB,42,49,10,384,3840
2020032201000204,NMB,32,49,110,384,42240
2020032201000224,NMB,49,13,100,380,38000
2020032201000223,NMB,22,13,200,380,76000
2020032201000222,NMB,11,13,300,380,114000
2020032201000221,NMB,32,49,602,381,229362
2020032201000211,NMB,8,49,1000,381,381000
2020032201000210,NMB,47,49,500,381,190500
2020032201000385,NMB,40,50,60,382,22920
2020032201000317,NMB,49,49,7500,381,2857500
2020032201000303,NMB,40,49,40,382,15280
2020032201000290,NMB,40,36,100,384,38400
2020032201000289,NMB,40,37,200,384,76800
2020032201000246,NMB,59,51,100,381,38100
2020032201000255,NMBMF,1,41,100,784,78400
2020032201000102,NTC,47,43,10,620,6200
2020032201000070,NTC,53,43,10,632,6320
2020032201000019,NTC,59,43,10,622,6220
2020032201000241,PCBL,56,13,100,259,25900
2020032201000240,PCBL,56,13,200,259,51800
2020032201000239,PCBL,14,13,100,259,25900
2020032201000238,PCBL,22,13,197,259,51023
2020032201000237,PCBL,22,13,200,259,51800
2020032201000236,PCBL,56,13,500,259,129500
2020032201000235,PCBL,42,13,100,260,26000
2020032201000234,PCBL,59,13,200,260,52000
2020032201000233,PCBL,59,13,200,261,52200
2020032201000295,PLIC,34,34,130,500,65000
2020032201000275,PLIC,59,34,500,500,250000
2020032201000274,PLIC,22,34,20,500,10000
2020032201000273,PLIC,22,34,50,501,25050
2020032201000272,PLIC,45,34,500,511,255500
2020032201000195,PLIC,11,22,42,510,21420
2020032201000129,PLIC,11,56,50,515,25750
2020032201000030,PLIC,59,14,500,510,255000
2020032201000382,PRIN,14,49,170,360,61200
2020032201000279,PRIN,14,45,30,360,10800
2020032201000189,PRVU,59,8,10,234,2340
2020032201000124,PRVU,59,8,200,230,46000
2020032201000138,RADHI,32,32,1,175,175
2020032201000115,RADHI,38,22,10,175,1750
2020032201000247,RHPL,11,17,40,154,6160
2020032201000005,SADBL,56,4,1000,144,144000
2020032201000232,SANIMA,42,13,200,326,65200
2020032201000231,SANIMA,22,13,500,326,163000
2020032201000230,SANIMA,59,13,500,326,163000
2020032201000226,SANIMA,56,13,100,327,32700
2020032201000065,SANIMA,40,37,100,332,33200
2020032201000054,SANIMA,40,37,50,326,16300
2020032201000371,SBL,25,45,100,292,29200
2020032201000127,SBL,56,11,10,297,2970
2020032201000191,SCB,8,32,100,595,59500
2020032201000162,SCB,49,49,100,594,59400
2020032201000056,SCB,53,43,50,595,29750
2020032201000045,SCB,42,14,50,592,29600
2020032201000044,SCB,22,14,50,595,29750
2020032201000363,SHIVM,50,7,150,490,73500
2020032201000355,SHIVM,50,4,50,490,24500
2020032201000354,SHIVM,1,4,20,490,9800
2020032201000353,SHIVM,1,4,530,490,259700
2020032201000352,SHIVM,1,14,470,490,230300
2020032201000319,SHIVM,10,14,100,495,49500
2020032201000314,SHIVM,49,14,30,504,15120
2020032201000116,SICL,59,59,100,845,84500
2020032201000004,SINDU,43,59,10,129,1290
2020032201000108,SKBBL,40,8,50,1023,51150
2020032201000107,SKBBL,40,47,10,1023,10230
2020032201000088,SKBBL,40,47,10,1003,10030
2020032201000052,SKBBL,22,14,50,984,49200
2020032201000301,SLBBL,59,34,200,775,155000
2020032201000283,SLICL,45,50,50,399,19950
2020032201000228,SLICL,59,34,10,393,3930
2020032201000095,SLICL,47,59,10,386,3860
2020032201000092,SLICL,56,10,10,379,3790
2020032201000082,SLICL,10,10,490,379,185710
2020032201000081,SLICL,10,59,10,379,3790
2020032201000080,SLICL,10,59,10,372,3720
2020032201000031,SLICL,33,14,300,365,109500
2020032201000335,SRBL,14,14,112,236,26432
2020032201000158,TRH,28,4,300,206,61800
2020032201000111,UIC,32,22,10,313,3130
2020032201000068,UMHL,20,20,519,100,51900
