contract,symbol,buyer,seller,qty,rate,amt
201412142389401,ADBL,14,40,31,490,15190
201412142389391,ADBL,14,40,50,484,24200
201412142389390,ADBL,14,6,30,479,14370
201412142389363,ADBL,42,40,347,475,164825
201412142389249,ADBL,17,6,91,475,43225
201412142388886,ADBL,20,10,500,474,237000
201412142389280,AHPC,17,22,100,382,38200
201412142389133,AHPC,42,13,41,382,15662
201412142389006,AHPC,37,33,500,378,189000
201412142388896,AHPC,52,14,500,382,191000
201412142389379,AIC,39,43,12,419,5028
201412142388961,ALDBL,14,25,60,260,15600
201412142388956,ALDBL,14,25,20,259,5180
201412142388850,ALDBL,43,43,20,254,5080
201412142389405,ALICL,36,40,101,1140,115140
201412142389404,ALICL,36,55,200,1140,228000
201412142389327,ALICL,36,42,543,1130,613590
201412142389323,ALICL,36,6,39,1127,43953
201412142389312,ALICL,44,47,150,1125,168750
201412142389299,ALICL,26,55,300,1124,337200
201412142389281,ALICL,44,57,850,1123,954550
201412142389193,ALICL,1,45,74,1126,83324
201412142389240,APEX,22,25,11,125,1375
201412142389235,APEX,40,17,55,124,6820
201412142389234,APEX,22,21,794,124,98456
201412142389232,APEX,22,25,45,124,5580
201412142389079,ARDBL,14,48,31,150,4650
201412142389074,ARDBL,14,39,73,150,10950
201412142389071,ARDBL,14,17,31,150,4650
201412142389070,ARDBL,14,5,42,150,6300
201412142389069,ARDBL,14,47,400,150,60000
201412142389063,ARDBL,14,59,221,150,33150
201412142388881,ARDBL,22,11,21,144,3024
201412142389062,ARDBL,14,20,1000,150,150000
201412142389022,ARDBL,14,32,234,149,34866
201412142389021,ARDBL,14,50,330,149,49170
201412142388900,ARDBL,22,5,42,148,6216
201412142388898,ARDBL,22,56,52,146,7592
201412142388883,ARDBL,22,11,21,144,3024
201412142389428,BLDBL,20,17,48,459,22032
201412142389415,BLDBL,20,6,152,457,69464
201412142389414,BLDBL,20,6,500,456,228000
201412142389399,BLDBL,20,17,16,457,7312
201412142389283,BLDBL,20,17,1500,450,675000
201412142388944,BLDBL,21,13,100,455,45500
201412142388936,BLDBL,21,58,152,452,68704
201412142388885,BLDBL,52,14,14,450,6300
201412142389285,BPCL,17,32,200,598,119600
201412142388994,BPCL,1,32,200,592,118400
201412142388904,BPCL,59,32,100,593,59300
201412142389273,BSBL,32,32,125,303,37875
201412142389262,BSBL,32,47,19,300,5700
201412142389219,BSBL,25,25,408,300,122400
201412142389361,CBL,37,58,500,280,140000
201412142389320,CBL,1,58,500,280,140000
201412142389291,CBL,1,48,27,280,7560
201412142389023,CBL,45,58,500,280,140000
201412142389018,CBL,45,58,500,280,140000
201412142388893,CBL,1,6,57,280,15960
201412142388875,CBL,45,33,399,279,111321
201412142388874,CBL,45,41,428,278,118984
201412142388964,CBL,1,19,35,280,9800
201412142388921,CBL,8,14,125,283,35375
201412142388916,CBL,8,48,306,282,86292
201412142388913,CBL,8,44,55,280,15400
201412142388910,CBL,8,1,917,280,256760
201412142388905,CBL,1,44,17,280,4760
201412142389377,CCBL,8,45,482,280,134960
201412142389352,CCBL,32,56,612,282,172584
201412142389274,CCBL,1,56,671,282,189222
201412142389255,CCBL,33,49,1000,281,281000
201412142389244,CCBL,33,56,500,280,140000
201412142389015,CCBL,32,49,1000,280,280000
201412142388837,CCBL,21,49,1000,280,280000
201412142388978,CCBL,20,50,131,281,36811
201412142388865,CCBL,11,48,160,281,44960
201412142388864,CCBL,11,39,240,281,67440
201412142388857,CCBL,38,44,306,280,85680
201412142388849,CCBL,11,39,39,280,10920
201412142388848,CCBL,49,49,290,280,81200
201412142388851,CDBL,26,16,200,376,75200
201412142389396,CHCL,13,49,100,1705,170500
201412142389395,CHCL,59,49,40,1710,68400
201412142389351,CHCL,13,41,200,1710,342000
201412142389204,CHCL,21,52,100,1713,171300
201412142389198,CHCL,21,52,100,1712,171200
201412142389075,CHCL,19,22,60,1712,102720
201412142388887,CHCL,20,38,100,1701,170100
201412142388879,CHCL,46,42,200,1705,341000
201412142388859,CHCL,7,16,94,1700,159800
201412142389009,CHCL,19,14,165,1708,281820
201412142388976,CHCL,59,52,50,1710,85500
201412142388968,CHCL,59,58,105,1708,179340
201412142388967,CHCL,59,22,100,1706,170600
201412142388966,CHCL,59,52,100,1705,170500
201412142388897,CHCL,7,41,100,1700,170000
201412142389397,CIT,46,47,100,2900,290000
201412142389369,CIT,37,47,100,2901,290100
201412142389368,CIT,45,47,50,2905,145250
201412142389367,CIT,6,47,30,2906,87180
201412142389366,CIT,19,47,150,2910,436500
201412142389365,CIT,45,47,100,2911,291100
201412142388894,CIT,19,6,50,2918,145900
201412142388891,CIT,45,47,48,2915,139920
201412142388853,CIT,5,55,21,2910,61110
201412142389364,CIT,1,47,20,2950,59000
201412142389360,CIT,35,47,10,2960,29600
201412142389356,CIT,35,47,20,3017,60340
201412142389289,CIT,14,58,21,3017,63357
201412142389242,CIT,19,47,33,2975,98175
201412142388914,CIT,53,46,85,2958,251430
201412142389000,CNDBL,39,17,30,179,5370
201412142388999,CNDBL,39,17,30,179,5370
201412142388998,CNDBL,39,17,30,179,5370
201412142388997,CNDBL,39,17,30,179,5370
201412142388948,CNDBL,17,17,20,176,3520
201412142388928,CNDBL,17,17,20,176,3520
201412142388917,CNDBL,17,17,20,176,3520
201412142388912,CNDBL,17,17,20,176,3520
201412142388909,CNDBL,17,17,20,176,3520
201412142389083,CSDBL,13,29,44,183,8052
201412142389418,EBL,35,20,10,1936,19360
201412142389376,EBL,5,48,82,1917,157194
201412142389334,EBL,41,47,100,1910,191000
201412142389279,EBL,28,28,162,1892,306504
201412142388846,EBL,49,51,30,1900,57000
201412142388844,EBL,49,51,36,1900,68400
201412142388843,EBL,49,51,42,1900,79800
201412142388842,EBL,49,44,100,1899,189900
201412142388943,EBL,26,51,28,1900,53200
201412142388927,EBL,6,44,100,1899,189900
201412142388906,EBL,16,58,200,1895,379000
201412142388847,EBL,49,51,27,1900,51300
201412142389247,EBL,21,44,100,1909,190900
201412142389185,EBL,38,13,110,1900,209000
201412142389184,EBL,38,33,100,1900,190000
201412142389064,EDBL,3,43,200,654,130800
201412142388907,EDBL,6,6,153,655,100215
201412142389066,EFL,20,5,10,206,2060
201412142389389,FMDBL,37,46,30,838,25140
201412142389221,FMDBL,5,7,200,822,164400
201412142389386,GBBL,56,50,52,297,15444
201412142389359,GBBL,36,50,52,297,15444
201412142389189,GBBL,26,25,100,297,29700
201412142388924,GBBL,40,25,23,297,6831
201412142388878,GBBL,26,25,22,295,6490
201412142388866,GBBL,26,26,20,290,5800
201412142388854,GBBL,26,26,20,285,5700
201412142389246,GBIME,42,22,40,522,20880
201412142389199,GBIME,42,6,44,512,22528
201412142389195,GBIME,7,6,32,517,16544
201412142389067,GBIME,42,59,700,520,364000
201412142389004,GBIME,22,39,111,524,58164
201412142388996,GBIME,50,51,42,522,21924
201412142388861,GBIME,8,45,142,522,74124
201412142388860,GBIME,8,45,304,520,158080
201412142389384,GLICL,42,22,10,569,5690
201412142389302,GLICL,5,21,14,560,7840
201412142389301,GLICL,5,25,60,559,33540
201412142389215,GLICL,35,50,752,555,417360
201412142389172,GLICL,35,37,214,557,119198
201412142389167,GLICL,35,17,13,554,7202
201412142388962,GLICL,43,17,55,554,30470
201412142388957,GLICL,54,6,229,553,126637
201412142388954,GLICL,43,17,13,550,7150
201412142388950,GLICL,54,17,13,550,7150
201412142388949,GLICL,36,17,13,550,7150
201412142388934,GLICL,21,54,46,549,25254
201412142389355,GRAND,26,52,669,177,118413
201412142389331,GRAND,26,40,201,177,35577
201412142389321,GRAND,26,52,127,177,22479
201412142388935,GRAND,57,56,500,177,88500
201412142389278,HAMA,16,54,110,128,14080
201412142389214,HAMA,16,8,60,127,7620
201412142389205,HAMA,16,8,60,127,7620
201412142389197,HAMA,16,8,50,127,6350
201412142389218,HBDL,40,41,687,100,68700
201412142388876,HBDL,21,44,500,102,51000
201412142388845,HBDL,14,14,100,102,10200
201412142388995,HBL,35,44,500,730,365000
201412142389318,IDBL,8,48,1000,172,172000
201412142389317,IDBL,8,48,1000,171,171000
201412142389282,IDBL,5,48,500,170,85000
201412142389013,IDBL,50,48,500,169,84500
201412142388953,IDBL,8,48,11,166,1826
201412142388945,IDBL,8,48,1128,164,184992
201412142388933,IDBL,5,39,102,165,16830
201412142388918,IDBL,5,39,57,165,9405
201412142388839,IDBL,32,48,11,165,1815
201412142389230,INDB,48,21,133,237,31521
201412142389292,INDBL,13,6,243,164,39852
201412142389250,JBBL,48,3,10,163,1630
201412142389336,JBNL,49,49,1393,260,362180
201412142389325,JBNL,41,6,72,261,18792
201412142389324,JBNL,41,8,20,261,5220
201412142389134,JBNL,50,22,226,260,58760
201412142389112,JBNL,50,22,69,260,17940
201412142388941,JBNL,48,50,304,260,79040
201412142388932,JBNL,48,50,328,259,84952
201412142388929,JBNL,48,6,72,258,18576
201412142389256,KBL,44,45,200,395,79000
201412142388958,KBL,6,45,10,396,3960
201412142389213,KCDBL,43,43,10,187,1870
201412142389190,KCDBL,43,43,17,184,3128
201412142388872,KCDBL,43,17,10,181,1810
201412142388942,KEBL,26,6,50,384,19200
201412142388937,KEBL,26,22,53,378,20034
201412142388974,KMCDB,49,47,20,610,12200
201412142388973,KMCDB,49,16,10,608,6080
201412142389420,LBL,57,58,300,505,151500
201412142389385,LBL,32,56,840,499,419160
201412142388873,LBL,38,22,100,497,49700
201412142389370,LGIL,52,43,12,408,4896
201412142389338,LGIL,17,43,12,400,4800
201412142389398,LICN,57,45,50,3160,158000
201412142388952,LICN,57,58,100,3177,317700
201412142388908,LICN,48,45,124,3178,394072
201412142389012,LLBS,17,58,41,615,25215
201412142389005,LLBS,17,58,41,615,25215
201412142389002,LLBS,17,58,41,615,25215
201412142388985,LLBS,41,51,10,612,6120
201412142388984,LLBS,41,51,10,612,6120
201412142388983,LLBS,41,51,10,612,6120
201412142388982,LLBS,41,6,10,612,6120
201412142388981,LLBS,41,6,10,612,6120
201412142388980,LLBS,41,6,10,612,6120
201412142388979,LLBS,41,6,10,612,6120
201412142388977,LLBS,41,39,41,611,25051
201412142389394,LUBL,1,32,1000,344,344000
201412142389257,LUBL,48,42,309,344,106296
201412142388975,LUBL,45,52,310,340,105400
201412142388911,LUBL,47,32,1000,342,342000
201412142389200,MBBL,39,41,48,147,7056
201412142388960,MBBL,45,16,500,145,72500
201412142389209,MBL,58,21,500,539,269500
201412142389183,MBL,6,39,94,540,50760
201412142389008,MDBL,14,39,10,146,1460
201412142389421,MEGA,8,41,438,408,178704
201412142389388,MEGA,8,21,19,412,7828
201412142389373,MEGA,8,39,19,411,7809
201412142389330,MEGA,52,52,49,408,19992
201412142389315,MEGA,54,13,32,409,13088
201412142389314,MEGA,54,26,470,409,192230
201412142389020,MEGA,26,45,32,406,12992
201412142388965,MEGA,14,44,329,407,133903
201412142388963,MEGA,55,42,364,404,147056
201412142388901,MEGA,22,21,32,408,13056
201412142388877,MEGA,8,48,96,408,39168
201412142389313,MEGA,54,51,30,408,12240
201412142389226,MEGA,58,1,32,407,13024
201412142389212,MEGA,58,41,32,407,13024
201412142389191,MEGA,55,45,183,407,74481
201412142389170,MEGA,21,45,183,406,74298
201412142389111,MEGA,6,45,183,405,74115
201412142389196,MNBBL,21,45,377,493,185861
201412142389188,MNBBL,52,45,200,490,98000
201412142388925,MNBBL,21,45,200,484,96800
201412142389308,NABIL,19,5,151,1945,293695
201412142389224,NABIL,37,1,103,1935,199305
201412142389223,NABIL,37,54,50,1934,96700
201412142389072,NABIL,22,22,10,1947,19470
201412142389339,NABILP,3,17,200,1270,254000
201412142389258,NABILP,21,44,200,1269,253800
201412142389163,NABILP,3,17,200,1266,253200
201412142389155,NABILP,3,44,200,1265,253000
201412142389187,NABILP,3,14,10,1274,12740
201412142389178,NABILP,3,44,200,1270,254000
201412142389173,NABILP,3,37,100,1268,126800
201412142389423,NBB,25,25,20,481,9620
201412142389413,NBB,1,47,500,473,236500
201412142389381,NBB,28,22,200,472,94400
201412142389380,NBB,28,47,500,472,236000
201412142389371,NBB,25,1,10,480,4800
201412142389348,NBB,25,57,20,478,9560
201412142389206,NBB,35,59,180,468,84240
201412142389085,NBB,13,40,300,468,140400
201412142389081,NBB,13,49,500,467,233500
201412142389080,NBB,13,19,200,467,93400
201412142388880,NBB,49,49,200,469,93800
201412142389236,NBB,45,56,50,471,23550
201412142389208,NBB,35,49,300,470,141000
201412142389207,NBB,35,49,400,469,187600
201412142389332,NBF1,21,1,2398,13,32253
201412142389353,NBL,54,6,500,368,184000
201412142389319,NBL,43,48,451,367,165517
201412142389286,NBL,22,49,500,366,183000
201412142389177,NBL,10,6,500,365,182500
201412142388987,NBL,19,52,100,365,36500
201412142388969,NBL,42,8,100,368,36800
201412142388919,NBL,44,58,1000,365,365000
201412142388895,NBL,26,54,536,362,194032
201412142389372,NCCB,25,25,527,551,290377
201412142389211,NCCB,25,39,21,562,11802
201412142389203,NCCB,52,19,200,559,111800
201412142389201,NCCB,14,49,378,555,209790
201412142389186,NCCB,5,10,500,550,275000
201412142388868,NCCB,14,10,200,546,109200
201412142388867,NCCB,14,10,200,546,109200
201412142388992,NCCB,22,10,300,545,163500
201412142388991,NCCB,5,10,100,546,54600
201412142388990,NCCB,13,10,100,550,55000
201412142388871,NCCB,48,10,500,545,272500
201412142388870,NCCB,49,10,250,545,136250
201412142388869,NCCB,14,10,150,545,81750
201412142389160,NCCB,8,10,100,545,54500
201412142389159,NCCB,39,10,300,547,164100
201412142389158,NCCB,46,10,400,548,219200
201412142389157,NCCB,25,10,50,555,27750
201412142389082,NCCB,46,10,500,546,273000
201412142389077,NCCB,46,10,500,550,275000
201412142389419,NGBL,26,26,10,289,2890
201412142389412,NGBL,26,26,10,284,2840
201412142389241,NGBL,43,26,10,279,2790
201412142389237,NGBL,43,32,11,276,3036
201412142389387,NHPC,1,50,950,127,120650
201412142389383,NHPC,1,50,1000,126,126000
201412142389382,NHPC,48,50,1000,126,126000
201412142389277,NHPC,38,50,1000,127,127000
201412142389271,NHPC,1,50,1000,128,128000
201412142389270,NHPC,17,50,1000,128,128000
201412142389014,NHPC,54,1,1000,128,128000
201412142388858,NHPC,33,58,1000,128,128000
201412142389269,NHPC,56,50,1000,128,128000
201412142389268,NHPC,54,50,50,128,6400
201412142389264,NHPC,54,50,950,128,121600
201412142389263,NHPC,58,50,50,129,6450
201412142389166,NHPC,45,44,1000,129,129000
201412142389154,NHPC,52,3,2000,128,256000
201412142389422,NIB,22,40,84,717,60228
201412142389402,NIB,35,25,28,722,20216
201412142389378,NIB,35,42,500,715,357500
201412142389343,NIB,35,17,237,710,168270
201412142389342,NIB,35,42,200,710,142000
201412142389337,NIB,35,25,775,708,548700
201412142389068,NIB,44,5,100,707,70700
201412142389017,NIB,20,17,293,705,206565
201412142389016,NIB,35,33,300,700,210000
201412142388971,NIB,46,57,388,705,273540
201412142388852,NIB,33,22,148,705,104340
201412142389425,NICA,59,11,25,800,20000
201412142389416,NICA,59,3,15,800,12000
201412142389411,NICA,14,42,500,790,395000
201412142389403,NICA,59,19,25,800,20000
201412142389375,NICA,14,44,160,785,125600
201412142389350,NICA,59,11,24,800,19200
201412142388915,NICA,25,17,80,771,61680
201412142388902,NICA,36,42,475,771,366225
201412142388882,NICA,50,13,60,775,46500
201412142388840,NICA,50,8,50,775,38750
201412142388838,NICA,50,25,50,775,38750
201412142388947,NICA,59,52,689,775,533975
201412142388939,NICA,59,53,25,774,19350
201412142388938,NICA,59,1,1000,774,774000
201412142388926,NICA,41,17,46,773,35558
201412142388923,NICA,25,17,80,771,61680
201412142388920,NICA,25,17,80,771,61680
201412142389113,NICA,1,54,250,779,194750
201412142389091,NICA,47,48,1000,775,775000
201412142389076,NICA,42,38,294,775,227850
201412142389011,NICA,59,20,20,782,15640
201412142389010,NICA,59,20,20,780,15600
201412142388955,NICA,59,11,160,775,124000
201412142389216,NICA,14,41,25,780,19500
201412142389210,NICA,46,8,100,783,78300
201412142389194,NICA,48,17,200,782,156400
201412142389192,NICA,51,44,1000,778,778000
201412142389179,NICA,11,26,167,780,130260
201412142389174,NICA,59,11,21,785,16485
201412142389253,NICA,42,7,200,779,155800
201412142389233,NICA,51,16,500,778,389000
201412142389229,NICA,46,41,161,784,126224
201412142389227,NICA,43,43,20,780,15600
201412142389225,NICA,59,16,12,785,9420
201412142389217,NICA,14,5,50,781,39050
201412142389305,NICA,50,11,30,785,23550
201412142389304,NICA,50,42,100,785,78500
201412142389290,NICA,50,41,300,783,234900
201412142389288,NICA,17,44,83,780,64740
201412142389266,NICA,59,11,30,785,23550
201412142389265,NICA,38,11,91,783,71253
201412142389316,NICA,59,16,25,791,19775
201412142389311,NICA,50,38,80,786,62880
201412142389310,NICA,50,38,120,786,94320
201412142389309,NICA,59,14,20,790,15800
201412142389307,NICA,50,38,1112,785,872920
201412142389306,NICA,50,13,60,785,47100
201412142389349,NICA,14,44,500,790,395000
201412142389341,NICA,50,41,120,790,94800
201412142389340,NICA,50,48,2000,790,1580000
201412142389333,NICA,59,11,22,797,17534
201412142389328,NICA,59,40,25,792,19800
201412142389326,NICA,14,11,95,790,75050
201412142389406,NICL,40,43,10,377,3770
201412142389303,NIL,26,41,27,733,19791
201412142389089,NIL,25,41,41,719,29479
201412142389374,NLIC,37,47,40,3950,158000
201412142389295,NLICL,36,49,100,2197,219700
201412142389254,NLICL,54,49,100,2194,219400
201412142389231,NLICL,37,54,10,2195,21950
201412142389220,NLICL,19,49,100,2192,219200
201412142389019,NLICL,21,21,51,2185,111435
201412142389003,NLICL,21,49,100,2188,218800
201412142389001,NLICL,21,48,57,2187,124659
201412142389346,NTC,28,3,100,617,61700
201412142389345,NTC,28,3,200,617,123400
201412142389344,NTC,28,40,650,617,401050
201412142389298,OHL,59,58,200,637,127400
201412142389297,OHL,59,42,490,635,311150
201412142389296,OHL,59,17,500,635,317500
201412142389424,PCBL,26,38,190,535,101650
201412142389417,PCBL,7,58,79,538,42502
201412142389176,PCBL,41,25,200,539,107800
201412142389175,PCBL,41,8,10,539,5390
201412142389171,PCBL,41,32,195,536,104520
201412142389165,PCBL,39,33,70,535,37450
201412142388892,PCBL,7,57,41,530,21730
201412142388888,PCBL,7,57,53,530,28090
201412142388863,PCBL,42,17,500,530,265000
201412142388855,PCBL,6,57,53,528,27984
201412142388989,PCBL,33,14,60,533,31980
201412142388972,PCBL,33,39,50,533,26650
201412142388970,PCBL,32,44,1020,530,540600
201412142388959,PCBL,33,39,27,532,14364
201412142388946,PCBL,41,44,213,528,112464
201412142388922,PCBL,7,50,19,530,10070
201412142389164,PCBL,39,33,70,535,37450
201412142389161,PCBL,39,14,41,534,21894
201412142389088,PCBL,41,44,500,533,266500
201412142389084,PCBL,41,45,70,532,37240
201412142389078,PCBL,41,53,294,530,155820
201412142389007,PCBL,41,6,194,531,103014
201412142388889,PDBL,16,21,300,208,62400
201412142389182,PIC,40,20,78,850,66300
201412142389300,RHPC,6,48,11,499,5489
201412142389228,RMDC,52,16,33,734,24222
201412142388940,RMDC,44,39,142,731,103802
201412142388903,SANIMA,41,38,502,536,269072
201412142388899,SANIMA,26,38,30,540,16200
201412142388890,SANIMA,42,43,500,532,266000
201412142388841,SANIMA,26,21,346,530,183380
201412142389410,SBI,42,17,303,1000,303000
201412142389409,SBI,42,22,200,999,199800
201412142389408,SBI,42,5,61,998,60878
201412142389407,SBI,42,19,114,995,113430
201412142389358,SBI,39,14,132,994,131208
201412142389357,SBI,39,5,40,991,39640
201412142389335,SBI,42,44,300,989,296700
201412142389294,SBI,25,22,95,990,94050
201412142389202,SBI,25,54,110,985,108350
201412142389430,SBL,14,56,500,638,319000
201412142389393,SBL,35,45,104,649,67496
201412142389259,SBL,35,39,15,642,9630
201412142389252,SBL,1,40,200,640,128000
201412142389222,SBL,21,39,100,641,64100
201412142389181,SBL,22,56,500,637,318500
201412142389162,SBL,14,38,100,635,63500
201412142389086,SBL,42,44,500,633,316500
201412142388931,SBL,25,25,347,629,218263
201412142389362,SHBL,17,5,10,427,4270
201412142389347,SHBL,17,5,10,427,4270
201412142389243,SHBL,17,51,10,427,4270
201412142389239,SHBL,17,51,10,427,4270
201412142389238,SHBL,17,51,10,427,4270
201412142388930,SHL,1,58,130,482,62660
201412142389427,SHPC,45,41,72,722,51984
201412142389400,SHPC,37,43,27,734,19818
201412142389392,SHPC,37,14,18,737,13266
201412142389169,SHPC,22,41,87,730,63510
201412142389168,SHPC,22,14,90,730,65700
201412142389156,SHPC,13,59,168,723,121464
201412142389322,SIC,6,58,10,1169,11690
201412142389065,SIC,22,58,10,1147,11470
201412142389260,SIL,52,19,150,750,112500
201412142389251,SIL,52,50,50,750,37500
201412142389261,SKBBL,22,58,19,1210,22990
201412142388993,SKBBL,41,39,12,1190,14280
201412142388856,SKBBL,41,14,12,1173,14076
201412142389354,SLICL,34,37,128,657,84096
201412142389293,SLICL,35,35,500,654,327000
201412142389267,SLICL,52,55,102,650,66300
201412142389287,SRBL,33,41,125,410,51250
201412142389276,SRBL,51,51,30,408,12240
201412142389275,SRBL,21,49,222,405,89910
201412142389272,SRBL,33,51,500,408,204000
201412142389248,SRBL,51,51,86,408,35088
201412142389245,SRBL,37,34,500,408,204000
201412142389090,SRBL,21,34,500,408,204000
201412142389087,SRBL,58,16,10,407,4070
201412142389073,SRBL,58,43,40,407,16280
201412142388988,SRBL,26,16,500,407,203500
201412142388862,SRBL,22,17,26,409,10634
201412142389329,SUPRME,38,36,500,144,72000
201412142389426,SWBBL,21,48,736,1820,1339520
201412142388986,UIC,7,25,59,900,53100
201412142389432,WDBL,26,26,20,195,3900
201412142389431,WDBL,26,26,20,195,3900
201412142389284,YETI,38,5,1022,130,132860
201412142389180,YETI,21,5,80,130,10400
201412142388951,YETI,5,39,95,130,12350
201412142388884,YETI,5,25,35,130,4550
201412142388531,ADBL,6,11,50,483,24150
201412142388530,ADBL,6,54,253,483,122199
201412142388480,ADBL,38,38,500,480,240000
201412142388449,ADBL,6,16,131,480,62880
201412142388258,ADBL,13,6,260,479,124540
201412142388357,AHPC,14,17,18,375,6750
201412142388323,AHPC,25,13,41,379,15539
201412142388117,AHPC,17,47,150,378,56700
201412142388116,AHPC,17,17,50,378,18900
201412142388110,AHPC,17,13,41,377,15457
201412142388109,AHPC,17,39,100,377,37700
201412142388786,ALDBL,43,26,10,251,2510
201412142388368,ALDBL,45,13,10,255,2550
201412142388367,ALDBL,45,13,10,255,2550
201412142388366,ALDBL,45,13,10,255,2550
201412142388365,ALDBL,45,13,10,255,2550
201412142388364,ALDBL,45,13,10,255,2550
201412142388363,ALDBL,45,13,10,255,2550
201412142388311,ALDBL,43,43,20,254,5080
201412142388402,ALICL,36,38,74,1125,83250
201412142388283,ALICL,14,55,200,1120,224000
201412142388584,ARDBL,14,11,189,142,26838
201412142388514,BLDBL,19,6,100,449,44900
201412142388443,BLDBL,32,17,1000,447,447000
201412142388439,BLDBL,32,16,298,447,133206
201412142388438,BLDBL,32,6,170,447,75990
201412142388437,BLDBL,32,39,30,445,13350
201412142388144,BLDBL,25,16,177,444,78588
201412142388121,BLDBL,25,43,50,442,22100
201412142388812,BPCL,3,32,480,593,284640
201412142388676,BPCL,21,32,500,582,291000
201412142388577,BPCL,11,32,100,582,58200
201412142388504,BSBL,50,19,10,295,2950
201412142388487,BUDBL,32,46,205,176,36080
201412142388273,BUDBL,19,46,294,174,51156
201412142388802,CBL,45,58,500,278,139000
201412142388796,CBL,45,8,54,278,15012
201412142388789,CBL,45,8,135,278,37530
201412142388783,CBL,45,19,27,277,7479
201412142388653,CBL,54,14,204,277,56508
201412142388594,CBL,1,48,14,275,3850
201412142388197,CBL,45,58,1024,267,273408
201412142388155,CBL,45,55,792,265,209880
201412142388593,CBL,1,11,1500,275,412500
201412142388554,CBL,45,21,27,275,7425
201412142388551,CBL,45,8,396,275,108900
201412142388324,CBL,33,47,727,270,196290
201412142388317,CBL,1,35,500,269,134500
201412142388299,CBL,33,33,1000,268,268000
201412142388832,CCBL,33,56,500,280,140000
201412142388807,CCBL,11,6,40,280,11200
201412142388806,CCBL,11,6,40,280,11200
201412142388805,CCBL,11,6,40,280,11200
201412142388804,CCBL,11,6,40,280,11200
201412142388803,CCBL,11,40,40,280,11200
201412142388199,CCBL,35,58,500,273,136500
201412142388119,CCBL,35,58,500,273,136500
201412142388289,CCBL,45,26,40,274,10960
201412142388288,CCBL,45,26,40,274,10960
201412142388287,CCBL,45,26,40,274,10960
201412142388274,CCBL,16,16,40,272,10880
201412142388268,CCBL,19,16,40,272,10880
201412142388252,CCBL,19,58,41,273,11193
201412142388776,CCBL,34,16,40,278,11120
201412142388677,CCBL,34,39,16,277,4432
201412142388293,CCBL,45,5,24,275,6600
201412142388292,CCBL,45,6,40,275,11000
201412142388291,CCBL,45,6,40,275,11000
201412142388290,CCBL,45,48,40,274,10960
201412142388791,CDBL,17,16,200,375,75000
201412142388649,CDBL,17,16,404,373,150692
201412142388589,CDBL,17,11,152,375,57000
201412142388457,CDBL,41,45,209,372,77748
201412142388398,CDBL,32,32,31,370,11470
201412142388265,CDBL,19,55,500,363,181500
201412142388264,CDBL,22,55,200,364,72800
201412142388263,CDBL,13,55,50,364,18200
201412142388262,CDBL,21,55,50,365,18250
201412142388814,CHCL,5,55,210,1700,357000
201412142388811,CHCL,5,55,152,1700,258400
201412142388787,CHCL,13,20,165,1699,280335
201412142388779,CHCL,26,7,68,1705,115940
201412142388655,CHCL,13,55,208,1700,353600
201412142388652,CHCL,13,55,170,1700,289000
201412142388461,CHCL,8,43,23,1700,39100
201412142388455,CHCL,8,21,37,1700,62900
201412142388359,CHCL,53,14,100,1690,169000
201412142388294,CHCL,17,39,450,1690,760500
201412142388621,CHCL,52,49,100,1710,171000
201412142388567,CHCL,36,17,100,1708,170800
201412142388477,CHCL,5,19,50,1700,85000
201412142388476,CHCL,5,11,150,1700,255000
201412142388475,CHCL,8,19,30,1701,51030
201412142388474,CHCL,5,52,194,1700,329800
201412142388836,CIT,45,6,50,2905,145250
201412142388829,CIT,46,47,26,2909,75634
201412142388661,CIT,14,10,50,2900,145000
201412142388660,CIT,14,7,80,2900,232000
201412142388647,CNDBL,45,17,20,178,3560
201412142388646,CNDBL,45,17,20,178,3560
201412142388645,CNDBL,45,17,20,178,3560
201412142388644,CNDBL,45,17,20,178,3560
201412142388643,CNDBL,45,17,20,178,3560
201412142388642,CNDBL,45,17,20,178,3560
201412142388479,CNDBL,32,17,20,173,3460
201412142388471,CNDBL,32,17,20,173,3460
201412142388464,CNDBL,32,17,20,173,3460
201412142388458,CNDBL,32,17,20,173,3460
201412142388453,CNDBL,32,17,20,173,3460
201412142388447,CNDBL,32,17,20,173,3460
201412142388506,CNDBL,32,17,20,173,3460
201412142388500,CNDBL,32,17,20,173,3460
201412142388496,CNDBL,32,17,20,173,3460
201412142388491,CNDBL,32,17,20,173,3460
201412142388484,CNDBL,32,17,20,173,3460
201412142388481,CNDBL,32,17,20,173,3460
201412142388626,CNDBL,45,17,20,176,3520
201412142388625,CNDBL,45,17,20,175,3500
201412142388564,CNDBL,32,17,20,173,3460
201412142388522,CNDBL,32,17,20,173,3460
201412142388515,CNDBL,32,17,20,173,3460
201412142388509,CNDBL,32,17,20,173,3460
201412142388635,CNDBL,45,17,20,178,3560
201412142388634,CNDBL,45,17,20,178,3560
201412142388633,CNDBL,45,17,20,178,3560
201412142388632,CNDBL,45,17,20,178,3560
201412142388631,CNDBL,45,17,20,178,3560
201412142388630,CNDBL,45,17,20,178,3560
201412142388641,CNDBL,45,17,20,178,3560
201412142388640,CNDBL,45,17,20,178,3560
201412142388639,CNDBL,45,17,20,178,3560
201412142388638,CNDBL,45,17,20,178,3560
201412142388637,CNDBL,45,17,20,178,3560
201412142388636,CNDBL,45,17,20,178,3560
201412142388821,CZBIL,45,20,654,430,281220
201412142388818,CZBIL,45,20,200,430,86000
201412142388250,CZBIL,45,8,230,426,97980
201412142388247,CZBIL,45,25,11,426,4686
201412142388224,CZBIL,45,25,42,426,17892
201412142388622,DDBL,21,55,100,927,92700
201412142388316,DDBL,46,55,100,909,90900
201412142388828,EBL,50,44,100,1899,189900
201412142388546,EBL,14,25,260,1900,494000
201412142388545,EBL,14,43,100,1900,190000
201412142388544,EBL,14,44,200,1898,379600
201412142388245,EBL,21,47,100,1877,187700
201412142388344,EBL,41,10,200,1880,376000
201412142388343,EBL,59,10,40,1880,75200
201412142388315,EBL,42,17,170,1885,320450
201412142388306,EBL,35,17,204,1880,383520
201412142388412,EBL,37,44,100,1899,189900
201412142388411,EBL,37,43,100,1899,189900
201412142388405,EBL,41,13,64,1895,121280
201412142388360,EBL,16,44,270,1890,510300
201412142388345,EBL,41,10,30,1876,56280
201412142388777,EKBL,41,6,32,193,6176
201412142388620,EKBL,26,21,649,190,123310
201412142388406,EKBL,13,6,32,190,6080
201412142388399,EKBL,45,6,131,189,24759
201412142388778,GBBL,26,26,20,280,5600
201412142388648,GBBL,41,26,20,275,5500
201412142388785,GBIME,42,11,30,525,15750
201412142388675,GBIME,42,55,45,525,23625
201412142388665,GBIME,52,48,286,519,148434
201412142388615,GBIME,35,17,421,515,216815
201412142388614,GBIME,35,8,300,514,154200
201412142388552,GBIME,7,8,300,514,154200
201412142388502,GBIME,50,8,398,514,204572
201412142388362,GBIME,42,11,30,518,15540
201412142388346,GBIME,19,8,398,508,202184
201412142388799,GRAND,16,56,283,175,49525
201412142388790,GRAND,16,3,1000,174,174000
201412142388310,GRAND,20,37,1000,171,171000
201412142388143,GRAND,32,56,500,171,85500
201412142388108,GRAND,26,26,1000,170,170000
201412142388537,HBDL,33,33,2271,100,227100
201412142388556,HDL,17,22,300,432,129600
201412142388555,HDL,17,22,70,432,30240
201412142388354,IDBL,33,39,228,162,36936
201412142388350,IDBL,33,48,11,161,1771
201412142388349,IDBL,37,41,112,161,18032
201412142388327,INDBL,39,8,44,166,7304
201412142388561,INDBL,39,6,500,166,83000
201412142388659,JBBL,3,32,10,160,1600
201412142388833,JBNL,7,5,279,257,71703
201412142388667,JBNL,50,55,15,252,3780
201412142388582,JBNL,40,28,22,251,5522
201412142388629,KBBL,13,41,155,356,55180
201412142388560,KBL,32,44,500,395,197500
201412142388539,KBL,38,44,500,394,197000
201412142388528,KBL,38,25,500,393,196500
201412142388505,KBL,1,52,97,391,37927
201412142388499,KBL,20,58,1000,387,387000
201412142388490,KBL,45,44,500,388,194000
201412142388401,KBL,17,25,100,387,38700
201412142388353,KBL,20,40,1000,383,383000
201412142388801,KCDBL,43,47,10,178,1780
201412142388793,KCDBL,43,17,10,178,1780
201412142388485,KCDBL,43,43,17,175,2975
201412142388196,KDBL,5,50,426,120,51120
201412142388468,KMCDB,26,47,20,602,12040
201412142388446,KMCDB,6,47,82,597,48954
201412142388318,KMCDB,26,50,10,585,5850
201412142388409,KMCDB,38,47,10,591,5910
201412142388341,KMCDB,26,50,10,585,5850
201412142388338,KMCDB,26,50,10,585,5850
201412142388333,KMCDB,26,50,10,585,5850
201412142388331,KMCDB,26,50,10,585,5850
201412142388325,KMCDB,26,50,10,585,5850
201412142388808,LBL,1,38,500,496,248000
201412142388795,LBL,38,11,30,495,14850
201412142388400,LBL,16,32,945,490,463050
201412142388123,LBL,33,41,100,489,48900
201412142388308,LICN,26,58,50,3177,158850
201412142388307,LICN,26,25,60,3175,190500
201412142388297,LICN,25,59,78,3160,246480
201412142388267,LICN,25,59,26,3160,82160
201412142388266,LICN,25,16,30,3160,94800
201412142388823,LUBL,42,40,1000,340,340000
201412142388441,LUBL,33,8,100,342,34200
201412142388355,LUBL,35,40,1857,337,625809
201412142388352,LUBL,35,32,1000,336,336000
201412142388161,LUBL,25,6,500,336,168000
201412142388669,MBL,38,1,364,539,196196
201412142388664,MBL,39,3,201,539,108339
201412142388467,MBL,14,1,50,536,26800
201412142388198,MBL,59,42,1000,530,530000
201412142388565,MDBL,26,39,10,145,1450
201412142388174,MDBL,39,39,10,143,1430
201412142388163,MDBL,39,39,10,141,1410
201412142388658,MEGA,54,48,160,408,65280
201412142388548,MEGA,55,58,179,408,73032
201412142388523,MEGA,22,42,30,408,12240
201412142388520,MEGA,22,43,126,407,51282
201412142388503,MEGA,21,39,27,406,10962
201412142388470,MEGA,6,58,106,405,42930
201412142388152,MEGA,5,21,32,402,12864
201412142388150,MEGA,5,21,32,402,12864
201412142388149,MEGA,8,21,32,402,12864
201412142388145,MEGA,8,21,32,402,12864
201412142388115,MEGA,5,21,32,402,12864
201412142388169,MEGA,49,58,28,403,11284
201412142388168,MEGA,49,48,27,402,10854
201412142388167,MEGA,49,21,32,402,12864
201412142388166,MEGA,5,58,32,402,12864
201412142388165,MEGA,8,21,32,402,12864
201412142388153,MEGA,8,21,32,402,12864
201412142388330,MEGA,36,48,677,403,272831
201412142388296,MEGA,49,21,32,403,12896
201412142388279,MEGA,5,38,32,404,12928
201412142388269,MEGA,5,38,32,404,12928
201412142388257,MEGA,54,39,626,400,250400
201412142388175,MEGA,49,52,73,403,29419
201412142388460,MEGA,6,21,32,404,12928
201412142388451,MEGA,21,21,32,404,12928
201412142388450,MEGA,55,55,220,403,88660
201412142388448,MEGA,21,38,32,404,12928
201412142388336,MEGA,21,21,32,403,12896
201412142388334,MEGA,21,21,32,403,12896
201412142388672,NABIL,22,6,26,1910,49660
201412142388436,NABIL,3,22,20,1900,38000
201412142388413,NABIL,3,17,67,1880,125960
201412142388407,NABIL,3,48,63,1875,118125
201412142388827,NABILP,21,44,200,1262,252400
201412142388494,NABILP,39,44,200,1260,252000
201412142388493,NABILP,39,14,200,1260,252000
201412142388527,NBB,35,49,500,470,235000
201412142388512,NBB,35,58,500,470,235000
201412142388511,NBB,35,48,400,470,188000
201412142388473,NBB,35,53,175,467,81725
201412142388472,NBB,35,49,300,466,139800
201412142388466,NBB,32,49,250,465,116250
201412142388445,NBB,40,49,500,466,233000
201412142388322,NBB,40,10,428,465,199020
201412142388321,NBB,40,21,400,463,185200
201412142388320,NBB,40,49,250,462,115500
201412142388810,NBF1,21,6,2997,13,40040
201412142388792,NBF1,21,1,2398,13,31893
201412142388486,NBF1,13,1,2398,13,31774
201412142388463,NBF1,7,10,19310,13,255664
201412142388158,NBF1,13,1,2398,13,31654
201412142388835,NBL,43,49,1000,361,361000
201412142388819,NBL,35,49,2000,361,722000
201412142388587,NBL,45,49,1000,361,361000
201412142388562,NBL,35,33,2000,361,722000
201412142388482,NBL,49,49,500,365,182500
201412142388404,NBL,35,33,2000,360,720000
201412142388156,NBL,45,33,2000,355,710000
201412142388146,NBL,22,49,300,360,108000
201412142388393,NBL,41,49,600,360,216000
201412142388392,NBL,39,49,200,360,72000
201412142388246,NBL,28,49,180,361,64980
201412142388223,NBL,28,49,500,361,180500
201412142388222,NBL,28,25,820,361,296020
201412142388221,NBL,32,49,500,360,180000
201412142388784,NCCB,36,8,200,551,110200
201412142388674,NCCB,33,10,500,545,272500
201412142388673,NCCB,36,10,100,547,54700
201412142388591,NCCB,1,10,500,546,273000
201412142388581,NCCB,34,10,200,545,109000
201412142388580,NCCB,14,10,500,545,272500
201412142388151,NCCB,45,10,200,545,109000
201412142388389,NCCB,33,32,500,549,274500
201412142388335,NCCB,19,10,100,545,54500
201412142388281,NCCB,16,10,100,545,54500
201412142388280,NCCB,22,10,100,546,54600
201412142388275,NCCB,8,8,200,551,110200
201412142388579,NCCB,5,10,200,546,109200
201412142388526,NCCB,33,10,500,545,272500
201412142388524,NCCB,14,54,500,555,277500
201412142388454,NCCB,14,8,200,551,110200
201412142388390,NCCB,33,37,567,550,311850
201412142388657,NHPC,38,11,2000,127,254000
201412142388542,NHPC,48,6,1000,127,127000
201412142388538,NHPC,48,21,1000,127,127000
201412142388521,NHPC,45,6,3000,125,375000
201412142388501,NHPC,54,58,1000,127,127000
201412142388488,NHPC,52,25,1000,126,126000
201412142388113,NHPC,11,10,1000,123,123000
201412142388112,NHPC,38,10,500,123,61500
201412142388111,NHPC,32,10,1000,123,123000
201412142388469,NHPC,39,10,2667,124,330708
201412142388304,NHPC,54,10,1000,123,123000
201412142388303,NHPC,21,10,1000,123,123000
201412142388302,NHPC,41,10,1000,123,123000
201412142388301,NHPC,52,10,1000,124,124000
201412142388114,NHPC,45,10,1000,123,123000
201412142388583,NIB,35,40,529,699,369771
201412142388831,NICA,53,25,20,775,15500
201412142388825,NICA,50,1,133,775,103075
201412142388820,NICA,50,17,135,775,104625
201412142388797,NICA,33,33,500,771,385500
201412142388794,NICA,14,14,20,776,15520
201412142388663,NICA,53,17,69,777,53613
201412142388171,NICA,25,48,250,768,192000
201412142388170,NICA,59,35,1000,768,768000
201412142388319,NICA,36,48,228,771,175788
201412142388314,NICA,13,26,119,770,91630
201412142388300,NICA,38,25,20,771,15420
201412142388272,NICA,41,41,299,770,230230
201412142388260,NICA,44,54,493,769,379117
201412142388255,NICA,42,35,1000,768,768000
201412142388456,NICA,51,45,151,770,116270
201412142388414,NICA,50,44,1000,770,770000
201412142388397,NICA,6,25,21,772,16212
201412142388358,NICA,6,32,22,772,16984
201412142388340,NICA,25,54,578,770,445060
201412142388328,NICA,49,5,35,772,27020
201412142388525,NICA,1,6,925,772,714100
201412142388508,NICA,7,44,1000,770,770000
201412142388495,NICA,13,17,208,774,160992
201412142388492,NICA,53,41,17,773,13141
201412142388489,NICA,38,42,15,771,11565
201412142388459,NICA,13,22,90,771,69390
201412142388651,NICA,41,43,15,775,11625
201412142388628,NICA,41,51,20,775,15500
201412142388627,NICA,41,51,20,775,15500
201412142388588,NICA,52,26,200,772,154400
201412142388563,NICA,32,32,60,774,46440
201412142388536,NICA,44,44,1000,771,771000
201412142388394,NIL,55,37,200,705,141000
201412142388295,NLBBL,21,58,10,925,9250
201412142388157,NLBBL,41,58,10,910,9100
201412142388244,NLG,43,17,26,740,19240
201412142388219,NLG,43,17,26,740,19240
201412142388195,NLG,43,17,26,740,19240
201412142388780,NLIC,21,16,50,3945,197250
201412142388775,NLIC,57,44,365,3937,1437005
201412142388670,NLIC,57,59,50,3930,196500
201412142388391,NLIC,21,28,126,3920,493920
201412142388800,NLICL,25,52,166,2185,362710
201412142388617,NLICL,7,42,100,2170,217000
201412142388616,NLICL,7,44,100,2169,216900
201412142388585,NLICL,21,21,50,2170,108500
201412142388574,NLICL,21,11,24,2150,51600
201412142388410,NLICL,7,49,100,2169,216900
201412142388356,NLICL,7,26,100,2165,216500
201412142388284,NLICL,11,49,100,2150,215000
201412142388164,NLICL,35,44,100,2149,214900
201412142388159,NLICL,35,20,295,2148,633660
201412142388618,NUBL,21,22,30,1062,31860
201412142388592,NUBL,21,11,45,1060,47700
201412142388516,NUBL,14,54,14,1050,14700
201412142388815,PCBL,55,6,308,530,163240
201412142388798,PCBL,32,44,453,531,240543
201412142388666,PCBL,6,44,472,531,250632
201412142388662,PCBL,32,44,500,531,265500
201412142388654,PCBL,52,19,201,531,106731
201412142388624,PCBL,32,36,154,530,81620
201412142388254,PCBL,41,36,100,527,52700
201412142388154,PCBL,25,25,73,526,38398
201412142388415,PCBL,55,19,115,526,60490
201412142388395,PCBL,25,8,12,527,6324
201412142388388,PCBL,6,36,209,524,109516
201412142388361,PCBL,25,36,292,525,153300
201412142388305,PCBL,36,36,269,526,141494
201412142388270,PCBL,1,36,100,525,52500
201412142388550,PCBL,32,19,500,530,265000
201412142388541,PCBL,32,6,106,530,56180
201412142388540,PCBL,32,42,100,530,53000
201412142388529,PCBL,32,44,1000,528,528000
201412142388510,PCBL,8,14,194,529,102626
201412142388440,PCBL,55,8,121,527,63767
201412142388623,PCBL,8,36,69,531,36639
201412142388590,PCBL,26,44,500,529,264500
201412142388586,PCBL,43,45,275,530,145750
201412142388578,PCBL,32,39,41,531,21771
201412142388575,PCBL,32,47,28,531,14868
201412142388568,PCBL,37,45,500,530,265000
201412142388408,PIC,40,8,39,848,33072
201412142388256,REDBL,41,46,56,184,10304
201412142388547,RHPC,6,53,220,499,109780
201412142388286,RHPC,11,53,110,499,54890
201412142388573,RMDC,26,16,20,734,14680
201412142388462,SADBL,6,47,100,303,30300
201412142388834,SANIMA,17,45,484,529,256036
201412142388549,SANIMA,44,17,500,528,264000
201412142388483,SANIMA,14,45,342,526,179892
201412142388147,SANIMA,41,45,500,528,264000
201412142388830,SBBLJ,58,59,10,530,5300
201412142388813,SBI,26,44,300,989,296700
201412142388559,SBI,25,6,84,985,82740
201412142388558,SBI,25,44,500,984,492000
201412142388351,SBI,25,47,86,980,84280
201412142388817,SBL,1,42,300,625,187500
201412142388543,SBL,37,40,100,629,62900
201412142388534,SBL,42,57,500,625,312500
201412142388533,SBL,42,44,500,625,312500
201412142388507,SBL,25,45,253,624,157872
201412142388497,SBL,25,13,64,624,39936
201412142388148,SBL,25,25,100,614,61400
201412142388122,SBL,14,48,100,624,62400
201412142388571,SCB,35,22,22,1922,42284
201412142388570,SCB,35,3,200,1915,383000
201412142388569,SCB,35,6,20,1915,38300
201412142388566,SCB,38,3,100,1914,191400
201412142388557,SCB,21,21,79,1900,150100
201412142388535,SCB,39,14,94,1914,179916
201412142388403,SCB,5,8,625,1900,1187500
201412142388326,SCB,20,3,200,1910,382000
201412142388298,SCB,16,53,75,1902,142650
201412142388309,SEWA,38,57,20,300,6000
201412142388285,SEWA,16,38,20,300,6000
201412142388282,SEWA,38,21,148,295,43660
201412142388329,SHINE,48,58,200,325,65000
201412142388312,SHINE,11,54,100,321,32100
201412142388313,SHL,26,32,300,482,144600
201412142388788,SHPC,35,55,18,737,13266
201412142388781,SHPC,35,22,36,730,26280
201412142388671,SHPC,35,16,18,725,13050
201412142388668,SHPC,35,41,72,724,52128
201412142388576,SHPC,13,42,59,714,42126
201412142388498,SHPC,7,41,148,710,105080
201412142388339,SHPC,53,55,148,690,102120
201412142388332,SHPC,57,55,148,691,102268
201412142388278,SHPC,57,55,18,694,12492
201412142388160,SHPC,37,16,114,692,78888
201412142388478,SHPC,57,50,795,700,556500
201412142388465,SHPC,37,44,1100,695,764500
201412142388452,SHPC,28,49,300,700,210000
201412142388444,SHPC,28,17,30,700,21000
201412142388347,SHPC,1,28,1100,693,762300
201412142388342,SHPC,21,55,148,690,102120
201412142388553,SIL,26,11,471,750,353250
201412142388118,SIL,43,55,12,748,8976
201412142388782,SLICL,25,55,16,660,10560
201412142388277,SLICL,36,58,45,658,29610
201412142388120,SLICL,36,7,83,654,54282
201412142388826,SRBL,14,34,500,406,203000
201412142388822,SRBL,14,6,61,406,24766
201412142388816,SRBL,14,8,53,406,21518
201412142388773,SRBL,33,34,500,405,202500
201412142388650,SRBL,53,38,226,404,91304
201412142388519,SRBL,32,38,1000,403,403000
201412142388348,SRBL,17,16,81,396,32076
201412142388518,SRBL,32,11,300,401,120300
201412142388517,SRBL,32,22,170,400,68000
201412142388513,SRBL,48,39,101,400,40400
201412142388442,SRBL,22,8,53,399,21147
201412142388416,SRBL,22,45,64,399,25536
201412142388396,SRBL,26,54,31,397,12307
201412142388809,SUBBL,20,39,123,300,36900
201412142388656,SUPRME,22,36,200,146,29200
201412142388572,SWBBL,20,20,766,1785,1367310
201412142388824,SYFL,1,21,409,89,36401
201412142388774,VBBL,22,33,500,129,64500
201412142388532,VBBL,11,54,160,131,20960
201412142388337,VBBL,11,14,40,131,5240
201412142388253,WDBL,44,44,12,195,2340
201412142388220,WDBL,44,44,12,196,2352
201412142388162,WDBL,44,44,12,196,2352
201412142388619,YETI,5,25,53,130,6890
201412142388276,YETI,1,25,35,128,4480
201412142388261,YETI,38,25,90,127,11430
201412142388259,YETI,38,39,22,127,2794
201412142388251,YETI,38,25,11,126,1386
201412142388249,YETI,38,25,40,126,5040
201412142388248,YETI,38,25,60,126,7560
201412142388173,YETI,38,25,11,126,1386
201412142388172,YETI,38,17,30,126,3780
201412142387645,ADBL,50,6,40,478,19120
201412142387638,ADBL,14,25,90,483,43470
201412142387636,ADBL,14,25,100,483,48300
201412142387613,ADBL,6,6,200,484,96800
201412142387610,ADBL,6,40,50,484,24200
201412142388098,AHPC,25,25,184,371,68264
201412142388061,AHPC,47,49,42,376,15792
201412142388053,AHPC,42,17,164,376,61664
201412142388043,AHPC,42,26,300,375,112500
201412142388011,AHPC,42,13,41,374,15334
201412142387940,AHPC,13,28,21,370,7770
201412142387934,AHPC,45,28,500,369,184500
201412142387724,AIC,28,28,275,411,113025
201412142387815,ALICL,14,21,66,1115,73590
201412142387939,APEX,38,25,22,123,2706
201412142387938,APEX,38,32,80,123,9840
201412142387908,APEX,58,52,2000,121,242000
201412142387736,APEX,5,5,20,119,2380
201412142387729,APEX,58,5,22,120,2640
201412142387726,APEX,25,5,22,121,2662
201412142387599,APEX,25,25,891,122,108702
201412142387785,ARDBL,14,11,42,144,6048
201412142387711,ARDBL,14,16,30,146,4380
201412142388080,BLDBL,21,43,60,440,26400
201412142388044,BLDBL,32,58,769,438,336822
201412142388042,BLDBL,58,58,200,436,87200
201412142387994,BLDBL,58,43,200,436,87200
201412142387978,BLDBL,58,22,16,436,6976
201412142387781,BLDBL,19,41,225,433,97425
201412142387546,BLDBL,41,58,310,433,134230
201412142387764,BUDBL,57,46,830,173,143590
201412142388083,CBL,20,5,864,262,226368
201412142388035,CBL,54,45,108,265,28620
201412142387990,CBL,39,11,43,265,11395
201412142387888,CBL,52,32,26,264,6864
201412142387793,CBL,42,6,26,263,6838
201412142387713,CBL,46,41,61,262,15982
201412142387612,CBL,37,8,98,262,25676
201412142387608,CBL,32,8,399,261,104139
201412142387607,CBL,50,8,399,262,104538
201412142387552,CBL,25,45,135,265,35775
201412142387539,CBL,21,58,17,262,4454
201412142388057,CCBL,48,5,153,270,41310
201412142388040,CCBL,21,26,40,272,10880
201412142388030,CCBL,21,26,40,272,10880
201412142388027,CCBL,21,26,40,272,10880
201412142387975,CCBL,21,5,40,272,10880
201412142387957,CCBL,57,5,31,271,8401
201412142387759,CCBL,50,6,40,273,10920
201412142387758,CCBL,50,6,40,273,10920
201412142387704,CCBL,33,58,500,271,135500
201412142387587,CCBL,33,16,688,270,185760
201412142387565,CCBL,1,55,153,270,41310
201412142387536,CCBL,57,6,40,271,10840
201412142387838,CCBL,42,8,40,272,10880
201412142387836,CCBL,42,8,40,272,10880
201412142387831,CCBL,42,8,40,272,10880
201412142387806,CCBL,33,6,40,273,10920
201412142387803,CCBL,40,58,306,272,83232
201412142387760,CCBL,50,6,40,273,10920
201412142387906,CCBL,57,34,40,271,10840
201412142387901,CCBL,57,34,40,271,10840
201412142387889,CCBL,57,34,40,271,10840
201412142387885,CCBL,57,34,40,271,10840
201412142387876,CCBL,42,6,40,272,10880
201412142387872,CCBL,42,6,40,272,10880
201412142387910,CDBL,22,8,46,365,16790
201412142387840,CDBL,49,1,100,370,37000
201412142387823,CDBL,49,49,31,370,11470
201412142387805,CDBL,34,32,46,370,17020
201412142387804,CDBL,49,49,31,369,11439
201412142387800,CDBL,49,49,15,369,5535
201412142387799,CDBL,49,49,15,369,5535
201412142387797,CDBL,34,49,31,369,11439
201412142387787,CDBL,34,49,15,369,5535
201412142387778,CDBL,34,49,31,369,11439
201412142388090,CHCL,5,43,30,1670,50100
201412142388063,CHCL,20,5,238,1669,397222
201412142388062,CHCL,20,8,520,1668,867360
201412142388054,CHCL,35,44,1281,1660,2126460
201412142388052,CHCL,35,13,665,1660,1103900
201412142388039,CHCL,41,39,200,1662,332400
201412142387647,CHCL,19,55,200,1650,330000
201412142387582,CHCL,41,39,154,1655,254870
201412142387568,CHCL,50,20,166,1655,274730
201412142387556,CHCL,42,39,67,1660,111220
201412142387544,CHCL,49,49,100,1655,165500
201412142387532,CHCL,37,1,286,1655,473330
201412142387792,CHCL,45,54,170,1653,281010
201412142387777,CHCL,22,53,20,1660,33200
201412142387776,CHCL,22,16,100,1654,165400
201412142387763,CHCL,53,49,187,1659,310233
201412142387737,CHCL,22,21,35,1658,58030
201412142387714,CHCL,37,39,115,1651,189865
201412142387845,CHCL,35,33,112,1652,185024
201412142387837,CHCL,50,55,100,1654,165400
201412142387822,CHCL,7,55,200,1655,331000
201412142387809,CHCL,38,55,70,1655,115850
201412142387808,CHCL,56,55,50,1655,82750
201412142387807,CHCL,22,55,80,1661,132880
201412142388032,CHCL,53,39,160,1661,265760
201412142388010,CHCL,45,13,500,1657,828500
201412142387954,CHCL,5,39,100,1660,166000
201412142387924,CHCL,41,26,269,1659,446271
201412142387923,CHCL,35,54,500,1657,828500
201412142387892,CHCL,35,26,141,1658,233778
201412142387796,CIT,46,45,11,2900,31900
201412142387794,CIT,51,47,35,2850,99750
201412142387735,CIT,37,47,100,2843,284300
201412142387719,CIT,47,50,60,2865,171900
201412142387642,CNDBL,22,50,100,175,17500
201412142387635,CNDBL,22,17,20,175,3500
201412142387634,CNDBL,22,17,20,175,3500
201412142387633,CNDBL,22,17,20,175,3500
201412142387632,CNDBL,22,17,20,175,3500
201412142387631,CNDBL,22,17,20,175,3500
201412142387618,CNDBL,22,17,20,175,3500
201412142387617,CNDBL,22,17,20,175,3500
201412142387616,CNDBL,22,17,20,175,3500
201412142387624,CNDBL,22,17,20,175,3500
201412142387623,CNDBL,22,17,20,175,3500
201412142387622,CNDBL,22,17,20,175,3500
201412142387621,CNDBL,22,17,20,175,3500
201412142387620,CNDBL,22,17,20,175,3500
201412142387619,CNDBL,22,17,20,175,3500
201412142387630,CNDBL,22,17,20,175,3500
201412142387629,CNDBL,22,17,20,175,3500
201412142387628,CNDBL,22,17,20,175,3500
201412142387627,CNDBL,22,17,20,175,3500
201412142387626,CNDBL,22,17,20,175,3500
201412142387625,CNDBL,22,17,20,175,3500
201412142387867,CZBIL,33,17,798,418,333564
201412142387841,CZBIL,35,6,210,417,87570
201412142387828,CZBIL,33,45,500,415,207500
201412142387817,CZBIL,48,14,90,416,37440
201412142387816,CZBIL,33,47,294,415,122010
201412142387813,CZBIL,33,10,54,415,22410
201412142387774,CZBIL,40,55,337,410,138170
201412142387676,CZBIL,1,45,81,411,33291
201412142388086,EBL,48,10,100,1865,186500
201412142388085,EBL,42,10,100,1900,190000
201412142388082,EBL,42,47,50,1900,95000
201412142388081,EBL,42,48,50,1899,94950
201412142388069,EBL,42,44,100,1880,188000
201412142388036,EBL,6,10,300,1865,559500
201412142387699,EBL,42,6,30,1855,55650
201412142387596,EBL,58,47,100,1855,185500
201412142387571,EBL,34,16,23,1863,42849
201412142387561,EBL,42,3,22,1855,40810
201412142387879,EBL,59,52,50,1863,93150
201412142387874,EBL,6,32,56,1861,104216
201412142387827,EBL,35,35,500,1850,925000
201412142387798,EBL,47,47,100,1860,186000
201412142387771,EBL,25,32,107,1855,198485
201412142387728,EBL,58,33,100,1850,185000
201412142387949,EBL,35,48,100,1869,186900
201412142387937,EBL,42,48,100,1867,186700
201412142387936,EBL,42,47,100,1866,186600
201412142387907,EBL,38,8,42,1866,78372
201412142387903,EBL,38,44,100,1864,186400
201412142387896,EBL,22,44,100,1860,186000
201412142388002,EBL,42,11,92,1875,172500
201412142388001,EBL,16,10,200,1867,373400
201412142388000,EBL,16,10,100,1869,186900
201412142387999,EBL,51,10,200,1870,374000
201412142387998,EBL,7,10,200,1871,374200
201412142387899,EDBL,58,44,100,653,65300
201412142387942,EKBL,13,21,33,190,6270
201412142387919,EKBL,13,21,33,190,6270
201412142387811,EKBL,19,21,33,190,6270
201412142387802,EKBL,13,21,33,190,6270
201412142387790,EKBL,26,21,33,190,6270
201412142387637,EKBL,19,39,99,190,18810
201412142387871,FMDBL,5,14,108,837,90396
201412142387829,FMDBL,14,26,20,821,16420
201412142387795,FMDBL,14,26,20,805,16100
201412142387720,FMDBL,5,26,20,790,15800
201412142388104,GBIME,6,55,264,508,134112
201412142388103,GBIME,17,45,290,510,147900
201412142388102,GBIME,17,13,30,510,15300
201412142388077,GBIME,6,42,122,510,62220
201412142388018,GBIME,7,44,96,509,48864
201412142387581,GBIME,22,22,200,505,101000
201412142387574,GBIME,32,44,75,508,38100
201412142387826,GLICL,6,16,87,539,46893
201412142387821,GLICL,7,16,190,541,102790
201412142387646,GLICL,52,7,192,543,104256
201412142387639,GLICL,21,7,472,542,255824
201412142387611,GLICL,41,7,28,550,15400
201412142387974,GMFIL,28,45,17,280,4760
201412142387971,GMFIL,28,45,147,275,40425
201412142387966,GRAND,13,3,500,170,85000
201412142387722,GRAND,13,32,100,169,16900
201412142387555,GRAND,6,38,1000,169,169000
201412142387995,HBDL,6,40,500,99,49500
201412142388013,HDL,35,22,30,431,12930
201412142388008,HDL,35,22,150,431,64650
201412142387997,HDL,35,16,20,431,8620
201412142387959,HDL,48,11,200,424,84800
201412142387723,ICFC,22,22,150,252,37800
201412142388066,IDBL,5,37,20,158,3160
201412142387609,IDBL,22,39,250,155,38750
201412142387579,IDBL,33,10,440,157,69080
201412142388055,INDBL,13,6,500,163,81500
201412142387989,INDBL,39,8,44,162,7128
201412142387884,INDBL,48,8,44,160,7040
201412142387880,INDBL,13,8,44,161,7084
201412142387905,INDBL,13,38,71,161,11431
201412142388015,JBBL,40,17,60,157,9420
201412142388014,JBBL,40,48,10,156,1560
201412142387950,JBNL,42,8,109,250,27250
201412142387576,JBNL,17,10,271,247,66937
201412142387643,JEFL,28,6,200,150,30000
201412142387875,KBL,48,53,500,384,192000
201412142387818,KBL,49,49,29,382,11078
201412142388107,KDBL,5,21,30,120,3600
201412142388087,KDBL,5,54,141,121,17061
201412142387972,KDBL,5,47,41,121,4961
201412142387968,KDBL,5,25,82,121,9922
201412142387967,KDBL,5,5,60,120,7200
201412142387563,KDBL,22,45,500,119,59500
201412142387952,LBL,33,56,500,491,245500
201412142387933,LBL,22,22,20,487,9740
201412142387534,LBL,38,21,155,487,75485
201412142387570,LFLC,52,52,300,189,56700
201412142387564,LFLC,52,28,98,192,18816
201412142387943,LICN,17,54,90,3102,279180
201412142388105,LLBS,32,14,92,610,56120
201412142388079,LLBS,21,5,10,607,6070
201412142388073,LLBS,21,5,10,607,6070
201412142388059,LLBS,21,58,41,611,25051
201412142387920,LLBS,32,58,41,610,25010
201412142387917,LLBS,32,58,41,610,25010
201412142387537,LLBS,21,39,10,612,6120
201412142387554,LLBS,21,39,10,612,6120
201412142387549,LLBS,21,39,10,612,6120
201412142387547,LLBS,21,6,10,612,6120
201412142387545,LLBS,21,39,10,612,6120
201412142387542,LLBS,21,39,10,612,6120
201412142387541,LLBS,21,6,10,612,6120
201412142387914,LLBS,32,58,41,610,25010
201412142387897,LLBS,19,58,41,610,25010
201412142387877,LLBS,19,58,41,610,25010
201412142387873,LLBS,19,58,41,610,25010
201412142387839,LLBS,19,58,41,610,25010
201412142387557,LLBS,21,39,10,612,6120
201412142388074,LUBL,59,21,632,336,212352
201412142388071,LUBL,59,34,57,336,19152
201412142388068,LUBL,38,32,1000,335,335000
201412142388065,LUBL,25,1,173,334,57782
201412142388064,LUBL,25,7,1000,334,334000
201412142388049,LUBL,53,32,1000,331,331000
201412142388022,LUBL,33,32,10000,325,3250000
201412142387898,LUBL,13,40,1000,329,329000
201412142388078,MBL,53,19,22,526,11572
201412142387956,MBL,37,1,500,529,264500
201412142387895,MBL,37,1,300,529,158700
201412142387883,MBL,37,1,200,529,105800
201412142387786,MBL,7,8,572,529,302588
201412142387589,MBL,49,50,95,527,50065
201412142387569,MBL,53,41,300,526,157800
201412142388048,MDBL,39,39,10,139,1390
201412142388041,MDBL,39,39,10,137,1370
201412142388031,MDBL,47,39,10,135,1350
201412142388070,MEGA,5,19,32,402,12864
201412142388047,MEGA,11,21,32,400,12800
201412142388029,MEGA,17,17,25,400,10000
201412142388021,MEGA,17,17,25,400,10000
201412142388012,MEGA,17,17,25,400,10000
201412142387955,MEGA,21,21,601,398,239198
201412142387553,MEGA,28,28,31,398,12338
201412142387951,MEGA,5,34,32,401,12832
201412142387927,MEGA,58,21,508,400,203200
201412142387916,MEGA,42,34,32,400,12800
201412142387775,MEGA,6,6,583,400,233200
201412142387701,MEGA,58,40,347,398,138106
201412142387606,MEGA,52,41,10,397,3970
201412142387769,MMDBL,16,45,10,402,4020
201412142387768,MMDBL,16,45,10,402,4020
201412142387767,MMDBL,16,45,10,402,4020
201412142387814,MNBBL,21,45,200,475,95000
201412142387648,MNBBL,41,45,100,475,47500
201412142387922,NABIL,38,3,16,1887,30192
201412142387830,NABIL,6,3,21,1850,38850
201412142387820,NABIL,16,3,173,1845,319185
201412142387812,NABIL,48,54,65,1846,119990
201412142387533,NABIL,22,16,36,1872,67392
201412142388003,NABILP,33,44,200,1260,252000
201412142387982,NBB,36,49,200,462,92400
201412142387900,NBB,33,49,100,460,46000
201412142387600,NBB,54,54,950,463,439850
201412142387543,NBB,54,49,1000,461,461000
201412142387893,NBBL,49,49,10,1616,16160
201412142387958,NBF1,7,6,2997,13,39261
201412142387941,NBF1,13,1,2398,13,31414
201412142387894,NBF1,5,1,2398,13,31174
201412142388075,NBL,25,49,500,361,180500
201412142388033,NBL,19,49,300,360,108000
201412142388019,NBL,5,58,300,360,108000
201412142387992,NBL,41,17,903,358,323274
201412142387870,NBL,35,6,1000,356,356000
201412142387869,NBL,35,6,2000,355,710000
201412142387865,NBL,17,28,446,353,157438
201412142387707,NBL,1,45,500,354,177000
201412142387604,NBSL,32,32,40,291,11640
201412142387602,NBSL,32,32,163,291,47433
201412142387996,NCCB,25,8,200,551,110200
201412142387987,NCCB,46,8,200,551,110200
201412142387948,NCCB,58,10,500,545,272500
201412142387947,NCCB,14,10,100,546,54600
201412142387603,NCCB,1,13,490,554,271460
201412142387946,NCCB,22,10,100,548,54800
201412142387945,NCCB,22,10,100,548,54800
201412142387944,NCCB,47,10,150,550,82500
201412142387921,NCCB,49,49,609,549,334341
201412142387911,NCCB,49,49,500,554,277000
201412142387833,NCM,13,52,127,216,27432
201412142387825,NCM,13,52,100,216,21600
201412142387819,NCM,13,52,100,216,21600
201412142387725,NCM,13,54,615,220,135300
201412142388092,NHPC,10,10,1500,122,183000
201412142388076,NHPC,55,10,1000,124,124000
201412142388050,NHPC,1,10,1000,124,124000
201412142388046,NHPC,55,10,1000,124,124000
201412142388045,NHPC,55,10,1000,124,124000
201412142388037,NHPC,38,3,2000,123,246000
201412142387614,NHPC,43,58,1000,124,124000
201412142387977,NHPC,32,10,1000,123,123000
201412142387963,NHPC,41,10,500,125,62500
201412142387962,NHPC,26,10,500,125,62500
201412142387961,NHPC,19,10,500,126,63000
201412142387953,NHPC,11,49,1000,125,125000
201412142387697,NHPC,20,45,1000,126,126000
201412142388095,NIB,35,35,1528,695,1061960
201412142388034,NIB,35,35,721,695,501095
201412142387780,NIB,25,48,200,690,138000
201412142387779,NIB,19,48,300,691,207300
201412142387567,NIB,48,5,100,702,70200
201412142388100,NICA,7,7,10,771,7710
201412142388093,NICA,7,17,128,771,98688
201412142388084,NICA,44,44,1260,767,966420
201412142388058,NICA,19,48,288,768,221184
201412142387991,NICA,7,17,292,768,224256
201412142387973,NICA,7,17,400,768,307200
201412142387705,NICA,58,51,30,769,23070
201412142387772,NICA,42,54,500,761,380500
201412142387766,NICA,1,55,500,762,381000
201412142387733,NICA,11,33,60,765,45900
201412142387718,NICA,38,25,51,771,39321
201412142387717,NICA,38,32,50,770,38500
201412142387706,NICA,58,51,25,769,19225
201412142387928,NICA,10,48,661,762,503682
201412142387918,NICA,36,35,230,765,175950
201412142387882,NICA,42,17,100,768,76800
201412142387866,NICA,49,6,552,766,422832
201412142387832,NICA,42,49,25,768,19200
201412142387789,NICA,17,44,100,767,76700
201412142388060,NLBBL,21,58,10,895,8950
201412142388005,NLBBL,21,58,10,882,8820
201412142388101,NLG,26,17,26,740,19240
201412142387824,NLIC,20,28,10,3915,39150
201412142387615,NLIC,20,45,120,3915,469800
201412142387784,NLICL,28,28,100,2126,212600
201412142387783,NLICL,21,28,100,2127,212700
201412142387782,NLICL,19,28,100,2130,213000
201412142387791,NTC,8,8,520,610,317200
201412142388025,OHL,59,28,10,636,6360
201412142388026,PCBL,1,39,100,525,52500
201412142387970,PCBL,32,36,500,526,263000
201412142387960,PCBL,32,51,476,526,250376
201412142387932,PCBL,32,47,207,526,108882
201412142387931,PCBL,32,51,33,525,17325
201412142387930,PCBL,32,39,48,525,25200
201412142387535,PCBL,25,32,309,519,160371
201412142387926,PCBL,32,5,31,525,16275
201412142387844,PCBL,21,35,336,524,176064
201412142387834,PCBL,21,38,23,522,12006
201412142387598,PCBL,33,47,1000,522,522000
201412142387586,PCBL,1,42,193,520,100360
201412142387577,PCBL,1,42,193,520,100360
201412142388056,PDBL,47,40,300,206,61800
201412142387715,PIC,40,45,10,848,8480
201412142387550,PIC,40,1,40,848,33920
201412142387674,PICL,5,17,190,443,84170
201412142387929,REDBL,14,51,687,182,125034
201412142387594,REDBL,5,41,19,184,3496
201412142387590,REDBL,5,41,19,184,3496
201412142387965,RMDC,26,22,135,724,97740
201412142387964,RMDC,26,39,129,720,92880
201412142387868,RMDC,49,49,13,710,9230
201412142387810,RMDC,13,39,99,711,70389
201412142387765,RMDC,25,25,33,710,23430
201412142387762,RMDC,25,25,33,710,23430
201412142387675,RMDC,25,25,33,708,23364
201412142387649,RMDC,25,25,33,708,23364
201412142387548,RMDC,8,25,33,710,23430
201412142387757,RMDC,25,25,33,710,23430
201412142387734,RMDC,25,25,33,710,23430
201412142387732,RMDC,25,25,33,710,23430
201412142387716,RMDC,25,25,33,709,23397
201412142387712,RMDC,25,25,33,709,23397
201412142387703,RMDC,25,25,33,708,23364
201412142387709,SADBL,42,39,10,298,2980
201412142387708,SADBL,17,17,277,294,81438
201412142387650,SADBL,17,39,10,293,2930
201412142388097,SANIMA,25,43,500,527,263500
201412142388089,SANIMA,33,21,500,525,262500
201412142387993,SANIMA,14,38,1000,524,524000
201412142387981,SANIMA,42,6,500,524,262000
201412142387980,SANIMA,42,14,500,524,262000
201412142387761,SANIMA,7,10,500,523,261500
201412142387652,SANIMA,48,10,300,520,156000
201412142387651,SANIMA,49,10,100,521,52100
201412142387644,SANIMA,42,8,500,518,259000
201412142388099,SBBLJ,50,45,500,520,260000
201412142387727,SBBLJ,6,45,40,510,20400
201412142388072,SBI,59,19,24,975,23400
201412142387979,SBI,26,44,500,980,490000
201412142387583,SBI,58,45,35,980,34300
201412142388106,SBL,22,10,500,618,309000
201412142387986,SBL,25,54,148,618,91464
201412142387983,SBL,25,1,147,617,90699
201412142387935,SBL,7,54,48,617,29616
201412142387890,SBL,45,54,783,610,477630
201412142387721,SBL,14,36,500,610,305000
201412142387702,SBL,48,48,100,617,61700
201412142387591,SBL,25,25,322,612,197064
201412142387559,SBL,19,25,40,618,24720
201412142387558,SBL,53,54,500,615,307500
201412142387909,SCB,6,3,60,1900,114000
201412142387887,SCB,48,28,99,1890,187110
201412142387731,SCB,46,3,500,1890,945000
201412142387801,SDBL,8,32,200,145,29000
201412142387730,SDBL,38,38,1080,144,155520
201412142387985,SEOS,35,5,5000,11,53250
201412142387904,SEOS,19,21,2000,11,21160
201412142387976,SETI,32,59,25,166,4150
201412142387710,SETI,59,59,25,166,4150
201412142387698,SETI,59,59,25,166,4150
201412142387653,SETI,59,59,25,166,4150
201412142387640,SETI,59,59,25,166,4150
201412142387601,SETI,59,59,25,166,4150
201412142387585,SETI,59,59,25,166,4150
201412142387566,SETI,59,59,25,166,4150
201412142387562,SETI,59,59,25,166,4150
201412142387551,SETI,59,59,25,166,4150
201412142387538,SETI,32,59,25,165,4125
201412142387597,SEWA,16,57,10,295,2950
201412142388028,SFL,14,16,504,133,67032
201412142388024,SFL,14,16,192,132,25344
201412142388023,SFL,14,16,96,132,12672
201412142388020,SFL,14,16,96,132,12672
201412142388017,SFL,14,16,216,132,28512
201412142388016,SFL,14,16,192,132,25344
201412142388009,SFL,14,16,240,132,31680
201412142388007,SFL,14,16,96,132,12672
201412142388006,SFL,14,16,216,132,28512
201412142387835,SFL,14,26,72,130,9360
201412142387641,SHINE,21,39,100,321,32100
201412142387770,SHL,26,11,120,482,57840
201412142387700,SHL,14,11,100,473,47300
201412142387540,SHL,14,11,100,464,46400
201412142387881,SHPC,22,7,136,686,93296
201412142387878,SHPC,19,1,327,685,223995
201412142387696,SHPC,22,7,500,685,342500
201412142387673,SHPC,6,7,200,685,137000
201412142387605,SHPC,41,7,100,685,68500
201412142387595,SHPC,41,7,100,685,68500
201412142387593,SHPC,21,7,200,685,137000
201412142387578,SHPC,25,7,200,686,137200
201412142387573,SHPC,13,7,50,687,34350
201412142387969,SIGS1,26,40,10000,15,147500
201412142387843,SIGS1,49,40,50000,15,732500
201412142387584,SIGS1,54,40,50000,15,735000
201412142387988,SKBBL,17,17,12,1150,13800
201412142387984,SKBBL,17,17,12,1150,13800
201412142387925,SLICL,22,22,34,646,21964
201412142387891,SLICL,36,22,34,645,21930
201412142387886,SLICL,59,22,68,648,44064
201412142387842,SLICL,59,16,20,648,12960
201412142387592,SLICL,47,6,200,644,128800
201412142387588,SLICL,59,6,210,648,136080
201412142387560,SLICL,59,10,200,655,131000
201412142388094,SRBL,32,5,71,395,28045
201412142387915,SRBL,17,51,64,390,24960
201412142387913,SRBL,17,51,48,390,18720
201412142387902,SRBL,42,45,537,388,208356
201412142387788,SRBL,26,55,218,389,84802
201412142387575,SRBL,42,59,55,390,21450
201412142388096,UFCL,39,16,88,102,8976
201412142388091,UFCL,25,16,88,100,8800
201412142388038,UFCL,11,16,284,99,28116
201412142388004,UIC,5,43,34,889,30226
201412142387912,VBBL,45,49,1000,129,129000
201412142387773,VBBL,7,7,20,131,2620
201412142387580,VBBL,7,7,20,131,2620
201412142388067,WDBL,40,44,12,200,2400
201412142388051,WDBL,55,44,12,199,2388
201412142387572,WDBL,55,52,1000,196,196000
201412142388088,YETI,38,21,50,125,6250
201412142387491,AHPC,17,13,41,370,15170
201412142387318,AHPC,17,43,18,370,6660
201412142387314,AHPC,42,43,18,371,6678
201412142387296,AHPC,42,25,180,371,66780
201412142387169,AHPC,17,7,201,372,74772
201412142387127,AHPC,45,26,500,378,189000
201412142387119,AHPC,26,26,470,385,180950
201412142387106,AHPC,26,34,200,385,77000
201412142387100,AHPC,26,41,16,380,6080
201412142387096,AHPC,20,41,16,381,6096
201412142386999,AHPC,45,38,382,385,147070
201412142387471,ALICL,57,57,11,1110,12210
201412142387329,ALICL,14,45,74,1118,82732
201412142387166,ALICL,58,55,80,1140,91200
201412142387165,ALICL,47,55,30,1141,34230
201412142387149,ALICL,58,54,120,1140,136800
201412142387143,ALICL,38,38,46,1155,53130
201412142387110,ALICL,38,55,200,1160,232000
201412142387288,ARDBL,22,22,125,148,18500
201412142387253,ARDBL,14,5,40,146,5840
201412142387203,ARDBL,22,22,21,144,3024
201412142387295,BLDBL,41,41,84,434,36456
201412142387261,BLDBL,11,43,100,439,43900
201412142387118,BLDBL,17,17,138,439,60582
201412142387025,BLDBL,45,6,30,431,12930
201412142387368,BPCL,11,32,20,582,11640
201412142387476,BSBL,45,25,30,300,9000
201412142387175,BSBL,45,26,70,300,21000
201412142387030,BSBL,45,50,5309,300,1592700
201412142387530,CBL,34,58,17,263,4471
201412142387525,CBL,34,58,340,263,89420
201412142387524,CBL,52,58,300,263,78900
201412142387523,CBL,39,58,90,263,23670
201412142387522,CBL,42,58,170,263,44710
201412142387494,CBL,42,47,30,263,7890
201412142387045,CBL,40,33,435,272,118320
201412142387043,CBL,40,33,1528,270,412560
201412142387177,CBL,47,10,26,265,6890
201412142387107,CBL,41,41,122,265,32330
201412142387092,CBL,59,10,26,268,6968
201412142387068,CBL,28,28,36,270,9720
201412142387051,CBL,40,28,36,275,9900
201412142387049,CBL,40,57,1000,274,274000
201412142387398,CBL,40,45,200,265,53000
201412142387354,CBL,25,40,1000,267,267000
201412142387326,CBL,39,40,1000,267,267000
201412142387308,CBL,40,47,30,265,7950
201412142387303,CBL,52,59,82,265,21730
201412142387298,CBL,28,59,55,266,14630
201412142387484,CBL,37,36,193,264,50952
201412142387457,CBL,47,58,500,264,132000
201412142387456,CBL,34,58,100,264,26400
201412142387455,CBL,28,58,200,265,53000
201412142387454,CBL,40,58,100,265,26500
201412142387406,CBL,40,45,165,265,43725
201412142387512,CCBL,57,44,31,271,8401
201412142387511,CCBL,57,6,40,271,10840
201412142387437,CCBL,28,39,40,269,10760
201412142387432,CCBL,28,39,40,269,10760
201412142387427,CCBL,28,39,40,269,10760
201412142387414,CCBL,37,6,40,270,10800
201412142387000,CCBL,49,49,499,282,140718
201412142387056,CCBL,50,52,24,276,6624
201412142387028,CCBL,55,40,276,278,76728
201412142387018,CCBL,13,49,280,275,77000
201412142387010,CCBL,37,49,1000,277,277000
201412142387009,CCBL,40,49,500,278,139000
201412142387003,CCBL,38,22,36,280,10080
201412142387179,CCBL,49,49,470,279,131130
201412142387140,CCBL,49,49,480,279,133920
201412142387117,CCBL,55,33,306,275,84150
201412142387113,CCBL,55,52,24,277,6648
201412142387088,CCBL,57,56,500,275,137500
201412142387064,CCBL,13,34,106,275,29150
201412142387255,CCBL,26,58,306,270,82620
201412142387241,CCBL,19,14,31,271,8401
201412142387236,CCBL,19,14,40,271,10840
201412142387218,CCBL,37,48,17,271,4607
201412142387202,CCBL,13,58,306,274,83844
201412142387189,CCBL,49,49,70,279,19530
201412142387302,CCBL,37,39,306,270,82620
201412142387290,CCBL,43,46,24,270,6480
201412142387286,CCBL,13,46,276,270,74520
201412142387277,CCBL,52,44,91,271,24661
201412142387276,CCBL,50,46,1000,270,270000
201412142387264,CCBL,19,44,192,271,52032
201412142387324,CCBL,19,6,40,270,10800
201412142387316,CCBL,19,6,40,270,10800
201412142387315,CCBL,50,40,705,269,189645
201412142387313,CCBL,50,6,40,270,10800
201412142387311,CCBL,50,6,40,270,10800
201412142387306,CCBL,50,39,80,270,21600
201412142387268,CDBL,45,55,100,371,37100
201412142387048,CDBL,51,16,500,374,187000
201412142387027,CDBL,51,16,200,374,74800
201412142387011,CDBL,45,16,200,371,74200
201412142387529,CHCL,49,49,100,1655,165500
201412142387478,CHCL,41,1,50,1652,82600
201412142387468,CHCL,49,49,94,1655,155570
201412142387458,CHCL,37,50,30,1651,49530
201412142387441,CHCL,21,1,100,1652,165200
201412142387438,CHCL,10,1,100,1652,165200
201412142387052,CHCL,33,22,60,1705,102300
201412142387047,CHCL,1,1,334,1695,566130
201412142387026,CHCL,53,48,100,1690,169000
201412142387024,CHCL,20,49,100,1700,170000
201412142387021,CHCL,48,21,181,1710,309510
201412142387081,CHCL,8,38,200,1671,334200
201412142387074,CHCL,16,19,100,1685,168500
201412142387070,CHCL,17,33,104,1670,173680
201412142387067,CHCL,19,44,200,1680,336000
201412142387060,CHCL,58,38,500,1690,845000
201412142387053,CHCL,53,10,12,1690,20280
201412142387219,CHCL,22,39,114,1652,188328
201412142387212,CHCL,56,54,100,1653,165300
201412142387155,CHCL,10,28,94,1653,155382
201412142387148,CHCL,58,42,94,1660,156040
201412142387130,CHCL,22,33,104,1675,174200
201412142387126,CHCL,49,49,100,1698,169800
201412142387404,CHCL,1,39,100,1652,165200
201412142387397,CHCL,53,6,19,1657,31483
201412142387375,CHCL,16,39,165,1653,272745
201412142387371,CHCL,41,39,413,1654,683102
201412142387366,CHCL,19,21,110,1655,182050
201412142387258,CHCL,37,33,170,1651,280670
201412142387440,CIT,14,47,35,2900,101500
201412142387411,CIT,14,50,20,2865,57300
201412142387401,CIT,1,47,30,2850,85500
201412142387327,CIT,16,47,100,2822,282200
201412142387510,CZBIL,1,5,360,414,149040
201412142387503,CZBIL,1,39,22,414,9108
201412142387331,CZBIL,41,47,42,410,17220
201412142387267,CZBIL,48,8,331,408,135048
201412142387514,EBL,42,55,34,1855,63070
201412142387505,EBL,6,55,100,1842,184200
201412142387475,EBL,42,44,100,1849,184900
201412142387474,EBL,11,44,100,1850,185000
201412142387470,EBL,13,44,100,1852,185200
201412142387407,EBL,34,22,36,1855,66780
201412142387138,EBL,6,6,20,1840,36800
201412142387042,EBL,34,32,10,1837,18370
201412142387291,EBL,42,44,100,1864,186400
201412142387228,EBL,42,44,100,1849,184900
201412142387227,EBL,42,44,100,1840,184000
201412142387221,EBL,48,33,95,1837,174515
201412142387215,EBL,39,26,100,1840,184000
201412142387093,EDBL,41,43,100,641,64100
201412142387497,GBIME,40,19,88,500,44000
201412142387477,GBIME,17,45,35,500,17500
201412142387257,GBIME,50,1,36,508,18288
201412142387250,GBIME,42,1,36,509,18324
201412142387243,GBIME,6,1,47,510,23970
201412142387211,GBIME,17,45,35,510,17850
201412142387164,GBIME,6,8,130,518,67340
201412142387158,GBIME,6,55,12,518,6216
201412142387135,GBIME,1,17,421,515,216815
201412142387109,GBIME,17,41,40,510,20400
201412142387086,GBIME,6,16,14,505,7070
201412142387409,GRAND,51,26,737,169,124553
201412142387405,GRAND,19,26,361,170,61370
201412142387399,GRAND,13,26,253,171,43263
201412142387305,GRAND,6,56,200,174,34800
201412142387191,GRAND,32,32,1000,171,171000
201412142387004,GRAND,42,3,1000,171,171000
201412142387204,HBDL,22,5,243,98,23814
201412142387493,HBL,46,17,160,717,114720
201412142387492,HBL,46,44,50,717,35850
201412142387410,HBL,46,28,24,705,16920
201412142387353,HBL,46,46,50,700,35000
201412142387089,HBL,25,44,50,703,35150
201412142387462,HDL,26,22,50,432,21600
201412142387082,HDL,49,37,100,424,42400
201412142387040,HDL,26,37,20,416,8320
201412142387039,HDL,26,11,60,416,24960
201412142387038,HDL,26,28,80,415,33200
201412142387037,HDL,26,42,260,408,106080
201412142387273,IDBL,38,39,713,160,114080
201412142387249,IDBL,48,41,112,162,18144
201412142387419,INDBL,34,40,230,163,37490
201412142387418,INDBL,34,6,500,163,81500
201412142387448,JBBL,43,43,30,154,4620
201412142387122,JBBL,48,48,10,153,1530
201412142387416,JBNL,7,22,87,252,21924
201412142387309,JBNL,45,55,90,257,23130
201412142387015,JBNL,7,55,100,262,26200
201412142387007,JBNL,7,39,155,262,40610
201412142387499,KBBL,42,41,300,356,106800
201412142387488,KBBL,42,41,500,356,178000
201412142387424,KBL,25,44,500,380,190000
201412142387423,KBL,14,44,300,382,114600
201412142387396,KBL,53,54,436,381,166116
201412142387357,KBL,13,44,500,384,192000
201412142387356,KBL,25,44,200,385,77000
201412142387285,KBL,45,34,500,387,193500
201412142387046,KBL,53,44,500,395,197500
201412142387008,KBL,20,44,500,395,197500
201412142387284,KBL,45,6,630,387,243810
201412142387280,KBL,51,58,200,387,77400
201412142387279,KBL,19,58,200,387,77400
201412142387252,KBL,22,40,500,386,193000
201412142387190,KBL,19,26,183,388,71004
201412142387187,KBL,21,44,100,390,39000
201412142387103,KCDBL,28,28,10,172,1720
201412142387193,KDBL,25,25,30,119,3570
201412142387192,KDBL,25,5,60,119,7140
201412142387367,KEBL,14,49,190,371,70490
201412142387521,LBL,19,19,300,490,147000
201412142387208,LBL,40,32,14,496,6944
201412142387205,LBL,40,36,200,490,98000
201412142387185,LBL,45,36,200,490,98000
201412142387184,LBL,45,36,100,490,49000
201412142387032,LBL,40,33,38,487,18506
201412142387173,LFLC,25,26,144,190,27360
201412142387531,LLBS,21,39,10,612,6120
201412142387527,LLBS,21,39,10,612,6120
201412142387520,LLBS,21,39,10,612,6120
201412142387515,LLBS,21,6,10,612,6120
201412142387513,LLBS,21,39,10,612,6120
201412142387509,LLBS,21,39,10,612,6120
201412142387066,LLBS,43,14,10,624,6240
201412142387059,LLBS,43,46,10,612,6120
201412142387501,LLBS,21,6,10,612,6120
201412142387490,LLBS,21,6,10,612,6120
201412142387486,LLBS,21,6,10,612,6120
201412142387472,LLBS,21,6,10,612,6120
201412142387459,LLBS,21,55,10,612,6120
201412142387372,LLBS,21,26,10,612,6120
201412142387496,LUBL,49,6,90,331,29790
201412142387256,LUBL,43,16,200,336,67200
201412142387231,LUBL,55,16,210,336,70560
201412142387229,LUBL,43,11,51,335,17085
201412142387199,LUBL,7,6,18,335,6030
201412142387091,LUBL,17,1,376,334,125584
201412142387005,LUBL,7,22,30,335,10050
201412142387002,LUBL,7,22,38,335,12730
201412142386976,LUBL,40,32,1000,334,334000
201412142387271,MBL,50,50,95,535,50825
201412142387209,MBL,55,36,1000,532,532000
201412142387151,MBL,46,36,500,539,269500
201412142387146,MBL,32,1,660,539,355740
201412142387105,MBL,46,1,282,543,153126
201412142387101,MBL,46,1,500,540,270000
201412142387098,MBL,46,36,500,540,270000
201412142387087,MBL,32,36,500,535,267500
201412142387063,MBL,7,44,500,537,268500
201412142387044,MBL,46,1,110,537,59070
201412142387504,MEGA,28,28,31,398,12338
201412142387487,MEGA,28,28,19,400,7600
201412142387461,MEGA,28,28,31,398,12338
201412142387442,MEGA,28,28,19,403,7657
201412142387422,MEGA,13,16,364,397,144508
201412142387374,MEGA,19,19,315,404,127260
201412142387099,MEGA,48,36,589,405,238545
201412142387095,MEGA,58,59,96,401,38496
201412142387031,MEGA,13,26,500,402,201000
201412142387014,MEGA,45,26,192,410,78720
201412142387238,MEGA,13,14,10,403,4030
201412142387226,MEGA,21,48,32,403,12896
201412142387222,MEGA,13,48,25,405,10125
201412142387220,MEGA,21,14,10,403,4030
201412142387139,MEGA,46,6,201,406,81606
201412142387137,MEGA,43,36,483,400,193200
201412142387495,MNBBL,55,45,410,475,194750
201412142387254,MNBBL,43,45,50,472,23600
201412142387528,NABIL,22,6,16,1872,29952
201412142387519,NABIL,22,3,21,1872,39312
201412142387395,NABIL,34,3,26,1836,47736
201412142387197,NABILP,7,17,200,1260,252000
201412142387518,NBB,37,49,200,462,92400
201412142387517,NBB,37,49,500,462,231000
201412142387516,NBB,37,49,500,462,231000
201412142387506,NBB,21,21,600,463,277800
201412142387430,NBB,25,22,20,470,9400
201412142387321,NBB,40,10,250,461,115250
201412142387050,NBB,22,48,300,465,139500
201412142386998,NBB,48,48,500,473,236500
201412142387083,NBB,46,1,100,476,47600
201412142387079,NBB,40,48,50,475,23750
201412142387076,NBB,40,49,500,474,237000
201412142387073,NBB,40,48,300,473,141900
201412142387071,NBB,40,55,200,472,94400
201412142387069,NBB,40,55,150,470,70500
201412142387320,NBB,52,10,200,462,92400
201412142387319,NBB,21,10,100,466,46600
201412142387312,NBB,40,39,750,461,345750
201412142387181,NBB,32,17,500,470,235000
201412142387120,NBB,25,48,50,475,23750
201412142387112,NBB,46,54,50,476,23800
201412142387134,NBBL,28,28,10,1616,16160
201412142387450,NBF1,25,55,5000,13,65000
201412142387449,NBF1,17,55,3000,13,39030
201412142387436,NBL,5,38,300,354,106200
201412142387426,NBL,45,38,95,357,33915
201412142387420,NBL,19,59,500,357,178500
201412142387417,NBL,43,38,500,353,176500
201412142387412,NBL,43,38,1000,353,353000
201412142387300,NBL,3,19,200,358,71600
201412142387161,NBL,51,58,300,360,108000
201412142387160,NBL,17,58,70,360,25200
201412142387145,NBL,49,49,1000,362,362000
201412142387084,NBL,17,59,30,360,10800
201412142387077,NBL,45,58,1000,357,357000
201412142387001,NBL,6,6,200,356,71200
201412142387289,NBL,54,17,1000,355,355000
201412142387269,NBL,5,6,1000,355,355000
201412142387237,NBL,50,17,200,361,72200
201412142387234,NBL,10,54,500,356,178000
201412142387216,NBL,45,55,200,357,71400
201412142387162,NBL,42,58,500,360,180000
201412142387526,NCCB,42,5,218,553,120554
201412142387463,NCCB,55,52,100,552,55200
201412142387460,NCCB,34,7,21,555,11655
201412142387453,NCCB,16,13,340,552,187680
201412142387400,NCCB,34,33,50,555,27750
201412142387322,NCCB,8,8,1000,555,555000
201412142387270,NCCB,16,7,600,552,331200
201412142387224,NCCB,16,8,21,552,11592
201412142387090,NCM,45,53,302,220,66440
201412142387006,NCM,50,54,13,224,2912
201412142387498,NHPC,13,25,500,125,62500
201412142387469,NHPC,7,3,1000,124,124000
201412142387439,NHPC,36,36,10000,123,1230000
201412142387360,NHPC,11,25,500,125,62500
201412142387332,NHPC,42,16,500,125,62500
201412142387301,NHPC,34,54,1000,125,125000
201412142387065,NHPC,26,25,100,131,13100
201412142387062,NHPC,46,41,1000,130,130000
201412142387058,NHPC,46,3,2000,129,258000
201412142387019,NHPC,46,25,60,129,7740
201412142387012,NHPC,28,26,1000,129,129000
201412142387196,NHPC,11,58,2000,125,250000
201412142387183,NHPC,46,21,400,127,50800
201412142387156,NHPC,25,26,1000,127,127000
201412142387154,NHPC,25,58,1000,127,127000
201412142387147,NHPC,13,58,500,129,64500
201412142387123,NHPC,20,26,1000,129,129000
201412142387434,NIB,53,22,100,700,70000
201412142387304,NIB,51,17,200,710,142000
201412142387129,NIB,44,17,50,715,35750
201412142387094,NIB,44,17,50,701,35050
201412142387080,NIB,44,32,12,688,8256
201412142387482,NICA,1,51,10,769,7690
201412142387481,NICA,1,55,500,769,384500
201412142387479,NICA,47,43,50,765,38250
201412142387429,NICA,50,50,115,761,87515
201412142387408,NICA,1,44,500,770,385000
201412142387403,NICA,47,46,30,765,22950
201412142387033,NICA,44,44,1000,770,770000
201412142387023,NICA,57,44,1000,775,775000
201412142387022,NICA,57,22,100,775,77500
201412142387020,NICA,57,22,25,774,19350
201412142387013,NICA,57,48,25,773,19325
201412142387176,NICA,43,39,20,762,15240
201412142387133,NICA,50,55,100,770,77000
201412142387132,NICA,13,55,250,770,192500
201412142387131,NICA,49,55,250,770,192500
201412142387078,NICA,50,48,400,775,310000
201412142387041,NICA,44,44,1000,770,770000
201412142387272,NICA,13,5,44,770,33880
201412142387239,NICA,17,17,160,768,122880
201412142387210,NICA,25,25,10,770,7700
201412142387207,NICA,25,25,10,770,7700
201412142387206,NICA,25,25,10,770,7700
201412142387201,NICA,43,55,400,762,304800
201412142387421,NLIC,16,59,150,3920,588000
201412142387260,NLIC,34,28,93,4000,372000
201412142387180,NLIC,34,28,50,3950,197500
201412142387150,NLIC,57,42,225,3973,893925
201412142387034,NLIC,16,44,500,3896,1948000
201412142387467,NLICL,16,49,300,2137,641100
201412142387466,NLICL,28,49,100,2137,213700
201412142387465,NLICL,6,49,100,2138,213800
201412142387464,NLICL,5,49,200,2140,428000
201412142387361,NLICL,5,21,141,2180,307380
201412142387213,NLICL,6,58,100,2180,218000
201412142387172,NLICL,35,35,830,2194,1821020
201412142387171,NLICL,35,5,440,2185,961400
201412142387163,NLICL,35,44,388,2180,845840
201412142387055,NLICL,40,36,110,2195,241450
201412142387444,PADBL,17,6,30,282,8460
201412142387508,PCBL,46,22,200,517,103400
201412142387507,PCBL,32,34,126,519,65394
201412142387485,PCBL,32,35,1359,519,705321
201412142387431,PCBL,1,44,700,518,362600
201412142387364,PCBL,32,13,180,518,93240
201412142387363,PCBL,32,32,300,515,154500
201412142387225,PCBL,3,32,100,525,52500
201412142387186,PCBL,3,19,45,524,23580
201412142387157,PCBL,21,44,283,520,147160
201412142387121,PCBL,39,14,33,523,17259
201412142387115,PCBL,39,39,17,522,8874
201412142387017,PCBL,13,25,133,515,68495
201412142387358,PCBL,37,44,766,515,394490
201412142387287,PCBL,13,44,770,515,396550
201412142387283,PCBL,25,34,13,515,6695
201412142387263,PCBL,6,10,68,515,35020
201412142387259,PCBL,21,1,13,516,6708
201412142387248,PCBL,6,14,200,518,103600
201412142387428,PIC,40,55,20,848,16960
201412142387262,PLIC,49,49,252,993,250236
201412142387111,PLIC,47,41,39,980,38220
201412142387102,PLIC,40,1,13,976,12688
201412142387097,PLIC,40,32,27,976,26352
201412142387057,PLIC,40,32,40,975,39000
201412142387214,RMDC,49,49,231,724,167244
201412142387104,RMDC,8,25,33,720,23760
201412142387072,RMDC,26,39,60,728,43680
201412142387433,SANIMA,48,10,657,523,343611
201412142387425,SANIMA,48,21,500,522,261000
201412142387415,SANIMA,48,6,585,518,303030
201412142387355,SANIMA,41,44,530,520,275600
201412142387310,SANIMA,41,54,416,515,214240
201412142387281,SANIMA,45,20,100,520,52000
201412142387194,SANIMA,6,54,500,526,263000
201412142387168,SANIMA,45,26,100,530,53000
201412142387152,SANIMA,45,52,100,530,53000
201412142387116,SANIMA,6,14,50,535,26750
201412142387114,SANIMA,6,36,500,527,263500
201412142387054,SANIMA,37,17,500,530,265000
201412142387265,SANIMA,37,57,138,520,71760
201412142387251,SANIMA,45,14,100,520,52000
201412142387245,SANIMA,17,10,200,525,105000
201412142387244,SANIMA,17,16,300,525,157500
201412142387230,SANIMA,6,21,500,526,263000
201412142387223,SANIMA,13,48,150,529,79350
201412142387443,SBI,11,46,37,990,36630
201412142387373,SBI,49,49,100,994,99400
201412142387365,SBI,59,14,30,975,29250
201412142387195,SBI,49,49,181,994,179914
201412142387483,SBL,7,14,100,617,61700
201412142387452,SBL,7,49,100,617,61700
201412142387447,SBL,19,49,200,618,123600
201412142387445,SBL,37,49,395,616,243320
201412142387362,SBL,37,44,500,617,308500
201412142387328,SBL,19,1,147,618,90846
201412142387297,SBL,7,54,500,620,310000
201412142387174,SBL,49,49,500,628,314000
201412142387144,SBL,37,11,120,620,74400
201412142387142,SBL,13,44,450,623,280350
201412142387061,SBL,49,49,202,635,128270
201412142387029,SBL,48,38,200,635,127000
201412142387369,SCB,19,1,50,1900,95000
201412142387299,SCB,14,55,100,1885,188500
201412142387275,SCB,37,58,50,1885,94250
201412142387274,SCB,43,58,50,1886,94300
201412142387500,SETI,59,59,25,165,4125
201412142387480,SETI,59,59,25,165,4125
201412142387182,SEWA,38,57,10,290,2900
201412142387159,SEWA,38,57,10,285,2850
201412142387333,SHBL,17,59,183,435,79605
201412142387330,SHBL,17,39,10,435,4350
201412142387446,SHL,41,32,100,455,45500
201412142387325,SHL,48,11,200,447,89400
201412142387473,SHPC,39,14,309,685,211665
201412142387370,SHPC,59,59,20,687,13740
201412142387278,SHPC,49,49,200,697,139400
201412142387136,SHPC,13,1,18,684,12312
201412142387128,SHPC,13,1,18,684,12312
201412142387359,SIC,8,8,141,1125,158625
201412142387435,SIGS1,14,40,50000,15,735000
201412142387451,SIL,25,55,84,754,63336
201412142387413,SIL,25,14,203,756,153468
201412142387323,SIL,17,41,331,750,248250
201412142387317,SIL,17,41,110,748,82280
201412142387242,SIL,16,41,25,744,18600
201412142387235,SIL,25,41,100,744,74400
201412142386977,SIL,58,11,200,744,148800
201412142386975,SIL,16,11,120,744,89280
201412142387247,SRBL,6,38,281,397,111557
201412142387232,SRBL,25,32,180,400,72000
201412142387200,SRBL,26,45,200,400,80000
201412142387198,SRBL,37,45,500,405,202500
201412142387170,SRBL,37,1,139,405,56295
201412142387153,SRBL,6,13,17,412,7004
201412142387141,SRBL,37,45,330,405,133650
201412142387124,SRBL,26,36,200,409,81800
201412142387075,SRBL,37,54,500,413,206500
201412142387085,SUPRME,7,54,500,148,74000
201412142387294,SYFL,22,48,500,88,44000
201412142387293,SYFL,22,28,10,88,880
201412142387292,SYFL,22,28,10,88,880
201412142386997,SYFL,28,28,8419,87,732453
201412142387502,VBBL,7,52,40,131,5240
201412142387489,VBBL,41,52,20,133,2660
201412142387402,VBBL,41,49,20,133,2660
201412142387282,VBBL,41,21,500,131,65500
201412142387188,VBBL,41,39,40,133,5320
201412142387167,VBBL,41,19,20,133,2660
201412142387035,WDBL,19,11,500,193,96500
201412142387307,YETI,5,14,40,124,4960
201412142387266,YETI,5,1,20,123,2460
201412142387246,YETI,5,8,200,125,25000
201412142387240,YETI,5,25,11,125,1375
201412142387217,YETI,41,39,73,123,8979
201412142387125,YETI,5,34,23,123,2829
201412142387108,YETI,50,22,191,123,23493
201412142387016,YETI,6,22,80,125,10000
201412142386925,ADBL,17,6,150,493,73950
201412142386669,ADBL,10,10,101,492,49692
201412142386659,ADBL,49,49,50,490,24500
201412142386610,ADBL,49,49,500,487,243500
201412142386589,ADBL,50,25,150,478,71700
201412142386546,ADBL,49,49,50,478,23900
201412142386907,AHPC,26,26,525,390,204750
201412142386906,AHPC,26,39,100,383,38300
201412142386761,AHPC,26,39,31,383,11873
201412142386704,AHPC,26,50,572,376,215072
201412142386703,AHPC,26,50,20,369,7380
201412142386736,ALICL,14,25,50,1155,57750
201412142386712,ALICL,14,25,16,1133,18128
201412142386672,ALICL,36,25,31,1111,34441
201412142386732,APEX,41,25,160,123,19680
201412142386729,APEX,41,11,238,122,29036
201412142386755,ARDBL,13,5,21,142,2982
201412142386720,ARDBL,16,16,175,140,24500
201412142386705,ARDBL,13,13,21,142,2982
201412142386699,ARDBL,13,13,21,142,2982
201412142386529,ARDBL,39,39,42,141,5922
201412142386528,ARDBL,39,39,42,141,5922
201412142386521,ARDBL,39,39,42,141,5922
201412142386520,ARDBL,39,39,42,141,5922
201412142386519,ARDBL,39,39,42,141,5922
201412142386518,ARDBL,39,39,42,141,5922
201412142386527,ARDBL,39,39,42,141,5922
201412142386526,ARDBL,39,39,42,141,5922
201412142386525,ARDBL,39,39,42,141,5922
201412142386524,ARDBL,39,39,42,141,5922
201412142386523,ARDBL,39,39,42,141,5922
201412142386522,ARDBL,39,39,42,141,5922
201412142386910,BSBL,41,16,25,295,7375
201412142386972,CBL,25,25,276,273,75348
201412142386931,CBL,33,45,84,269,22596
201412142386930,CBL,33,40,300,268,80400
201412142386915,CBL,25,26,185,266,49210
201412142386695,CBL,21,45,54,264,14256
201412142386932,CCBL,16,56,500,282,141000
201412142386922,CCBL,38,40,40,280,11200
201412142386766,CCBL,8,49,1000,284,284000
201412142386737,CCBL,8,6,77,280,21560
201412142386721,CCBL,49,49,800,275,220000
201412142386686,CCBL,39,41,40,275,11000
201412142386531,CCBL,39,39,39,266,10374
201412142386658,CCBL,50,59,40,270,10800
201412142386657,CCBL,50,59,40,270,10800
201412142386535,CCBL,39,39,39,266,10374
201412142386534,CCBL,20,20,40,269,10760
201412142386533,CCBL,20,20,40,269,10760
201412142386532,CCBL,39,39,39,266,10374
201412142386904,CDBL,11,55,100,371,37100
201412142386903,CDBL,41,55,100,372,37200
201412142386698,CDBL,26,16,200,370,74000
201412142386697,CDBL,26,11,134,370,49580
201412142386543,CDBL,20,20,31,365,11315
201412142386542,CDBL,20,20,31,365,11315
201412142386541,CDBL,20,20,31,365,11315
201412142386965,CHCL,20,49,100,1705,170500
201412142386960,CHCL,20,3,100,1700,170000
201412142386957,CHCL,45,47,14,1700,23800
201412142386955,CHCL,19,14,23,1699,39077
201412142386747,CHCL,11,49,100,1683,168300
201412142386733,CHCL,56,21,47,1653,77691
201412142386731,CHCL,46,47,72,1653,119016
201412142386726,CHCL,20,33,300,1650,495000
201412142386718,CHCL,20,49,100,1648,164800
201412142386609,CHCL,26,11,100,1621,162100
201412142386701,CZBIL,46,22,63,415,26145
201412142386678,CZBIL,49,49,100,414,41400
201412142386660,CZBIL,7,22,42,410,17220
201412142386730,EDBL,44,44,400,629,251600
201412142386725,EDBL,44,44,100,629,62900
201412142386908,GBIME,39,55,11,508,5588
201412142386668,GBIME,22,55,15,499,7485
201412142386929,GLICL,48,8,400,561,224400
201412142386710,GLICL,21,22,103,550,56650
201412142386918,GRAND,35,22,2419,168,406392
201412142386540,GRAND,20,20,65,165,10725
201412142386760,HDL,34,14,20,408,8160
201412142386753,HDL,34,59,50,408,20400
201412142386751,HDL,26,1,1000,407,407000
201412142386738,HDL,34,11,20,408,8160
201412142386707,HDL,16,11,20,400,8000
201412142386735,HGI,35,35,550,500,275000
201412142386745,IDBL,38,41,112,163,18256
201412142386765,INDBL,16,6,500,160,80000
201412142386917,JBNL,25,50,120,261,31320
201412142386905,JBNL,45,50,500,260,130000
201412142386752,JBNL,39,55,100,257,25700
201412142386748,JBNL,7,39,141,252,35532
201412142386743,JBNL,7,55,100,252,25200
201412142386739,JBNL,7,52,167,252,42084
201412142386708,JBNL,26,6,2000,248,496000
201412142386673,JBNL,40,41,100,244,24400
201412142386962,KBL,40,6,543,395,214485
201412142386958,KBL,40,25,33,395,13035
201412142386715,KBL,1,45,10,389,3890
201412142386666,LLBS,32,46,32,600,19200
201412142386664,LLBS,45,46,41,600,24600
201412142386663,LLBS,45,46,41,600,24600
201412142386538,LLBS,20,20,12,598,7176
201412142386537,LLBS,20,20,12,598,7176
201412142386536,LLBS,20,20,12,598,7176
201412142386734,LUBL,16,32,1000,334,334000
201412142386700,LUBL,14,32,1000,329,329000
201412142386973,MBL,37,1,110,527,57970
201412142386757,MBL,7,1,110,517,56870
201412142386966,MEGA,13,46,31,405,12555
201412142386717,MEGA,6,47,32,405,12960
201412142386692,MEGA,47,47,32,398,12736
201412142386959,NABILP,6,44,200,1260,252000
201412142386741,NABILP,8,44,100,1239,123900
201412142386954,NBB,14,48,200,470,94000
201412142386787,NBB,38,47,200,470,94000
201412142386684,NBB,45,25,10,466,4660
201412142386683,NBB,45,48,50,465,23250
201412142386665,NBB,8,48,50,457,22850
201412142386754,NBF1,17,41,1198,13,15586
201412142386587,NBF1,26,1,1830,13,23790
201412142386586,NBF1,26,1,2398,13,30934
201412142386547,NCCB,8,11,285,542,154470
201412142386963,NCM,45,53,89,220,19580
201412142386711,NGBL,43,26,10,274,2740
201412142386968,NHPC,7,56,1000,127,127000
201412142386911,NHPC,11,56,1000,127,127000
201412142386681,NHPC,33,3,1010,125,126250
201412142386677,NHPC,33,17,1000,124,124000
201412142386928,NIBPO,8,8,100,432,43200
201412142386927,NIBPO,8,8,200,432,86400
201412142386926,NIBPO,8,8,100,432,43200
201412142386914,NICA,45,44,1000,773,773000
201412142386764,NICA,25,45,20,770,15400
201412142386763,NICA,25,54,200,770,154000
201412142386756,NICA,45,20,21,770,16170
201412142386727,NICA,48,20,21,766,16086
201412142386685,NICA,37,28,50,769,38450
201412142386676,NICA,25,25,19,769,14611
201412142386675,NICA,58,20,21,768,16128
201412142386667,NICA,58,20,21,770,16170
201412142386613,NICA,25,25,19,785,14915
201412142386588,NICA,48,44,500,770,385000
201412142386539,NICA,20,20,15,762,11430
201412142386690,NIL,50,50,27,692,18684
201412142386674,NIL,39,22,14,704,9856
201412142386953,NLG,26,26,245,741,181545
201412142386909,NLICL,37,36,100,2152,215200
201412142386767,NLICL,19,41,100,2125,212500
201412142386661,NLICL,14,14,10,2110,21100
201412142386688,NLICLP,49,40,2660,980,2606800
201412142386723,PIC,3,47,102,847,86394
201412142386758,PLIC,52,41,27,965,26055
201412142386687,PLIC,7,41,143,958,136994
201412142386826,RHPC,26,26,47,499,23453
201412142386680,RHPC,50,46,11,490,5390
201412142386656,RHPC,6,22,11,481,5291
201412142386636,RHPC,6,46,11,479,5269
201412142386635,RHPC,6,22,10,479,4790
201412142386634,RHPC,6,22,10,479,4790
201412142386633,RHPC,6,22,10,479,4790
201412142386662,SADBL,17,22,310,288,89280
201412142386974,SANIMA,5,10,200,520,104000
201412142386961,SANIMA,42,59,3360,510,1713600
201412142386762,SANIMA,33,22,120,510,61200
201412142386759,SANIMA,43,59,500,500,250000
201412142386749,SANIMA,59,59,1010,491,495910
201412142386744,SANIMA,59,59,1010,491,495910
201412142386545,SANIMA,59,59,4751,490,2327990
201412142386679,SBBLJ,11,45,10,502,5020
201412142386742,SBI,25,25,22,988,21736
201412142386971,SBL,38,25,10,632,6320
201412142386964,SBL,19,10,118,620,73160
201412142386956,SBL,38,14,20,616,12320
201412142386612,SBL,42,58,600,604,362400
201412142386611,SBL,42,20,184,600,110400
201412142386921,SCB,46,58,39,1885,73515
201412142386912,SHPC,35,10,2980,671,1999580
201412142386750,SHPC,21,41,84,684,57456
201412142386544,SIC,46,46,51,1122,57222
201412142386706,SIGS1,49,40,100000,15,1450000
201412142386682,SIGS1,49,40,100000,15,1450000
201412142386670,SIGS1,49,40,100000,15,1450000
201412142386967,SIL,16,11,90,744,66960
201412142386913,SLICL,52,22,34,668,22712
201412142386719,SLICL,21,22,79,655,51745
201412142386696,SLICL,37,41,100,644,64400
201412142386530,SLICL,43,43,34,632,21488
201412142386920,SRBL,38,48,235,415,97525
201412142386916,SRBL,38,17,229,415,95035
201412142386724,SRBL,6,8,500,412,206000
201412142386722,SRBL,37,1,17,412,7004
201412142386691,SRBL,26,36,193,404,77972
201412142386689,SRBL,26,1,71,404,28684
201412142386671,SRBL,49,49,358,397,142126
201412142386933,SUBBL,32,21,177,295,52215
201412142386919,SUBBL,16,21,90,290,26100
201412142386970,SUPRME,5,5,214,146,31244
201412142386969,SUPRME,5,47,500,146,73000
201412142386740,SUPRME,16,47,316,144,45504
201412142386716,SUPRME,38,26,520,142,73840
201412142386693,UIC,7,25,23,874,20102
201412142386924,VBBL,38,7,1000,133,133000
201412142386923,VBBL,38,11,50,133,6650
201412142386714,VBBL,8,11,390,131,51090
201412142386713,VBBL,8,11,400,131,52400
201412142386709,VBBL,7,11,60,131,7860
201412142386694,VBBL,38,25,550,129,70950
201412142386746,YETI,6,22,20,125,2500
201412142386728,YETI,50,22,20,123,2460
201412142386702,YETI,5,25,30,121,3630
