contract,symbol,buyer,seller,qty,rate,amt
201406082021392,ADBL,39,34,31,444,13764
201406082021374,ADBL,5,39,140,445,62300
201406082021201,ADBL,56,34,40,443,17720
201406082021183,ADBL,56,34,40,443,17720
201406082021169,ADBL,56,34,30,443,13290
201406082021103,ADBL,56,34,30,443,13290
201406082021073,ADBL,56,10,80,443,35440
201406082021207,ADBL,6,1,160,445,71200
201406082021206,ADBL,6,1,160,445,71200
201406082021205,ADBL,6,1,160,445,71200
201406082021204,ADBL,6,1,90,445,40050
201406082021203,ADBL,6,1,160,445,71200
201406082021202,ADBL,6,1,160,445,71200
201406082021275,ADBL,5,44,40,445,17800
201406082021211,ADBL,6,1,160,445,71200
201406082021210,ADBL,6,1,160,445,71200
201406082021209,ADBL,6,1,260,445,115700
201406082021208,ADBL,6,1,260,445,115700
201406082021637,AHPC,5,5,247,434,107198
201406082021509,AHPC,39,54,185,436,80660
201406082021360,AHPC,26,22,116,433,50228
201406082021245,AHPC,13,10,41,433,17753
201406082021196,AHPC,13,16,41,434,17794
201406082021480,ALDBL,51,6,20,198,3960
201406082021584,APEX,7,7,247,128,31616
201406082021529,APEX,53,10,334,128,42752
201406082021412,APEX,41,28,30,126,3780
201406082021295,APEX,28,28,1807,125,225875
201406082021251,APEX,41,16,50,126,6300
201406082021713,BHBL,42,42,11,117,1287
201406082021711,BHBL,1,42,11,119,1309
201406082021710,BHBL,40,42,11,121,1331
201406082021706,BHBL,40,42,11,121,1331
201406082021703,BHBL,22,42,11,121,1331
201406082021701,BHBL,40,42,11,121,1331
201406082021698,BHBL,4,42,11,121,1331
201406082022529,BSBL,44,16,30,260,7800
201406082022158,BSBL,17,47,115,255,29325
201406082021798,BSBL,57,36,61,255,15555
201406082021619,BSBL,50,14,170,255,43350
201406082021586,BSBL,39,28,31,255,7905
201406082022128,CBBL,53,28,201,1155,232155
201406082021504,CBBL,53,57,462,1155,533610
201406082021494,CBBL,53,17,14,1150,16100
201406082022772,CBL,48,50,1000,270,270000
201406082022751,CBL,48,44,5095,270,1375650
201406082022741,CBL,5,39,133,271,36043
201406082022706,CBL,5,51,103,272,28016
201406082022500,CBL,26,44,14,272,3808
201406082022462,CBL,1,44,14,271,3794
201406082021110,CBL,28,46,68,275,18700
201406082021081,CBL,39,42,102,272,27744
201406082021423,CBL,19,49,500,271,135500
201406082021415,CBL,7,4,17,273,4641
201406082021402,CBL,28,4,17,274,4658
201406082021384,CBL,5,33,84,275,23100
201406082021343,CBL,21,49,917,271,248507
201406082021149,CBL,1,21,1000,271,271000
201406082021662,CBL,55,41,27,272,7344
201406082021597,CBL,19,49,500,272,136000
201406082021540,CBL,1,43,1000,271,271000
201406082021506,CBL,5,13,82,272,22304
201406082021496,CBL,19,13,92,273,25116
201406082021444,CBL,5,50,133,272,36176
201406082021871,CBL,57,5,133,271,36043
201406082021867,CBL,48,50,1009,270,272430
201406082021850,CBL,25,50,1000,270,270000
201406082021840,CBL,5,58,52,272,14144
201406082021788,CBL,19,50,1000,271,271000
201406082021685,CBL,5,41,41,272,11152
201406082022242,CBL,5,57,34,271,9214
201406082022185,CBL,5,8,27,271,7317
201406082022164,CBL,5,4,117,271,31707
201406082022061,CBL,21,50,1000,270,270000
201406082021953,CBL,5,26,55,271,14905
201406082021884,CBL,19,11,15,271,4065
201406082022316,CBL,19,37,500,270,135000
201406082022295,CBL,21,37,500,271,135500
201406082022273,CBL,5,37,81,271,21951
201406082022272,CBL,25,13,352,270,95040
201406082022266,CBL,5,19,68,271,18428
201406082022262,CBL,1,57,17,271,4607
201406082022402,CBL,48,49,500,270,135000
201406082022401,CBL,48,21,1000,270,270000
201406082022391,CBL,5,44,14,271,3794
201406082022384,CBL,5,44,14,271,3794
201406082022359,CBL,48,50,1000,270,270000
201406082022341,CBL,10,37,336,270,90720
201406082022445,CBL,5,51,15,272,4080
201406082022437,CBL,48,49,510,270,137700
201406082022436,CBL,48,49,510,270,137700
201406082022435,CBL,48,49,510,270,137700
201406082022424,CBL,5,44,14,271,3794
201406082022403,CBL,48,49,500,270,135000
201406082022768,CCBL,40,50,304,280,85120
201406082022715,CCBL,40,42,245,281,68845
201406082022698,CCBL,13,50,40,281,11240
201406082022695,CCBL,13,42,40,281,11240
201406082022690,CCBL,40,42,214,281,60134
201406082022689,CCBL,13,50,40,281,11240
201406082021080,CCBL,19,36,40,282,11280
201406082021076,CCBL,19,36,40,282,11280
201406082021072,CCBL,26,36,40,283,11320
201406082021071,CCBL,26,39,40,283,11320
201406082021069,CCBL,26,55,40,283,11320
201406082021068,CCBL,25,44,276,280,77280
201406082021106,CCBL,43,36,40,280,11200
201406082021096,CCBL,19,36,40,282,11280
201406082021090,CCBL,19,17,40,282,11280
201406082021088,CCBL,19,36,40,282,11280
201406082021086,CCBL,37,1,1417,280,396760
201406082021085,CCBL,1,44,306,280,85680
201406082021119,CCBL,59,26,40,282,11280
201406082021118,CCBL,59,26,40,282,11280
201406082021117,CCBL,59,17,40,282,11280
201406082021115,CCBL,1,44,306,280,85680
201406082021112,CCBL,17,26,40,282,11280
201406082021111,CCBL,43,36,40,280,11200
201406082021185,CCBL,46,41,40,281,11240
201406082021184,CCBL,46,41,40,281,11240
201406082021131,CCBL,26,1,26,283,7358
201406082021125,CCBL,43,36,40,280,11200
201406082021121,CCBL,59,26,40,282,11280
201406082021120,CCBL,59,26,40,282,11280
201406082021254,CCBL,53,43,1108,281,311348
201406082021244,CCBL,53,41,183,281,51423
201406082021212,CCBL,55,42,20,284,5680
201406082021198,CCBL,46,41,40,281,11240
201406082021194,CCBL,26,26,40,282,11280
201406082021193,CCBL,26,17,40,282,11280
201406082021304,CCBL,43,36,40,280,11200
201406082021299,CCBL,43,36,40,280,11200
201406082021297,CCBL,6,10,134,281,37654
201406082021281,CCBL,3,36,40,281,11240
201406082021274,CCBL,3,36,40,281,11240
201406082021258,CCBL,22,26,40,282,11280
201406082021322,CCBL,25,25,40,281,11240
201406082021321,CCBL,25,25,40,281,11240
201406082021314,CCBL,6,57,10,283,2830
201406082021312,CCBL,43,36,40,280,11200
201406082021309,CCBL,43,36,40,280,11200
201406082021308,CCBL,43,57,40,280,11200
201406082021352,CCBL,49,26,40,282,11280
201406082021351,CCBL,3,21,153,282,43146
201406082021350,CCBL,3,40,270,282,76140
201406082021347,CCBL,50,39,122,280,34160
201406082021344,CCBL,53,10,245,281,68845
201406082021331,CCBL,25,25,40,281,11240
201406082021381,CCBL,6,57,10,283,2830
201406082021357,CCBL,49,40,40,282,11280
201406082021356,CCBL,49,46,40,282,11280
201406082021355,CCBL,49,40,40,282,11280
201406082021354,CCBL,49,26,40,282,11280
201406082021353,CCBL,49,26,40,282,11280
201406082021416,CCBL,13,57,38,280,10640
201406082021410,CCBL,3,57,38,280,10640
201406082021409,CCBL,3,36,40,280,11200
201406082021406,CCBL,1,57,38,280,10640
201406082021405,CCBL,13,57,38,280,10640
201406082021386,CCBL,43,57,38,280,10640
201406082021435,CCBL,35,52,40,282,11280
201406082021434,CCBL,35,14,40,282,11280
201406082021421,CCBL,16,19,276,282,77832
201406082021420,CCBL,16,40,400,282,112800
201406082021419,CCBL,16,43,231,282,65142
201406082021417,CCBL,7,36,40,279,11160
201406082021450,CCBL,16,52,40,282,11280
201406082021449,CCBL,16,52,40,282,11280
201406082021448,CCBL,16,14,32,282,9024
201406082021447,CCBL,16,14,40,282,11280
201406082021445,CCBL,40,25,40,281,11240
201406082021443,CCBL,16,52,276,282,77832
201406082021466,CCBL,26,36,40,282,11280
201406082021462,CCBL,26,25,40,282,11280
201406082021458,CCBL,26,25,40,281,11240
201406082021455,CCBL,13,36,40,280,11200
201406082021454,CCBL,16,19,304,282,85728
201406082021451,CCBL,16,19,304,282,85728
201406082021490,CCBL,13,36,40,280,11200
201406082021483,CCBL,13,36,40,280,11200
201406082021481,CCBL,16,19,304,282,85728
201406082021478,CCBL,13,36,40,280,11200
201406082021471,CCBL,13,36,40,280,11200
201406082021470,CCBL,26,25,40,282,11280
201406082021534,CCBL,13,1,39,280,10920
201406082021533,CCBL,21,8,276,281,77556
201406082021532,CCBL,21,21,40,281,11240
201406082021528,CCBL,26,1,39,280,10920
201406082021524,CCBL,13,1,39,280,10920
201406082021493,CCBL,39,36,40,281,11240
201406082021587,CCBL,19,46,40,281,11240
201406082021581,CCBL,19,46,40,281,11240
201406082021576,CCBL,19,46,40,281,11240
201406082021571,CCBL,19,46,40,281,11240
201406082021556,CCBL,19,46,40,281,11240
201406082021536,CCBL,21,36,40,281,11240
201406082021611,CCBL,25,46,40,281,11240
201406082021598,CCBL,19,16,40,281,11240
201406082021596,CCBL,19,46,40,281,11240
201406082021593,CCBL,19,16,40,281,11240
201406082021592,CCBL,19,46,40,281,11240
201406082021588,CCBL,19,16,40,281,11240
201406082021629,CCBL,5,46,40,281,11240
201406082021628,CCBL,5,16,40,281,11240
201406082021626,CCBL,5,16,40,281,11240
201406082021624,CCBL,53,16,40,280,11200
201406082021618,CCBL,25,16,40,281,11240
201406082021614,CCBL,25,16,40,281,11240
201406082021652,CCBL,53,16,40,280,11200
201406082021648,CCBL,53,16,40,280,11200
201406082021647,CCBL,5,16,40,281,11240
201406082021643,CCBL,5,16,40,281,11240
201406082021641,CCBL,5,16,40,281,11240
201406082021640,CCBL,5,16,40,281,11240
201406082021664,CCBL,1,36,40,281,11240
201406082021663,CCBL,48,16,40,280,11200
201406082021660,CCBL,48,36,40,280,11200
201406082021659,CCBL,48,16,40,280,11200
201406082021656,CCBL,53,4,137,280,38360
201406082021654,CCBL,53,16,40,280,11200
201406082021679,CCBL,19,16,40,281,11240
201406082021676,CCBL,19,16,40,281,11240
201406082021674,CCBL,19,16,40,281,11240
201406082021670,CCBL,19,16,40,281,11240
201406082021668,CCBL,1,36,91,281,25571
201406082021667,CCBL,1,16,40,281,11240
201406082021692,CCBL,48,16,40,280,11200
201406082021689,CCBL,48,16,40,280,11200
201406082021687,CCBL,48,16,40,280,11200
201406082021682,CCBL,48,16,40,280,11200
201406082021681,CCBL,19,43,199,281,55919
201406082021680,CCBL,6,19,304,282,85728
201406082021716,CCBL,41,25,40,282,11280
201406082021704,CCBL,25,43,40,281,11240
201406082021700,CCBL,25,16,40,281,11240
201406082021699,CCBL,25,43,40,281,11240
201406082021696,CCBL,25,43,40,281,11240
201406082021695,CCBL,25,43,40,281,11240
201406082021724,CCBL,21,17,40,282,11280
201406082021723,CCBL,21,17,40,282,11280
201406082021720,CCBL,41,16,40,281,11240
201406082021719,CCBL,6,14,45,282,12690
201406082021718,CCBL,6,17,40,282,11280
201406082021717,CCBL,6,17,40,282,11280
201406082021732,CCBL,21,48,122,282,34404
201406082021731,CCBL,6,48,76,282,21432
201406082021728,CCBL,21,14,61,282,17202
201406082021727,CCBL,21,17,40,282,11280
201406082021726,CCBL,21,17,40,282,11280
201406082021725,CCBL,21,17,40,282,11280
201406082021748,CCBL,6,34,40,282,11280
201406082021747,CCBL,6,40,40,282,11280
201406082021746,CCBL,6,40,40,282,11280
201406082021745,CCBL,6,48,40,282,11280
201406082021744,CCBL,6,40,40,282,11280
201406082021743,CCBL,6,48,40,282,11280
201406082021762,CCBL,21,6,40,282,11280
201406082021761,CCBL,21,43,40,282,11280
201406082021760,CCBL,21,5,40,282,11280
201406082021759,CCBL,21,43,40,282,11280
201406082021758,CCBL,21,5,40,282,11280
201406082021749,CCBL,6,5,153,282,43146
201406082021865,CCBL,17,17,40,282,11280
201406082021853,CCBL,41,58,40,281,11240
201406082021827,CCBL,21,4,137,282,38634
201406082021787,CCBL,21,16,40,282,11280
201406082021781,CCBL,21,16,40,282,11280
201406082021774,CCBL,21,16,40,282,11280
201406082021954,CCBL,41,39,40,281,11240
201406082021944,CCBL,39,25,91,282,25662
201406082021941,CCBL,41,58,40,281,11240
201406082021937,CCBL,48,25,91,282,25662
201406082021922,CCBL,41,58,40,281,11240
201406082021886,CCBL,21,1,245,281,68845
201406082021967,CCBL,11,16,40,282,11280
201406082021963,CCBL,13,39,40,281,11240
201406082021962,CCBL,13,39,40,281,11240
201406082021960,CCBL,13,39,40,281,11240
201406082021958,CCBL,41,39,40,281,11240
201406082021957,CCBL,41,39,40,281,11240
201406082021977,CCBL,56,16,40,282,11280
201406082021976,CCBL,56,16,40,282,11280
201406082021975,CCBL,56,16,40,282,11280
201406082021971,CCBL,50,16,40,282,11280
201406082021970,CCBL,50,17,40,282,11280
201406082021968,CCBL,11,17,40,282,11280
201406082021983,CCBL,56,40,40,282,11280
201406082021982,CCBL,56,16,40,282,11280
201406082021981,CCBL,56,16,40,282,11280
201406082021980,CCBL,56,40,40,282,11280
201406082021979,CCBL,56,40,40,282,11280
201406082021978,CCBL,56,16,40,282,11280
201406082021989,CCBL,56,34,40,282,11280
201406082021988,CCBL,56,48,40,282,11280
201406082021987,CCBL,56,48,40,282,11280
201406082021986,CCBL,56,48,40,282,11280
201406082021985,CCBL,56,39,40,282,11280
201406082021984,CCBL,56,16,40,282,11280
201406082022002,CCBL,46,16,40,282,11280
201406082022000,CCBL,46,16,40,282,11280
201406082021997,CCBL,46,34,40,282,11280
201406082021992,CCBL,56,17,337,282,95034
201406082021991,CCBL,56,16,40,282,11280
201406082021990,CCBL,56,16,40,282,11280
201406082022019,CCBL,53,39,40,282,11280
201406082022014,CCBL,40,16,40,282,11280
201406082022011,CCBL,37,48,306,282,86292
201406082022007,CCBL,46,16,40,282,11280
201406082022006,CCBL,46,39,40,282,11280
201406082022005,CCBL,56,48,306,282,86292
201406082022025,CCBL,53,39,40,283,11320
201406082022024,CCBL,53,39,40,283,11320
201406082022023,CCBL,53,39,40,283,11320
201406082022022,CCBL,53,48,40,282,11280
201406082022021,CCBL,53,16,40,282,11280
201406082022020,CCBL,53,39,40,282,11280
201406082022035,CCBL,46,48,146,282,41172
201406082022034,CCBL,46,39,40,282,11280
201406082022033,CCBL,13,13,40,281,11240
201406082022028,CCBL,53,46,40,283,11320
201406082022027,CCBL,53,39,40,283,11320
201406082022026,CCBL,53,39,40,283,11320
201406082022052,CCBL,33,39,40,282,11280
201406082022048,CCBL,33,48,40,282,11280
201406082022047,CCBL,33,48,40,282,11280
201406082022042,CCBL,39,13,40,281,11240
201406082022041,CCBL,13,39,39,281,10959
201406082022036,CCBL,13,13,40,281,11240
201406082022080,CCBL,33,37,40,282,11280
201406082022067,CCBL,33,42,40,282,11280
201406082022060,CCBL,26,39,10,282,2820
201406082022059,CCBL,33,42,40,282,11280
201406082022057,CCBL,33,48,40,282,11280
201406082022056,CCBL,6,39,10,283,2830
201406082022096,CCBL,33,16,40,282,11280
201406082022094,CCBL,33,48,40,282,11280
201406082022093,CCBL,33,16,40,282,11280
201406082022090,CCBL,26,48,10,282,2820
201406082022089,CCBL,33,37,40,282,11280
201406082022085,CCBL,33,16,40,282,11280
201406082022130,CCBL,21,21,10,284,2840
201406082022126,CCBL,21,21,10,284,2840
201406082022123,CCBL,39,36,40,281,11240
201406082022120,CCBL,39,36,40,281,11240
201406082022116,CCBL,39,36,40,281,11240
201406082022108,CCBL,11,48,40,282,11280
201406082022151,CCBL,26,39,45,280,12600
201406082022147,CCBL,26,36,40,280,11200
201406082022143,CCBL,48,39,45,280,12600
201406082022141,CCBL,48,36,40,280,11200
201406082022140,CCBL,21,21,10,284,2840
201406082022134,CCBL,39,39,40,281,11240
201406082022172,CCBL,53,36,40,280,11200
201406082022171,CCBL,21,39,45,280,12600
201406082022167,CCBL,39,39,45,280,12600
201406082022166,CCBL,39,36,40,280,11200
201406082022160,CCBL,21,39,45,280,12600
201406082022154,CCBL,21,36,40,280,11200
201406082022206,CCBL,25,36,40,280,11200
201406082022198,CCBL,47,16,40,282,11280
201406082022197,CCBL,47,16,40,282,11280
201406082022183,CCBL,25,36,40,280,11200
201406082022177,CCBL,25,36,40,280,11200
201406082022173,CCBL,53,39,45,280,12600
201406082022215,CCBL,41,37,40,282,11280
201406082022214,CCBL,25,36,40,280,11200
201406082022211,CCBL,48,47,32,282,9024
201406082022210,CCBL,48,16,40,282,11280
201406082022209,CCBL,48,39,40,282,11280
201406082022208,CCBL,48,21,40,281,11240
201406082022225,CCBL,25,36,40,280,11200
201406082022220,CCBL,25,36,40,280,11200
201406082022219,CCBL,41,39,40,282,11280
201406082022218,CCBL,41,16,40,282,11280
201406082022217,CCBL,41,39,40,282,11280
201406082022216,CCBL,41,16,40,282,11280
201406082022239,CCBL,49,37,40,282,11280
201406082022238,CCBL,49,39,40,282,11280
201406082022236,CCBL,48,36,45,280,12600
201406082022234,CCBL,28,47,32,282,9024
201406082022232,CCBL,48,36,40,280,11200
201406082022226,CCBL,25,36,40,280,11200
201406082022249,CCBL,28,42,40,282,11280
201406082022248,CCBL,28,39,40,282,11280
201406082022247,CCBL,28,16,40,282,11280
201406082022246,CCBL,28,47,40,282,11280
201406082022245,CCBL,28,39,40,282,11280
201406082022243,CCBL,7,36,40,279,11160
201406082022257,CCBL,7,36,40,279,11160
201406082022254,CCBL,28,16,40,282,11280
201406082022253,CCBL,28,16,40,282,11280
201406082022252,CCBL,28,39,40,282,11280
201406082022251,CCBL,28,16,40,282,11280
201406082022250,CCBL,28,47,40,282,11280
201406082022289,CCBL,16,16,40,282,11280
201406082022288,CCBL,16,42,40,282,11280
201406082022286,CCBL,42,16,40,282,11280
201406082022285,CCBL,42,16,40,282,11280
201406082022283,CCBL,25,40,1541,280,431480
201406082022282,CCBL,5,42,40,282,11280
201406082022302,CCBL,41,16,40,282,11280
201406082022301,CCBL,41,16,40,282,11280
201406082022299,CCBL,50,58,40,280,11200
201406082022296,CCBL,41,46,91,282,25662
201406082022291,CCBL,16,46,40,282,11280
201406082022290,CCBL,16,46,40,282,11280
201406082022344,CCBL,46,40,40,281,11240
201406082022343,CCBL,46,4,40,281,11240
201406082022336,CCBL,7,55,36,279,10044
201406082022328,CCBL,46,55,36,280,10080
201406082022309,CCBL,48,55,36,280,10080
201406082022303,CCBL,50,55,36,280,10080
201406082022373,CCBL,36,16,153,280,42840
201406082022372,CCBL,34,16,40,282,11280
201406082022369,CCBL,11,16,40,282,11280
201406082022368,CCBL,11,16,40,282,11280
201406082022362,CCBL,34,40,40,281,11240
201406082022353,CCBL,41,55,36,279,10044
201406082022396,CCBL,16,16,306,280,85680
201406082022393,CCBL,13,49,1000,279,279000
201406082022385,CCBL,50,55,36,280,10080
201406082022382,CCBL,50,26,40,280,11200
201406082022379,CCBL,36,16,306,280,85680
201406082022378,CCBL,11,16,40,282,11280
201406082022413,CCBL,46,55,36,280,10080
201406082022412,CCBL,46,25,40,280,11200
201406082022409,CCBL,53,16,306,280,85680
201406082022404,CCBL,46,16,183,280,51240
201406082022400,CCBL,53,16,122,280,34160
201406082022397,CCBL,19,49,1000,279,279000
201406082022453,CCBL,26,55,36,280,10080
201406082022449,CCBL,50,55,36,280,10080
201406082022439,CCBL,40,55,36,280,10080
201406082022422,CCBL,40,55,36,280,10080
201406082022419,CCBL,19,55,36,280,10080
201406082022418,CCBL,19,26,40,280,11200
201406082022568,CCBL,16,37,40,282,11280
201406082022556,CCBL,36,55,276,281,77556
201406082022497,CCBL,37,16,40,282,11280
201406082022496,CCBL,37,39,40,282,11280
201406082022456,CCBL,26,42,40,281,11240
201406082022455,CCBL,26,42,40,281,11240
201406082022574,CCBL,16,47,122,282,34404
201406082022573,CCBL,16,47,122,282,34404
201406082022572,CCBL,16,47,122,282,34404
201406082022571,CCBL,16,11,40,282,11280
201406082022570,CCBL,16,39,40,282,11280
201406082022569,CCBL,16,39,40,282,11280
201406082022592,CCBL,36,59,40,282,11280
201406082022591,CCBL,36,37,134,282,37788
201406082022590,CCBL,36,48,304,282,85728
201406082022583,CCBL,55,48,304,282,85728
201406082022577,CCBL,46,40,40,282,11280
201406082022575,CCBL,16,36,149,282,42018
201406082022615,CCBL,55,6,40,283,11320
201406082022614,CCBL,55,6,40,283,11320
201406082022613,CCBL,55,6,40,283,11320
201406082022612,CCBL,55,6,40,283,11320
201406082022604,CCBL,55,8,40,283,11320
201406082022603,CCBL,55,8,40,283,11320
201406082022680,CCBL,13,50,40,281,11240
201406082022653,CCBL,26,25,45,282,12690
201406082022652,CCBL,26,11,40,282,11280
201406082022650,CCBL,40,40,306,282,86292
201406082022630,CCBL,36,25,45,282,12690
201406082022616,CCBL,55,6,40,283,11320
201406082021074,CDBL,8,39,31,391,12121
201406082019803,ACEDBL,7,25,36,256,9216
201406082021024,ADBL,56,10,40,443,17720
201406082020914,ADBL,25,1,90,445,40050
201406082020823,ADBL,42,42,40,445,17800
201406082020576,ADBL,56,7,50,443,22150
201406082020828,AHPC,51,19,82,431,35342
201406082020824,AHPC,51,19,50,431,21550
201406082020501,AHPC,48,7,100,437,43700
201406082020227,AHPC,22,56,11,429,4719
201406082020193,AHPC,7,19,47,429,20163
201406082020123,AHPC,48,19,1035,425,439875
201406082020825,ALDBL,17,7,20,195,3900
201406082020815,ALDBL,17,7,20,195,3900
201406082019868,ALDBL,17,1,10,198,1980
201406082019867,ALDBL,17,1,10,198,1980
201406082019846,ALDBL,42,42,10,195,1950
201406082021046,APEX,51,16,20,125,2500
201406082020701,APEX,53,25,104,127,13208
201406082019796,APEX,26,26,50,122,6100
201406082019795,APEX,26,26,50,122,6100
201406082019794,APEX,26,26,50,122,6100
201406082020174,APEX,25,26,50,121,6050
201406082020156,APEX,25,26,50,121,6050
201406082020153,APEX,25,26,50,121,6050
201406082019801,APEX,26,26,50,122,6100
201406082019800,APEX,26,26,50,122,6100
201406082019798,APEX,26,26,50,122,6100
201406082020503,APEX,53,14,68,125,8500
201406082020276,APEX,53,14,114,123,14022
201406082020201,APEX,25,26,50,121,6050
201406082020197,APEX,25,26,50,121,6050
201406082020195,APEX,25,26,50,121,6050
201406082020189,APEX,25,26,50,121,6050
201406082020688,BSBL,48,46,30,260,7800
201406082020672,BSBL,48,46,20,260,5200
201406082020518,BSBL,44,36,498,255,126990
201406082020135,BSBL,48,36,220,260,57200
201406082020542,CBBL,48,57,148,1140,168720
201406082021015,CBL,5,21,263,273,71799
201406082021004,CBL,25,43,1000,272,272000
201406082020999,CBL,25,50,2000,271,542000
201406082020993,CBL,36,47,108,274,29592
201406082020933,CBL,39,39,102,273,27846
201406082020931,CBL,39,39,117,273,31941
201406082019931,CBL,25,17,1000,272,272000
201406082019859,CBL,11,17,500,274,137000
201406082019775,CBL,43,43,135,274,36990
201406082019764,CBL,13,52,14,272,3808
201406082020405,CBL,42,17,68,274,18632
201406082020083,CBL,34,21,490,274,134260
201406082020019,CBL,1,16,876,271,237396
201406082020014,CBL,25,16,266,271,72086
201406082020010,CBL,25,16,266,272,72352
201406082020003,CBL,25,17,520,273,141960
201406082020658,CBL,6,7,203,273,55419
201406082020642,CBL,21,7,168,274,46032
201406082020564,CBL,1,17,500,274,137000
201406082020560,CBL,57,17,500,274,137000
201406082020498,CBL,55,43,1000,271,271000
201406082020408,CBL,58,49,355,274,97270
201406082020916,CBL,17,17,1000,272,272000
201406082020872,CBL,58,50,815,272,221680
201406082020853,CBL,25,16,27,275,7425
201406082020787,CBL,25,50,1000,272,272000
201406082020677,CBL,58,17,1000,271,271000
201406082020665,CBL,16,7,122,273,33306
201406082021067,CCBL,26,17,40,282,11280
201406082021066,CCBL,26,36,40,282,11280
201406082021062,CCBL,26,36,40,282,11280
201406082021061,CCBL,26,28,40,282,11280
201406082021060,CCBL,26,39,40,282,11280
201406082021059,CCBL,26,39,40,282,11280
201406082019741,CCBL,33,41,40,275,11000
201406082019740,CCBL,33,41,40,275,11000
201406082019747,CCBL,33,50,40,275,11000
201406082019746,CCBL,33,41,40,275,11000
201406082019745,CCBL,33,50,40,275,11000
201406082019744,CCBL,33,50,40,275,11000
201406082019743,CCBL,33,41,40,275,11000
201406082019742,CCBL,33,41,40,275,11000
201406082019757,CCBL,48,14,31,274,8494
201406082019754,CCBL,21,14,31,271,8401
201406082019753,CCBL,41,55,245,275,67375
201406082019752,CCBL,21,21,40,271,10840
201406082019749,CCBL,33,50,40,275,11000
201406082019748,CCBL,33,50,40,275,11000
201406082019776,CCBL,41,5,39,277,10803
201406082019771,CCBL,21,58,276,277,76452
201406082019768,CCBL,17,50,40,278,11120
201406082019763,CCBL,17,14,31,275,8525
201406082019760,CCBL,41,48,288,274,78912
201406082019758,CCBL,17,6,40,275,11000
201406082019788,CCBL,37,14,31,274,8494
201406082019787,CCBL,37,10,40,274,10960
201406082019786,CCBL,58,14,31,275,8525
201406082019783,CCBL,37,14,40,274,10960
201406082019780,CCBL,37,14,40,274,10960
201406082019777,CCBL,46,14,31,275,8525
201406082019804,CCBL,58,14,40,275,11000
201406082019802,CCBL,58,6,40,275,11000
201406082019799,CCBL,56,14,40,273,10920
201406082019793,CCBL,58,5,39,276,10764
201406082019792,CCBL,56,14,40,273,10920
201406082019789,CCBL,56,14,40,273,10920
201406082019811,CCBL,58,14,40,275,11000
201406082019810,CCBL,16,5,39,276,10764
201406082019809,CCBL,16,5,39,276,10764
201406082019808,CCBL,16,14,306,274,83844
201406082019807,CCBL,17,28,40,275,11000
201406082019805,CCBL,56,14,40,273,10920
201406082019836,CCBL,48,44,40,275,11000
201406082019835,CCBL,48,44,40,275,11000
201406082019831,CCBL,58,14,40,274,10960
201406082019828,CCBL,58,44,40,275,11000
201406082019827,CCBL,58,14,40,274,10960
201406082019821,CCBL,58,28,40,275,11000
201406082019849,CCBL,48,44,40,275,11000
201406082019842,CCBL,58,14,40,274,10960
201406082019841,CCBL,16,34,91,275,25025
201406082019840,CCBL,39,28,40,275,11000
201406082019838,CCBL,58,14,40,274,10960
201406082019837,CCBL,48,5,39,276,10764
201406082019857,CCBL,48,14,40,275,11000
201406082019855,CCBL,8,49,1000,271,271000
201406082019854,CCBL,37,49,1000,271,271000
201406082019852,CCBL,7,49,1000,273,273000
201406082019851,CCBL,48,44,40,275,11000
201406082019850,CCBL,48,28,40,275,11000
201406082019865,CCBL,41,1,306,274,83844
201406082019864,CCBL,39,14,306,275,84150
201406082019863,CCBL,37,14,40,275,11000
201406082019861,CCBL,48,44,40,275,11000
201406082019860,CCBL,48,14,40,275,11000
201406082019858,CCBL,48,44,40,275,11000
201406082019881,CCBL,37,40,40,275,11000
201406082019876,CCBL,22,49,500,273,136500
201406082019875,CCBL,37,49,1000,272,272000
201406082019873,CCBL,37,13,304,275,83600
201406082019870,CCBL,37,14,40,275,11000
201406082019869,CCBL,37,44,40,275,11000
201406082019899,CCBL,58,49,17,275,4675
201406082019896,CCBL,21,1,306,273,83538
201406082019895,CCBL,49,49,3000,271,813000
201406082019894,CCBL,33,49,17,275,4675
201406082019890,CCBL,41,1,153,273,41769
201406082019882,CCBL,37,14,40,275,11000
201406082019910,CCBL,3,14,40,275,11000
201406082019909,CCBL,58,1,40,274,10960
201406082019903,CCBL,17,14,40,275,11000
201406082019902,CCBL,17,40,40,275,11000
201406082019901,CCBL,17,14,40,275,11000
201406082019900,CCBL,17,40,40,275,11000
201406082019916,CCBL,41,34,40,276,11040
201406082019915,CCBL,41,5,39,276,10764
201406082019914,CCBL,41,5,39,276,10764
201406082019913,CCBL,41,5,39,276,10764
201406082019912,CCBL,41,5,39,276,10764
201406082019911,CCBL,3,44,40,275,11000
201406082019922,CCBL,41,5,39,276,10764
201406082019921,CCBL,41,5,39,276,10764
201406082019920,CCBL,41,5,39,276,10764
201406082019919,CCBL,41,5,39,276,10764
201406082019918,CCBL,41,5,39,276,10764
201406082019917,CCBL,41,5,39,276,10764
201406082019930,CCBL,3,37,45,275,12375
201406082019929,CCBL,48,49,17,275,4675
201406082019928,CCBL,49,49,4000,271,1084000
201406082019927,CCBL,58,49,17,275,4675
201406082019925,CCBL,3,14,40,275,11000
201406082019923,CCBL,41,5,39,276,10764
201406082019939,CCBL,41,14,40,277,11080
201406082019938,CCBL,41,49,17,276,4692
201406082019937,CCBL,26,14,306,276,84456
201406082019934,CCBL,26,59,40,276,11040
201406082019933,CCBL,26,5,40,276,11040
201406082019932,CCBL,26,49,1000,276,276000
201406082019948,CCBL,41,1,40,277,11080
201406082019946,CCBL,41,37,106,277,29362
201406082019943,CCBL,41,50,40,277,11080
201406082019942,CCBL,41,34,40,277,11080
201406082019941,CCBL,41,34,40,277,11080
201406082019940,CCBL,41,34,40,277,11080
201406082019958,CCBL,3,14,40,278,11120
201406082019957,CCBL,3,50,40,278,11120
201406082019956,CCBL,3,50,40,278,11120
201406082019955,CCBL,41,37,76,277,21052
201406082019954,CCBL,41,44,40,277,11080
201406082019949,CCBL,41,37,91,277,25207
201406082019968,CCBL,39,50,40,279,11160
201406082019966,CCBL,17,14,40,278,11120
201406082019964,CCBL,13,50,40,279,11160
201406082019963,CCBL,41,14,40,278,11120
201406082019960,CCBL,41,1,40,278,11120
201406082019959,CCBL,3,37,31,278,8618
201406082019974,CCBL,39,50,40,280,11200
201406082019973,CCBL,39,50,40,280,11200
201406082019972,CCBL,39,50,40,279,11160
201406082019971,CCBL,39,50,40,279,11160
201406082019970,CCBL,39,50,40,279,11160
201406082019969,CCBL,39,50,40,279,11160
201406082019982,CCBL,17,14,40,278,11120
201406082019979,CCBL,39,5,40,280,11200
201406082019978,CCBL,39,50,40,280,11200
201406082019977,CCBL,39,50,40,280,11200
201406082019976,CCBL,39,50,40,280,11200
201406082019975,CCBL,39,50,40,280,11200
201406082019997,CCBL,3,11,261,282,73602
201406082019996,CCBL,3,59,40,282,11280
201406082019994,CCBL,39,1,40,280,11200
201406082019987,CCBL,39,5,40,280,11200
201406082019986,CCBL,39,5,40,280,11200
201406082019984,CCBL,17,1,40,278,11120
201406082020007,CCBL,7,49,1000,279,279000
201406082020005,CCBL,7,1,40,280,11200
201406082020002,CCBL,39,37,91,280,25480
201406082020001,CCBL,17,1,40,278,11120
201406082019999,CCBL,39,1,40,280,11200
201406082019998,CCBL,39,14,40,280,11200
201406082020023,CCBL,26,50,40,283,11320
201406082020022,CCBL,26,5,40,283,11320
201406082020021,CCBL,26,5,40,283,11320
201406082020020,CCBL,17,1,40,278,11120
201406082020013,CCBL,17,1,40,278,11120
201406082020008,CCBL,7,14,40,280,11200
201406082020034,CCBL,7,14,40,279,11160
201406082020033,CCBL,7,14,40,279,11160
201406082020029,CCBL,7,1,40,279,11160
201406082020027,CCBL,17,14,40,278,11120
201406082020026,CCBL,26,5,153,283,43299
201406082020024,CCBL,26,39,39,283,11037
201406082020043,CCBL,47,14,40,280,11200
201406082020042,CCBL,47,6,40,280,11200
201406082020040,CCBL,8,52,40,281,11240
201406082020039,CCBL,8,52,40,281,11240
201406082020038,CCBL,7,14,40,279,11160
201406082020036,CCBL,7,14,40,279,11160
201406082020073,CCBL,39,28,40,280,11200
201406082020065,CCBL,39,14,40,280,11200
201406082020062,CCBL,39,28,40,280,11200
201406082020058,CCBL,17,52,40,281,11240
201406082020053,CCBL,7,14,40,279,11160
201406082020052,CCBL,8,28,40,280,11200
201406082020097,CCBL,4,28,40,281,11240
201406082020096,CCBL,4,52,40,281,11240
201406082020095,CCBL,4,52,40,281,11240
201406082020094,CCBL,4,6,40,281,11240
201406082020093,CCBL,4,52,40,281,11240
201406082020092,CCBL,4,52,40,281,11240
201406082020115,CCBL,4,39,40,282,11280
201406082020114,CCBL,4,39,40,282,11280
201406082020113,CCBL,4,49,1000,282,282000
201406082020108,CCBL,4,1,40,281,11240
201406082020104,CCBL,4,1,40,281,11240
201406082020102,CCBL,4,6,40,281,11240
201406082020134,CCBL,39,28,40,280,11200
201406082020133,CCBL,25,1,76,281,21356
201406082020125,CCBL,39,25,1000,280,280000
201406082020122,CCBL,39,57,40,280,11200
201406082020119,CCBL,6,1,153,281,42993
201406082020116,CCBL,4,39,40,282,11280
201406082020148,CCBL,17,48,273,282,76986
201406082020147,CCBL,17,6,40,282,11280
201406082020146,CCBL,17,39,40,282,11280
201406082020145,CCBL,17,39,40,282,11280
201406082020141,CCBL,26,25,500,281,140500
201406082020136,CCBL,26,25,500,281,140500
201406082020246,CCBL,39,14,306,280,85680
201406082020244,CCBL,11,25,91,281,25571
201406082020202,CCBL,49,49,500,280,140000
201406082020176,CCBL,39,49,500,280,140000
201406082020169,CCBL,17,28,40,282,11280
201406082020168,CCBL,17,28,40,282,11280
201406082020260,CCBL,36,25,1000,280,280000
201406082020258,CCBL,50,58,40,280,11200
201406082020256,CCBL,26,14,306,280,85680
201406082020255,CCBL,39,58,40,280,11200
201406082020253,CCBL,39,58,40,280,11200
201406082020251,CCBL,53,14,306,280,85680
201406082020281,CCBL,47,25,40,281,11240
201406082020280,CCBL,47,14,40,281,11240
201406082020272,CCBL,50,14,40,280,11200
201406082020266,CCBL,50,14,40,280,11200
201406082020265,CCBL,53,49,300,280,84000
201406082020261,CCBL,50,58,40,280,11200
201406082020310,CCBL,1,14,306,279,85374
201406082020308,CCBL,52,25,92,281,25852
201406082020302,CCBL,39,14,306,280,85680
201406082020293,CCBL,39,43,153,280,42840
201406082020291,CCBL,39,43,276,280,77280
201406082020283,CCBL,41,43,276,279,77004
201406082020363,CCBL,13,58,245,281,68845
201406082020362,CCBL,16,48,306,280,85680
201406082020352,CCBL,22,14,306,280,85680
201406082020326,CCBL,48,28,40,282,11280
201406082020325,CCBL,48,28,40,282,11280
201406082020324,CCBL,48,28,40,282,11280
201406082020416,CCBL,39,28,40,282,11280
201406082020413,CCBL,11,57,276,281,77556
201406082020381,CCBL,34,49,500,280,140000
201406082020378,CCBL,34,49,500,280,140000
201406082020371,CCBL,16,49,500,280,140000
201406082020370,CCBL,22,49,500,280,140000
201406082020434,CCBL,36,21,50,281,14050
201406082020429,CCBL,36,21,50,281,14050
201406082020426,CCBL,36,21,50,281,14050
201406082020421,CCBL,11,14,306,281,85986
201406082020418,CCBL,39,28,40,282,11280
201406082020417,CCBL,39,28,40,282,11280
201406082020462,CCBL,48,48,306,282,86292
201406082020461,CCBL,48,42,40,282,11280
201406082020453,CCBL,48,48,306,282,86292
201406082020452,CCBL,48,42,40,282,11280
201406082020451,CCBL,48,42,40,282,11280
201406082020441,CCBL,4,49,16,282,4512
201406082020491,CCBL,39,42,40,282,11280
201406082020490,CCBL,39,47,10,282,2820
201406082020489,CCBL,39,42,40,282,11280
201406082020488,CCBL,39,28,40,282,11280
201406082020480,CCBL,36,50,40,281,11240
201406082020472,CCBL,52,49,616,280,172480
201406082020514,CCBL,57,52,40,282,11280
201406082020509,CCBL,17,14,306,281,85986
201406082020505,CCBL,39,28,40,282,11280
201406082020499,CCBL,39,42,40,282,11280
201406082020493,CCBL,39,42,40,282,11280
201406082020492,CCBL,39,28,40,282,11280
201406082020562,CCBL,36,50,40,281,11240
201406082020535,CCBL,37,52,40,282,11280
201406082020534,CCBL,37,52,40,282,11280
201406082020533,CCBL,49,49,1000,280,280000
201406082020526,CCBL,37,14,306,281,85986
201406082020516,CCBL,57,37,45,282,12690
201406082020598,CCBL,11,50,40,282,11280
201406082020591,CCBL,52,51,276,281,77556
201406082020583,CCBL,53,16,40,281,11240
201406082020582,CCBL,53,50,40,281,11240
201406082020569,CCBL,36,50,40,281,11240
201406082020567,CCBL,36,50,40,281,11240
201406082020609,CCBL,1,48,306,280,85680
201406082020605,CCBL,51,51,276,281,77556
201406082020604,CCBL,11,51,207,281,58167
201406082020603,CCBL,53,16,40,281,11240
201406082020602,CCBL,19,48,306,280,85680
201406082020599,CCBL,11,39,40,282,11280
201406082020615,CCBL,11,42,110,281,30910
201406082020614,CCBL,53,42,80,281,22480
201406082020613,CCBL,47,42,20,281,5620
201406082020612,CCBL,11,42,20,282,5640
201406082020611,CCBL,37,42,20,282,5640
201406082020610,CCBL,39,42,10,282,2820
201406082020621,CCBL,48,42,100,280,28000
201406082020620,CCBL,50,42,140,280,39200
201406082020619,CCBL,39,42,20,280,5600
201406082020618,CCBL,39,42,20,280,5600
201406082020617,CCBL,47,42,20,280,5600
201406082020616,CCBL,7,42,20,280,5600
201406082020645,CCBL,44,25,40,280,11200
201406082020628,CCBL,44,42,110,280,30800
201406082020626,CCBL,11,42,1800,280,504000
201406082020624,CCBL,51,42,210,280,58800
201406082020623,CCBL,50,42,200,280,56000
201406082020622,CCBL,22,42,100,280,28000
201406082020673,CCBL,26,28,40,282,11280
201406082020661,CCBL,26,39,40,282,11280
201406082020660,CCBL,26,39,40,282,11280
201406082020659,CCBL,28,48,305,281,85705
201406082020653,CCBL,26,51,207,281,58167
201406082020649,CCBL,49,49,1000,279,279000
201406082020710,CCBL,5,42,276,280,77280
201406082020707,CCBL,37,42,3055,281,858455
201406082020692,CCBL,17,28,40,282,11280
201406082020691,CCBL,17,28,40,282,11280
201406082020681,CCBL,41,28,40,282,11280
201406082020680,CCBL,41,28,40,282,11280
201406082020726,CCBL,17,6,40,282,11280
201406082020721,CCBL,17,52,45,282,12690
201406082020720,CCBL,17,39,40,282,11280
201406082020719,CCBL,17,50,40,282,11280
201406082020718,CCBL,17,28,40,282,11280
201406082020714,CCBL,41,42,40,281,11240
201406082020773,CCBL,46,6,40,282,11280
201406082020772,CCBL,46,6,40,282,11280
201406082020771,CCBL,46,6,40,282,11280
201406082020766,CCBL,46,48,306,282,86292
201406082020760,CCBL,4,48,306,282,86292
201406082020758,CCBL,33,48,306,282,86292
201406082020782,CCBL,33,43,306,282,86292
201406082020781,CCBL,33,6,40,282,11280
201406082020780,CCBL,33,28,40,282,11280
201406082020779,CCBL,41,25,40,281,11240
201406082020775,CCBL,46,43,306,282,86292
201406082020774,CCBL,46,6,40,282,11280
201406082020807,CCBL,46,25,40,282,11280
201406082020806,CCBL,46,40,40,282,11280
201406082020802,CCBL,46,28,40,282,11280
201406082020801,CCBL,33,40,106,282,29892
201406082020800,CCBL,33,28,40,282,11280
201406082020799,CCBL,33,28,40,282,11280
201406082020846,CCBL,49,49,1000,281,281000
201406082020844,CCBL,55,34,304,282,85728
201406082020838,CCBL,33,39,38,283,10754
201406082020832,CCBL,53,28,40,282,11280
201406082020826,CCBL,46,28,40,282,11280
201406082020812,CCBL,46,40,40,282,11280
201406082020857,CCBL,22,49,1000,283,283000
201406082020856,CCBL,53,28,40,282,11280
201406082020854,CCBL,55,34,304,282,85728
201406082020851,CCBL,53,40,40,282,11280
201406082020850,CCBL,33,39,36,283,10188
201406082020848,CCBL,53,28,40,282,11280
201406082020876,CCBL,28,28,40,282,11280
201406082020871,CCBL,28,40,40,282,11280
201406082020870,CCBL,1,1,1500,280,420000
201406082020868,CCBL,33,34,304,282,85728
201406082020860,CCBL,53,40,40,282,11280
201406082020858,CCBL,22,39,93,283,26319
201406082020887,CCBL,55,14,45,283,12735
201406082020886,CCBL,55,39,40,283,11320
201406082020884,CCBL,5,1,40,282,11280
201406082020882,CCBL,28,28,40,282,11280
201406082020880,CCBL,28,1,40,282,11280
201406082020879,CCBL,28,40,40,282,11280
201406082020898,CCBL,22,50,40,283,11320
201406082020897,CCBL,22,40,40,283,11320
201406082020894,CCBL,22,40,40,283,11320
201406082020892,CCBL,22,40,40,283,11320
201406082020891,CCBL,17,17,40,282,11280
201406082020890,CCBL,5,1,40,282,11280
201406082020905,CCBL,55,48,40,284,11360
201406082020904,CCBL,55,48,40,284,11360
201406082020903,CCBL,55,48,40,284,11360
201406082020902,CCBL,55,48,40,284,11360
201406082020901,CCBL,55,48,40,284,11360
201406082020900,CCBL,22,40,40,283,11320
201406082020915,CCBL,55,40,40,284,11360
201406082020910,CCBL,55,48,40,284,11360
201406082020909,CCBL,55,48,40,284,11360
201406082020908,CCBL,55,48,40,284,11360
201406082020907,CCBL,55,48,40,284,11360
201406082020906,CCBL,55,48,40,284,11360
201406082020941,CCBL,17,57,38,283,10754
201406082020939,CCBL,17,42,40,283,11320
201406082020929,CCBL,22,55,61,283,17263
201406082020928,CCBL,17,42,40,283,11320
201406082020924,CCBL,53,43,306,284,86904
201406082020920,CCBL,55,55,40,284,11360
201406082020959,CCBL,4,57,38,282,10716
201406082020956,CCBL,4,42,40,282,11280
201406082020953,CCBL,53,57,38,283,10754
201406082020950,CCBL,53,42,40,283,11320
201406082020944,CCBL,53,42,40,283,11320
201406082020942,CCBL,53,55,40,283,11320
201406082021005,CCBL,22,28,40,282,11280
201406082021001,CCBL,53,44,276,281,77556
201406082020990,CCBL,53,44,276,281,77556
201406082020986,CCBL,22,57,38,282,10716
201406082020985,CCBL,22,55,40,282,11280
201406082020982,CCBL,51,44,276,281,77556
201406082021011,CCBL,22,55,40,282,11280
201406082021010,CCBL,22,39,40,282,11280
201406082021009,CCBL,22,39,40,282,11280
201406082021008,CCBL,22,40,40,282,11280
201406082021007,CCBL,22,39,40,282,11280
201406082021006,CCBL,22,40,40,282,11280
201406082021030,CCBL,41,36,40,281,11240
201406082021029,CCBL,13,44,306,281,85986
201406082021027,CCBL,41,25,40,281,11240
201406082021022,CCBL,21,44,304,280,85120
201406082021013,CCBL,22,55,40,282,11280
201406082021012,CCBL,22,28,40,282,11280
201406082021058,CCBL,26,39,40,282,11280
201406082021055,CCBL,17,39,40,282,11280
201406082021054,CCBL,17,39,40,282,11280
201406082021053,CCBL,25,36,40,280,11200
201406082021049,CCBL,44,36,40,280,11200
201406082021045,CCBL,41,36,40,281,11240
201406082020811,CDBL,8,36,15,384,5760
201406082020788,CDBL,8,11,15,384,5760
201406082020770,CDBL,8,11,15,384,5760
201406082020755,CDBL,8,11,15,384,5760
201406082020747,CDBL,8,36,15,384,5760
201406082020743,CDBL,8,36,15,384,5760
201406082020734,CDBL,8,36,15,384,5760
201406082020727,CDBL,8,42,15,380,5700
201406082020712,CDBL,8,42,31,380,11780
201406082019575,ALDBL,17,17,30,198,5940
201406082019553,BHBL,42,42,1000,119,119000
201406082019722,BSBL,48,52,20,260,5200
201406082019684,CBL,39,1,27,271,7317
201406082019681,CBL,39,1,27,272,7344
201406082019627,CBL,55,57,54,273,14742
201406082019609,CBL,11,1,27,271,7317
201406082019606,CBL,39,1,14,272,3808
201406082019604,CBL,25,1,14,275,3850
201406082019739,CCBL,33,50,40,275,11000
201406082019738,CCBL,33,50,40,275,11000
201406082019736,CCBL,21,49,600,271,162600
201406082019733,CCBL,56,14,31,271,8401
201406082019731,CCBL,56,22,40,271,10840
201406082019729,CCBL,48,55,304,274,83296
201406082019625,CCBL,1,57,500,270,135000
201406082019622,CCBL,17,16,40,270,10800
201406082019616,CCBL,56,7,40,270,10800
201406082019613,CCBL,17,7,40,265,10600
201406082019607,CCBL,47,7,28,260,7280
201406082019645,CCBL,25,50,40,270,10800
201406082019644,CCBL,17,16,40,275,11000
201406082019643,CCBL,25,57,500,270,135000
201406082019641,CCBL,25,34,40,270,10800
201406082019636,CCBL,1,57,500,270,135000
201406082019628,CCBL,17,16,40,270,10800
201406082019652,CCBL,25,37,40,270,10800
201406082019651,CCBL,25,50,40,270,10800
201406082019650,CCBL,25,57,500,270,135000
201406082019648,CCBL,25,50,40,270,10800
201406082019647,CCBL,25,34,40,270,10800
201406082019646,CCBL,17,35,19,275,5225
201406082019659,CCBL,25,14,31,270,8370
201406082019658,CCBL,25,37,40,270,10800
201406082019657,CCBL,7,59,263,273,71799
201406082019656,CCBL,25,50,40,270,10800
201406082019655,CCBL,26,48,273,270,73710
201406082019654,CCBL,26,57,500,270,135000
201406082019669,CCBL,17,48,40,275,11000
201406082019666,CCBL,39,14,31,270,8370
201406082019665,CCBL,39,37,40,270,10800
201406082019664,CCBL,39,50,40,270,10800
201406082019663,CCBL,25,57,500,270,135000
201406082019660,CCBL,39,50,40,270,10800
201406082019677,CCBL,5,41,40,275,11000
201406082019675,CCBL,25,50,40,270,10800
201406082019674,CCBL,14,37,40,271,10840
201406082019673,CCBL,25,50,40,270,10800
201406082019671,CCBL,17,16,40,275,11000
201406082019670,CCBL,17,16,40,275,11000
201406082019689,CCBL,21,25,500,270,135000
201406082019688,CCBL,14,37,40,270,10800
201406082019685,CCBL,59,6,304,270,82080
201406082019683,CCBL,59,37,40,270,10800
201406082019680,CCBL,5,14,31,275,8525
201406082019678,CCBL,5,37,40,275,11000
201406082019705,CCBL,25,55,304,270,82080
201406082019694,CCBL,35,57,76,268,20368
201406082019693,CCBL,41,50,40,270,10800
201406082019692,CCBL,21,14,31,270,8370
201406082019691,CCBL,21,37,40,270,10800
201406082019690,CCBL,39,14,31,270,8370
201406082019713,CCBL,40,14,31,271,8401
201406082019712,CCBL,21,21,40,270,10800
201406082019711,CCBL,56,14,31,270,8370
201406082019708,CCBL,39,57,86,270,23220
201406082019707,CCBL,39,21,40,270,10800
201406082019706,CCBL,41,14,31,270,8370
201406082019728,CCBL,21,50,40,270,10800
201406082019727,CCBL,40,14,31,271,8401
201406082019725,CCBL,40,14,31,271,8401
201406082019720,CCBL,59,17,276,271,74796
201406082019718,CCBL,25,14,31,271,8401
201406082019715,CCBL,21,21,40,270,10800
