contract,symbol,buyer,seller,qty,rate,amt
201412022374383,ADBL,38,25,40,453,18120
201412022374050,ADBL,45,38,30,445,13350
201412022374040,ADBL,45,17,30,445,13350
201412022374033,ADBL,56,38,136,441,59976
201412022373896,ADBL,45,39,280,448,125440
201412022374347,AHPC,45,13,550,343,188650
201412022374346,AHPC,34,13,100,343,34300
201412022374345,AHPC,28,13,500,344,172000
201412022374344,AHPC,58,13,200,344,68800
201412022374343,AHPC,29,13,100,344,34400
201412022374342,AHPC,26,13,50,344,17200
201412022374341,AHPC,42,13,130,345,44850
201412022374188,AHPC,26,8,94,350,32900
201412022373992,AHPC,45,18,300,350,105000
201412022373934,AHPC,7,18,500,352,176000
201412022374279,ALICL,14,19,20,1085,21700
201412022373956,ALICL,54,41,44,1070,47080
201412022373951,ALICL,28,41,59,1075,63425
201412022374204,ARDBL,22,16,42,138,5796
201412022374198,ARDBL,22,16,42,138,5796
201412022374195,ARDBL,22,16,42,138,5796
201412022374095,ARDBL,14,16,42,137,5754
201412022374187,BLDBL,57,10,150,419,62850
201412022374184,BLDBL,5,10,100,421,42100
201412022374183,BLDBL,32,10,50,422,21100
201412022374182,BLDBL,46,10,100,422,42200
201412022374268,BPCL,22,28,87,595,51765
201412022373892,BPCL,50,1,500,590,295000
201412022374029,BSBL,17,53,111,280,31080
201412022374354,CBL,41,53,276,227,62652
201412022374079,CBL,45,26,82,228,18696
201412022374059,CBL,13,25,566,228,129048
201412022373910,CBL,25,16,1000,227,227000
201412022373906,CBL,45,57,270,228,61560
201412022374358,CCBL,38,38,1000,249,249000
201412022374299,CCBL,43,55,857,249,213393
201412022374172,CCBL,38,7,40,250,10000
201412022374089,CCBL,49,7,40,250,10000
201412022374056,CCBL,49,13,40,250,10000
201412022374034,CCBL,49,50,306,250,76500
201412022374281,CDBL,43,51,15,342,5130
201412022374265,CDBL,14,51,15,343,5145
201412022374232,CDBL,26,51,15,344,5160
201412022374178,CDBL,1,51,15,345,5175
201412022374069,CDBL,46,44,214,348,74472
201412022374369,CHCL,42,1,130,1515,196950
201412022374294,CHCL,7,7,58,1511,87638
201412022374275,CHCL,5,1,100,1512,151200
201412022374241,CHCL,26,1,98,1511,148078
201412022374230,CHCL,59,1,40,1512,60480
201412022374217,CHCL,21,1,50,1512,75600
201412022373991,CHCL,26,49,100,1511,151100
201412022373987,CHCL,37,49,100,1512,151200
201412022373980,CHCL,21,21,212,1511,320332
201412022373979,CHCL,38,49,50,1520,76000
201412022373937,CHCL,38,32,20,1518,30360
201412022374212,CHCL,26,1,100,1512,151200
201412022374201,CHCL,38,1,33,1515,49995
201412022374179,CHCL,38,1,25,1520,38000
201412022374158,CHCL,49,49,130,1510,196300
201412022374110,CHCL,59,49,130,1512,196560
201412022374028,CHCL,57,49,200,1510,302000
201412022374388,CIT,49,6,50,2790,139500
201412022374387,CIT,45,6,60,2792,167520
201412022374325,CIT,5,6,20,2802,56040
201412022374313,CIT,51,6,100,2796,279600
201412022374277,CIT,19,47,20,2800,56000
201412022374211,CIT,3,6,100,2796,279600
201412022373901,CIT,7,6,100,2790,279000
201412022374208,CIT,45,11,30,2820,84600
201412022374200,CIT,45,47,20,2805,56100
201412022374067,CIT,45,6,20,2795,55900
201412022374062,CIT,45,16,26,2791,72566
201412022374054,CIT,6,6,100,2790,279000
201412022374026,CIT,55,41,21,2780,58380
201412022374197,CNDBL,52,47,20,156,3120
201412022374196,CNDBL,52,47,20,155,3100
201412022374193,CZBIL,51,5,120,382,45840
201412022374030,CZBIL,8,17,21,385,8085
201412022374357,EBL,55,11,34,1709,58106
201412022374228,EBL,55,44,100,1709,170900
201412022374180,EBL,29,44,100,1709,170900
201412022374170,EBL,55,44,100,1709,170900
201412022374132,EBL,17,17,100,1703,170300
201412022374071,EBL,32,44,100,1706,170600
201412022374047,EBL,45,11,50,1702,85100
201412022374044,EBL,45,11,50,1702,85100
201412022374039,EBL,38,11,91,1703,154973
201412022374159,EDBL,8,22,470,628,295160
201412022373998,EDBL,8,10,1000,640,640000
201412022373981,EDBL,8,8,1000,653,653000
201412022373978,EDBL,8,19,153,650,99450
201412022373977,EDBL,8,41,100,650,65000
201412022373974,EDBL,8,19,186,649,120714
201412022374364,EKBL,13,18,33,178,5874
201412022374350,EKBL,19,18,33,177,5841
201412022374115,EKBL,18,18,33,178,5874
201412022374113,EKBL,18,18,33,178,5874
201412022374109,EKBL,18,18,33,178,5874
201412022374107,EKBL,18,18,33,178,5874
201412022373931,EKBL,13,25,20,177,3540
201412022373920,EKBL,13,25,20,177,3540
201412022374072,EKBL,18,18,33,178,5874
201412022374068,EKBL,18,18,33,178,5874
201412022374065,EKBL,18,18,33,178,5874
201412022374063,EKBL,18,18,33,178,5874
201412022373948,EKBL,19,25,20,175,3500
201412022373940,EKBL,13,25,20,176,3520
201412022374080,EKBL,18,18,33,178,5874
201412022374078,EKBL,18,18,33,178,5874
201412022374076,EKBL,18,18,33,178,5874
201412022374075,EKBL,18,18,33,178,5874
201412022374074,EKBL,18,18,33,178,5874
201412022374073,EKBL,18,18,33,178,5874
201412022374090,EKBL,18,18,33,178,5874
201412022374088,EKBL,18,18,33,178,5874
201412022374085,EKBL,18,18,33,178,5874
201412022374084,EKBL,18,18,33,178,5874
201412022374082,EKBL,18,18,33,178,5874
201412022374081,EKBL,18,18,33,178,5874
201412022374099,EKBL,18,18,33,178,5874
201412022374098,EKBL,18,18,33,178,5874
201412022374097,EKBL,18,18,33,178,5874
201412022374093,EKBL,18,18,33,178,5874
201412022374092,EKBL,18,18,33,178,5874
201412022374091,EKBL,18,18,33,178,5874
201412022374106,EKBL,18,18,33,178,5874
201412022374105,EKBL,18,18,33,178,5874
201412022374103,EKBL,18,18,33,178,5874
201412022374102,EKBL,18,18,33,178,5874
201412022374101,EKBL,18,18,33,178,5874
201412022374100,EKBL,18,18,33,178,5874
201412022374259,FMDBL,14,51,148,817,120916
201412022374227,FMDBL,48,25,490,833,408170
201412022374215,FMDBL,6,25,99,835,82665
201412022374116,FMDBL,37,7,100,848,84800
201412022374006,FMDBL,48,7,100,850,85000
201412022374390,GBIME,20,17,661,470,310670
201412022374327,GBIME,38,42,100,479,47900
201412022374322,GBIME,20,17,649,475,308275
201412022374310,GBIME,20,57,318,471,149778
201412022374250,GBIME,38,26,12,477,5724
201412022374240,GBIME,46,42,110,475,52250
201412022374216,GBIME,46,7,90,475,42750
201412022373970,GBIME,38,19,17,479,8143
201412022373968,GBIME,38,32,29,475,13775
201412022373953,GBIME,8,36,79,470,37130
201412022373952,GBIME,8,36,120,470,56400
201412022374218,GLICL,43,26,14,521,7294
201412022374291,GRAND,1,56,1000,161,161000
201412022374248,GRAND,55,7,838,159,133242
201412022374146,GRAND,3,56,1000,160,160000
201412022374141,GRAND,3,26,500,162,81000
201412022374264,HBDL,37,40,500,96,48000
201412022373898,HBDL,13,41,200,95,19000
201412022374379,IDBL,6,50,342,151,51642
201412022374323,JBBL,7,3,90,140,12600
201412022374293,JBBL,7,3,12,140,1680
201412022374287,JBBL,48,3,30,141,4230
201412022374286,JBBL,3,3,10,141,1410
201412022374285,JBBL,7,3,80,141,11280
201412022373913,JBBL,7,29,120,141,16920
201412022373964,KBL,20,7,100,355,35500
201412022374160,KCDBL,26,39,17,179,3043
201412022374149,KCDBL,26,34,35,179,6265
201412022374148,KCDBL,26,47,10,179,1790
201412022374147,KCDBL,26,47,10,179,1790
201412022374041,KCDBL,26,34,35,179,6265
201412022373969,KCDBL,26,47,17,179,3043
201412022374384,KDBL,5,25,170,111,18870
201412022374355,KDBL,45,11,123,110,13530
201412022374257,KDBL,19,39,886,108,95688
201412022374252,KDBL,21,59,20,109,2180
201412022374194,KDBL,21,59,20,109,2180
201412022374130,KDBL,21,21,42,110,4620
201412022374086,KDBL,19,21,40,108,4320
201412022374008,KMCDB,26,18,10,605,6050
201412022374145,LBL,51,16,160,431,68960
201412022374120,LBL,22,11,100,438,43800
201412022373904,LBL,6,11,100,435,43500
201412022374381,LGIL,42,21,200,395,79000
201412022374356,LGIL,50,21,200,393,78600
201412022373971,LGIL,22,41,75,392,29400
201412022373942,LGIL,14,55,147,390,57330
201412022374290,LICN,11,55,30,3100,93000
201412022374077,LICN,35,55,100,3100,310000
201412022374340,LLBS,46,21,10,596,5960
201412022374320,LLBS,36,21,10,593,5930
201412022374284,LLBS,36,26,10,593,5930
201412022374278,LLBS,36,26,10,593,5930
201412022374239,LLBS,46,21,10,600,6000
201412022374238,LLBS,46,21,10,600,6000
201412022373907,LLBS,36,26,23,595,13685
201412022374127,LLBS,18,46,41,599,24559
201412022374123,LLBS,36,26,10,597,5970
201412022374057,LLBS,6,46,41,598,24518
201412022373965,LLBS,8,46,41,599,24559
201412022373909,LLBS,36,43,10,597,5970
201412022373908,LLBS,36,26,23,595,13685
201412022374138,LLBS,18,11,10,600,6000
201412022374137,LLBS,18,32,10,600,6000
201412022374136,LLBS,18,32,10,600,6000
201412022374135,LLBS,36,26,10,597,5970
201412022374131,LLBS,18,46,41,599,24559
201412022374128,LLBS,36,26,10,597,5970
201412022374161,LLBS,36,26,10,597,5970
201412022374154,LLBS,36,26,10,597,5970
201412022374150,LLBS,36,26,10,597,5970
201412022374144,LLBS,36,26,10,597,5970
201412022374140,LLBS,18,11,10,600,6000
201412022374139,LLBS,18,11,10,600,6000
201412022374219,LLBS,46,52,10,599,5990
201412022374213,LLBS,39,26,10,594,5940
201412022374209,LLBS,39,26,10,594,5940
201412022374203,LLBS,39,26,10,594,5940
201412022374166,LLBS,39,26,10,594,5940
201412022374165,LLBS,39,26,10,594,5940
201412022374237,LLBS,46,21,10,600,6000
201412022374236,LLBS,46,21,10,600,6000
201412022374235,LLBS,46,21,10,600,6000
201412022374222,LLBS,46,11,15,600,9000
201412022374221,LLBS,46,11,10,600,6000
201412022374220,LLBS,46,11,10,600,6000
201412022374386,LUBL,25,29,80,312,24960
201412022374301,LUBL,13,49,40,306,12240
201412022374205,LUBL,25,17,96,310,29760
201412022374199,LUBL,25,16,180,308,55440
201412022374031,LUBL,40,19,374,307,114818
201412022373933,LUBL,18,50,17,305,5185
201412022373923,LUBL,47,50,18,306,5508
201412022374174,MBBL,19,16,1000,137,137000
201412022374336,MBL,41,34,170,461,78370
201412022374191,MBL,42,13,261,456,119016
201412022374108,MBL,22,13,89,458,40762
201412022374087,MBL,22,7,344,453,155832
201412022373988,MBL,22,34,617,453,279501
201412022373959,MBL,49,13,200,454,90800
201412022373958,MBL,25,13,200,455,91000
201412022373957,MBL,42,13,100,460,46000
201412022374233,MEGA,1,48,1845,329,607005
201412022374225,MEGA,57,50,183,328,60024
201412022374162,MEGA,16,1,32,329,10528
201412022374153,MEGA,38,1,32,328,10496
201412022374151,MEGA,38,1,32,328,10496
201412022374142,MEGA,55,1,32,329,10528
201412022374064,MEGA,38,38,201,330,66330
201412022373963,MEGA,39,39,626,328,205328
201412022373899,MEGA,55,1,32,330,10560
201412022374048,MNBBL,14,16,80,479,38320
201412022374043,MNBBL,14,16,80,479,38320
201412022374319,MPFL,8,57,10,104,1040
201412022374317,MPFL,8,57,10,104,1040
201412022374389,NABIL,3,4,28,1680,47040
201412022374255,NABIL,3,20,152,1655,251560
201412022374052,NABIL,49,49,115,1635,188025
201412022374022,NABIL,11,49,500,1635,817500
201412022374021,NABIL,47,49,300,1635,490500
201412022374020,NABIL,19,49,200,1642,328400
201412022374013,NABIL,25,49,40,1652,66080
201412022374019,NABIL,45,49,100,1645,164500
201412022374018,NABIL,22,49,160,1646,263360
201412022374017,NABIL,34,49,100,1647,164700
201412022374016,NABIL,46,49,30,1650,49500
201412022374015,NABIL,18,49,60,1651,99060
201412022374014,NABIL,25,49,50,1652,82600
201412022374288,NABILP,3,22,150,1219,182850
201412022374229,NABILP,28,22,200,1205,241000
201412022374315,NBB,1,33,1100,415,456500
201412022374280,NBB,25,39,40,421,16840
201412022374269,NBB,25,36,10,421,4210
201412022374245,NBB,25,40,50,413,20650
201412022374243,NBB,25,41,100,408,40800
201412022374234,NBB,25,18,200,405,81000
201412022374231,NBB,25,39,400,402,160800
201412022374176,NBB,25,26,400,401,160400
201412022374046,NBB,44,39,485,400,194000
201412022374375,NBBL,51,11,10,1672,16720
201412022373895,NBF1,21,22,899,13,11282
201412022374329,NBL,22,57,2000,329,658000
201412022374316,NBL,17,48,1000,330,330000
201412022374300,NBL,14,6,100,328,32800
201412022374283,NBL,45,57,1000,326,326000
201412022374157,NBL,6,6,500,326,163000
201412022374004,NBL,45,6,500,327,163500
201412022373967,NBL,13,48,300,329,98700
201412022373900,NBL,6,6,500,326,163000
201412022374348,NCCB,44,7,1000,514,514000
201412022374308,NCCB,6,21,710,515,365650
201412022373889,NGBL,14,29,11,248,2728
201412022374382,NHPC,36,56,2500,116,290000
201412022374376,NHPC,48,56,1000,116,116000
201412022374362,NHPC,3,56,4000,114,456000
201412022374349,NHPC,56,56,2000,114,228000
201412022374335,NHPC,3,56,2000,114,228000
201412022374330,NHPC,36,56,2000,114,228000
201412022373911,NHPC,7,56,1000,114,114000
201412022373893,NHPC,39,25,1000,114,114000
201412022373891,NHPC,36,25,1000,115,115000
201412022373890,NHPC,36,56,2000,114,228000
201412022373925,NHPC,1,56,1000,113,113000
201412022373922,NHPC,44,50,1000,113,113000
201412022373918,NHPC,44,50,1000,113,113000
201412022373917,NHPC,21,50,1000,113,113000
201412022373916,NHPC,3,56,2000,112,224000
201412022373914,NHPC,55,50,1000,113,113000
201412022374023,NHPC,44,56,1000,116,116000
201412022373976,NHPC,6,25,1000,115,115000
201412022373936,NHPC,55,56,540,113,61020
201412022373935,NHPC,54,50,1000,114,114000
201412022373932,NHPC,59,56,1000,113,113000
201412022373926,NHPC,36,56,1000,113,113000
201412022374143,NHPC,6,56,3000,116,348000
201412022374094,NHPC,3,6,1010,117,118170
201412022374061,NHPC,6,25,500,116,58000
201412022374055,NHPC,3,56,7520,114,857280
201412022374025,NHPC,44,6,1000,116,116000
201412022374024,NHPC,44,6,1000,116,116000
201412022374324,NHPC,55,56,2000,116,232000
201412022374314,NHPC,3,56,3000,114,342000
201412022374305,NHPC,6,56,1000,116,116000
201412022374276,NHPC,6,56,1000,116,116000
201412022374189,NHPC,3,56,1000,116,116000
201412022374175,NHPC,6,50,500,118,59000
201412022374352,NIB,45,5,16,670,10720
201412022374309,NIB,47,18,173,662,114526
201412022374302,NIB,47,39,235,659,154865
201412022374266,NIB,29,33,400,656,262400
201412022374263,NIB,26,8,176,657,115632
201412022374260,NIB,26,39,372,658,244776
201412022374246,NIB,26,49,120,657,78840
201412022374210,NIB,22,49,120,657,78840
201412022374361,NICA,16,18,25,719,17975
201412022374331,NICA,35,33,1000,720,720000
201412022374271,NICA,20,11,15,720,10800
201412022374083,NICA,37,5,80,717,57360
201412022373996,NICA,49,6,104,720,74880
201412022373912,NICA,37,44,300,719,215700
201412022374045,NIL,41,17,27,746,20142
201412022374042,NIL,41,17,41,745,30545
201412022374035,NIL,55,17,41,744,30504
201412022374373,NLG,25,26,34,717,24378
201412022374372,NLG,11,47,13,722,9386
201412022374371,NLG,43,47,13,723,9399
201412022374368,NLG,39,47,13,725,9425
201412022374365,NLG,45,47,26,726,18876
201412022373928,NLG,42,41,37,725,26825
201412022374296,NLIC,20,32,250,3895,973750
201412022374274,NLIC,44,45,100,3870,387000
201412022374190,NLIC,44,45,100,3860,386000
201412022374171,NLIC,56,45,100,3855,385500
201412022374152,NLIC,17,17,243,3850,935550
201412022374005,NLIC,44,45,100,3850,385000
201412022374002,NLIC,56,8,90,3849,346410
201412022374224,NLICL,44,13,100,2098,209800
201412022374223,NLICL,44,35,100,2085,208500
201412022374124,NLICL,44,57,360,2070,745200
201412022373921,NNFC,37,45,14,246,3444
201412022373993,NTC,6,6,100,600,60000
201412022373946,NUBL,14,45,100,1482,148200
201412022373945,NUBL,40,45,185,1478,273430
201412022373894,OHL,45,48,10,620,6200
201412022374380,PCBL,59,13,100,478,47800
201412022374374,PCBL,59,47,14,480,6720
201412022374303,PCBL,1,51,50,480,24000
201412022374133,PCBL,42,57,291,479,139389
201412022374051,PCBL,1,26,50,473,23650
201412022373973,PCBL,57,32,80,480,38400
201412022373961,PCBL,57,47,45,480,21600
201412022373944,PCBL,57,51,53,480,25440
201412022373939,PCBL,57,51,53,479,25387
201412022374164,PFIL,45,25,534,122,65148
201412022373986,PFIL,29,47,500,123,61500
201412022373902,PFIL,39,22,660,121,79860
201412022374214,PIC,17,14,30,809,24270
201412022374256,PLIC,39,32,40,922,36880
201412022374251,PLIC,39,32,40,922,36880
201412022374206,PLIC,39,5,110,922,101420
201412022374181,PLIC,41,5,39,930,36270
201412022374012,PLIC,59,32,40,945,37800
201412022374010,PLIC,59,32,27,935,25245
201412022374009,PLIC,59,32,40,930,37200
201412022374007,PLIC,41,32,27,925,24975
201412022373995,RBS,32,16,23,4650,106950
201412022373975,RBS,49,16,47,4675,219725
201412022374249,REDBL,52,16,1000,176,176000
201412022374261,RLFL,25,33,1000,140,140000
201412022374202,RLFL,25,33,500,138,69000
201412022374173,RLFL,11,47,80,136,10880
201412022374134,RLFL,11,48,510,134,68340
201412022374119,RLFL,11,47,80,132,10560
201412022374321,RMDC,47,18,33,700,23100
201412022374311,RMDC,47,18,33,700,23100
201412022374273,RMDC,25,42,198,700,138600
201412022374168,RMDC,49,18,69,702,48438
201412022374167,RMDC,49,11,10,697,6970
201412022374112,RMDC,11,11,10,696,6960
201412022373929,RMDC,40,18,33,694,22902
201412022373994,RMDC,40,18,33,695,22935
201412022373962,RMDC,40,35,33,695,22935
201412022373954,RMDC,40,18,33,694,22902
201412022373950,RMDC,40,18,33,694,22902
201412022373949,RMDC,40,18,33,694,22902
201412022373947,RMDC,40,18,33,694,22902
201412022374111,RMDC,11,11,10,696,6960
201412022374037,RMDC,22,18,33,695,22935
201412022374036,RMDC,22,18,33,695,22935
201412022374001,RMDC,40,18,33,695,22935
201412022374000,RMDC,40,18,33,695,22935
201412022373999,RMDC,40,18,33,695,22935
201412022374295,SADBL,13,41,300,283,84900
201412022374186,SANIMA,28,50,18,477,8586
201412022374070,SANIMA,14,4,10,480,4800
201412022374032,SANIMA,41,17,191,480,91680
201412022374003,SANIMA,14,39,138,475,65550
201412022373938,SANIMA,14,36,330,475,156750
201412022374334,SBI,16,11,100,954,95400
201412022374333,SBI,16,39,200,951,190200
201412022374121,SBI,25,40,19,940,17860
201412022374114,SBI,52,39,69,950,65550
201412022374297,SBL,14,59,34,568,19312
201412022374292,SBL,14,5,93,568,52824
201412022374177,SBL,42,13,613,565,346345
201412022373941,SBL,28,59,39,565,22035
201412022373897,SBL,54,59,48,563,27024
201412022374118,SCB,45,28,70,1730,121100
201412022374363,SEOS,47,41,3000,10,31350
201412022374378,SHBL,50,21,64,437,27968
201412022373960,SHBL,50,36,10,429,4290
201412022373905,SHBL,50,25,10,429,4290
201412022374351,SHL,13,58,100,606,60600
201412022374282,SHL,13,58,110,606,66660
201412022374226,SHL,54,49,1000,599,599000
201412022374163,SHL,51,8,440,600,264000
201412022374027,SHL,55,58,100,602,60200
201412022373983,SHL,57,1,181,603,109143
201412022374359,SHPC,35,32,1000,645,645000
201412022374247,SHPC,37,1,72,647,46584
201412022374185,SHPC,43,1,90,649,58410
201412022374058,SHPC,52,1,15,647,9705
201412022374053,SHPC,45,1,40,650,26000
201412022374038,SHPC,21,1,36,652,23472
201412022374360,SIC,6,46,221,1124,248404
201412022374312,SIC,14,16,128,1125,144000
201412022374270,SIC,49,46,150,1123,168450
201412022374104,SIC,58,46,14,1115,15610
201412022373943,SIC,6,46,13,1110,14430
201412022374339,SIL,49,39,92,728,66976
201412022374338,SIL,43,39,25,724,18100
201412022374337,SIL,57,39,259,725,187775
201412022374332,SIL,22,17,50,721,36050
201412022374318,SIL,14,39,203,724,146972
201412022374304,SIL,14,39,500,719,359500
201412022374298,SIL,29,39,509,720,366480
201412022373997,SIL,38,38,25,720,18000
201412022373982,SIL,38,38,25,720,18000
201412022373903,SIL,38,38,25,718,17950
201412022374244,SKBBL,17,33,19,1191,22629
201412022374129,SKBBL,10,14,19,1180,22420
201412022374126,SKBBL,37,32,350,1177,411950
201412022374125,SKBBL,10,14,19,1180,22420
201412022374122,SKBBL,10,14,19,1180,22420
201412022374117,SKBBL,10,14,19,1180,22420
201412022374066,SKBBL,7,57,19,1178,22382
201412022374060,SKBBL,17,57,19,1178,22382
201412022373915,SKBBL,49,14,19,1180,22420
201412022374377,SLICL,58,53,20,626,12520
201412022374370,SLICL,44,53,500,621,310500
201412022374326,SLICL,22,18,91,625,56875
201412022374306,SLICL,44,53,500,621,310500
201412022374207,SLICL,58,17,480,626,300480
201412022374192,SLICL,37,17,480,630,302400
201412022373924,SLICL,44,5,57,625,35625
201412022373919,SLICL,44,5,57,625,35625
201412022374049,SLICL,58,41,45,626,28170
201412022374011,SLICL,44,17,480,625,300000
201412022373990,SLICL,44,18,91,625,56875
201412022373989,SLICL,44,18,91,625,56875
201412022373972,SLICL,56,18,91,620,56420
201412022373927,SLICL,44,5,57,625,35625
201412022374367,SMFDB,38,40,51,1101,56151
201412022374366,SMFDB,38,16,200,1100,220000
201412022374353,SMFDB,22,1,109,1099,119791
201412022374272,SRBL,52,25,28,354,9912
201412022374267,SRBL,52,32,41,352,14432
201412022374262,SRBL,13,32,140,350,49000
201412022374242,SRBL,58,5,250,348,87000
201412022374155,SRBL,47,47,20,350,7000
201412022374096,SRBL,58,32,236,350,82600
201412022373984,SRBL,25,59,16,350,5600
201412022373966,SRBL,58,59,72,349,25128
201412022373955,SRBL,56,59,72,351,25272
201412022373985,UIC,55,55,1110,826,916860
201412022373930,UIC,20,55,210,835,175350
201412022374254,UNL,56,56,80,15600,1248000
201412022374253,UNL,56,56,30,15600,468000
201412022374258,VBBL,52,13,80,115,9200
201412022374328,YETI,49,32,70,116,8120
201412022374169,YETI,5,5,110,117,12870
201412022374156,YETI,5,5,110,117,12870
201412022373474,ADBL,45,5,70,440,30800
201412022373468,ADBL,45,5,70,440,30800
201412022373875,AHPC,42,29,142,350,49700
201412022373873,AHPC,7,29,100,350,35000
201412022373678,AHPC,16,39,550,350,192500
201412022373673,AHPC,16,37,300,348,104400
201412022373671,AHPC,16,18,500,345,172500
201412022373669,AHPC,16,18,198,349,69102
201412022373666,AHPC,7,21,100,346,34600
201412022373639,AHPC,38,52,184,346,63664
201412022373612,AHPC,16,37,500,345,172500
201412022373603,AHPC,26,19,400,342,136800
201412022373743,ALDBL,17,32,30,235,7050
201412022373723,ALDBL,25,32,30,234,7020
201412022373716,ALDBL,20,21,10,233,2330
201412022373478,ALICL,41,41,14,1072,15008
201412022373559,APEX,18,18,11,116,1276
201412022373558,APEX,18,18,20,116,2320
201412022373557,APEX,18,18,20,116,2320
201412022373556,APEX,18,18,20,116,2320
201412022373555,APEX,18,18,20,116,2320
201412022373552,APEX,18,18,20,116,2320
201412022373545,APEX,18,18,20,116,2320
201412022373544,APEX,18,18,20,116,2320
201412022373543,APEX,18,18,20,116,2320
201412022373551,APEX,18,18,20,116,2320
201412022373550,APEX,18,18,20,116,2320
201412022373549,APEX,18,18,20,116,2320
201412022373548,APEX,18,18,20,116,2320
201412022373547,APEX,18,18,20,116,2320
201412022373546,APEX,18,18,20,116,2320
201412022373780,ARDBL,22,32,21,136,2856
201412022373838,BHBL,1,47,160,148,23680
201412022373398,BHBL,58,16,50,146,7300
201412022373842,BLDBL,38,51,300,427,128100
201412022373796,BLDBL,18,50,172,426,73272
201412022373795,BLDBL,38,51,100,425,42500
201412022373794,BLDBL,38,11,750,425,318750
201412022373793,BLDBL,38,16,212,425,90100
201412022373792,BLDBL,38,17,75,424,31800
201412022373887,BPCL,8,48,100,595,59500
201412022373883,BPCL,32,48,69,598,41262
201412022373879,BPCL,40,48,40,599,23960
201412022373688,BPCL,41,28,658,596,392168
201412022373610,BPCL,21,28,200,600,120000
201412022373418,BPCL,32,11,430,598,257140
201412022373609,BPCL,39,28,200,600,120000
201412022373608,BPCL,38,28,200,600,120000
201412022373607,BPCL,44,28,200,600,120000
201412022373606,BPCL,41,28,100,601,60100
201412022373523,BPCL,21,11,536,597,319992
201412022373682,BSBL,17,33,800,285,228000
201412022373791,CBL,38,17,34,226,7684
201412022373789,CBL,11,17,34,226,7684
201412022373781,CBL,26,17,61,227,13847
201412022373722,CBL,13,17,61,228,13908
201412022373641,CBL,41,34,300,226,67800
201412022373620,CBL,34,34,200,227,45400
201412022373492,CBL,40,28,263,226,59438
201412022373417,CBL,13,28,82,228,18696
201412022373874,CCBL,40,50,541,250,135250
201412022373860,CCBL,16,53,306,248,75888
201412022373685,CCBL,50,50,500,250,125000
201412022373659,CCBL,40,36,200,250,50000
201412022373648,CCBL,40,50,183,250,45750
201412022373643,CCBL,40,50,183,250,45750
201412022373587,CCBL,40,38,31,250,7750
201412022373573,CCBL,17,21,464,249,115536
201412022373477,CCBL,45,38,12,253,3036
201412022373463,CCBL,49,38,31,250,7750
201412022373410,CCBL,17,50,32,250,8000
201412022373407,CCBL,17,50,120,250,30000
201412022373632,CCBL,40,50,183,250,45750
201412022373616,CCBL,17,21,119,251,29869
201412022373615,CCBL,17,50,306,251,76806
201412022373611,CCBL,13,50,292,251,73292
201412022373596,CCBL,40,50,306,250,76500
201412022373592,CCBL,40,38,24,250,6000
201412022373888,CDBL,14,28,140,345,48300
201412022373871,CHCL,19,17,100,1510,151000
201412022373864,CHCL,26,53,75,1514,113550
201412022373848,CHCL,19,25,100,1510,151000
201412022373809,CHCL,57,10,200,1510,302000
201412022373802,CHCL,57,46,388,1509,585492
201412022373760,CHCL,5,33,100,1512,151200
201412022373718,CHCL,22,10,200,1510,302000
201412022373638,CHCL,16,16,958,1508,1444664
201412022373621,CHCL,14,53,100,1511,151100
201412022373869,CIT,40,47,20,2791,55820
201412022373480,CIT,5,44,80,2790,223200
201412022373775,CNDBL,45,7,20,153,3060
201412022373865,CSDBL,14,32,21,176,3696
201412022373855,CZBIL,50,17,222,382,84804
201412022373579,CZBIL,38,38,875,378,330750
201412022373880,EBL,38,44,100,1706,170600
201412022373870,EBL,38,44,100,1706,170600
201412022373820,EBL,14,11,100,1705,170500
201412022373818,EBL,42,44,265,1701,450765
201412022373495,EBL,5,44,100,1707,170700
201412022373487,EBL,45,7,13,1700,22100
201412022373483,EBL,37,7,93,1703,158379
201412022373454,EBL,55,45,49,1705,83545
201412022373425,EBL,28,44,500,1702,851000
201412022373569,EBL,13,45,64,1708,109312
201412022373568,EBL,13,44,100,1707,170700
201412022373565,EBL,13,45,123,1706,209838
201412022373512,EBL,25,44,43,1709,73487
201412022373766,EBL,45,44,200,1705,341000
201412022373633,EBL,45,44,100,1708,170800
201412022373389,EIC,22,45,30,980,29400
201412022373788,EKBL,13,29,33,180,5940
201412022373776,EKBL,13,29,33,180,5940
201412022373771,EKBL,13,29,33,180,5940
201412022373770,EKBL,13,29,10,180,1800
201412022373769,EKBL,13,29,10,180,1800
201412022373764,EKBL,13,29,33,180,5940
201412022373763,EKBL,13,21,10,179,1790
201412022373717,EKBL,19,26,33,179,5907
201412022373427,EKBL,13,10,33,176,5808
201412022373841,GBIME,18,36,100,468,46800
201412022373815,GBIME,55,29,751,464,348464
201412022373749,GBIME,42,32,20,461,9220
201412022373748,GBIME,42,32,20,461,9220
201412022373705,GBIME,52,49,44,460,20240
201412022373701,GBIME,59,49,62,460,28520
201412022373694,GBIME,37,36,146,461,67306
201412022373684,GBIME,42,5,1000,459,459000
201412022373491,GBIME,25,36,148,464,68672
201412022373404,GBIME,25,16,72,468,33696
201412022373402,GBIME,52,16,180,459,82620
201412022373397,GBIME,42,41,442,458,202436
201412022373813,GLICL,7,39,972,514,499608
201412022373506,GLICL,7,39,472,516,243552
201412022373481,GLICL,58,39,73,520,37960
201412022373436,GLICL,7,53,192,517,99264
201412022373434,GLICL,7,53,106,517,54802
201412022373413,GLICL,3,26,10,517,5170
201412022373773,GMFIL,28,28,696,280,194880
201412022373752,GMFIL,28,28,1500,280,420000
201412022373863,GRAND,22,22,69,165,11385
201412022373856,GRAND,22,22,10,163,1630
201412022373708,GRAND,8,56,500,160,80000
201412022373624,GRAND,55,45,1000,160,160000
201412022373564,GRAND,26,56,500,160,80000
201412022373399,GRAND,11,59,500,161,80500
201412022373429,HAMA,14,10,40,110,4400
201412022373741,HBDL,52,5,200,96,19200
201412022373560,HBDL,19,22,1000,96,96000
201412022373396,IDBL,45,48,500,149,74500
201412022373589,INDBL,39,51,274,172,47128
201412022373853,JBBL,48,3,50,143,7150
201412022373847,JBBL,3,3,10,141,1410
201412022373843,JBBL,3,3,10,143,1430
201412022373839,JBBL,48,3,40,145,5800
201412022373830,JBBL,48,3,10,145,1450
201412022373825,JBBL,3,3,10,145,1450
201412022373724,JBBL,48,3,10,148,1480
201412022373438,JBBL,36,52,100,147,14700
201412022373819,JBBL,35,3,10,145,1450
201412022373816,JBBL,35,3,10,145,1450
201412022373814,JBBL,3,3,10,146,1460
201412022373799,JBBL,48,3,12,147,1764
201412022373798,JBBL,36,3,12,147,1764
201412022373732,JBBL,48,3,90,148,13320
201412022373824,JBNL,38,41,54,243,13122
201412022373695,JBNL,55,54,72,239,17208
201412022373486,JBNL,48,48,282,239,67398
201412022373432,KBL,38,52,264,355,93720
201412022373756,KCDBL,39,21,17,179,3043
201412022373755,KCDBL,39,50,30,179,5370
201412022373630,KCDBL,14,21,17,179,3043
201412022373604,KCDBL,14,21,17,179,3043
201412022373490,KCDBL,18,21,16,179,2864
201412022373484,KCDBL,43,21,16,179,2864
201412022373466,KCDBL,43,10,75,179,13425
201412022373457,KCDBL,18,10,17,179,3043
201412022373420,KCDBL,43,10,45,179,8055
201412022373406,KCDBL,18,1,17,179,3043
201412022373405,KCDBL,43,1,17,179,3043
201412022373390,KCDBL,1,6,150,179,26850
201412022373572,KDBL,19,5,53,108,5724
201412022373534,KDBL,40,5,53,109,5777
201412022373430,KDBL,19,1,743,109,80987
201412022373697,KNBL,19,21,148,170,25160
201412022373479,KNBL,41,39,10,173,1730
201412022373660,KRBL,17,17,270,156,42120
201412022373656,KRBL,17,17,10,159,1590
201412022373582,KRBL,32,17,10,162,1620
201412022373561,KRBL,32,17,10,162,1620
201412022373554,KRBL,32,17,10,162,1620
201412022373538,KRBL,32,17,10,162,1620
201412022373528,KRBL,32,17,10,162,1620
201412022373519,KRBL,32,26,10,162,1620
201412022373518,KRBL,32,57,20,162,3240
201412022373517,KRBL,32,57,20,162,3240
201412022373845,LBL,17,17,34,437,14858
201412022373727,LBL,14,17,143,430,61490
201412022373783,LGIL,50,49,129,392,50568
201412022373778,LGIL,42,8,252,390,98280
201412022373872,LICN,45,53,100,3055,305500
201412022373735,LICN,6,55,50,3117,155850
201412022373734,LICN,43,55,10,3117,31170
201412022373885,LLBS,36,1,10,593,5930
201412022373844,LLBS,36,48,41,593,24313
201412022373840,LLBS,25,21,41,593,24313
201412022373828,LLBS,14,21,41,593,24313
201412022373804,LLBS,25,1,10,593,5930
201412022373790,LLBS,14,1,10,594,5940
201412022373594,LLBS,45,17,10,598,5980
201412022373593,LLBS,45,17,10,598,5980
201412022373586,LLBS,45,51,41,598,24518
201412022373583,LLBS,45,6,50,598,29900
201412022373668,LLBS,6,46,41,598,24518
201412022373662,LLBS,6,57,10,598,5980
201412022373657,LLBS,6,57,10,598,5980
201412022373652,LLBS,6,21,10,598,5980
201412022373650,LLBS,6,21,10,598,5980
201412022373645,LLBS,6,21,10,598,5980
201412022373787,LLBS,14,42,10,594,5940
201412022373785,LLBS,14,42,10,594,5940
201412022373777,LLBS,14,1,10,594,5940
201412022373758,LLBS,14,1,10,594,5940
201412022373699,LLBS,14,42,10,594,5940
201412022373680,LLBS,14,57,41,596,24436
201412022373553,LUBL,34,42,150,304,45600
201412022373542,LUBL,18,42,150,305,45750
201412022373736,MBL,14,28,325,454,147550
201412022373867,MEGA,55,1,32,330,10560
201412022373854,MEGA,55,1,32,330,10560
201412022373831,MEGA,17,37,25,331,8275
201412022373797,MEGA,32,1,32,329,10528
201412022373698,MEGA,43,53,32,330,10560
201412022373658,MEGA,43,1,37,330,12210
201412022373651,MEGA,47,1,37,331,12247
201412022373779,MFL,40,32,200,308,61600
201412022373762,MPFL,21,21,40,105,4200
201412022373759,MPFL,21,21,40,105,4200
201412022373757,MPFL,21,21,40,105,4200
201412022373750,MPFL,21,21,40,105,4200
201412022373747,MPFL,21,21,40,105,4200
201412022373703,MPFL,8,7,10,104,1040
201412022373507,MPFL,46,22,10,107,1070
201412022373494,MPFL,46,22,10,109,1090
201412022373493,MPFL,46,22,10,109,1090
201412022373516,MPFL,46,22,10,103,1030
201412022373515,MPFL,46,22,10,103,1030
201412022373513,MPFL,46,22,10,105,1050
201412022373511,MPFL,46,22,10,105,1050
201412022373510,MPFL,14,22,10,107,1070
201412022373508,MPFL,46,22,10,107,1070
201412022373527,MPFL,46,22,10,102,1020
201412022373526,MPFL,14,22,10,102,1020
201412022373525,MPFL,14,22,10,102,1020
201412022373522,MPFL,46,22,10,102,1020
201412022373521,MPFL,46,22,10,102,1020
201412022373520,MPFL,14,22,10,103,1030
201412022373536,MPFL,46,22,10,102,1020
201412022373535,MPFL,46,22,10,102,1020
201412022373533,MPFL,46,22,10,102,1020
201412022373531,MPFL,46,22,10,102,1020
201412022373530,MPFL,46,22,10,102,1020
201412022373529,MPFL,46,22,10,102,1020
201412022373692,NABIL,22,33,120,1635,196200
201412022373661,NABIL,26,49,500,1635,817500
201412022373852,NABILP,39,21,200,1202,240400
201412022373803,NABILP,28,33,236,1200,283200
201412022373456,NABILP,42,49,500,1209,604500
201412022373498,NABILP,39,33,200,1208,241600
201412022373497,NABILP,39,33,200,1208,241600
201412022373702,NABILP,38,33,276,1201,331476
201412022373672,NABILP,49,49,500,1200,600000
201412022373600,NABILP,39,39,60,1203,72180
201412022373576,NABILP,56,26,250,1202,300500
201412022373733,NBB,25,41,100,405,40500
201412022373415,NBB,34,17,170,400,68000
201412022373800,NBF1,41,37,2997,13,37582
201412022373461,NBF1,40,22,5994,13,75045
201412022373886,NBL,56,6,500,327,163500
201412022373884,NBL,22,6,500,328,164000
201412022373805,NBL,29,6,500,326,163000
201412022373715,NBL,6,6,980,326,319480
201412022373714,NBL,41,6,500,326,163000
201412022373713,NBL,29,6,220,326,71720
201412022373441,NBL,41,57,100,335,33500
201412022373440,NBL,47,57,40,340,13600
201412022373447,NBL,19,57,200,331,66200
201412022373446,NBL,19,57,600,331,198600
201412022373445,NBL,39,57,200,333,66600
201412022373444,NBL,29,57,500,334,167000
201412022373443,NBL,32,57,100,334,33400
201412022373442,NBL,41,57,100,335,33500
201412022373712,NBL,18,6,200,326,65200
201412022373711,NBL,50,6,500,327,163500
201412022373710,NBL,20,6,200,330,66000
201412022373467,NBL,16,57,100,332,33200
201412022373449,NBL,20,57,500,330,165000
201412022373448,NBL,29,57,500,330,165000
201412022373768,NCCB,13,21,42,525,22050
201412022373862,NGBL,16,29,11,253,2783
201412022373878,NHPC,4,6,1000,114,114000
201412022373850,NHPC,21,25,1000,114,114000
201412022373784,NHPC,45,25,1000,114,114000
201412022373774,NHPC,7,56,1000,114,114000
201412022373772,NHPC,7,25,1000,115,115000
201412022373731,NHPC,26,56,1000,115,115000
201412022373435,NHPC,14,25,1000,114,114000
201412022373412,NHPC,21,50,1000,115,115000
201412022373631,NHPC,54,56,2000,113,226000
201412022373599,NHPC,44,25,1000,114,114000
201412022373577,NHPC,44,50,1000,114,114000
201412022373541,NHPC,21,50,2000,113,226000
201412022373509,NHPC,55,25,500,114,57000
201412022373499,NHPC,51,25,500,114,57000
201412022373691,NHPC,21,25,100,117,11700
201412022373686,NHPC,58,56,1000,115,115000
201412022373675,NHPC,55,56,1000,114,114000
201412022373670,NHPC,44,50,3000,114,342000
201412022373642,NHPC,55,56,1000,114,114000
201412022373634,NHPC,29,56,1000,114,114000
201412022373877,NIB,22,6,148,657,97236
201412022373821,NIB,22,33,200,655,131000
201412022373744,NIB,35,35,1528,655,1000840
201412022373740,NIB,35,41,721,653,470813
201412022373729,NIB,29,33,100,657,65700
201412022373728,NIB,33,33,100,658,65800
201412022373721,NIB,7,41,236,650,153400
201412022373601,NIB,57,57,583,650,378950
201412022373590,NIB,26,35,200,657,131400
201412022373567,NIB,21,49,164,657,107748
201412022373453,NIB,35,35,200,659,131800
201412022373851,NICA,38,20,550,715,393250
201412022373738,NICA,37,1,80,714,57120
201412022373725,NICA,40,44,800,709,567200
201412022373709,NICA,37,20,500,711,355500
201412022373622,NICA,54,13,10,715,7150
201412022373489,NICA,54,48,220,715,157300
201412022373488,NICA,54,41,100,714,71400
201412022373411,NICA,16,26,20,714,14280
201412022373408,NICA,22,35,669,710,474990
201412022373394,NICA,22,22,100,710,71000
201412022373653,NLG,26,26,100,728,72800
201412022373437,NLG,42,43,28,725,20300
201412022373428,NLG,53,50,300,726,217800
201412022373424,NLG,38,47,13,731,9503
201412022373419,NLG,16,38,26,735,19110
201412022373451,NLG,42,50,25,725,18125
201412022373833,NLIC,54,33,100,3850,385000
201412022373801,NLIC,54,45,10,3850,38500
201412022373767,NLIC,20,28,25,3850,96250
201412022373677,NLIC,55,33,100,3850,385000
201412022373614,NLIC,20,33,121,3840,464640
201412022373505,NLIC,39,47,10,3800,38000
201412022373504,NLIC,34,47,50,3801,190050
201412022373503,NLIC,38,47,400,3802,1520800
201412022373502,NLIC,53,47,100,3820,382000
201412022373501,NLIC,11,47,30,3830,114900
201412022373500,NLIC,3,47,10,3831,38310
201412022373754,NNFC,45,41,438,246,107748
201412022373868,NTC,17,49,300,596,178800
201412022373742,NTC,17,17,310,595,184450
201412022373739,NTC,17,17,100,595,59500
201412022373737,NTC,17,17,100,595,59500
201412022373647,NTC,40,6,50,592,29600
201412022373602,NTC,40,34,200,592,118400
201412022373470,NTC,17,36,100,590,59000
201412022373751,NUBL,40,19,87,1485,129195
201412022373540,NUBL,21,21,158,1480,233840
201412022373482,NUBL,21,18,90,1490,134100
201412022373433,OHL,28,17,1000,620,620000
201412022373426,OHL,28,44,150,620,93000
201412022373861,PCBL,48,41,323,480,155040
201412022373846,PCBL,58,59,41,471,19311
201412022373834,PCBL,58,59,80,471,37680
201412022373807,PCBL,48,13,316,479,151364
201412022373806,PCBL,48,6,80,478,38240
201412022373786,PCBL,1,32,80,473,37840
201412022373409,PCBL,47,26,198,474,93852
201412022373726,PCBL,1,43,442,470,207740
201412022373681,PCBL,1,41,81,473,38313
201412022373571,PCBL,5,42,85,476,40460
201412022373472,PCBL,29,59,41,470,19270
201412022373465,PCBL,6,59,41,475,19475
201412022373450,PCBL,47,51,250,473,118250
201412022373598,PFIL,8,5,69,123,8487
201412022373588,PFIL,47,5,69,125,8625
201412022373663,PIC,32,40,28,795,22260
201412022373524,PIC,25,16,39,785,30615
201412022373485,PIC,32,5,39,786,30654
201412022373836,PLIC,26,32,40,920,36800
201412022373817,PLIC,26,32,40,920,36800
201412022373574,PLIC,16,16,54,919,49626
201412022373464,PLIC,22,32,27,925,24975
201412022373562,PRDBL,13,21,500,149,74500
201412022373882,REDBL,52,7,17,173,2941
201412022373745,RHPC,50,50,23,455,10465
201412022373730,RHPC,50,50,11,455,5005
201412022373837,RLFL,21,17,300,130,39000
201412022373835,RLFL,21,17,300,130,39000
201412022373761,RLFL,25,33,800,131,104800
201412022373720,RLFL,25,5,200,131,26200
201412022373514,RLFL,25,33,490,133,65170
201412022373452,RLFL,25,33,490,135,66150
201412022373539,RMDC,11,1,28,693,19404
201412022373476,RMDC,21,21,13,692,8996
201412022373475,RMDC,21,21,10,692,6920
201412022373462,RMDC,16,16,19,691,13129
201412022373460,RMDC,16,16,19,691,13129
201412022373459,RMDC,40,4,134,690,92460
201412022373458,RMDC,16,16,19,691,13129
201412022373423,RMDC,11,1,97,693,67221
201412022373584,SADBL,6,22,60,284,17040
201412022373581,SADBL,6,22,30,284,8520
201412022373578,SADBL,13,22,237,283,67071
201412022373866,SANIMA,38,4,130,475,61750
201412022373829,SANIMA,19,4,100,474,47400
201412022373812,SANIMA,6,22,750,470,352500
201412022373808,SANIMA,26,4,100,474,47400
201412022373689,SANIMA,45,17,484,470,227480
201412022373636,SANIMA,19,4,200,474,94800
201412022373473,SANIMA,29,25,500,471,235500
201412022373469,SANIMA,54,25,500,471,235500
201412022373635,SANIMA,38,4,100,474,47400
201412022373629,SANIMA,20,4,100,475,47500
201412022373628,SANIMA,14,4,100,475,47500
201412022373627,SANIMA,43,4,20,475,9500
201412022373626,SANIMA,52,4,50,475,23750
201412022373625,SANIMA,42,4,100,476,47600
201412022373597,SBI,38,38,404,939,379356
201412022373400,SBI,47,42,199,950,189050
201412022373827,SBL,14,5,110,565,62150
201412022373826,SBL,14,19,50,564,28200
201412022373393,SBL,53,26,161,556,89516
201412022373392,SBL,28,26,242,557,134794
201412022373414,SCB,17,22,82,1730,141860
201412022373832,SEOS,41,55,5000,10,51550
201412022373704,SEOS,26,50,600,10,6126
201412022373700,SEOS,26,40,2000,10,20400
201412022373696,SEOS,26,40,2000,10,20400
201412022373683,SEOS,26,40,1000,10,10200
201412022373619,SEOS,13,28,5898,10,60278
201412022373585,SEOS,13,28,5898,10,60278
201412022373679,SETI,14,57,22,155,3410
201412022373676,SETI,14,57,22,155,3410
201412022373674,SETI,14,57,22,155,3410
201412022373811,SHBL,50,5,10,437,4370
201412022373690,SHBL,49,36,64,445,28480
201412022373849,SHL,5,33,100,602,60200
201412022373719,SHL,25,8,172,598,102856
201412022373707,SHL,33,8,147,600,88200
201412022373706,SHL,33,58,500,600,300000
201412022373471,SHL,25,8,196,600,117600
201412022373693,SHPC,45,57,59,650,38350
201412022373687,SHPC,45,32,480,650,312000
201412022373563,SHPC,52,43,18,650,11700
201412022373782,SIC,6,38,17,1102,18734
201412022373881,SIL,14,45,226,725,163850
201412022373822,SIL,19,41,82,724,59368
201412022373665,SIL,14,38,25,716,17900
201412022373655,SIL,38,38,50,716,35800
201412022373644,SIL,14,43,200,715,143000
201412022373637,SIL,14,36,210,716,150360
201412022373623,SIL,38,38,25,717,17925
201412022373618,SIL,38,38,25,717,17925
201412022373613,SIL,38,38,25,717,17925
201412022373537,SIL,43,36,50,720,36000
201412022373765,SKBBL,40,19,76,1180,89680
201412022373649,SKBBL,48,48,19,1181,22439
201412022373640,SKBBL,48,48,19,1181,22439
201412022373617,SKBBL,48,48,19,1181,22439
201412022373591,SKBBL,48,48,19,1180,22420
201412022373580,SKBBL,48,48,19,1180,22420
201412022373575,SKBBL,48,48,19,1180,22420
201412022373566,SKBBL,14,34,19,1180,22420
201412022373422,SKBBL,21,21,12,1200,14400
201412022373416,SKBBL,45,56,10,1192,11920
201412022373391,SKBBL,21,11,12,1189,14268
201412022373746,SLICL,42,34,190,614,116660
201412022373421,SLICL,25,25,136,611,83096
201412022373570,SMFDB,38,26,11,1085,11935
201412022373532,SMFDB,21,26,199,1080,214920
201412022373496,SMFDB,38,45,200,1100,220000
201412022373823,SRBL,48,13,500,352,176000
201412022373664,SRBL,29,32,44,350,15400
201412022373646,SRBL,29,55,221,349,77129
201412022373455,SRBL,13,59,16,348,5568
201412022373403,SRBL,26,32,44,350,15400
201412022373401,SRBL,26,32,44,350,15400
201412022373395,SRBL,14,32,44,347,15268
201412022373431,SWBBL,38,53,110,1780,195800
201412022373753,UNL,56,25,1000,15600,15600000
201412022373654,VBBL,38,5,640,113,72320
201412022373605,VBBL,38,47,240,113,27120
201412022373810,WDBL,59,51,300,194,58200
201412022373667,WDBL,17,17,48,191,9168
201412022373876,YETI,49,25,20,116,2320
201412022373859,YETI,8,7,30,115,3450
201412022373858,YETI,8,7,40,115,4600
201412022373857,YETI,43,7,170,114,19380
201412022373595,YETI,5,18,123,114,14022
201412022373439,YETI,5,59,30,114,3420
201412022373285,ADBL,25,17,90,440,39600
201412022373262,ADBL,25,59,240,440,105600
201412022373251,ADBL,45,42,52,437,22724
201412022373092,ADBL,29,28,30,435,13050
201412022373089,ADBL,29,28,40,435,17400
201412022373345,AHPC,45,40,500,343,171500
201412022373204,AHPC,26,6,41,349,14309
201412022373163,AHPC,38,57,500,343,171500
201412022373086,ALDBL,25,28,20,235,4700
201412022373008,ALDBL,3,18,10,238,2380
201412022373007,ALDBL,3,18,10,238,2380
201412022372992,ALDBL,25,21,10,242,2420
201412022372988,ALDBL,25,21,10,242,2420
201412022373321,APEX,32,41,34,114,3876
201412022373190,APEX,43,6,20,113,2260
201412022373168,APEX,13,58,30,111,3330
201412022372965,APEX,19,32,20,112,2240
201412022373066,APEX,42,58,30,112,3360
201412022373058,APEX,42,58,30,112,3360
201412022372969,APEX,19,18,920,112,103040
201412022372968,APEX,19,32,20,112,2240
201412022372967,APEX,19,32,20,112,2240
201412022372966,APEX,19,32,20,112,2240
201412022373167,APEX,13,58,30,111,3330
201412022373147,APEX,13,58,30,111,3330
201412022373084,APEX,25,28,22,111,2442
201412022373083,APEX,43,58,30,112,3360
201412022373305,BHBL,14,46,30,146,4380
201412022373286,BHBL,14,16,10,146,1460
201412022373267,BHBL,14,16,50,146,7300
201412022373260,BHBL,14,16,10,146,1460
201412022373224,BHBL,14,11,10,146,1460
201412022373223,BHBL,14,11,10,146,1460
201412022373222,BHBL,14,11,10,146,1460
201412022373221,BHBL,14,11,10,146,1460
201412022373220,BHBL,14,11,10,146,1460
201412022373239,BLDBL,16,16,13,420,5460
201412022373196,BLDBL,19,19,38,418,15884
201412022373145,BLDBL,28,19,38,418,15884
201412022372991,BLDBL,28,6,100,422,42200
201412022372990,BLDBL,28,57,10,420,4200
201412022373350,BPCL,19,47,100,602,60200
201412022373128,BPCL,21,8,500,596,298000
201412022373304,BSBL,21,21,45,290,13050
201412022373237,BSBL,14,21,45,295,13275
201412022373236,BSBL,21,21,45,295,13275
201412022373234,BSBL,21,21,45,295,13275
201412022373233,BSBL,21,21,45,295,13275
201412022373232,BSBL,21,21,45,295,13275
201412022372904,BSBL,17,17,1502,290,435580
201412022373231,BSBL,21,21,45,295,13275
201412022373202,BSBL,28,10,60,290,17400
201412022373201,BSBL,28,10,60,290,17400
201412022373200,BSBL,28,10,60,290,17400
201412022373372,CBL,21,29,61,227,13847
201412022373371,CBL,41,29,61,227,13847
201412022373367,CBL,22,29,61,227,13847
201412022373358,CBL,38,42,244,229,55876
201412022373355,CBL,38,11,62,229,14198
201412022373325,CBL,58,52,553,228,126084
201412022373194,CBL,16,28,611,225,137475
201412022373122,CBL,59,58,219,227,49713
201412022373090,CBL,22,58,110,227,24970
201412022372987,CBL,26,35,135,226,30510
201412022373375,CCBL,38,11,32,250,8000
201412022373373,CCBL,50,50,122,250,30500
201412022373365,CCBL,49,50,40,250,10000
201412022373362,CCBL,49,50,40,250,10000
201412022373360,CCBL,49,11,32,250,8000
201412022373356,CCBL,43,50,80,250,20000
201412022372957,CCBL,38,36,461,248,114328
201412022372946,CCBL,16,55,17,250,4250
201412022372940,CCBL,38,41,28,250,7000
201412022372934,CCBL,16,13,40,250,10000
201412022372932,CCBL,16,13,40,250,10000
201412022372928,CCBL,38,41,217,250,54250
201412022373081,CCBL,44,13,31,251,7781
201412022373062,CCBL,38,40,31,250,7750
201412022373061,CCBL,38,13,40,250,10000
201412022373059,CCBL,38,41,39,250,9750
201412022373010,CCBL,16,21,91,249,22659
201412022373009,CCBL,16,21,91,249,22659
201412022373160,CCBL,44,32,40,251,10040
201412022373158,CCBL,44,58,40,251,10040
201412022373155,CCBL,44,58,40,251,10040
201412022373136,CCBL,44,58,40,251,10040
201412022373125,CCBL,44,13,31,251,7781
201412022373121,CCBL,44,58,40,251,10040
201412022373316,CCBL,44,48,40,251,10040
201412022373313,CCBL,44,48,40,251,10040
201412022373311,CCBL,44,48,40,251,10040
201412022373293,CCBL,44,26,306,251,76806
201412022373166,CCBL,44,32,20,251,5020
201412022373162,CCBL,44,32,24,251,6024
201412022373353,CCBL,50,11,32,250,8000
201412022373352,CCBL,50,50,80,250,20000
201412022373351,CCBL,50,50,80,250,20000
201412022373349,CCBL,49,48,1232,250,308000
201412022373348,CCBL,44,11,32,251,8032
201412022373317,CCBL,44,48,40,251,10040
201412022373370,CHCL,42,58,100,1511,151100
201412022373253,CHCL,20,10,236,1505,355180
201412022373247,CHCL,37,1,200,1506,301200
201412022373212,CHCL,7,58,140,1510,211400
201412022373211,CHCL,22,58,30,1510,45300
201412022373210,CHCL,41,58,30,1515,45450
201412022372958,CHCL,41,41,75,1515,113625
201412022372944,CHCL,20,41,75,1515,113625
201412022372939,CHCL,59,59,127,1515,192405
201412022372929,CHCL,58,43,100,1515,151500
201412022373020,CHCL,20,8,100,1515,151500
201412022373018,CHCL,41,8,44,1515,66660
201412022373003,CHCL,20,8,100,1515,151500
201412022372983,CHCL,45,8,23,1515,34845
201412022372975,CHCL,21,21,491,1501,736991
201412022372971,CHCL,25,50,130,1507,195910
201412022373209,CHCL,21,58,30,1516,45480
201412022373124,CHCL,26,26,11,1517,16687
201412022373123,CHCL,26,26,11,1517,16687
201412022373112,CHCL,20,42,100,1515,151500
201412022373102,CHCL,21,8,50,1516,75800
201412022373082,CHCL,20,8,130,1515,196950
201412022373361,CIT,22,47,200,2745,549000
201412022373326,CZBIL,22,41,63,382,24066
201412022373228,CZBIL,8,52,21,383,8043
201412022372936,CZBIL,17,22,140,382,53480
201412022373159,CZBIL,26,41,63,381,24003
201412022373152,CZBIL,26,41,103,380,39140
201412022372945,CZBIL,26,26,63,376,23688
201412022372937,CZBIL,17,22,84,382,32088
201412022373161,CZBIL,26,41,39,381,14859
201412022373377,EBL,38,44,100,1709,170900
201412022373319,EBL,20,11,100,1710,171000
201412022373318,EBL,38,38,172,1699,292228
201412022373235,EBL,42,44,100,1709,170900
201412022373218,EBL,16,16,175,1710,299250
201412022373203,EBL,16,16,500,1708,854000
201412022372917,EDBL,44,44,750,649,486750
201412022372915,EDBL,44,44,800,649,519200
201412022373328,EIC,22,41,20,980,19600
201412022373327,EIC,22,41,20,980,19600
201412022373055,EIC,58,58,33,985,32505
201412022373252,EKBL,13,32,33,176,5808
201412022373075,GBBL,16,22,112,285,31920
201412022373382,GBIME,41,36,197,463,91211
201412022373374,GBIME,6,17,37,465,17205
201412022373154,GBIME,20,36,241,461,111101
201412022373144,GBIME,22,36,100,460,46000
201412022373141,GBIME,6,36,199,460,91540
201412022373113,GBIME,52,36,200,460,92000
201412022372950,GBIME,22,49,1000,473,473000
201412022372949,GBIME,22,49,200,474,94800
201412022373098,GBIME,34,16,468,459,214812
201412022373054,GBIME,29,49,300,462,138600
201412022373051,GBIME,22,49,414,462,191268
201412022372953,GBIME,17,49,500,471,235500
201412022372952,GBIME,21,49,500,472,236000
201412022372951,GBIME,57,49,200,472,94400
201412022373388,GLICL,3,53,71,516,36636
201412022373368,GLICL,34,39,91,516,46956
201412022373230,GLICL,45,39,31,516,15996
201412022373229,GLICL,3,39,31,516,15996
201412022373227,GLICL,6,39,28,517,14476
201412022373088,GLICL,3,39,31,516,15996
201412022372892,GLICL,13,26,14,510,7140
201412022372891,GLICL,58,26,14,510,7140
201412022372919,GRAND,55,40,1000,157,157000
201412022373135,GRAND,26,56,500,160,80000
201412022373015,GRAND,34,56,1000,160,160000
201412022373071,HAMA,11,10,40,110,4400
201412022373064,HAMA,46,10,40,110,4400
201412022373060,HAMA,46,10,40,110,4400
201412022373192,HBDL,19,5,500,97,48500
201412022373118,HBDL,3,19,100,96,9600
201412022373193,HBL,22,22,99,700,69300
201412022373171,HBL,22,22,204,700,142800
201412022373169,HBL,1,22,244,700,170800
201412022373254,IDBL,50,33,11,150,1650
201412022372909,JBNL,38,39,28,243,6804
201412022372890,JBNL,38,11,106,239,25334
201412022372889,JBNL,38,22,20,239,4780
201412022373386,KBL,21,22,200,354,70800
201412022373195,KBL,40,52,100,357,35700
201412022373383,KCDBL,13,52,17,179,3043
201412022373300,KCDBL,39,38,120,179,21480
201412022373291,KCDBL,19,25,191,179,34189
201412022373283,KCDBL,6,25,200,180,36000
201412022373282,KCDBL,43,25,20,180,3600
201412022373281,KCDBL,43,25,20,180,3600
201412022372956,KCDBL,13,13,10,190,1900
201412022372948,KCDBL,13,16,60,190,11400
201412022372947,KCDBL,13,13,10,190,1900
201412022372977,KCDBL,13,6,23,185,4255
201412022372974,KCDBL,43,6,23,185,4255
201412022372973,KCDBL,13,42,17,187,3179
201412022372964,KCDBL,43,42,17,187,3179
201412022372963,KCDBL,13,13,10,190,1900
201412022372961,KCDBL,13,13,10,190,1900
201412022372994,KCDBL,43,6,23,180,4140
201412022372993,KCDBL,43,6,23,180,4140
201412022372986,KCDBL,13,43,50,181,9050
201412022372985,KCDBL,13,43,50,181,9050
201412022372981,KCDBL,39,43,14,184,2576
201412022372980,KCDBL,43,6,23,182,4186
201412022373040,KCDBL,13,5,17,179,3043
201412022373035,KCDBL,43,5,17,179,3043
201412022373033,KCDBL,39,5,17,179,3043
201412022373027,KCDBL,13,13,45,179,8055
201412022373004,KCDBL,59,32,1400,179,250600
201412022373002,KCDBL,39,6,23,179,4117
201412022373108,KCDBL,13,13,18,181,3258
201412022373067,KCDBL,13,13,38,179,6802
201412022373056,KCDBL,36,13,32,180,5760
201412022373049,KCDBL,14,5,30,179,5370
201412022373046,KCDBL,13,5,30,179,5370
201412022373043,KCDBL,14,5,17,179,3043
201412022373280,KCDBL,43,25,10,182,1820
201412022373279,KCDBL,43,25,10,182,1820
201412022373263,KCDBL,37,44,71,180,12780
201412022373206,KCDBL,37,5,120,180,21600
201412022373119,KCDBL,13,13,17,181,3077
201412022373111,KCDBL,13,13,17,181,3077
201412022373197,KDBL,40,5,13,109,1417
201412022373080,KDBL,40,18,21,110,2310
201412022373039,KDBL,40,18,21,110,2310
201412022372908,KDBL,40,11,41,112,4592
201412022373140,KNBL,52,59,109,170,18530
201412022373078,KNBL,19,16,27,167,4509
201412022373028,LBL,17,16,28,436,12208
201412022373025,LBL,17,16,32,437,13984
201412022373342,LGIL,34,29,13,392,5096
201412022373310,LGIL,43,5,44,395,17380
201412022373294,LGIL,34,5,200,395,79000
201412022373289,LGIL,34,5,150,396,59400
201412022373265,LGIL,13,5,96,397,38112
201412022373024,LICN,44,44,900,3180,2862000
201412022373023,LICN,44,44,1000,3180,3180000
201412022373019,LICN,44,44,1000,3180,3180000
201412022373016,LICN,44,44,1000,3180,3180000
201412022373014,LICN,44,44,1000,3180,3180000
201412022372989,LICN,44,44,100,3162,316200
201412022373359,LLBS,19,51,41,598,24518
201412022373334,LLBS,45,45,10,599,5990
201412022373333,LLBS,45,45,10,599,5990
201412022373332,LLBS,45,45,10,599,5990
201412022373306,LLBS,45,45,10,599,5990
201412022373303,LLBS,45,45,10,599,5990
201412022372896,LLBS,25,36,10,600,6000
201412022372895,LLBS,39,28,10,600,6000
201412022372894,LLBS,39,36,10,600,6000
201412022372976,LLBS,42,22,10,601,6010
201412022372955,LLBS,1,34,41,600,24600
201412022372933,LLBS,39,34,41,600,24600
201412022372902,LLBS,39,36,10,600,6000
201412022372900,LLBS,18,19,14,598,8372
201412022372899,LLBS,25,34,41,599,24559
201412022373063,LLBS,45,45,15,594,8910
201412022373029,LLBS,14,34,41,593,24313
201412022373013,LLBS,42,55,10,595,5950
201412022373011,LLBS,42,55,10,595,5950
201412022373001,LLBS,39,32,10,600,6000
201412022372979,LLBS,42,22,10,600,6000
201412022373133,LLBS,39,39,10,594,5940
201412022373129,LLBS,42,39,10,595,5950
201412022373120,LLBS,45,45,16,594,9504
201412022373116,LLBS,39,3,10,599,5990
201412022373114,LLBS,45,45,20,594,11880
201412022373110,LLBS,45,45,20,594,11880
201412022373302,LLBS,45,45,10,599,5990
201412022373301,LLBS,45,45,10,599,5990
201412022373299,LLBS,45,45,10,599,5990
201412022373298,LLBS,45,45,10,599,5990
201412022373297,LLBS,45,45,10,599,5990
201412022373296,LLBS,45,45,10,599,5990
201412022373290,LUBL,52,49,120,307,36840
201412022373268,LUBL,40,16,493,306,150858
201412022372998,LUBL,26,44,500,306,153000
201412022372997,LUBL,25,44,100,306,30600
201412022372996,LUBL,6,44,500,306,153000
201412022372995,LUBL,38,44,1000,307,307000
201412022373146,LUBL,52,46,103,306,31518
201412022373132,LUBL,19,49,110,304,33440
201412022373131,LUBL,38,49,150,305,45750
201412022373130,LUBL,50,49,120,306,36720
201412022373127,LUBL,6,49,1080,303,327240
201412022373087,MBL,36,49,278,460,127880
201412022373006,MBL,21,29,198,467,92466
201412022372982,MDBL,52,39,100,142,14200
201412022373324,MEGA,26,49,32,331,10592
201412022373322,MEGA,26,49,32,331,10592
201412022373250,MEGA,26,29,25,331,8275
201412022373109,MEGA,19,29,25,330,8250
201412022373104,MEGA,3,29,25,331,8275
201412022373041,MEGA,3,40,32,332,10624
201412022372954,MEGA,3,1,20,331,6620
201412022372938,MEGA,37,37,547,329,179963
201412022372905,MEGA,38,38,201,329,66129
201412022373189,MPFL,48,48,10,111,1110
201412022373188,MPFL,48,48,10,111,1110
201412022373187,MPFL,48,48,10,111,1110
201412022373186,MPFL,48,48,10,111,1110
201412022373185,MPFL,48,48,10,111,1110
201412022373184,MPFL,48,48,10,111,1110
201412022373177,MPFL,48,48,10,111,1110
201412022373176,MPFL,48,48,10,111,1110
201412022373175,MPFL,48,48,10,111,1110
201412022373174,MPFL,48,48,10,111,1110
201412022373173,MPFL,48,48,10,111,1110
201412022373183,MPFL,48,48,10,111,1110
201412022373182,MPFL,48,48,10,111,1110
201412022373181,MPFL,48,48,10,111,1110
201412022373180,MPFL,48,48,10,111,1110
201412022373179,MPFL,48,48,10,111,1110
201412022373178,MPFL,48,48,10,111,1110
201412022373079,MTBL,39,50,97,194,18818
201412022372959,MTBL,39,50,97,197,19109
201412022373277,NABIL,6,49,200,1660,332000
201412022373276,NABIL,39,49,50,1670,83500
201412022373275,NABIL,39,49,30,1670,50100
201412022373274,NABIL,17,49,100,1675,167500
201412022373273,NABIL,26,49,150,1676,251400
201412022373272,NABIL,13,49,100,1678,167800
201412022373271,NABIL,42,49,100,1680,168000
201412022373270,NABIL,14,49,30,1680,50400
201412022373269,NABIL,43,49,50,1680,84000
201412022373378,NBB,42,48,350,400,140000
201412022373369,NBB,25,48,70,405,28350
201412022373357,NBB,26,48,170,401,68170
201412022373205,NBB,17,48,50,400,20000
201412022373215,NBBL,38,26,40,1640,65600
201412022373214,NBBL,51,26,100,1641,164100
201412022373213,NBBL,14,26,20,1642,32840
201412022372913,NBBL,38,26,54,1640,88560
201412022372893,NBBL,38,13,10,1660,16600
201412022373384,NBF1,41,22,4456,12,55611
201412022373219,NBF1,47,20,30998,13,387475
201412022373070,NBF1,41,37,2997,13,37612
201412022372943,NBF1,19,16,1601,13,20013
201412022372942,NBF1,19,16,1601,13,20013
201412022372941,NBF1,21,16,1601,13,20013
201412022373243,NBL,22,52,485,335,162475
201412022372962,NBL,22,57,500,334,167000
201412022372960,NBL,47,35,60,340,20400
201412022373387,NHPC,40,25,200,116,23200
201412022373381,NHPC,42,25,1000,114,114000
201412022373380,NHPC,52,25,1000,114,114000
201412022373376,NHPC,49,25,1000,114,114000
201412022373366,NHPC,19,19,1000,115,115000
201412022373149,NHPC,16,50,500,115,57500
201412022373012,NHPC,57,25,500,117,58500
201412022372972,NHPC,42,25,2000,117,234000
201412022372903,NHPC,36,36,2000,116,232000
201412022373105,NHPC,52,25,500,116,58000
201412022373103,NHPC,55,25,1000,115,115000
201412022373101,NHPC,20,25,1000,115,115000
201412022373097,NHPC,19,25,1000,116,116000
201412022373094,NHPC,44,25,1000,116,116000
201412022373093,NHPC,42,25,2000,115,230000
201412022373339,NIB,22,49,96,662,63552
201412022373337,NIB,13,49,94,663,62322
201412022373331,NIB,43,49,47,665,31255
201412022373100,NIB,51,49,26,670,17420
201412022373091,NIB,21,48,485,662,321070
201412022373379,NICA,22,40,17,710,12070
201412022373259,NICA,52,48,100,712,71200
201412022373258,NICA,38,48,200,713,142600
201412022373257,NICA,7,48,80,714,57120
201412022373256,NICA,29,48,100,714,71400
201412022373255,NICA,41,48,100,715,71500
201412022373142,NICA,38,40,600,713,427800
201412022373072,NICA,7,1,25,714,17850
201412022372920,NICA,25,55,21,720,15120
201412022372897,NICA,54,44,600,720,432000
201412022373364,NLG,38,29,13,731,9503
201412022373343,NLG,26,48,93,730,67890
201412022373340,NLG,38,48,140,731,102340
201412022373338,NLG,38,48,140,731,102340
201412022373330,NLG,38,29,13,731,9503
201412022373005,NLG,42,29,22,730,16060
201412022372984,NLG,41,29,26,730,18980
201412022372978,NLG,11,29,92,731,67252
201412022373329,NLG,38,29,13,731,9503
201412022373278,NLG,38,29,13,731,9503
201412022373261,NLG,39,29,13,731,9503
201412022373164,NLG,38,29,13,731,9503
201412022373148,NLG,39,29,13,731,9503
201412022373264,NLIC,39,21,50,3850,192500
201412022373000,NLIC,22,47,200,3822,764400
201412022373074,NLICL,38,21,431,2058,886998
201412022373038,NLICL,53,29,100,2060,206000
201412022373198,NUBL,11,45,40,1490,59600
201412022373156,NUBL,44,14,235,1483,348505
201412022373151,NUBL,22,14,100,1490,149000
201412022373073,NUBL,40,14,192,1490,286080
201412022373034,OHL,45,10,10,620,6200
201412022373347,PCBL,26,26,288,474,136512
201412022373346,PCBL,11,7,473,470,222310
201412022373314,PCBL,13,39,144,471,67824
201412022373309,PCBL,26,39,80,472,37760
201412022373295,PCBL,47,39,574,467,268058
201412022373208,PCBL,29,39,45,475,21375
201412022372901,PCBL,58,36,60,483,28980
201412022372898,PCBL,58,39,200,483,96600
201412022373207,PCBL,32,39,452,474,214248
201412022373165,PCBL,25,59,41,477,19557
201412022373157,PCBL,26,59,41,478,19598
201412022373065,PCBL,58,58,216,479,103464
201412022373052,PCBL,47,43,294,480,141120
201412022373044,PCBL,52,8,50,482,24100
201412022373226,PIC,32,5,39,786,30654
201412022373045,PIC,32,14,78,785,61230
201412022373344,PLIC,28,32,40,920,36800
201412022373341,PLIC,28,32,40,920,36800
201412022373199,PLIC,22,39,131,925,121175
201412022373191,PLIC,6,32,40,935,37400
201412022373115,PLIC,6,1,30,935,28050
201412022373036,PLIC,28,6,106,936,99216
201412022373354,PRDBL,46,39,990,147,145530
201412022373032,PRDBL,13,18,10,149,1490
201412022373030,PRDBL,13,18,10,149,1490
201412022373099,RBS,51,16,41,4700,192700
201412022373312,REDBL,58,44,987,170,167790
201412022373292,RLFL,25,49,500,137,68500
201412022373117,RLFL,25,19,510,139,70890
201412022373385,RMDC,13,1,96,693,66528
201412022373363,RMDC,11,1,97,691,67027
201412022373216,RMDC,32,1,200,695,139000
201412022373335,SANIMA,52,25,150,475,71250
201412022373320,SANIMA,25,25,500,470,235000
201412022373315,SANIMA,21,25,500,471,235500
201412022373225,SANIMA,11,11,325,475,154375
201412022373085,SANIMA,47,8,113,479,54127
201412022372970,SANIMA,45,22,18,480,8640
201412022373242,SBI,6,14,500,940,470000
201412022373134,SBI,47,11,887,940,833780
201412022373126,SBI,54,17,343,945,324135
201412022373057,SBI,54,41,501,945,473445
201412022373047,SBI,26,39,291,938,272958
201412022373037,SBI,25,39,100,940,94000
201412022373288,SBL,57,45,70,560,39200
201412022373284,SBL,57,59,31,555,17205
201412022373244,SBL,33,59,156,552,86112
201412022373107,SCB,45,22,20,1754,35080
201412022373021,SCB,7,22,50,1760,88000
201412022372922,SCB,6,6,200,1789,357800
201412022373249,SHBL,5,5,10,454,4540
201412022373248,SHBL,5,5,10,454,4540
201412022373077,SHBL,18,5,10,463,4630
201412022372911,SHBL,18,1,10,465,4650
201412022373069,SHBL,5,11,19,456,8664
201412022373068,SHBL,5,11,10,456,4560
201412022372912,SHBL,18,1,10,465,4650
201412022373308,SHL,28,58,236,600,141600
201412022373307,SHL,10,21,200,602,120400
201412022373266,SHL,57,58,499,598,298402
201412022373245,SHL,17,58,497,598,297206
201412022373017,SHL,11,59,200,600,120000
201412022373336,SHPC,41,21,18,647,11646
201412022373287,SHPC,45,42,18,656,11808
201412022372935,SHPC,7,7,18,669,12042
201412022372931,SHPC,7,7,18,669,12042
201412022372930,SHPC,7,7,18,669,12042
201412022372927,SHPC,7,7,18,669,12042
201412022372910,SHPC,7,7,18,669,12042
201412022372907,SHPC,13,13,13,660,8580
201412022372906,SHPC,13,13,16,660,10560
201412022372926,SHPC,7,7,18,669,12042
201412022372925,SHPC,13,13,15,667,10005
201412022372924,SHPC,7,7,18,669,12042
201412022372921,SHPC,7,7,18,669,12042
201412022372918,SHPC,13,13,18,667,12006
201412022372914,SHPC,7,7,18,669,12042
201412022373217,SIGS1,19,22,3000,15,43800
201412022373150,SIGS1,19,22,6300,15,91980
201412022373240,SIL,38,38,25,720,18000
201412022373238,SIL,38,38,25,734,18350
201412022373042,SKBBL,11,6,16,1169,18704
201412022373026,SKBBL,11,6,16,1169,18704
201412022372916,SKBBL,48,48,52,1166,60632
201412022373241,SLICL,34,16,70,620,43400
201412022373050,SLICL,25,28,34,614,20876
201412022373048,SLICL,22,28,34,615,20910
201412022373323,SRBL,28,28,71,348,24708
201412022373246,SRBL,29,6,55,350,19250
201412022373172,SRBL,58,59,46,346,15916
201412022373170,SRBL,38,59,57,347,19779
201412022373022,SRBL,16,52,286,352,100672
201412022372999,SRBL,58,49,311,348,108228
201412022373031,SWBBL,50,22,10,1755,17550
201412022373139,VBBL,13,7,1000,115,115000
201412022373138,VBBL,17,7,260,115,29900
201412022373137,VBBL,52,7,200,116,23200
201412022373106,VBBL,17,47,240,115,27600
201412022373096,VBBL,52,28,20,116,2320
201412022373095,VBBL,52,28,20,116,2320
201412022373153,VBBL,7,7,1000,115,115000
201412022373143,VBBL,7,7,40,115,4600
201412022373076,YETI,39,16,23,113,2599
201412022373053,YETI,8,19,20,115,2300
201412022372923,YETI,3,33,11,115,1265
201412022372859,ARDBL,22,22,31,134,4154
201412022372858,ARDBL,39,22,21,135,2835
201412022372853,ARDBL,22,22,31,136,4216
201412022372850,ARDBL,8,22,21,138,2898
201412022372864,BGDBL,47,22,20,162,3240
201412022372881,CBL,11,25,204,224,45696
201412022372841,CBL,51,51,357,225,80325
201412022372834,CBL,51,51,357,225,80325
201412022372831,CBL,51,51,357,225,80325
201412022372829,CBL,51,51,357,225,80325
201412022372855,CHCL,11,11,20,1525,30500
201412022372886,GLICL,50,26,14,510,7140
201412022372885,GLICL,50,26,14,510,7140
201412022372884,GLICL,58,26,14,510,7140
201412022372882,GLICL,13,26,14,510,7140
201412022372880,GLICL,50,26,14,510,7140
201412022372879,GLICL,58,26,14,510,7140
201412022372876,GLICL,41,26,14,510,7140
201412022372849,GLICL,32,32,28,518,14504
201412022372844,GRAND,22,22,168,154,25872
201412022372842,GRAND,22,22,100,157,15700
201412022372888,JBNL,38,22,20,239,4780
201412022372875,KCDBL,3,29,10,192,1920
201412022372874,KCDBL,43,29,10,192,1920
201412022372873,KCDBL,43,29,10,192,1920
201412022372857,KCDBL,43,34,10,195,1950
201412022372870,KDBL,39,39,13,110,1430
201412022372887,LLBS,18,34,41,599,24559
201412022372878,LLBS,14,34,41,600,24600
201412022372869,LLBS,35,19,31,610,18910
201412022372868,LLBS,16,36,10,620,6200
201412022372867,LLBS,26,26,27,611,16497
201412022372866,LLBS,26,26,27,611,16497
201412022372862,LLBS,39,3,11,620,6820
201412022372856,LLBS,16,34,32,620,19840
201412022372854,LLBS,16,34,10,620,6200
201412022372860,MDBL,11,39,20,144,2880
201412022372865,NABILP,19,19,11025,1220,13450500
201412022372871,NHPC,59,25,2000,117,234000
201412022372861,NUBL,17,17,595,1490,886550
201412022372883,PCBL,52,48,100,485,48500
201412022372777,PCBL,29,29,14,492,6888
201412022372776,PCBL,29,29,14,492,6888
201412022372863,PRDBL,13,16,80,149,11920
201412022372806,PRDBL,51,51,10,147,1470
201412022372802,PRDBL,51,51,10,147,1470
201412022372872,SEOS,25,6,1100,10,11132
201412022372852,SEOS,26,26,17693,10,179053
201412022372851,SEOS,26,26,17693,10,179053
201412022372848,SFL,14,16,24,114,2736
201412022372846,SFL,16,16,24,112,2688
201412022372845,SFL,16,16,24,112,2688
201412022372843,SFL,16,16,24,112,2688
201412022372840,SFL,16,16,24,112,2688
201412022372779,SFL,16,16,24,112,2688
201412022372778,SFL,16,16,24,112,2688
201412022372786,SFL,16,16,24,112,2688
201412022372785,SFL,16,16,24,112,2688
201412022372784,SFL,16,16,24,112,2688
201412022372783,SFL,16,16,24,112,2688
201412022372781,SFL,16,16,24,112,2688
201412022372780,SFL,16,16,24,112,2688
201412022372792,SFL,16,16,24,112,2688
201412022372791,SFL,16,16,24,112,2688
201412022372790,SFL,16,16,24,112,2688
201412022372789,SFL,16,16,24,112,2688
201412022372788,SFL,16,16,24,112,2688
201412022372787,SFL,16,16,24,112,2688
201412022372798,SFL,16,16,24,112,2688
201412022372797,SFL,16,16,24,112,2688
201412022372796,SFL,16,16,24,112,2688
201412022372795,SFL,16,16,24,112,2688
201412022372794,SFL,16,16,24,112,2688
201412022372793,SFL,16,16,24,112,2688
201412022372805,SFL,16,16,24,112,2688
201412022372804,SFL,16,16,24,112,2688
201412022372803,SFL,16,16,24,112,2688
201412022372801,SFL,16,16,24,112,2688
201412022372800,SFL,16,16,24,112,2688
201412022372799,SFL,16,16,24,112,2688
201412022372812,SFL,16,16,24,112,2688
201412022372811,SFL,16,16,24,112,2688
201412022372810,SFL,16,16,24,112,2688
201412022372809,SFL,16,16,24,112,2688
201412022372808,SFL,16,16,24,112,2688
201412022372807,SFL,16,16,24,112,2688
201412022372818,SFL,16,16,24,112,2688
201412022372817,SFL,26,16,24,112,2688
201412022372816,SFL,16,16,24,112,2688
201412022372815,SFL,26,16,24,112,2688
201412022372814,SFL,16,16,24,112,2688
201412022372813,SFL,16,16,24,112,2688
201412022372824,SFL,16,16,24,112,2688
201412022372823,SFL,26,16,24,112,2688
201412022372822,SFL,16,16,24,112,2688
201412022372821,SFL,16,16,24,112,2688
201412022372820,SFL,26,16,24,112,2688
201412022372819,SFL,26,16,24,112,2688
201412022372832,SFL,16,16,24,112,2688
201412022372830,SFL,16,16,24,112,2688
201412022372828,SFL,26,16,24,112,2688
201412022372827,SFL,16,16,24,112,2688
201412022372826,SFL,16,16,24,112,2688
201412022372825,SFL,26,16,24,112,2688
201412022372839,SFL,16,16,24,112,2688
201412022372838,SFL,16,16,24,112,2688
201412022372837,SFL,26,16,24,112,2688
201412022372836,SFL,26,16,24,112,2688
201412022372835,SFL,16,16,24,112,2688
201412022372833,SFL,26,16,24,112,2688
201412022372782,SINDU,39,39,50,215,10750
201412022372847,SKBBL,58,58,72,1166,83952
201412022372775,SLICL,39,39,57,626,35682
201412022372774,SLICL,39,39,57,626,35682
201412022372773,SLICL,39,39,57,626,35682
201412022372772,SLICL,39,39,57,626,35682
201412022372771,SLICL,39,39,57,626,35682
201412022372770,SLICL,39,39,57,626,35682
201412022372769,SLICL,39,39,57,626,35682
201412022372768,SLICL,39,39,57,626,35682
201412022372767,SLICL,39,39,57,626,35682
201412022372766,SLICL,39,39,57,626,35682
201412022372765,SLICL,39,39,57,626,35682
201412022372877,SWBBL,39,39,46,1775,81650
