contract,symbol,buyer,seller,qty,rate,amt
201405181960157,ADBL,6,59,30,438,13140
201405181960153,ADBL,6,59,30,438,13140
201405181960055,ADBL,49,49,81,440,35640
201405181959930,ADBL,6,49,20,448,8960
201405181960240,AHPC,1,57,19,420,7980
201405181959960,AHPC,29,29,500,424,212000
201405181960441,ALDBL,4,28,250,212,53000
201405181960427,ALDBL,4,28,10,212,2120
201405181960413,ALDBL,4,28,10,212,2120
201405181960098,ALDBL,4,59,20,212,4240
201405181960370,ALICL,50,19,388,945,366660
201405181960183,ALICL,50,43,500,950,475000
201405181960141,ALICL,17,19,88,955,84040
201405181960139,ALICL,20,19,295,951,280545
201405181960044,ALICL,20,36,220,956,210320
201405181960145,APEX,25,19,40,118,4720
201405181960144,APEX,25,19,40,118,4720
201405181960092,APEX,4,26,20,117,2340
201405181960056,APEX,4,26,30,117,3510
201405181960090,APEX,4,26,20,117,2340
201405181960085,APEX,4,26,20,117,2340
201405181960081,APEX,4,26,20,117,2340
201405181960077,APEX,4,26,20,117,2340
201405181960072,APEX,4,26,20,117,2340
201405181960061,APEX,4,26,20,117,2340
201405181960132,ARDBL,45,51,70,142,9940
201405181960125,ARDBL,45,51,70,142,9940
201405181960121,ARDBL,45,51,70,142,9940
201405181960103,ARDBL,45,51,70,142,9940
201405181960058,ARDBL,45,51,70,142,9940
201405181959936,ARDBL,45,51,70,142,9940
201405181960448,BBBL,26,26,150,309,46350
201405181960447,BBBL,26,26,210,309,64890
201405181960436,BSBL,14,14,20,271,5420
201405181960425,BSBL,33,59,31,266,8246
201405181960421,BSBL,33,47,31,270,8370
201405181960418,BSBL,14,14,21,273,5733
201405181960400,BSBL,14,14,30,268,8040
201405181960387,BSBL,33,19,521,265,138065
201405181960288,BSBL,52,19,136,256,34816
201405181960247,BSBL,33,17,500,260,130000
201405181960143,BSBL,52,32,40,259,10360
201405181959929,BSBL,33,17,1000,255,255000
201405181960366,BSBL,33,1,100,263,26300
201405181960343,BSBL,33,14,500,260,130000
201405181960303,BUDBL,36,45,400,158,63200
201405181960439,CBL,25,45,108,250,27000
201405181960431,CBL,26,46,3792,249,944208
201405181960430,CBL,34,18,500,248,124000
201405181960422,CBL,21,18,500,249,124500
201405181960416,CBL,57,49,500,248,124000
201405181960406,CBL,57,49,500,248,124000
201405181960014,CBL,5,18,510,249,126990
201405181960001,CBL,45,18,15,250,3750
201405181959995,CBL,45,50,135,250,33750
201405181959947,CBL,5,18,15,250,3750
201405181959927,CBL,26,18,15,250,3750
201405181959926,CBL,11,22,26,251,6526
201405181960155,CBL,47,28,68,250,17000
201405181960150,CBL,29,18,1000,248,248000
201405181960115,CBL,19,46,100,250,25000
201405181960108,CBL,45,46,59,250,14750
201405181960099,CBL,21,11,111,249,27639
201405181960094,CBL,55,37,357,248,88536
201405181960320,CBL,16,5,81,250,20250
201405181960319,CBL,11,32,15,250,3750
201405181960301,CBL,55,40,2000,250,500000
201405181960280,CBL,32,50,133,250,33250
201405181960195,CBL,41,18,510,249,126990
201405181960175,CBL,21,1,306,248,75888
201405181960405,CBL,28,18,500,248,124000
201405181960384,CBL,51,49,490,249,122010
201405181960373,CBL,25,50,108,250,27000
201405181960360,CBL,55,49,516,248,127968
201405181960356,CBL,41,11,106,249,26394
201405181960340,CBL,51,18,510,249,126990
201405181960383,CEDBL,29,18,450,228,102600
201405181960382,CEDBL,57,18,500,228,114000
201405181960367,CEDBL,57,18,500,230,115000
201405181960388,CHCL,29,46,68,1945,132260
201405181960378,CHCL,54,41,104,1940,201760
201405181960376,CHCL,36,8,500,1950,975000
201405181960369,CHCL,21,46,70,1941,135870
201405181960359,CHCL,37,46,70,1942,135940
201405181960328,CHCL,6,41,47,1942,91274
201405181959992,CHCL,26,16,7581,1946,14752626
201405181959950,CHCL,26,36,141,1951,275091
201405181959942,CHCL,26,1,148,1950,288600
201405181959913,CHCL,14,14,1000,1949,1949000
201405181960109,CHCL,29,1,124,1951,241924
201405181960102,CHCL,20,6,30,1954,58620
201405181960101,CHCL,45,36,432,1947,841104
201405181960097,CHCL,20,39,26,1952,50752
201405181960069,CHCL,25,1,328,1950,639600
201405181960043,CHCL,29,40,66,1950,128700
201405181960272,CHCL,59,19,47,1946,91462
201405181960264,CHCL,59,59,114,1945,221730
201405181960232,CHCL,14,14,318,1948,619464
201405181960218,CHCL,50,57,37,1950,72150
201405181960211,CHCL,26,45,425,1945,826625
201405181960172,CHCL,25,13,32,1950,62400
201405181960317,CHCL,21,14,500,1945,972500
201405181960313,CHCL,21,41,58,1941,112578
201405181960300,CHCL,50,41,58,1942,112636
201405181960289,CHCL,7,41,47,1941,91227
201405181960285,CHCL,25,59,70,1945,136150
201405181960275,CHCL,16,26,7582,1945,14746990
201405181960196,CIT,11,19,281,3650,1025650
201405181960392,CZBIL,34,26,154,430,66220
201405181960379,CZBIL,57,45,194,430,83420
201405181960251,CZBIL,41,43,282,433,122106
201405181960249,CZBIL,41,37,210,432,90720
201405181960228,CZBIL,43,43,420,430,180600
201405181960220,CZBIL,14,43,199,432,85968
201405181960038,CZBIL,40,18,105,432,45360
201405181960083,CZBIL,52,16,500,432,216000
201405181960082,CZBIL,50,16,500,432,216000
201405181960057,CZBIL,52,1,147,435,63945
201405181960048,CZBIL,52,28,357,432,154224
201405181960216,CZBIL,34,43,500,431,215500
201405181960213,CZBIL,34,43,949,431,409019
201405181960186,CZBIL,59,43,500,434,217000
201405181960114,CZBIL,52,16,500,432,216000
201405181960104,CZBIL,52,16,500,432,216000
201405181960088,CZBIL,34,16,500,433,216500
201405181960440,DDBL,35,32,1000,986,986000
201405181960381,DDBL,35,28,256,1000,256000
201405181960371,DDBL,35,40,278,1000,278000
201405181960200,DDBL,58,6,83,1000,83000
201405181960068,DDBL,55,28,200,1000,200000
201405181960357,EBL,51,33,241,2216,534056
201405181960278,EBL,51,19,68,2216,150688
201405181960269,EBL,13,22,91,2220,202020
201405181960154,EBL,41,41,30,2235,67050
201405181959969,EBL,6,17,11,2220,24420
201405181959966,EBL,36,17,55,2226,122430
201405181959940,EBL,36,57,100,2226,222600
201405181959935,EBL,36,50,10,2226,22260
201405181959932,EBL,8,57,50,2226,111300
201405181959925,EBL,36,57,100,2226,222600
201405181960293,EDBL,17,16,250,592,148000
201405181960034,EDBL,16,16,500,592,296000
201405181960325,GBBL,45,43,1000,285,285000
201405181960252,GBBL,5,54,74,288,21312
201405181960193,GBBL,59,32,60,284,17040
201405181959918,GBBL,21,28,56,282,15792
201405181960446,GBIME,50,16,398,589,234422
201405181960445,GBIME,32,41,15,594,8910
201405181960433,GBIME,45,45,500,589,294500
201405181960426,GBIME,50,39,35,590,20650
201405181960411,GBIME,20,39,35,590,20650
201405181960409,GBIME,50,11,37,590,21830
201405181959965,GBIME,32,5,192,596,114432
201405181960019,GBIME,39,8,36,595,21420
201405181960008,GBIME,14,8,36,595,21420
201405181960004,GBIME,4,55,63,595,37485
201405181959981,GBIME,50,8,36,595,21420
201405181959972,GBIME,32,52,25,596,14900
201405181959971,GBIME,32,1,40,596,23840
201405181960106,GBIME,29,8,100,594,59400
201405181960096,GBIME,6,8,480,593,284640
201405181960093,GBIME,4,18,189,594,112266
201405181960087,GBIME,25,14,200,595,119000
201405181960047,GBIME,39,14,100,595,59500
201405181960035,GBIME,4,36,223,595,132685
201405181960159,GBIME,39,45,35,594,20790
201405181960156,GBIME,32,8,20,594,11880
201405181960151,GBIME,4,8,110,593,65230
201405181960146,GBIME,32,8,110,594,65340
201405181960133,GBIME,50,8,80,594,47520
201405181960126,GBIME,52,18,189,594,112266
201405181960198,GBIME,21,57,397,592,235024
201405181960197,GBIME,45,5,35,593,20755
201405181960189,GBIME,51,8,36,593,21348
201405181960187,GBIME,4,37,55,593,32615
201405181960181,GBIME,52,8,98,593,58114
201405181960163,GBIME,39,14,40,595,23800
201405181960287,GBIME,21,21,283,592,167536
201405181960242,GBIME,50,7,500,591,295500
201405181960214,GBIME,21,37,56,593,33208
201405181960210,GBIME,50,5,35,592,20720
201405181960209,GBIME,20,8,44,590,25960
201405181960203,GBIME,50,5,35,591,20685
201405181960324,GBIME,26,14,500,595,297500
201405181960312,GBIME,50,17,204,591,120564
201405181960305,GBIME,26,35,35,594,20790
201405181960296,GBIME,26,35,35,594,20790
201405181960295,GBIME,26,37,110,594,65340
201405181960290,GBIME,21,21,183,593,108519
201405181960391,GBIME,50,28,26,590,15340
201405181960377,GBIME,39,28,35,590,20650
201405181960364,GBIME,1,28,39,592,23088
201405181960348,GBIME,21,21,100,593,59300
201405181960339,GBIME,4,28,26,593,15418
201405181960331,GBIME,21,21,200,592,118400
201405181960270,GLICL,17,51,28,555,15540
201405181960259,GLICL,7,51,28,559,15652
201405181960167,GLICL,26,26,500,553,276500
201405181959996,GLICL,7,51,28,564,15792
201405181959980,GLICL,50,14,120,562,67440
201405181960054,GRAND,8,11,127,267,33909
201405181960046,GRAND,8,22,94,268,25192
201405181960199,HBL,36,17,412,845,348140
201405181959958,HGI,6,17,51,470,23970
201405181960206,IDBL,52,52,22,128,2816
201405181960205,IDBL,18,52,34,128,4352
201405181960040,IDBL,36,17,47,129,6063
201405181960032,IDBL,57,17,112,129,14448
201405181960428,JBBL,39,19,150,151,22650
201405181960282,JBBL,57,13,100,154,15400
201405181960266,JBBL,57,57,20,154,3080
201405181960258,JBBL,57,57,20,154,3080
201405181960031,JBBL,45,53,520,153,79560
201405181960017,JBBL,49,49,1390,152,211280
201405181959998,JBBL,49,13,510,151,77010
201405181959920,JBBL,32,52,170,152,25840
201405181959919,JBBL,32,13,110,152,16720
201405181960067,JBBL,45,52,50,154,7700
201405181960066,JBBL,45,21,30,154,4620
201405181960065,JBBL,45,47,50,154,7700
201405181960064,JBBL,45,47,50,154,7700
201405181960063,JBBL,45,47,50,154,7700
201405181960059,JBBL,5,5,500,153,76500
201405181960194,JBBL,50,13,50,156,7800
201405181960149,JBBL,50,13,440,156,68640
201405181960110,JBBL,5,53,530,156,82680
201405181960086,JBBL,45,47,690,156,107640
201405181960078,JBBL,45,58,90,155,13950
201405181960070,JBBL,45,5,500,154,77000
201405181960307,JBNL,46,40,279,280,78120
201405181960298,JBNL,46,29,54,280,15120
201405181960292,JBNL,46,21,38,275,10450
201405181960138,JBNL,36,57,945,274,258930
201405181960137,JBNL,36,16,31,274,8494
201405181960386,KAFIL,32,32,93,171,15903
201405181960365,KAFIL,1,32,273,170,46410
201405181960326,KBBL,22,32,65,383,24895
201405181960294,KBBL,22,16,1899,380,721620
201405181960039,KBBL,33,33,1000,386,386000
201405181960225,KDBL,39,5,500,105,52500
201405181960222,KDBL,39,51,74,104,7696
201405181960435,KKBL,52,39,10,329,3290
201405181960434,KKBL,52,22,10,329,3290
201405181960403,KMCDB,13,21,10,708,7080
201405181959983,KMCDB,13,28,10,707,7070
201405181960404,LBL,26,8,500,480,240000
201405181960148,LBL,28,28,164,477,78228
201405181960112,LGIL,47,39,100,432,43200
201405181960315,LICN,22,34,131,3430,449330
201405181960113,LICN,26,25,20,3500,70000
201405181960075,LICN,36,6,29,3460,100340
201405181960074,LICN,36,34,21,3455,72555
201405181960045,LICN,32,43,146,3435,501510
201405181960033,LICN,22,34,21,3440,72240
201405181959924,LICN,22,49,10,3440,34400
201405181960399,MBL,33,8,324,475,153900
201405181960398,MBL,33,36,290,475,137750
201405181960397,MBL,33,36,260,475,123500
201405181960333,MBL,33,36,510,474,241740
201405181959956,MBL,53,32,206,476,98056
201405181960394,MEGA,50,51,183,403,73749
201405181960323,MEGA,4,28,31,402,12462
201405181960316,MEGA,39,28,31,403,12493
201405181959934,MEGA,55,6,32,402,12864
201405181960250,MFIL,45,45,3022,134,404948
201405181960243,MFIL,45,45,9850,132,1300200
201405181960274,MNBBL,19,39,26,555,14430
201405181960273,MNBBL,19,26,100,555,55500
201405181960255,MNBBL,49,49,2403,545,1309635
201405181960226,MNBBL,5,58,150,545,81750
201405181960223,MNBBL,5,39,12,545,6540
201405181960363,NABIL,19,17,100,1950,195000
201405181960353,NABIL,50,49,100,1950,195000
201405181960190,NABIL,22,6,38,1950,74100
201405181960095,NABIL,17,17,100,1950,195000
201405181959968,NABIL,35,49,991,1945,1927495
201405181959962,NABIL,22,17,100,1950,195000
201405181959959,NABIL,22,17,250,1950,487500
201405181959951,NABIL,22,49,100,1950,195000
201405181959945,NABIL,50,49,200,1945,389000
201405181959944,NABIL,19,49,60,1950,117000
201405181960443,NBB,37,58,10,670,6700
201405181960442,NBB,37,25,10,669,6690
201405181960432,NBB,57,20,410,657,269370
201405181960429,NBB,37,25,100,659,65900
201405181960395,NBB,57,35,970,656,636320
201405181960380,NBB,37,20,10,668,6680
201405181959954,NBB,7,46,100,655,65500
201405181959952,NBB,45,45,1052,645,678540
201405181959937,NBB,7,52,250,653,163250
201405181960020,NBB,14,22,280,655,183400
201405181960012,NBB,14,41,25,655,16375
201405181960011,NBB,14,29,100,655,65500
201405181960010,NBB,14,36,500,654,327000
201405181960009,NBB,14,52,200,653,130600
201405181959955,NBB,7,41,25,655,16375
201405181960111,NBB,57,25,500,657,328500
201405181960052,NBB,57,39,130,656,85280
201405181960051,NBB,57,36,40,656,26240
201405181960050,NBB,57,37,200,655,131000
201405181960049,NBB,57,22,270,655,176850
201405181960021,NBB,14,11,500,655,327500
201405181960177,NBB,14,34,150,654,98100
201405181960162,NBB,57,22,90,658,59220
201405181960161,NBB,57,22,180,658,118440
201405181960134,NBB,14,55,300,654,196200
201405181960128,NBB,57,25,500,657,328500
201405181960124,NBB,57,22,60,656,39360
201405181960372,NBB,14,52,500,658,329000
201405181960351,NBB,14,20,550,654,359700
201405181960338,NBB,57,20,250,655,163750
201405181960311,NBB,37,22,15,659,9885
201405181960297,NBB,5,20,1000,655,655000
201405181960230,NBB,57,5,250,655,163750
201405181960299,NBF1,8,53,8991,12,107442
201405181960286,NBF1,17,53,8991,12,108791
201405181960184,NBF1,35,53,41172,12,496123
201405181960130,NBF1,17,47,1498,12,18126
201405181960127,NBF1,17,34,2398,12,29016
201405181959928,NBF1,17,34,2398,12,29016
201405181960410,NBL,20,35,1051,314,330014
201405181960341,NBL,20,19,1000,313,313000
201405181960336,NBL,29,19,1000,313,313000
201405181960335,NBL,52,35,1230,314,386220
201405181960028,NBL,52,14,1999,315,629685
201405181960444,NCCB,47,59,1000,441,441000
201405181960349,NCCB,47,59,500,441,220500
201405181960329,NCCB,37,1,500,439,219500
201405181960277,NCCB,37,59,500,441,220500
201405181960260,NCCB,58,7,500,440,220000
201405181960233,NCCB,13,22,200,440,88000
201405181960185,NCCB,25,28,1000,439,439000
201405181959953,NCCB,37,19,100,440,44000
201405181959933,NCCB,1,22,32,440,14080
201405181960415,NHPC,54,54,1136,170,193120
201405181960401,NHPC,22,54,2000,170,340000
201405181960361,NHPC,26,54,1000,172,172000
201405181960352,NHPC,19,54,1000,172,172000
201405181960330,NHPC,57,54,1000,172,172000
201405181960239,NHPC,59,1,500,175,87500
201405181960129,NHPC,54,54,3400,172,584800
201405181960122,NHPC,54,54,1000,175,175000
201405181959914,NHPC,8,46,6230,177,1102710
201405181960437,NIB,33,58,70,866,60620
201405181960262,NIB,33,45,167,865,144455
201405181960253,NIB,33,19,225,865,194625
201405181960227,NIB,33,13,271,862,233602
201405181960219,NIB,33,51,104,861,89544
201405181960179,NIB,33,22,248,860,213280
201405181960176,NIB,49,49,5147,855,4400685
201405181960131,NIB,33,22,220,860,189200
201405181959979,NIB,53,22,205,860,176300
201405181960173,NICA,40,47,80,761,60880
201405181960166,NICA,50,16,60,755,45300
201405181960105,NICA,58,22,75,760,57000
201405181960408,NLG,36,34,44,753,33132
201405181960347,NLG,51,28,25,752,18800
201405181960322,NLG,17,52,98,755,73990
201405181960188,NLG,49,36,783,760,595080
201405181960407,NLIC,37,6,10,3873,38730
201405181960393,NLIC,37,6,10,3799,37990
201405181960079,NLIC,43,49,10,3725,37250
201405181960271,NLICL,6,20,468,3000,1404000
201405181960073,NLICL,39,33,100,3020,302000
201405181959975,NLICL,54,54,399,3000,1197000
201405181960221,NMB,6,43,500,413,206500
201405181960438,NNLB,18,51,160,870,139200
201405181960314,NNLB,39,19,10,875,8750
201405181960304,NNLB,20,19,10,887,8870
201405181960003,NNLB,39,52,10,870,8700
201405181959997,NNLB,39,52,10,870,8700
201405181959989,NNLB,39,52,10,870,8700
201405181959931,NNLB,39,14,10,887,8870
201405181960350,OHL,59,40,10,732,7320
201405181959949,PADBL,55,17,20,380,7600
201405181960375,PCBL,29,26,252,470,118440
201405181960337,PCBL,17,39,73,470,34310
201405181960332,PCBL,17,1,60,470,28200
201405181960229,PCBL,29,32,22,470,10340
201405181960215,PCBL,34,32,15,472,7080
201405181960202,PCBL,34,8,280,472,132160
201405181960018,PCBL,51,28,84,471,39564
201405181960013,PCBL,36,28,84,472,39648
201405181960002,PCBL,39,50,169,473,79937
201405181959993,PCBL,14,32,31,473,14663
201405181960412,PDB,51,1,10,120,1200
201405181960231,PDB,51,51,20,120,2400
201405181960224,PDB,51,17,50,120,6000
201405181959990,PDB,7,55,10,122,1220
201405181959984,PDB,7,55,30,122,3660
201405181959974,PDB,53,55,30,123,3690
201405181959970,PDB,53,17,50,123,6150
201405181959963,PDB,53,17,50,123,6150
201405181959922,PFCL,16,7,600,135,81000
201405181960265,PFIL,40,49,10,121,1210
201405181960306,PLIC,35,6,27,855,23085
201405181960026,PLIC,57,22,200,862,172400
201405181959915,PLIC,35,43,500,854,427000
201405181959967,PLIC,7,45,55,850,46750
201405181959916,PLIC,35,43,470,855,401850
201405181960281,PURBL,14,19,80,306,24480
201405181960385,SANIMA,39,45,400,473,189200
201405181960234,SANIMA,34,36,227,474,107598
201405181960123,SANIMA,8,8,500,471,235500
201405181960116,SANIMA,4,8,500,471,235500
201405181960107,SANIMA,57,14,10,476,4760
201405181960100,SANIMA,47,21,110,475,52250
201405181960042,SANIMA,57,51,50,476,23800
201405181960000,SANIMA,36,28,500,472,236000
201405181959976,SANIMA,43,37,100,479,47900
201405181960263,SBBLJ,45,17,720,520,374400
201405181960158,SBBLJ,19,14,100,521,52100
201405181960362,SBI,25,45,73,1012,73876
201405181960268,SBI,17,19,14,1012,14168
201405181960212,SBI,17,54,120,1010,121200
201405181960207,SBI,17,54,177,1011,178947
201405181960267,SBL,41,28,23,625,14375
201405181960261,SBL,50,6,96,625,60000
201405181960174,SBL,50,29,105,629,66045
201405181960030,SBL,50,40,195,626,122070
201405181959964,SBL,47,17,973,625,608125
201405181959943,SBL,28,17,100,628,62800
201405181959941,SBL,41,17,20,630,12600
201405181960165,SCB,21,17,14,1799,25186
201405181960053,SCB,18,16,100,1791,179100
201405181959982,SCB,25,6,206,1799,370594
201405181960334,SDBL,29,17,1150,139,159850
201405181960171,SDBL,46,17,500,138,69000
201405181960120,SDBL,21,17,1000,140,140000
201405181960119,SDBL,19,17,300,140,42000
201405181960118,SDBL,22,17,200,140,28000
201405181960117,SDBL,36,17,400,141,56400
201405181960007,SDBL,36,4,100,141,14100
201405181960170,SDBL,18,17,200,138,27600
201405181960169,SDBL,22,17,500,139,69500
201405181960168,SDBL,22,17,500,139,69500
201405181960244,SEWA,52,1,400,308,123200
201405181960147,SEWA,14,36,586,308,180488
201405181960321,SHL,33,33,1273,533,678509
201405181960248,SHL,16,26,11000,543,5973000
201405181959987,SHL,49,11,200,548,109600
201405181959973,SHL,26,16,10921,540,5897340
201405181959921,SHL,26,28,157,540,84780
201405181960246,SHPC,1,43,72,640,46080
201405181960160,SHPC,29,5,18,642,11556
201405181959948,SHPC,41,41,17,642,10914
201405181959939,SHPC,16,1,18,649,11682
201405181959923,SHPC,41,28,18,642,11556
201405181959912,SHPC,41,26,18,642,11556
201405181960344,SIC,45,39,43,1318,56674
201405181960374,SICL,53,32,30,900,27000
201405181960192,SIL,34,50,29,612,17748
201405181960284,SKBBL,11,14,30,1270,38100
201405181960191,SKBBL,50,52,19,1251,23769
201405181960182,SKBBL,26,52,19,1255,23845
201405181960178,SKBBL,39,52,19,1256,23864
201405181960006,SKBBL,6,57,15,1275,19125
201405181959994,SKBBL,6,57,15,1275,19125
201405181959978,SKBBL,49,14,96,1270,121920
201405181959977,SKBBL,6,14,96,1275,122400
201405181960022,SKBBL,6,57,15,1275,19125
201405181960142,SKBBL,11,7,19,1275,24225
201405181960140,SKBBL,6,14,300,1275,382500
201405181960136,SKBBL,11,32,19,1279,24301
201405181959938,SLBBL,25,6,66,1160,76560
201405181960345,SLICL,34,11,34,570,19380
201405181960342,SLICL,43,11,34,570,19380
201405181960245,SLICL,22,28,12,570,6840
201405181960235,SLICL,5,11,34,571,19414
201405181960396,SRBL,50,11,258,390,100620
201405181960062,SRBL,1,1,65,390,25350
201405181960027,SRBL,50,1,31,390,12090
201405181960025,SRBL,49,17,220,394,86680
201405181959946,SRBL,51,32,64,390,24960
201405181959917,SRBL,1,32,48,390,18720
201405181960152,SWBBL,36,28,700,1340,938000
201405181960015,SWBBL,26,28,200,1360,272000
201405181960041,SYFL,32,39,29,88,2552
201405181960037,SYFL,32,39,29,88,2552
201405181960036,SYFL,32,39,29,88,2552
201405181960424,TRH,36,53,40,315,12600
201405181960423,TRH,36,53,20,315,6300
201405181960417,TRH,36,53,20,315,6300
201405181960414,TRH,36,53,20,315,6300
201405181960368,TRH,36,1,20,315,6300
201405181960346,TRH,36,1,20,315,6300
201405181960302,UFIL,17,47,140,135,18900
201405181959986,UFIL,17,11,20,135,2700
201405181960283,VBBL,45,45,270,116,31320
201405181960276,VBBL,45,13,240,116,27840
201405181960358,VBBL,43,13,40,117,4680
201405181960310,VBBL,43,21,40,117,4680
201405181960309,VBBL,43,32,20,117,2340
201405181960308,VBBL,43,32,50,117,5850
201405181960241,WDBL,13,28,10,182,1820
201405181959568,ACEDBL,26,29,798,233,185934
201405181959737,ADBL,49,49,30,440,13200
201405181959731,ADBL,49,49,30,440,13200
201405181959662,ADBL,26,26,70,440,30800
201405181959403,ADBL,41,41,260,446,115960
201405181959661,AHPC,49,29,200,425,85000
201405181959435,AHPC,41,29,100,425,42500
201405181959402,AHPC,34,45,500,420,210000
201405181959372,AHPC,4,29,200,428,85600
201405181959507,ALICL,54,54,584,960,560640
201405181959492,ALICL,54,29,45,960,43200
201405181959491,ALICL,54,1,250,960,240000
201405181959465,ALICL,19,29,64,960,61440
201405181959793,APEX,4,1,22,117,2574
201405181959459,BBBL,51,26,748,309,231132
201405181959564,BSBL,33,14,500,255,127500
201405181959886,CBL,55,18,306,249,76194
201405181959885,CBL,6,50,135,251,33885
201405181959858,CBL,6,36,500,250,125000
201405181959856,CBL,5,36,270,250,67500
201405181959843,CBL,28,36,500,250,125000
201405181959830,CBL,5,21,1000,250,250000
201405181959378,CBL,25,54,135,253,34155
201405181959376,CBL,28,29,214,253,54142
201405181959369,CBL,25,17,474,251,118974
201405181959365,CBL,11,4,815,252,205380
201405181959486,CBL,49,43,1174,252,295848
201405181959470,CBL,40,28,190,252,47880
201405181959449,CBL,46,54,178,253,45034
201405181959443,CBL,25,54,111,253,28083
201405181959429,CBL,19,54,122,253,30866
201405181959405,CBL,59,40,408,253,103224
201405181959513,CBL,49,49,552,252,139104
201405181959510,CBL,40,50,357,251,89607
201405181959505,CBL,8,50,57,253,14421
201405181959500,CBL,41,50,133,252,33516
201405181959490,CBL,49,49,1370,252,345240
201405181959489,CBL,49,50,540,252,136080
201405181959569,CBL,11,33,469,250,117250
201405181959555,CBL,19,50,133,252,33516
201405181959552,CBL,1,50,1000,250,250000
201405181959548,CBL,47,50,1120,250,280000
201405181959533,CBL,25,50,500,250,125000
201405181959528,CBL,25,50,518,250,129500
201405181959592,CBL,59,21,100,253,25300
201405181959591,CBL,32,21,50,253,12650
201405181959590,CBL,40,28,135,251,33885
201405181959585,CBL,46,29,214,253,54142
201405181959583,CBL,26,51,135,252,34020
201405181959575,CBL,11,51,135,252,34020
201405181959598,CBL,11,21,100,251,25100
201405181959597,CBL,49,21,90,252,22680
201405181959596,CBL,25,21,100,252,25200
201405181959595,CBL,40,21,10,252,2520
201405181959594,CBL,34,21,30,253,7590
201405181959593,CBL,17,21,70,253,17710
201405181959616,CBL,41,21,100,250,25000
201405181959604,CBL,25,28,204,247,50388
201405181959602,CBL,39,21,500,249,124500
201405181959601,CBL,50,21,500,250,125000
201405181959600,CBL,47,21,880,250,220000
201405181959599,CBL,11,21,150,250,37500
201405181959715,CBL,20,57,279,251,70029
201405181959692,CBL,21,21,300,250,75000
201405181959659,CBL,59,34,1164,250,291000
201405181959652,CBL,5,28,54,250,13500
201405181959644,CBL,5,28,213,250,53250
201405181959624,CBL,21,21,400,249,99600
201405181959741,CBL,45,32,135,250,33750
201405181959733,CBL,14,32,135,250,33750
201405181959732,CBL,5,49,252,251,63252
201405181959730,CBL,33,21,1000,250,250000
201405181959729,CBL,19,32,135,250,33750
201405181959716,CBL,49,22,136,251,34136
201405181959781,CBL,52,32,135,250,33750
201405181959777,CBL,18,40,102,250,25500
201405181959774,CBL,45,32,15,252,3780
201405181959767,CBL,18,32,135,250,33750
201405181959761,CBL,59,40,2000,248,496000
201405181959751,CBL,45,51,70,252,17640
201405181959824,CBL,6,34,135,251,33885
201405181959823,CBL,5,32,158,250,39500
201405181959803,CBL,6,34,135,251,33885
201405181959790,CBL,46,7,43,250,10750
201405181959785,CBL,46,40,183,250,45750
201405181959784,CBL,46,40,290,250,72500
201405181959890,CEDBL,57,1,72,230,16560
201405181959758,CEDBL,43,1,136,229,31144
201405181959371,CEDBL,7,33,1054,229,241366
201405181959902,CHCL,35,5,36,1950,70200
201405181959901,CHCL,35,1,360,1950,702000
201405181959900,CHCL,35,20,600,1950,1170000
201405181959865,CHCL,54,36,150,1949,292350
201405181959864,CHCL,6,6,36,1940,69840
201405181959850,CHCL,29,22,71,1941,137811
201405181959392,CHCL,16,29,62,1950,120900
201405181959389,CHCL,16,25,23,1950,44850
201405181959383,CHCL,16,25,23,1950,44850
201405181959566,CHCL,16,51,18,1945,35010
201405181959553,CHCL,16,51,18,1945,35010
201405181959551,CHCL,21,45,702,1937,1359774
201405181959544,CHCL,19,19,100,1950,195000
201405181959509,CHCL,26,1,500,1950,975000
201405181959493,CHCL,7,1,100,1950,195000
201405181959840,CHCL,59,59,70,1942,135940
201405181959816,CHCL,59,59,114,1948,222072
201405181959754,CHCL,17,17,20,1941,38820
201405181959717,CHCL,26,8,88,1949,171512
201405181959679,CHCL,41,8,92,1941,178572
201405181959589,CHCL,45,5,1000,1940,1940000
201405181959739,CNDBL,47,51,40,127,5080
201405181959727,CNDBL,47,51,50,127,6350
201405181959654,CZBIL,22,45,1000,429,429000
201405181959407,CZBIL,50,36,180,434,78120
201405181959370,CZBIL,34,29,11,431,4741
201405181959614,DDBL,43,14,50,981,49050
201405181959613,DDBL,16,14,200,982,196400
201405181959612,DDBL,49,14,500,983,491500
201405181959611,DDBL,1,14,200,985,197000
201405181959603,DDBL,58,14,50,1000,50000
201405181959907,EBL,35,19,692,2230,1543160
201405181959532,EDBL,26,19,324,581,188244
201405181959894,GBIME,50,52,25,596,14900
201405181959847,GBIME,50,16,196,595,116620
201405181959844,GBIME,50,8,210,594,124740
201405181959827,GBIME,50,8,200,595,119000
201405181959826,GBIME,53,8,100,595,59500
201405181959825,GBIME,29,8,100,596,59600
201405181959373,GBIME,50,14,363,595,215985
201405181959487,GBIME,4,57,155,599,92845
201405181959467,GBIME,6,17,36,599,21564
201405181959454,GBIME,40,32,151,598,90298
201405181959398,GBIME,6,21,1150,599,688850
201405181959385,GBIME,19,58,17,600,10200
201405181959384,GBIME,50,57,480,598,287040
201405181959517,GBIME,39,14,350,595,208250
201405181959516,GBIME,50,14,300,595,178500
201405181959515,GBIME,6,14,300,596,178800
201405181959514,GBIME,26,14,70,596,41720
201405181959502,GBIME,4,59,36,600,21600
201405181959488,GBIME,34,6,48,599,28752
201405181959577,GBIME,39,45,75,599,44925
201405181959538,GBIME,50,6,175,595,104125
201405181959527,GBIME,21,21,36,597,21492
201405181959520,GBIME,50,14,30,595,17850
201405181959519,GBIME,57,14,200,595,119000
201405181959518,GBIME,28,14,150,595,89250
201405181959704,GBIME,21,33,247,597,147459
201405181959697,GBIME,51,17,175,599,104825
201405181959676,GBIME,25,14,493,595,293335
201405181959664,GBIME,32,14,32,596,19072
201405181959655,GBIME,49,14,32,596,19072
201405181959646,GBIME,26,14,261,595,155295
201405181959819,GBIME,49,28,25,595,14875
201405181959813,GBIME,47,17,36,595,21420
201405181959811,GBIME,50,17,36,596,21456
201405181959808,GBIME,32,17,36,596,21456
201405181959806,GBIME,32,17,36,596,21456
201405181959789,GBIME,4,51,34,597,20298
201405181959788,GDBL,49,19,150,217,32550
201405181959683,GLICL,50,39,111,560,62160
201405181959578,GLICL,17,19,754,558,420732
201405181959494,GLICL,22,11,100,563,56300
201405181959393,GLICL,58,50,400,561,224400
201405181959908,GRAND,8,29,500,265,132500
201405181959769,GRAND,41,22,456,265,120840
201405181959649,GRAND,25,8,1100,266,292600
201405181959648,GRAND,8,8,1100,268,294800
201405181959479,GRAND,5,21,510,268,136680
201405181959706,HGI,39,51,50,465,23250
201405181959893,IDBL,57,8,500,129,64500
201405181959892,IDBL,50,8,1000,129,129000
201405181959718,IDBL,41,6,166,130,21580
201405181959622,IDBL,50,8,500,131,65500
201405181959829,ILFC,52,22,155,212,32860
201405181959787,ILFC,29,26,200,210,42000
201405181959889,JBBL,41,13,110,151,16610
201405181959867,JBBL,53,53,550,153,84150
201405181959866,JBBL,53,21,130,153,19890
201405181959822,JBBL,45,29,500,152,76000
201405181959821,JBBL,45,26,420,152,63840
201405181959724,JBBL,36,19,310,150,46500
201405181959401,JBBL,41,13,300,151,45300
201405181959666,JBBL,50,22,1220,151,184220
201405181959431,JBBL,41,32,70,151,10570
201405181959408,JBBL,36,13,660,150,99000
201405181959639,JBNL,50,21,17,275,4675
201405181959638,JBNL,50,21,17,275,4675
201405181959636,JBNL,50,21,38,275,10450
201405181959581,JBNL,47,21,38,275,10450
201405181959576,JBNL,46,39,243,274,66582
201405181959483,JBNL,51,39,397,272,107984
201405181959463,JBNL,19,39,196,273,53508
201405181959584,KAFIL,1,1,48,170,8160
201405181959504,KAFIL,1,21,48,173,8304
201405181959496,KAFIL,1,21,48,174,8352
201405181959606,KBBL,22,22,71,393,27903
201405181959549,KBBL,22,7,100,388,38800
201405181959410,KBBL,22,46,500,381,190500
201405181959675,KMCDB,13,36,10,712,7120
201405181959469,KRBL,29,32,50,111,5550
201405181959468,KRBL,47,32,540,111,59940
201405181959796,LBL,11,7,200,476,95200
201405181959742,LBL,36,6,500,476,238000
201405181959701,LBL,36,18,53,480,25440
201405181959382,LBL,36,36,414,489,202446
201405181959786,LICN,22,34,100,3450,345000
201405181959427,LICN,22,49,150,3450,517500
201405181959419,LICN,22,49,240,3440,825600
201405181959760,MBL,50,57,189,476,89964
201405181959586,MBL,36,37,154,477,73458
201405181959458,MBL,52,37,368,479,176272
201405181959797,MEGA,26,29,32,409,13088
201405181959776,MEGA,17,17,32,408,13056
201405181959775,MEGA,17,17,32,408,13056
201405181959773,MEGA,17,17,32,408,13056
201405181959702,MEGA,7,39,32,410,13120
201405181959698,MEGA,7,8,32,410,13120
201405181959511,MEGA,6,36,32,401,12832
201405181959444,MEGA,41,41,30,402,12060
201405181959428,MEGA,46,52,32,400,12800
201405181959426,MEGA,40,52,32,401,12832
201405181959423,MEGA,34,52,32,401,12832
201405181959559,MEGA,4,36,32,400,12800
201405181959556,MEGA,4,36,32,400,12800
201405181959550,MEGA,50,36,32,400,12800
201405181959540,MEGA,29,36,32,400,12800
201405181959523,MEGA,50,36,32,400,12800
201405181959512,MEGA,46,36,32,400,12800
201405181959642,MEGA,4,36,32,400,12800
201405181959640,MEGA,7,22,32,408,13056
201405181959637,MEGA,29,36,32,400,12800
201405181959631,MEGA,40,36,32,400,12800
201405181959628,MEGA,7,29,32,405,12960
201405181959625,MEGA,7,58,16,407,6512
201405181959686,MEGA,7,8,32,410,13120
201405181959685,MEGA,7,8,32,410,13120
201405181959681,MEGA,7,8,32,410,13120
201405181959671,MEGA,7,29,32,408,13056
201405181959647,MEGA,4,36,32,400,12800
201405181959643,MEGA,7,11,28,408,11424
201405181959802,NABIL,26,6,36,1945,70020
201405181959798,NABIL,37,49,12,1941,23292
201405181959782,NABIL,26,57,57,1942,110694
201405181959771,NABIL,37,49,100,1950,195000
201405181959852,NABILP,54,39,50,1400,70000
201405181959851,NABILP,54,7,100,1400,140000
201405181959832,NABILP,28,25,125,1390,173750
201405181959820,NABILP,35,43,625,1390,868750
201405181959804,NABILP,39,39,100,1402,140200
201405181959799,NABILP,39,39,100,1402,140200
201405181959503,NABILP,28,45,100,1390,139000
201405181959897,NBB,14,32,105,652,68460
201405181959801,NBB,54,55,260,651,169260
201405181959795,NBB,54,6,525,651,341775
201405181959750,NBB,20,20,150,650,97500
201405181959749,NBB,14,20,300,650,195000
201405181959748,NBB,35,20,300,650,195000
201405181959380,NBB,53,43,200,650,130000
201405181959379,NBB,53,6,290,650,188500
201405181959364,NBB,45,43,85,650,55250
201405181959542,NBB,14,34,290,650,188500
201405181959535,NBB,14,52,213,650,138450
201405181959530,NBB,14,52,213,650,138450
201405181959397,NBB,53,25,200,650,130000
201405181959396,NBB,14,25,200,650,130000
201405181959381,NBB,14,52,300,650,195000
201405181959605,NBB,14,45,250,650,162500
201405181959565,NBB,35,8,1250,650,812500
201405181959563,NBB,35,1,700,650,455000
201405181959557,NBB,14,20,550,650,357500
201405181959547,NBB,14,19,200,650,130000
201405181959543,NBB,14,36,198,650,128700
201405181959747,NBB,14,20,20,650,13000
201405181959746,NBB,14,20,50,650,32500
201405181959719,NBB,59,34,1000,650,650000
201405181959633,NBB,14,22,130,650,84500
201405181959626,NBB,32,22,500,650,325000
201405181959621,NBB,14,37,300,650,195000
201405181959745,NBF1,43,17,539,12,6549
201405181959694,NBF1,17,40,300,12,3630
201405181959680,NBF1,17,53,46891,12,572070
201405181959498,NBF1,4,55,2997,12,36324
201405181959440,NBF1,47,47,1498,12,18171
201405181959899,NBL,50,49,451,314,141614
201405181959743,NBL,17,11,1000,315,315000
201405181959670,NBL,57,28,1000,315,315000
201405181959665,NBL,39,28,1000,315,315000
201405181959663,NBL,55,28,500,316,158000
201405181959658,NBL,1,28,500,317,158500
201405181959587,NBL,20,6,2000,317,634000
201405181959534,NBL,26,22,20,323,6460
201405181959525,NBL,26,14,20,323,6460
201405181959497,NBL,32,45,283,319,90277
201405181959873,NCCB,8,43,220,440,96800
201405181959835,NCCB,32,25,1159,440,509960
201405181959834,NCCB,32,8,210,440,92400
201405181959620,NCCB,18,8,580,440,255200
201405181959619,NCCB,46,8,10,440,4400
201405181959618,NCCB,32,8,10,441,4410
201405181959526,NCCB,16,25,1000,440,440000
201405181959495,NCCB,36,19,155,440,68200
201405181959482,NCCB,7,40,105,441,46305
201405181959451,NCCB,46,7,490,440,215600
201405181959818,NCM,4,40,107,176,18832
201405181959831,NHPC,33,33,10000,175,1750000
201405181959791,NHPC,50,25,1000,177,177000
201405181959687,NHPC,28,18,240,180,43200
201405181959531,NHPC,28,6,100,180,18000
201405181959485,NHPC,17,25,1000,177,177000
201405181959481,NHPC,41,25,1000,177,177000
201405181959471,NHPC,8,25,2000,177,354000
201405181959461,NHPC,8,54,1000,178,178000
201405181959411,NHPC,41,54,1000,179,179000
201405181959904,NIB,53,22,200,860,172000
201405181959871,NIB,47,22,150,857,128550
201405181959807,NIB,49,6,24,858,20592
201405181959375,NIB,52,50,58,861,49938
201405181959896,NICA,21,21,391,751,293641
201405181959682,NICA,13,41,350,750,262500
201405181959653,NICA,26,39,60,760,45600
201405181959650,NICA,26,52,25,759,18975
201405181959630,NICA,50,5,40,755,30200
201405181959567,NICA,29,21,38,757,28766
201405181959562,NICA,29,6,46,757,34822
201405181959420,NICA,20,36,22,756,16632
201405181959386,NICA,20,6,100,756,75600
201405181959377,NICA,20,57,90,756,68040
201405181959783,NLIC,43,6,200,3714,742800
201405181959756,NLIC,43,37,100,3789,378900
201405181959572,NLICL,5,32,50,3041,152050
201405181959529,NLICL,5,32,100,3041,304100
201405181959455,NLICL,28,49,2800,3000,8400000
201405181959448,NLICL,45,33,170,3030,515100
201405181959437,NLICL,41,33,500,3010,1505000
201405181959417,NLICL,17,33,100,3030,303000
201405181959391,NLICL,28,14,627,3000,1881000
201405181959388,NLICL,41,14,500,3011,1505500
201405181959772,NMB,36,53,500,408,204000
201405181959765,NMB,33,53,500,409,204500
201405181959759,NMB,36,53,500,410,205000
201405181959728,NMB,46,22,58,414,24012
201405181959691,NMB,36,49,214,413,88382
201405181959582,NMB,41,41,381,412,156972
201405181959424,NMB,25,6,1492,414,617688
201405181959416,NMB,25,14,94,413,38822
201405181959814,NUBL,36,14,469,1101,516369
201405181959752,NUBL,36,28,611,1105,675155
201405181959421,OHL,59,29,10,732,7320
201405181959780,PADBL,55,17,20,380,7600
201405181959744,PADBL,58,14,200,379,75800
201405181959740,PADBL,58,25,268,379,101572
201405181959721,PADBL,58,59,71,378,26838
201405181959434,PADBL,58,32,200,378,75600
201405181959634,PDB,53,1,10,123,1230
201405181959705,PDBL,47,32,1000,154,154000
201405181959833,PFCL,53,1,272,137,37264
201405181959707,PFCL,52,1,34,138,4692
201405181959579,PFCL,53,7,200,137,27400
201405181959387,PLIC,14,45,27,850,22950
201405181959478,RMDC,16,14,250,827,206750
201405181959477,RMDC,22,14,500,828,414000
201405181959476,RMDC,22,14,100,828,82800
201405181959475,RMDC,11,14,150,830,124500
201405181959474,RMDC,47,14,200,831,166200
201405181959473,RMDC,53,14,100,832,83200
201405181959720,SANIMA,8,8,2000,471,942000
201405181959501,SANIMA,18,57,31,477,14787
201405181959879,SBBLJ,45,32,122,511,62342
201405181959868,SBBLJ,16,26,500,504,252000
201405181959845,SBI,17,6,101,1013,102313
201405181959794,SBI,25,6,393,1013,398109
201405181959541,SBI,25,25,85,1020,86700
201405181959689,SBL,50,17,112,629,70448
201405181959607,SBL,57,4,50,632,31600
201405181959588,SBL,50,11,67,631,42277
201405181959574,SBL,50,21,60,630,37800
201405181959537,SBL,7,46,510,629,320790
201405181959390,SBL,28,22,100,628,62800
201405181959723,SCB,36,17,55,1800,99000
201405181959703,SCB,13,13,27,1801,48627
201405181959678,SCB,25,25,58,1801,104458
201405181959672,SCB,36,53,20,1800,36000
201405181959667,SCB,36,45,20,1800,36000
201405181959460,SCB,36,51,51,1800,91800
201405181959374,SCB,22,25,62,1800,111600
201405181959699,SEWA,14,45,80,311,24880
201405181959695,SEWA,58,45,400,309,123600
201405181959464,SEWA,58,26,200,310,62000
201405181959911,SHPC,41,26,18,642,11556
201405181959910,SHPC,41,26,18,642,11556
201405181959888,SHPC,25,28,18,641,11538
201405181959884,SHPC,25,26,18,642,11556
201405181959874,SHPC,41,28,18,640,11520
201405181959872,SHPC,25,26,18,642,11556
201405181959632,SHPC,26,32,10,649,6490
201405181959627,SHPC,26,33,12,649,7788
201405181959554,SHPC,1,26,45,650,29250
201405181959545,SHPC,1,33,12,649,7788
201405181959536,SHPC,1,21,18,648,11664
201405181959363,SHPC,41,21,18,647,11646
201405181959870,SHPC,21,28,18,641,11538
201405181959859,SHPC,25,26,18,642,11556
201405181959815,SHPC,25,26,18,642,11556
201405181959770,SHPC,25,26,18,645,11610
201405181959757,SHPC,26,26,18,642,11556
201405181959753,SHPC,22,26,89,642,57138
201405181959905,SIC,32,51,37,1327,49099
201405181959898,SIC,32,39,100,1327,132700
201405181959891,SIC,58,39,100,1330,133000
201405181959887,SIC,58,39,200,1330,266000
201405181959768,SIC,7,33,12,1330,15960
201405181959656,SIC,19,36,50,1330,66500
201405181959615,SIC,33,36,200,1327,265400
201405181959570,SIC,19,57,105,1330,139650
201405181959480,SIC,14,21,500,1325,662500
201405181959453,SIC,14,58,139,1335,185565
201405181959883,SIL,36,22,45,601,27045
201405181959878,SIL,36,32,305,600,183000
201405181959877,SIL,36,17,160,600,96000
201405181959875,SIL,36,50,29,600,17400
201405181959854,SIL,43,43,153,599,91647
201405181959853,SIL,43,4,77,595,45815
201405181959418,SIL,16,45,106,593,62858
201405181959415,SIL,1,8,13,594,7722
201405181959452,SIL,36,8,13,590,7670
201405181959441,SIL,36,8,13,590,7670
201405181959436,SIL,36,8,13,590,7670
201405181959432,SIL,55,40,13,592,7696
201405181959430,SIL,16,8,13,591,7683
201405181959425,SIL,41,8,13,592,7696
201405181959836,SIL,43,8,13,590,7670
201405181959817,SIL,8,8,13,590,7670
201405181959812,SIL,8,8,13,590,7670
201405181959809,SIL,8,8,13,590,7670
201405181959805,SIL,8,8,13,590,7670
201405181959738,SIL,45,8,13,590,7670
201405181959849,SIL,43,40,13,590,7670
201405181959848,SIL,43,40,13,590,7670
201405181959846,SIL,43,8,13,590,7670
201405181959839,SIL,43,8,13,590,7670
201405181959838,SIL,43,8,13,590,7670
201405181959837,SIL,43,8,13,590,7670
201405181959895,SKBBL,6,7,19,1271,24149
201405181959860,SKBBL,21,14,80,1275,102000
201405181959755,SKBBL,49,28,122,1260,153720
201405181959713,SKBBL,39,28,100,1255,125500
201405181959712,SKBBL,17,28,50,1255,62750
201405181959711,SKBBL,6,28,50,1256,62800
201405181959399,SKBBL,17,52,19,1275,24225
201405181959710,SKBBL,46,28,100,1261,126100
201405181959709,SKBBL,13,28,210,1262,265020
201405181959708,SKBBL,26,28,200,1265,253000
201405181959409,SKBBL,50,52,19,1265,24035
201405181959406,SKBBL,14,52,19,1265,24035
201405181959404,SKBBL,13,52,19,1270,24130
201405181959778,SLICL,58,51,42,575,24150
201405181959726,SLICL,50,39,500,570,285000
201405181959714,SLICL,50,17,90,575,51750
201405181959696,SLICL,22,39,1000,572,572000
201405181959660,SLICL,21,16,30,575,17250
201405181959645,SLICL,21,16,30,575,17250
201405181959484,SLICL,58,16,30,582,17460
201405181959472,SLICL,58,16,30,582,17460
201405181959456,SLICL,58,16,30,582,17460
201405181959450,SLICL,21,17,500,580,290000
201405181959641,SLICL,21,16,30,575,17250
201405181959629,SLICL,21,16,30,575,17250
201405181959623,SLICL,21,16,30,575,17250
201405181959617,SLICL,21,16,30,575,17250
201405181959521,SLICL,41,17,84,580,48720
201405181959499,SLICL,50,17,161,580,93380
201405181959909,SUPRME,18,50,448,121,54208
201405181959881,SUPRME,43,52,384,119,45696
201405181959766,SUPRME,16,50,500,120,60000
201405181959725,SUPRME,16,40,500,120,60000
201405181959571,SUPRME,16,40,1000,120,120000
201405181959462,SUPRME,22,47,260,120,31200
201405181959438,SWBBL,19,45,100,1359,135900
201405181959508,SYFL,14,22,500,89,44500
201405181959506,SYFL,40,22,300,90,27000
201405181959539,TRH,18,19,20,314,6280
201405181959457,TRH,18,1,10,314,3140
201405181959400,TRH,18,29,10,314,3140
201405181959524,UFIL,17,29,100,135,13500
201405181959800,UIC,1,55,404,712,287648
201405181959580,UIC,7,11,29,714,20706
201405181959573,UIC,33,45,92,710,65320
201405181959522,UIC,33,11,60,710,42600
201405181959810,VBBL,45,47,40,115,4600
201405181959764,VBBL,45,32,20,117,2340
201405181959763,VBBL,45,32,20,117,2340
201405181959762,VBBL,45,32,50,117,5850
201405181959669,WDBL,13,5,12,182,2184
201405181958911,ACEDBL,45,19,175,233,40775
201405181958876,ACEDBL,59,6,400,233,93200
201405181959299,ADBL,6,26,70,438,30660
201405181959298,ADBL,6,26,70,438,30660
201405181958859,ADBL,41,14,41,440,18040
201405181958978,ADBL,49,47,40,434,17360
201405181958974,ADBL,6,47,150,433,64950
201405181958952,ADBL,36,49,41,434,17794
201405181958889,ADBL,6,47,40,433,17320
201405181958875,ADBL,18,47,50,433,21650
201405181959051,ADBL,50,19,40,435,17400
201405181959181,ADBL,6,57,40,440,17600
201405181959166,ADBL,5,14,73,437,31901
201405181959182,ADBL,6,57,40,442,17680
201405181959359,AIC,33,32,200,650,130000
201405181958968,AIC,17,32,100,665,66500
201405181958961,AIC,1,32,50,678,33900
201405181958960,AIC,1,6,50,678,33900
201405181958973,AIC,33,32,200,660,132000
201405181959129,ALDBL,4,26,70,212,14840
201405181959122,ALDBL,4,26,20,212,4240
201405181959119,ALDBL,4,26,10,212,2120
201405181959052,ALDBL,4,57,10,212,2120
201405181958897,ALDBL,45,45,300,215,64500
201405181959348,ALICL,5,54,189,958,181062
201405181959329,ALICL,17,51,84,960,80640
201405181959290,ALICL,8,54,1000,957,957000
201405181959101,ALICL,34,32,70,965,67550
201405181959094,ALICL,34,32,70,965,67550
201405181959085,ALICL,34,32,70,965,67550
201405181959083,ALICL,34,32,70,965,67550
201405181959039,ALICL,34,32,70,965,67550
201405181959034,ALICL,14,36,15,960,14400
201405181959024,ALICL,20,36,15,961,14415
201405181959021,ALICL,34,36,15,965,14475
201405181958951,ALICL,20,28,200,961,192200
201405181959325,APEX,1,39,104,118,12272
201405181959317,APEX,1,39,104,118,12272
201405181959305,APEX,1,39,104,118,12272
201405181958863,APEX,46,39,104,122,12688
201405181958853,APEX,25,39,301,120,36120
201405181958910,APEX,25,39,104,120,12480
201405181959068,APEX,25,17,50,118,5900
201405181959065,APEX,25,17,50,118,5900
201405181959063,APEX,25,17,50,118,5900
201405181959062,APEX,25,17,50,118,5900
201405181959043,APEX,25,39,104,120,12480
201405181959255,APEX,25,39,104,116,12064
201405181959254,APEX,41,39,104,118,12272
201405181959252,APEX,25,39,104,118,12272
201405181959293,ARDBL,51,20,500,144,72000
201405181959050,BBBL,5,1,44,309,13596
201405181959032,BBBL,5,1,49,309,15141
201405181959106,BSBL,33,14,500,258,129000
201405181959115,BUDBL,6,45,500,155,77500
201405181959088,CBBL,53,54,145,956,138620
201405181959082,CBBL,53,54,175,955,167125
201405181959074,CBBL,53,54,170,954,162180
201405181959360,CBL,32,39,41,253,10373
201405181959356,CBL,20,46,81,254,20574
201405181959339,CBL,19,57,102,253,25806
201405181959324,CBL,20,19,81,253,20493
201405181959311,CBL,47,36,61,253,15433
201405181958882,CBL,16,40,71,254,18034
201405181958872,CBL,33,40,142,254,36068
201405181958856,CBL,47,11,410,253,103730
201405181958918,CBL,45,47,84,254,21336
201405181958908,CBL,5,47,57,254,14478
201405181958906,CBL,11,29,500,253,126500
201405181958903,CBL,55,46,135,253,34155
201405181958902,CBL,39,45,81,253,20493
201405181958895,CBL,25,46,917,254,232918
201405181958967,CBL,19,29,57,254,14478
201405181958953,CBL,5,21,81,254,20574
201405181958921,CBL,45,5,135,254,34290
201405181959134,CBL,25,54,109,253,27577
201405181959130,CBL,47,13,915,253,231495
201405181959120,CBL,5,7,53,254,13462
201405181959110,CBL,19,54,100,254,25400
201405181959008,CBL,5,47,135,254,34290
201405181959186,CBL,13,25,357,252,89964
201405181959185,CBL,41,19,81,255,20655
201405181959178,CBL,34,14,168,253,42504
201405181959169,CBL,40,39,300,252,75600
201405181959165,CBL,1,7,27,254,6858
201405181959147,CBL,19,7,26,254,6604
201405181959303,CBL,5,17,100,254,25400
201405181959270,CBL,55,57,112,255,28560
201405181959251,CBL,58,40,100,255,25500
201405181959206,CBL,51,47,629,252,158508
201405181959202,CBL,19,22,500,252,126000
201405181959199,CBL,50,11,54,253,13662
201405181959211,CDBL,16,16,23,365,8395
201405181959271,CEDBL,45,43,204,230,46920
201405181959353,CHCL,21,33,31,1946,60326
201405181959350,CHCL,21,14,44,1949,85756
201405181959341,CHCL,55,45,11,1947,21417
201405181959307,CHCL,14,50,520,1945,1011400
201405181959306,CHCL,7,1,1009,1940,1957460
201405181959256,CHCL,41,41,23,1941,44643
201405181958868,CHCL,22,41,47,1940,91180
201405181958975,CHCL,16,36,104,1941,201864
201405181958963,CHCL,21,45,145,1935,280575
201405181958942,CHCL,16,26,11,1940,21340
201405181958925,CHCL,21,17,63,1940,122220
201405181958900,CHCL,55,17,114,1940,221160
201405181958887,CHCL,55,46,75,1935,145125
201405181959240,CHCL,28,50,480,1940,931200
201405181959229,CHCL,19,26,38,1944,73872
201405181959172,CHCL,19,5,80,1940,155200
201405181959016,CHCL,14,25,108,1948,210384
201405181959015,CHCL,14,36,160,1942,310720
201405181958993,CHCL,32,36,109,1941,211569
201405181959268,CORBL,32,49,30,100,3000
201405181959259,CZBIL,7,1,100,437,43700
201405181959253,CZBIL,7,36,21,436,9156
201405181959243,CZBIL,18,6,200,433,86600
201405181959033,CZBIL,50,36,21,436,9156
201405181959027,CZBIL,50,36,21,436,9156
201405181958899,CZBIL,58,19,84,438,36792
201405181959014,CZBIL,6,54,399,439,175161
201405181958986,CZBIL,16,16,500,438,219000
201405181958970,CZBIL,22,22,168,438,73584
201405181958924,CZBIL,49,49,42,439,18438
201405181958922,CZBIL,49,49,84,439,36876
201405181959261,DDBL,55,45,551,1015,559265
201405181959238,DDBL,5,49,91,1030,93730
201405181958997,DDBL,43,6,50,1018,50900
201405181958878,DDBL,55,6,200,1001,200200
201405181958877,DDBL,55,45,100,1000,100000
201405181959266,EBL,26,45,123,2230,274290
201405181959250,EBL,26,45,145,2230,323350
201405181958894,EBL,26,46,86,2225,191350
201405181959180,EDBL,26,43,10,592,5920
201405181959179,EDBL,26,43,50,590,29500
201405181959126,EDBL,45,50,75,581,43575
201405181958944,EFL,14,14,500,166,83000
201405181959361,GBBL,55,43,1000,285,285000
201405181959352,GBBL,37,37,523,284,148532
201405181959217,GBBL,53,16,22,280,6160
201405181959322,GBIME,6,53,42,599,25158
201405181959291,GBIME,32,4,18,603,10854
201405181959284,GBIME,8,14,19,599,11381
201405181959249,GBIME,13,53,197,597,117609
201405181959247,GBIME,13,58,70,597,41790
201405181959232,GBIME,50,14,372,595,221340
201405181958898,GBIME,11,17,113,601,67913
201405181958890,GBIME,50,29,250,600,150000
201405181958873,GBIME,39,16,500,600,300000
201405181958959,GBIME,14,13,35,600,21000
201405181958954,GBIME,25,13,35,600,21000
201405181958939,GBIME,19,13,35,601,21035
201405181958927,GBIME,4,13,96,601,57696
201405181958919,GBIME,7,17,100,600,60000
201405181958909,GBIME,57,16,500,600,300000
201405181959002,GBIME,50,16,500,600,300000
201405181959001,GBIME,50,16,500,600,300000
201405181958988,GBIME,11,11,70,605,42350
201405181958981,GBIME,6,46,116,600,69600
201405181958972,GBIME,59,17,165,600,99000
201405181958971,GBIME,46,13,35,600,21000
201405181959061,GBIME,59,14,40,600,24000
201405181959048,GBIME,46,14,270,600,162000
201405181959017,GBIME,14,14,100,600,60000
201405181959013,GBIME,45,55,345,599,206655
201405181959011,GBIME,51,14,100,600,60000
201405181959010,GBIME,29,14,100,600,60000
201405181959219,GBIME,13,14,50,600,30000
201405181959164,GBIME,41,14,100,600,60000
201405181959144,GBIME,6,14,100,600,60000
201405181959113,GBIME,14,26,227,598,135746
201405181959099,GBIME,50,58,207,599,123993
201405181959069,GBIME,59,14,40,600,24000
201405181959319,GDBL,58,11,10,220,2200
201405181959121,GDBL,57,19,440,216,95040
201405181959175,GLICL,41,49,14,568,7952
201405181959095,GLICL,18,49,14,566,7924
201405181958956,GLICL,28,41,197,565,111305
201405181959192,GRAND,26,45,97,265,25705
201405181958962,GRAND,8,19,161,270,43470
201405181958950,HAMA,29,47,50,117,5850
201405181958949,HAMA,29,47,50,117,5850
201405181958948,HAMA,29,47,50,117,5850
201405181958947,HAMA,29,47,50,117,5850
201405181958946,HAMA,29,47,50,117,5850
201405181958934,HAMA,26,57,90,116,10440
201405181959150,HBL,49,17,163,850,138550
201405181959312,HGI,40,40,237,460,109020
201405181959310,IDBL,28,8,1000,129,129000
201405181959309,IDBL,33,8,400,129,51600
201405181959308,IDBL,41,8,200,130,26000
201405181959296,IDBL,28,8,500,132,66000
201405181958907,IDBL,33,7,111,131,14541
201405181959263,JBBL,36,26,1040,150,156000
201405181959230,JBBL,41,47,50,151,7550
201405181959216,JBBL,39,25,90,151,13590
201405181959215,JBBL,39,36,30,151,4530
201405181959214,JBBL,39,1,1800,150,270000
201405181959204,JBBL,36,55,1720,149,256280
201405181959153,JBBL,39,57,1000,150,150000
201405181959104,JBBL,36,26,470,149,70030
201405181959081,JBBL,49,29,190,148,28120
201405181959080,JBBL,49,57,270,148,39960
201405181959044,JBBL,13,36,30,148,4440
201405181959029,JBBL,13,36,30,148,4440
201405181959112,KBBL,22,43,10,383,3830
201405181958869,KBBL,22,43,412,376,154912
201405181959315,KDBL,41,25,426,105,44730
201405181959194,KDBL,13,25,41,104,4264
201405181959187,KDBL,13,39,62,103,6386
201405181959176,KDBL,13,41,42,102,4284
201405181959173,KDBL,13,41,42,102,4284
201405181959286,KMCDB,18,36,10,726,7260
201405181959145,KMCDB,40,59,10,730,7300
201405181959136,KMCDB,40,59,10,730,7300
201405181959128,KMCDB,26,59,10,730,7300
201405181959118,KMCDB,7,59,33,735,24255
201405181959274,KMCDB,40,36,10,730,7300
201405181959273,KMCDB,40,36,10,730,7300
201405181959285,KMCDB,40,36,10,730,7300
201405181959283,KMCDB,40,36,10,730,7300
201405181959282,KMCDB,40,36,10,730,7300
201405181959281,KMCDB,40,36,10,730,7300
201405181959280,KMCDB,40,36,10,730,7300
201405181959277,KMCDB,40,36,10,730,7300
201405181958861,KRBL,22,32,200,113,22600
201405181958860,KRBL,47,32,80,113,9040
201405181958892,LBL,51,36,42,480,20160
201405181959320,LICN,17,45,90,3470,312300
201405181959316,LICN,22,45,500,3460,1730000
201405181959142,LICN,22,45,150,3470,520500
201405181958996,LICN,41,19,21,3500,73500
201405181958920,MBL,53,36,258,478,123324
201405181958867,MBL,45,32,274,478,130972
201405181959275,MEGA,29,47,10,402,4020
201405181959198,MEGA,6,52,32,403,12896
201405181959193,MEGA,6,52,32,403,12896
201405181959116,MEGA,1,52,32,403,12896
201405181959105,MEGA,26,52,32,403,12896
201405181959103,MEGA,1,26,200,405,81000
201405181958945,MEGA,6,36,32,402,12864
201405181958937,MEGA,26,49,13,402,5226
201405181958931,MEGA,19,36,32,402,12864
201405181958874,MEGA,5,25,32,405,12960
201405181958870,MEGA,5,39,22,404,8888
201405181958865,MEGA,5,16,31,404,12524
201405181959102,MEGA,1,52,32,403,12896
201405181959098,MEGA,26,52,32,403,12896
201405181959092,MEGA,1,52,32,403,12896
201405181959042,MEGA,53,36,25,400,10000
201405181959041,MEGA,6,36,25,403,10075
201405181959035,MEGA,25,25,32,404,12928
201405181959344,MNBBL,19,58,100,535,53500
201405181959343,MNBBL,19,14,20,535,10700
201405181959246,MNBBL,58,51,16,527,8432
201405181959114,MNBBL,21,17,90,525,47250
201405181959111,MNBBL,21,45,31,525,16275
201405181959097,MNBBL,19,50,44,520,22880
201405181958880,MNBBL,26,33,18,516,9288
201405181959269,NABIL,22,45,99,1950,193050
201405181959236,NABIL,26,49,500,1945,972500
201405181959235,NABIL,50,49,150,1950,292500
201405181959234,NABIL,17,49,50,1950,97500
201405181959233,NABIL,4,49,50,1955,97750
201405181959107,NABIL,58,45,167,1965,328155
201405181958905,NABILP,28,6,200,1390,278000
201405181959331,NBB,28,52,100,650,65000
201405181959330,NBB,7,52,100,652,65200
201405181959318,NBB,34,45,200,650,130000
201405181959302,NBB,28,13,115,649,74635
201405181959295,NBB,54,45,600,646,387600
201405181959294,NBB,57,45,600,647,388200
201405181959053,NBB,37,14,75,648,48600
201405181959031,NBB,32,32,150,648,97200
201405181958957,NBB,16,41,335,648,217080
201405181958904,NBB,55,20,145,648,93960
201405181958855,NBB,28,20,350,650,227500
201405181959244,NBB,13,17,150,649,97350
201405181959239,NBB,57,55,300,650,195000
201405181959201,NBB,13,8,960,647,621120
201405181959135,NBB,14,34,500,650,325000
201405181959109,NBB,14,1,500,650,325000
201405181959108,NBB,41,16,75,650,48750
201405181959241,NBF1,49,49,30449,12,373000
201405181959132,NBF1,49,11,50000,12,615000
201405181959125,NBF1,49,29,4575,12,56044
201405181959124,NBF1,49,29,22874,12,280207
201405181959123,NBF1,49,29,5000,12,61250
201405181958938,NBF1,17,16,1498,12,18201
201405181958936,NBF1,17,16,1498,12,18201
201405181959327,NCCB,32,21,490,441,216090
201405181959326,NCCB,32,34,1000,441,441000
201405181959297,NCCB,49,7,1000,440,440000
201405181959287,NCCB,13,7,1000,440,440000
201405181959264,NCCB,25,6,200,440,88000
201405181959226,NCCB,8,5,105,442,46410
201405181959004,NCCB,36,55,250,440,110000
201405181959003,NCCB,36,34,315,440,138600
201405181958982,NCCB,25,7,1860,439,816540
201405181958958,NCCB,49,7,200,440,88000
201405181958858,NCCB,33,6,1000,439,439000
201405181959225,NCCB,8,17,50,442,22100
201405181959210,NCCB,8,55,427,442,188734
201405181959209,NCCB,8,55,200,442,88400
201405181959205,NCCB,18,29,220,440,96800
201405181959191,NCCB,18,34,200,440,88000
201405181959022,NCCB,36,36,210,440,92400
201405181959203,NHPC,5,13,100,182,18200
201405181959146,NHPC,17,32,500,180,90000
201405181959143,NHPC,54,32,500,180,90000
201405181958896,NHPC,43,19,570,180,102600
201405181959200,NIB,28,17,115,860,98900
201405181959149,NIB,28,22,274,860,235640
201405181959207,NICA,36,36,500,760,380000
201405181959195,NICA,20,39,89,760,67640
201405181959162,NICA,36,36,1000,755,755000
201405181959141,NICA,28,11,11,765,8415
201405181959140,NICA,28,21,300,760,228000
201405181959139,NICA,28,57,30,760,22800
201405181958854,NICA,51,25,20,760,15200
201405181959133,NICA,28,25,83,759,62997
201405181959038,NICA,40,57,80,753,60240
201405181958980,NICA,29,19,200,759,151800
201405181958935,NICA,28,32,116,755,87580
201405181958901,NICA,20,22,25,755,18875
201405181958879,NICA,25,25,157,756,118692
201405181959349,NLIC,6,6,10,3865,38650
201405181959157,NLIC,43,45,200,3790,758000
201405181959138,NLICL,28,33,50,3040,152000
201405181959093,NLICL,28,33,100,3030,303000
201405181959090,NLICL,28,33,100,3030,303000
201405181959075,NLICL,53,33,300,3030,909000
201405181959064,NLICL,49,49,400,3031,1212400
201405181959055,NLICL,21,32,100,3043,304300
201405181959054,NLICL,28,32,20,3045,60900
201405181959047,NLICL,17,33,150,3041,456150
201405181958941,NLICL,21,58,100,3050,305000
201405181958940,NLICL,32,58,20,3050,61000
201405181958933,NLICL,17,14,440,3000,1320000
201405181958881,NLICL,22,58,50,3055,152750
201405181959245,NMB,33,53,500,412,206000
201405181959222,NMB,50,50,158,412,65096
201405181958955,NMB,33,29,300,412,123600
201405181958965,NNLB,52,36,10,905,9050
201405181958964,NNLB,52,36,10,905,9050
201405181959248,OHL,59,52,70,732,51240
201405181959163,OHL,18,18,100,733,73300
201405181958883,OHL,18,57,20,740,14800
201405181959347,PCBL,14,1,100,473,47300
201405181959167,PCBL,18,16,200,472,94400
201405181959018,PCBL,4,36,25,475,11875
201405181958930,PCBL,22,43,21,474,9954
201405181958886,PCBL,49,17,12,476,5712
201405181958885,PCBL,49,17,24,476,11424
201405181958884,PCBL,49,32,33,475,15675
201405181959346,PDB,53,19,50,123,6150
201405181959170,PDB,53,20,10,125,1250
201405181959009,PDB,26,20,20,127,2540
201405181959006,PDB,19,20,100,129,12900
201405181959005,PDB,21,20,200,129,25800
201405181958991,PDB,50,20,10,130,1300
201405181958990,PDB,53,20,370,130,48100
201405181958928,PDB,53,41,30,130,3900
201405181958943,PFCL,52,55,220,138,30360
201405181959342,PLIC,7,52,40,860,34400
201405181959265,PLIC,45,45,300,855,256500
201405181959161,PLIC,13,55,81,855,69255
201405181958851,PLIC,52,45,500,836,418000
201405181958969,PLIC,14,28,171,852,145692
201405181959184,PRDBL,17,1,20,129,2580
201405181958966,PURBL,14,8,500,306,153000
201405181959314,RDBL,26,26,376,219,82344
201405181959276,RDBL,14,26,294,219,64386
201405181959197,RMDC,53,14,76,832,63232
201405181959154,RMDC,26,52,33,836,27588
201405181958852,RMDC,21,21,33,835,27555
201405181959267,SANIMA,41,8,500,473,236500
201405181959137,SANIMA,49,46,50,477,23850
201405181959127,SANIMA,25,8,1000,472,472000
201405181958891,SANIMA,22,26,26,477,12402
201405181958871,SANIMA,55,58,500,475,237500
201405181959025,SBBLJ,52,26,174,495,86130
201405181959337,SBI,46,13,200,1030,206000
201405181959228,SBI,17,59,43,1020,43860
201405181958866,SBI,17,1,972,1010,981720
201405181959336,SBL,26,22,608,630,383040
201405181959333,SBL,26,37,63,630,39690
201405181959272,SBL,41,25,480,630,302400
201405181959020,SBL,50,25,200,630,126000
201405181959019,SBL,50,13,260,630,163800
201405181959196,SCB,21,39,35,1800,63000
201405181959171,SCB,13,6,167,1798,300266
201405181959160,SCB,14,6,50,1805,90250
201405181959158,SCB,28,51,399,1797,717003
201405181959066,SDBL,19,41,540,142,76680
201405181959060,SDBL,19,41,108,142,15336
201405181959358,SEWA,54,26,400,309,123600
201405181959357,SEWA,16,26,400,310,124000
201405181959351,SEWA,54,26,200,311,62200
201405181959152,SEWA,36,36,560,311,174160
201405181959049,SEWA,25,26,129,311,40119
201405181958999,SEWA,14,1,200,315,63000
201405181958979,SEWA,43,43,131,312,40872
201405181958857,SEWA,43,43,300,312,93600
201405181959354,SHL,45,51,200,547,109400
201405181959262,SHL,28,49,4500,545,2452500
201405181959231,SHL,45,22,477,547,260919
201405181958995,SHL,28,49,1500,545,817500
201405181958994,SHL,28,49,15000,545,8175000
201405181958985,SHL,28,33,347,544,188768
201405181958984,SHL,45,13,100,550,55000
201405181958983,SHL,17,13,100,551,55100
201405181958976,SHL,28,22,613,543,332859
201405181959334,SHPC,5,5,18,649,11682
201405181959289,SHPC,5,5,18,649,11682
201405181959159,SHPC,41,7,18,647,11646
201405181959117,SHPC,5,5,18,650,11700
201405181959045,SHPC,49,5,18,649,11682
201405181958992,SHPC,49,34,970,649,629530
201405181958913,SHPC,51,20,18,650,11700
201405181958912,SHPC,51,20,18,650,11700
201405181958932,SHPC,51,34,119,650,77350
201405181958926,SHPC,51,43,90,650,58500
201405181958917,SHPC,51,52,10,650,6500
201405181958916,SHPC,51,52,10,650,6500
201405181958915,SHPC,51,52,10,650,6500
201405181958914,SHPC,51,52,10,650,6500
201405181959323,SIC,14,55,200,1340,268000
201405181958862,SIC,45,8,200,1325,265000
201405181958850,SIC,14,17,20,1310,26200
201405181959278,SIL,16,40,13,591,7683
201405181959258,SIL,36,40,13,592,7696
201405181959237,SIL,36,40,13,590,7670
201405181959227,SIL,36,40,13,590,7670
201405181959218,SIL,16,40,13,591,7683
201405181959208,SIL,50,40,13,595,7735
201405181959073,SIL,36,40,13,590,7670
201405181959058,SIL,36,40,13,590,7670
201405181958987,SIL,16,40,13,591,7683
201405181959300,SKBBL,13,14,165,1272,209880
201405181959292,SKBBL,53,14,19,1284,24396
201405181959242,SKBBL,53,14,80,1284,102720
201405181959189,SKBBL,11,52,19,1285,24415
201405181959174,SKBBL,11,52,19,1285,24415
201405181959151,SKBBL,14,14,16,1280,20480
201405181959059,SKBBL,6,14,500,1280,640000
201405181959000,SKBBL,6,6,16,1280,20480
201405181959089,SLBBL,14,18,100,1157,115700
201405181958864,SLICL,58,19,90,582,52380
201405181959190,SRBL,58,57,52,390,20280
201405181959183,SRBL,58,57,97,390,37830
201405181959079,SRBL,47,29,16,395,6320
201405181959257,SUPRME,36,40,2000,120,240000
201405181959188,SUPRME,13,40,30,122,3660
201405181959086,SUPRME,13,57,10,122,1220
201405181959078,SUPRME,13,17,10,122,1220
201405181959072,SUPRME,13,17,10,122,1220
201405181959071,SUPRME,13,17,10,122,1220
201405181959056,SUPRME,13,17,50,122,6100
201405181959026,SUPRME,13,36,10,122,1220
201405181959148,SWBBL,26,32,35,1375,48125
201405181958929,SWBBL,13,29,74,1350,99900
201405181958923,SWBBL,13,18,17,1345,22865
201405181958888,SWBBL,19,45,100,1345,134500
201405181959223,SYFL,21,39,29,91,2639
201405181959168,SYFL,14,22,500,91,45500
201405181959131,SYFL,21,39,29,92,2668
201405181959084,SYFL,52,39,29,92,2668
201405181959077,SYFL,52,39,62,92,5704
201405181959076,SYFL,52,39,50,92,4600
201405181958989,SYFL,26,39,60,88,5280
201405181959030,SYFL,14,39,21,91,1911
201405181959028,SYFL,14,39,21,91,1911
201405181959023,SYFL,14,39,21,91,1911
201405181959012,SYFL,14,39,21,90,1890
201405181959007,SYFL,14,39,62,89,5518
201405181958998,SYFL,26,39,367,88,32296
201405181959335,TRH,28,29,10,313,3130
201405181958977,TRH,28,1,10,313,3130
201405181959301,UFIL,17,29,10,135,1350
201405181959096,UFIL,17,57,10,133,1330
201405181959057,UFIL,17,41,40,133,5320
201405181959046,UFIL,17,41,40,133,5320
201405181959040,UFIL,14,41,40,131,5240
201405181959037,UFIL,17,17,20,133,2660
201405181959036,UFIL,17,17,20,133,2660
201405181959087,UIC,7,17,60,714,42840
201405181958893,UIC,7,47,51,700,35700
201405181958787,ACEDBL,57,22,545,233,126985
201405181958699,ACEDBL,45,22,400,233,93200
201405181958685,ACEDBL,25,58,1000,233,233000
201405181958672,ACEDBL,16,58,884,233,205972
201405181958655,ACEDBL,14,22,1435,233,334355
201405181958352,ACEDBL,45,57,439,224,98336
201405181958482,ACEDBL,50,14,257,229,58853
201405181958357,ACEDBL,50,39,1000,227,227000
201405181958356,ACEDBL,50,25,1000,227,227000
201405181958355,ACEDBL,50,45,168,226,37968
201405181958580,ACEDBL,59,49,500,230,115000
201405181958575,ACEDBL,57,5,240,229,54960
201405181958570,ACEDBL,57,58,500,227,113500
201405181958542,ACEDBL,6,6,300,225,67500
201405181958526,ACEDBL,21,6,500,225,112500
201405181958591,ACEDBL,45,25,1000,233,233000
201405181958585,ACEDBL,45,39,400,231,92400
201405181958584,ACEDBL,45,45,500,231,115500
201405181958581,ACEDBL,59,26,229,230,52670
201405181958647,ACEDBL,16,34,1000,233,233000
201405181958643,ACEDBL,45,39,257,233,59881
201405181958633,ACEDBL,57,39,232,233,54056
201405181958628,ACEDBL,59,39,33,233,7689
201405181958606,ACEDBL,59,58,774,233,180342
201405181958601,ACEDBL,45,11,115,233,26795
201405181958717,ADBL,6,17,40,447,17880
201405181958716,ADBL,6,17,40,446,17840
201405181958705,ADBL,6,36,700,445,311500
201405181958698,ADBL,6,17,40,444,17760
201405181958697,ADBL,6,50,190,442,83980
201405181958669,ADBL,41,41,30,440,13200
201405181958832,AHPC,29,29,500,425,212500
201405181958670,AHPC,33,43,100,426,42600
201405181958753,ALDBL,45,45,150,215,32250
201405181958578,ALDBL,13,13,100,214,21400
201405181958552,ALDBL,13,13,100,212,21200
201405181958525,ALDBL,29,45,200,216,43200
201405181958522,ALDBL,29,13,110,214,23540
201405181958516,ALDBL,13,13,80,210,16800
201405181958838,ALICL,20,19,43,967,41581
201405181958820,ALICL,17,57,43,965,41495
201405181958796,ALICL,20,19,84,961,80724
201405181958789,ALICL,20,19,500,961,480500
201405181958654,ALICL,14,59,70,960,67200
201405181958439,APEX,46,26,30,122,3660
201405181958524,APEX,46,7,110,122,13420
201405181958848,BBBL,59,11,1656,309,511704
201405181958837,BBBL,26,11,1012,309,312708
201405181958736,BBBL,59,11,1972,309,609348
201405181958701,BSBL,33,17,115,257,29555
201405181958639,BSBL,33,17,200,257,51400
201405181958569,BSBL,33,59,200,260,52000
201405181958849,CBL,29,8,81,254,20574
201405181958845,CBL,17,25,56,254,14224
201405181958840,CBL,1,13,135,254,34290
201405181958825,CBL,57,21,968,255,246840
201405181958816,CBL,1,33,405,254,102870
201405181958811,CBL,1,19,81,255,20655
201405181958405,CBL,14,50,133,255,33915
201405181958400,CBL,25,29,135,256,34560
201405181958374,CBL,58,32,135,257,34695
201405181958433,CBL,58,50,133,255,33915
201405181958429,CBL,58,50,133,255,33915
201405181958426,CBL,6,59,408,254,103632
201405181958418,CBL,58,50,133,255,33915
201405181958408,CBL,41,50,133,255,33915
201405181958407,CBL,14,50,133,255,33915
201405181958497,CBL,18,32,132,254,33528
201405181958491,CBL,6,6,500,253,126500
201405181958483,CBL,25,6,500,252,126000
201405181958472,CBL,57,59,510,254,129540
201405181958447,CBL,22,37,30,256,7680
201405181958436,CBL,55,6,102,254,25908
201405181958527,CBL,21,34,235,255,59925
201405181958519,CBL,21,17,255,255,65025
201405181958517,CBL,22,6,18,256,4608
201405181958513,CBL,21,6,84,257,21588
201405181958507,CBL,25,37,122,255,31110
201405181958501,CBL,13,32,143,255,36465
201405181958588,CBL,25,45,135,255,34425
201405181958573,CBL,45,39,54,255,13770
201405181958567,CBL,8,18,55,255,14025
201405181958563,CBL,17,18,54,255,13770
201405181958562,CBL,39,1,525,251,131775
201405181958544,CBL,41,1,102,255,26010
201405181958624,CBL,45,29,135,256,34560
201405181958623,CBL,41,43,150,255,38250
201405181958612,CBL,29,43,600,255,153000
201405181958610,CBL,41,43,84,255,21420
201405181958609,CBL,29,11,133,255,33915
201405181958602,CBL,25,17,500,252,126000
201405181958733,CBL,16,17,39,255,9945
201405181958731,CBL,41,17,39,255,9945
201405181958703,CBL,46,43,459,254,116586
201405181958691,CBL,50,50,530,254,134620
201405181958684,CBL,13,33,587,252,147924
201405181958652,CBL,57,40,30,257,7710
201405181958808,CBL,57,26,16,257,4112
201405181958790,CBL,34,17,39,255,9945
201405181958781,CBL,35,29,157,255,40035
201405181958771,CBL,47,50,1009,254,256286
201405181958756,CBL,47,43,382,254,97028
201405181958734,CBL,19,58,93,254,23622
201405181958802,CEDBL,52,29,120,228,27360
201405181958556,CEDBL,17,26,34,226,7684
201405181958815,CHCL,45,25,54,1932,104328
201405181958770,CHCL,13,41,24,1932,46368
201405181958761,CHCL,55,1,317,1940,614980
201405181958757,CHCL,7,41,18,1935,34830
201405181958751,CHCL,55,14,104,1939,201656
201405181958739,CHCL,26,36,500,1939,969500
201405181958359,CHCL,8,41,80,1926,154080
201405181958379,CHCL,34,41,70,1925,134750
201405181958373,CHCL,14,36,158,1934,305572
201405181958371,CHCL,21,41,23,1926,44298
201405181958368,CHCL,14,21,23,1928,44344
201405181958366,CHCL,6,41,23,1926,44298
201405181958360,CHCL,55,20,1000,1925,1925000
201405181958637,CHCL,18,18,24,1933,46392
201405181958614,CHCL,28,28,114,1932,220248
201405181958537,CHCL,29,13,22,1945,42790
201405181958521,CHCL,45,40,37,1935,71595
201405181958463,CHCL,55,47,106,1927,204262
201405181958402,CHCL,41,41,149,1930,287570
201405181958735,CHCL,26,36,72,1938,139536
201405181958727,CHCL,51,40,104,1932,200928
201405181958656,CHCL,55,20,1000,1935,1935000
201405181958649,CHCL,45,36,72,1938,139536
201405181958645,CHCL,18,18,24,1933,46392
201405181958640,CHCL,18,18,24,1933,46392
201405181958801,CIT,49,34,120,3610,433200
201405181958743,CNDBL,40,25,60,126,7560
201405181958730,CNDBL,40,25,60,126,7560
201405181958594,CNDBL,40,54,20,128,2560
201405181958720,CORBL,1,39,90,100,9000
201405181958713,CORBL,1,39,90,100,9000
201405181958704,CORBL,1,39,90,100,9000
201405181958619,CORBL,32,39,90,100,9000
201405181958618,CORBL,32,39,90,100,9000
201405181958617,CORBL,32,39,90,100,9000
201405181958615,CORBL,32,39,90,100,9000
201405181958595,CORBL,32,39,90,100,9000
201405181958397,CORBL,47,39,90,100,9000
201405181958395,CORBL,47,39,90,100,9000
201405181958804,CZBIL,22,29,120,438,52560
201405181958803,CZBIL,22,1,300,438,131400
201405181958667,CZBIL,34,51,300,439,131700
201405181958596,CZBIL,50,32,601,435,261435
201405181958490,CZBIL,54,29,93,440,40920
201405181958461,CZBIL,54,13,200,440,88000
201405181958362,CZBIL,14,26,142,441,62622
201405181958546,DDBL,43,28,100,982,98200
201405181958545,DDBL,50,28,500,985,492500
201405181958714,EBL,14,16,39,2230,86970
201405181958683,EBL,26,19,109,2225,242525
201405181958626,EBL,21,13,100,2220,222000
201405181958582,EBL,26,11,106,2225,235850
201405181958795,EDBL,45,39,100,581,58100
201405181958794,EDBL,45,45,61,580,35380
201405181958793,EDBL,45,29,30,576,17280
201405181958568,EDBL,21,18,76,576,43776
201405181958479,EDBL,39,39,55,571,31405
201405181958785,EFL,14,47,10,166,1660
201405181958827,GBBL,16,14,853,280,238840
201405181958430,GBBL,5,32,315,285,89775
201405181958354,GBBL,58,32,161,285,45885
201405181958814,GBIME,41,21,42,605,25410
201405181958813,GBIME,41,4,55,604,33220
201405181958783,GBIME,14,57,133,601,79933
201405181958780,GBIME,19,57,44,602,26488
201405181958754,GBIME,32,21,42,603,25326
201405181958747,GBIME,19,21,42,603,25326
201405181958456,GBIME,21,1,27,603,16281
201405181958452,GBIME,19,1,27,603,16281
201405181958448,GBIME,19,1,27,602,16254
201405181958411,GBIME,49,45,500,604,302000
201405181958384,GBIME,45,22,17,603,10251
201405181958681,GBIME,51,32,776,603,467928
201405181958599,GBIME,52,41,297,602,178794
201405181958572,GBIME,52,1,109,602,65618
201405181958500,GBIME,58,18,191,603,115173
201405181958464,GBIME,22,1,27,602,16254
201405181958459,GBIME,25,45,135,604,81540
201405181958726,GBIME,49,14,95,603,57285
201405181958710,GBIME,49,16,26,606,15756
201405181958709,GBIME,49,17,21,605,12705
201405181958708,GBIME,59,14,95,603,57285
201405181958687,GBIME,14,14,126,604,76104
201405181958686,GBIME,11,45,160,605,96800
201405181958536,GLICL,22,14,21,565,11865
201405181958534,GLICL,22,14,42,565,23730
201405181958791,GRAND,8,17,75,269,20175
201405181958543,GRAND,8,13,202,269,54338
201405181958539,GRAND,41,29,103,265,27295
201405181958538,GRAND,8,25,121,269,32549
201405181958745,HAMA,47,47,50,115,5750
201405181958742,HAMA,47,47,50,115,5750
201405181958603,HBL,21,53,86,860,73960
201405181958598,HBL,46,53,87,861,74907
201405181958821,HGI,39,22,199,467,92933
201405181958843,IDBL,45,7,500,133,66500
201405181958834,IDBL,28,7,1000,132,132000
201405181958547,IDBL,7,18,99,133,13167
201405181958353,IDBL,7,54,45,135,6075
201405181958350,IDBL,7,54,22,134,2948
201405181958390,ILFC,59,35,100,208,20800
201405181958788,JBBL,7,7,29,148,4292
201405181958646,JBBL,17,16,470,147,69090
201405181958847,JBNL,36,1,33,274,9042
201405181958846,JBNL,36,33,33,273,9009
201405181958805,JBNL,47,49,89,271,24119
201405181958786,JBNL,51,49,89,272,24208
201405181958715,JBNL,46,58,103,272,28016
201405181958702,JBNL,36,19,73,273,19929
201405181958658,JBNL,52,49,89,271,24119
201405181958631,JBNL,50,1,133,271,36043
201405181958597,JBNL,36,19,811,273,221403
201405181958431,JBNL,59,41,69,270,18630
201405181958421,JBNL,59,41,17,270,4590
201405181958831,KAFIL,1,17,90,173,15570
201405181958823,KAFIL,1,50,96,172,16512
201405181958689,KAFIL,32,50,96,173,16608
201405181958391,KDBL,17,1,90,102,9180
201405181958387,KDBL,17,40,144,102,14688
201405181958382,KDBL,17,29,21,102,2142
201405181958554,KKBL,40,21,225,335,75375
201405181958495,KMCDB,18,51,10,740,7400
201405181958493,KMCDB,18,51,10,740,7400
201405181958446,KMCDB,29,29,10,754,7540
201405181958442,KMCDB,29,29,10,754,7540
201405181958505,KMCDB,18,51,10,740,7400
201405181958504,KMCDB,18,51,10,740,7400
201405181958502,KMCDB,18,51,10,740,7400
201405181958499,KMCDB,18,51,10,740,7400
201405181958498,KMCDB,18,51,10,740,7400
201405181958496,KMCDB,18,51,10,740,7400
201405181958665,KMCDB,18,43,70,726,50820
201405181958535,KMCDB,18,51,10,726,7260
201405181958531,KMCDB,18,51,10,726,7260
201405181958508,KMCDB,18,51,10,740,7400
201405181958506,KMCDB,18,51,10,740,7400
201405181958401,KNBL,36,53,27,137,3699
201405181958389,KNBL,36,53,10,137,1370
201405181958659,KRBL,47,19,40,113,4520
201405181958653,KRBL,47,19,10,113,1130
201405181958445,KRBL,47,19,40,113,4520
201405181958380,KRBL,47,53,10,113,1130
201405181958372,KRBL,47,53,10,113,1130
201405181958358,KRBL,47,53,10,113,1130
201405181958485,MBL,22,32,85,479,40715
201405181958466,MBL,28,28,8419,475,3999025
201405181958440,MBL,28,28,8419,475,3999025
201405181958822,MEGA,20,1,32,403,12896
201405181958773,MEGA,6,21,32,402,12864
201405181958769,MEGA,19,21,32,402,12864
201405181958763,MEGA,6,40,45,402,18090
201405181958759,MEGA,6,17,32,402,12864
201405181958755,MEGA,6,17,32,402,12864
201405181958378,MEGA,50,16,10,403,4030
201405181958377,MEGA,50,16,31,403,12493
201405181958376,MEGA,50,16,31,403,12493
201405181958489,MEGA,21,1,32,401,12832
201405181958473,MEGA,21,49,37,402,14874
201405181958469,MEGA,19,1,32,401,12832
201405181958455,MEGA,34,49,37,401,14837
201405181958453,MEGA,19,49,37,402,14874
201405181958383,MEGA,50,16,32,403,12896
201405181958621,MEGA,6,17,32,402,12864
201405181958611,MEGA,19,17,32,402,12864
201405181958589,MEGA,36,35,920,400,368000
201405181958577,MEGA,19,1,32,401,12832
201405181958574,MEGA,19,1,32,401,12832
201405181958515,MEGA,11,49,37,400,14800
201405181958650,MEGA,29,17,32,402,12864
201405181958641,MEGA,29,17,32,402,12864
201405181958638,MEGA,29,17,32,402,12864
201405181958635,MEGA,6,17,32,402,12864
201405181958629,MEGA,6,17,32,402,12864
201405181958625,MEGA,6,17,32,402,12864
201405181958718,MEGA,55,52,32,401,12832
201405181958694,MEGA,19,52,32,401,12832
201405181958677,MEGA,6,17,32,402,12864
201405181958674,MEGA,6,17,32,402,12864
201405181958671,MEGA,6,17,32,402,12864
201405181958668,MEGA,6,17,32,402,12864
201405181958415,MFIL,26,41,67,130,8710
201405181958561,NABILP,28,49,260,1390,361400
201405181958475,NABILP,28,7,13,1390,18070
201405181958810,NBB,28,6,45,650,29250
201405181958792,NBB,55,55,600,649,389400
201405181958688,NBB,57,20,200,648,129600
201405181958675,NBB,8,58,2500,645,1612500
201405181958660,NBB,51,32,175,648,113400
201405181958608,NBB,41,8,500,648,324000
201405181958381,NBB,49,49,100,649,64900
201405181958375,NBB,49,49,160,649,103840
201405181958364,NBB,49,49,600,646,387600
201405181958437,NBB,8,51,60,654,39240
201405181958435,NBB,8,52,200,653,130600
201405181958432,NBB,14,25,100,650,65000
201405181958424,NBB,14,25,150,650,97500
201405181958413,NBB,14,51,200,650,130000
201405181958399,NBB,57,33,750,648,486000
201405181958560,NBB,33,55,200,650,130000
201405181958559,NBB,37,55,110,650,71500
201405181958558,NBB,41,55,100,650,65000
201405181958557,NBB,14,55,50,650,32500
201405181958518,NBB,8,55,40,654,26160
201405181958494,NBB,8,52,200,654,130800
201405181958782,NBF1,6,21,2997,12,36264
201405181958749,NBF1,6,41,8235,12,99232
201405181958737,NBF1,6,55,2997,12,35964
201405181958604,NBF1,4,39,599,12,7218
201405181958541,NBF1,6,11,2098,12,25365
201405181958388,NBF1,17,6,599,12,7098
201405181958738,NCCB,8,37,660,442,291720
201405181958729,NCCB,8,58,1000,441,441000
201405181958725,NCCB,8,21,483,441,213003
201405181958724,NCCB,8,29,160,440,70400
201405181958723,NCCB,8,19,260,440,114400
201405181958722,NCCB,8,34,250,440,110000
201405181958700,NCCB,32,37,1000,439,439000
201405181958692,NCCB,49,49,40,437,17480
201405181958458,NCCB,46,1,210,436,91560
201405181958386,NCCB,26,20,24,436,10464
201405181958634,NCM,54,19,474,179,84846
201405181958768,NHPC,8,51,1000,180,180000
201405181958767,NHPC,8,21,1000,180,180000
201405181958766,NHPC,8,46,5000,180,900000
201405181958765,NHPC,8,32,2000,179,358000
201405181958711,NHPC,5,25,500,180,90000
201405181958706,NHPC,39,25,500,180,90000
201405181958613,NHPC,51,26,683,180,122940
201405181958605,NHPC,51,32,2000,179,358000
201405181958593,NHPC,45,26,1000,180,180000
201405181958523,NHPC,39,55,500,181,90500
201405181958512,NHPC,22,17,100,183,18300
201405181958678,NHPC,28,46,100,180,18000
201405181958648,NHPC,39,32,255,181,46155
201405181958642,NHPC,39,32,300,181,54300
201405181958636,NHPC,39,32,200,181,36200
201405181958630,NHPC,45,32,250,181,45250
201405181958622,NHPC,22,32,100,183,18300
201405181958363,NIB,53,22,252,860,216720
201405181958799,NICA,18,52,25,759,18975
201405181958775,NICA,28,17,219,755,165345
201405181958758,NICA,13,13,30,756,22680
201405181958728,NICA,20,45,500,758,379000
201405181958662,NICA,51,50,183,753,137799
201405181958565,NICA,20,45,25,756,18900
201405181958553,NICA,25,26,10,751,7510
201405181958540,NICA,20,45,25,756,18900
201405181958370,NICA,20,41,500,750,375000
201405181958632,NLG,5,32,19,767,14573
201405181958748,NLICL,33,58,50,3056,152800
201405181958744,NLICL,34,58,30,3060,91800
201405181958673,NLICL,21,25,200,3044,608800
201405181958549,NLICL,49,49,127,3045,386715
201405181958530,NLICL,33,49,200,3051,610200
201405181958503,NLICL,14,58,100,3052,305200
201405181958449,NLICL,11,58,20,3070,61400
201405181958417,NLICL,32,32,100,3050,305000
201405181958414,NLICL,32,32,48,3050,146400
201405181958412,NLICL,35,35,300,3041,912300
201405181958410,NLICL,33,1,100,3055,305500
201405181958844,NMB,36,14,189,410,77490
201405181958776,NMB,33,6,1043,412,429716
201405181958719,NMB,36,17,53,410,21730
201405181958707,NMB,36,21,67,410,27470
201405181958590,NMB,33,13,391,410,160310
201405181958721,NUBL,35,28,600,1118,670800
201405181958800,OHL,41,25,20,731,14620
201405181958778,OHL,41,22,40,731,29240
201405181958777,OHL,41,22,10,731,7310
201405181958663,OHL,59,49,150,730,109500
201405181958450,OHL,59,49,40,730,29200
201405181958812,PADBL,45,14,297,379,112563
201405181958807,PADBL,45,16,200,380,76000
201405181958806,PADBL,45,39,67,379,25393
201405181958764,PADBL,45,14,148,380,56240
201405181958762,PADBL,45,18,64,379,24256
201405181958664,PADBL,43,34,148,373,55204
201405181958451,PADBL,43,14,64,380,24320
201405181958818,PCBL,32,32,297,472,140184
201405181958627,PCBL,29,47,22,470,10340
201405181958592,PCBL,34,6,172,470,80840
201405181958817,PDB,39,50,10,130,1300
201405181958752,PDB,39,32,30,130,3900
201405181958695,PDB,50,55,230,130,29900
201405181958620,PDB,13,13,200,130,26000
201405181958600,PDB,39,13,10,130,1300
201405181958420,PDB,21,17,10,129,1290
201405181958416,PDB,21,17,10,129,1290
201405181958367,PDB,21,26,90,129,11610
201405181958509,PDB,39,17,150,130,19500
201405181958488,PDB,58,17,320,130,41600
201405181958427,PDB,21,17,20,129,2580
201405181958824,PFCL,53,7,242,139,33638
201405181958760,PFCL,53,26,50,138,6900
201405181958438,PFCL,21,21,83,136,11288
201405181958434,PFCL,21,21,73,136,9928
201405181958428,PFCL,21,21,137,136,18632
201405181958423,PFCL,21,21,73,136,9928
201405181958833,PLIC,7,55,26,853,22178
201405181958465,PLIC,7,17,30,853,25590
201405181958460,PLIC,7,17,140,853,119420
201405181958422,PLIC,1,45,500,853,426500
201405181958576,PURBL,46,8,160,300,48000
201405181958477,PURBL,46,25,140,300,42000
201405181958457,RDBL,14,26,105,223,23415
201405181958712,RMDC,40,55,99,840,83160
201405181958696,RMDC,40,55,12,840,10080
201405181958690,RMDC,40,55,12,840,10080
201405181958680,RMDC,32,50,33,835,27555
201405181958679,RMDC,32,18,13,835,10855
201405181958676,RMDC,32,50,33,835,27555
201405181958394,RMDC,19,39,33,826,27258
201405181958393,RMDC,19,39,33,826,27258
201405181958392,RMDC,19,39,33,826,27258
201405181958365,RMDC,47,39,33,826,27258
201405181958474,RMDC,40,52,33,840,27720
201405181958471,RMDC,40,52,33,840,27720
201405181958470,RMDC,40,52,33,840,27720
201405181958404,RMDC,19,39,33,826,27258
201405181958403,RMDC,19,39,33,826,27258
201405181958398,RMDC,19,39,33,826,27258
201405181958819,SANIMA,52,53,300,473,141900
201405181958661,SANIMA,43,26,26,476,12376
201405181958533,SANIMA,25,58,1000,473,473000
201405181958406,SANIMA,25,58,149,475,70775
201405181958836,SBL,50,57,66,630,41580
201405181958732,SBL,50,41,31,630,19530
201405181958571,SBL,50,4,286,632,180752
201405181958529,SBL,50,50,210,635,133350
201405181958486,SBL,59,8,454,632,286928
201405181958484,SBL,59,36,47,632,29704
201405181958409,SBL,33,1,997,619,617143
201405181958480,SBL,59,37,235,630,148050
201405181958478,SBL,59,43,34,625,21250
201405181958476,SBL,45,19,89,620,55180
201405181958467,SBL,50,14,575,620,356500
201405181958454,SBL,28,17,200,615,123000
201405181958444,SBL,49,26,396,616,243936
201405181958468,SCB,21,11,20,1800,36000
201405181958462,SCB,21,39,36,1799,64764
201405181958693,SDBL,22,22,300,140,42000
201405181958361,SDBL,57,41,200,140,28000
201405181958798,SEWA,43,43,200,312,62400
201405181958682,SEWA,17,55,100,312,31200
201405181958555,SEWA,25,25,106,311,32966
201405181958829,SHPC,49,32,12,649,7788
201405181958741,SHPC,21,34,297,649,192753
201405181958740,SHPC,21,26,18,648,11664
201405181958644,SHPC,5,5,18,647,11646
201405181958616,SHPC,5,5,18,647,11646
201405181958550,SHPC,41,26,18,640,11520
201405181958548,SHPC,41,26,30,640,19200
201405181958532,SHPC,21,18,18,642,11556
201405181958510,SHPC,49,32,33,649,21417
201405181958487,SHPC,22,32,10,650,6500
201405181958385,SHPC,41,14,16,650,10400
201405181958369,SHPC,41,14,12,650,7800
201405181958651,SIC,25,20,75,1300,97500
201405181958657,SICL,45,11,42,900,37800
201405181958351,SIL,36,28,120,590,70800
201405181958830,SKBBL,49,52,19,1285,24415
201405181958828,SKBBL,49,52,19,1284,24396
201405181958419,SKBBL,53,57,12,1290,15480
201405181958784,SLICL,50,32,111,585,64935
201405181958779,SLICL,50,32,45,584,26280
201405181958514,SLICL,26,32,91,585,53235
201405181958511,SLICL,26,32,111,585,64935
201405181958666,SUBBL,40,39,59,214,12626
201405181958566,SUPRME,13,17,10,122,1220
201405181958551,SUPRME,13,17,10,122,1220
201405181958441,SWBBL,17,11,200,1340,268000
201405181958587,SYFL,21,21,30,87,2610
201405181958396,SYFL,51,22,454,86,39044
201405181958774,TRH,46,22,40,310,12400
201405181958772,TRH,46,22,40,310,12400
201405181958746,TRH,50,50,40,311,12440
201405181958607,TRH,18,43,10,315,3150
201405181958425,TRH,18,53,20,321,6420
201405181958520,UFIL,14,53,10,131,1310
201405181958492,UFIL,14,7,10,131,1310
201405181958528,UFIL,14,53,10,131,1310
201405181958586,UFIL,14,7,30,131,3930
201405181958583,UFIL,14,7,20,131,2620
201405181958842,UFL,18,39,60,198,11880
201405181958841,UFL,18,39,60,198,11880
201405181958826,UFL,47,39,60,198,11880
201405181958564,UNL,3,28,40,14504,580160
201405181958443,VBBL,13,41,20,119,2380
201405181958809,WDBL,32,54,20,182,3640
201405181958316,ACEDBL,50,5,32,223,7136
201405181958315,ACEDBL,45,5,32,223,7136
201405181958310,ACEDBL,45,5,32,223,7136
201405181958309,ACEDBL,45,5,32,223,7136
201405181958288,ACEDBL,45,5,38,223,8474
201405181958285,ACEDBL,45,5,33,223,7359
201405181958246,ACEDBL,20,14,10,223,2230
201405181958211,ACEDBL,50,14,10,219,2190
201405181958044,ACEDBL,45,39,250,215,53750
201405181958303,ACEDBL,45,5,32,223,7136
201405181958301,ACEDBL,45,5,32,223,7136
201405181958300,ACEDBL,45,5,32,223,7136
201405181958297,ACEDBL,45,5,32,223,7136
201405181958293,ACEDBL,45,5,32,223,7136
201405181958291,ACEDBL,45,5,32,223,7136
201405181958325,ADBL,43,43,40,441,17640
201405181958322,ADBL,43,43,40,441,17640
201405181958113,ADBL,6,17,40,449,17960
201405181958054,AHPC,25,25,41,425,17425
201405181958207,ALDBL,29,49,10,213,2130
201405181958206,ALDBL,29,49,10,213,2130
201405181958164,ALDBL,29,17,20,217,4340
201405181958133,ALDBL,29,25,30,213,6390
201405181958129,ALDBL,13,39,40,209,8360
201405181958128,ALDBL,13,25,30,209,6270
201405181958093,ALDBL,45,53,10,205,2050
201405181958053,ALDBL,45,22,10,205,2050
201405181958052,ALDBL,45,25,20,205,4100
201405181958051,ALDBL,45,29,20,204,4080
201405181958050,ALDBL,45,13,20,204,4080
201405181958111,ALICL,8,45,29,976,28304
201405181958225,APEX,46,19,40,122,4880
201405181958221,APEX,46,19,40,122,4880
201405181958103,APEX,46,14,40,122,4880
201405181958102,APEX,46,14,40,122,4880
201405181958031,APEX,6,50,11,122,1342
201405181958067,ARDBL,13,59,30,142,4260
201405181958064,ARDBL,13,59,30,142,4260
201405181958059,ARDBL,13,59,30,142,4260
201405181958146,BBBL,51,51,500,309,154500
201405181958118,BBBL,51,57,1006,306,307836
201405181958112,BBBL,51,57,50,300,15000
201405181958026,BBBL,51,57,790,290,229100
201405181958036,BBBL,51,57,386,295,113870
201405181958028,BBBL,51,57,790,290,229100
201405181958027,BBBL,51,57,790,290,229100
201405181958145,BSBL,33,25,30,265,7950
201405181958144,BSBL,33,25,30,265,7950
201405181958143,BSBL,33,25,30,265,7950
201405181958333,CBL,22,20,39,256,9984
201405181958324,CBL,41,20,59,255,15045
201405181958312,CBL,21,22,27,256,6912
201405181958308,CBL,13,22,27,257,6939
201405181958302,CBL,16,32,135,257,34695
201405181958287,CBL,13,57,68,257,17476
201405181958055,CBL,32,32,135,257,34695
201405181958048,CBL,41,55,241,255,61455
201405181958075,CBL,46,17,14,260,3640
201405181958072,CBL,46,25,61,260,15860
201405181958065,CBL,34,34,54,256,13824
201405181958063,CBL,32,32,135,257,34695
201405181958061,CBL,32,32,135,257,34695
201405181958057,CBL,32,32,135,257,34695
201405181958098,CBL,26,32,135,257,34695
201405181958096,CBL,17,32,135,257,34695
201405181958090,CBL,17,32,75,258,19350
201405181958088,CBL,57,36,306,255,78030
201405181958086,CBL,39,59,103,257,26471
201405181958084,CBL,46,32,27,258,6966
201405181958125,CBL,34,32,135,258,34830
201405181958121,CBL,6,46,57,258,14706
201405181958110,CBL,26,32,135,258,34830
201405181958106,CBL,26,32,135,258,34830
201405181958105,CBL,29,36,510,258,131580
201405181958104,CBL,29,36,1018,258,262644
201405181958208,CBL,18,32,135,257,34695
201405181958196,CBL,41,49,514,255,131070
201405181958195,CBL,47,49,204,256,52224
201405181958171,CBL,34,34,270,257,69390
201405181958156,CBL,34,16,133,257,34181
201405181958127,CBL,47,46,57,257,14649
201405181958259,CBL,45,17,430,255,109650
201405181958257,CBL,57,11,1000,256,256000
201405181958234,CBL,57,49,331,256,84736
201405181958222,CBL,34,43,17,257,4369
201405181958217,CBL,45,32,135,257,34695
201405181958212,CBL,13,32,135,257,34695
201405181958279,CBL,13,52,68,257,17476
201405181958274,CBL,18,57,68,257,17476
201405181958273,CBL,57,20,135,256,34560
201405181958271,CBL,13,36,263,256,67328
201405181958270,CBL,13,52,21,257,5397
201405181958267,CBL,22,20,135,256,34560
201405181958138,CDBL,18,1,15,364,5460
201405181958345,CHCL,16,21,47,1930,90710
201405181958339,CHCL,21,40,158,1926,304308
201405181958328,CHCL,16,47,44,1930,84920
201405181958318,CHCL,55,8,202,1926,389052
201405181958298,CHCL,33,36,123,1929,237267
201405181958294,CHCL,6,40,160,1926,308160
201405181958192,CHCL,57,58,200,1920,384000
201405181958179,CHCL,14,14,500,1925,962500
201405181958269,CHCL,33,40,149,1926,286974
201405181958265,CHCL,14,20,1000,1925,1925000
201405181958252,CHCL,25,25,12,1931,23172
201405181958236,CHCL,14,47,44,1926,84744
201405181958228,CHCL,20,47,44,1927,84788
201405181958224,CHCL,8,21,190,1930,366700
201405181958348,CORBL,47,39,90,101,9090
201405181958035,CORBL,47,14,40,103,4120
201405181958034,CORBL,47,14,40,103,4120
201405181958154,CZBIL,41,19,42,438,18396
201405181958153,CZBIL,39,17,32,440,14080
201405181958039,CZBIL,22,22,133,441,58653
201405181958218,DDBL,55,45,551,999,550449
201405181958181,DDBL,49,25,551,980,539980
201405181958180,DDBL,55,6,20,980,19600
201405181958175,DDBL,45,25,551,980,539980
201405181958166,DDBL,55,35,200,975,195000
201405181958306,EBL,26,19,101,2225,224725
201405181958073,EBL,37,41,29,2210,64090
201405181958142,EDBL,19,19,376,565,212440
201405181958281,EFL,14,17,10,166,1660
201405181958226,EFL,26,17,10,163,1630
201405181958223,EFL,14,17,10,160,1600
201405181958147,EFL,26,17,10,157,1570
201405181958124,EFL,13,17,10,154,1540
201405181958194,GBBL,29,14,295,285,84075
201405181958326,GBIME,5,5,75,604,45300
201405181958295,GBIME,58,47,57,604,34428
201405181958282,GBIME,17,21,99,607,60093
201405181958200,GBIME,22,54,174,601,104574
201405181958190,GBIME,11,20,19,602,11438
201405181958184,GBIME,58,20,17,607,10319
201405181958074,GBIME,50,50,17,605,10285
201405181958071,GBIME,50,50,15,605,9075
201405181958070,GBIME,50,50,15,605,9075
201405181958176,GBIME,39,20,19,605,11495
201405181958167,GBIME,58,17,37,610,22570
201405181958134,GBIME,4,53,57,606,34542
201405181958126,GBIME,17,17,35,610,21350
201405181958122,GBIME,17,17,35,610,21350
201405181958119,GBIME,17,26,113,610,68930
201405181958346,HAMA,26,57,90,116,10440
201405181958029,HGI,52,52,20,470,9400
201405181958344,IDBL,7,17,56,133,7448
201405181958068,IDBL,22,6,11,133,1463
201405181958062,IDBL,22,6,11,133,1463
201405181958056,IDBL,22,6,11,133,1463
201405181958046,IDBL,50,6,11,133,1463
201405181958137,ILFC,32,49,168,204,34272
201405181958304,JBBL,49,50,210,148,31080
201405181958215,JBNL,13,14,95,272,25840
201405181958213,JBNL,26,1,290,270,78300
201405181958135,KAFIL,32,43,145,176,25520
201405181958283,KBBL,32,32,10,376,3760
201405181958158,KDBL,26,36,30,100,3000
201405181958174,KMCDB,18,43,100,755,75500
201405181958313,KNBL,36,8,10,137,1370
201405181958042,KNBL,36,29,21,136,2856
201405181958041,KNBL,36,29,21,136,2856
201405181958040,KNBL,36,29,32,136,4352
201405181958045,KRBL,47,54,20,112,2240
201405181958203,LGIL,20,8,24,440,10560
201405181958278,LICN,36,54,40,3530,141200
201405181958266,LICN,17,49,10,3470,34700
201405181958232,LICN,54,54,73,3461,252653
201405181958150,LICN,41,17,16,3520,56320
201405181958342,MEGA,19,39,32,402,12864
201405181958199,MEGA,34,19,32,402,12864
201405181958186,MEGA,34,18,31,403,12493
201405181958157,MEGA,14,18,31,403,12493
201405181958151,MEGA,57,17,82,403,33046
201405181958149,MEGA,57,17,82,402,32964
201405181958141,MEGA,26,58,13,401,5213
201405181958317,MNBBL,26,11,26,525,13650
201405181958314,MNBBL,26,1,88,524,46112
201405181958201,NABIL,50,41,156,1960,305760
201405181958114,NABIL,50,50,84,1955,164220
201405181958329,NBB,1,45,500,648,324000
201405181958260,NBB,57,19,243,650,157950
201405181958214,NBB,1,6,140,655,91700
201405181958209,NBB,26,26,120,648,77760
201405181958204,NBB,59,35,600,654,392400
201405181958198,NBB,5,26,200,655,131000
201405181958191,NBB,6,52,300,654,196200
201405181958139,NBB,6,52,100,653,65300
201405181958099,NBB,1,55,100,653,65300
201405181958095,NBB,45,47,30,647,19410
201405181958033,NBB,46,25,250,635,158750
201405181958247,NBBL,26,52,10,466,4660
201405181958264,NBL,40,19,210,320,67200
201405181958261,NBL,22,22,598,321,191958
201405181958069,NBL,39,25,951,319,303369
201405181958066,NBL,39,25,256,319,81664
201405181958349,NCCB,26,20,31,440,13640
201405181958307,NCCB,17,20,200,438,87600
201405181958299,NCCB,26,34,130,440,57200
201405181958231,NCCB,45,17,105,441,46305
201405181958170,NCCB,36,17,52,440,22880
201405181958140,NCCB,46,47,500,442,221000
201405181958131,NCCB,36,43,210,440,92400
201405181958115,NCCB,36,47,460,440,202400
201405181958083,NCCB,28,28,1000,441,441000
201405181958060,NCCB,36,57,105,440,46200
201405181958092,NCM,50,32,214,176,37664
201405181958173,NHPC,52,33,300,180,54000
201405181958220,NIB,33,6,159,860,136740
201405181958205,NIB,17,17,34,855,29070
201405181958183,NIB,33,39,141,858,120978
201405181958334,NICA,57,29,20,750,15000
201405181958216,NICA,20,47,25,750,18750
201405181958148,NICA,29,58,15,750,11250
201405181958276,NLIC,3,18,20,3724,74480
201405181958330,NLICL,47,32,100,3050,305000
201405181958327,NLICL,55,32,100,3052,305200
201405181958249,NLICL,49,49,500,3030,1515000
201405181958123,NLICL,49,49,66,3035,200310
201405181958116,NLICL,49,49,66,3035,200310
201405181958078,NLICL,41,58,120,3050,366000
201405181958097,NNLB,29,29,10,922,9220
201405181958258,NUBL,45,22,34,1140,38760
201405181958255,NUBL,45,25,57,1125,64125
201405181958254,NUBL,45,25,25,1120,28000
201405181958284,PADBL,39,32,50,373,18650
201405181958272,PADBL,58,14,50,366,18300
201405181958130,PADBL,14,14,50,359,17950
201405181958120,PADBL,58,14,20,352,7040
201405181958335,PCBL,47,47,70,468,32760
201405181958321,PCBL,47,47,70,468,32760
201405181958162,PCBL,41,18,73,470,34310
201405181958341,PDB,21,41,10,129,1290
201405181958280,PDB,21,50,160,129,20640
201405181958189,PDB,26,50,80,127,10160
201405181958032,PDB,13,54,10,125,1250
201405181958268,PDBL,47,7,500,157,78500
201405181958251,PFCL,53,7,115,137,15755
201405181958292,PFIL,51,49,10,119,1190
201405181958286,PFIL,51,49,10,117,1170
201405181958152,PFIL,49,49,10,115,1150
201405181958094,PFIL,49,49,52474,113,5929562
201405181958089,PFIL,49,49,10,114,1140
201405181958087,PFIL,49,49,10,116,1160
201405181958085,PFIL,49,49,10,118,1180
201405181958049,PFIL,49,49,10,120,1200
201405181958100,PLIC,7,53,81,870,70470
201405181958337,PRDBL,40,54,10,127,1270
201405181958336,PRDBL,40,54,10,126,1260
201405181958343,RMDC,6,52,24,831,19944
201405181958289,RMDC,58,58,33,834,27522
201405181958262,RMDC,58,58,33,834,27522
201405181958256,RMDC,58,58,33,833,27489
201405181958235,RMDC,58,58,33,834,27522
201405181958219,RMDC,58,58,33,833,27489
201405181958197,RMDC,58,58,33,833,27489
201405181958172,RMDC,47,18,34,832,28288
201405181958168,RMDC,21,18,34,833,28322
201405181958132,RMDC,58,58,33,834,27522
201405181958117,RMDC,58,58,33,833,27489
201405181958163,SANIMA,41,41,100,482,48200
201405181958210,SBI,25,25,70,1020,71400
201405181958202,SBI,25,39,18,1020,18360
201405181958227,SBL,45,46,10,620,6200
201405181958185,SCB,17,17,48,1797,86256
201405181958081,SDBL,22,41,500,138,69000
201405181958082,SEWA,17,22,14,314,4396
201405181958079,SEWA,17,49,11,314,3454
201405181958077,SEWA,17,17,70,312,21840
201405181958058,SEWA,46,26,30,310,9300
201405181958047,SEWA,46,26,30,310,9300
201405181958037,SEWA,46,6,10,310,3100
201405181958347,SHL,49,49,2000,548,1096000
201405181958165,SHL,14,11,100,548,54800
201405181958136,SHL,20,25,2000,545,1090000
201405181958109,SHL,17,14,200,538,107600
201405181958076,SHL,25,25,500,528,264000
201405181958331,SHPC,41,41,30,650,19500
201405181958319,SHPC,21,21,18,651,11718
201405181958305,SHPC,21,21,18,651,11718
201405181958248,SHPC,41,25,153,650,99450
201405181958245,SHPC,41,49,18,650,11700
201405181958244,SHPC,41,49,18,650,11700
201405181958178,SHPC,21,18,18,641,11538
201405181958177,SHPC,22,25,18,650,11700
201405181958091,SHPC,41,46,10,640,6400
201405181958080,SHPC,41,46,10,640,6400
201405181958237,SHPC,41,25,18,650,11700
201405181958233,SHPC,41,25,18,650,11700
201405181958230,SHPC,41,25,62,650,40300
201405181958229,SHPC,41,21,18,649,11682
201405181958193,SHPC,22,22,202,654,132108
201405181958187,SHPC,22,25,10,650,6500
201405181958243,SHPC,41,49,18,650,11700
201405181958242,SHPC,41,49,18,650,11700
201405181958241,SHPC,41,49,18,650,11700
201405181958240,SHPC,41,49,18,650,11700
201405181958239,SHPC,41,25,18,650,11700
201405181958238,SHPC,41,25,18,650,11700
201405181958320,SIL,41,28,500,590,295000
201405181958250,SIL,41,28,300,590,177000
201405181958155,SIL,43,43,50,599,29950
201405181958338,SKBBL,26,39,12,1295,15540
201405181958169,SKBBL,7,7,19,1309,24871
201405181958101,SLICL,50,6,30,593,17790
201405181958332,SUPRME,13,58,270,122,32940
201405181958296,SUPRME,13,17,640,124,79360
201405181958107,SUPRME,25,25,20,125,2500
201405181958043,SUPRME,25,25,10,125,1250
201405181958038,SUPRME,50,25,10,125,1250
201405181958030,SUPRME,50,54,20,125,2500
201405181958161,TBBL,13,1,44,276,12144
201405181958275,UFCL,13,28,123,109,13407
201405181958253,UIC,40,32,17,705,11985
201405181958323,VBBL,26,39,20,119,2380
201405181958311,VBBL,26,39,20,119,2380
201405181958277,VBBL,13,14,200,119,23800
201405181958263,VBBL,13,25,80,119,9520
201405181958160,VBBL,26,36,40,119,4760
201405181958159,VBBL,26,54,20,117,2340
