contract,symbol,buyer,seller,qty,rate,amt
201412172395308,ACEDBL,11,32,10,238,2380
201412172395138,ADBL,39,49,490,485,237650
201412172395063,ADBL,51,49,234,485,113490
201412172394943,ADBL,51,38,61,485,29585
201412172394899,ADBL,38,14,40,488,19520
201412172394886,ADBL,42,6,30,480,14400
201412172395219,AHPC,13,25,300,370,111000
201412172394917,AHPC,20,57,100,374,37400
201412172395345,AIC,20,20,275,439,120725
201412172395307,AIC,46,40,50,437,21850
201412172395302,AIC,41,40,14,440,6160
201412172395299,AIC,41,56,55,445,24475
201412172394906,AIC,14,51,500,441,220500
201412172394905,AIC,14,51,150,441,66150
201412172394876,AIC,46,48,440,437,192280
201412172394957,AIC,46,1,55,438,24090
201412172394911,AIC,37,43,114,442,50388
201412172395249,AIC,26,11,202,440,88880
201412172395245,AIC,26,39,142,438,62196
201412172395157,AIC,13,10,400,435,174000
201412172395336,ALICL,49,16,260,1110,288600
201412172395325,ALICL,49,54,153,1108,169524
201412172395324,ALICL,49,19,117,1105,129285
201412172395322,ALICL,49,57,330,1100,363000
201412172395321,ALICL,28,57,30,1100,33000
201412172395320,ALICL,32,57,10,1100,11000
201412172395319,ALICL,34,57,120,1102,132240
201412172395178,ALICL,49,50,70,1100,77000
201412172395159,ALICL,11,6,39,1100,42900
201412172395130,ALICL,28,50,70,1100,77000
201412172395094,ALICL,28,54,500,1105,552500
201412172394949,ALICL,34,16,192,1108,212736
201412172394946,APEX,19,39,50,122,6100
201412172395360,BLDBL,17,17,38,460,17480
201412172395246,BLDBL,20,26,46,460,21160
201412172395040,BPCL,3,6,130,595,77350
201412172395026,BPCL,3,28,100,589,58900
201412172395293,BSBL,49,7,23,297,6831
201412172395171,BSBL,14,52,24,300,7200
201412172395084,BSBL,14,28,60,300,18000
201412172395076,BSBL,14,6,75,300,22500
201412172395075,BSBL,14,39,60,300,18000
201412172395025,BUDBL,29,49,300,188,56400
201412172395364,CBL,22,49,1000,270,270000
201412172395272,CBL,1,8,108,274,29592
201412172394872,CBL,6,6,1579,270,426330
201412172395024,CBL,32,29,1000,270,270000
201412172395001,CBL,14,1,232,273,63336
201412172395000,CBL,14,1,135,273,36855
201412172394970,CBL,14,1,122,273,33306
201412172395271,CBL,1,4,486,274,133164
201412172395057,CBL,25,1,133,274,36442
201412172395051,CBL,25,6,57,274,15618
201412172395317,CCBL,13,17,31,278,8618
201412172395234,CCBL,13,19,16,278,4448
201412172395193,CCBL,13,26,393,277,108861
201412172395169,CCBL,16,57,1480,278,411440
201412172395140,CCBL,13,19,16,277,4432
201412172395095,CCBL,13,5,40,277,11080
201412172394901,CCBL,29,44,39,278,10842
201412172395028,CCBL,26,25,31,277,8587
201412172394998,CCBL,52,52,40,278,11120
201412172394985,CCBL,52,52,40,278,11120
201412172394980,CCBL,52,52,40,278,11120
201412172394912,CCBL,56,56,1232,275,338800
201412172394904,CCBL,26,25,306,278,85068
201412172395354,CDBL,32,6,110,393,43230
201412172395305,CDBL,1,45,307,390,119730
201412172395275,CDBL,28,47,31,390,12090
201412172395248,CDBL,28,26,119,390,46410
201412172394942,CDBL,1,26,220,385,84700
201412172394935,CDBL,11,53,500,382,191000
201412172394933,CDBL,56,21,50,385,19250
201412172394883,CDBL,11,44,77,385,29645
201412172394955,CDBL,14,11,137,389,53293
201412172394948,CDBL,39,1,141,388,54708
201412172395118,CDBL,11,11,40,388,15520
201412172395109,CDBL,11,11,40,388,15520
201412172395283,CFCL,28,10,499,146,72854
201412172395256,CFCL,28,50,434,148,64232
201412172395216,CFCL,28,58,202,151,30502
201412172395369,CHCL,37,53,104,1677,174408
201412172395368,CHCL,32,53,118,1675,197650
201412172395367,CHCL,21,21,100,1684,168400
201412172395280,CHCL,5,21,100,1681,168100
201412172395194,CHCL,42,14,162,1680,272160
201412172395189,CHCL,28,59,762,1675,1276350
201412172394930,CHCL,35,38,190,1679,319010
201412172395166,CHCL,32,26,59,1688,99592
201412172395049,CHCL,20,57,16,1700,27200
201412172395019,CHCL,41,41,100,1683,168300
201412172394996,CHCL,48,59,94,1680,157920
201412172394979,CHCL,39,41,85,1687,143395
201412172394964,CHCL,44,59,400,1679,671600
201412172395015,CNDBL,32,50,280,170,47600
201412172394994,CNDBL,32,17,20,170,3400
201412172394993,CNDBL,32,17,20,170,3400
201412172394992,CNDBL,32,17,20,170,3400
201412172394991,CNDBL,32,17,20,170,3400
201412172394990,CNDBL,32,17,20,170,3400
201412172394989,CNDBL,32,17,20,170,3400
201412172394953,CNDBL,32,17,20,169,3380
201412172394952,CNDBL,32,17,20,169,3380
201412172394951,CNDBL,32,17,20,169,3380
201412172394950,CNDBL,32,57,20,169,3380
201412172395313,CZBIL,32,19,63,419,26397
201412172395292,CZBIL,14,49,60,417,25020
201412172395087,CZBIL,14,39,147,419,61593
201412172394981,CZBIL,6,6,21,418,8778
201412172395344,EBL,35,29,105,1911,200655
201412172395323,EBL,5,14,50,1911,95550
201412172395273,EBL,22,10,200,1907,381400
201412172395190,EBL,22,10,200,1910,382000
201412172394956,EBL,54,44,100,1919,191900
201412172394944,EBL,6,44,100,1918,191800
201412172394927,EBL,6,10,200,1915,383000
201412172395274,EDBL,14,43,25,671,16775
201412172394891,EDBL,5,19,252,670,168840
201412172395168,EIC,10,45,33,931,30723
201412172394932,EKBL,38,43,83,187,15521
201412172395125,FFCL,32,14,54,239,12906
201412172395055,FFCL,1,32,20,243,4860
201412172395082,GBBL,14,43,61,300,18300
201412172395231,GBIME,38,38,50,514,25700
201412172395203,GBIME,44,8,1107,504,557928
201412172395173,GBIME,21,35,629,510,320790
201412172395155,GBIME,38,38,100,514,51400
201412172395089,GBIME,29,58,137,512,70144
201412172395255,GDBL,14,14,10,230,2300
201412172395054,GDBL,11,26,100,234,23400
201412172395011,GDBL,32,32,169,230,38870
201412172395003,GDBL,32,14,100,230,23000
201412172395294,GLICL,22,1,100,539,53900
201412172395018,GLICL,40,25,200,539,107800
201412172395038,GRAND,16,19,1000,175,175000
201412172395037,GRAND,16,57,1500,174,261000
201412172394922,GRAND,13,7,100,175,17500
201412172394907,GRAND,51,7,441,173,76293
201412172394900,GRAND,29,7,1000,172,172000
201412172394897,GRAND,26,7,41,174,7134
201412172394874,GRAND,26,26,202,177,35754
201412172395201,HGI,6,47,400,512,204800
201412172395316,IDBL,17,10,431,165,71115
201412172395209,IDBL,43,8,639,166,106074
201412172395202,IDBL,43,57,11,168,1848
201412172395163,INDBL,50,39,53,170,9010
201412172395042,INDBL,47,16,500,167,83500
201412172395197,JBNL,3,25,17,249,4233
201412172395117,JBNL,26,21,231,250,57750
201412172395104,JBNL,34,21,859,250,214750
201412172395237,JEFL,28,11,110,138,15180
201412172395167,KAFIL,17,47,283,200,56600
201412172395161,KAFIL,1,32,50,198,9900
201412172395105,KAFIL,1,13,60,197,11820
201412172395363,KBL,37,7,225,390,87750
201412172395156,KBL,37,7,200,390,78000
201412172394890,KBL,28,7,225,390,87750
201412172395295,KCDBL,1,13,17,183,3111
201412172395291,KCDBL,1,47,17,183,3111
201412172395289,KCDBL,1,13,17,182,3094
201412172395343,KDBL,19,44,42,120,5040
201412172395337,KDBL,5,29,21,119,2499
201412172395185,KDBL,5,44,144,118,16992
201412172395183,KDBL,25,5,21,117,2457
201412172395220,KEBL,32,14,11,394,4334
201412172395017,KEBL,26,16,117,393,45981
201412172394974,KEBL,17,6,100,392,39200
201412172394972,KEBL,17,6,40,390,15600
201412172395147,KEBL,26,39,17,394,6698
201412172395338,LFLC,51,17,10,195,1950
201412172395092,LFLC,41,17,10,192,1920
201412172395281,LGIL,52,43,44,418,18392
201412172395086,LGIL,52,39,28,426,11928
201412172395260,LICN,47,54,31,3220,99820
201412172395174,LLBS,32,49,41,600,24600
201412172395154,LLBS,51,49,16,601,9616
201412172395137,LLBS,7,49,10,605,6050
201412172395131,LLBS,7,49,10,605,6050
201412172395127,LLBS,7,49,10,605,6050
201412172395124,LLBS,7,26,10,605,6050
201412172395035,LLBS,41,51,23,600,13800
201412172395034,LLBS,41,28,10,600,6000
201412172395033,LLBS,41,28,10,600,6000
201412172395111,LLBS,7,21,10,600,6000
201412172395110,LLBS,7,21,10,600,6000
201412172395106,LLBS,7,13,41,600,24600
201412172395085,LLBS,5,49,10,595,5950
201412172395081,LLBS,5,49,10,595,5950
201412172395072,LLBS,5,49,10,595,5950
201412172395123,LLBS,7,49,10,605,6050
201412172395122,LLBS,7,49,10,600,6000
201412172395120,LLBS,7,49,10,600,6000
201412172395119,LLBS,7,22,41,605,24805
201412172395116,LLBS,7,22,41,605,24805
201412172395112,LLBS,7,21,10,600,6000
201412172395365,MBL,21,14,225,526,118350
201412172395350,MBL,14,14,400,525,210000
201412172395303,MBL,8,8,78,527,41106
201412172395296,MBL,8,8,263,527,138601
201412172395088,MBL,21,22,300,529,158700
201412172395074,MBL,22,22,260,528,137280
201412172395045,MBL,57,49,2000,527,1054000
201412172395355,MEGA,45,22,37,405,14985
201412172395348,MEGA,45,22,31,405,12555
201412172395347,MEGA,45,40,13,405,5265
201412172395311,MEGA,42,51,32,402,12864
201412172395290,MEGA,45,51,32,402,12864
201412172395288,MEGA,26,13,208,403,83824
201412172394902,MEGA,6,6,32,402,12864
201412172394894,MEGA,6,6,32,402,12864
201412172395036,MEGA,6,6,32,402,12864
201412172395031,MEGA,6,6,32,402,12864
201412172395020,MEGA,17,49,91,400,36400
201412172395012,MEGA,26,49,37,401,14837
201412172394913,MEGA,6,6,32,402,12864
201412172394903,MEGA,6,54,24,402,9648
201412172395064,MEGA,6,6,32,402,12864
201412172395056,MEGA,6,6,32,402,12864
201412172395048,MEGA,32,49,452,400,180800
201412172395047,MEGA,6,6,32,402,12864
201412172395043,MEGA,6,6,32,402,12864
201412172395041,MEGA,6,6,32,402,12864
201412172395177,MEGA,16,19,11,400,4400
201412172395170,MEGA,6,6,32,402,12864
201412172395165,MEGA,16,19,11,400,4400
201412172395146,MEGA,16,19,11,400,4400
201412172395128,MEGA,16,40,32,400,12800
201412172395068,MEGA,6,43,10,402,4020
201412172395240,MEGA,42,14,364,400,145600
201412172395239,MEGA,42,14,364,400,145600
201412172395206,MEGA,29,14,256,400,102400
201412172395195,MEGA,16,25,10,400,4000
201412172395188,MEGA,16,1,32,400,12800
201412172395184,MEGA,16,1,32,400,12800
201412172395287,MEGA,45,51,32,402,12864
201412172395286,MEGA,26,51,32,402,12864
201412172395284,MEGA,26,51,32,402,12864
201412172395282,MEGA,26,51,32,402,12864
201412172395247,MEGA,42,25,600,402,241200
201412172395241,MEGA,42,25,1000,401,401000
201412172395179,MMDBL,16,13,10,400,4000
201412172395121,MMDBL,16,16,10,400,4000
201412172395114,MMDBL,16,16,23,400,9200
201412172395108,MMDBL,16,16,15,400,6000
201412172395100,MMDBL,16,16,23,400,9200
201412172395297,MNBBL,39,16,15,480,7200
201412172395050,MNBBL,43,16,88,475,41800
201412172395077,MNBBL,17,16,88,478,42064
201412172395071,MNBBL,17,16,88,477,41976
201412172395066,MNBBL,17,16,88,476,41888
201412172395268,MTBL,39,43,21,196,4116
201412172395359,NABIL,16,39,125,1875,234375
201412172395312,NABIL,16,13,500,1880,940000
201412172395230,NABIL,22,38,31,1907,59117
201412172395229,NABIL,22,14,20,1904,38080
201412172395126,NABIL,21,38,26,1900,49400
201412172394958,NABIL,28,5,197,1900,374300
201412172394931,NABIL,38,38,26,1908,49608
201412172394889,NABIL,3,5,100,1900,190000
201412172394923,NABILP,5,17,125,1268,158500
201412172394929,NABILP,5,49,200,1269,253800
201412172395073,NBB,39,58,150,460,69000
201412172395065,NBB,39,48,150,458,68700
201412172395058,NBB,36,25,10,455,4550
201412172394959,NBBL,5,51,40,1650,66000
201412172394887,NBBL,5,51,102,1640,167280
201412172394882,NBBL,5,51,20,1624,32480
201412172394881,NBBL,5,19,10,1623,16230
201412172394880,NBBL,5,19,10,1623,16230
201412172394879,NBBL,5,19,10,1623,16230
201412172394878,NBBL,5,19,10,1623,16230
201412172395362,NBF1,21,58,1498,13,19849
201412172395358,NBF1,21,58,1498,13,19849
201412172395232,NBF1,21,44,300,13,3990
201412172395222,NBF1,21,44,300,13,3990
201412172395221,NBF1,21,44,300,13,3990
201412172395217,NBF1,21,44,300,13,3990
201412172394978,NBF1,1,44,300,13,4032
201412172394971,NBF1,1,44,300,13,4032
201412172394967,NBF1,1,44,300,13,4032
201412172395133,NBF1,13,44,300,13,4005
201412172395129,NBF1,13,44,300,13,4005
201412172395098,NBF1,13,44,300,13,4020
201412172395097,NBF1,13,44,300,13,4020
201412172395052,NBF1,37,44,300,13,4020
201412172395153,NBF1,13,44,300,13,4005
201412172395150,NBF1,13,44,300,13,4005
201412172395148,NBF1,13,44,300,13,4005
201412172395145,NBF1,13,44,300,13,4005
201412172395143,NBF1,13,44,300,13,4005
201412172395139,NBF1,13,44,300,13,4005
201412172395214,NBF1,21,44,300,13,3990
201412172395210,NBF1,21,44,300,13,3990
201412172395207,NBF1,21,44,300,13,3990
201412172395204,NBF1,21,44,300,13,3990
201412172395199,NBF1,21,44,300,13,3990
201412172395198,NBF1,21,44,300,13,3990
201412172395244,NBL,34,49,1000,359,359000
201412172395172,NBL,3,25,536,362,194032
201412172395149,NBL,3,48,250,361,90250
201412172395142,NBL,6,57,395,360,142200
201412172395141,NBL,6,1,500,360,180000
201412172395135,NBL,6,50,403,360,145080
201412172395099,NBL,6,39,1000,359,359000
201412172395091,NBL,3,38,1083,358,387714
201412172395090,NBL,3,50,900,358,322200
201412172395083,NBL,3,6,4000,357,1428000
201412172394945,NBL,8,50,1100,356,391600
201412172395357,NCCB,10,48,20,576,11520
201412172395356,NCCB,10,14,200,576,115200
201412172395318,NCCB,45,45,1000,566,566000
201412172395315,NCCB,45,45,1000,565,565000
201412172395306,NCCB,45,45,1000,566,566000
201412172395285,NCCB,46,16,340,577,196180
201412172395004,NCCB,10,41,200,570,114000
201412172395016,NCCB,8,7,336,564,189504
201412172395009,NCCB,10,52,130,575,74750
201412172395008,NCCB,10,41,210,575,120750
201412172395007,NCCB,10,33,416,574,238784
201412172395006,NCCB,10,48,300,574,172200
201412172395005,NCCB,10,45,100,571,57100
201412172395096,NCCB,10,48,30,584,17520
201412172395080,NCCB,10,48,84,575,48300
201412172395059,NCCB,10,5,390,570,222300
201412172395053,NCCB,10,21,200,575,115000
201412172395269,NHPC,38,21,2000,123,246000
201412172395254,NHPC,11,3,1000,124,124000
201412172395176,NHPC,29,3,1000,124,124000
201412172395164,NHPC,20,3,300,124,37200
201412172395158,NHPC,7,3,500,124,62000
201412172395093,NHPC,7,25,1100,124,136400
201412172394988,NHPC,20,3,700,124,86800
201412172395144,NIB,16,57,583,720,419760
201412172394926,NIB,44,4,27,720,19440
201412172394921,NIB,44,26,623,720,448560
201412172394914,NIB,44,26,197,715,140855
201412172395314,NICA,25,57,150,685,102750
201412172395304,NICA,13,57,100,690,69000
201412172395044,NICL,32,21,1387,392,543704
201412172394968,NLBBL,38,19,64,943,60352
201412172394965,NLG,51,17,23,755,17365
201412172395228,NLIC,56,42,80,3901,312080
201412172395227,NLIC,14,42,20,3901,78020
201412172395226,NLIC,16,42,20,3902,78040
201412172395225,NLIC,16,42,20,3905,78100
201412172395224,NLIC,22,42,50,3905,195250
201412172395361,NLICL,44,6,673,2140,1440220
201412172395353,NLICL,40,49,100,2152,215200
201412172395342,NLICL,49,49,500,2145,1072500
201412172395341,NLICL,49,49,500,2145,1072500
201412172395236,NLICL,37,49,100,2150,215000
201412172395233,NLICL,44,49,700,2146,1502200
201412172394909,NLICL,44,41,100,2150,215000
201412172395211,NLICL,37,48,200,2175,435000
201412172395027,NLICL,14,19,53,2170,115010
201412172394997,NLICL,44,41,71,2160,153360
201412172394983,NLICL,44,45,59,2160,127440
201412172394982,NLICL,44,41,100,2159,215900
201412172394975,NLICL,44,53,110,2155,237050
201412172395212,NNLB,6,6,81,667,54027
201412172395370,NTC,38,8,100,613,61300
201412172395346,NTC,28,47,500,601,300500
201412172394999,PADBL,29,6,291,340,98940
201412172394986,PADBL,29,39,53,339,17967
201412172395301,PCBL,25,33,17,526,8942
201412172395279,PCBL,32,7,25,523,13075
201412172395276,PCBL,6,6,41,523,21443
201412172395267,PCBL,32,33,970,523,507310
201412172395266,PCBL,6,33,200,524,104800
201412172395265,PCBL,59,33,400,524,209600
201412172395134,PCBL,11,11,50,531,26550
201412172394976,PCBL,25,56,80,530,42400
201412172394960,PCBL,19,7,169,526,88894
201412172395215,PCBL,19,56,500,529,264500
201412172395162,PCBL,41,56,100,530,53000
201412172395160,PCBL,11,11,33,531,17523
201412172395152,PCBL,11,11,55,531,29205
201412172395151,PCBL,41,3,127,530,67310
201412172395136,PCBL,11,11,33,531,17523
201412172395264,PCBL,25,33,150,524,78600
201412172395263,PCBL,36,33,550,525,288750
201412172395262,PCBL,41,33,30,526,15780
201412172395261,PCBL,13,26,500,526,263000
201412172395258,PCBL,25,26,22,528,11616
201412172395250,PCBL,29,29,212,529,112148
201412172395223,PFCLL,52,58,100,118,11800
201412172395192,PFCLL,39,58,20,118,2360
201412172395030,PFCLL,32,7,50,119,5950
201412172394954,PFCLL,47,7,59,121,7139
201412172394925,PLIC,6,6,81,951,77031
201412172395102,PRDBL,37,1,100,147,14700
201412172395132,REDBL,35,56,1500,198,297000
201412172394940,REDBL,45,57,17,195,3315
201412172394939,REDBL,45,57,17,195,3315
201412172394938,REDBL,45,57,17,195,3315
201412172394937,REDBL,45,57,17,195,3315
201412172394936,REDBL,45,57,17,195,3315
201412172395298,RMDC,22,41,99,723,71577
201412172395069,RMDC,52,39,66,721,47586
201412172394973,RMDC,6,6,33,718,23694
201412172394961,RMDC,6,6,33,716,23628
201412172394884,RMDC,14,42,50,712,35600
201412172395310,SADBL,51,4,330,295,97350
201412172395186,SADBL,14,45,1000,290,290000
201412172394898,SADBL,6,45,200,290,58000
201412172394873,SADBL,14,45,300,290,87000
201412172395352,SANIMA,17,33,16,520,8320
201412172395351,SANIMA,49,25,100,520,52000
201412172395340,SANIMA,17,33,450,520,234000
201412172395333,SANIMA,38,33,1000,520,520000
201412172395332,SANIMA,52,33,100,520,52000
201412172395331,SANIMA,41,33,40,520,20800
201412172395200,SANIMA,25,42,300,529,158700
201412172395062,SANIMA,57,49,500,526,263000
201412172395014,SANIMA,42,26,1212,524,635088
201412172395330,SANIMA,22,33,300,523,156900
201412172395329,SANIMA,20,33,100,525,52500
201412172395328,SANIMA,25,33,50,525,26250
201412172395327,SANIMA,6,33,100,526,52600
201412172395326,SANIMA,46,33,100,527,52700
201412172395252,SANIMA,51,34,89,528,46992
201412172395242,SBI,25,44,500,1010,505000
201412172395238,SBI,39,43,365,1009,368285
201412172395218,SBI,26,41,42,1005,42210
201412172394885,SBI,25,5,78,1005,78390
201412172395067,SBL,25,1,23,645,14835
201412172395366,SCB,3,52,322,1911,615342
201412172395259,SCB,41,7,23,1940,44620
201412172395235,SCB,26,13,15,1950,29250
201412172394871,SCB,8,8,45,1950,87750
201412172395029,SDBL,5,6,640,156,99840
201412172395022,SEOS,22,39,2000,10,20800
201412172395021,SEOS,22,39,2000,10,20800
201412172395013,SEOS,46,39,2000,11,21000
201412172394984,SEOS,21,8,4100,11,43050
201412172395309,SETI,21,7,25,164,4100
201412172395251,SETI,17,22,200,165,33000
201412172394963,SFL,40,58,105,144,15120
201412172394908,SFL,40,16,24,143,3432
201412172394888,SHBL,1,5,10,406,4060
201412172395010,SHBL,1,17,13,406,5278
201412172395002,SHBL,50,21,10,407,4070
201412172394962,SHBL,1,21,10,406,4060
201412172395115,SHBL,14,21,10,407,4070
201412172395213,SHINE,57,14,1873,325,608725
201412172395208,SHINE,57,26,500,325,162500
201412172394995,SHINE,19,1,117,322,37674
201412172394987,SHINE,17,37,60,324,19440
201412172395335,SHL,11,49,200,475,95000
201412172395334,SHL,22,49,100,476,47600
201412172395349,SHPC,25,6,18,700,12600
201412172395205,SHPC,45,57,500,700,350000
201412172395191,SHPC,29,6,84,702,58968
201412172395187,SHPC,29,16,18,702,12636
201412172395079,SHPC,41,53,45,701,31545
201412172395060,SHPC,28,53,90,700,63000
201412172394916,SHPC,36,59,54,700,37800
201412172394895,SHPC,28,55,267,699,186633
201412172394947,SHPC,44,44,18,700,12600
201412172394941,SHPC,44,44,18,700,12600
201412172394928,SHPC,44,44,10,702,7020
201412172394920,SHPC,36,46,18,700,12600
201412172394919,SHPC,36,38,18,700,12600
201412172394918,SHPC,36,6,110,700,77000
201412172394910,SIC,19,11,200,1180,236000
201412172395371,SKBBL,51,1,131,1230,161130
201412172395278,SKBBL,41,17,19,1235,23465
201412172395175,SRBL,45,1,130,395,51350
201412172395101,SRBL,51,32,484,397,192148
201412172395070,SRBL,45,8,500,399,199500
201412172395039,SRBL,45,8,500,397,198500
201412172395032,SRBL,45,51,94,395,37130
201412172395196,SUBBL,17,21,59,290,17110
201412172395182,SUBBL,17,49,16,290,4640
201412172395061,SUPRME,45,47,1000,136,136000
201412172394977,SUPRME,52,39,60,137,8220
201412172395339,SWBBL,41,21,93,1840,171120
201412172395277,SWBBL,26,6,145,1841,266945
201412172395257,SWBBL,39,13,20,1850,37000
201412172395243,SWBBL,14,56,107,1847,197629
201412172395113,SWBBL,26,16,150,1850,277500
201412172395107,SWBBL,6,6,50,1848,92400
201412172395103,SWBBL,14,16,63,1855,116865
201412172395078,SWBBL,33,7,100,1849,184900
201412172394915,SWBBL,14,21,50,1850,92500
201412172395181,VBBL,25,51,20,125,2500
201412172395270,YETI,47,25,99,127,12573
201412172395253,YETI,47,25,80,127,10160
201412172395180,YETI,6,6,23,128,2944
201412172395023,YETI,21,10,296,128,37888
201412172394969,YETI,21,51,11,128,1408
201412172394934,YETI,49,49,110,129,14190
201412172394924,YETI,49,43,70,127,8890
201412172394893,YETI,38,36,60,128,7680
201412172394892,YETI,38,39,40,130,5200
201412172394877,YETI,38,25,30,132,3960
201412172394847,ADBL,42,48,90,480,43200
201412172394828,ADBL,22,17,41,480,19680
201412172394827,ADBL,22,17,30,480,14400
201412172394402,ADBL,6,40,150,480,72000
201412172394485,ADBL,42,5,72,480,34560
201412172394406,ADBL,42,40,159,480,76320
201412172394593,ADBL,1,51,101,480,48480
201412172394592,ADBL,6,54,782,482,376924
201412172394587,ADBL,1,57,30,480,14400
201412172394584,ADBL,1,57,30,480,14400
201412172394747,ADBL,6,6,40,481,19240
201412172394839,AHPC,11,57,500,367,183500
201412172394834,AHPC,45,57,500,367,183500
201412172394756,AHPC,17,57,200,370,74000
201412172394755,AHPC,41,57,300,370,111000
201412172394741,AHPC,40,57,100,371,37100
201412172394736,AHPC,32,57,100,374,37400
201412172394380,AHPC,29,21,118,374,44132
201412172394733,AHPC,45,57,100,375,37500
201412172394707,AHPC,29,57,300,374,112200
201412172394578,AHPC,42,21,500,374,187000
201412172394517,AHPC,1,36,161,375,60375
201412172394408,AHPC,44,44,584,370,216080
201412172394393,AHPC,11,8,42,375,15750
201412172394860,AIC,37,28,40,439,17560
201412172394559,AIC,13,17,325,438,142350
201412172394638,AIC,37,26,18,439,7902
201412172394634,AIC,41,26,29,440,12760
201412172394702,ALICL,34,19,117,1109,129753
201412172394510,ALICL,11,19,16,1110,17760
201412172394470,ALICL,28,42,31,1100,34100
201412172394427,APEX,5,44,254,120,30480
201412172394426,APEX,5,39,100,120,12000
201412172394505,APEX,45,4,104,118,12272
201412172394619,APEX,26,48,20,121,2420
201412172394618,APEX,26,48,20,121,2420
201412172394617,APEX,26,48,20,121,2420
201412172394616,APEX,26,48,20,121,2420
201412172394615,APEX,26,48,20,121,2420
201412172394614,APEX,26,11,50,119,5950
201412172394767,APEX,58,21,11,121,1331
201412172394766,APEX,58,13,40,121,4840
201412172394778,APEX,58,21,22,121,2662
201412172394730,ARDBL,13,6,20,146,2920
201412172394718,ARDBL,13,51,27,145,3915
201412172394597,ARDBL,37,11,70,144,10080
201412172394539,ARDBL,45,33,31,144,4464
201412172394412,ARDBL,49,11,70,144,10080
201412172394377,ARDBL,49,51,40,145,5800
201412172394823,BLDBL,56,58,100,451,45100
201412172394821,BLDBL,56,26,96,450,43200
201412172394813,BLDBL,56,28,99,450,44550
201412172394812,BLDBL,56,19,300,449,134700
201412172394632,BLDBL,56,17,500,446,223000
201412172394528,BLDBL,20,46,500,444,222000
201412172394468,BLDBL,48,29,158,446,70468
201412172394443,BLDBL,56,29,794,445,353330
201412172394418,BLDBL,19,7,121,449,54329
201412172394840,BPCL,38,56,133,587,78071
201412172394832,BPCL,38,28,184,586,107824
201412172394831,BPCL,38,21,500,585,292500
201412172394852,BSBL,32,7,45,299,13455
201412172394867,BUDBL,29,26,90,188,16920
201412172394862,BUDBL,38,21,71,191,13561
201412172394824,BUDBL,29,21,100,188,18800
201412172394423,BUDBL,57,21,242,188,45496
201412172394422,BUDBL,57,21,100,185,18500
201412172394397,CBBL,19,19,52,1091,56732
201412172394809,CBL,34,43,1000,272,272000
201412172394691,CBL,32,1,500,272,136000
201412172394688,CBL,8,43,500,270,135000
201412172394679,CBL,32,29,88,270,23760
201412172394678,CBL,34,45,792,270,213840
201412172394409,CBL,48,49,131,269,35239
201412172394395,CBL,53,40,133,270,35910
201412172394561,CBL,33,43,84,274,23016
201412172394547,CBL,33,1,52,273,14196
201412172394432,CBL,17,17,165,270,44550
201412172394419,CBL,17,17,165,270,44550
201412172394411,CBL,5,10,204,268,54672
201412172394677,CBL,34,59,200,270,54000
201412172394667,CBL,32,26,90,270,24300
201412172394652,CBL,51,43,500,269,134500
201412172394583,CBL,33,33,153,274,41922
201412172394854,CCBL,13,13,24,277,6648
201412172394853,CCBL,16,5,31,276,8556
201412172394825,CCBL,1,21,245,277,67865
201412172394799,CCBL,26,21,245,276,67620
201412172394798,CCBL,26,49,306,275,84150
201412172394774,CCBL,56,56,276,275,75900
201412172394461,CCBL,46,46,17,276,4692
201412172394448,CCBL,46,46,17,276,4692
201412172394441,CCBL,6,21,40,275,11000
201412172394410,CCBL,46,46,17,276,4692
201412172394398,CCBL,6,46,40,275,11000
201412172394580,CCBL,32,59,80,272,21760
201412172394520,CCBL,49,21,40,275,11000
201412172394519,CCBL,49,34,40,275,11000
201412172394513,CCBL,6,36,10,275,2750
201412172394509,CCBL,6,36,10,275,2750
201412172394499,CCBL,33,33,40,274,10960
201412172394613,CCBL,56,59,152,272,41344
201412172394610,CCBL,56,59,273,272,74256
201412172394603,CCBL,56,7,1000,274,274000
201412172394601,CCBL,56,59,276,272,75072
201412172394590,CCBL,33,59,122,271,33062
201412172394588,CCBL,38,59,476,271,128996
201412172394765,CCBL,56,56,276,275,75900
201412172394764,CCBL,56,56,276,275,75900
201412172394762,CCBL,13,39,40,275,11000
201412172394625,CCBL,13,21,40,275,11000
201412172394863,CDBL,13,53,87,382,33234
201412172394743,CDBL,37,37,15,382,5730
201412172394723,CDBL,37,37,15,382,5730
201412172394711,CDBL,37,37,15,382,5730
201412172394404,CDBL,34,17,410,380,155800
201412172394378,CDBL,42,11,16,380,6080
201412172394514,CDBL,32,32,92,384,35328
201412172394804,CHCL,28,43,447,1671,746937
201412172394801,CHCL,32,8,23,1695,38985
201412172394655,CHCL,5,19,100,1684,168400
201412172394602,CHCL,19,19,18,1686,30348
201412172394579,CHCL,19,52,62,1683,104346
201412172394564,CHCL,14,49,100,1671,167100
201412172394452,CHCL,22,45,105,1682,176610
201412172394405,CHCL,41,10,26,1690,43940
201412172394545,CHCL,22,25,100,1679,167900
201412172394500,CHCL,25,43,200,1684,336800
201412172394486,CHCL,1,52,37,1685,62345
201412172394480,CHCL,11,43,400,1670,668000
201412172394467,CHCL,50,45,14,1686,23604
201412172394465,CHCL,7,45,100,1680,168000
201412172394763,CNDBL,45,50,1000,168,168000
201412172394760,CNDBL,45,50,1000,168,168000
201412172394372,CNDBL,50,50,20,169,3380
201412172394472,CORBL,47,39,10,125,1250
201412172394469,CORBL,47,32,30,125,3750
201412172394464,CORBL,47,47,30,125,3750
201412172394462,CORBL,47,47,30,125,3750
201412172394447,CORBL,47,47,30,127,3810
201412172394445,CORBL,47,6,40,127,5080
201412172394439,CORBL,47,47,30,127,3810
201412172394438,CORBL,47,47,30,127,3810
201412172394437,CORBL,47,11,60,127,7620
201412172394435,CORBL,47,47,30,127,3810
201412172394738,CZBIL,48,45,200,415,83000
201412172394653,CZBIL,32,32,140,415,58100
201412172394697,DDBL,32,45,50,900,45000
201412172394668,DDBL,32,10,36,900,32400
201412172394657,DDBL,32,10,36,900,32400
201412172394654,DDBL,32,10,36,900,32400
201412172394651,DDBL,32,10,36,900,32400
201412172394851,EBL,8,8,500,1901,950500
201412172394835,EBL,42,8,500,1900,950000
201412172394777,EBL,8,8,500,1900,950000
201412172394773,EBL,32,44,100,1914,191400
201412172394751,EBL,38,44,100,1913,191300
201412172394750,EBL,16,8,500,1900,950000
201412172394546,EBL,16,5,134,1900,254600
201412172394544,EBL,41,5,20,1910,38200
201412172394532,EBL,22,5,100,1900,190000
201412172394413,EBL,29,44,100,1913,191300
201412172394746,EBL,16,8,500,1900,950000
201412172394729,EBL,38,1,752,1905,1432560
201412172394623,EBL,38,5,100,1910,191000
201412172394552,EBL,17,5,42,1900,79800
201412172394543,EKBL,45,45,33,185,6105
201412172394429,EKBL,1,25,10,186,1860
201412172394555,GBBL,32,26,39,305,11895
201412172394457,GBBL,46,41,70,304,21280
201412172394870,GBIME,38,26,96,513,49248
201412172394855,GBIME,25,50,200,507,101400
201412172394753,GBIME,44,6,1089,504,548856
201412172394661,GBIME,16,26,36,509,18324
201412172394656,GBIME,16,1,302,508,153416
201412172394630,GBIME,1,38,60,508,30480
201412172394484,GBIME,29,6,201,505,101505
201412172394570,GBIME,1,38,160,508,81280
201412172394534,GBIME,38,38,60,513,30780
201412172394529,GBIME,38,26,36,512,18432
201412172394527,GBIME,38,43,39,511,19929
201412172394516,GBIME,45,58,455,506,230230
201412172394515,GBIME,29,49,222,505,112110
201412172394627,GDBL,25,14,44,226,9944
201412172394565,GDBL,25,14,200,225,45000
201412172394560,GDBL,32,44,809,225,182025
201412172394531,GDBL,25,10,776,224,173824
201412172394734,GLICL,39,59,300,540,162000
201412172394671,GLICL,39,59,300,540,162000
201412172394488,GLICL,43,45,53,536,28408
201412172394401,GLICL,17,17,111,536,59496
201412172394391,GLICL,17,17,111,536,59496
201412172394864,GRAND,13,21,500,175,87500
201412172394748,GRAND,49,4,486,176,85536
201412172394392,HBDL,16,13,100,101,10100
201412172394848,HDL,38,37,100,460,46000
201412172394575,HDL,38,36,10,455,4550
201412172394557,HDL,38,19,50,455,22750
201412172394478,HDL,38,25,100,460,46000
201412172394684,JBBL,36,45,70,158,11060
201412172394549,JBBL,36,47,530,155,82150
201412172394466,JBBL,22,35,310,155,48050
201412172394449,JBBL,36,35,300,155,46500
201412172394436,JBBL,45,35,300,157,47100
201412172394421,JBBL,29,35,200,158,31600
201412172394390,JBBL,36,47,650,157,102050
201412172394787,JBNL,3,57,110,249,27390
201412172394735,JBNL,29,54,828,252,208656
201412172394732,JBNL,29,49,413,251,103663
201412172394681,JBNL,20,57,43,250,10750
201412172394598,KAFIL,17,13,30,195,5850
201412172394511,KAFIL,17,32,100,195,19500
201412172394497,KAFIL,17,1,10,192,1920
201412172394414,KAFIL,17,1,10,189,1890
201412172394608,KBBL,43,45,162,329,53298
201412172394605,KBBL,54,45,491,330,162030
201412172394450,KBBL,40,41,200,335,67000
201412172394850,KBL,11,51,139,394,54766
201412172394849,KBL,11,39,100,394,39400
201412172394508,KBL,38,16,56,396,22176
201412172394856,KDBL,55,33,43,115,4945
201412172394757,KDBL,25,33,43,115,4945
201412172394749,KDBL,55,33,43,115,4945
201412172394591,KDBL,51,33,43,116,4988
201412172394433,KDBL,5,48,27,117,3159
201412172394669,KEBL,17,16,80,392,31360
201412172394664,KEBL,17,40,52,391,20332
201412172394663,KEBL,17,6,100,390,39000
201412172394818,KMCDB,26,29,10,607,6070
201412172394817,KMCDB,26,47,20,605,12100
201412172394816,KMCDB,26,47,500,605,302500
201412172394489,KMCDB,16,1,82,586,48052
201412172394474,KMCDB,50,1,82,590,48380
201412172394491,KMCDB,26,1,82,585,47970
201412172394662,KMCDB,25,47,10,596,5960
201412172394659,KMCDB,25,22,27,596,16092
201412172394650,KMCDB,16,22,110,595,65450
201412172394815,KMCDB,26,46,10,600,6000
201412172394772,KMCDB,26,17,40,600,24000
201412172394771,KMCDB,26,1,10,599,5990
201412172394770,KMCDB,26,1,10,598,5980
201412172394769,KMCDB,26,47,10,596,5960
201412172394706,LBL,17,54,199,493,98107
201412172394696,LBL,41,54,40,494,19760
201412172394694,LBL,41,54,50,494,24700
201412172394687,LBL,45,54,500,493,246500
201412172394487,LFLC,14,13,185,189,34965
201412172394727,LLBS,32,28,10,600,6000
201412172394725,LLBS,32,28,10,600,6000
201412172394724,LLBS,32,28,10,600,6000
201412172394722,LLBS,32,28,10,600,6000
201412172394720,LLBS,32,28,10,600,6000
201412172394585,LLBS,32,22,41,600,24600
201412172394415,LLBS,32,1,10,605,6050
201412172394373,LLBS,32,46,10,605,6050
201412172394683,LUBL,25,39,40,337,13480
201412172394674,LUBL,16,1,200,335,67000
201412172394596,LUBL,13,44,333,330,109890
201412172394498,LUBL,17,44,144,332,47808
201412172394494,LUBL,36,44,99,333,32967
201412172394794,MBL,22,1,49,535,26215
201412172394793,MBL,38,32,464,528,244992
201412172394690,MBL,34,33,1095,525,574875
201412172394399,MBL,22,7,100,522,52200
201412172394374,MBL,10,41,85,522,44370
201412172394866,MDB,16,28,26,442,11492
201412172394416,MDB,21,21,190,436,82840
201412172394869,MEGA,38,50,440,400,176000
201412172394859,MEGA,43,54,363,400,145200
201412172394761,MEGA,43,50,329,400,131600
201412172394731,MEGA,26,50,231,400,92400
201412172394717,MEGA,59,50,114,401,45714
201412172394715,MEGA,22,8,364,400,145600
201412172394453,MEGA,49,4,37,402,14874
201412172394407,MEGA,7,47,110,400,44000
201412172394370,MEGA,7,47,32,401,12832
201412172394526,MEGA,29,13,96,400,38400
201412172394495,MEGA,1,50,96,400,38400
201412172394493,MEGA,29,13,96,400,38400
201412172394473,MEGA,19,13,16,403,6448
201412172394463,MEGA,25,47,110,401,44110
201412172394459,MEGA,19,1,10,403,4030
201412172394676,MEGA,39,22,312,402,125424
201412172394672,MEGA,59,26,20,402,8040
201412172394665,MEGA,41,50,128,400,51200
201412172394646,MEGA,11,43,48,401,19248
201412172394541,MEGA,29,6,329,401,131929
201412172394540,MEGA,29,50,80,400,32000
201412172394525,MLBBL,43,33,10,718,7180
201412172394810,MNBBL,17,42,128,473,60544
201412172394728,MNBBL,14,42,200,476,95200
201412172394371,MNBBL,6,6,100,475,47500
201412172394504,MNBBL,25,38,73,477,34821
201412172394477,MNBBL,56,49,70,478,33460
201412172394476,MNBBL,32,49,20,480,9600
201412172394442,MNBBL,36,6,200,478,95600
201412172394569,MNBBL,14,42,200,475,95000
201412172394566,MNBBL,14,49,42,474,19908
201412172394721,MTBL,22,47,10,193,1930
201412172394789,NABIL,34,29,106,1900,201400
201412172394645,NABIL,45,29,54,1900,102600
201412172394624,NABIL,35,26,100,1899,189900
201412172394595,NABIL,16,26,500,1880,940000
201412172394571,NABIL,53,56,20,1900,38000
201412172394550,NABIL,22,13,26,1900,49400
201412172394496,NABIL,16,33,350,1890,661500
201412172394375,NABIL,3,59,100,1900,190000
201412172394460,NABILP,50,14,100,1250,125000
201412172394643,NBB,38,38,300,450,135000
201412172394642,NBB,36,28,38,458,17404
201412172394641,NBB,36,28,38,458,17404
201412172394640,NBB,36,28,38,458,17404
201412172394639,NBB,36,28,38,457,17366
201412172394606,NBB,29,22,66,456,30096
201412172394553,NBB,14,57,561,452,253572
201412172394542,NBB,38,57,200,452,90400
201412172394482,NBB,29,22,164,452,74128
201412172394455,NBBL,38,33,10,1619,16190
201412172394752,NBF1,21,41,2398,13,32253
201412172394820,NBL,1,50,500,360,180000
201412172394803,NBL,34,50,1000,356,356000
201412172394622,NBL,41,22,1000,356,356000
201412172394607,NBL,42,42,500,359,179500
201412172394594,NBL,13,49,837,355,297135
201412172394535,NBL,42,35,1000,356,356000
201412172394512,NBL,3,59,1000,354,354000
201412172394403,NBL,34,33,95,361,34295
201412172394400,NBL,17,22,485,356,172660
201412172394383,NBL,25,25,783,358,280314
201412172394386,NBSL,32,32,815,281,229015
201412172394384,NBSL,32,50,12,286,3432
201412172394786,NCCB,10,14,378,573,216594
201412172394785,NCCB,10,48,500,572,286000
201412172394782,NCCB,10,26,63,572,36036
201412172394781,NCCB,10,6,530,571,302630
201412172394780,NCCB,10,22,290,570,165300
201412172394779,NCCB,10,4,500,569,284500
201412172394628,NCCB,10,8,210,570,119700
201412172394620,NCCB,10,25,836,566,473176
201412172394609,NCCB,10,54,500,560,280000
201412172394675,NCM,5,54,135,208,28080
201412172394533,NCM,5,54,100,212,21200
201412172394758,NGBL,29,39,20,270,5400
201412172394802,NHPC,52,25,1447,124,179428
201412172394796,NHPC,38,3,200,125,25000
201412172394795,NHPC,52,3,850,124,105400
201412172394742,NHPC,6,3,1000,123,123000
201412172394737,NHPC,13,3,2000,123,246000
201412172394666,NHPC,1,3,1000,123,123000
201412172394567,NHPC,54,45,500,123,61500
201412172394868,NIB,42,22,72,718,51696
201412172394685,NIB,22,26,224,710,159040
201412172394660,NIBPO,59,59,200,448,89600
201412172394388,NICA,29,41,130,695,90350
201412172394483,NICL,32,21,300,400,120000
201412172394382,NICL,55,26,500,400,200000
201412172394538,NLG,51,21,370,755,279350
201412172394502,NLG,51,37,26,758,19708
201412172394454,NLG,51,43,26,760,19760
201412172394807,NNLB,14,8,10,665,6650
201412172394806,NNLB,14,21,10,664,6640
201412172394805,NNLB,14,21,10,664,6640
201412172394475,NNLB,32,38,10,652,6520
201412172394446,NTC,17,17,100,601,60100
201412172394396,NTC,22,32,55,600,33000
201412172394536,NTC,38,16,50,612,30600
201412172394481,NTC,17,17,100,601,60100
201412172394456,NTC,17,17,100,601,60100
201412172394562,OHL,43,41,40,619,24760
201412172394783,PADBL,29,6,261,334,87174
201412172394695,PCBL,29,25,251,531,133281
201412172394689,PCBL,29,5,31,530,16430
201412172394673,PCBL,22,25,500,529,264500
201412172394647,PCBL,29,39,70,528,36960
201412172394644,PCBL,1,17,73,525,38325
201412172394635,PCBL,29,19,67,526,35242
201412172394633,PCBL,41,7,49,526,25774
201412172394506,PCBL,44,35,509,521,265189
201412172394451,PCBL,29,43,62,524,32488
201412172394417,PCBL,13,7,129,521,67209
201412172394376,PCBL,51,41,209,522,109098
201412172394865,PFCLL,14,22,30,123,3690
201412172394792,PFCLL,14,22,30,125,3750
201412172394492,PFCLL,14,22,30,127,3810
201412172394385,PFCLL,14,22,30,129,3870
201412172394471,PIC,22,1,24,803,19272
201412172394838,PLIC,6,6,13,951,12363
201412172394837,PLIC,6,6,13,951,12363
201412172394434,PLIC,44,45,30,951,28530
201412172394649,PRDBL,37,17,60,150,9000
201412172394604,PRDBL,37,6,210,153,32130
201412172394744,PURBL,32,13,11,306,3366
201412172394626,PURBL,44,39,50,300,15000
201412172394710,REDBL,35,57,17,195,3315
201412172394637,REDBL,56,14,174,196,34104
201412172394636,REDBL,56,39,500,195,97500
201412172394530,RHPC,56,33,10,490,4900
201412172394428,RHPC,56,33,10,490,4900
201412172394861,RMDC,8,57,34,715,24310
201412172394836,RMDC,14,7,198,720,142560
201412172394797,RMDC,44,44,33,719,23727
201412172394784,RMDC,44,44,22,719,15818
201412172394759,RMDC,44,44,33,719,23727
201412172394754,RMDC,44,44,33,719,23727
201412172394576,RMDC,13,57,34,725,24650
201412172394548,RMDC,11,46,90,730,65700
201412172394381,RMDC,17,17,33,726,23958
201412172394670,SADBL,14,14,360,292,105120
201412172394826,SANIMA,57,14,448,528,236544
201412172394819,SANIMA,57,37,946,527,498542
201412172394790,SANIMA,25,17,188,526,98888
201412172394521,SANIMA,42,36,15,522,7830
201412172394458,SANIMA,41,38,66,520,34320
201412172394693,SBI,39,49,109,1005,109545
201412172394551,SBI,1,1,221,1003,221663
201412172394745,SBL,25,14,160,640,102400
201412172394740,SBL,25,28,245,637,156065
201412172394658,SBL,25,5,50,635,31750
201412172394577,SBL,22,45,100,626,62600
201412172394705,SDBL,6,39,100,153,15300
201412172394682,SDBL,17,39,128,150,19200
201412172394680,SETI,17,57,23,163,3749
201412172394858,SHBL,1,5,10,406,4060
201412172394776,SHBL,1,36,10,406,4060
201412172394775,SHBL,50,36,10,407,4070
201412172394768,SHBL,50,36,10,407,4070
201412172394629,SHINE,1,48,64,324,20736
201412172394612,SHINE,19,48,500,324,162000
201412172394822,SHL,19,49,100,484,48400
201412172394846,SHPC,44,44,12,698,8376
201412172394830,SHPC,44,44,18,698,12564
201412172394814,SHPC,44,44,15,698,10470
201412172394700,SHPC,39,4,54,698,37692
201412172394698,SHPC,39,39,36,697,25092
201412172394599,SHPC,26,14,78,697,54366
201412172394586,SHPC,52,1,12,693,8316
201412172394582,SHPC,26,1,15,694,10410
201412172394563,SHPC,17,39,108,696,75168
201412172394501,SHPC,42,41,360,695,250200
201412172394440,SHPC,36,38,18,691,12438
201412172394524,SIC,19,45,40,1189,47560
201412172394490,SIC,6,58,10,1213,12130
201412172394726,SICL,37,39,70,761,53270
201412172394713,SICL,51,39,200,762,152400
201412172394708,SICL,21,39,40,765,30600
201412172394389,SIGS1,14,38,1000,14,14360
201412172394379,SIGS1,14,38,1000,14,14360
201412172394833,SKBBL,10,14,78,1231,96018
201412172394829,SKBBL,10,21,177,1223,216471
201412172394800,SKBBL,19,46,19,1225,23275
201412172394788,SKBBL,19,17,20,1224,24480
201412172394444,SKBBL,10,38,19,1206,22914
201412172394431,SKBBL,19,38,19,1212,23028
201412172394558,SLBBL,55,38,10,1926,19260
201412172394394,SLBBL,55,39,10,1889,18890
201412172394425,SLICL,44,49,34,629,21386
201412172394424,SLICL,22,49,34,630,21420
201412172394704,SRBL,13,34,145,390,56550
201412172394703,SRBL,13,1,50,390,19500
201412172394699,SRBL,13,47,125,390,48750
201412172394556,SRBL,13,7,100,386,38600
201412172394554,SRBL,13,26,31,385,11935
201412172394537,SRBL,1,7,472,386,182192
201412172394430,SRBL,46,46,71,381,27051
201412172394369,SRBL,42,41,504,386,194544
201412172394568,SUBBL,17,49,29,294,8526
201412172394845,SUPRME,52,47,480,138,66240
201412172394844,SUPRME,47,47,100,139,13900
201412172394843,SUPRME,16,47,150,140,21000
201412172394842,SUPRME,6,47,100,140,14000
201412172394841,SUPRME,25,47,170,141,23970
201412172394808,SUPRME,25,1,30,141,4230
201412172394631,SUPRME,25,1,100,140,14000
201412172394611,SUPRME,52,39,90,139,12510
201412172394857,SWBBL,46,21,10,1836,18360
201412172394811,SWBBL,10,13,30,1830,54900
201412172394621,SWBBL,13,13,40,1810,72400
201412172394600,SWBBL,13,13,50,1810,90500
201412172394589,SWBBL,10,13,100,1815,181500
201412172394581,SWBBL,13,14,133,1811,240863
201412172394574,SWBBL,46,14,212,1810,383720
201412172394522,SWBBL,38,14,498,1805,898890
201412172394518,SWBBL,5,17,99,1809,179091
201412172394507,SWBBL,54,13,50,1808,90400
201412172394503,SWBBL,20,43,50,1805,90250
201412172394420,SWBBL,22,58,200,1805,361000
201412172394572,WDBL,22,26,20,208,4160
201412172394791,YETI,38,25,44,134,5896
201412172394719,YETI,3,3,20,136,2720
201412172394712,YETI,3,3,20,134,2680
201412172394709,YETI,3,3,20,132,2640
201412172394701,YETI,3,3,11,130,1430
201412172394692,YETI,3,3,11,128,1408
201412172394686,YETI,3,3,11,128,1408
201412172394648,YETI,3,3,11,126,1386
201412172394479,YETI,13,39,40,124,4960
201412172394387,YETI,26,26,30,126,3780
201412172394360,ADBL,6,59,30,480,14400
201412172394330,ADBL,53,58,700,479,335300
201412172394043,ADBL,22,44,90,483,43470
201412172394321,AHPC,11,17,41,375,15375
201412172394302,AHPC,29,34,204,376,76704
201412172394231,AHPC,32,36,300,376,112800
201412172394334,AIC,10,59,68,438,29784
201412172394140,AIC,38,59,350,442,154700
201412172394044,AIC,41,41,55,437,24035
201412172394192,AIC,6,6,200,444,88800
201412172394169,AIC,46,25,163,444,72372
201412172394167,AIC,46,16,17,444,7548
201412172394209,ALDBL,43,29,40,250,10000
201412172394273,ALICL,44,57,500,1098,549000
201412172394299,APEX,45,36,30,118,3540
201412172394294,APEX,45,36,30,118,3540
201412172394292,APEX,45,36,30,118,3540
201412172394291,APEX,45,36,30,118,3540
201412172394022,APEX,46,36,30,117,3510
201412172394289,APEX,45,36,30,118,3540
201412172394259,APEX,58,57,500,119,59500
201412172394257,APEX,7,7,30,119,3570
201412172394109,ARDBL,1,37,21,143,3003
201412172394101,ARDBL,49,37,21,144,3024
201412172394034,ARDBL,49,37,21,144,3024
201412172394310,BLDBL,20,58,500,446,223000
201412172394240,BLDBL,20,40,29,446,12934
201412172394166,BLDBL,20,6,40,445,17800
201412172394090,BLDBL,20,25,874,443,387182
201412172394085,BLDBL,56,25,500,445,222500
201412172394312,BPCL,40,13,133,587,78071
201412172394303,BPCL,45,13,100,590,59000
201412172394213,BPCL,55,50,133,595,79135
201412172394159,BSBL,44,22,30,300,9000
201412172394133,BUDBL,32,32,133,185,24605
201412172394129,BUDBL,32,32,500,182,91000
201412172394331,CBL,53,34,194,270,52380
201412172394275,CBL,53,1,102,271,27642
201412172394250,CBL,53,21,306,270,82620
201412172394247,CBL,48,57,1000,271,271000
201412172394243,CBL,53,34,1000,270,270000
201412172394026,CBL,33,42,70,282,19740
201412172394009,CBL,33,33,1671,280,467880
201412172394123,CBL,53,41,138,270,37260
201412172394065,CBL,53,44,155,267,41385
201412172394049,CBL,53,34,1000,272,272000
201412172394041,CBL,53,44,34,277,9418
201412172394225,CBL,1,29,102,270,27540
201412172394215,CBL,33,29,102,271,27642
201412172394161,CBL,48,44,82,269,22058
201412172394270,CCBL,28,28,36,272,9792
201412172394251,CCBL,28,28,36,272,9792
201412172394155,CCBL,32,38,10,268,2680
201412172394151,CCBL,32,38,10,270,2700
201412172394148,CCBL,32,13,10,270,2700
201412172394146,CCBL,32,38,10,270,2700
201412172394137,CCBL,32,38,10,270,2700
201412172394120,CCBL,48,36,32,273,8736
201412172394119,CCBL,36,36,40,273,10920
201412172394117,CCBL,36,38,10,273,2730
201412172394111,CCBL,38,16,153,274,41922
201412172394202,CDBL,56,26,115,380,43700
201412172394201,CDBL,56,26,200,380,76000
201412172394163,CDBL,1,26,500,380,190000
201412172394092,CDBL,49,49,457,381,174117
201412172394347,CHCL,41,7,60,1690,101400
201412172394346,CHCL,41,43,200,1689,337800
201412172394293,CHCL,11,1,100,1689,168900
201412172394288,CHCL,11,43,144,1688,243072
201412172394284,CHCL,11,51,140,1685,235900
201412172394183,CHCL,53,39,100,1690,169000
201412172394182,CHCL,6,39,50,1690,84500
201412172394181,CHCL,17,39,50,1690,84500
201412172394180,CHCL,49,39,50,1691,84550
201412172394179,CHCL,53,39,50,1700,85000
201412172394178,CHCL,41,39,50,1700,85000
201412172394011,CHCL,22,22,1190,1720,2046800
201412172394206,CIT,45,47,67,2905,194635
201412172394007,CNDBL,1,22,20,166,3320
201412172394006,CNDBL,1,22,20,166,3320
201412172394005,CNDBL,1,22,20,166,3320
201412172394004,CNDBL,1,22,20,166,3320
201412172394063,CZBIL,22,8,21,415,8715
201412172394358,EBL,42,44,100,1914,191400
201412172394355,EBL,42,48,65,1913,124345
201412172394333,EBL,1,44,100,1912,191200
201412172394278,EBL,48,16,200,1910,382000
201412172394263,EBL,33,33,200,1909,381800
201412172394042,EBL,44,44,200,1934,386800
201412172394003,EBL,48,44,130,1935,251550
201412172394002,EBL,48,42,170,1935,328950
201412172393960,EBL,48,42,200,1935,387000
201412172394154,EBL,38,26,140,1903,266420
201412172394153,EBL,49,49,830,1915,1589450
201412172394130,EBL,38,44,100,1918,191800
201412172394121,EBL,13,44,200,1905,381000
201412172394115,EBL,16,39,100,1909,190900
201412172394080,EBL,28,48,500,1901,950500
201412172394253,EBL,13,52,100,1900,190000
201412172394241,EBL,13,16,190,1900,361000
201412172394238,EBL,38,39,100,1901,190100
201412172394194,EBL,22,26,48,1905,91440
201412172394187,EBL,40,26,100,1902,190200
201412172394128,EBLCP,52,28,21,820,17220
201412172393963,EKBL,1,1,33,183,6039
201412172393961,EKBL,1,1,33,183,6039
201412172393958,EKBL,1,1,33,183,6039
201412172393957,EKBL,1,1,33,183,6039
201412172393956,EKBL,1,1,33,183,6039
201412172393955,EKBL,1,1,33,183,6039
201412172393923,EKBL,1,1,33,183,6039
201412172393936,EKBL,16,16,196,184,36064
201412172393935,EKBL,1,1,33,183,6039
201412172393931,EKBL,1,1,33,183,6039
201412172393928,EKBL,1,1,33,183,6039
201412172393925,EKBL,1,1,33,183,6039
201412172393924,EKBL,1,1,33,183,6039
201412172393944,EKBL,1,1,33,183,6039
201412172393943,EKBL,1,1,33,183,6039
201412172393942,EKBL,1,1,33,183,6039
201412172393941,EKBL,1,1,33,183,6039
201412172393940,EKBL,1,1,33,183,6039
201412172393938,EKBL,1,1,33,183,6039
201412172393954,EKBL,1,1,33,183,6039
201412172393953,EKBL,1,1,33,183,6039
201412172393948,EKBL,1,1,33,183,6039
201412172393947,EKBL,1,1,33,183,6039
201412172393946,EKBL,1,1,33,183,6039
201412172393945,EKBL,1,1,33,183,6039
201412172394207,GBIME,25,35,200,505,101000
201412172394135,GBIME,11,10,200,506,101200
201412172394134,GBIME,49,10,100,506,50600
201412172394051,GBIME,40,44,35,508,17780
201412172394354,GDBL,32,10,1000,226,226000
201412172394353,GDBL,25,10,300,227,68100
201412172394352,GDBL,28,10,100,230,23000
201412172394177,GLICL,22,7,100,545,54500
201412172394162,GLICL,51,44,125,544,68000
201412172394317,GRAND,6,26,500,175,87500
201412172394227,GRAND,19,56,150,177,26550
201412172394221,GRAND,13,26,181,177,32037
201412172394220,GRAND,13,52,200,177,35400
201412172394050,GRAND,56,56,500,180,90000
201412172393934,HAMA,22,22,60,118,7080
201412172393932,HAMA,22,22,60,118,7080
201412172393930,HAMA,22,22,60,118,7080
201412172393929,HAMA,22,22,60,118,7080
201412172393927,HAMA,22,22,60,118,7080
201412172393926,HAMA,22,22,60,118,7080
201412172394362,HBDL,33,32,1000,100,100000
201412172394305,HDL,47,17,50,460,23000
201412172394309,HGI,38,57,500,520,260000
201412172394268,HGI,38,49,360,520,187200
201412172394145,HGI,38,56,100,530,53000
201412172394116,HGI,6,56,100,520,52000
201412172394084,HGI,29,56,100,510,51000
201412172394012,HGI,42,16,21176,500,10588000
201412172394249,IDBL,50,25,11,171,1881
201412172394214,IDBL,50,25,11,168,1848
201412172394118,IDBL,54,25,336,165,55440
201412172394040,IDBL,22,22,57,163,9291
201412172394037,IDBL,22,22,57,163,9291
201412172393964,IDBL,41,22,57,163,9291
201412172394307,JBBL,36,34,300,159,47700
201412172394139,JBBL,36,53,500,160,80000
201412172394093,JBBL,36,42,340,159,54060
201412172394332,KBL,22,52,138,391,53958
201412172394301,KBL,38,39,100,398,39800
201412172394300,KCDBL,49,13,17,182,3094
201412172393933,KCDBL,16,16,135,182,24570
201412172394359,KDBL,20,48,82,117,9594
201412172394325,KDBL,51,25,253,118,29854
201412172394256,KDBL,51,1,50,118,5900
201412172394239,KDBL,51,44,95,118,11210
201412172394122,KDBL,17,44,55,117,6435
201412172394216,KEBL,14,8,44,384,16896
201412172394171,KMCDB,26,42,10,600,6000
201412172394170,KMCDB,26,44,10,600,6000
201412172394237,KMCDB,16,1,82,590,48380
201412172394233,KMCDB,6,1,82,591,48462
201412172394205,KMCDB,26,8,142,600,85200
201412172394285,LFLC,6,17,444,186,82584
201412172394274,LFLC,45,17,72,187,13464
201412172394271,LFLC,25,17,113,188,21244
201412172394226,LFLC,45,17,400,187,74800
201412172394173,LFLC,1,17,500,187,93500
201412172394230,LGIL,38,25,13,434,5642
201412172394224,LGIL,38,48,67,427,28609
201412172394218,LGIL,38,13,35,427,14945
201412172394351,LLBS,58,58,41,608,24928
201412172394345,LLBS,58,58,41,608,24928
201412172394342,LLBS,32,49,10,605,6050
201412172394341,LLBS,58,58,41,608,24928
201412172394340,LLBS,58,58,41,608,24928
201412172394338,LLBS,58,58,41,608,24928
201412172393952,LLBS,48,48,10,609,6090
201412172393951,LLBS,48,48,10,609,6090
201412172393950,LLBS,48,48,10,609,6090
201412172393949,LLBS,48,48,10,609,6090
201412172394149,LLBS,32,45,10,608,6080
201412172394147,LLBS,32,45,10,608,6080
201412172394143,LLBS,32,45,10,608,6080
201412172394141,LLBS,32,45,10,608,6080
201412172394019,LLBS,38,38,10,620,6200
201412172393959,LLBS,48,25,10,609,6090
201412172394272,LLBS,32,5,10,603,6030
201412172394222,LLBS,38,38,10,615,6150
201412172394172,LLBS,58,58,41,610,25010
201412172394164,LLBS,58,58,41,610,25010
201412172394160,LLBS,58,58,41,610,25010
201412172394152,LLBS,58,58,41,610,25010
201412172394320,LLBS,58,50,10,608,6080
201412172394315,LLBS,58,50,10,608,6080
201412172394313,LLBS,32,50,10,605,6050
201412172394311,LLBS,58,58,41,605,24805
201412172394304,LLBS,58,58,41,605,24805
201412172394298,LLBS,58,58,41,605,24805
201412172394015,LUBL,8,8,1643,338,555334
201412172394208,MBL,59,39,124,532,65968
201412172394283,MEGA,49,36,183,400,73200
201412172394217,MEGA,7,36,97,401,38897
201412172394168,MEGA,19,38,27,403,10881
201412172394136,MEGA,19,39,23,403,9269
201412172394038,MEGA,49,8,25,401,10025
201412172394255,MNBBL,17,49,199,475,94525
201412172394099,MNBBL,56,26,130,478,62140
201412172394001,MPFL,50,50,20,118,2360
201412172394000,MPFL,50,50,20,118,2360
201412172393999,MPFL,50,50,20,118,2360
201412172393998,MPFL,50,50,20,118,2360
201412172393997,MPFL,50,50,40,118,4720
201412172393996,MPFL,50,50,40,118,4720
201412172393971,MPFL,50,50,20,118,2360
201412172393970,MPFL,50,50,40,118,4720
201412172393969,MPFL,50,50,40,118,4720
201412172393968,MPFL,50,50,20,118,2360
201412172393967,MPFL,50,50,20,118,2360
201412172393977,MPFL,50,50,20,118,2360
201412172393976,MPFL,50,50,20,118,2360
201412172393975,MPFL,50,50,20,118,2360
201412172393974,MPFL,50,50,40,118,4720
201412172393973,MPFL,50,50,40,118,4720
201412172393972,MPFL,50,50,40,118,4720
201412172393983,MPFL,50,50,20,118,2360
201412172393982,MPFL,50,50,20,118,2360
201412172393981,MPFL,50,50,20,118,2360
201412172393980,MPFL,50,50,20,118,2360
201412172393979,MPFL,50,50,20,118,2360
201412172393978,MPFL,50,50,20,118,2360
201412172393989,MPFL,50,50,40,118,4720
201412172393988,MPFL,50,50,40,118,4720
201412172393987,MPFL,50,50,40,118,4720
201412172393986,MPFL,50,50,40,118,4720
201412172393985,MPFL,50,50,40,118,4720
201412172393984,MPFL,50,50,40,118,4720
201412172393995,MPFL,50,50,40,118,4720
201412172393994,MPFL,50,50,40,118,4720
201412172393993,MPFL,50,50,40,118,4720
201412172393992,MPFL,50,50,40,118,4720
201412172393991,MPFL,50,50,40,118,4720
201412172393990,MPFL,50,50,40,118,4720
201412172394322,NABIL,3,33,16,1908,30528
201412172394246,NABIL,22,11,121,1915,231715
201412172394212,NABIL,25,16,200,1888,377600
201412172394287,NABILP,50,44,200,1270,254000
201412172394204,NABILP,5,49,170,1275,216750
201412172394327,NBB,47,5,200,452,90400
201412172394295,NBB,25,33,25,445,11125
201412172394228,NBB,44,55,267,445,118815
201412172394203,NBB,21,6,109,447,48723
201412172394067,NBB,16,6,200,449,89800
201412172394060,NBB,38,6,491,450,220950
201412172394057,NBB,32,6,120,452,54240
201412172394096,NBBL,38,38,10,1619,16190
201412172394095,NBBL,38,38,10,1619,16190
201412172394091,NBBL,38,38,10,1619,16190
201412172394089,NBBL,38,38,10,1619,16190
201412172394088,NBBL,14,6,10,1620,16200
201412172394087,NBBL,14,41,10,1620,16200
201412172394086,NBBL,38,38,10,1619,16190
201412172394064,NBBL,38,38,10,1619,16190
201412172394062,NBBL,38,38,10,1619,16190
201412172394308,NBL,38,20,500,355,177500
201412172394070,NBL,59,56,200,360,72000
201412172394069,NBL,25,56,100,360,36000
201412172394068,NBL,17,56,100,361,36100
201412172394059,NBL,25,20,200,360,72000
201412172394032,NBL,25,20,200,360,72000
201412172394248,NCCB,17,56,100,551,55100
201412172394349,NCDB,16,38,69,147,10143
201412172394195,NHPC,7,3,1000,122,122000
201412172394193,NHPC,52,3,1000,122,122000
201412172394188,NHPC,38,3,2000,122,244000
201412172394144,NHPC,25,3,1000,123,123000
201412172394107,NHPC,54,3,1000,123,123000
201412172394106,NHPC,11,3,1000,124,124000
201412172394105,NHPC,17,3,1000,124,124000
201412172394103,NHPC,52,3,1000,124,124000
201412172394100,NHPC,52,3,1000,125,125000
201412172394047,NHPC,11,20,1000,126,126000
201412172394020,NHPC,56,44,1000,125,125000
201412172394290,NIB,44,16,122,706,86132
201412172394281,NIB,11,22,50,712,35600
201412172394280,NIB,11,22,50,712,35600
201412172394276,NIB,6,22,789,707,557823
201412172394252,NIB,6,26,200,707,141400
201412172394197,NIB,7,19,85,715,60775
201412172394131,NIBPO,59,59,100,440,44000
201412172394132,NLIC,49,49,3000,3890,11670000
201412172394098,NLIC,16,38,100,3900,390000
201412172394326,NNLB,32,38,10,652,6520
201412172394319,NNLB,32,38,10,652,6520
201412172394297,NNLB,32,38,10,652,6520
201412172394269,NNLB,32,38,10,652,6520
201412172394367,NTC,50,16,100,600,60000
201412172394150,NTC,50,8,160,605,96800
201412172394368,PCBL,1,17,200,525,105000
201412172394343,PCBL,6,43,80,526,42080
201412172394335,PCBL,29,26,323,525,169575
201412172394329,PCBL,25,33,151,524,79124
201412172394316,PCBL,34,45,66,521,34386
201412172394260,PCBL,51,35,500,520,260000
201412172394046,PCBL,32,32,200,527,105400
201412172394186,PCBL,52,1,27,520,14040
201412172394185,PCBL,59,59,53,521,27613
201412172394165,PCBL,59,59,53,521,27613
201412172394138,PCBL,45,45,28,520,14560
201412172394055,PCBL,11,25,26,526,13676
201412172394048,PCBL,11,25,77,526,40502
201412172394127,PDBL,43,44,50,203,10150
201412172394126,PDBL,43,44,40,207,8280
201412172394102,PIC,22,41,78,819,63882
201412172394058,PIC,22,21,24,835,20040
201412172394366,PICL,45,51,500,415,207500
201412172394236,PICL,11,44,100,418,41800
201412172394356,PLIC,26,26,54,970,52380
201412172394266,PRDBL,26,26,40,154,6160
201412172394265,PRDBL,26,26,40,154,6160
201412172394262,PRDBL,26,26,10,157,1570
201412172394261,PRDBL,26,26,10,157,1570
201412172394104,PURBL,32,13,11,306,3366
201412172394336,REDBL,16,41,22,193,4246
201412172394328,REDBL,35,49,500,190,95000
201412172394039,RHPC,25,44,11,490,5390
201412172394017,RHPC,49,44,11,491,5401
201412172394014,RHPC,49,49,11,492,5412
201412172394010,RHPC,49,49,11,492,5412
201412172394008,RHPC,49,49,11,492,5412
201412172394110,RMDC,44,44,2170,725,1573250
201412172394314,SANIMA,10,1,115,524,60260
201412172394210,SANIMA,42,42,500,522,261000
201412172394176,SBI,13,49,200,1004,200800
201412172394277,SBL,41,45,100,637,63700
201412172394219,SBL,41,14,400,637,254800
201412172394282,SCB,38,58,50,1940,97000
201412172394264,SCB,57,16,200,1921,384200
201412172394052,SCB,26,14,68,1960,133280
201412172394357,SEWA,21,21,30,296,8880
201412172394339,SEWA,21,21,30,296,8880
201412172394242,SEWA,21,21,30,297,8910
201412172394223,SEWA,21,21,30,297,8910
201412172394190,SEWA,21,21,30,301,9030
201412172394175,SEWA,21,21,30,302,9060
201412172394158,SEWA,21,21,30,302,9060
201412172394025,SHBL,1,32,10,414,4140
201412172394024,SHBL,1,32,10,414,4140
201412172394023,SHBL,1,32,10,414,4140
201412172393939,SHBL,16,16,10,414,4140
201412172393937,SHBL,16,16,10,414,4140
201412172394211,SHL,41,49,500,476,238000
201412172394350,SHPC,38,49,10,702,7020
201412172394348,SHPC,13,49,15,691,10365
201412172394337,SHPC,38,34,13,700,9100
201412172394324,SHPC,39,35,500,690,345000
201412172394323,SHPC,39,6,218,688,149984
201412172394258,SHPC,38,38,18,701,12618
201412172393962,SHPC,38,38,18,712,12816
201412172394021,SHPC,38,38,18,720,12960
201412172394018,SHPC,38,19,18,720,12960
201412172394016,SHPC,38,38,18,720,12960
201412172394013,SHPC,38,44,18,720,12960
201412172393966,SHPC,38,38,18,712,12816
201412172393965,SHPC,38,38,18,712,12816
201412172394073,SHPC,49,49,18,710,12780
201412172394072,SHPC,49,49,18,710,12780
201412172394071,SHPC,49,49,18,710,12780
201412172394053,SHPC,29,22,12,706,8472
201412172394045,SHPC,38,38,18,720,12960
201412172394027,SHPC,38,42,18,720,12960
201412172394079,SHPC,49,49,18,710,12780
201412172394078,SHPC,49,49,18,710,12780
201412172394077,SHPC,49,49,18,710,12780
201412172394076,SHPC,49,49,18,710,12780
201412172394075,SHPC,49,49,18,710,12780
201412172394074,SHPC,49,49,18,710,12780
201412172394114,SHPC,29,16,18,700,12600
201412172394113,SHPC,49,37,72,701,50472
201412172394108,SHPC,13,49,101,701,70801
201412172394083,SHPC,49,49,18,710,12780
201412172394082,SHPC,49,49,18,710,12780
201412172394081,SHPC,49,49,18,710,12780
201412172394244,SHPC,38,38,10,690,6900
201412172394234,SHPC,38,38,18,689,12402
201412172394191,SHPC,45,26,114,688,78432
201412172394189,SHPC,45,26,80,688,55040
201412172394184,SHPC,45,38,10,688,6880
201412172394174,SHPC,45,38,10,688,6880
201412172394279,SIC,3,6,10,1190,11900
201412172394254,SKBBL,8,41,19,1230,23370
201412172394235,SKBBL,26,25,19,1225,23275
201412172394229,SKBBL,10,41,19,1230,23370
201412172394112,SKBBL,38,34,19,1255,23845
201412172394361,SLICL,26,26,55,631,34705
201412172394157,SMFDB,54,45,60,927,55620
201412172394029,SMFDB,48,48,36,945,34020
201412172394365,SRBL,42,4,17,386,6562
201412172394364,SRBL,42,4,17,386,6562
201412172394363,SRBL,42,42,35,386,13510
201412172394344,SRBL,36,44,97,386,37442
201412172394267,SUPRME,52,22,40,141,5640
201412172394318,SWBBL,20,48,241,1804,434764
201412172394306,SWBBL,22,33,163,1797,292911
201412172394245,SWBBL,26,48,300,1795,538500
201412172394232,SWBBL,19,13,28,1805,50540
201412172394200,SWBBL,46,33,233,1810,421730
201412172394196,SWBBL,19,13,43,1805,77615
201412172394142,SWBBL,13,33,128,1800,230400
201412172394286,VBBL,14,29,20,124,2480
201412172394199,VBBL,25,48,80,124,9920
201412172394198,VBBL,25,48,80,124,9920
201412172394061,VBBL,39,56,70,124,8680
201412172394296,YETI,13,28,80,124,9920
201412172394156,YETI,13,42,1623,126,204498
201412172394125,YETI,20,39,20,125,2500
201412172394124,YETI,20,43,90,125,11250
201412172394097,YETI,10,37,11,124,1364
201412172394094,YETI,10,37,20,124,2480
201412172394028,YETI,17,50,20,125,2500
201412172394066,YETI,3,39,101,123,12423
201412172394054,YETI,10,50,60,124,7440
201412172394035,YETI,17,50,20,125,2500
201412172394033,YETI,17,50,20,125,2500
201412172394031,YETI,17,50,20,125,2500
201412172394030,YETI,17,37,20,125,2500
