contract,symbol,buyer,seller,qty,rate,amt
201410082299601,ADBL,11,6,40,520,20800
201410082299592,ADBL,11,6,30,520,15600
201410082299579,ADBL,11,28,30,520,15600
201410082299554,ADBL,50,50,52,515,26780
201410082299474,ADBL,40,42,40,511,20440
201410082299461,ADBL,32,32,90,515,46350
201410082299454,ADBL,32,32,190,515,97850
201410082299443,ADBL,32,32,90,515,46350
201410082299432,ADBL,40,50,731,515,376465
201410082299395,ADBL,50,50,145,515,74675
201410082299715,AHPC,25,21,97,380,36860
201410082299727,ALICL,46,46,15,1145,17175
201410082299718,ALICL,28,49,84,1135,95340
201410082299714,ALICL,46,46,15,1145,17175
201410082299697,ALICL,46,46,15,1145,17175
201410082299683,ALICL,46,46,15,1145,17175
201410082299678,ALICL,46,46,15,1145,17175
201410082299620,ALICL,5,58,74,1125,83250
201410082299619,ALICL,46,46,15,1145,17175
201410082299566,ALICL,45,38,74,1142,84508
201410082299538,ALICL,28,47,70,1135,79450
201410082299320,ALICL,36,50,521,1140,593940
201410082299673,ALICL,45,46,15,1145,17175
201410082299667,ALICL,46,46,15,1145,17175
201410082299650,ALICL,46,46,15,1145,17175
201410082299641,ALICL,46,46,15,1145,17175
201410082299636,ALICL,46,46,15,1145,17175
201410082299633,ALICL,46,46,15,1145,17175
201410082299377,APEX,39,22,22,129,2838
201410082299309,APEX,44,21,30,127,3810
201410082299307,APEX,44,21,30,127,3810
201410082299305,APEX,21,21,30,127,3810
201410082299303,APEX,21,21,30,127,3810
201410082299302,APEX,21,21,30,127,3810
201410082299385,APEX,39,38,30,130,3900
201410082299384,APEX,39,16,40,128,5120
201410082299724,ARDBL,5,16,42,143,6006
201410082299722,ARDBL,37,16,42,143,6006
201410082299458,ARDBL,5,42,21,145,3045
201410082299565,BLDBL,45,13,35,454,15890
201410082299529,BLDBL,49,8,116,452,52432
201410082299523,BLDBL,45,38,1000,454,454000
201410082299582,BPCL,56,34,667,644,429548
201410082299411,BPCL,17,8,133,655,87115
201410082299448,BSBL,51,21,37,285,10545
201410082299381,BSBL,36,26,24,284,6816
201410082299380,BSBL,36,43,105,284,29820
201410082299379,BSBL,36,43,105,284,29820
201410082299378,BSBL,36,42,59,284,16756
201410082299546,BUDBL,7,11,328,197,64616
201410082299351,CBBL,28,28,60,1526,91560
201410082299591,CBL,42,13,55,290,15950
201410082299542,CBL,26,13,54,290,15660
201410082299375,CBL,37,13,54,288,15552
201410082299334,CBL,7,16,27,288,7776
201410082299691,CCBL,17,40,40,286,11440
201410082299684,CCBL,28,17,40,285,11400
201410082299659,CCBL,28,40,40,285,11400
201410082299644,CCBL,17,17,40,286,11440
201410082299629,CCBL,26,41,31,288,8928
201410082299624,CCBL,26,41,45,288,12960
201410082299440,CCBL,22,13,122,284,34648
201410082299386,CCBL,43,40,39,280,10920
201410082299382,CCBL,22,40,39,282,10998
201410082299331,CCBL,58,20,31,280,8680
201410082299327,CCBL,58,20,31,280,8680
201410082299319,CCBL,58,16,31,279,8649
201410082299472,CCBL,22,40,39,282,10998
201410082299468,CCBL,22,40,40,282,11280
201410082299466,CCBL,17,17,40,284,11360
201410082299462,CCBL,22,40,40,282,11280
201410082299452,CCBL,17,17,40,284,11360
201410082299444,CCBL,17,17,40,284,11360
201410082299524,CCBL,28,40,39,285,11115
201410082299520,CCBL,28,40,39,285,11115
201410082299517,CCBL,17,17,40,284,11360
201410082299488,CCBL,17,17,40,284,11360
201410082299478,CCBL,22,17,40,284,11360
201410082299473,CCBL,28,40,61,281,17141
201410082299577,CCBL,5,51,40,286,11440
201410082299549,CCBL,28,35,40,285,11400
201410082299544,CCBL,17,17,40,287,11480
201410082299540,CCBL,28,35,61,285,17385
201410082299536,CCBL,28,40,39,285,11115
201410082299535,CCBL,28,40,39,285,11115
201410082299586,CCBL,5,7,37,288,10656
201410082299584,CCBL,5,7,37,288,10656
201410082299583,CCBL,5,51,40,287,11480
201410082299580,CCBL,5,13,26,287,7462
201410082299578,CCBL,5,51,40,286,11440
201410082299605,CCBL,5,41,45,288,12960
201410082299603,CCBL,5,41,31,288,8928
201410082299602,CCBL,5,7,24,288,6912
201410082299597,CCBL,5,7,37,288,10656
201410082299594,CCBL,5,7,37,288,10656
201410082299590,CCBL,5,7,37,288,10656
201410082299713,CDBL,32,32,89,462,41118
201410082299698,CDBL,32,32,51,462,23562
201410082299692,CDBL,40,7,324,455,147420
201410082299681,CDBL,47,33,189,463,87507
201410082299675,CDBL,39,17,15,465,6975
201410082299643,CDBL,32,32,61,462,28182
201410082299246,CDBL,21,20,77,460,35420
201410082299244,CDBL,50,20,77,461,35497
201410082299350,CDBL,46,1,15,461,6915
201410082299296,CDBL,11,32,37,464,17168
201410082299264,CDBL,17,21,31,462,14322
201410082299250,CDBL,50,20,77,460,35420
201410082299423,CDBL,16,57,15,468,7020
201410082299421,CDBL,16,32,36,466,16776
201410082299410,CDBL,16,32,31,464,14384
201410082299366,CDBL,45,1,88,463,40744
201410082299365,CDBL,45,1,30,463,13890
201410082299560,CDBL,16,14,31,465,14415
201410082299551,CDBL,45,1,400,465,186000
201410082299541,CDBL,47,41,15,462,6930
201410082299426,CDBL,16,16,15,470,7050
201410082299638,CDBL,39,14,76,462,35112
201410082299599,CDBL,45,17,76,462,35112
201410082299596,CDBL,55,17,48,465,22320
201410082299569,CDBL,55,14,31,465,14415
201410082299563,CDBL,16,14,15,465,6975
201410082299294,CEDBL,43,25,170,269,45730
201410082299292,CEDBL,43,13,136,268,36448
201410082299676,CHCL,38,6,26,1799,46774
201410082299674,CHCL,38,6,340,1799,611660
201410082299666,CHCL,22,6,100,1800,180000
201410082299665,CHCL,39,6,50,1806,90300
201410082299664,CHCL,38,6,140,1810,253400
201410082299663,CHCL,44,6,200,1810,362000
201410082299355,CHCL,21,6,30,1840,55200
201410082299662,CHCL,28,6,20,1815,36300
201410082299533,CHCL,19,6,50,1830,91500
201410082299531,CHCL,5,6,100,1820,182000
201410082299527,CHCL,22,6,150,1815,272250
201410082299498,CHCL,38,33,860,1810,1556600
201410082299407,CHCL,38,43,36,1840,66240
201410082299526,CIT,22,41,16,2980,47680
201410082299522,CIT,22,41,16,2980,47680
201410082299518,CIT,22,41,31,2980,92380
201410082299506,CIT,22,50,100,2970,297000
201410082299660,CZBIL,35,50,493,450,221850
201410082299470,CZBIL,7,41,22,447,9834
201410082299326,CZBIL,7,41,20,447,8940
201410082299266,CZBIL,1,50,500,450,225000
201410082299661,DDBL,33,58,100,1274,127400
201410082299648,DDBL,5,58,100,1290,129000
201410082299254,DDBL,36,58,100,1315,131500
201410082299253,DDBL,36,53,200,1305,261000
201410082299553,EBL,22,45,78,1960,152880
201410082299555,EIC,17,8,10,845,8450
201410082299412,EIC,17,41,23,830,19090
201410082299422,FFCL,47,43,190,348,66120
201410082299415,FFCL,8,32,200,354,70800
201410082299499,GBBL,14,41,17,368,6256
201410082299460,GBBL,36,41,26,370,9620
201410082299456,GBBL,36,41,20,370,7400
201410082299725,GBIME,42,42,36,538,19368
201410082299639,GBIME,55,11,84,535,44940
201410082299558,GBIME,55,35,15,535,8025
201410082299416,GBIME,55,11,21,535,11235
201410082299367,GBIME,21,17,88,526,46288
201410082299345,GBIME,57,20,209,530,110770
201410082299699,GLICL,43,43,142,529,75118
201410082299572,GLICL,26,41,122,528,64416
201410082299530,GLICL,43,20,70,535,37450
201410082299286,GLICL,22,20,70,535,37450
201410082299273,GLICL,21,20,70,535,37450
201410082299267,GLICL,52,20,70,536,37520
201410082299258,GLICL,52,20,70,536,37520
201410082299490,GRAND,44,32,60,214,12840
201410082299489,GRAND,44,32,1000,214,214000
201410082299487,GRAND,28,32,1000,212,212000
201410082299437,GRAND,8,20,1000,210,210000
201410082299369,GRAND,7,37,500,217,108500
201410082299433,GRAND,32,32,10000,210,2100000
201410082299430,GRAND,32,32,10000,208,2080000
201410082299425,GRAND,5,32,1000,211,211000
201410082299420,GRAND,10,32,500,213,106500
201410082299419,GRAND,49,32,300,214,64200
201410082299418,GRAND,28,32,140,215,30100
201410082299693,HAMA,17,26,200,139,27800
201410082299559,HAMA,21,21,110,141,15510
201410082299353,HAMA,11,47,310,143,44330
201410082299576,HBDL,25,6,500,101,50500
201410082299610,HGI,14,21,495,547,270765
201410082299525,HGI,21,26,200,545,109000
201410082299424,HGI,5,1,273,546,149058
201410082299467,IDBL,50,39,178,180,32040
201410082299445,IDBL,25,16,34,181,6154
201410082299512,JBBL,3,3,10,181,1810
201410082299493,JBBL,3,41,10,184,1840
201410082299477,JBBL,3,41,10,184,1840
201410082299720,JBNL,46,21,167,273,45591
201410082299568,JBNL,13,41,85,274,23290
201410082299537,JBNL,13,45,206,277,57062
201410082299446,JBNL,41,41,72,279,20088
201410082299441,JBNL,41,41,79,278,21962
201410082299732,JFL,25,11,40,665,26600
201410082299695,JFL,17,49,29,660,19140
201410082299567,JFL,46,14,337,665,224105
201410082299515,JFL,21,26,369,667,246123
201410082299482,JFL,21,11,50,675,33750
201410082299333,JFL,11,11,10,688,6880
201410082299282,JFL,25,48,120,675,81000
201410082299275,JFL,36,43,287,683,196021
201410082299274,JFL,36,40,100,680,68000
201410082299737,KBL,42,21,70,588,41160
201410082299728,KBL,44,38,286,581,166166
201410082299694,KBL,5,53,500,585,292500
201410082299658,KBL,13,49,240,582,139680
201410082299618,KBL,44,14,1000,581,581000
201410082299521,KBL,45,46,1481,575,851575
201410082299496,KBL,44,5,312,584,182208
201410082299494,KBL,44,35,725,582,421950
201410082299321,KBL,26,16,221,583,128843
201410082299311,KBL,3,46,385,580,223300
201410082299298,KBL,22,58,69,585,40365
201410082299265,KBL,22,47,28,585,16380
201410082299716,KDBL,5,16,63,118,7434
201410082299711,KDBL,25,16,63,119,7497
201410082299670,KDBL,38,50,11,119,1309
201410082299645,KDBL,5,21,445,121,53845
201410082299556,KDBL,57,57,315,121,38115
201410082299358,KDBL,36,32,82,119,9758
201410082299705,KFL,28,53,142,144,20448
201410082299640,KFL,28,53,221,146,32266
201410082299561,KFL,25,53,142,145,20590
201410082299481,KRBL,42,42,10,184,1840
201410082299688,LBL,55,39,100,580,58000
201410082299310,LBL,39,43,50,570,28500
201410082299278,LBL,38,47,50,569,28450
201410082299649,LFLC,8,13,207,221,45747
201410082299734,LGIL,50,51,834,400,333600
201410082299368,LGIL,6,6,22,403,8866
201410082299348,LGIL,16,1,20,405,8100
201410082299485,LICN,20,36,86,3411,293346
201410082299283,LICN,26,35,200,3415,683000
201410082299655,LUBL,47,34,100,353,35300
201410082299738,MBL,22,20,436,475,207100
201410082299709,MBL,25,1,100,477,47700
201410082299611,MBL,25,10,1436,469,673484
201410082299371,MDB,36,21,110,461,50710
201410082299318,MDB,26,50,28,452,12656
201410082299710,MEGA,38,36,64,396,25344
201410082299656,MEGA,44,52,32,389,12448
201410082299642,MEGA,1,14,32,390,12480
201410082299364,MEGA,43,13,73,395,28835
201410082299308,MEGA,17,7,16,388,6208
201410082299306,MEGA,17,7,16,388,6208
201410082299297,MEGA,17,7,16,388,6208
201410082299288,MEGA,38,7,16,383,6128
201410082299270,MEGA,44,1,615,381,234315
201410082299251,MEGA,44,35,13,385,5005
201410082299239,MEGA,42,13,32,388,12416
201410082299552,METRO,25,34,188,305,57340
201410082299429,METRO,21,21,323,301,97223
201410082299402,METRO,25,26,1850,300,555000
201410082299399,METRO,36,22,12,300,3600
201410082299397,METRO,25,22,15,300,4500
201410082299396,METRO,36,22,17,300,5100
201410082299394,METRO,25,22,14,300,4200
201410082299342,METRO,25,25,87,295,25665
201410082299405,MLBBL,36,40,10,840,8400
201410082299403,MLBBL,36,40,10,840,8400
201410082299534,MMDBL,43,14,10,286,2860
201410082299315,MMDBL,6,6,10,282,2820
201410082299247,MNBBL,36,28,200,790,158000
201410082299281,MNBBL,1,17,138,786,108468
201410082299280,MNBBL,36,28,200,790,158000
201410082299413,MNBBL,39,28,100,784,78400
201410082299545,MNBBL,17,6,150,786,117900
201410082299439,MNBBL,50,28,160,785,125600
201410082299616,MNBBL,1,45,200,789,157800
201410082299279,MTBL,16,16,193,233,44969
201410082299598,NABIL,3,35,305,2370,722850
201410082299500,NABIL,25,33,58,2375,137750
201410082299245,NABIL,41,52,13,2380,30940
201410082299690,NABILP,59,10,200,1560,312000
201410082299564,NABILP,44,33,500,1549,774500
201410082299543,NABILP,44,21,500,1549,774500
201410082299370,NABILP,33,33,500,1550,775000
201410082299330,NABILP,44,28,500,1549,774500
201410082299329,NABILP,44,6,200,1549,309800
201410082299707,NBB,42,21,60,576,34560
201410082299671,NBB,42,25,20,576,11520
201410082299631,NBB,1,36,200,570,114000
201410082299628,NBB,1,36,500,570,285000
201410082299637,NBBL,51,40,10,1570,15700
201410082299635,NBBL,51,40,10,1570,15700
201410082299735,NBL,41,49,500,385,192500
201410082299703,NBL,28,17,315,385,121275
201410082299726,NCCB,36,33,1542,610,940620
201410082299608,NCCB,38,43,770,620,477400
201410082299607,NCCB,49,43,350,620,217000
201410082299600,NCCB,5,43,500,625,312500
201410082299595,NCCB,47,43,300,628,188400
201410082299343,NCCB,26,43,160,632,101120
201410082299276,NCCB,46,46,500,625,312500
201410082299719,NCM,54,45,13,173,2249
201410082299502,NCM,14,25,10,172,1720
201410082299476,NCM,45,45,684,171,116964
201410082299471,NCM,59,45,26,174,4524
201410082299469,NCM,54,45,53,175,9275
201410082299388,NGBL,39,28,234,270,63180
201410082299733,NIB,45,21,321,920,295320
201410082299721,NIB,52,19,444,916,406704
201410082299708,NIB,25,7,195,917,178815
201410082299706,NIB,3,39,330,919,303270
201410082299702,NIB,52,35,618,915,565470
201410082299701,NIB,6,6,274,915,250710
201410082299299,NIB,57,25,493,921,454053
201410082299295,NIB,39,17,17,930,15810
201410082299291,NIB,43,17,17,935,15895
201410082299287,NIB,45,17,100,926,92600
201410082299262,NIB,45,21,72,926,66672
201410082299349,NIB,45,17,110,924,101640
201410082299344,NIB,38,6,300,923,276900
201410082299328,NIB,1,22,24,925,22200
201410082299322,NIB,7,22,35,926,32410
201410082299316,NIB,5,10,339,924,313236
201410082299300,NIB,45,17,11,926,10186
201410082299401,NIB,5,17,120,922,110640
201410082299398,NIB,39,33,95,922,87590
201410082299393,NIB,45,33,38,924,35112
201410082299387,NIB,53,17,173,920,159160
201410082299361,NIB,52,17,92,923,84916
201410082299352,NIB,52,17,166,922,153052
201410082299479,NIB,38,33,1000,916,916000
201410082299457,NIB,43,43,1109,920,1020280
201410082299447,NIB,3,33,74,923,68302
201410082299438,NIB,3,36,200,920,184000
201410082299414,NIB,11,11,102,923,94146
201410082299409,NIB,1,33,150,922,138300
201410082299562,NIB,26,39,110,923,101530
201410082299557,NIB,43,25,671,922,618662
201410082299519,NIB,26,49,880,923,812240
201410082299501,NIB,26,1,200,922,184400
201410082299492,NIB,13,17,199,922,183478
201410082299491,NIB,13,17,100,920,92000
201410082299614,NIB,11,11,91,922,83902
201410082299613,NIB,44,25,901,916,825316
201410082299593,NIB,25,47,100,922,92200
201410082299581,NIB,3,36,30,925,27750
201410082299575,NIB,14,39,66,922,60852
201410082299573,NIB,38,54,500,916,458000
201410082299652,NIB,11,11,630,915,576450
201410082299651,NIB,11,11,630,915,576450
201410082299647,NIB,45,17,38,921,34998
201410082299646,NIB,3,59,28,924,25872
201410082299630,NIB,32,25,547,919,502693
201410082299627,NIB,25,39,110,920,101200
201410082299687,NIB,25,25,24,920,22080
201410082299680,NIB,13,25,250,919,229750
201410082299677,NIB,39,36,100,920,92000
201410082299657,NIB,52,59,159,919,146121
201410082299654,NIB,59,39,139,920,127880
201410082299653,NIB,11,11,1259,915,1151985
201410082299285,NICA,43,42,15,780,11700
201410082299730,NLBBL,45,59,150,1160,174000
201410082299417,NLBBL,28,41,20,1145,22900
201410082299408,NLBBL,28,41,30,1145,34350
201410082299704,NLG,43,40,13,770,10010
201410082299486,NLG,17,11,168,774,130032
201410082299284,NLG,40,26,548,759,415932
201410082299686,NLIC,28,58,29,4130,119770
201410082299495,NLIC,45,58,200,4130,826000
201410082299483,NLIC,45,19,50,4210,210500
201410082299271,NLIC,45,14,24,4222,101328
201410082299241,NLIC,57,54,100,4210,421000
201410082299723,NLICL,21,13,65,2156,140140
201410082299717,NLICL,38,13,131,2156,282436
201410082299689,NLICL,10,36,50,2162,108100
201410082299685,NLICL,54,36,200,2170,434000
201410082299571,NLICL,20,17,97,2165,210005
201410082299376,NLICL,36,32,89,2200,195800
201410082299362,NLICL,38,53,334,2161,721774
201410082299632,NUBL,5,48,200,1390,278000
201410082299626,NUBL,48,48,100,1410,141000
201410082299547,PADBL,16,21,200,345,69000
201410082299516,PCBL,43,14,19,515,9785
201410082299455,PCBL,46,48,500,508,254000
201410082299451,PCBL,44,48,500,509,254500
201410082299450,PCBL,41,48,400,510,204000
201410082299389,PCBL,41,10,38,510,19380
201410082299323,PCBL,10,7,101,511,51611
201410082299312,PCBL,22,33,23,510,11730
201410082299304,PCBL,22,49,29,505,14645
201410082299257,PCBL,41,47,78,510,39780
201410082299248,PCBL,1,11,49,514,25186
201410082299404,PDBL,13,16,62,220,13640
201410082299612,PFIL,17,36,200,135,27000
201410082299261,PIC,36,53,39,760,29640
201410082299255,PIC,47,53,78,760,59280
201410082299679,PLIC,49,49,323,954,308142
201410082299548,PLIC,43,41,13,952,12376
201410082299475,PLIC,21,41,13,953,12389
201410082299459,PLIC,49,49,137,970,132890
201410082299332,PLIC,38,26,300,970,291000
201410082299325,PLIC,38,49,67,960,64320
201410082299290,PLIC,36,49,21,960,20160
201410082299272,PLIC,32,35,340,945,321300
201410082299256,PLIC,36,26,450,960,432000
201410082299585,PURBL,43,41,22,361,7942
201410082299514,REDBL,43,41,17,228,3876
201410082299507,REDBL,7,41,17,231,3927
201410082299357,REDBL,7,11,17,235,3995
201410082299356,REDBL,7,22,17,235,3995
201410082299354,REDBL,7,22,17,234,3978
201410082299729,RHPC,53,6,10,583,5830
201410082299712,RHPC,53,40,10,583,5830
201410082299669,RHPC,17,6,10,586,5860
201410082299668,RHPC,17,58,10,585,5850
201410082299625,RHPC,8,42,11,580,6380
201410082299622,RHPC,8,42,11,580,6380
201410082299373,RHPC,22,14,94,585,54990
201410082299347,RHPC,40,40,11,585,6435
201410082299337,RHPC,40,40,11,585,6435
201410082299336,RHPC,41,6,10,585,5850
201410082299335,RHPC,41,6,10,585,5850
201410082299324,RHPC,41,6,10,585,5850
201410082299509,RHPC,36,42,10,580,5800
201410082299508,RHPC,36,42,10,580,5800
201410082299505,RHPC,36,42,10,580,5800
201410082299504,RHPC,36,42,10,580,5800
201410082299503,RHPC,36,42,10,580,5800
201410082299383,RHPC,19,19,11,585,6435
201410082299621,RHPC,8,42,11,580,6380
201410082299617,RHPC,8,42,11,580,6380
201410082299532,RHPC,36,42,11,580,6380
201410082299513,RHPC,36,42,11,580,6380
201410082299511,RHPC,36,42,10,580,5800
201410082299510,RHPC,36,42,10,580,5800
201410082299736,RMDC,5,21,128,765,97920
201410082299449,RMDC,21,21,33,770,25410
201410082299442,RMDC,21,21,33,770,25410
201410082299406,SANIMA,28,34,1500,481,721500
201410082299539,SCB,50,6,100,2090,209000
201410082299314,SCB,39,5,50,2090,104500
201410082299277,SCB,22,32,15,2100,31500
201410082299263,SCB,22,22,27,2085,56295
201410082299465,SEWA,55,25,30,380,11400
201410082299317,SHINE,36,21,500,363,181500
201410082299238,SHINE,16,26,14,368,5152
201410082299700,SHPC,37,36,2000,645,1290000
201410082299623,SHPC,17,50,187,652,121924
201410082299615,SHPC,55,50,60,653,39180
201410082299609,SHPC,55,50,380,653,248140
201410082299587,SHPC,36,50,340,655,222700
201410082299313,SHPC,1,42,18,653,11754
201410082299604,SICL,49,49,350,759,265650
201410082299574,SICL,8,17,200,762,152400
201410082299570,SICL,6,6,200,762,152400
201410082299497,SICL,38,17,1050,759,796950
201410082299731,SKBBL,44,56,57,1405,80085
201410082299682,SKBBL,44,43,50,1405,70250
201410082299341,SKBBL,36,16,15,1430,21450
201410082299340,SKBBL,36,16,15,1430,21450
201410082299339,SKBBL,36,16,19,1430,27170
201410082299338,SKBBL,36,53,231,1430,330330
201410082299289,SKBBL,11,21,79,1420,112180
201410082299240,SKBBL,7,53,112,1430,160160
201410082299293,SLBBL,36,28,10,2120,21200
201410082299528,SLICL,36,41,30,645,19350
201410082299453,SLICL,36,52,50,657,32850
201410082299436,SLICL,36,41,30,657,19710
201410082299431,SLICL,36,41,30,657,19710
201410082299550,SRBL,8,20,143,370,52910
201410082299374,SRBL,48,17,61,367,22387
201410082299372,SRBL,47,17,73,367,26791
201410082299269,SUBBL,21,21,33,280,9240
201410082299268,SUBBL,21,21,65,280,18200
201410082299259,SUBBL,21,7,29,280,8120
201410082299634,SUPRME,37,16,1100,166,182600
201410082299480,SUPRME,38,41,10,169,1690
201410082299434,SUPRME,45,5,110,172,18920
201410082299392,SUPRME,45,41,10,172,1720
201410082299390,SUPRME,45,47,10,172,1720
201410082299260,SUPRME,42,13,100,169,16900
201410082299696,SWBBL,53,21,190,1785,339150
201410082299428,SWBBL,49,50,1000,1750,1750000
201410082299391,SWBBL,17,37,100,1765,176500
201410082299346,SWBBL,17,33,200,1765,353000
201410082299589,TRH,5,40,500,281,140500
201410082299463,TRH,5,22,300,285,85500
201410082299243,TRH,41,42,1000,290,290000
201410082299242,TRH,5,5,10,291,2910
201410082299360,VBBL,8,17,80,125,10000
201410082299359,VBBL,8,17,80,125,10000
201410082299301,VBBL,25,6,50,123,6150
201410082299672,WDBL,16,14,132,223,29436
201410082299606,WDBL,59,21,1000,227,227000
201410082299588,WDBL,59,16,500,227,113500
201410082299464,WDBL,59,16,1000,227,227000
201410082299363,WDBL,59,28,36,230,8280
201410082299484,YETI,36,16,11,130,1430
201410082299435,YETI,36,41,30,130,3900
201410082299400,YETI,36,41,30,130,3900
201410082299249,YETI,36,16,710,130,92300
201410082299172,ADBL,14,21,30,520,15600
201410082299171,ADBL,14,14,30,520,15600
201410082299043,ADBL,13,13,72,517,37224
201410082299041,ADBL,17,21,30,512,15360
201410082299032,ADBL,17,6,50,512,25600
201410082299026,ADBL,40,41,30,510,15300
201410082298999,ADBL,32,32,90,509,45810
201410082298899,ADBL,14,41,30,507,15210
201410082298831,ADBL,59,47,40,512,20480
201410082298803,ADBL,45,45,110,520,57200
201410082299228,ALICL,28,20,59,1130,66670
201410082298974,ALICL,14,20,43,1150,49450
201410082298946,ALICL,14,41,74,1150,85100
201410082298945,ALICL,14,41,16,1155,18480
201410082298925,ALICL,14,49,10,1155,11550
201410082298868,ALICL,14,33,56,1160,64960
201410082298865,ALICL,14,22,16,1155,18480
201410082298832,ALICL,14,49,49,1155,56595
201410082299167,APEX,14,22,22,129,2838
201410082299149,APEX,14,43,40,129,5160
201410082299188,ARDBL,5,16,42,147,6174
201410082299101,ARDBL,5,21,31,150,4650
201410082299025,ARDBL,5,42,42,152,6384
201410082299139,BLDBL,49,25,83,452,37516
201410082299027,BLDBL,49,25,77,452,34804
201410082298915,BLDBL,45,26,178,451,80278
201410082299233,BPCL,3,43,124,667,82708
201410082299231,BPCL,1,43,50,675,33750
201410082299011,BPCL,1,28,50,680,34000
201410082299100,CBBL,28,28,49,1526,74774
201410082299186,CBL,14,33,84,290,24360
201410082299131,CBL,43,40,103,290,29870
201410082299130,CBL,43,33,159,290,46110
201410082299126,CBL,43,33,107,290,31030
201410082299123,CBL,43,40,15,290,4350
201410082299217,CCBL,51,20,31,280,8680
201410082299213,CCBL,51,20,31,283,8773
201410082298816,CCBL,17,17,10,294,2940
201410082298821,CCBL,17,17,10,294,2940
201410082298820,CCBL,17,17,10,294,2940
201410082298819,CCBL,17,17,10,294,2940
201410082298818,CCBL,17,17,10,294,2940
201410082298817,CCBL,17,17,10,294,2940
201410082298847,CCBL,25,25,40,295,11800
201410082298846,CCBL,25,41,40,295,11800
201410082298845,CCBL,25,41,40,295,11800
201410082298844,CCBL,25,41,40,295,11800
201410082298863,CCBL,13,13,40,298,11920
201410082298851,CCBL,25,41,214,295,63130
201410082298850,CCBL,25,41,40,295,11800
201410082298849,CCBL,25,41,40,295,11800
201410082298848,CCBL,25,41,40,295,11800
201410082298889,CCBL,11,11,40,293,11720
201410082298864,CCBL,13,13,40,298,11920
201410082298912,CCBL,11,11,40,293,11720
201410082298910,CCBL,11,11,40,293,11720
201410082298909,CCBL,11,11,40,293,11720
201410082299164,CCBL,14,7,21,288,6048
201410082299132,CDBL,17,14,45,465,20925
201410082299129,CDBL,45,14,45,462,20790
201410082299127,CDBL,45,41,77,460,35420
201410082299113,CDBL,50,1,92,458,42136
201410082299081,CDBL,45,43,46,460,21160
201410082299075,CDBL,6,14,29,461,13369
201410082298756,CDBL,25,25,46,475,21850
201410082298753,CDBL,25,25,46,475,21850
201410082298834,CDBL,17,1,63,467,29421
201410082298827,CDBL,50,33,15,468,7020
201410082298814,CDBL,50,17,31,470,14570
201410082298879,CDBL,46,46,15,466,6990
201410082298875,CDBL,43,21,92,465,42780
201410082298873,CDBL,46,46,15,470,7050
201410082298869,CDBL,46,46,15,470,7050
201410082298860,CDBL,32,32,123,467,57441
201410082298852,CDBL,32,32,92,467,42964
201410082298906,CDBL,46,46,15,465,6975
201410082298902,CDBL,46,46,15,465,6975
201410082298901,CDBL,46,46,15,465,6975
201410082298895,CDBL,17,46,15,462,6930
201410082298886,CDBL,46,46,15,461,6915
201410082298883,CDBL,46,46,15,465,6975
201410082298938,CDBL,51,33,13,462,6006
201410082298929,CDBL,46,46,15,465,6975
201410082298924,CDBL,46,46,15,465,6975
201410082298918,CDBL,46,46,15,465,6975
201410082298913,CDBL,46,46,15,465,6975
201410082298908,CDBL,46,46,15,465,6975
201410082298972,CDBL,50,21,15,468,7020
201410082298971,CDBL,45,32,182,465,84630
201410082298968,CDBL,50,21,15,468,7020
201410082298967,CDBL,50,46,15,465,6975
201410082298957,CDBL,46,46,15,465,6975
201410082298951,CDBL,46,46,15,465,6975
201410082299047,CDBL,6,14,30,461,13830
201410082299023,CDBL,50,11,31,462,14322
201410082299005,CDBL,6,25,46,463,21298
201410082299004,CDBL,46,46,15,465,6975
201410082299001,CDBL,46,46,15,465,6975
201410082298995,CDBL,46,46,15,465,6975
201410082299108,CHCL,55,10,16,1849,29584
201410082298949,CHCL,3,6,10,1823,18230
201410082298948,CHCL,21,6,50,1825,91250
201410082298939,CHCL,55,10,70,1855,129850
201410082298825,CHCL,22,6,30,1860,55800
201410082299185,CZBIL,35,20,210,450,94500
201410082299184,CZBIL,35,20,210,450,94500
201410082299174,CZBIL,6,41,42,447,18774
201410082299169,CZBIL,28,41,84,448,37632
201410082299133,CZBIL,35,50,500,450,225000
201410082298930,CZBIL,14,10,500,446,223000
201410082299151,EBL,41,14,136,1960,266560
201410082299161,FFCL,58,43,200,355,71000
201410082299150,FFCL,58,32,100,357,35700
201410082299076,GBIME,11,11,21,535,11235
201410082299060,GBIME,11,11,21,530,11130
201410082299044,GBIME,22,11,29,540,15660
201410082299039,GBIME,55,42,36,538,19368
201410082299128,GLICL,14,41,14,545,7630
201410082299187,GRAND,42,20,1000,214,214000
201410082299120,GRAND,32,32,1500,214,321000
201410082299058,GRAND,46,20,2000,212,424000
201410082298905,GRAND,45,32,2000,214,428000
201410082298855,GRAND,47,32,1000,216,216000
201410082299178,HAMA,11,16,70,143,10010
201410082299177,HAMA,11,16,40,142,5680
201410082299176,HAMA,11,16,40,142,5680
201410082299175,HAMA,11,16,40,142,5680
201410082299136,HAMA,43,16,330,143,47190
201410082299035,HAMA,45,1,90,145,13050
201410082299124,HGI,38,1,200,554,110800
201410082299028,HGI,7,1,200,551,110200
201410082298994,HGI,1,1,270,550,148500
201410082298936,HGI,57,41,221,554,122434
201410082299078,IDBL,50,50,146,180,26280
201410082298959,IDBL,50,39,34,180,6120
201410082299112,JBBL,14,52,100,187,18700
201410082299002,JBNL,55,25,20,278,5560
201410082298914,JBNL,55,50,120,278,33360
201410082298780,JBNL,25,25,33,281,9273
201410082298779,JBNL,25,25,38,281,10678
201410082299109,KBBL,42,42,2900,420,1218000
201410082299181,KBL,52,49,70,591,41370
201410082299180,KBL,45,49,100,590,59000
201410082299179,KBL,45,49,100,590,59000
201410082299170,KBL,45,49,19,592,11248
201410082299097,KBL,38,25,169,585,98865
201410082299037,KBL,6,6,1500,581,871500
201410082298969,KBL,22,45,403,592,238576
201410082298964,KBL,17,32,90,593,53370
201410082298923,KBL,5,21,148,592,87616
201410082299229,KDBL,38,21,250,120,30000
201410082299143,KDBL,36,7,21,122,2562
201410082298778,KEBL,26,26,13,325,4225
201410082298776,KEBL,26,26,13,325,4225
201410082298774,KEBL,26,26,13,325,4225
201410082299021,KRBL,1,33,10,181,1810
201410082299019,KRBL,1,33,10,181,1810
201410082299017,KRBL,1,33,10,181,1810
201410082299016,KRBL,1,33,10,181,1810
201410082299015,KRBL,1,33,10,181,1810
201410082298993,KRBL,1,25,10,181,1810
201410082298992,KRBL,1,25,10,181,1810
201410082298926,KRBL,1,38,10,181,1810
201410082298892,KRBL,1,33,10,181,1810
201410082298890,KRBL,1,33,10,181,1810
201410082298888,KRBL,1,33,10,181,1810
201410082298887,KRBL,1,33,10,181,1810
201410082299166,LBL,47,39,159,580,92220
201410082299158,LBL,45,21,75,575,43125
201410082299082,LBL,51,22,136,570,77520
201410082299234,LFLC,26,26,50,222,11100
201410082299168,LGIL,38,20,321,401,128721
201410082299105,LGIL,38,6,35,409,14315
201410082299034,LGIL,7,52,113,417,47121
201410082298754,LGIL,50,50,40,425,17000
201410082298752,LGIL,50,50,19,424,8056
201410082298749,LGIL,50,50,42,424,17808
201410082298838,LUBL,22,11,15,360,5400
201410082299182,MBL,25,50,189,475,89775
201410082299118,MBL,25,50,432,471,203472
201410082299013,MBL,25,17,99,471,46629
201410082299010,MBL,25,17,110,471,51810
201410082298867,MBL,44,1,176,472,83072
201410082298854,MBL,44,26,100,481,48100
201410082298840,MBL,44,1,500,490,245000
201410082298807,MBL,42,42,1676,499,836324
201410082298740,MDBL,50,50,46,205,9430
201410082299237,MEGA,44,13,962,390,375180
201410082299211,MEGA,44,50,488,390,190320
201410082299208,MEGA,1,13,195,390,76050
201410082299098,MEGA,55,41,28,390,10920
201410082299094,MEGA,1,41,28,392,10976
201410082299091,MEGA,22,41,28,392,10976
201410082299134,METRO,42,22,17,300,5100
201410082298826,METRO,25,22,18,300,5400
201410082299204,MMDBL,6,16,15,281,4215
201410082298943,MMDBL,6,40,10,281,2810
201410082298940,MMDBL,6,40,10,281,2810
201410082298937,MMDBL,6,40,10,281,2810
201410082298933,MMDBL,6,40,10,281,2810
201410082299205,NABIL,22,1,57,2394,136458
201410082299110,NABILP,17,28,200,1545,309000
201410082299000,NABILP,49,49,300,1550,465000
201410082298866,NABILP,44,10,1000,1550,1550000
201410082298862,NABILP,56,10,1500,1550,2325000
201410082298829,NABILP,44,10,1000,1550,1550000
201410082298941,NABILP,44,10,1000,1550,1550000
201410082298893,NABILP,49,49,1000,1550,1550000
201410082299206,NBB,17,17,125,578,72250
201410082299196,NBB,17,17,125,578,72250
201410082298842,NBB,43,14,50,584,29200
201410082299226,NBBL,51,1,30,1580,47400
201410082298987,NBBL,17,40,10,1600,16000
201410082299160,NBL,56,6,1000,380,380000
201410082299159,NBL,38,6,1000,380,380000
201410082299147,NBL,41,20,500,385,192500
201410082299007,NBL,38,49,1000,387,387000
201410082299220,NCCB,42,43,200,630,126000
201410082298896,NCCB,59,53,100,639,63900
201410082298877,NCCB,45,14,84,630,52920
201410082299222,NCDB,6,16,113,134,15142
201410082299119,NCM,54,45,244,174,42456
201410082298805,NGBL,39,33,11,271,2981
201410082298796,NGBL,17,17,11,276,3036
201410082298793,NGBL,17,17,11,276,3036
201410082298784,NHPC,16,20,500,151,75500
201410082299232,NIB,41,39,55,927,50985
201410082299230,NIB,5,39,165,925,152625
201410082299218,NIB,11,39,212,925,196100
201410082299214,NIB,5,5,161,926,149086
201410082299209,NIB,5,39,108,925,99900
201410082299207,NIB,5,26,159,925,147075
201410082298811,NIB,59,49,123,922,113406
201410082298797,NIB,25,49,135,925,124875
201410082298764,NIB,39,39,50,940,47000
201410082298759,NIB,40,40,35,943,33005
201410082298757,NIB,40,17,37,940,34780
201410082298952,NIB,43,43,74,920,68080
201410082298900,NIB,45,21,100,922,92200
201410082298898,NIB,45,21,39,920,35880
201410082298885,NIB,48,34,39,913,35607
201410082298880,NIB,51,46,220,912,200640
201410082298872,NIB,52,42,109,915,99735
201410082299111,NIB,43,6,26,926,24076
201410082299104,NIB,1,22,200,925,185000
201410082299062,NIB,57,37,100,926,92600
201410082298989,NIB,1,39,141,924,130284
201410082298982,NIB,1,7,200,923,184600
201410082298962,NIB,28,17,37,921,34077
201410082299156,NIB,45,25,111,927,102897
201410082299148,NIB,22,21,78,926,72228
201410082299142,NIB,1,25,100,927,92700
201410082299121,NIB,22,6,15,926,13890
201410082299116,NIB,22,6,100,926,92600
201410082299114,NIB,1,6,170,925,157250
201410082299018,NICA,5,49,56,790,44240
201410082299008,NICA,5,45,100,790,79000
201410082298791,NIL,8,8,27,700,18900
201410082298790,NIL,8,8,27,700,18900
201410082299157,NLG,14,43,13,762,9906
201410082298991,NLG,39,42,26,770,20020
201410082298970,NLG,42,43,26,770,20020
201410082298963,NLG,42,42,26,785,20410
201410082299235,NLIC,45,1,14,4249,59486
201410082299155,NLIC,45,45,20,4250,85000
201410082298920,NLIC,34,22,43,4295,184685
201410082298833,NLIC,57,22,43,4250,182750
201410082299216,NUBL,5,28,42,1400,58800
201410082299212,PCBL,45,6,141,511,72051
201410082299200,PCBL,5,14,111,509,56499
201410082299183,PCBL,44,14,714,508,362712
201410082299063,PCBL,25,41,114,500,57000
201410082299053,PCBL,25,46,20,503,10060
201410082299031,PCBL,25,6,73,508,37084
201410082299024,PCBL,45,17,246,505,124230
201410082298984,PCBL,45,41,52,512,26624
201410082298934,PCBL,45,46,183,511,93513
201410082299106,PLIC,32,41,13,960,12480
201410082299103,PLIC,14,41,94,961,90334
201410082298954,PLIC,32,20,81,971,78651
201410082298944,PLIC,32,20,659,990,652410
201410082298788,PLIC,52,33,27,1000,27000
201410082299117,PRDBL,32,11,60,151,9060
201410082299030,PRDBL,32,11,180,154,27720
201410082299227,PURBL,25,25,11,361,3971
201410082299219,PURBL,25,25,11,361,3971
201410082299210,PURBL,25,25,11,361,3971
201410082299173,PURBL,25,25,11,361,3971
201410082298747,PURBL,22,22,11,365,4015
201410082298835,PURBL,45,35,10,370,3700
201410082298843,PURBL,25,25,11,365,4015
201410082298836,PURBL,45,38,77,372,28644
201410082298857,PURBL,25,25,11,361,3971
201410082298894,PURBL,25,25,11,356,3916
201410082298882,PURBL,25,25,11,356,3916
201410082298876,PURBL,25,25,11,355,3905
201410082298874,PURBL,43,43,11,360,3960
201410082298922,PURBL,25,25,11,356,3916
201410082298911,PURBL,25,25,11,356,3916
201410082298897,PURBL,25,25,11,356,3916
201410082298998,PURBL,25,25,11,357,3927
201410082298977,PURBL,25,25,11,357,3927
201410082298956,PURBL,25,25,11,356,3916
201410082298950,PURBL,25,25,11,356,3916
201410082298932,PURBL,25,25,11,356,3916
201410082298928,PURBL,25,25,11,356,3916
201410082299165,PURBL,25,25,11,361,3971
201410082299141,PURBL,45,13,22,363,7986
201410082299036,PURBL,25,25,11,357,3927
201410082299029,PURBL,25,25,11,357,3927
201410082299020,PURBL,25,25,11,357,3927
201410082299203,RHPC,45,45,10,585,5850
201410082299202,RHPC,45,45,11,585,6435
201410082299201,RHPC,45,45,11,585,6435
201410082299199,RHPC,45,45,11,585,6435
201410082299198,RHPC,45,45,11,585,6435
201410082299197,RHPC,45,45,11,585,6435
201410082298783,RHPC,25,21,19,599,11381
201410082298770,RHPC,25,25,10,595,5950
201410082298769,RHPC,25,25,10,595,5950
201410082298808,RHPC,25,36,11,607,6677
201410082298792,RHPC,19,19,11,606,6666
201410082298789,RHPC,25,39,11,606,6666
201410082298787,RHPC,25,22,11,600,6600
201410082298786,RHPC,25,11,10,600,6000
201410082298785,RHPC,25,21,19,599,11381
201410082298858,RHPC,25,47,42,600,25200
201410082298856,RHPC,45,50,44,594,26136
201410082298853,RHPC,19,19,11,604,6644
201410082298839,RHPC,19,19,11,605,6655
201410082298823,RHPC,19,19,11,606,6666
201410082298812,RHPC,25,52,11,606,6666
201410082298881,RHPC,19,19,11,590,6490
201410082298878,RHPC,19,19,11,590,6490
201410082298871,RHPC,50,50,11,590,6490
201410082298870,RHPC,50,50,11,590,6490
201410082298861,RHPC,25,50,94,600,56400
201410082298859,RHPC,28,28,11,592,6512
201410082298965,RHPC,21,47,11,590,6490
201410082298955,RHPC,21,47,11,590,6490
201410082298947,RHPC,53,47,11,590,6490
201410082298907,RHPC,19,47,11,590,6490
201410082298903,RHPC,19,19,11,590,6490
201410082298884,RHPC,19,19,11,590,6490
201410082299003,RHPC,21,47,11,590,6490
201410082298996,RHPC,53,53,11,590,6490
201410082298983,RHPC,53,47,11,590,6490
201410082298981,RHPC,53,47,11,590,6490
201410082298980,RHPC,53,47,11,591,6501
201410082298978,RHPC,21,47,11,590,6490
201410082299049,RHPC,50,50,11,590,6490
201410082299048,RHPC,50,51,11,588,6468
201410082299046,RHPC,53,40,11,585,6435
201410082299045,RHPC,45,40,11,586,6446
201410082299042,RHPC,17,40,24,587,14088
201410082299006,RHPC,17,33,11,586,6446
201410082299056,RHPC,50,50,11,590,6490
201410082299055,RHPC,50,50,11,590,6490
201410082299054,RHPC,50,50,11,590,6490
201410082299052,RHPC,50,50,11,590,6490
201410082299051,RHPC,50,50,11,590,6490
201410082299050,RHPC,50,50,11,590,6490
201410082299068,RHPC,50,50,11,590,6490
201410082299067,RHPC,50,50,11,590,6490
201410082299066,RHPC,50,50,11,590,6490
201410082299065,RHPC,50,50,11,590,6490
201410082299064,RHPC,50,40,11,585,6435
201410082299057,RHPC,50,50,11,590,6490
201410082299074,RHPC,50,50,11,590,6490
201410082299073,RHPC,50,50,11,590,6490
201410082299072,RHPC,50,50,11,590,6490
201410082299071,RHPC,50,50,11,590,6490
201410082299070,RHPC,50,50,11,590,6490
201410082299069,RHPC,50,50,11,590,6490
201410082299088,RHPC,50,50,11,590,6490
201410082299087,RHPC,50,50,11,590,6490
201410082299086,RHPC,50,50,11,590,6490
201410082299085,RHPC,50,50,11,590,6490
201410082299084,RHPC,50,50,11,590,6490
201410082299083,RHPC,50,50,11,590,6490
201410082299152,RHPC,22,33,11,580,6380
201410082299135,RHPC,11,11,11,579,6369
201410082299125,RHPC,45,33,11,579,6369
201410082299092,RHPC,17,50,11,590,6490
201410082299090,RHPC,50,50,11,590,6490
201410082299089,RHPC,50,50,11,590,6490
201410082299195,RHPC,45,45,11,585,6435
201410082299194,RHPC,45,45,11,585,6435
201410082299193,RHPC,45,45,11,585,6435
201410082299192,RHPC,45,45,11,585,6435
201410082299191,RHPC,45,45,11,585,6435
201410082299154,RHPC,22,14,94,585,54990
201410082299033,RMDC,38,46,33,765,25245
201410082298841,SADBL,16,16,110,251,27610
201410082298837,SADBL,43,16,110,247,27170
201410082298813,SADBL,41,41,80,243,19440
201410082298809,SADBL,41,41,80,239,19120
201410082298806,SADBL,41,41,80,239,19120
201410082299153,SANIMA,45,17,96,490,47040
201410082299137,SANIMA,7,45,69,490,33810
201410082299099,SANIMA,11,11,18,499,8982
201410082299115,SBI,17,33,145,1050,152250
201410082299225,SCB,55,57,41,2080,85280
201410082299080,SCB,17,57,12,2060,24720
201410082298919,SCB,26,50,145,2055,297975
201410082298916,SCB,22,50,193,2056,396808
201410082298958,SETI,32,42,33,185,6105
201410082298917,SETI,55,22,25,186,4650
201410082299014,SEWA,26,25,47,373,17531
201410082298975,SEWA,26,33,46,380,17480
201410082298801,SFL,39,32,53,159,8427
201410082298795,SFL,25,25,53,157,8321
201410082298794,SFL,25,25,53,157,8321
201410082299138,SHINE,16,49,225,375,84375
201410082299009,SHINE,16,16,137,378,51786
201410082298997,SHINE,28,28,126,371,46746
201410082298990,SHINE,16,47,36,375,13500
201410082298986,SHINE,16,47,36,370,13320
201410082298985,SHINE,16,47,36,370,13320
201410082298976,SHINE,16,47,36,370,13320
201410082299236,SHPC,36,50,500,657,328500
201410082299223,SHPC,50,16,30,658,19740
201410082299190,SHPC,50,5,13,655,8515
201410082299189,SHPC,50,5,12,655,7860
201410082299022,SHPC,17,42,18,655,11790
201410082298988,SHPC,17,7,18,659,11862
201410082298744,SHPC,1,1,18,665,11970
201410082298742,SHPC,1,1,18,665,11970
201410082298739,SHPC,1,1,18,665,11970
201410082298737,SHPC,1,1,18,665,11970
201410082298758,SHPC,1,1,18,665,11970
201410082298755,SHPC,1,1,18,665,11970
201410082298751,SHPC,1,1,18,665,11970
201410082298750,SHPC,1,1,18,665,11970
201410082298748,SHPC,1,1,18,665,11970
201410082298746,SHPC,1,1,18,665,11970
201410082298773,SHPC,25,25,10,678,6780
201410082298772,SHPC,1,1,18,665,11970
201410082298771,SHPC,1,1,18,665,11970
201410082298766,SHPC,1,1,18,665,11970
201410082298761,SHPC,1,1,18,665,11970
201410082298760,SHPC,1,1,18,665,11970
201410082298822,SHPC,1,1,18,660,11880
201410082298815,SHPC,1,1,18,660,11880
201410082298800,SHPC,1,1,18,664,11952
201410082298798,SHPC,1,1,18,677,12186
201410082298777,SHPC,25,25,10,690,6900
201410082298775,SHPC,25,25,10,690,6900
201410082298953,SHPC,17,22,18,661,11898
201410082298942,SHPC,1,50,287,656,188272
201410082298931,SHPC,37,50,2970,647,1921590
201410082298830,SHPC,1,1,18,660,11880
201410082298828,SHPC,1,1,18,660,11880
201410082298824,SHPC,1,1,18,660,11880
201410082299012,SICL,14,53,200,774,154800
201410082298765,SICL,25,25,48,789,37872
201410082298762,SICL,25,25,48,800,38400
201410082299102,SMFDB,45,45,147,1000,147000
201410082299059,SMFDB,45,49,127,1000,127000
201410082299215,SRBL,47,22,53,370,19610
201410082299061,SRBL,7,46,83,374,31042
201410082298961,SUBBL,51,32,34,275,9350
201410082298960,SUBBL,51,21,33,275,9075
201410082298743,SUBBL,50,50,33,270,8910
201410082298741,SUBBL,50,50,33,270,8910
201410082299221,SUPRME,25,14,374,168,62832
201410082299040,SUPRME,25,1,140,170,23800
201410082299038,SUPRME,38,21,30,169,5070
201410082298966,SUPRME,37,34,442,169,74698
201410082298921,SUPRME,28,28,70,170,11900
201410082298782,SUPRME,38,33,10,169,1690
201410082298781,SUPRME,38,33,10,169,1690
201410082298768,SUPRME,39,14,100,172,17200
201410082298767,SUPRME,39,17,480,169,81120
201410082298763,SUPRME,39,21,10,169,1690
201410082298745,SUPRME,16,14,35,166,5810
201410082298738,SUPRME,16,14,35,166,5810
201410082299224,SWBBL,17,53,200,1765,353000
201410082298979,SWBBL,16,33,500,1770,885000
201410082298804,SYFL,8,8,153,97,14841
201410082298802,SYFL,8,8,153,97,14841
201410082298799,SYFL,8,8,153,97,14841
201410082299163,TRH,45,22,20,295,5900
201410082299107,TRH,45,16,10,295,2950
201410082299096,TRH,45,38,110,295,32450
201410082298810,TRH,45,45,10,295,2950
201410082299140,WDBL,59,59,2000,234,468000
201410082299122,WDBL,6,25,500,230,115000
201410082298927,WDBL,6,32,516,234,120744
201410082298904,WDBL,6,6,442,238,105196
201410082298891,WDBL,6,6,250,234,58500
201410082299162,YETI,36,42,30,130,3900
201410082299146,YETI,36,22,20,130,2600
201410082299145,YETI,36,22,30,130,3900
201410082299144,YETI,36,22,30,130,3900
201410082299095,YETI,36,39,50,130,6500
201410082299093,YETI,36,39,50,130,6500
201410082299079,YETI,36,16,35,130,4550
201410082299077,YETI,36,16,35,130,4550
201410082298736,SHPC,1,1,18,665,11970
201410082298735,SHPC,1,1,18,665,11970
201410082298734,SHPC,1,1,18,665,11970
201410082298733,SHPC,1,1,18,665,11970
