contract,symbol,buyer,seller,qty,rate,amt
201412242404524,ADBL,14,14,30,470,14100
201412242404040,ADBL,41,10,145,464,67280
201412242404274,ADBL,1,5,492,461,226812
201412242404131,ADBL,29,29,961,458,440138
201412242404045,ADBL,42,10,145,460,66700
201412242404538,AHPC,29,19,200,353,70600
201412242404473,AHPC,35,57,500,351,175500
201412242404416,AHPC,42,57,500,351,175500
201412242404225,AHPC,21,11,82,355,29110
201412242404148,AHPC,41,55,35,352,12320
201412242404144,AHPC,52,8,121,353,42713
201412242404060,AHPC,16,43,323,351,113373
201412242404051,AHPC,48,55,750,351,263250
201412242404484,ALDBL,7,40,20,273,5460
201412242404402,ALICL,46,36,20,1100,22000
201412242404511,APEX,13,14,11,118,1298
201412242404498,APEX,13,14,11,118,1298
201412242404489,APEX,13,14,11,118,1298
201412242404483,APEX,13,14,11,118,1298
201412242404474,APEX,13,14,11,118,1298
201412242404316,APEX,13,14,11,118,1298
201412242404417,ARDBL,1,59,52,140,7280
201412242404377,ARDBL,21,55,42,140,5880
201412242404371,ARDBL,47,55,31,141,4371
201412242404328,ARDBL,39,11,31,143,4433
201412242404325,ARDBL,39,11,31,142,4402
201412242404312,ARDBL,37,59,52,140,7280
201412242404150,ARDBL,1,59,52,142,7384
201412242404092,ARDBL,14,14,126,143,18018
201412242404305,ARDBL,46,11,31,141,4371
201412242404283,ARDBL,46,59,52,141,7332
201412242404256,ARDBL,1,59,52,141,7332
201412242404247,ARDBL,39,11,31,142,4402
201412242404210,ARDBL,1,59,52,140,7280
201412242404188,ARDBL,22,59,52,141,7332
201412242404525,BLDBL,6,36,50,460,23000
201412242404519,BLDBL,57,36,200,455,91000
201412242404476,BLDBL,44,19,355,456,161880
201412242404428,BLDBL,11,36,100,458,45800
201412242404424,BLDBL,42,21,150,455,68250
201412242404379,BLDBL,19,7,170,456,77520
201412242404189,BLDBL,25,17,174,457,79518
201412242404140,BLDBL,58,17,74,457,33818
201412242404091,BLDBL,57,17,196,455,89180
201412242404079,BLDBL,11,17,390,455,177450
201412242404061,BLDBL,45,17,20,460,9200
201412242404520,BPCL,13,56,500,560,280000
201412242404249,BPCL,13,36,500,560,280000
201412242404265,BUDBL,28,17,87,182,15834
201412242404522,CBL,54,51,135,268,36180
201412242404492,CBL,48,29,510,268,136680
201412242404467,CBL,54,47,41,270,11070
201412242404441,CBL,32,47,49,267,13083
201412242404436,CBL,54,51,55,268,14740
201412242404430,CBL,54,51,55,268,14740
201412242404126,CBL,45,40,247,267,65949
201412242404109,CBL,14,59,103,268,27604
201412242404104,CBL,14,29,26,268,6968
201412242404338,CBL,45,38,306,266,81396
201412242404267,CBL,54,14,193,269,51917
201412242404262,CBL,45,56,1000,267,267000
201412242404261,CBL,54,51,78,268,20904
201412242404253,CBL,54,51,135,268,36180
201412242404206,CBL,54,13,139,268,37252
201412242404426,CBL,54,51,15,268,4020
201412242404421,CBL,54,51,15,268,4020
201412242404367,CBL,14,32,55,268,14740
201412242404365,CBL,14,35,350,268,93800
201412242404359,CBL,14,51,39,268,10452
201412242404355,CBL,14,51,135,268,36180
201412242404412,CCBL,32,29,17,280,4760
201412242404397,CCBL,54,16,40,280,11200
201412242404392,CCBL,54,16,40,280,11200
201412242404389,CCBL,54,16,40,280,11200
201412242404386,CCBL,54,16,40,280,11200
201412242404384,CCBL,54,16,40,280,11200
201412242404052,CCBL,54,16,40,281,11240
201412242404049,CCBL,54,16,40,281,11240
201412242404046,CCBL,54,16,40,281,11240
201412242404041,CCBL,13,13,40,282,11280
201412242404039,CCBL,13,13,40,282,11280
201412242404082,CCBL,54,16,40,281,11240
201412242404073,CCBL,54,16,40,281,11240
201412242404066,CCBL,54,16,40,281,11240
201412242404065,CCBL,54,16,40,281,11240
201412242404064,CCBL,54,16,40,281,11240
201412242404058,CCBL,54,16,40,281,11240
201412242404114,CCBL,7,45,10,281,2810
201412242404112,CCBL,7,16,40,281,11240
201412242404110,CCBL,7,16,40,281,11240
201412242404106,CCBL,7,16,40,281,11240
201412242404098,CCBL,54,16,424,281,119144
201412242404088,CCBL,54,16,40,281,11240
201412242404128,CCBL,7,16,40,281,11240
201412242404125,CCBL,7,16,40,281,11240
201412242404124,CCBL,7,45,10,281,2810
201412242404121,CCBL,7,16,40,281,11240
201412242404118,CCBL,7,45,10,281,2810
201412242404116,CCBL,7,16,40,281,11240
201412242404143,CCBL,7,45,16,281,4496
201412242404142,CCBL,7,16,40,281,11240
201412242404137,CCBL,7,16,40,281,11240
201412242404136,CCBL,7,45,10,281,2810
201412242404134,CCBL,7,16,40,281,11240
201412242404133,CCBL,7,45,10,281,2810
201412242404186,CCBL,52,29,17,280,4760
201412242404183,CCBL,32,45,11,280,3080
201412242404182,CCBL,40,45,12,280,3360
201412242404172,CCBL,40,16,40,280,11200
201412242404154,CCBL,32,20,79,280,22120
201412242404149,CCBL,32,16,40,280,11200
201412242404254,CCBL,42,16,40,280,11200
201412242404246,CCBL,49,16,40,280,11200
201412242404203,CCBL,32,22,185,280,51800
201412242404197,CCBL,49,49,760,280,212800
201412242404195,CCBL,54,20,861,280,241080
201412242404190,CCBL,22,22,520,280,145600
201412242404301,CCBL,32,29,40,280,11200
201412242404294,CCBL,32,29,40,280,11200
201412242404290,CCBL,32,29,40,280,11200
201412242404289,CCBL,32,42,40,280,11200
201412242404276,CCBL,54,16,40,279,11160
201412242404260,CCBL,54,16,40,279,11160
201412242404341,CCBL,29,16,40,280,11200
201412242404339,CCBL,32,16,40,280,11200
201412242404333,CCBL,52,25,119,280,33320
201412242404330,CCBL,32,16,40,280,11200
201412242404326,CCBL,49,29,275,280,77000
201412242404306,CCBL,32,32,230,280,64400
201412242404373,CCBL,54,29,39,280,10920
201412242404363,CCBL,54,16,40,280,11200
201412242404361,CCBL,54,51,40,280,11200
201412242404351,CCBL,54,16,40,279,11160
201412242404347,CCBL,29,16,40,280,11200
201412242404343,CCBL,29,16,40,280,11200
201412242404537,CHCL,44,17,100,1655,165500
201412242404410,CHCL,57,49,60,1660,99600
201412242404399,CHCL,48,17,100,1650,165000
201412242404396,CHCL,48,17,100,1653,165300
201412242404383,CHCL,22,53,100,1655,165500
201412242404357,CHCL,59,17,300,1656,496800
201412242404291,CHCL,7,45,12,1665,19980
201412242404050,CHCL,35,1,100,1663,166300
201412242404293,CIVIC,17,11,39,293,11427
201412242404107,CIVIC,17,21,35,288,10080
201412242404518,CNDBL,39,17,20,163,3260
201412242404512,CNDBL,39,17,20,163,3260
201412242404502,CNDBL,39,17,20,163,3260
201412242404495,CNDBL,39,17,20,163,3260
201412242404472,CNDBL,39,17,20,163,3260
201412242404318,CNDBL,39,17,20,164,3280
201412242404239,CNDBL,39,17,20,164,3280
201412242404238,CNDBL,39,17,20,164,3280
201412242404237,CNDBL,39,17,20,164,3280
201412242404236,CNDBL,39,17,20,164,3280
201412242404235,CNDBL,39,17,20,164,3280
201412242404317,CNDBL,39,17,20,164,3280
201412242404311,CNDBL,32,17,20,163,3260
201412242404310,CNDBL,32,17,20,163,3260
201412242404307,CNDBL,32,17,20,163,3260
201412242404303,CNDBL,32,17,20,163,3260
201412242404302,CNDBL,32,17,20,163,3260
201412242404539,CZBIL,14,26,11,410,4510
201412242404532,CZBIL,14,26,11,410,4510
201412242404529,CZBIL,14,26,11,410,4510
201412242404139,CZBIL,39,50,77,408,31416
201412242404062,CZBIL,49,16,231,409,94479
201412242404057,CZBIL,49,52,211,409,86299
201412242404349,DDBL,28,28,500,921,460500
201412242404324,DDBL,28,28,502,921,462342
201412242404530,EBL,44,25,73,1887,137751
201412242404466,EBL,42,59,47,1885,88595
201412242404437,EBL,46,1,20,1892,37840
201412242404440,EDBL,51,57,189,680,128520
201412242404409,EDBL,29,25,140,680,95200
201412242404356,EDBL,19,11,803,670,538010
201412242404185,EDBL,14,41,100,683,68300
201412242404300,EKBL,44,44,33,182,6006
201412242404296,EKBL,44,44,33,182,6006
201412242404275,EKBL,44,44,33,182,6006
201412242404242,EKBL,44,17,33,182,6006
201412242404240,EKBL,44,17,33,182,6006
201412242404230,EKBL,44,17,33,182,6006
201412242404213,EKBL,44,17,33,182,6006
201412242404184,EKBL,44,44,33,182,6006
201412242404180,EKBL,44,44,33,182,6006
201412242404177,EKBL,44,44,33,182,6006
201412242404141,EKBL,44,44,33,182,6006
201412242404471,FMDBL,46,39,50,802,40100
201412242404407,FMDBL,58,26,500,804,402000
201412242404048,GBBL,14,14,158,288,45504
201412242404527,GBIME,29,4,41,490,20090
201412242404372,GBIME,3,21,119,492,58548
201412242404304,GBIME,21,59,500,485,242500
201412242404272,GBIME,57,21,110,492,54120
201412242404271,GBIME,57,13,90,491,44190
201412242404067,GBIME,50,21,214,491,105074
201412242404081,GLICL,57,57,46,533,24518
201412242404070,GLICL,57,57,93,533,49569
201412242404069,GLICL,57,1,100,532,53200
201412242404535,GRAND,16,56,555,170,94350
201412242404288,GRAND,17,21,161,172,27692
201412242404174,GRAND,19,56,100,172,17200
201412242404171,GRAND,19,56,10,170,1700
201412242404165,GRAND,16,56,1000,168,168000
201412242404099,GRAND,17,21,309,171,52839
201412242404127,HBDL,57,25,800,96,76800
201412242404445,HBL,32,21,100,745,74500
201412242404435,HGI,58,58,21,464,9744
201412242404248,HGI,58,21,121,455,55055
201412242404200,HGI,51,21,84,447,37548
201412242404097,IDBL,14,14,91,163,14833
201412242404146,JBNL,14,51,133,242,32186
201412242404404,KAFIL,55,1,260,201,52260
201412242404354,KBL,10,26,500,370,185000
201412242404348,KBL,41,25,162,370,59940
201412242404337,KBL,7,46,90,371,33390
201412242404168,KBL,7,16,72,377,27144
201412242404167,KBL,7,26,500,377,188500
201412242404491,KDBL,17,44,718,118,84724
201412242404485,KDBL,17,42,45,117,5265
201412242404482,KDBL,17,29,41,117,4797
201412242404494,KEBL,14,50,33,375,12375
201412242404221,KMCDB,38,1,10,600,6000
201412242404214,KMCDB,38,1,10,600,6000
201412242404072,KNBL,14,14,76,167,12692
201412242404369,LBL,49,49,250,480,120000
201412242404360,LBL,49,49,500,480,240000
201412242404353,LBL,49,49,500,480,240000
201412242404350,LBL,32,45,200,480,96000
201412242404270,LBL,50,33,400,480,192000
201412242404252,LBL,49,32,840,475,399000
201412242404465,LICN,6,39,200,3022,604400
201412242404464,LICN,59,39,100,3022,302200
201412242404463,LICN,52,39,100,3023,302300
201412242404462,LICN,5,39,100,3025,302500
201412242404461,LICN,49,39,100,3026,302600
201412242404460,LICN,49,39,100,3030,303000
201412242404459,LICN,22,39,50,3030,151500
201412242404178,LLBS,25,44,41,580,23780
201412242404176,LLBS,26,43,10,580,5800
201412242404173,LLBS,25,44,41,580,23780
201412242404169,LLBS,25,44,41,580,23780
201412242404166,LLBS,25,44,41,580,23780
201412242404063,LLBS,26,26,10,580,5800
201412242404056,LLBS,26,26,10,580,5800
201412242404055,LLBS,26,26,10,580,5800
201412242404054,LLBS,26,26,10,580,5800
201412242404053,LLBS,26,26,10,580,5800
201412242404505,LUBL,33,56,100,334,33400
201412242404496,LUBL,33,51,314,329,103306
201412242404250,LUBL,38,41,256,330,84480
201412242404135,LUBL,6,40,88,329,28952
201412242404415,MBBL,14,36,10,134,1340
201412242404102,MBBL,50,16,90,134,12060
201412242404284,MBL,26,1,147,525,77175
201412242404216,MBL,14,48,1000,520,520000
201412242404147,MBL,3,1,45,524,23580
201412242404095,MBL,6,48,100,521,52100
201412242404094,MBL,14,48,500,520,260000
201412242404378,MDB,57,57,57,439,25023
201412242404490,MEGA,38,6,500,394,197000
201412242404414,MEGA,6,6,16,394,6304
201412242404408,MEGA,43,13,192,393,75456
201412242404385,MEGA,6,13,13,394,5122
201412242404346,MEGA,32,32,31,394,12214
201412242404332,MEGA,32,32,31,394,12214
201412242404113,MEGA,38,38,31,395,12245
201412242404103,MEGA,38,38,31,395,12245
201412242404086,MEGA,38,38,31,395,12245
201412242404075,MEGA,32,32,31,394,12214
201412242404224,MEGA,58,52,31,393,12183
201412242404222,MEGA,32,52,31,394,12214
201412242404219,MEGA,45,52,31,393,12183
201412242404208,MEGA,38,38,31,395,12245
201412242404192,MEGA,32,32,31,394,12214
201412242404181,MEGA,42,13,37,394,14578
201412242404255,MEGA,45,38,31,393,12183
201412242404251,MEGA,32,38,31,393,12183
201412242404233,MEGA,17,6,200,393,78600
201412242404232,MEGA,32,52,31,393,12183
201412242404228,MEGA,38,49,287,393,112791
201412242404227,MEGA,45,52,31,393,12183
201412242404295,MEGA,32,32,31,394,12214
201412242404287,MEGA,46,6,200,392,78400
201412242404268,MEGA,22,13,183,392,71736
201412242404264,MEGA,22,35,10,392,3920
201412242404259,MEGA,45,38,31,393,12183
201412242404257,MEGA,45,38,31,393,12183
201412242404413,MMDBL,6,17,23,402,9246
201412242404282,MNBBL,51,52,140,460,64400
201412242404164,MPFL,39,22,10,107,1070
201412242404163,MPFL,39,22,10,107,1070
201412242404162,MPFL,39,22,10,107,1070
201412242404161,MPFL,39,22,10,107,1070
201412242404160,MPFL,39,22,10,107,1070
201412242404159,MPFL,39,22,10,107,1070
201412242404158,MPFL,39,22,10,107,1070
201412242404157,MPFL,39,22,10,107,1070
201412242404156,MPFL,39,22,10,107,1070
201412242404155,MPFL,39,22,10,107,1070
201412242404138,MTBL,13,39,19,200,3800
201412242404078,MTBL,13,39,48,200,9600
201412242404528,NABIL,3,25,80,1856,148480
201412242404497,NABIL,3,41,100,1850,185000
201412242404401,NABIL,3,39,302,1833,553566
201412242404394,NABIL,3,22,302,1830,552660
201412242404314,NABILP,59,49,100,1250,125000
201412242404080,NABILP,39,39,200,1251,250200
201412242404534,NBB,25,25,10,448,4480
201412242404398,NBB,32,34,500,440,220000
201412242404313,NBB,29,51,98,440,43120
201412242404223,NBB,6,25,16,441,7056
201412242404201,NBB,13,25,1000,437,437000
201412242404345,NBBL,11,48,10,1840,18400
201412242404320,NBBL,41,48,10,1840,18400
201412242404298,NBBL,19,49,110,1825,200750
201412242404211,NBBL,5,19,11,1850,20350
201412242404207,NBBL,5,19,11,1850,20350
201412242404130,NBBL,19,19,11,1850,20350
201412242404101,NBBL,37,19,11,1840,20240
201412242404087,NBBL,37,19,11,1840,20240
201412242404322,NBF1,21,58,899,13,11777
201412242404297,NBF1,38,21,899,13,11732
201412242404292,NBF1,38,21,899,13,11732
201412242404278,NBF1,38,21,899,13,11732
201412242404263,NBF1,36,44,300,13,3927
201412242404506,NBL,25,32,10,356,3560
201412242404453,NBL,3,22,300,354,106200
201412242404452,NBL,3,25,500,353,176500
201412242404433,NBL,16,22,1000,350,350000
201412242404429,NBL,25,7,1000,347,347000
201412242404395,NBL,41,32,100,352,35200
201412242404376,NBL,13,7,500,347,173500
201412242404122,NBL,41,11,50,352,17600
201412242404115,NBL,32,11,150,351,52650
201412242404411,NBSL,59,50,12,276,3312
201412242404380,NCCB,22,43,500,540,270000
201412242404375,NCCB,22,33,420,540,226800
201412242404044,NCDB,39,32,28,179,5012
201412242404533,NHPC,44,16,1000,118,118000
201412242404215,NHPC,44,16,2000,118,236000
201412242404234,NIB,22,43,350,699,244650
201412242404120,NIB,36,33,200,700,140000
201412242404501,NIBPO,55,49,100,480,48000
201412242404454,NIBPO,17,14,100,483,48300
201412242404258,NIL,25,25,620,689,427180
201412242404217,NIL,25,25,50,703,35150
201412242404179,NLBBL,32,17,50,995,49750
201412242404480,NLG,41,21,351,740,259740
201412242404403,NLG,14,51,42,736,30912
201412242404393,NLG,5,51,70,737,51590
201412242404374,NLG,1,51,351,736,258336
201412242404093,NLG,5,29,23,751,17273
201412242404085,NLG,5,29,23,751,17273
201412242404074,NLG,5,5,26,752,19552
201412242404068,NLG,5,29,23,751,17273
201412242404500,NLIC,57,3,20,3991,79820
201412242404478,NLIC,54,28,125,3985,498125
201412242404448,NLIC,19,49,20,3995,79900
201412242404245,NLIC,49,33,100,3980,398000
201412242404241,NLIC,57,33,100,3980,398000
201412242404229,NLIC,49,33,300,3980,1194000
201412242404309,NLICL,49,49,500,2130,1065000
201412242404536,NTC,1,8,110,601,66110
201412242404108,NUBL,5,47,67,1144,76648
201412242404521,PCBL,46,48,21,520,10920
201412242404509,PCBL,26,26,53,519,27507
201412242404504,PCBL,46,19,160,520,83200
201412242404503,PCBL,47,6,41,519,21279
201412242404499,PCBL,46,16,337,518,174566
201412242404486,PCBL,46,19,169,520,87880
201412242404071,PCBL,21,17,391,521,203711
201412242404043,PCBL,6,54,86,522,44892
201412242404100,PCBL,22,33,389,520,202280
201412242404096,PCBL,14,13,53,521,27613
201412242404084,PCBL,53,13,49,521,25529
201412242404083,PCBL,25,17,105,522,54810
201412242404077,PCBL,49,16,500,522,261000
201412242404076,PCBL,22,13,20,522,10440
201412242404198,PCBL,42,17,68,520,35360
201412242404196,PCBL,39,17,307,519,159333
201412242404194,PCBL,34,36,92,520,47840
201412242404187,PCBL,1,49,290,520,150800
201412242404119,PCBL,38,54,27,521,14067
201412242404117,PCBL,43,54,53,521,27613
201412242404285,PCBL,34,22,185,520,96200
201412242404273,PCBL,33,56,1000,519,519000
201412242404266,PCBL,29,17,129,520,67080
201412242404212,PCBL,16,17,36,521,18756
201412242404204,PCBL,17,17,53,520,27560
201412242404202,PCBL,38,21,535,519,277665
201412242404334,PCBL,17,40,31,520,16120
201412242404331,PCBL,1,40,80,520,41600
201412242404327,PCBL,44,38,373,518,193214
201412242404319,PCBL,34,56,442,519,229398
201412242404315,PCBL,16,19,14,523,7322
201412242404299,PCBL,44,17,176,520,91520
201412242404418,PCBL,57,7,299,519,155181
201412242404388,PCBL,1,13,100,521,52100
201412242404387,PCBL,6,44,500,519,259500
201412242404352,PCBL,1,5,100,520,52000
201412242404344,PCBL,25,41,200,519,103800
201412242404342,PCBL,6,17,300,520,156000
201412242404444,PCBL,38,16,11,521,5731
201412242404443,PCBL,44,5,323,518,167314
201412242404442,PCBL,1,19,26,520,13520
201412242404439,PCBL,58,16,10,522,5220
201412242404432,PCBL,6,22,200,519,103800
201412242404431,PCBL,25,40,80,519,41520
201412242404481,PCBL,49,16,24,520,12480
201412242404475,PCBL,25,4,38,520,19760
201412242404470,PCBL,25,5,154,518,79772
201412242404469,PCBL,16,16,109,518,56462
201412242404450,PCBL,6,5,160,518,82880
201412242404447,PCBL,6,5,115,519,59685
201412242404479,PDBL,45,43,246,234,57564
201412242404457,PDBL,45,8,500,230,115000
201412242404390,PDBL,45,28,500,234,117000
201412242404059,PDBL,28,28,10,238,2380
201412242404516,PICL,49,17,500,402,201000
201412242404515,PICL,28,17,500,403,201500
201412242404514,PICL,11,17,500,405,202500
201412242404513,PICL,38,17,500,406,203000
201412242404508,RBS,32,4,43,4950,212850
201412242404427,RBS,32,4,14,4925,68950
201412242404368,RBS,32,4,14,4921,68894
201412242404391,REDBL,56,17,581,184,106904
201412242404218,REDBL,16,21,74,184,13616
201412242404370,RHPC,17,25,11,486,5346
201412242404047,RHPC,41,46,10,485,4850
201412242404517,SANIMA,6,8,36,522,18792
201412242404487,SANIMA,29,45,200,520,104000
201412242404438,SANIMA,41,42,100,521,52100
201412242404420,SANIMA,26,45,274,520,142480
201412242404419,SANIMA,46,29,315,523,164745
201412242404381,SANIMA,14,38,139,521,72419
201412242404321,SANIMA,59,45,500,522,261000
201412242404244,SANIMA,59,4,500,521,260500
201412242404226,SANIMA,14,58,584,521,304264
201412242404191,SANIMA,14,4,500,521,260500
201412242404280,SBL,14,13,102,628,64056
201412242404406,SCB,46,19,38,1906,72428
201412242404220,SCB,29,3,100,1890,189000
201412242404531,SEOS,13,43,11795,10,122668
201412242404358,SFL,46,26,168,125,21000
201412242404340,SFL,37,26,96,126,12096
201412242404277,SFL,49,49,53,126,6678
201412242404269,SFL,49,49,156,126,19656
201412242404468,SHPC,55,49,200,699,139800
201412242404423,SHPC,13,49,60,698,41880
201412242404422,SHPC,55,49,100,698,69800
201412242404336,SHPC,29,49,50,699,34950
201412242404231,SHPC,57,55,300,699,209700
201412242404175,SHPC,58,49,20,698,13960
201412242404042,SHPC,28,55,280,700,196000
201412242404153,SHPC,52,49,300,698,209400
201412242404152,SHPC,19,49,150,699,104850
201412242404151,SHPC,13,49,60,700,42000
201412242404145,SHPC,28,56,15,700,10500
201412242404132,SHPC,41,49,100,699,69900
201412242404105,SHPC,58,37,220,703,154660
201412242404243,SIC,5,21,56,1132,63392
201412242404205,SIC,22,55,200,1120,224000
201412242404523,SICL,7,6,200,784,156800
201412242404507,SICL,7,48,10,770,7700
201412242404335,SICL,6,21,300,769,230700
201412242404329,SICL,6,17,66,768,50688
201412242404193,SICL,6,6,200,767,153400
201412242404111,SICL,59,17,100,765,76500
201412242404510,SIL,26,6,50,745,37250
201412242404455,SIL,43,6,100,740,74000
201412242404279,SIL,47,6,50,741,37050
201412242404405,SKBBL,48,47,12,1210,14520
201412242404400,SKBBL,49,49,500,1205,602500
201412242404382,SKBBL,5,42,19,1218,23142
201412242404362,SKBBL,46,21,74,1215,89910
201412242404323,SKBBL,7,42,19,1216,23104
201412242404308,SLBBL,46,8,100,1925,192500
201412242404209,SLBBL,41,1,10,1911,19110
201412242404493,SRBL,32,48,500,382,191000
201412242404281,SRBL,4,43,176,383,67408
201412242404434,SUBBL,26,17,100,316,31600
201412242404286,SUBBL,51,29,33,316,10428
201412242404488,SWBBL,5,48,50,1365,68250
201412242404449,SWBBL,25,13,50,1350,67500
201412242404129,SWBBL,25,56,100,1364,136400
201412242404123,SWBBL,25,26,55,1350,74250
201412242404090,SWBBL,55,48,100,1345,134500
201412242404364,UFCL,29,25,88,104,9152
201412242404199,UIC,48,49,300,825,247500
201412242404477,VBBL,32,18,70,123,8610
201412242404458,YETI,42,29,50,123,6150
201412242404456,YETI,42,29,50,123,6150
201412242404451,YETI,42,29,50,123,6150
201412242404425,YETI,42,51,145,124,17980
201412242403895,ADBL,41,34,90,464,41760
201412242403889,ADBL,50,50,260,465,120900
201412242403987,AHPC,58,44,500,352,176000
201412242403984,AHPC,53,44,216,352,76032
201412242403941,AHPC,49,49,124,353,43772
201412242403888,AHPC,49,49,4000,350,1400000
201412242403777,AHPC,36,43,500,351,175500
201412242403695,AHPC,41,42,20,352,7040
201412242403548,AHPC,16,43,271,354,95934
201412242403540,AHPC,49,43,500,351,175500
201412242403934,ALDBL,6,57,20,275,5500
201412242403933,ALDBL,6,57,20,275,5500
201412242403932,ALDBL,6,57,20,275,5500
201412242403931,ALDBL,6,57,20,275,5500
201412242403930,ALDBL,6,57,20,275,5500
201412242403837,ALICL,5,49,100,1110,111000
201412242403833,ALICL,5,6,21,1108,23268
201412242403791,ALICL,34,4,16,1109,17744
201412242403769,ALICL,25,4,100,1100,110000
201412242403718,ALICL,13,41,11,1115,12265
201412242403662,APEX,25,59,10,120,1200
201412242403651,BHBL,1,5,100,147,14700
201412242404004,BLDBL,1,17,226,458,103508
201412242403992,BLDBL,1,17,235,458,107630
201412242403877,BLDBL,6,25,20,460,9200
201412242403780,BLDBL,47,19,287,456,130872
201412242403766,BLDBL,6,7,30,460,13800
201412242403764,BLDBL,6,17,38,460,17480
201412242403725,BLDBL,6,48,100,460,46000
201412242403715,BLDBL,6,6,262,457,119734
201412242403697,BLDBL,58,48,100,461,46100
201412242403691,BLDBL,20,48,150,459,68850
201412242403541,BPCL,49,17,200,570,114000
201412242403982,CBBL,19,38,100,1195,119500
201412242403724,CBL,14,18,424,266,112784
201412242403717,CBL,25,18,57,267,15219
201412242403671,CBL,40,25,169,267,45123
201412242403550,CBL,21,21,895,269,240755
201412242404037,CCBL,13,13,40,282,11280
201412242404034,CCBL,13,13,40,282,11280
201412242404032,CCBL,13,13,40,282,11280
201412242404030,CCBL,54,11,31,284,8804
201412242404029,CCBL,54,25,40,284,11360
201412242404028,CCBL,54,25,40,284,11360
201412242403593,CCBL,49,22,39,280,10920
201412242403581,CCBL,49,32,20,280,5600
201412242403552,CCBL,49,32,20,280,5600
201412242403545,CCBL,49,1,1000,280,280000
201412242403699,CCBL,32,32,20,281,5620
201412242403698,CCBL,49,16,40,280,11200
201412242403680,CCBL,49,16,40,280,11200
201412242403678,CCBL,49,16,40,280,11200
201412242403600,CCBL,49,22,39,280,10920
201412242403597,CCBL,49,32,20,280,5600
201412242403713,CCBL,49,16,40,280,11200
201412242403707,CCBL,49,16,40,280,11200
201412242403703,CCBL,49,16,40,280,11200
201412242403702,CCBL,32,32,20,281,5620
201412242403701,CCBL,32,32,20,281,5620
201412242403700,CCBL,32,32,20,281,5620
201412242403797,CCBL,45,16,40,281,11240
201412242403761,CCBL,13,13,40,281,11240
201412242403759,CCBL,13,13,40,281,11240
201412242403754,CCBL,13,13,40,281,11240
201412242403751,CCBL,13,13,40,281,11240
201412242403749,CCBL,13,13,40,281,11240
201412242403842,CCBL,7,17,40,281,11240
201412242403838,CCBL,45,17,40,281,11240
201412242403832,CCBL,45,17,40,281,11240
201412242403825,CCBL,45,17,40,281,11240
201412242403802,CCBL,45,17,40,281,11240
201412242403798,CCBL,45,45,40,281,11240
201412242403859,CCBL,7,16,40,281,11240
201412242403858,CCBL,7,17,40,281,11240
201412242403853,CCBL,7,58,40,281,11240
201412242403851,CCBL,7,17,40,281,11240
201412242403846,CCBL,7,58,40,281,11240
201412242403843,CCBL,7,58,40,281,11240
201412242403881,CCBL,49,17,40,280,11200
201412242403873,CCBL,7,17,40,281,11240
201412242403872,CCBL,7,58,40,281,11240
201412242403866,CCBL,7,17,40,281,11240
201412242403865,CCBL,7,16,40,281,11240
201412242403860,CCBL,7,16,40,281,11240
201412242403906,CCBL,49,16,1680,281,472080
201412242403901,CCBL,49,16,40,281,11240
201412242403900,CCBL,49,16,40,281,11240
201412242403891,CCBL,49,17,40,280,11200
201412242403890,CCBL,49,16,40,280,11200
201412242403883,CCBL,49,17,40,280,11200
201412242403947,CCBL,13,16,40,281,11240
201412242403940,CCBL,13,13,40,281,11240
201412242403939,CCBL,13,13,40,281,11240
201412242403938,CCBL,13,13,40,281,11240
201412242403929,CCBL,13,13,40,281,11240
201412242403927,CCBL,13,13,40,281,11240
201412242403986,CCBL,45,32,20,281,5620
201412242403953,CCBL,13,13,40,281,11240
201412242403950,CCBL,13,13,40,281,11240
201412242403949,CCBL,13,13,40,281,11240
201412242403948,CCBL,13,13,40,281,11240
201412242404011,CCBL,54,17,40,283,11320
201412242404010,CCBL,54,17,40,283,11320
201412242404009,CCBL,54,32,40,282,11280
201412242404008,CCBL,54,32,40,282,11280
201412242404007,CCBL,54,16,40,281,11240
201412242404006,CCBL,54,16,40,281,11240
201412242404027,CCBL,54,25,40,284,11360
201412242404026,CCBL,54,25,40,284,11360
201412242404025,CCBL,54,25,40,284,11360
201412242404024,CCBL,54,25,40,284,11360
201412242404018,CCBL,54,22,61,284,17324
201412242404012,CCBL,54,6,261,283,73863
201412242403988,CHCL,5,14,100,1655,165500
201412242403946,CHCL,36,1,100,1662,166200
201412242403655,CHCL,41,18,47,1660,78020
201412242403602,CHCL,20,1,100,1661,166100
201412242403967,CNDBL,39,50,100,164,16400
201412242403905,CNDBL,1,50,500,163,81500
201412242403783,CNDBL,50,17,20,165,3300
201412242403773,CNDBL,32,17,20,163,3260
201412242403999,CZBIL,33,16,439,407,178673
201412242403557,CZBIL,7,7,32,409,13088
201412242403779,DDBL,6,45,41,931,38171
201412242404035,EDBL,43,52,300,674,202200
201412242403785,EDBL,16,49,100,673,67300
201412242403755,EDBL,52,44,400,678,271200
201412242403586,EDBL,52,8,100,671,67100
201412242403585,EDBL,5,8,200,672,134400
201412242403563,EDBL,51,8,1000,673,673000
201412242403562,EDBL,51,8,100,673,67300
201412242403561,EDBL,51,8,100,673,67300
201412242403921,GBIME,36,49,54,489,26406
201412242403737,GBIME,44,59,500,490,245000
201412242403735,GBIME,44,21,300,489,146700
201412242403726,GBIME,3,42,26,487,12662
201412242403638,GBIME,11,11,84,490,41160
201412242403627,GBIME,21,5,33,488,16104
201412242403605,GBIME,11,11,89,490,43610
201412242403592,GBIME,49,7,361,490,176890
201412242403546,GBIME,11,55,421,485,204185
201412242403539,GBIME,51,55,235,487,114445
201412242403661,GLICL,13,35,121,525,63525
201412242403826,HBDL,59,25,500,95,47500
201412242403745,HBDL,32,25,500,95,47500
201412242403871,HBL,22,22,11,745,8195
201412242403835,IDBL,42,48,11,162,1782
201412242403840,JBBL,25,14,90,154,13860
201412242403831,JBBL,25,49,90,154,13860
201412242403848,JBNL,13,18,163,239,38957
201412242403809,JBNL,42,5,33,240,7920
201412242403808,JBNL,13,13,271,239,64769
201412242403731,JBNL,48,59,16,243,3888
201412242403719,JBNL,48,5,33,240,7920
201412242403714,JBNL,48,5,33,240,7920
201412242403985,KAFIL,20,32,29,205,5945
201412242403730,KAFIL,20,1,10,205,2050
201412242403667,KAFIL,25,1,145,201,29145
201412242403968,KDBL,50,36,21,115,2415
201412242403556,KDBL,50,36,21,115,2415
201412242403579,KMCDB,50,57,10,600,6000
201412242403578,KMCDB,50,57,10,600,6000
201412242403577,KMCDB,50,57,10,600,6000
201412242403576,KMCDB,50,57,10,600,6000
201412242403575,KMCDB,50,57,10,600,6000
201412242403894,LBL,11,6,64,480,30720
201412242403757,LBL,32,32,46,478,21988
201412242403729,LICN,54,39,100,3045,304500
201412242403919,LLBS,19,29,10,580,5800
201412242403918,LLBS,19,29,10,580,5800
201412242403917,LLBS,19,29,10,580,5800
201412242403916,LLBS,19,29,10,580,5800
201412242403915,LLBS,19,44,10,580,5800
201412242403914,LLBS,19,44,10,580,5800
201412242403573,LLBS,6,44,10,575,5750
201412242403571,LLBS,6,44,10,575,5750
201412242403570,LLBS,6,44,10,575,5750
201412242403560,LLBS,6,44,10,575,5750
201412242403558,LLBS,6,44,10,575,5750
201412242403553,LLBS,6,44,10,575,5750
201412242403604,LLBS,45,44,10,574,5740
201412242403601,LLBS,45,44,10,574,5740
201412242403598,LLBS,45,44,10,574,5740
201412242403594,LLBS,45,44,10,574,5740
201412242403590,LLBS,45,44,10,574,5740
201412242403580,LLBS,6,44,10,575,5750
201412242403620,LLBS,16,44,10,573,5730
201412242403616,LLBS,45,44,10,574,5740
201412242403613,LLBS,45,44,10,574,5740
201412242403610,LLBS,45,44,10,574,5740
201412242403609,LLBS,45,44,10,574,5740
201412242403607,LLBS,45,44,10,574,5740
201412242403684,LLBS,26,26,10,578,5780
201412242403683,LLBS,26,26,10,578,5780
201412242403682,LLBS,26,26,10,578,5780
201412242403681,LLBS,26,26,10,578,5780
201412242403679,LLBS,43,49,10,574,5740
201412242403621,LLBS,16,44,10,573,5730
201412242403690,LLBS,26,26,10,578,5780
201412242403689,LLBS,26,26,10,578,5780
201412242403688,LLBS,26,26,10,578,5780
201412242403687,LLBS,26,26,10,578,5780
201412242403686,LLBS,26,26,10,578,5780
201412242403685,LLBS,26,26,10,578,5780
201412242403753,LLBS,43,44,10,574,5740
201412242403750,LLBS,43,44,10,574,5740
201412242403747,LLBS,43,44,10,574,5740
201412242403746,LLBS,43,44,10,574,5740
201412242403744,LLBS,43,44,10,574,5740
201412242403693,LLBS,43,49,10,574,5740
201412242403790,LLBS,43,44,10,574,5740
201412242403787,LLBS,43,44,10,574,5740
201412242403786,LLBS,43,44,10,574,5740
201412242403765,LLBS,43,44,10,574,5740
201412242403762,LLBS,43,44,10,574,5740
201412242403756,LLBS,43,44,10,574,5740
201412242403801,LLBS,43,44,10,574,5740
201412242403800,LLBS,43,44,10,574,5740
201412242403799,LLBS,43,44,10,574,5740
201412242403795,LLBS,43,44,10,574,5740
201412242403793,LLBS,43,44,10,574,5740
201412242403792,LLBS,19,26,10,579,5790
201412242403814,LLBS,26,26,10,579,5790
201412242403813,LLBS,26,26,10,579,5790
201412242403812,LLBS,26,26,10,579,5790
201412242403811,LLBS,26,44,10,574,5740
201412242403805,LLBS,43,44,10,574,5740
201412242403803,LLBS,43,44,10,574,5740
201412242403820,LLBS,26,26,10,579,5790
201412242403819,LLBS,26,26,10,579,5790
201412242403818,LLBS,26,26,10,579,5790
201412242403817,LLBS,26,26,10,579,5790
201412242403816,LLBS,26,26,10,579,5790
201412242403815,LLBS,26,26,10,579,5790
201412242403913,LLBS,19,44,10,580,5800
201412242403912,LLBS,19,44,10,580,5800
201412242403911,LLBS,19,44,10,580,5800
201412242403910,LLBS,19,44,10,580,5800
201412242403909,LLBS,19,44,10,580,5800
201412242403821,LLBS,26,26,10,579,5790
201412242404021,LUBL,6,40,100,335,33500
201412242403970,MBBL,14,16,58,136,7888
201412242403660,MDBL,36,5,200,144,28800
201412242404038,MEGA,19,13,113,394,44522
201412242404015,MEGA,32,32,31,394,12214
201412242403926,MEGA,38,38,31,395,12245
201412242403924,MEGA,38,38,31,395,12245
201412242403907,MEGA,38,38,31,395,12245
201412242403878,MEGA,38,33,37,394,14578
201412242403637,MEGA,42,38,31,395,12245
201412242403630,MEGA,38,6,500,395,197500
201412242403588,MEGA,19,41,19,396,7524
201412242403673,MEGA,38,32,31,395,12245
201412242403669,MEGA,32,38,31,395,12245
201412242403666,MEGA,19,37,16,395,6320
201412242403657,MEGA,38,41,19,396,7524
201412242403652,MEGA,32,32,31,395,12245
201412242403639,MEGA,42,38,31,395,12245
201412242403738,MEGA,38,38,31,395,12245
201412242403736,MEGA,45,42,77,393,30261
201412242403712,MEGA,17,38,31,395,12245
201412242403692,MEGA,38,38,31,395,12245
201412242403676,MEGA,17,37,16,395,6320
201412242403674,MEGA,17,38,31,395,12245
201412242403776,MEGA,38,38,31,395,12245
201412242403774,MEGA,38,38,31,395,12245
201412242403763,MEGA,1,6,200,395,79000
201412242403742,MEGA,38,38,31,395,12245
201412242403741,MEGA,19,29,96,395,37920
201412242403740,MEGA,38,38,31,395,12245
201412242403827,MEGA,38,38,31,395,12245
201412242403824,MEGA,38,38,31,395,12245
201412242403823,MEGA,8,38,31,395,12245
201412242403822,MEGA,38,38,31,395,12245
201412242403806,MEGA,8,32,31,394,12214
201412242403788,MEGA,17,38,31,395,12245
201412242403870,MEGA,38,38,31,395,12245
201412242403867,MEGA,38,38,31,395,12245
201412242403863,MEGA,38,38,31,395,12245
201412242403839,MEGA,8,38,31,395,12245
201412242403834,MEGA,8,38,31,395,12245
201412242403830,MEGA,8,38,31,395,12245
201412242403922,MMDBL,6,51,10,402,4020
201412242403804,MMDBL,18,37,10,395,3950
201412242403789,MNBBL,44,7,66,463,30558
201412242403980,MPFL,39,22,10,107,1070
201412242403979,MPFL,39,22,10,107,1070
201412242403978,MPFL,39,22,10,107,1070
201412242403977,MPFL,39,22,10,107,1070
201412242403976,MPFL,39,22,10,107,1070
201412242403975,MPFL,39,22,10,107,1070
201412242403959,MPFL,39,57,40,107,4280
201412242403955,MPFL,18,18,10,107,1070
201412242403951,MPFL,18,18,10,107,1070
201412242403935,MPFL,18,22,10,107,1070
201412242403974,MPFL,39,22,10,107,1070
201412242403973,MPFL,39,22,10,107,1070
201412242403972,MPFL,39,22,10,107,1070
201412242403971,MPFL,39,22,10,107,1070
201412242403961,MPFL,39,57,40,107,4280
201412242403960,MPFL,39,57,40,107,4280
201412242403876,NABIL,52,49,106,1830,193980
201412242403844,NABIL,49,11,49,1832,89768
201412242403836,NABIL,51,11,96,1831,175776
201412242404019,NABILP,14,49,200,1255,251000
201412242403794,NABILP,17,49,200,1255,251000
201412242403964,NBB,59,26,200,440,88000
201412242403944,NBB,22,22,44,440,19360
201412242403942,NBB,6,22,77,440,33880
201412242403868,NBB,32,26,200,440,88000
201412242403856,NBB,36,34,1000,440,440000
201412242403847,NBB,36,22,1000,439,439000
201412242403675,NBB,6,26,100,441,44100
201412242403958,NBBL,37,19,11,1840,20240
201412242403879,NBBL,8,40,11,1825,20075
201412242403732,NBF1,1,42,1601,13,20829
201412242403704,NBF1,5,21,899,13,11705
201412242403599,NBF1,5,44,300,13,3906
201412242403591,NBF1,5,44,300,13,3906
201412242403587,NBF1,5,44,300,13,3906
201412242403549,NBF1,5,44,300,13,3906
201412242403547,NBF1,5,44,300,13,3906
201412242403543,NBF1,5,44,300,13,3906
201412242403542,NBF1,5,44,300,13,3906
201412242403584,NBF1,5,44,300,13,3906
201412242403582,NBF1,5,44,300,13,3906
201412242403572,NBF1,5,44,300,13,3906
201412242403565,NBF1,5,44,300,13,3906
201412242403555,NBF1,5,44,300,13,3906
201412242403551,NBF1,5,44,300,13,3906
201412242403845,NBL,21,7,1000,347,347000
201412242403841,NBL,58,7,1000,348,348000
201412242403611,NBL,47,52,3708,345,1279260
201412242403770,NCCB,46,33,500,537,268500
201412242403648,NCCB,8,7,284,540,153360
201412242403677,NCDB,11,32,28,176,4928
201412242403672,NCDB,11,32,23,176,4048
201412242403670,NCDB,11,32,28,176,4928
201412242403568,NCDB,29,32,58,174,10092
201412242403567,NCDB,29,32,23,174,4002
201412242403566,NCDB,29,32,28,174,4872
201412242403564,NCDB,29,32,28,174,4872
201412242403908,NGBL,39,33,370,247,91390
201412242403633,NGBL,39,33,50,243,12150
201412242403632,NGBL,39,33,200,243,48600
201412242403631,NGBL,43,33,200,244,48800
201412242403629,NGBL,1,33,280,245,68600
201412242403628,NGBL,52,33,200,246,49200
201412242404003,NHPC,51,16,1000,118,118000
201412242403994,NHPC,51,16,1000,118,118000
201412242403810,NHPC,38,11,1000,118,118000
201412242403722,NIB,32,56,490,698,342020
201412242403721,NIBPO,53,40,500,475,237500
201412242403855,NICA,17,11,138,655,90390
201412242403650,NICA,25,25,410,655,268550
201412242403626,NICA,22,5,40,655,26200
201412242403711,NICL,11,5,107,392,41944
201412242404016,NLG,5,29,25,751,18775
201412242404014,NLG,5,29,25,751,18775
201412242404002,NLG,5,29,25,751,18775
201412242403997,NLG,5,29,25,751,18775
201412242403993,NLG,5,29,25,751,18775
201412242403965,NLG,5,53,32,750,24000
201412242403962,NLG,5,17,26,750,19500
201412242403956,NLG,5,17,26,749,19474
201412242403861,NLG,22,47,40,740,29600
201412242403857,NLG,11,19,207,735,152145
201412242403767,NLIC,41,48,50,4000,200000
201412242403635,NLIC,57,34,150,3994,599100
201412242403996,NUBL,19,58,90,1122,100980
201412242403623,PADBL,29,56,70,365,25550
201412242403622,PADBL,29,14,100,364,36400
201412242403614,PADBL,29,18,183,363,66429
201412242404036,PCBL,14,17,26,522,13572
201412242404017,PCBL,53,29,200,521,104200
201412242403995,PCBL,39,29,74,522,38628
201412242403969,PCBL,6,17,21,522,10962
201412242403945,PCBL,47,5,500,522,261000
201412242403937,PCBL,43,17,500,522,261000
201412242403646,PCBL,20,13,100,523,52300
201412242403634,PCBL,28,36,122,522,63684
201412242403624,PCBL,25,42,385,521,200585
201412242403574,PCBL,49,44,714,523,373422
201412242403752,PCBL,6,36,187,523,97801
201412242403668,PCBL,32,32,25,523,13075
201412242403659,PCBL,25,36,238,522,124236
201412242403658,PCBL,20,46,73,523,38179
201412242403649,PCBL,32,7,53,522,27666
201412242403647,PCBL,20,46,64,523,33472
201412242403875,PCBL,25,13,145,521,75545
201412242403864,PCBL,49,29,490,521,255290
201412242403854,PCBL,19,13,13,522,6786
201412242403852,PCBL,21,29,563,521,293323
201412242403849,PCBL,43,13,159,522,82998
201412242403760,PCBL,6,36,196,523,102508
201412242403925,PCBL,47,17,534,521,278214
201412242403923,PCBL,6,33,51,522,26622
201412242403898,PCBL,47,36,218,522,113796
201412242403896,PCBL,38,19,49,522,25578
201412242403893,PCBL,38,36,386,521,201106
201412242403882,PCBL,43,29,273,522,142506
201412242403784,PDBL,28,28,10,239,2390
201412242403775,PDBL,28,28,10,235,2350
201412242403768,PDBL,42,28,10,231,2310
201412242403748,PDBL,8,8,1000,227,227000
201412242403739,PDBL,52,28,200,231,46200
201412242403720,PDBL,38,28,500,231,115500
201412242403705,PDBL,53,28,1000,231,231000
201412242403694,PDBL,8,8,1000,235,235000
201412242403642,PDBL,43,28,10,239,2390
201412242404001,PFCLL,47,14,68,114,7752
201412242403899,PLIC,49,49,256,968,247808
201412242403716,PLIC,49,49,1000,970,970000
201412242403569,PLIC,45,48,27,974,26298
201412242403554,PLIC,45,5,14,955,13370
201412242403966,PURBL,44,44,500,303,151500
201412242403869,RBS,32,4,12,4825,57900
201412242403928,REDBL,6,59,34,181,6154
201412242403758,REDBL,6,45,76,181,13756
201412242403625,REDBL,6,32,38,184,6992
201412242403617,REDBL,6,32,38,184,6992
201412242404031,RHPC,17,17,11,486,5346
201412242404023,RHPC,17,17,10,486,4860
201412242403596,RHPC,43,29,94,487,45778
201412242403728,RMDC,22,38,10,642,6420
201412242403727,RMDC,22,29,30,641,19230
201412242403850,SANIMA,13,25,199,520,103480
201412242403710,SANIMA,25,7,500,520,260000
201412242403653,SANIMA,59,59,231,520,120120
201412242403640,SANIMA,53,20,200,520,104000
201412242403989,SBI,25,7,500,992,496000
201412242403696,SBI,11,42,40,1001,40040
201412242403664,SBI,45,10,90,1000,90000
201412242404005,SBL,14,58,135,620,83700
201412242404000,SBL,14,58,280,620,173600
201412242403990,SBL,53,58,266,620,164920
201412242403983,SBL,50,58,368,621,228528
201412242403963,SBL,49,49,129,625,80625
201412242403957,SCB,8,14,40,1904,76160
201412242403952,SCB,8,26,50,1900,95000
201412242403920,SCB,3,14,14,1904,26656
201412242403641,SEOS,41,34,2500,10,26125
201412242403743,SFL,51,51,24,127,3048
201412242403733,SFL,51,51,24,129,3096
201412242403723,SFL,51,51,24,131,3144
201412242403709,SFL,51,51,24,133,3192
201412242403781,SHBL,26,42,10,410,4100
201412242404020,SHPC,21,49,100,700,70000
201412242403892,SHPC,18,18,18,702,12636
201412242403874,SHPC,36,1,18,704,12672
201412242403862,SHPC,36,1,18,704,12672
201412242403829,SHPC,4,29,95,701,66595
201412242403807,SHPC,36,52,33,703,23199
201412242403796,SHPC,36,37,18,702,12636
201412242403782,SHPC,19,33,16,700,11200
201412242403778,SHPC,50,42,59,700,41300
201412242403887,SIC,22,22,75,1120,84000
201412242403663,SIC,22,7,10,1110,11100
201412242403608,SIC,14,14,135,1130,152550
201412242403954,SICL,22,17,100,765,76500
201412242403903,SICL,59,26,30,760,22800
201412242403902,SICL,59,26,20,760,15200
201412242403734,SICL,33,46,70,755,52850
201412242403708,SLICL,49,6,410,625,256250
201412242403538,SLICL,22,39,83,627,52041
201412242403771,SRBL,49,49,2023,387,782901
201412242403706,SUBBL,26,5,47,312,14664
201412242403654,SUBBL,51,17,66,316,20856
201412242403636,SUPRME,48,36,10,143,1430
201412242403612,SUPRME,58,48,10,142,1420
201412242403589,SWBBL,17,56,200,1338,267600
201412242403981,UIC,48,49,200,835,167000
201412242403904,UIC,54,21,776,830,644080
201412242403897,UIC,54,49,200,829,165800
201412242403772,UIC,59,49,100,829,82900
201412242403645,UIC,17,49,200,825,165000
201412242403644,UIC,5,49,100,826,82600
201412242403643,UIC,51,49,50,827,41350
201412242403936,VBBL,25,29,40,124,4960
201412242403886,YETI,1,28,50,124,6200
201412242403885,YETI,1,28,50,124,6200
201412242403884,YETI,1,14,40,124,4960
201412242403880,YETI,1,51,181,124,22444
201412242403665,YETI,6,6,30,124,3720
201412242403656,YETI,6,6,30,124,3720
201412242403559,YETI,6,6,11,124,1364
201412242403544,YETI,6,6,11,124,1364
201412242403619,YETI,59,19,51,124,6324
201412242403618,YETI,59,19,100,124,12400
201412242403615,YETI,6,6,11,124,1364
201412242403606,YETI,6,6,11,124,1364
201412242403595,YETI,6,6,11,124,1364
201412242403583,YETI,6,6,11,124,1364
201412242403406,ADBL,41,50,50,464,23200
201412242403316,ADBL,58,6,41,465,19065
201412242403281,ADBL,58,28,50,465,23250
201412242403275,ADBL,50,28,50,466,23300
201412242403515,AHPC,21,58,18,352,6336
201412242403511,AHPC,7,58,24,355,8520
201412242403477,AHPC,26,43,500,351,175500
201412242403475,AHPC,34,43,189,352,66528
201412242403469,AHPC,7,43,500,353,176500
201412242403466,AHPC,44,43,500,353,176500
201412242403454,AHPC,54,58,42,357,14994
201412242403364,AHPC,45,43,500,354,177000
201412242403264,AHPC,46,43,500,354,177000
201412242403239,AHPC,38,43,500,355,177500
201412242403432,ALDBL,3,44,20,275,5500
201412242403269,ALDBL,55,22,20,272,5440
201412242403207,ALDBL,55,45,100,272,27200
201412242403161,ALICL,45,46,70,1115,78050
201412242403108,APEX,32,57,1000,118,118000
201412242403231,ARDBL,55,44,52,145,7540
201412242403219,ARDBL,56,56,21,144,3024
201412242403218,ARDBL,56,56,21,144,3024
201412242403213,ARDBL,56,56,21,144,3024
201412242403517,BLDBL,14,14,3000,451,1353000
201412242403434,BLDBL,6,51,30,460,13800
201412242403427,BLDBL,6,38,33,460,15180
201412242403400,BLDBL,58,22,113,458,51754
201412242403390,BLDBL,19,17,274,458,125492
201412242403383,BLDBL,58,6,100,458,45800
201412242403088,BLDBL,4,20,171,453,77463
201412242403382,BLDBL,58,25,60,458,27480
201412242403370,BLDBL,58,45,220,457,100540
201412242403318,BLDBL,19,34,160,457,73120
201412242403233,BLDBL,39,34,308,456,140448
201412242403188,BLDBL,52,51,170,457,77690
201412242403180,BLDBL,52,17,510,455,232050
201412242403520,BPCL,32,17,100,571,57100
201412242403136,CBBL,19,38,100,1180,118000
201412242403537,CBL,21,38,1018,269,273842
201412242403448,CBL,54,29,113,269,30397
201412242403407,CBL,45,18,482,268,129176
201412242403396,CBL,39,25,405,269,108945
201412242403368,CBL,39,19,68,269,18292
201412242403353,CBL,54,41,1000,269,269000
201412242403267,CBL,54,58,917,269,246673
201412242403211,CBL,49,49,27,270,7290
201412242403068,CBL,54,59,815,270,220050
201412242403533,CCBL,49,32,20,280,5600
201412242403528,CCBL,45,22,39,281,10959
201412242403476,CCBL,49,21,1000,280,280000
201412242403474,CCBL,49,35,39,280,10920
201412242403467,CCBL,21,1,500,279,139500
201412242403456,CCBL,52,35,39,280,10920
201412242403081,CCBL,48,18,156,280,43680
201412242403080,CCBL,52,18,156,280,43680
201412242403077,CCBL,6,6,40,281,11240
201412242403072,CCBL,32,45,36,281,10116
201412242403056,CCBL,6,6,40,282,11280
201412242403153,CCBL,49,32,40,283,11320
201412242403150,CCBL,49,21,39,282,10998
201412242403149,CCBL,49,47,73,281,20513
201412242403134,CCBL,6,6,40,281,11240
201412242403109,CCBL,6,6,40,281,11240
201412242403098,CCBL,6,6,40,281,11240
201412242403247,CCBL,49,49,40,281,11240
201412242403242,CCBL,49,49,40,281,11240
201412242403240,CCBL,49,49,40,281,11240
201412242403238,CCBL,49,49,40,281,11240
201412242403155,CCBL,49,49,1355,283,383465
201412242403154,CCBL,49,32,40,283,11320
201412242403346,CCBL,47,19,39,280,10920
201412242403325,CCBL,41,19,31,283,8773
201412242403323,CCBL,49,1,17,282,4794
201412242403293,CCBL,49,21,193,282,54426
201412242403289,CCBL,49,1,1000,282,282000
201412242403261,CCBL,49,49,40,281,11240
201412242403450,CCBL,52,35,39,280,10920
201412242403443,CCBL,52,35,39,280,10920
201412242403431,CCBL,52,35,39,280,10920
201412242403423,CCBL,52,35,39,280,10920
201412242403394,CCBL,39,35,39,280,10920
201412242403387,CCBL,32,35,39,280,10920
201412242403112,CDBL,1,29,10,338,3380
201412242403232,CFCL,32,50,12,144,1728
201412242403221,CFCL,51,26,84,145,12180
201412242403465,CHCL,20,11,194,1660,322040
201412242403458,CHCL,49,49,1000,1669,1669000
201412242403437,CHCL,44,42,142,1671,237282
201412242403433,CHCL,44,41,70,1670,116900
201412242403381,CHCL,44,17,94,1670,156980
201412242403184,CHCL,18,48,150,1680,252000
201412242403416,CZBIL,16,50,29,408,11832
201412242403404,CZBIL,33,26,11,410,4510
201412242403398,CZBIL,33,26,11,410,4510
201412242403395,CZBIL,33,26,11,410,4510
201412242403361,CZBIL,33,26,42,410,17220
201412242403344,CZBIL,33,26,42,408,17136
201412242403424,EBL,44,6,84,1898,159432
201412242403415,EBL,44,40,60,1880,112800
201412242403348,EBL,20,20,10,1902,19020
201412242403299,EBL,44,21,234,1865,436410
201412242403156,EBL,53,28,50,1855,92750
201412242403099,EBL,6,6,22,1856,40832
201412242403525,EDBL,13,25,200,680,136000
201412242403320,EDBL,51,22,51,675,34425
201412242403262,EDBL,56,41,255,680,173400
201412242403252,EDBL,51,25,100,675,67500
201412242403251,EDBL,17,25,100,675,67500
201412242403250,EDBL,51,25,200,676,135200
201412242403249,EDBL,16,25,100,677,67700
201412242403519,EKBL,41,44,33,184,6072
201412242403518,EKBL,41,44,33,184,6072
201412242403516,EKBL,41,44,33,184,6072
201412242403510,EKBL,41,44,33,184,6072
201412242403507,EKBL,41,44,33,184,6072
201412242403500,EKBL,41,44,33,184,6072
201412242403498,EKBL,1,44,33,184,6072
201412242403494,EKBL,1,44,33,184,6072
201412242403490,EKBL,1,44,33,184,6072
201412242403478,GBIME,29,5,13,490,6370
201412242403452,GBIME,42,5,20,495,9900
201412242403319,GBIME,26,55,90,486,43740
201412242403312,GBIME,22,55,90,488,43920
201412242403297,GBIME,3,55,90,490,44100
201412242403276,GBIME,10,59,500,493,246500
201412242403263,GBIME,35,22,500,492,246000
201412242403194,GBIME,49,59,500,490,245000
201412242403117,GBIME,3,51,83,492,40836
201412242403102,GBIME,3,42,57,493,28101
201412242403046,GDBL,44,44,5390,204,1099560
201412242403489,GLICL,13,47,124,531,65844
201412242403482,GLICL,13,32,14,530,7420
201412242403481,GRAND,41,56,300,172,51600
201412242403186,GRAND,16,16,1283,170,218110
201412242403114,GRAND,16,21,1000,170,170000
201412242403113,GRAND,16,26,1000,170,170000
201412242403107,GRAND,16,26,669,170,113730
201412242403365,HAMA,29,25,40,122,4880
201412242403347,HAMA,55,47,180,120,21600
201412242403193,HBDL,11,32,500,95,47500
201412242403378,HBL,22,57,18,739,13302
201412242403356,HGI,58,58,560,439,245840
201412242403118,HGI,58,58,865,431,372815
201412242403486,JBBL,38,49,90,151,13590
201412242403447,JBBL,47,47,30,151,4530
201412242403444,JBBL,47,47,20,151,3020
201412242403441,JBBL,47,47,30,151,4530
201412242403438,JBBL,47,47,50,151,7550
201412242403436,JBBL,47,47,10,151,1510
201412242403191,JBBL,47,47,10,151,1510
201412242403083,JBBL,47,47,10,151,1510
201412242403379,JBBL,47,47,10,151,1510
201412242403357,JBBL,47,47,10,151,1510
201412242403345,JBBL,47,47,10,151,1510
201412242403330,JBBL,47,47,10,151,1510
201412242403329,JBBL,47,22,90,151,13590
201412242403322,JBBL,47,47,10,151,1510
201412242403429,JBBL,47,47,20,151,3020
201412242403421,JBBL,47,47,10,151,1510
201412242403413,JBBL,47,47,10,151,1510
201412242403405,JBBL,47,47,50,151,7550
201412242403402,JBBL,47,47,20,151,3020
201412242403399,JBBL,47,47,20,151,3020
201412242403534,JBNL,14,5,33,240,7920
201412242403127,JFL,18,25,10,381,3810
201412242403106,JFL,47,17,100,374,37400
201412242403228,KAFIL,20,1,210,205,43050
201412242403278,KBBL,42,22,300,338,101400
201412242403351,KCDBL,16,13,17,173,2941
201412242403349,KDBL,17,32,85,116,9860
201412242403523,KMCDB,26,57,10,600,6000
201412242403522,KMCDB,26,57,10,600,6000
201412242403521,KMCDB,26,57,10,600,6000
201412242403043,LFLC,26,32,176,196,34496
201412242403472,LICN,45,39,100,3020,302000
201412242403464,LICN,16,39,100,3021,302100
201412242403463,LICN,25,39,100,3022,302200
201412242403462,LICN,37,39,120,3023,362760
201412242403461,LICN,5,39,100,3025,302500
201412242403460,LICN,28,39,100,3026,302600
201412242403459,LICN,39,39,50,3030,151500
201412242403342,LLBS,41,44,10,579,5790
201412242403341,LLBS,41,44,10,579,5790
201412242403334,LLBS,41,49,10,579,5790
201412242403333,LLBS,41,49,10,579,5790
201412242403332,LLBS,41,49,10,579,5790
201412242403210,LUBL,52,50,130,335,43550
201412242403205,LUBL,52,52,108,334,36072
201412242403126,LUBL,49,52,57,330,18810
201412242403119,LUBL,33,52,390,327,127530
201412242403200,MBL,14,48,500,520,260000
201412242403199,MBL,41,48,100,520,52000
201412242403198,MBL,14,48,100,525,52500
201412242403095,MBL,59,19,138,527,72726
201412242403173,MDB,14,1,17,433,7361
201412242403145,MDB,11,1,17,433,7361
201412242403197,MDBL,36,14,10,146,1460
201412242403531,MEGA,41,44,32,397,12704
201412242403529,MEGA,41,52,31,397,12307
201412242403527,MEGA,41,52,31,397,12307
201412242403514,MEGA,38,38,31,396,12276
201412242403512,MEGA,38,38,31,396,12276
201412242403505,MEGA,38,38,31,394,12214
201412242403078,MEGA,38,13,13,394,5122
201412242403076,MEGA,13,13,32,392,12544
201412242403073,MEGA,45,13,13,393,5109
201412242403060,MEGA,13,13,32,392,12544
201412242403132,MEGA,45,25,32,393,12576
201412242403129,MEGA,42,25,32,394,12608
201412242403125,MEGA,43,25,32,394,12608
201412242403115,MEGA,32,32,31,395,12245
201412242403105,MEGA,13,13,32,394,12608
201412242403086,MEGA,38,6,500,394,197000
201412242403182,MEGA,32,32,31,395,12245
201412242403178,MEGA,13,13,32,394,12608
201412242403177,MEGA,42,21,153,396,60588
201412242403171,MEGA,42,41,364,395,143780
201412242403152,MEGA,32,32,31,395,12245
201412242403138,MEGA,42,25,32,394,12608
201412242403235,MEGA,16,58,32,398,12736
201412242403223,MEGA,32,32,31,397,12307
201412242403222,MEGA,13,13,32,395,12640
201412242403208,MEGA,13,13,32,395,12640
201412242403201,MEGA,32,32,31,395,12245
201412242403195,MEGA,13,13,32,395,12640
201412242403273,MEGA,13,13,32,396,12672
201412242403270,MEGA,38,29,10,400,4000
201412242403266,MEGA,38,13,32,397,12704
201412242403255,MEGA,38,38,31,396,12276
201412242403244,MEGA,13,13,32,396,12672
201412242403237,MEGA,13,22,32,396,12672
201412242403300,MEGA,1,52,31,396,12276
201412242403294,MEGA,1,52,31,396,12276
201412242403291,MEGA,32,38,31,395,12245
201412242403283,MEGA,13,32,31,395,12245
201412242403277,MEGA,44,38,31,397,12307
201412242403274,MEGA,59,52,31,396,12276
201412242403321,MEGA,1,38,31,395,12245
201412242403314,MEGA,13,13,32,396,12672
201412242403311,MEGA,1,29,13,396,5148
201412242403308,MEGA,38,38,31,395,12245
201412242403304,MEGA,1,52,31,396,12276
201412242403303,MEGA,38,26,89,395,35155
201412242403374,MEGA,58,25,448,394,176512
201412242403373,MEGA,45,28,32,393,12576
201412242403360,MEGA,38,38,31,394,12214
201412242403355,MEGA,42,28,55,393,21615
201412242403339,MEGA,38,13,32,396,12672
201412242403336,MEGA,19,29,31,394,12214
201412242403439,MEGA,58,29,13,395,5135
201412242403430,MEGA,58,29,31,395,12245
201412242403420,MEGA,58,29,31,395,12245
201412242403417,MEGA,32,32,31,394,12214
201412242403410,MEGA,58,29,31,395,12245
201412242403401,MEGA,58,29,31,395,12245
201412242403484,MEGA,38,38,31,394,12214
201412242403483,MEGA,38,38,31,394,12214
201412242403473,MEGA,36,36,32,395,12640
201412242403468,MEGA,36,36,32,395,12640
201412242403457,MEGA,36,36,32,395,12640
201412242403453,MEGA,36,36,32,395,12640
201412242403504,MEGA,38,38,31,394,12214
201412242403501,MEGA,38,38,31,394,12214
201412242403491,MEGA,38,38,31,394,12214
201412242403488,MEGA,38,38,31,394,12214
201412242403487,MEGA,38,38,31,394,12214
201412242403485,MEGA,38,38,31,394,12214
201412242403141,MPFL,41,22,10,107,1070
201412242403097,MPFL,41,22,10,108,1080
201412242403096,MPFL,41,22,10,108,1080
201412242403085,MPFL,41,48,10,110,1100
201412242403084,MPFL,41,48,10,110,1100
201412242403455,NABIL,3,4,20,1835,36700
201412242403338,NABIL,49,33,300,1820,546000
201412242403282,NABIL,3,25,494,1816,897104
201412242403045,NABIL,41,22,94,1830,172020
201412242403435,NABILP,3,14,145,1255,181975
201412242403254,NBB,59,43,95,443,42085
201412242403230,NBB,57,34,500,440,220000
201412242403226,NBB,6,26,174,441,76734
201412242403075,NBB,6,6,10,441,4410
201412242403412,NBBL,37,21,100,1825,182500
201412242403377,NBBL,21,21,32,1829,58528
201412242403363,NBBL,19,45,10,1820,18200
201412242403352,NBBL,14,14,11,1822,20042
201412242403335,NBBL,14,14,11,1825,20075
201412242403313,NBBL,37,14,140,1840,257600
201412242403049,NBBL,22,22,11,1800,19800
201412242403047,NBBL,22,22,11,1800,19800
201412242403067,NBBL,22,22,11,1800,19800
201412242403065,NBBL,22,22,11,1800,19800
201412242403062,NBBL,5,25,10,1820,18200
201412242403055,NBBL,22,22,11,1800,19800
201412242403052,NBBL,22,22,11,1800,19800
201412242403050,NBBL,22,22,11,1800,19800
201412242403168,NBBL,14,14,11,1820,20020
201412242403163,NBBL,14,14,11,1820,20020
201412242403162,NBBL,14,14,11,1820,20020
201412242403160,NBBL,14,14,11,1820,20020
201412242403159,NBBL,14,14,11,1820,20020
201412242403158,NBBL,14,14,11,1820,20020
201412242403309,NBBL,37,58,11,1833,20163
201412242403306,NBBL,14,14,11,1811,19921
201412242403305,NBBL,37,58,11,1833,20163
201412242403296,NBBL,26,42,30,1830,54900
201412242403256,NBBL,19,35,10,1820,18200
201412242403175,NBBL,14,14,11,1820,20020
201412242403324,NBL,16,16,2000,350,700000
201412242403513,NCCB,7,7,21,541,11361
201412242403061,NCCB,14,48,20,535,10700
201412242403042,NCCB,26,48,600,535,321000
201412242403041,NCCB,55,48,200,535,107000
201412242403040,NCCB,55,48,180,535,96300
201412242403039,NCCB,26,48,70,540,37800
201412242403385,NCDB,48,5,115,171,19665
201412242403367,NCDB,11,32,28,172,4816
201412242403354,NCDB,11,5,115,171,19665
201412242403509,NGBL,29,26,20,250,5000
201412242403508,NGBL,29,33,200,250,50000
201412242403372,NGBL,16,26,500,246,123000
201412242403051,NGBL,29,33,300,243,72900
201412242403280,NHPC,41,26,2000,119,238000
201412242403224,NIBPO,17,40,100,483,48300
201412242403089,NIBPO,59,14,100,474,47400
201412242403492,NICA,25,25,270,655,176850
201412242403369,NICA,25,25,550,655,360250
201412242403340,NICA,25,5,80,650,52000
201412242403496,NLBBL,21,1,100,995,99500
201412242403503,NLG,36,36,26,750,19500
201412242403495,NLG,36,36,26,750,19500
201412242403493,NLG,36,36,26,750,19500
201412242403157,NLG,36,36,26,756,19656
201412242403142,NLG,36,36,26,752,19552
201412242403124,NLG,36,36,26,748,19448
201412242403058,NLG,42,49,89,734,65326
201412242403057,NLG,42,5,26,732,19032
201412242403044,NLG,22,5,34,732,24888
201412242403526,NLIC,19,26,100,3995,399500
201412242403470,NLIC,52,26,100,3995,399500
201412242403451,NLIC,57,44,200,3993,798600
201412242403419,NLIC,57,28,120,3992,479040
201412242403418,NLIC,57,26,100,3990,399000
201412242403403,NLIC,57,34,147,3990,586530
201412242403236,NLIC,11,6,100,3994,399400
201412242403130,NLIC,49,48,100,3995,399500
201412242403393,NLICL,49,51,100,2130,213000
201412242403181,NLICL,35,5,55,2110,116050
201412242403123,NLICL,45,5,100,2100,210000
201412242403082,NLICL,1,5,73,2101,153373
201412242403331,NUBL,21,45,133,1100,146300
201412242403328,NUBL,21,45,63,1095,68985
201412242403327,NUBL,21,58,10,1090,10900
201412242403179,NUBL,22,45,108,1082,116856
201412242403165,NUBL,55,45,200,1080,216000
201412242403187,PADBL,17,39,57,365,20805
201412242403535,PCBL,25,1,25,522,13050
201412242403409,PCBL,25,14,62,521,32302
201412242403397,PCBL,6,8,382,524,200168
201412242403391,PCBL,6,45,80,524,41920
201412242403388,PCBL,6,17,138,523,72174
201412242403384,PCBL,58,29,90,522,46980
201412242403128,PCBL,41,44,97,520,50440
201412242403120,PCBL,44,44,438,521,228198
201412242403100,PCBL,37,48,261,521,135981
201412242403079,PCBL,19,1,73,522,38106
201412242403071,PCBL,37,17,53,523,27719
201412242403164,PCBL,45,46,200,522,104400
201412242403151,PCBL,7,7,111,521,57831
201412242403148,PCBL,45,17,266,522,138852
201412242403140,PCBL,49,44,97,520,50440
201412242403139,PCBL,44,17,28,523,14644
201412242403135,PCBL,22,44,97,520,50440
201412242403202,PCBL,42,51,59,524,30916
201412242403196,PCBL,52,1,53,523,27719
201412242403189,PCBL,45,36,13,522,6786
201412242403185,PCBL,59,59,80,522,41760
201412242403176,PCBL,7,7,111,521,57831
201412242403169,PCBL,52,17,187,523,97801
201412242403227,PCBL,42,16,12,525,6300
201412242403220,PCBL,42,16,69,525,36225
201412242403212,PCBL,42,54,49,525,25725
201412242403209,PCBL,42,55,146,525,76650
201412242403206,PCBL,42,51,12,524,6288
201412242403203,PCBL,42,51,28,524,14672
201412242403366,PCBL,42,21,423,523,221229
201412242403307,PCBL,48,35,300,522,156600
201412242403298,PCBL,58,17,195,523,101985
201412242403265,PCBL,45,45,40,523,20920
201412242403260,PCBL,6,6,33,524,17292
201412242403253,PCBL,49,5,193,521,100553
201412242403532,PDBL,21,21,1000,235,235000
201412242403506,PDBL,53,28,1000,239,239000
201412242403499,PDBL,47,28,100,241,24100
201412242403442,PDBL,45,43,50,245,12250
201412242403440,PDBL,47,43,100,246,24600
201412242403133,PDBL,45,47,200,245,49000
201412242403101,PDBL,53,36,315,243,76545
201412242403259,PICL,21,17,500,409,204500
201412242403449,PLIC,45,5,40,955,38200
201412242403225,PLIC,4,4,34,937,31858
201412242403183,PLIC,4,4,46,937,43102
201412242403131,PLIC,28,28,350,935,327250
201412242403069,PLIC,14,38,500,940,470000
201412242403063,PLIC,14,28,490,935,458150
201412242403054,PLIC,28,28,210,935,196350
201412242403174,REDBL,13,45,279,181,50499
201412242403172,REDBL,13,58,17,180,3060
201412242403536,RHPC,41,29,11,485,5335
201412242403257,RMDC,22,29,13,630,8190
201412242403389,SANIMA,49,49,1500,525,787500
201412242403380,SANIMA,49,49,150,525,78750
201412242403147,SANIMA,59,52,150,529,79350
201412242403121,SANIMA,49,17,386,525,202650
201412242403116,SANIMA,49,17,424,524,222176
201412242403192,SBL,45,58,210,632,132720
201412242403144,SBL,45,13,134,632,84688
201412242403143,SBL,45,16,75,632,47400
201412242403137,SBL,32,16,219,630,137970
201412242403480,SHINE,42,49,28,313,8764
201412242403479,SHINE,42,49,14,313,4382
201412242403376,SHPC,13,51,118,703,82954
201412242403343,SHPC,13,32,10,701,7010
201412242403290,SHPC,13,5,10,701,7010
201412242403284,SHPC,13,5,10,701,7010
201412242403426,SICL,11,26,10,760,7600
201412242403425,SICL,11,26,30,760,22800
201412242403315,SICL,41,46,100,755,75500
201412242403217,SICL,33,49,500,760,380000
201412242403216,SICL,33,26,20,755,15100
201412242403215,SICL,33,26,30,755,22650
201412242403214,SICL,33,26,10,755,7550
201412242403204,SICL,16,26,30,755,22650
201412242403190,SICL,33,26,10,760,7600
201412242403146,SICL,33,5,90,760,68400
201412242403445,SIGS1,26,5,1500,15,21900
201412242403059,SIL,43,5,20,740,14800
201412242403053,SIL,43,5,16,740,11840
201412242403337,SKBBL,11,42,19,1212,23028
201412242403326,SKBBL,11,46,58,1212,70296
201412242403317,SKBBL,11,42,19,1211,23009
201412242403310,SKBBL,11,42,19,1211,23009
201412242403302,SKBBL,11,42,19,1211,23009
201412242403048,SKBBL,57,42,19,1205,22895
201412242403530,SLICL,5,47,34,629,21386
201412242403524,SRBL,26,20,596,385,229460
201412242403497,SRBL,37,5,71,388,27548
201412242403359,SRBL,26,48,1000,387,387000
201412242403295,SRBL,37,50,150,388,58200
201412242403246,SRBL,45,5,113,389,43957
201412242403122,SRBL,45,8,500,393,196500
201412242403110,SRBL,37,48,500,392,196000
201412242403074,SRBL,26,48,500,391,195500
201412242403070,SRBL,26,1,55,391,21505
201412242403066,SRBL,26,16,48,390,18720
201412242403064,SRBL,26,51,35,390,13650
201412242403038,SRBL,37,18,190,389,73910
201412242403502,SUBBL,26,39,100,312,31200
201412242403471,SUBBL,51,45,114,310,35340
201412242403087,SUBBL,51,16,296,306,90576
201412242403170,SWBBL,55,56,200,1312,262400
201412242403446,VBBL,32,25,20,123,2460
201412242403428,VBBL,16,16,50,121,6050
201412242403422,VBBL,16,16,50,121,6050
201412242403414,VBBL,16,16,50,121,6050
201412242403408,VBBL,16,16,50,121,6050
201412242403301,VBBL,16,16,50,121,6050
201412242403093,VBBL,25,16,50,124,6200
201412242403092,VBBL,25,16,50,123,6150
201412242403091,VBBL,25,16,50,123,6150
201412242403090,VBBL,25,16,50,123,6150
201412242403167,VBBL,25,16,50,125,6250
201412242403166,VBBL,25,16,50,125,6250
201412242403111,VBBL,25,25,40,127,5080
201412242403104,VBBL,25,16,50,125,6250
201412242403103,VBBL,25,54,100,125,12500
201412242403094,VBBL,25,16,50,124,6200
201412242403268,VBBL,16,16,50,121,6050
201412242403258,VBBL,16,16,50,121,6050
201412242403248,VBBL,25,16,50,123,6150
201412242403245,VBBL,16,16,50,121,6050
201412242403243,VBBL,39,16,50,121,6050
201412242403229,VBBL,5,16,50,123,6150
201412242403292,VBBL,16,16,50,121,6050
201412242403288,VBBL,16,16,50,121,6050
201412242403285,VBBL,16,16,50,121,6050
201412242403279,VBBL,16,16,50,121,6050
201412242403272,VBBL,16,16,50,121,6050
201412242403271,VBBL,16,16,50,121,6050
201412242403411,YETI,6,6,11,124,1364
201412242403392,YETI,42,47,30,123,3690
201412242403386,YETI,6,6,20,124,2480
201412242403375,YETI,6,6,11,124,1364
201412242403371,YETI,6,6,11,124,1364
201412242403362,YETI,6,6,11,124,1364
201412242403358,YETI,6,6,11,124,1364
201412242403350,YETI,6,6,20,124,2480
201412242403033,ADBL,50,47,101,467,47167
201412242403014,ADBL,50,42,90,470,42300
201412242402603,ADBL,49,47,82,461,37802
201412242402573,ADBL,49,13,90,460,41400
201412242402639,ADBL,6,47,101,464,46864
201412242402636,ADBL,6,1,40,463,18520
201412242402633,ADBL,6,47,84,463,38892
201412242402607,ADBL,42,39,30,460,13800
201412242403005,AHPC,58,41,62,360,22320
201412242402952,AHPC,58,45,280,360,100800
201412242402854,AHPC,41,56,500,360,180000
201412242402795,AHPC,43,17,100,357,35700
201412242402776,AHPC,13,43,240,356,85440
201412242402766,AHPC,18,18,75,356,26700
201412242402724,AHPC,26,52,500,350,175000
201412242402628,AHPC,34,43,200,350,70000
201412242402830,AIC,6,1,56,392,21952
201412242402540,ALDBL,3,41,460,267,122820
201412242402975,ALICL,14,22,200,1115,223000
201412242402811,ALICL,48,14,63,1111,69993
201412242402798,ALICL,46,49,56,1099,61544
201412242402791,ALICL,46,8,16,1099,17584
201412242403021,APEX,39,45,394,120,47280
201412242403020,APEX,39,21,30,120,3600
201412242403019,APEX,39,50,40,120,4800
201412242402650,APEX,25,50,40,120,4800
201412242402622,APEX,32,51,22,118,2596
201412242402654,APEX,25,25,20,120,2400
201412242402653,APEX,25,50,40,120,4800
201412242402652,APEX,25,50,40,120,4800
201412242402651,APEX,25,50,40,120,4800
201412242402754,ARDBL,29,11,63,144,9072
201412242402727,ARDBL,29,41,42,143,6006
201412242402726,ARDBL,22,58,120,141,16920
201412242402717,ARDBL,29,41,204,143,29172
201412242402709,ARDBL,29,58,31,142,4402
201412242402617,ARDBL,32,33,31,141,4371
201412242402556,ARDBL,37,49,20,142,2840
201412242402555,ARDBL,37,49,20,142,2840
201412242402554,ARDBL,37,49,20,142,2840
201412242402551,ARDBL,37,49,52,142,7384
201412242402539,ARDBL,28,59,52,140,7280
201412242402580,ARDBL,18,22,1651,142,234442
201412242402578,ARDBL,55,59,52,142,7384
201412242402570,ARDBL,1,59,52,140,7280
201412242402561,ARDBL,37,59,52,140,7280
201412242402558,ARDBL,37,49,20,142,2840
201412242402557,ARDBL,37,49,20,142,2840
201412242402735,BLDBL,11,45,343,459,157437
201412242402722,BLDBL,11,10,131,457,59867
201412242402710,BLDBL,11,19,38,451,17138
201412242402694,BLDBL,38,19,38,450,17100
201412242402680,BLDBL,38,17,100,449,44900
201412242402571,BLDBL,20,19,38,449,17062
201412242402847,BPCL,26,1,150,565,84750
201412242402810,BUDBL,59,57,480,183,87840
201412242403027,CBL,54,42,1018,270,274860
201412242402974,CBL,47,38,1000,266,266000
201412242402914,CBL,40,25,135,268,36180
201412242402912,CBL,40,43,102,268,27336
201412242402908,CBL,40,25,135,267,36045
201412242402905,CBL,40,25,26,266,6916
201412242402697,CBL,32,32,27,264,7128
201412242402676,CBL,54,33,5000,264,1320000
201412242402655,CBL,54,13,143,263,37609
201412242402600,CBL,33,58,17,258,4386
201412242402597,CBL,54,29,1000,260,260000
201412242402590,CBL,33,41,27,262,7074
201412242402890,CBL,54,29,1000,265,265000
201412242402881,CBL,33,29,690,265,182850
201412242402862,CBL,45,17,82,265,21730
201412242402725,CBL,32,32,49,264,12936
201412242402712,CBL,32,32,27,264,7128
201412242403009,CCBL,54,21,28,284,7952
201412242402979,CCBL,17,45,105,281,29505
201412242402885,CCBL,54,29,930,284,264120
201412242402884,CCBL,54,25,40,283,11320
201412242402879,CCBL,54,49,16,282,4512
201412242402868,CCBL,54,11,183,281,51423
201412242402546,CCBL,49,21,39,280,10920
201412242402544,CCBL,49,5,10,280,2800
201412242402543,CCBL,49,25,40,280,11200
201412242402542,CCBL,49,25,40,280,11200
201412242402541,CCBL,49,46,24,280,6720
201412242402867,CCBL,54,11,200,281,56200
201412242402865,CCBL,54,18,156,280,43680
201412242402851,CCBL,29,18,156,281,43836
201412242402812,CCBL,54,29,701,280,196280
201412242402550,CCBL,49,13,306,280,85680
201412242402549,CCBL,49,21,39,280,10920
201412242402966,CHCL,36,45,100,1652,165200
201412242402965,CHCL,43,1,100,1660,166000
201412242402936,CHCL,44,21,60,1650,99000
201412242402934,CHCL,44,32,100,1650,165000
201412242402932,CHCL,5,21,177,1642,290634
201412242402926,CHCL,44,10,149,1640,244360
201412242402720,CHCL,39,39,114,1630,185820
201412242402695,CHCL,33,11,83,1635,135705
201412242402627,CHCL,44,55,118,1630,192340
201412242402563,CHCL,29,11,40,1632,65280
201412242402559,CHCL,44,10,146,1630,237980
201412242402755,CHCL,33,25,100,1640,164000
201412242402747,CHCL,35,21,91,1639,149149
201412242402740,CHCL,35,18,28,1638,45864
201412242402737,CHCL,33,17,23,1635,37605
201412242402734,CHCL,35,17,23,1635,37605
201412242402731,CHCL,35,10,146,1634,238564
201412242402921,CHCL,44,10,149,1639,244211
201412242402902,CHCL,59,19,107,1640,175480
201412242402799,CHCL,56,10,86,1642,141212
201412242402788,CHCL,56,21,400,1640,656000
201412242402782,CHCL,56,35,169,1640,277160
201412242402756,CHCL,35,21,58,1640,95120
201412242402718,CIT,45,47,110,2830,311300
201412242402631,CNDBL,32,49,80,163,13040
201412242402751,CZBIL,48,48,2091,400,836400
201412242402875,EBL,56,48,300,1861,558300
201412242402874,EBL,56,21,100,1860,186000
201412242402742,EBL,6,21,100,1845,184500
201412242402736,EBL,44,21,100,1840,184000
201412242402732,EBL,44,21,206,1835,378010
201412242402729,EBL,36,50,100,1835,183500
201412242402719,EBL,48,48,100,1834,183400
201412242403026,EDBL,42,8,110,680,74800
201412242402883,EDBL,11,8,100,680,68000
201412242402707,EDBL,5,8,200,672,134400
201412242402706,EDBL,33,8,400,673,269200
201412242402705,EDBL,46,8,500,674,337000
201412242402704,EDBL,49,8,100,675,67500
201412242402703,EDBL,22,8,40,675,27000
201412242402702,EDBL,17,8,20,676,13520
201412242402538,EDBL,41,8,30,680,20400
201412242402785,EDBLPO,43,38,7000,320,2240000
201412242402683,EKBL,57,44,33,181,5973
201412242402681,EKBL,52,44,33,181,5973
201412242402679,EKBL,47,44,33,181,5973
201412242402678,EKBL,57,44,33,181,5973
201412242402677,EKBL,52,44,33,181,5973
201412242402670,EKBL,52,44,33,181,5973
201412242402589,EKBL,13,44,33,181,5973
201412242402577,EKBL,13,44,33,181,5973
201412242402562,EKBL,28,48,10,180,1800
201412242402560,EKBL,28,44,616,180,110880
201412242402623,EKBL,1,44,616,180,110880
201412242402621,EKBL,13,44,616,180,110880
201412242402619,EKBL,59,44,616,180,110880
201412242402613,EKBL,1,44,616,180,110880
201412242402604,EKBL,1,44,616,180,110880
201412242402598,EKBL,1,44,616,180,110880
201412242402656,EKBL,52,44,33,181,5973
201412242402649,EKBL,48,44,33,181,5973
201412242402648,EKBL,48,44,33,181,5973
201412242402645,EKBL,13,44,33,181,5973
201412242402634,EKBL,52,44,616,180,110880
201412242402629,EKBL,57,44,616,180,110880
201412242402668,EKBL,13,44,33,181,5973
201412242402667,EKBL,57,44,33,181,5973
201412242402666,EKBL,52,44,33,181,5973
201412242402662,EKBL,52,44,33,181,5973
201412242402659,EKBL,57,44,33,181,5973
201412242402658,EKBL,13,44,33,181,5973
201412242402850,FMDBL,42,14,20,809,16180
201412242402958,GBIME,49,55,100,490,49000
201412242402953,GBIME,49,55,100,490,49000
201412242402946,GBIME,10,55,300,491,147300
201412242402945,GBIME,56,42,75,493,36975
201412242402906,GBIME,49,49,1800,490,882000
201412242402897,GBIME,25,52,151,492,74292
201412242402893,GBIME,25,42,37,491,18167
201412242402834,GBIME,42,42,360,484,174240
201412242402646,GBIME,41,55,200,485,97000
201412242402585,GBIME,55,55,75,493,36975
201412242402545,GBIME,6,49,75,485,36375
201412242402991,GDBL,11,7,11,208,2288
201412242402985,GDBL,43,7,11,207,2277
201412242402977,GDBL,39,7,11,207,2277
201412242402891,GDBL,43,7,11,210,2310
201412242402878,GDBL,39,7,11,214,2354
201412242402998,GLICL,41,32,14,531,7434
201412242402988,GLICL,11,40,300,530,159000
201412242402986,GLICL,11,32,14,529,7406
201412242402730,GLICL,45,40,17,534,9078
201412242403035,GRAND,59,26,127,170,21590
201412242403018,GRAND,59,26,201,170,34170
201412242403017,GRAND,59,56,50,170,8500
201412242402924,HAMA,55,26,160,118,18880
201412242402923,HAMA,55,26,80,118,9440
201412242402922,HAMA,55,26,90,118,10620
201412242402632,HBL,22,22,500,725,362500
201412242402887,HGI,58,58,137,439,60143
201412242402853,HGI,58,58,130,439,57070
201412242402852,HGI,58,58,350,439,153650
201412242402784,HGI,35,58,495,440,217800
201412242402587,HGI,35,36,476,443,210868
201412242402552,HGI,35,58,580,452,262160
201412242402783,IDBL,58,58,397,159,63123
201412242402746,JBBL,49,58,80,150,12000
201412242402745,JBBL,49,58,20,150,3000
201412242402920,KADBL,42,4,200,336,67200
201412242402716,KBBL,6,41,200,338,67600
201412242402907,KBL,39,45,50,384,19200
201412242402848,KBL,14,45,50,377,18850
201412242402845,KBL,14,56,30,377,11310
201412242402837,KBL,10,26,500,370,185000
201412242402692,KBL,17,17,109,365,39785
201412242402609,KBL,14,52,220,370,81400
201412242402605,KBL,14,6,211,369,77859
201412242402827,KDBL,17,32,85,117,9945
201412242402816,KDBL,17,32,85,117,9945
201412242402780,KDBL,5,5,63,116,7308
201412242402618,KDBL,25,32,27,115,3105
201412242402699,KEBL,6,6,17,382,6494
201412242402872,KMCDB,26,21,10,605,6050
201412242402871,KMCDB,26,21,10,605,6050
201412242402870,KMCDB,26,21,10,605,6050
201412242402774,KRBL,28,52,90,145,13050
201412242402572,KRBL,28,49,60,145,8700
201412242402980,LICN,52,52,236,2990,705640
201412242402959,LICN,36,39,200,3051,610200
201412242402915,LICN,53,1,26,3015,78390
201412242402913,LICN,53,1,26,3015,78390
201412242402889,LICN,45,13,97,3000,291000
201412242403029,LUBL,59,18,200,333,66600
201412242402894,LUBL,33,17,450,327,147150
201412242402701,LUBL,33,41,200,323,64600
201412242402657,LUBL,36,41,330,322,106260
201412242402930,MBL,14,43,100,528,52800
201412242402869,MBL,14,1,147,525,77175
201412242402863,MBL,41,48,451,525,236775
201412242402763,MBL,8,58,25,520,13000
201412242402762,MBL,8,1,50,519,25950
201412242402567,MBL,42,22,199,522,103878
201412242403030,MEGA,13,13,32,392,12544
201412242403023,MEGA,13,13,32,392,12544
201412242403012,MEGA,13,13,32,392,12544
201412242403011,MEGA,42,6,500,392,196000
201412242403008,MEGA,13,13,32,392,12544
201412242402995,MEGA,13,13,32,392,12544
201412242402660,MEGA,17,14,32,390,12480
201412242402602,MEGA,57,58,32,391,12512
201412242402599,MEGA,57,13,157,391,61387
201412242402588,MEGA,25,13,13,390,5070
201412242402801,MEGA,43,13,28,391,10948
201412242402800,MEGA,43,13,28,391,10948
201412242402797,MEGA,6,13,28,391,10948
201412242402790,MEGA,35,13,28,391,10948
201412242402773,MEGA,25,34,1000,390,390000
201412242402715,MEGA,25,13,28,391,10948
201412242402961,MEGA,13,13,32,392,12544
201412242402937,MEGA,13,13,32,392,12544
201412242402835,MEGA,39,58,32,393,12576
201412242402828,MEGA,39,58,13,393,5109
201412242402807,MEGA,58,49,933,392,365736
201412242402806,MEGA,6,13,28,391,10948
201412242403024,MMDBL,18,10,10,388,3880
201412242402994,MMDBL,18,10,10,388,3880
201412242402992,MMDBL,18,10,10,388,3880
201412242402989,MMDBL,18,10,10,388,3880
201412242402984,MMDBL,18,10,10,388,3880
201412242403007,MPFL,57,57,40,112,4480
201412242402981,MPFL,57,57,40,114,4560
201412242402950,MPFL,57,25,40,116,4640
201412242402948,NABIL,36,46,303,1825,552975
201412242402911,NABIL,36,6,330,1820,600600
201412242402840,NABIL,26,46,173,1810,313130
201412242402792,NABIL,16,21,56,1825,102200
201412242402787,NABIL,22,22,287,1801,516887
201412242402761,NABIL,58,19,84,1800,151200
201412242402713,NABIL,41,50,100,1805,180500
201412242403016,NBB,32,17,200,443,88600
201412242402983,NBB,53,45,500,440,220000
201412242402935,NBB,22,22,200,440,88000
201412242402910,NBB,45,34,500,439,219500
201412242402643,NBB,36,17,253,436,110308
201412242402642,NBB,36,17,180,435,78300
201412242402630,NBB,42,17,190,435,82650
201412242402625,NBB,6,19,120,436,52320
201412242402624,NBB,6,17,210,435,91350
201412242402611,NBB,11,19,90,435,39150
201412242402765,NBB,6,17,400,439,175600
201412242402764,NBB,6,17,210,439,92190
201412242402753,NBB,6,17,227,438,99426
201412242402752,NBB,6,52,200,438,87600
201412242402744,NBB,36,17,470,437,205390
201412242402644,NBB,36,34,500,437,218500
201412242403036,NBBL,22,22,11,1800,19800
201412242403013,NBBL,8,22,11,1795,19745
201412242402757,NBL,41,5,500,350,175000
201412242402739,NBL,52,5,500,350,175000
201412242402728,NBL,5,56,50,349,17450
201412242402693,NBL,3,56,50,343,17150
201412242402640,NBL,16,29,1000,337,337000
201412242403034,NCCB,21,48,299,536,160264
201412242402886,NCCB,38,48,210,539,113190
201412242402647,NCCB,8,48,500,530,265000
201412242402593,NCCB,14,20,310,535,165850
201412242402586,NCCB,16,16,200,525,105000
201412242402626,NCDB,48,48,12,173,2076
201412242402615,NCDB,48,48,12,173,2076
201412242402601,NCDB,48,48,12,173,2076
201412242402564,NCM,17,17,18,202,3636
201412242402899,NGBL,39,58,11,245,2695
201412242402898,NGBL,39,58,11,245,2695
201412242402553,NGBL,39,35,100,242,24200
201412242403010,NHPC,41,41,1000,121,121000
201412242402813,NHPC,35,3,500,123,61500
201412242402805,NHPC,20,16,1000,121,121000
201412242402689,NHPC,41,26,1000,119,119000
201412242402691,NIB,48,48,932,685,638420
201412242402661,NIB,1,33,100,698,69800
201412242402584,NLG,36,39,22,718,15796
201412242402583,NLG,36,39,26,718,18668
201412242402582,NLG,36,39,26,718,18668
201412242402581,NLG,36,39,26,718,18668
201412242402569,NLG,11,39,26,718,18668
201412242402565,NLG,11,39,26,718,18668
201412242402548,NLG,22,39,26,708,18408
201412242402963,NLIC,43,28,140,4000,560000
201412242402949,NLIC,52,26,100,3999,399900
201412242402896,NLIC,45,28,100,3995,399500
201412242402880,NLIC,6,28,100,3970,397000
201412242402873,NLIC,46,28,30,4000,120000
201412242402855,NLIC,48,16,60,4015,240900
201412242402711,NLIC,44,44,200,4000,800000
201412242402708,NLIC,45,34,105,4010,421050
201412242402947,NLICL,49,49,500,2075,1037500
201412242402944,NLICL,49,49,500,2075,1037500
201412242402767,NLICL,58,1,33,2100,69300
201412242402973,NTC,18,18,100,612,61200
201412242402964,NTC,3,41,100,603,60300
201412242402996,OHL,43,54,10,616,6160
201412242402575,OHL,43,5,20,620,12400
201412242403031,PCBL,19,25,184,524,96416
201412242403015,PCBL,19,17,159,523,83157
201412242402997,PCBL,44,19,69,523,36087
201412242402993,PCBL,44,41,53,523,27719
201412242402990,PCBL,44,41,53,523,27719
201412242402968,PCBL,16,16,400,521,208400
201412242402596,PCBL,49,35,1098,518,568764
201412242402594,PCBL,52,52,83,518,42994
201412242402592,PCBL,49,7,512,517,264704
201412242402579,PCBL,52,52,83,518,42994
201412242402566,PCBL,5,17,400,517,206800
201412242402547,PCBL,45,17,200,516,103200
201412242402733,PCBL,37,14,28,518,14504
201412242402696,PCBL,57,14,41,518,21238
201412242402637,PCBL,47,17,212,519,110028
201412242402620,PCBL,40,13,41,521,21361
201412242402610,PCBL,52,52,83,517,42911
201412242402606,PCBL,52,52,83,517,42911
201412242402769,PCBL,16,14,41,518,21238
201412242402759,PCBL,57,14,28,518,14504
201412242402749,PCBL,57,14,41,518,21238
201412242402743,PCBL,37,17,240,517,124080
201412242402741,PCBL,19,38,120,517,62040
201412242402738,PCBL,37,14,41,518,21238
201412242402781,PCBL,16,46,28,519,14532
201412242402779,PCBL,37,46,41,519,21279
201412242402775,PCBL,16,46,56,519,29064
201412242402772,PCBL,16,14,28,518,14504
201412242402771,PCBL,37,14,41,518,21238
201412242402770,PCBL,37,14,28,518,14504
201412242402815,PCBL,49,52,53,520,27560
201412242402804,PCBL,16,48,202,520,105040
201412242402803,PCBL,16,42,140,520,72800
201412242402802,PCBL,16,46,56,519,29064
201412242402796,PCBL,14,46,28,519,14532
201412242402786,PCBL,16,46,28,519,14532
201412242402888,PCBL,41,6,53,522,27666
201412242402877,PCBL,37,43,235,520,122200
201412242402866,PCBL,37,42,140,520,72800
201412242402842,PCBL,52,52,77,518,39886
201412242402841,PCBL,49,48,226,520,117520
201412242402829,PCBL,52,52,77,518,39886
201412242402957,PCBL,39,19,200,522,104400
201412242402956,PCBL,39,13,41,522,21402
201412242402955,PCBL,39,17,171,522,89262
201412242402954,PCBL,39,53,183,522,95526
201412242402939,PCBL,1,21,11,522,5742
201412242402928,PCBL,1,21,11,522,5742
201412242403037,PDBL,45,43,193,245,47285
201412242403032,PDBL,45,36,60,241,14460
201412242402927,PDBL,20,36,90,245,22050
201412242402864,PDBL,45,19,1000,249,249000
201412242402846,PDBL,43,36,10,247,2470
201412242402833,PDBL,43,36,10,243,2430
201412242402809,PDBL,45,36,10,239,2390
201412242402576,PDBL,20,29,10,235,2350
201412242402574,PDBL,45,29,10,231,2310
201412242402982,PLIC,28,28,140,935,130900
201412242402978,PLIC,28,28,210,935,196350
201412242402972,PLIC,28,28,210,935,196350
201412242402943,PLIC,1,28,510,935,476850
201412242402882,PLIC,39,28,490,935,458150
201412242402690,PLIC,45,42,40,930,37200
201412242402686,PLIC,45,29,23,925,21275
201412242402684,PLIC,45,29,11,921,10131
201412242402612,REDBL,7,58,17,180,3060
201412242402925,RHPC,32,33,10,480,4800
201412242402685,RHPC,32,33,10,480,4800
201412242402903,SADBL,54,49,170,290,49300
201412242402941,SANIMA,42,8,50,525,26250
201412242402778,SANIMA,56,11,150,520,78000
201412242402777,SANIMA,46,11,100,520,52000
201412242402768,SANIMA,42,35,500,519,259500
201412242402758,SANIMA,42,42,100,518,51800
201412242402794,SBI,22,21,144,1000,144000
201412242402808,SBL,57,57,203,620,125860
201412242402721,SBL,45,6,147,620,91140
201412242402641,SBL,10,58,360,615,221400
201412242402931,SCB,29,6,227,1868,424036
201412242402919,SCB,14,21,500,1855,927500
201412242402723,SCB,41,16,200,1852,370400
201412242403025,SHINE,29,33,100,310,31000
201412242402789,SHINE,43,43,56,309,17304
201412242402608,SHINE,17,33,25,307,7675
201412242403028,SHPC,29,25,18,704,12672
201412242403006,SHPC,13,32,18,700,12600
201412242402987,SHPC,29,25,18,704,12672
201412242402962,SHPC,29,25,18,704,12672
201412242402951,SHPC,36,25,18,700,12600
201412242402909,SHPC,29,32,15,706,10590
201412242402616,SHPC,57,19,500,699,349500
201412242402591,SHPC,19,41,18,698,12564
201412242402892,SHPC,29,32,18,704,12672
201412242402849,SHPC,13,58,13,705,9165
201412242402844,SHPC,13,22,13,705,9165
201412242402839,SHPC,13,22,13,705,9165
201412242402831,SHPC,13,22,13,705,9165
201412242402750,SHPC,13,21,263,700,184100
201412242402960,SIC,7,22,50,1147,57350
201412242402856,SIL,1,42,75,750,56250
201412242403022,SKBBL,17,39,12,1190,14280
201412242402916,SKBBL,5,41,15,1210,18150
201412242402918,SLICL,43,25,42,637,26754
201412242402760,SLICL,25,29,34,630,21420
201412242402748,SLICL,25,42,34,629,21386
201412242402904,SRBL,26,48,500,387,193500
201412242402901,SRBL,26,18,100,387,38700
201412242402838,SRBL,45,45,124,380,47120
201412242402714,SRBL,45,49,19,386,7334
201412242402700,SRBL,45,7,45,380,17100
201412242402663,SRBL,36,55,115,379,43585
201412242402857,SUPRME,37,58,260,140,36400
201412242402688,SUPRME,51,35,10,139,1390
201412242402638,SUPRME,43,36,10,141,1410
201412242402614,SUPRME,51,35,10,139,1390
201412242402595,SUPRME,51,35,10,139,1390
201412242402843,SWBBL,16,48,40,1288,51520
201412242402836,SWBBL,16,18,42,1287,54054
201412242402793,UIC,55,21,200,830,166000
201412242403004,VBBL,25,42,150,125,18750
201412242403003,VBBL,25,16,50,123,6150
201412242403002,VBBL,25,16,50,123,6150
201412242403001,VBBL,25,16,50,123,6150
201412242403000,VBBL,25,16,50,123,6150
201412242402999,VBBL,25,56,70,123,8610
201412242402635,VBBL,25,16,20,123,2460
201412242402687,VBBL,48,28,15,119,1785
201412242402675,VBBL,28,16,20,121,2420
201412242402674,VBBL,28,16,20,121,2420
201412242402673,VBBL,28,16,20,121,2420
201412242402672,VBBL,28,16,20,121,2420
201412242402671,VBBL,28,16,20,121,2420
201412242402820,VBBL,28,16,20,121,2420
201412242402819,VBBL,28,16,20,121,2420
201412242402818,VBBL,28,16,20,121,2420
201412242402817,VBBL,28,16,20,121,2420
201412242402814,VBBL,41,28,10,119,1190
201412242402698,VBBL,28,28,10,117,1170
201412242402826,VBBL,28,16,20,121,2420
201412242402825,VBBL,28,16,20,121,2420
201412242402824,VBBL,28,16,20,121,2420
201412242402823,VBBL,28,16,20,121,2420
201412242402822,VBBL,28,16,20,121,2420
201412242402821,VBBL,28,16,20,121,2420
201412242402876,VBBL,20,11,40,125,5000
201412242402861,VBBL,55,16,20,123,2460
201412242402860,VBBL,55,16,20,123,2460
201412242402859,VBBL,55,16,20,123,2460
201412242402858,VBBL,55,16,20,123,2460
201412242402832,VBBL,28,22,1900,122,231800
201412242402976,YETI,39,32,200,124,24800
201412242402971,YETI,39,25,40,125,5000
201412242402970,YETI,39,29,40,125,5000
201412242402969,YETI,39,29,20,125,2500
201412242402967,YETI,39,42,11,124,1364
201412242402942,YETI,42,42,11,124,1364
201412242402895,YETI,42,42,11,124,1364
201412242402682,YETI,42,55,11,123,1353
201412242402669,YETI,42,55,70,123,8610
201412242402665,YETI,42,55,110,123,13530
201412242402664,YETI,42,55,40,123,4920
201412242402940,YETI,42,42,11,124,1364
201412242402938,YETI,42,42,11,124,1364
201412242402933,YETI,42,42,11,124,1364
201412242402929,YETI,42,42,11,124,1364
201412242402917,YETI,42,42,11,124,1364
201412242402900,YETI,42,42,11,124,1364
201412242402527,ADBL,6,41,50,459,22950
201412242402524,ADBL,43,41,50,462,23100
201412242402400,ADBL,41,41,40,460,18400
201412242402382,ADBL,49,47,81,460,37260
201412242402290,ADBL,39,39,30,468,14040
201412242402484,ALDBL,21,21,10,268,2680
201412242402482,ALDBL,21,21,10,268,2680
201412242402480,ALDBL,21,21,10,268,2680
201412242402477,ALDBL,21,21,10,268,2680
201412242402365,ALDBL,43,29,20,270,5400
201412242402443,APEX,25,42,11,116,1276
201412242402528,ARDBL,17,59,52,140,7280
201412242402475,ARDBL,6,59,52,140,7280
201412242402461,ARDBL,25,59,52,140,7280
201412242402455,ARDBL,25,59,52,140,7280
201412242402445,ARDBL,28,59,52,140,7280
201412242402429,ARDBL,28,59,52,140,7280
201412242402304,ARDBL,43,43,21,141,2961
201412242402300,ARDBL,43,43,21,141,2961
201412242402295,ARDBL,43,43,21,141,2961
201412242402291,ARDBL,43,43,21,141,2961
201412242402288,ARDBL,43,43,21,140,2940
201412242402286,ARDBL,43,43,21,140,2940
201412242402327,ARDBL,6,59,52,140,7280
201412242402323,ARDBL,43,43,21,141,2961
201412242402322,ARDBL,43,43,21,141,2961
201412242402320,ARDBL,43,43,21,141,2961
201412242402312,ARDBL,43,49,73,142,10366
201412242402310,ARDBL,43,43,21,141,2961
201412242402356,ARDBL,6,59,52,140,7280
201412242402349,ARDBL,6,59,52,140,7280
201412242402344,ARDBL,6,59,52,140,7280
201412242402340,ARDBL,6,59,52,140,7280
201412242402336,ARDBL,43,59,52,141,7332
201412242402329,ARDBL,6,59,52,140,7280
201412242402383,ARDBL,43,43,21,141,2961
201412242402379,ARDBL,43,43,21,141,2961
201412242402377,ARDBL,6,59,52,140,7280
201412242402375,ARDBL,6,59,52,140,7280
201412242402372,ARDBL,43,43,21,141,2961
201412242402361,ARDBL,6,59,52,140,7280
201412242402425,ARDBL,28,59,52,140,7280
201412242402399,ARDBL,43,59,52,140,7280
201412242402392,ARDBL,6,59,52,140,7280
201412242402388,ARDBL,6,59,52,140,7280
201412242402386,ARDBL,6,59,52,140,7280
201412242402384,ARDBL,6,59,52,140,7280
201412242402374,BHBL,42,18,20,148,2960
201412242402348,CBL,54,33,221,260,57460
201412242402284,CBL,51,44,18,260,4680
201412242402282,CBL,51,51,111,261,28971
201412242402281,CBL,51,51,111,261,28971
201412242402279,CBL,51,51,111,261,28971
201412242402277,CBL,51,51,111,261,28971
201412242402243,CBL,51,51,111,261,28971
201412242402242,CBL,51,51,111,261,28971
201412242402241,CBL,51,51,111,261,28971
201412242402240,CBL,51,51,111,261,28971
201412242402239,CBL,51,51,111,261,28971
201412242402275,CBL,51,51,111,261,28971
201412242402263,CBL,51,51,111,261,28971
201412242402262,CBL,51,51,111,261,28971
201412242402261,CBL,51,51,111,261,28971
201412242402245,CBL,51,51,111,261,28971
201412242402244,CBL,51,51,111,261,28971
201412242402494,CCBL,3,5,10,280,2800
201412242402491,CCBL,3,5,10,280,2800
201412242402431,CCBL,3,40,39,279,10881
201412242402419,CCBL,40,49,40,279,11160
201412242402414,CCBL,49,57,39,279,10881
201412242402412,CCBL,40,40,39,278,10842
201412242402230,CCBL,39,39,40,281,11240
201412242402307,CCBL,45,45,40,275,11000
201412242402302,CCBL,50,50,40,275,11000
201412242402292,CCBL,50,50,40,278,11120
201412242402289,CCBL,50,50,40,278,11120
201412242402285,CCBL,50,50,40,278,11120
201412242402231,CCBL,39,39,40,281,11240
201412242402332,CCBL,58,29,80,276,22080
201412242402319,CCBL,45,3,32,275,8800
201412242402318,CCBL,45,3,40,275,11000
201412242402316,CCBL,45,3,40,275,11000
201412242402315,CCBL,45,3,40,275,11000
201412242402308,CCBL,45,45,40,275,11000
201412242402407,CCBL,40,40,39,278,10842
201412242402362,CCBL,49,29,432,275,118800
201412242402345,CCBL,49,29,473,275,130075
201412242402334,CCBL,58,29,17,276,4692
201412242402492,CHCL,44,41,104,1630,169520
201412242402417,CHCL,44,35,54,1625,87750
201412242402324,CHCL,29,25,15,1652,24780
201412242402523,CZBIL,49,26,500,400,200000
201412242402435,CZBIL,44,44,180,402,72360
201412242402434,CZBIL,44,44,240,402,96480
201412242402409,CZBIL,44,44,500,402,201000
201412242402405,CZBIL,44,44,200,402,80400
201412242402404,CZBIL,44,44,138,402,55476
201412242402352,CZBIL,5,5,63,401,25263
201412242402438,EBL,44,21,100,1825,182500
201412242402297,EBL,10,10,25,1790,44750
201412242402501,EDBL,22,22,58,680,39440
201412242402357,EDBL,33,44,110,685,75350
201412242402338,EDBL,41,25,84,680,57120
201412242402462,EKBL,13,5,33,177,5841
201412242402456,EKBL,13,5,33,177,5841
201412242402452,EKBL,48,5,52,178,9256
201412242402439,EKBL,13,5,52,177,9204
201412242402433,EKBL,40,5,52,177,9204
201412242402427,EKBL,47,44,33,180,5940
201412242402355,EKBL,47,44,33,180,5940
201412242402351,EKBL,47,44,33,180,5940
201412242402346,EKBL,47,44,33,180,5940
201412242402343,EKBL,13,44,33,180,5940
201412242402313,EKBL,47,44,616,180,110880
201412242402311,EKBL,47,44,616,180,110880
201412242402426,EKBL,47,44,33,180,5940
201412242402422,EKBL,47,44,33,180,5940
201412242402420,EKBL,47,44,33,180,5940
201412242402416,EKBL,47,44,33,180,5940
201412242402410,EKBL,47,44,33,180,5940
201412242402385,EKBL,47,44,33,180,5940
201412242402496,GBIME,43,55,100,486,48600
201412242402490,GBIME,29,55,140,490,68600
201412242402444,GBIME,18,18,127,493,62611
201412242402369,GLICL,41,41,55,524,28820
201412242402533,GRAND,16,33,1000,167,167000
201412242402500,HAMA,16,16,90,116,10440
201412242402493,HAMA,16,16,90,118,10620
201412242402515,IDBL,6,58,22,161,3542
201412242402450,IDBL,42,42,95,162,15390
201412242402436,IDBL,6,49,11,161,1771
201412242402395,IDBL,42,42,95,160,15200
201412242402393,IDBL,42,42,95,160,15200
201412242402520,JBBL,17,41,60,148,8880
201412242402428,JBBL,18,18,550,151,83050
201412242402391,JBBL,41,41,20,152,3040
201412242402467,JBNL,29,29,279,240,66960
201412242402448,JBNL,13,52,282,239,67398
201412242402476,KCDBL,10,5,30,170,5100
201412242402473,KCDBL,10,5,30,170,5100
201412242402470,KCDBL,10,5,30,170,5100
201412242402387,KDBL,50,5,62,113,7006
201412242402509,KMCDB,38,40,100,603,60300
201412242402442,KRBL,28,22,20,145,2900
201412242402441,KRBL,28,41,30,145,4350
201412242402522,LLBS,44,44,10,572,5720
201412242402521,LLBS,44,44,10,572,5720
201412242402519,LLBS,44,44,10,572,5720
201412242402516,LLBS,44,44,10,572,5720
201412242402350,LLBS,47,47,10,570,5700
201412242402342,LLBS,47,47,10,570,5700
201412242402294,LLBS,47,47,10,570,5700
201412242402337,LLBS,47,47,10,570,5700
201412242402331,LLBS,47,47,10,570,5700
201412242402326,LLBS,47,47,10,570,5700
201412242402317,LLBS,47,47,10,570,5700
201412242402306,LLBS,47,47,10,570,5700
201412242402299,LLBS,47,47,10,570,5700
201412242402402,MDB,46,10,74,425,31450
201412242402537,MEGA,21,21,32,390,12480
201412242402532,MEGA,25,28,10,390,3900
201412242402469,MEGA,25,13,28,391,10948
201412242402449,MEGA,13,13,28,389,10892
201412242402447,MEGA,13,13,28,389,10892
201412242402432,MEGA,45,29,1000,390,390000
201412242402234,MEGA,39,39,30,386,11580
201412242402233,MEGA,39,39,30,386,11580
201412242402232,MEGA,39,39,30,386,11580
201412242402363,MEGA,32,32,257,386,99202
201412242402283,MEGA,49,49,32,392,12544
201412242402238,MEGA,51,51,26,385,10010
201412242402237,MEGA,51,51,26,385,10010
201412242402236,MEGA,39,39,30,386,11580
201412242402235,MEGA,39,39,30,386,11580
201412242402421,MFL,26,56,100,300,30000
201412242402464,MMDBL,50,10,10,392,3920
201412242402370,MTBL,13,39,21,201,4221
201412242402487,NBB,34,34,1000,430,430000
201412242402481,NBB,22,44,126,436,54936
201412242402465,NBB,22,14,26,438,11388
201412242402359,NBB,6,6,30,442,13260
201412242402333,NBB,6,6,15,440,6600
201412242402376,NBBL,43,18,10,1760,17600
201412242402321,NBBL,29,29,10,1795,17950
201412242402314,NBBL,29,29,10,1795,17950
201412242402309,NBBL,29,29,10,1795,17950
201412242402373,NCCB,56,29,800,515,412000
201412242402366,NCCB,46,25,200,511,102200
201412242402339,NCCB,6,29,613,510,312630
201412242402325,NCCB,49,49,50,520,26000
201412242402301,NCDB,58,59,25,172,4300
201412242402298,NCDB,58,59,12,172,2064
201412242402296,NCDB,58,59,23,172,3956
201412242402413,NGBL,39,33,100,246,24600
201412242402371,NGBL,39,33,100,251,25100
201412242402364,NGBL,39,22,34,256,8704
201412242402507,NNLB,1,1,10,640,6400
201412242402506,NNLB,1,1,10,640,6400
201412242402505,NNLB,1,1,10,640,6400
201412242402504,NNLB,1,1,10,640,6400
201412242402397,NNLB,39,21,10,642,6420
201412242402396,NNLB,39,21,10,640,6400
201412242402360,NNLB,3,3,10,637,6370
201412242402535,PCBL,32,17,14,519,7266
201412242402534,PCBL,58,38,178,520,92560
201412242402530,PCBL,5,48,500,519,259500
201412242402529,PCBL,58,13,41,520,21320
201412242402526,PCBL,5,10,18,518,9324
201412242402525,PCBL,5,10,22,519,11418
201412242402389,PCBL,17,35,79,517,40843
201412242402381,PCBL,16,16,434,515,223510
201412242402347,PCBL,43,35,80,516,41280
201412242402335,PCBL,38,52,14,523,7322
201412242402303,PCBL,49,49,77,525,40425
201412242402293,PCBL,49,49,13,527,6851
201412242402474,PCBL,19,59,193,518,99974
201412242402463,PCBL,17,17,115,517,59455
201412242402454,PCBL,6,17,100,518,51800
201412242402451,PCBL,18,18,26,518,13468
201412242402440,PCBL,33,34,97,518,50246
201412242402418,PCBL,38,17,500,521,260500
201412242402518,PCBL,49,49,656,518,339808
201412242402514,PCBL,19,17,108,518,55944
201412242402512,PCBL,16,16,33,519,17127
201412242402510,PCBL,32,7,13,519,6747
201412242402502,PCBL,16,7,13,519,6747
201412242402485,PCBL,17,17,92,518,47656
201412242402489,PFCLL,39,14,30,114,3420
201412242402488,PRDBL,49,49,20,143,2860
201412242402408,PRDBL,49,49,10,143,1430
201412242402406,PRDBL,49,49,10,143,1430
201412242402403,PRDBL,49,49,20,143,2860
201412242402398,PRDBL,49,49,20,143,2860
201412242402394,PRDBL,49,49,10,143,1430
201412242402354,PRDBL,41,41,10,144,1440
201412242402353,PRDBL,41,41,10,144,1440
201412242402380,PURBL,41,41,11,303,3333
201412242402378,PURBL,41,41,11,303,3333
201412242402446,REDBL,59,59,17,182,3094
201412242402430,REDBL,59,59,17,182,3094
201412242402423,REDBL,59,59,17,182,3094
201412242402411,REDBL,59,59,17,182,3094
201412242402401,REDBL,59,59,17,182,3094
201412242402390,REDBL,59,59,17,183,3111
201412242402367,RMDC,38,38,33,618,20394
201412242402341,RMDC,38,38,33,629,20757
201412242402536,SBI,49,49,694,1000,694000
201412242402499,SBI,49,49,1000,1000,1000000
201412242402531,SDBL,52,36,200,150,30000
201412242402486,SHINE,39,51,33,310,10230
201412242402478,SHINE,39,51,84,310,26040
201412242402471,SHINE,39,51,84,310,26040
201412242402453,SHPC,7,52,18,697,12546
201412242402437,SHPC,7,20,10,697,6970
201412242402330,SHPC,53,53,10,711,7110
201412242402280,SHPC,29,29,18,698,12564
201412242402278,SHPC,29,29,18,698,12564
201412242402276,SHPC,29,29,18,698,12564
201412242402268,SHPC,29,29,18,698,12564
201412242402267,SHPC,29,29,18,698,12564
201412242402266,SHPC,29,29,18,698,12564
201412242402265,SHPC,29,29,18,698,12564
201412242402264,SHPC,29,29,18,698,12564
201412242402274,SHPC,29,29,18,698,12564
201412242402273,SHPC,29,29,18,698,12564
201412242402272,SHPC,29,29,18,698,12564
201412242402271,SHPC,29,29,18,698,12564
201412242402270,SHPC,29,29,18,698,12564
201412242402269,SHPC,29,29,18,698,12564
201412242402466,SIGS1,26,21,500,15,7250
201412242402459,SIGS1,26,21,500,15,7250
201412242402458,SIGS1,26,21,500,15,7250
201412242402457,SIGS1,26,21,500,15,7250
201412242402517,SRBL,36,7,45,375,16875
201412242402513,SRBL,49,49,53,374,19822
201412242402503,SRBL,49,49,53,374,19822
201412242402468,SRBL,36,29,77,374,28798
201412242402483,SUBBL,11,39,42,306,12852
201412242402424,SUBBL,45,29,1008,305,307440
201412242402358,SUBBL,11,59,58,302,17516
201412242402328,SUBBL,11,41,33,302,9966
201412242402305,SUBBL,11,39,42,302,12684
201412242402511,VBBL,42,42,50,121,6050
201412242402508,VBBL,42,42,50,121,6050
201412242402495,VBBL,42,42,30,121,3630
201412242402479,VBBL,42,42,30,121,3630
201412242402472,VBBL,48,22,20,119,2380
201412242402460,VBBL,42,42,20,121,2420
201412242402248,VBBL,16,16,20,123,2460
201412242402247,VBBL,16,16,20,123,2460
201412242402246,VBBL,16,16,20,123,2460
201412242402254,VBBL,16,16,20,123,2460
201412242402253,VBBL,16,16,20,123,2460
201412242402252,VBBL,16,16,20,123,2460
201412242402251,VBBL,16,16,20,123,2460
201412242402250,VBBL,16,16,20,123,2460
201412242402249,VBBL,16,16,20,123,2460
201412242402260,VBBL,16,16,20,123,2460
201412242402259,VBBL,16,16,20,123,2460
201412242402258,VBBL,16,16,20,123,2460
201412242402257,VBBL,16,16,20,123,2460
201412242402256,VBBL,16,16,20,123,2460
201412242402255,VBBL,16,16,20,123,2460
201412242402287,WDBL,43,41,12,200,2400
201412242402498,YETI,42,42,150,124,18600
201412242402497,YETI,42,33,240,124,29760
201412242402415,YETI,41,41,30,122,3660
