contract,symbol,buyer,seller,qty,rate,amt
201406232061663,ALICL,54,41,230,1075,247250
201406232061662,ALICL,54,40,100,1074,107400
201406232061645,ALICL,54,41,136,1072,145792
201406232061528,ALICL,54,41,70,1071,74970
201406232061460,ALICL,48,39,20,1092,21840
201406232061382,ALICL,54,8,551,1071,590121
201406232061193,ALICL,44,11,50,1050,52500
201406232061145,ALICL,44,35,15,1050,15750
201406232061131,ALICL,44,35,15,1050,15750
201406232061334,ALICL,54,41,29,1055,30595
201406232061325,ALICL,54,44,79,1055,83345
201406232061324,ALICL,54,16,70,1055,73850
201406232061308,ALICL,54,40,43,1054,45322
201406232061296,ALICL,53,44,152,1054,160208
201406232061264,ALICL,33,6,300,1050,315000
201406232061378,ALICL,54,40,29,1060,30740
201406232061371,ALICL,54,55,95,1060,100700
201406232061362,ALICL,44,21,14,1056,14784
201406232061352,ALICL,54,40,40,1055,42200
201406232061346,ALICL,54,41,29,1055,30595
201406232061343,ALICL,54,41,29,1055,30595
201406232061638,APEX,16,51,50,130,6500
201406232061513,APEX,16,51,50,130,6500
201406232061442,APEX,39,41,20,132,2640
201406232061441,APEX,39,41,20,132,2640
201406232061440,APEX,39,41,20,132,2640
201406232061439,APEX,39,41,20,132,2640
201406232061140,APEX,39,47,20,132,2640
201406232061134,APEX,39,11,22,131,2882
201406232061438,APEX,39,41,20,132,2640
201406232061437,APEX,39,41,20,132,2640
201406232061436,APEX,39,41,20,132,2640
201406232061435,APEX,39,41,20,132,2640
201406232061434,APEX,39,41,20,132,2640
201406232061433,APEX,39,41,20,132,2640
201406232061786,BSBL,33,21,73,268,19564
201406232061157,BSBL,52,16,30,268,8040
201406232061235,BSBL,52,59,631,268,169108
201406232061790,CBBL,53,43,132,1180,155760
201406232061765,CBBL,53,44,200,1175,235000
201406232061746,CBL,25,25,417,287,119679
201406232061623,CBL,8,10,917,288,264096
201406232061598,CBL,21,51,55,287,15785
201406232061585,CBL,13,21,1000,286,286000
201406232061574,CBL,25,59,468,287,134316
201406232061524,CBL,7,25,27,288,7776
201406232061074,CBL,8,51,15,283,4245
201406232061058,CBL,21,28,89,282,25098
201406232061050,CBL,42,51,15,283,4245
201406232061092,CBL,21,51,15,283,4245
201406232061087,CBL,8,51,15,283,4245
201406232061084,CBL,8,51,15,283,4245
201406232061081,CBL,8,51,15,283,4245
201406232061079,CBL,8,51,15,283,4245
201406232061076,CBL,8,51,15,283,4245
201406232061148,CBL,6,57,994,285,283290
201406232061135,CBL,6,48,651,285,185535
201406232061112,CBL,8,44,1000,284,284000
201406232061108,CBL,8,51,15,283,4245
201406232061100,CBL,21,51,15,283,4245
201406232061097,CBL,8,51,15,283,4245
201406232061353,CBL,7,44,1000,287,287000
201406232061250,CBL,8,44,33,282,9306
201406232061173,CBL,21,21,482,283,136406
201406232061158,CBL,8,50,19,285,5415
201406232061154,CBL,6,50,14,285,3990
201406232061153,CBL,8,40,27,285,7695
201406232061514,CBL,7,10,500,287,143500
201406232061511,CBL,7,10,1000,287,287000
201406232061474,CBL,13,44,1000,287,287000
201406232061431,CBL,8,10,2000,285,570000
201406232061429,CBL,19,51,553,286,158158
201406232061402,CBL,16,39,52,286,14872
201406232061751,CCBL,44,7,40,310,12400
201406232061750,CCBL,44,7,40,310,12400
201406232061749,CCBL,44,7,40,310,12400
201406232061740,CCBL,42,7,40,310,12400
201406232061693,CCBL,59,21,321,309,99189
201406232061687,CCBL,51,7,40,309,12360
201406232061118,CCBL,48,40,40,306,12240
201406232061141,CCBL,52,11,20,304,6080
201406232061124,CCBL,49,11,40,304,12160
201406232061122,CCBL,48,40,40,306,12240
201406232061121,CCBL,48,40,40,306,12240
201406232061120,CCBL,48,40,40,306,12240
201406232061119,CCBL,48,40,40,306,12240
201406232061212,CCBL,42,5,28,305,8540
201406232061180,CCBL,42,16,40,305,12200
201406232061179,CCBL,42,11,20,305,6100
201406232061170,CCBL,42,16,40,305,12200
201406232061151,CCBL,48,11,40,304,12160
201406232061149,CCBL,49,53,38,304,11552
201406232061301,CCBL,43,48,39,307,11973
201406232061300,CCBL,43,28,10,307,3070
201406232061292,CCBL,43,40,40,306,12240
201406232061291,CCBL,43,51,20,306,6120
201406232061229,CCBL,21,42,40,305,12200
201406232061226,CCBL,21,42,40,305,12200
201406232061341,CCBL,57,34,320,306,97920
201406232061333,CCBL,21,5,40,305,12200
201406232061312,CCBL,43,7,40,307,12280
201406232061304,CCBL,43,7,40,307,12280
201406232061303,CCBL,43,7,40,307,12280
201406232061302,CCBL,43,13,24,307,7368
201406232061373,CCBL,43,13,32,307,9824
201406232061366,CCBL,43,13,32,307,9824
201406232061363,CCBL,43,40,40,306,12240
201406232061349,CCBL,21,5,40,305,12200
201406232061344,CCBL,21,5,40,305,12200
201406232061342,CCBL,57,40,40,306,12240
201406232061472,CCBL,7,17,10,308,3080
201406232061471,CCBL,7,17,40,308,12320
201406232061469,CCBL,7,17,10,308,3080
201406232061468,CCBL,7,17,40,308,12320
201406232061407,CCBL,16,43,40,307,12280
201406232061381,CCBL,16,5,40,307,12280
201406232061498,CCBL,7,6,24,308,7392
201406232061497,CCBL,43,33,40,308,12320
201406232061495,CCBL,7,17,40,308,12320
201406232061491,CCBL,7,17,40,308,12320
201406232061489,CCBL,7,17,10,308,3080
201406232061488,CCBL,7,17,40,308,12320
201406232061525,CCBL,1,7,40,306,12240
201406232061521,CCBL,39,11,39,308,12012
201406232061520,CCBL,39,11,39,308,12012
201406232061519,CCBL,39,5,40,307,12280
201406232061516,CCBL,39,11,39,308,12012
201406232061502,CCBL,51,5,168,307,51576
201406232061542,CCBL,1,7,40,306,12240
201406232061539,CCBL,7,43,40,308,12320
201406232061535,CCBL,7,43,40,308,12320
201406232061529,CCBL,7,43,40,308,12320
201406232061527,CCBL,39,43,40,308,12320
201406232061526,CCBL,39,43,40,308,12320
201406232061553,CCBL,44,44,40,308,12320
201406232061552,CCBL,44,44,40,308,12320
201406232061551,CCBL,44,43,40,308,12320
201406232061550,CCBL,44,43,40,308,12320
201406232061549,CCBL,44,43,40,308,12320
201406232061548,CCBL,44,43,40,308,12320
201406232061591,CCBL,7,44,32,308,9856
201406232061590,CCBL,7,7,40,308,12320
201406232061575,CCBL,7,7,40,308,12320
201406232061571,CCBL,11,11,40,310,12400
201406232061570,CCBL,11,11,40,309,12360
201406232061554,CCBL,44,44,40,308,12320
201406232061614,CCBL,7,7,40,308,12320
201406232061610,CCBL,43,11,28,310,8680
201406232061608,CCBL,7,7,40,308,12320
201406232061603,CCBL,44,7,40,308,12320
201406232061599,CCBL,44,7,40,308,12320
201406232061592,CCBL,43,7,40,308,12320
201406232061678,CCBL,51,7,40,309,12360
201406232061677,CCBL,51,7,40,309,12360
201406232061643,CCBL,11,6,61,310,18910
201406232061642,CCBL,11,7,40,308,12320
201406232061635,CCBL,39,7,40,308,12320
201406232061627,CCBL,39,7,40,308,12320
201406232061752,CDBL,41,22,77,395,30415
201406232061721,CIT,21,57,70,4851,339570
201406232061689,CIT,6,7,40,4900,196000
201406232061098,CIT,16,13,44,4930,216920
201406232061046,CIT,21,57,50,4900,245000
201406232061045,CIT,5,57,20,4900,98000
201406232061044,CIT,43,57,20,4950,99000
201406232061712,CNDBL,22,47,10,138,1380
201406232061221,CNDBL,19,41,20,136,2720
201406232061207,CNDBL,19,41,20,136,2720
201406232061197,CNDBL,19,41,20,136,2720
201406232061190,CNDBL,19,41,20,136,2720
201406232061069,EDBL,53,28,153,601,91953
201406232061064,EDBL,53,25,76,600,45600
201406232061653,GBBL,39,25,37,300,11100
201406232061652,GBBL,39,5,56,299,16744
201406232061651,GBBL,39,49,22,298,6556
201406232061650,GBBL,39,49,22,298,6556
201406232061649,GBBL,39,49,22,298,6556
201406232061648,GBBL,39,49,22,298,6556
201406232061647,GBBL,39,49,22,298,6556
201406232061646,GBBL,39,49,22,298,6556
201406232061561,GBBL,39,50,452,296,133792
201406232061059,GBBL,35,35,1300,295,383500
201406232061778,GBIME,48,11,36,601,21636
201406232061771,GBIME,42,11,36,601,21636
201406232061770,GBIME,35,52,792,595,471240
201406232061769,GBIME,42,11,39,601,23439
201406232061768,GBIME,42,11,39,600,23400
201406232061767,GBIME,42,11,39,600,23400
201406232061338,GBIME,42,42,126,592,74592
201406232061309,GBIME,37,1,355,592,210160
201406232061192,GBIME,42,55,17,593,10081
201406232061116,GBIME,39,55,32,593,18976
201406232061067,GBIME,42,42,11,595,6545
201406232061522,GBIME,50,55,32,593,18976
201406232061507,GBIME,13,52,90,592,53280
201406232061486,GBIME,22,5,133,591,78603
201406232061397,GBIME,8,55,32,593,18976
201406232061385,GBIME,21,21,57,592,33744
201406232061354,GBIME,42,55,32,593,18976
201406232061545,GBIME,50,39,36,594,21384
201406232061534,GBIME,50,39,36,594,21384
201406232061533,GBIME,50,39,36,594,21384
201406232061532,GBIME,50,42,11,593,6523
201406232061531,GBIME,50,55,32,593,18976
201406232061530,GBIME,50,55,32,593,18976
201406232061729,GBIME,42,35,15,596,8940
201406232061728,GBIME,42,35,15,596,8940
201406232061727,GBIME,42,21,14,594,8316
201406232061672,GBIME,13,21,14,593,8302
201406232061669,GBIME,35,6,926,592,548192
201406232061589,GBIME,39,39,41,594,24354
201406232061766,GBIME,42,25,18,600,10800
201406232061758,GBIME,42,35,22,596,13112
201406232061757,GBIME,42,35,22,596,13112
201406232061756,GBIME,42,52,78,594,46332
201406232061747,GBIME,19,7,129,593,76497
201406232061730,GBIME,42,25,18,600,10800
201406232061267,HAMA,54,49,60,127,7620
201406232061071,HAMA,4,41,40,125,5000
201406232061065,HAMA,4,41,40,125,5000
201406232061062,HAMA,4,41,40,125,5000
201406232061060,HAMA,4,41,40,125,5000
201406232061053,HAMA,4,41,40,125,5000
201406232061452,HBDL,49,56,4000,79,316000
201406232061364,HBDL,49,6,500,79,39500
201406232061217,HBDL,4,43,1000,80,80000
201406232061195,HBDL,4,43,1000,80,80000
201406232061090,HBDL,57,1,651,79,51429
201406232061239,JBBL,19,16,10,167,1670
201406232061218,JBBL,19,16,10,167,1670
201406232061781,JBNL,20,5,271,284,76964
201406232061755,JBNL,41,51,978,281,274818
201406232061713,JBNL,55,39,318,283,89994
201406232061695,JBNL,55,39,167,283,47261
201406232061361,JBNL,55,59,811,282,228702
201406232061493,JFL,36,8,300,372,111600
201406232061492,JFL,28,8,100,373,37300
201406232061222,KAFIL,42,42,11,189,2079
201406232061181,KAFIL,42,42,11,189,2079
201406232061056,KAFIL,42,42,11,191,2101
201406232061764,KBBL,41,20,152,379,57608
201406232061111,KMCDB,50,50,82,670,54940
201406232061105,KMCDB,50,50,82,670,54940
201406232061555,KNBL,36,51,150,155,23250
201406232061546,KNBL,36,51,150,155,23250
201406232061456,KNBL,36,41,10,155,1550
201406232061416,KNBL,36,41,20,155,3100
201406232061409,KNBL,36,41,10,155,1550
201406232061398,KNBL,36,41,10,155,1550
201406232061676,KRBL,6,16,10,150,1500
201406232061668,KRBL,6,16,10,150,1500
201406232061659,KRBL,6,16,10,150,1500
201406232061518,KRBL,6,41,10,150,1500
201406232061512,KRBL,6,41,10,150,1500
201406232061503,KRBL,6,41,10,150,1500
201406232061326,KRBL,6,44,60,150,9000
201406232061494,KRBL,6,41,10,150,1500
201406232061481,KRBL,6,41,10,150,1500
201406232061351,KRBL,6,44,50,150,7500
201406232061345,KRBL,6,44,50,150,7500
201406232061340,KRBL,6,44,60,150,9000
201406232061336,KRBL,6,44,60,150,9000
201406232061707,LBL,13,8,72,525,37800
201406232061252,MBBL,47,51,20,159,3180
201406232061249,MBBL,47,51,40,159,6360
201406232061248,MBBL,47,51,20,159,3180
201406232061231,MBBL,47,51,20,159,3180
201406232061194,MDB,16,6,20,462,9240
201406232061799,MEGA,55,36,364,421,153244
201406232061789,MEGA,55,36,1604,421,675284
201406232061720,MEGA,42,42,31,420,13020
201406232061719,MEGA,42,42,31,420,13020
201406232061718,MEGA,42,42,31,420,13020
201406232061717,MEGA,42,42,31,420,13020
201406232061182,MEGA,36,49,1000,419,419000
201406232061166,MEGA,36,51,16,418,6688
201406232061152,MEGA,4,51,13,419,5447
201406232061061,MEGA,13,28,31,419,12989
201406232061048,MEGA,36,40,16,418,6688
201406232061617,MEGA,25,42,73,422,30806
201406232061485,MEGA,55,42,31,420,13020
201406232061446,MEGA,55,28,10,420,4200
201406232061358,MEGA,55,47,110,420,46200
201406232061289,MEGA,55,34,160,420,67200
201406232061191,MEGA,13,1,187,420,78540
201406232061705,MEGA,42,42,31,420,13020
201406232061704,MEGA,42,42,31,420,13020
201406232061703,MEGA,42,42,31,420,13020
201406232061694,MEGA,11,21,10,419,4190
201406232061625,MEGA,25,42,31,420,13020
201406232061621,MEGA,1,21,19,421,7999
201406232061772,MNBBL,39,39,64,530,33920
201406232061698,NBF1,41,51,6862,14,97097
201406232061075,NBF1,28,21,1199,14,16906
201406232061684,NBL,6,13,951,360,342360
201406232061583,NBL,51,25,2000,361,722000
201406232061582,NBL,49,25,105,362,38010
201406232061580,NBL,42,4,500,361,180500
201406232061564,NBL,6,35,3000,360,1080000
201406232061479,NBL,28,48,932,360,335520
201406232061293,NBL,51,49,500,362,181000
201406232061228,NBL,49,34,100,364,36400
201406232061186,NBL,7,35,951,361,343311
201406232061183,NBL,51,21,500,362,181000
201406232061110,NBL,21,11,1000,361,361000
201406232061408,NBL,56,56,900,362,325800
201406232061384,NBL,56,56,1000,362,362000
201406232061377,NBL,56,56,1000,362,362000
201406232061367,NBL,56,56,1000,362,362000
201406232061347,NBL,56,56,1000,362,362000
201406232061305,NBL,10,49,500,362,181000
201406232061055,NGBL,1,16,30,238,7140
201406232061734,NICA,48,42,43,870,37410
201406232061690,NICA,50,21,400,869,347600
201406232061616,NICA,22,36,349,869,303281
201406232061615,NICA,22,36,80,869,69520
201406232061607,NICA,22,44,500,868,434000
201406232061517,NICA,36,36,80,865,69200
201406232061227,NICA,41,28,10,870,8700
201406232061175,NICA,50,5,30,865,25950
201406232061477,NICA,36,5,10,861,8610
201406232061473,NICA,56,49,161,865,139265
201406232061445,NICA,48,5,30,860,25800
201406232061318,NICA,36,36,300,865,259500
201406232061284,NICA,56,16,265,869,230285
201406232061263,NICA,48,36,500,865,432500
201406232061208,NLBBL,49,25,119,1125,133875
201406232061096,NLBBL,33,25,516,1120,577920
201406232061800,NLG,6,16,327,790,258330
201406232061775,NLG,6,56,25,785,19625
201406232061795,NLIC,49,11,100,3670,367000
201406232061716,NLIC,49,11,200,3650,730000
201406232061588,NLIC,28,28,540,3610,1949400
201406232061169,NLIC,49,21,200,3670,734000
201406232061077,NLIC,49,21,200,3670,734000
201406232061654,PDB,40,16,170,142,24140
201406232061563,PDB,49,16,10,140,1400
201406232061547,PDB,49,16,30,140,4200
201406232061057,PDB,40,51,30,142,4260
201406232061537,PDB,49,16,30,140,4200
201406232061523,PDB,40,16,10,142,1420
201406232061505,PDB,40,16,10,142,1420
201406232061637,PLIC,53,53,472,912,430464
201406232061597,PLIC,50,6,300,921,276300
201406232061596,PLIC,50,53,500,920,460000
201406232061335,PLIC,50,33,400,917,366800
201406232061328,PLIC,50,21,368,915,336720
201406232061451,PLIC,50,49,13,920,11960
201406232061450,PLIC,50,49,13,920,11960
201406232061449,PLIC,50,49,13,920,11960
201406232061430,PLIC,50,50,555,920,510600
201406232061415,PLIC,52,16,13,912,11856
201406232061337,PLIC,48,59,13,912,11856
201406232061467,PLIC,50,49,13,920,11960
201406232061464,PLIC,50,49,13,920,11960
201406232061453,PLIC,50,16,54,915,49410
201406232061656,RMDC,16,1,327,805,263235
201406232061606,RMDC,52,54,99,800,79200
201406232061593,RMDC,16,7,33,805,26565
201406232061587,RMDC,16,7,33,805,26565
201406232061576,RMDC,16,7,33,805,26565
201406232061567,RMDC,49,7,33,805,26565
201406232061102,RMDC,49,7,33,805,26565
201406232061089,RMDC,33,7,33,806,26598
201406232061256,RMDC,16,7,33,805,26565
201406232061255,RMDC,16,7,33,805,26565
201406232061253,RMDC,16,7,33,805,26565
201406232061251,RMDC,5,7,33,805,26565
201406232061241,RMDC,52,7,33,806,26598
201406232061127,RMDC,5,7,33,805,26565
201406232061359,RMDC,16,7,33,805,26565
201406232061321,RMDC,16,7,33,805,26565
201406232061307,RMDC,16,7,33,805,26565
201406232061273,RMDC,16,7,33,805,26565
201406232061271,RMDC,13,44,33,810,26730
201406232061266,RMDC,39,7,33,805,26565
201406232061411,RMDC,39,7,33,805,26565
201406232061399,RMDC,16,7,33,805,26565
201406232061394,RMDC,16,13,19,805,15295
201406232061392,RMDC,16,13,19,805,15295
201406232061379,RMDC,16,7,33,805,26565
201406232061370,RMDC,16,7,33,805,26565
201406232061557,RMDC,52,7,33,805,26565
201406232061465,RMDC,43,7,33,805,26565
201406232061459,RMDC,39,7,33,805,26565
201406232061447,RMDC,39,7,33,805,26565
201406232061428,RMDC,47,47,6509,790,5142110
201406232061418,RMDC,39,7,33,805,26565
201406232061748,SBL,48,22,196,730,143080
201406232061714,SBL,48,11,189,721,136269
201406232061484,SBL,50,39,599,715,428285
201406232061261,SBL,25,28,671,711,477081
201406232061244,SBL,7,43,75,724,54300
201406232061165,SBL,39,39,337,712,239944
201406232061163,SBL,50,37,201,718,144318
201406232061160,SBL,50,22,219,717,157023
201406232061133,SBL,40,22,75,720,54000
201406232061104,SBL,44,57,133,711,94563
201406232061594,SETI,11,41,22,159,3498
201406232061085,SETI,25,41,22,160,3520
201406232061137,SEWA,21,16,15,305,4575
201406232061129,SEWA,21,40,15,305,4575
201406232061243,SHINE,39,11,60,400,24000
201406232061788,SHPC,49,16,2105,675,1420875
201406232061319,SHPC,33,44,18,685,12330
201406232061052,SHPC,6,51,90,685,61650
201406232061051,SHPC,6,41,10,680,6800
201406232061709,SICL,35,43,100,855,85500
201406232061661,SICL,41,43,92,855,78660
201406232061350,SICL,35,20,200,851,170200
201406232061745,SIGS1,49,22,5000,15,73250
201406232061736,SIGS1,49,53,35000,15,507500
201406232061540,SKBBL,56,55,12,1222,14664
201406232061230,SKBBL,57,47,1114,1221,1360194
201406232061223,SKBBL,57,7,19,1220,23180
201406232061210,SKBBL,57,58,19,1219,23161
201406232061202,SKBBL,57,1,12,1217,14604
201406232061196,SKBBL,57,1,12,1216,14592
201406232061177,SKBBL,57,55,299,1215,363285
201406232061171,SKBBL,57,59,19,1214,23066
201406232061664,SLBBL,57,10,44,1203,52932
201406232061796,SLICL,36,43,120,555,66600
201406232061784,SLICL,22,43,100,556,55600
201406232061777,SLICL,55,43,100,557,55700
201406232061476,SLICL,36,8,40,557,22280
201406232061475,SLICL,36,43,50,556,27800
201406232061470,SLICL,36,43,340,555,188700
201406232061159,SLICL,13,50,30,545,16350
201406232061107,SLICL,22,50,42,540,22680
201406232061225,SRBL,43,48,39,418,16302
201406232061206,SRBL,43,48,65,417,27105
201406232061185,SRBL,57,48,65,418,27170
201406232061619,SUPRME,57,49,224,140,31360
201406232061541,SUPRME,36,22,640,139,88960
201406232061375,SUPRME,42,51,20,141,2820
201406232061332,SUPRME,42,51,20,141,2820
201406232061323,SUPRME,42,51,20,141,2820
201406232061224,SUPRME,42,11,100,141,14100
201406232061674,VBBL,10,11,100,133,13300
201406232061624,VBBL,10,21,80,133,10640
201406232061380,VBBL,21,36,520,133,69160
201406232061281,VBBL,21,25,80,135,10800
201406232061280,VBBL,21,17,70,135,9450
201406232061279,VBBL,21,21,40,135,5400
201406232061278,VBBL,21,21,70,135,9450
201406232061277,VBBL,21,21,100,135,13500
201406232061276,VBBL,21,17,70,133,9310
201406232061275,VBBL,21,17,70,133,9310
201406232061327,WDBL,50,59,12,172,2064
201406232061282,WDBL,50,25,20,175,3500
201406232061265,WDBL,50,13,108,175,18900
201406232061783,YETI,44,28,150,141,21150
201406232061782,YETI,44,16,20,141,2820
201406232061742,YETI,44,28,11,141,1551
201406232061723,YETI,44,28,11,141,1551
201406232061715,YETI,44,16,20,141,2820
201406232061700,YETI,44,16,20,141,2820
201406232061083,YETI,28,41,11,140,1540
201406232061054,YETI,28,41,11,140,1540
201406232061114,YETI,28,41,11,140,1540
201406232061106,YETI,28,25,11,142,1562
201406232061103,YETI,28,41,11,141,1551
201406232061101,YETI,6,56,284,141,40044
201406232061095,YETI,28,41,11,140,1540
201406232061094,YETI,6,41,11,140,1540
201406232061216,YETI,28,13,30,141,4230
201406232061198,YETI,28,13,30,141,4230
201406232061156,YETI,6,8,23,141,3243
201406232061150,YETI,28,8,23,141,3243
201406232061143,YETI,28,6,220,140,30800
201406232061123,YETI,6,41,11,140,1540
201406232061401,YETI,28,40,144,140,20160
201406232061339,YETI,33,56,1000,141,141000
201406232061315,YETI,6,47,72,142,10224
201406232061294,YETI,6,40,83,141,11703
201406232061272,YETI,28,40,110,140,15400
201406232061245,YETI,28,13,30,141,4230
201406232061424,YETI,48,8,23,142,3266
201406232061423,YETI,48,11,20,142,2840
201406232061422,YETI,48,56,120,142,17040
201406232061421,YETI,48,36,20,141,2820
201406232061420,YETI,48,36,20,141,2820
201406232061419,YETI,48,36,20,141,2820
201406232061681,YETI,28,16,20,141,2820
201406232061673,YETI,28,34,20,141,2820
201406232061660,YETI,28,34,35,140,4900
201406232061641,YETI,44,34,35,141,4935
201406232061626,YETI,6,34,35,142,4970
201406232061432,YETI,48,8,35,142,4970
201406232060865,ALICL,21,7,200,1041,208200
201406232060731,ALICL,44,48,15,1050,15750
201406232060729,ALICL,44,47,99,1050,103950
201406232060726,ALICL,44,25,34,1050,35700
201406232060723,ALICL,21,6,300,1041,312300
201406232060722,ALICL,44,5,89,1047,93183
201406232060466,ALICL,36,16,15,1040,15600
201406232060671,ALICL,59,48,50,1049,52450
201406232060642,ALICL,36,5,56,1047,58632
201406232060625,ALICL,36,5,100,1045,104500
201406232060543,ALICL,43,48,188,1040,195520
201406232060501,ALICL,36,16,15,1040,15600
201406232060476,ALICL,36,16,15,1040,15600
201406232060753,APEX,16,48,40,130,5200
201406232060635,APEX,28,51,1000,129,129000
201406232060438,APEX,21,16,20,128,2560
201406232060433,APEX,21,16,20,128,2560
201406232060385,APEX,16,16,11,128,1408
201406232060350,APEX,16,40,10,128,1280
201406232060297,APEX,16,16,30,128,3840
201406232060293,APEX,16,16,30,128,3840
201406232060280,APEX,16,16,30,128,3840
201406232060345,APEX,16,16,30,128,3840
201406232060340,APEX,16,6,50,128,6400
201406232060339,APEX,16,16,30,128,3840
201406232060317,APEX,16,16,30,128,3840
201406232060310,APEX,16,16,30,128,3840
201406232060302,APEX,16,16,30,128,3840
201406232060660,BBBL,53,50,715,310,221650
201406232060612,BRTBL,57,37,500,123,61500
201406232061000,BSBL,48,28,220,270,59400
201406232060913,BSBL,48,42,42,275,11550
201406232060603,BSBL,48,33,31,280,8680
201406232060966,CBBL,7,6,174,1179,205146
201406232060746,CBBL,53,10,315,1175,370125
201406232061010,CBL,8,50,1264,283,357712
201406232060957,CBL,8,44,1500,282,423000
201406232060956,CBL,25,44,380,282,107160
201406232060925,CBL,49,51,102,283,28866
201406232060907,CBL,25,42,81,282,22842
201406232060879,CBL,44,51,408,282,115056
201406232060328,CBL,39,19,143,286,40898
201406232060290,CBL,49,10,53,284,15052
201406232060512,CBL,42,50,47,284,13348
201406232060488,CBL,21,1,62,283,17546
201406232060483,CBL,55,1,62,283,17546
201406232060473,CBL,25,1,62,283,17546
201406232060404,CBL,42,44,500,284,142000
201406232060329,CBL,19,35,57,283,16131
201406232060590,CBL,42,22,52,284,14768
201406232060585,CBL,25,22,52,284,14768
201406232060570,CBL,16,10,130,282,36660
201406232060551,CBL,16,44,500,283,141500
201406232060522,CBL,43,43,263,284,74692
201406232060513,CBL,16,42,219,283,61977
201406232060763,CBL,41,42,263,285,74955
201406232060741,CBL,41,40,27,285,7695
201406232060734,CBL,41,40,27,285,7695
201406232060713,CBL,41,22,54,285,15390
201406232060692,CBL,48,44,70,284,19880
201406232060681,CBL,48,44,70,284,19880
201406232060836,CBL,25,44,50,284,14200
201406232060835,CBL,8,44,500,284,142000
201406232060834,CBL,48,44,60,284,17040
201406232060833,CBL,42,44,50,284,14200
201406232060805,CBL,25,33,866,281,243346
201406232060776,CBL,13,42,525,282,148050
201406232060873,CBL,57,33,1324,281,372044
201406232060841,CBL,52,44,310,283,87730
201406232060840,CBL,52,44,300,283,84900
201406232060839,CBL,42,44,450,283,127350
201406232060838,CBL,11,44,200,283,56600
201406232060837,CBL,16,44,170,284,48280
201406232061038,CCBL,57,53,19,306,5814
201406232061016,CCBL,5,53,36,304,10944
201406232061005,CCBL,5,53,40,304,12160
201406232060995,CCBL,48,16,40,305,12200
201406232060989,CCBL,48,16,122,305,37210
201406232060980,CCBL,44,53,36,304,10944
201406232060287,CCBL,22,7,40,305,12200
201406232060283,CCBL,59,56,31,307,9517
201406232060281,CCBL,34,7,40,305,12200
201406232060276,CCBL,34,7,40,305,12200
201406232060315,CCBL,56,7,40,305,12200
201406232060311,CCBL,56,7,40,305,12200
201406232060303,CCBL,56,7,40,305,12200
201406232060298,CCBL,56,7,40,305,12200
201406232060295,CCBL,56,7,40,305,12200
201406232060292,CCBL,22,16,122,305,37210
201406232060407,CCBL,22,22,40,305,12200
201406232060403,CCBL,22,22,40,305,12200
201406232060394,CCBL,22,51,40,305,12200
201406232060391,CCBL,34,6,10,305,3050
201406232060352,CCBL,42,28,500,304,152000
201406232060325,CCBL,34,7,10,305,3050
201406232060462,CCBL,21,58,40,305,12200
201406232060458,CCBL,22,7,10,305,3050
201406232060453,CCBL,13,13,1000,304,304000
201406232060430,CCBL,34,13,1000,305,305000
201406232060411,CCBL,22,22,40,305,12200
201406232060409,CCBL,22,22,40,305,12200
201406232060569,CCBL,10,7,40,304,12160
201406232060560,CCBL,10,7,40,304,12160
201406232060472,CCBL,21,49,36,305,10980
201406232060470,CCBL,6,7,40,306,12240
201406232060469,CCBL,6,58,40,306,12240
201406232060464,CCBL,21,7,40,305,12200
201406232060637,CCBL,13,22,45,305,13725
201406232060633,CCBL,55,7,40,304,12160
201406232060628,CCBL,52,7,40,304,12160
201406232060627,CCBL,52,21,106,304,32224
201406232060583,CCBL,52,7,40,304,12160
201406232060580,CCBL,13,21,31,305,9455
201406232060664,CCBL,57,21,40,305,12200
201406232060663,CCBL,49,36,40,304,12160
201406232060655,CCBL,13,21,40,305,12200
201406232060653,CCBL,49,7,40,304,12160
201406232060650,CCBL,49,7,40,304,12160
201406232060645,CCBL,49,7,40,304,12160
201406232060680,CCBL,21,10,40,304,12160
201406232060670,CCBL,49,7,40,304,12160
201406232060668,CCBL,57,16,40,305,12200
201406232060667,CCBL,57,21,40,305,12200
201406232060666,CCBL,57,21,40,305,12200
201406232060665,CCBL,57,21,40,305,12200
201406232060743,CCBL,21,7,40,304,12160
201406232060735,CCBL,21,7,40,304,12160
201406232060728,CCBL,41,1,21,305,6405
201406232060725,CCBL,39,39,292,304,88768
201406232060708,CCBL,8,13,306,305,93330
201406232060694,CCBL,41,13,306,305,93330
201406232060793,CCBL,21,7,40,304,12160
201406232060773,CCBL,25,25,40,305,12200
201406232060765,CCBL,25,25,40,305,12200
201406232060761,CCBL,42,13,40,306,12240
201406232060760,CCBL,25,25,40,305,12200
201406232060757,CCBL,25,1,24,305,7320
201406232060856,CCBL,10,40,20,304,6080
201406232060855,CCBL,11,16,40,303,12120
201406232060849,CCBL,6,40,20,306,6120
201406232060808,CCBL,21,7,40,304,12160
201406232060804,CCBL,21,7,40,304,12160
201406232060795,CCBL,21,7,40,304,12160
201406232060881,CCBL,57,7,40,305,12200
201406232060880,CCBL,57,7,40,305,12200
201406232060877,CCBL,25,16,40,303,12120
201406232060870,CCBL,25,16,40,303,12120
201406232060867,CCBL,25,16,40,303,12120
201406232060864,CCBL,11,16,40,303,12120
201406232060900,CCBL,44,13,40,306,12240
201406232060895,CCBL,44,36,31,305,9455
201406232060892,CCBL,57,36,16,305,4880
201406232060888,CCBL,44,36,16,305,4880
201406232060887,CCBL,44,7,40,305,12200
201406232060882,CCBL,57,40,39,305,11895
201406232060936,CCBL,44,7,40,305,12200
201406232060933,CCBL,44,42,40,305,12200
201406232060919,CCBL,57,42,40,306,12240
201406232060908,CCBL,57,7,40,306,12240
201406232060904,CCBL,57,37,1000,306,306000
201406232060901,CCBL,44,42,32,306,9792
201406232060978,CCBL,44,40,40,304,12160
201406232060974,CCBL,8,44,468,305,142740
201406232060973,CCBL,8,16,40,305,12200
201406232060950,CCBL,44,40,122,305,37210
201406232060949,CCBL,44,16,40,305,12200
201406232060937,CCBL,44,21,40,305,12200
201406232061028,CEDBL,21,1,204,259,52836
201406232060498,CEDBL,52,16,194,259,50246
201406232061043,CIT,42,57,30,4951,148530
201406232061042,CIT,19,57,30,4955,148650
201406232060992,CIT,42,19,100,4980,498000
201406232060985,CIT,7,54,98,4950,485100
201406232060825,CIT,42,41,21,4951,103971
201406232060813,CIT,16,41,74,4900,362600
201406232060335,CIT,43,50,20,4910,98200
201406232060812,CIT,21,41,100,4900,490000
201406232060777,CIT,43,52,101,4985,503485
201406232060717,CIT,56,11,21,5000,105000
201406232060503,CIT,43,21,20,4975,99500
201406232060447,CIT,6,53,12,4950,59400
201406232060347,CIT,43,1,25,4910,122750
201406232060827,CNDBL,19,11,20,136,2720
201406232060823,CNDBL,19,47,650,135,87750
201406232060822,CNDBL,19,17,40,135,5400
201406232060821,CNDBL,19,17,40,135,5400
201406232060817,CNDBL,19,34,20,133,2660
201406232060816,CNDBL,19,34,20,133,2660
201406232060815,CNDBL,19,34,20,133,2660
201406232060814,CNDBL,19,47,100,132,13200
201406232060748,CNDBL,21,52,250,131,32750
201406232060640,CNDBL,5,41,20,133,2660
201406232060556,CNDBL,47,25,100,132,13200
201406232060981,EDBL,44,19,200,595,119000
201406232061033,GBIME,39,19,30,593,17790
201406232060979,GBIME,39,10,37,593,21941
201406232060972,GBIME,37,21,356,595,211820
201406232060945,GBIME,58,21,356,594,211464
201406232060943,GBIME,48,1,615,595,365925
201406232060940,GBIME,48,25,35,595,20825
201406232060326,GBIME,51,34,14,595,8330
201406232060306,GBIME,34,34,14,594,8316
201406232060284,GBIME,34,1,160,594,95040
201406232060273,GBIME,36,1,75,595,44625
201406232060620,GBIME,40,55,57,591,33687
201406232060572,GBIME,43,33,26,590,15340
201406232060461,GBIME,11,33,89,590,52510
201406232060449,GBIME,37,33,37,591,21867
201406232060429,GBIME,34,33,26,593,15418
201406232060343,GBIME,37,1,390,592,230880
201406232060691,GBIME,42,42,133,595,79135
201406232060673,GBIME,43,28,25,590,14750
201406232060658,GBIME,36,42,300,591,177300
201406232060657,GBIME,21,42,100,591,59100
201406232060647,GBIME,43,42,500,590,295000
201406232060639,GBIME,25,42,500,590,295000
201406232060920,GBIME,48,39,35,594,20790
201406232060915,GBIME,48,55,32,593,18976
201406232060909,GBIME,48,55,32,593,18976
201406232060787,GBIME,13,51,82,592,48544
201406232060710,GBIME,35,39,37,594,21978
201406232060703,GBIME,35,39,92,594,54648
201406232060938,GBIME,48,25,35,595,20825
201406232060935,GBIME,48,25,35,595,20825
201406232060931,GBIME,48,39,35,594,20790
201406232060928,GBIME,48,39,35,594,20790
201406232060927,GBIME,37,49,155,592,91760
201406232060924,GBIME,48,39,35,594,20790
201406232060893,HAMA,25,42,200,127,25400
201406232060826,HBDL,57,56,2000,79,158000
201406232060818,HBDL,4,6,500,80,40000
201406232060799,HBDL,4,25,1000,80,80000
201406232060618,HBDL,34,50,487,80,38960
201406232060606,HBDL,22,25,1000,80,80000
201406232060595,HBDL,51,11,150,81,12150
201406232060487,HBDL,57,51,1000,80,80000
201406232060330,HBDL,34,43,500,80,40000
201406232060314,HBDL,51,51,161,81,13041
201406232060790,ICFC,39,55,34,244,8296
201406232060902,JBBL,19,42,10,167,1670
201406232060733,JBBL,19,1,50,167,8350
201406232060566,JBBL,19,50,10,167,1670
201406232060565,JBBL,19,39,90,167,15030
201406232060941,JBNL,22,5,37,285,10545
201406232060781,JBNL,22,49,30,285,8550
201406232060528,KBBL,33,33,500,374,187000
201406232060434,KBBL,43,20,500,379,189500
201406232060829,KRBL,7,55,10,152,1520
201406232060679,KRBL,7,55,10,152,1520
201406232060544,KRBL,6,4,80,150,12000
201406232060492,KRBL,7,21,10,152,1520
201406232060485,KRBL,7,21,10,152,1520
201406232060480,KRBL,7,21,10,152,1520
201406232060474,KRBL,7,21,10,152,1520
201406232060455,KRBL,7,21,10,152,1520
201406232060424,KRBL,7,25,10,152,1520
201406232060422,KRBL,7,21,10,152,1520
201406232060412,KRBL,7,21,10,152,1520
201406232060871,LICN,28,22,400,3618,1447200
201406232060842,LICN,50,22,250,3620,905000
201406232060495,LICN,28,42,100,3618,361800
201406232060490,LICN,28,42,300,3618,1085400
201406232060952,MBBL,50,41,10,161,1610
201406232061037,MEGA,13,4,13,419,5447
201406232061036,MEGA,4,13,31,419,12989
201406232061035,MEGA,36,40,32,418,13376
201406232061031,MEGA,4,40,16,418,6688
201406232061017,MEGA,36,40,183,418,76494
201406232061011,MEGA,36,4,13,418,5434
201406232060358,MEGA,57,49,349,418,145882
201406232060348,MEGA,13,10,19,415,7885
201406232060463,MEGA,57,51,552,417,230184
201406232060457,MEGA,55,11,25,415,10375
201406232060417,MEGA,39,39,32,419,13408
201406232060416,MEGA,39,39,32,419,13408
201406232060415,MEGA,39,39,32,419,13408
201406232060405,MEGA,10,10,73,416,30368
201406232060584,MEGA,33,10,19,419,7961
201406232060563,MEGA,6,28,31,421,13051
201406232060508,MEGA,50,11,32,415,13280
201406232060499,MEGA,50,10,110,419,46090
201406232060493,MEGA,13,11,32,416,13312
201406232060471,MEGA,55,11,32,415,13280
201406232061004,MEGA,36,4,10,418,4180
201406232060976,MEGA,50,25,64,418,26752
201406232060702,MEGA,33,10,16,419,6704
201406232060693,MEGA,13,10,179,416,74464
201406232060631,MEGA,50,55,20,418,8360
201406232060621,MEGA,22,39,32,422,13504
201406232060662,NABILP,39,56,168,1470,246960
201406232060953,NBF1,41,51,6862,14,96754
201406232060939,NBF1,6,51,6862,14,97097
201406232060891,NBF1,6,41,599,14,8482
201406232060481,NBF1,41,22,2997,14,42467
201406232060349,NBF1,41,11,1000,14,14170
201406232060336,NBF1,41,42,300,14,4260
201406232061007,NBL,21,6,818,361,295298
201406232060762,NBL,57,33,3249,360,1169640
201406232060699,NBL,33,47,300,363,108900
201406232060695,NBL,21,53,500,360,180000
201406232060649,NBL,11,13,283,361,102163
201406232060643,NBL,56,56,180,365,65700
201406232060439,NBL,51,39,200,362,72400
201406232060389,NBL,6,5,951,358,340458
201406232060331,NBL,59,44,1000,362,362000
201406232060301,NBL,21,21,2000,360,720000
201406232060285,NBL,51,6,525,360,189000
201406232060277,NBL,56,33,200,363,72600
201406232060607,NBL,55,44,500,361,180500
201406232060515,NBL,57,44,500,361,180500
201406232060507,NBL,56,56,820,363,297660
201406232060482,NBL,59,13,1000,360,360000
201406232060467,NBL,51,36,195,362,70590
201406232060456,NBL,10,44,141,363,51183
201406232060809,NCM,40,7,10,179,1790
201406232060601,NCM,40,7,10,176,1760
201406232060454,NCM,40,7,10,173,1730
201406232060305,NCM,40,7,10,170,1700
201406232060921,NGBL,39,25,25,238,5950
201406232060916,NICA,50,42,20,865,17300
201406232060905,NICA,50,6,250,865,216250
201406232060789,NICA,56,13,30,864,25920
201406232060788,NICA,56,7,60,864,51840
201406232060742,NICA,50,50,1137,853,969861
201406232060740,NICA,6,7,250,863,215750
201406232060414,NICA,41,11,20,870,17400
201406232060308,NICA,10,36,200,860,172000
201406232060299,NICA,47,50,500,860,430000
201406232060296,NICA,41,6,10,870,8700
201406232060739,NICA,6,10,37,861,31857
201406232060732,NICA,6,51,25,860,21500
201406232060623,NICA,25,41,620,857,531340
201406232060517,NICA,50,35,30,856,25680
201406232060491,NICA,50,57,15,857,12855
201406232060418,NICA,25,36,300,860,258000
201406232060537,NLBBL,33,25,1000,1110,1110000
201406232060484,NLG,6,7,274,781,213994
201406232060477,NLG,6,25,26,780,20280
201406232060460,NLG,6,25,26,780,20280
201406232060452,NLG,39,22,76,770,58520
201406232060444,NLG,39,22,37,770,28490
201406232060427,NLG,36,7,351,780,273780
201406232060364,NLG,36,25,26,780,20280
201406232060356,NLG,36,35,20,780,15600
201406232060554,NLIC,50,42,25,3655,91375
201406232060553,NLIC,50,42,51,3655,186405
201406232060610,OFL,47,25,51,300,15300
201406232061027,PDB,49,42,10,140,1400
201406232061026,PDB,42,25,10,140,1400
201406232061024,PDB,40,51,30,139,4170
201406232061015,PDB,40,51,20,139,2780
201406232060800,PDB,40,49,10,137,1370
201406232060575,PDB,43,40,40,135,5400
201406232060573,PDB,43,21,230,135,31050
201406232060552,PDB,40,39,100,133,13300
201406232060942,PLIC,28,49,13,921,11973
201406232060751,PLIC,28,11,94,925,86950
201406232060337,PLIC,22,25,13,932,12116
201406232060342,RMDC,33,33,33,810,26730
201406232060318,RMDC,33,43,21,810,17010
201406232060811,SBI,11,42,72,1250,90000
201406232060806,SBI,19,42,300,1245,373500
201406232060511,SBI,11,21,100,1265,126500
201406232060351,SBI,34,16,74,1255,92870
201406232060344,SBI,34,16,99,1255,124245
201406232060934,SBL,16,49,89,714,63546
201406232060923,SBL,48,1,100,715,71500
201406232060922,SBL,21,1,100,716,71600
201406232060858,SBL,48,22,99,720,71280
201406232060843,SBL,20,42,20,724,14480
201406232060611,SBL,47,13,669,710,474990
201406232060531,SBL,48,13,308,710,218680
201406232060446,SBL,50,1,81,715,57915
201406232060435,SBL,50,13,196,706,138376
201406232061020,SEWA,56,28,138,303,41814
201406232060861,SEWA,57,21,15,303,4545
201406232060749,SEWA,57,55,10,303,3030
201406232060706,SHINE,35,28,404,397,160388
201406232060568,SHINE,35,42,292,392,114464
201406232060526,SHINE,35,42,1189,390,463710
201406232060803,SHPC,36,11,214,680,145520
201406232060802,SHPC,36,11,177,680,120360
201406232060794,SHPC,36,6,89,680,60520
201406232060312,SHPC,41,11,45,680,30600
201406232060999,SICL,35,40,200,855,171000
201406232060854,SICL,35,48,200,856,171200
201406232060847,SICL,35,6,12,856,10272
201406232060846,SICL,35,52,1000,856,856000
201406232060845,SICL,35,11,100,851,85100
201406232060844,SICL,35,7,200,850,170000
201406232060832,SICL,35,33,462,850,392700
201406232060597,SICL,35,47,218,845,184210
201406232060523,SICL,41,11,100,845,84500
201406232060505,SIGS1,49,34,50000,14,718000
201406232060309,SIGS1,49,49,500000,15,7325000
201406232060300,SIGS1,41,55,500,15,7400
201406232061012,SKBBL,57,10,34,1215,41310
201406232060883,SKBBL,53,7,112,1215,136080
201406232060764,SKBBL,33,13,89,1215,108135
201406232060634,SKBBL,33,58,19,1215,23085
201406232060629,SKBBL,33,58,19,1215,23085
201406232060622,SKBBL,33,58,19,1214,23066
201406232060586,SKBBL,53,7,19,1220,23180
201406232060577,SKBBL,53,7,19,1220,23180
201406232060574,SKBBL,53,7,19,1220,23180
201406232060564,SKBBL,53,7,19,1220,23180
201406232060559,SKBBL,53,7,19,1219,23161
201406232061029,SLICL,42,50,30,546,16380
201406232061006,SLICL,28,39,42,550,23100
201406232061001,SLICL,50,39,338,545,184210
201406232060965,SLICL,28,5,55,556,30580
201406232060955,SLICL,28,5,45,556,25020
201406232060932,SLICL,13,16,34,548,18632
201406232060894,SLICL,44,34,34,547,18598
201406232060656,SLICL,56,43,162,540,87480
201406232060646,SLICL,10,55,38,541,20558
201406232060478,SLICL,50,42,42,544,22848
201406232061039,SRBL,16,22,32,418,13376
201406232060772,SRBL,48,22,15,423,6345
201406232060654,SRBL,5,47,64,420,26880
201406232060619,SRBL,10,10,390,419,163410
201406232060514,SRBL,1,5,81,415,33615
201406232060774,SUPRME,58,4,50,139,6950
201406232060759,SUPRME,58,4,340,139,47260
201406232060737,SUPRME,8,4,30,140,4200
201406232060724,SUPRME,36,4,20,141,2820
201406232060711,SUPRME,35,4,402,141,56682
201406232060682,SUPRME,16,4,70,143,10010
201406232060558,SUPRME,16,11,20,143,2860
201406232060557,SUPRME,16,11,10,142,1420
201406232060520,SUPRME,44,52,295,141,41595
201406232060730,TBBL,28,55,54,280,15120
201406232060819,VBBL,10,55,20,133,2660
201406232060669,VBBL,10,55,20,133,2660
201406232060651,VBBL,59,16,528,131,69168
201406232060535,VBBL,10,5,40,133,5320
201406232060272,VBBL,10,37,30,133,3990
201406232061040,YETI,28,41,20,140,2800
201406232061034,YETI,34,11,90,141,12690
201406232061032,YETI,28,41,20,140,2800
201406232061021,YETI,56,56,10000,140,1400000
201406232060998,YETI,19,19,12,141,1692
201406232060996,YETI,28,41,23,140,3220
201406232060360,YETI,19,52,23,140,3220
201406232060359,YETI,44,17,11,141,1551
201406232060355,YETI,44,17,11,141,1551
201406232060353,YETI,44,16,200,140,28000
201406232060376,YETI,44,17,40,141,5640
201406232060375,YETI,44,17,11,141,1551
201406232060372,YETI,44,17,11,141,1551
201406232060370,YETI,44,17,11,141,1551
201406232060366,YETI,44,17,11,141,1551
201406232060363,YETI,44,19,35,140,4900
201406232060384,YETI,44,11,870,141,122670
201406232060383,YETI,44,52,70,141,9870
201406232060381,YETI,44,25,30,141,4230
201406232060379,YETI,44,17,40,141,5640
201406232060378,YETI,44,17,40,141,5640
201406232060377,YETI,44,17,40,141,5640
201406232060441,YETI,44,52,70,141,9870
201406232060440,YETI,44,52,70,141,9870
201406232060410,YETI,44,25,11,141,1551
201406232060406,YETI,44,52,70,141,9870
201406232060402,YETI,44,52,70,141,9870
201406232060395,YETI,44,52,70,141,9870
201406232060614,YETI,28,52,70,140,9800
201406232060613,YETI,28,50,20,140,2800
201406232060571,YETI,44,22,350,141,49350
201406232060549,YETI,44,21,100,141,14100
201406232060540,YETI,44,16,40,141,5640
201406232060533,YETI,44,19,220,141,31020
201406232060715,YETI,28,21,1000,141,141000
201406232060652,YETI,28,55,40,140,5600
201406232060644,YETI,28,22,90,140,12600
201406232060617,YETI,28,52,70,140,9800
201406232060616,YETI,28,52,70,140,9800
201406232060615,YETI,28,52,70,140,9800
201406232060863,YETI,28,21,1000,141,141000
201406232060862,YETI,28,56,1000,141,141000
201406232060852,YETI,19,19,644,141,90804
201406232060851,YETI,19,19,1000,141,141000
201406232060850,YETI,28,39,30,140,4200
201406232060716,YETI,28,22,1025,141,144525
201406232060959,YETI,19,21,20,141,2820
201406232060946,YETI,28,21,20,140,2800
201406232060926,YETI,28,41,23,140,3220
201406232060914,YETI,28,49,148,140,20720
201406232060912,YETI,28,41,23,141,3243
201406232060911,YETI,28,22,200,141,28200
201406232060991,YETI,34,11,90,141,12690
201406232060990,YETI,34,11,70,141,9870
201406232060977,YETI,34,21,20,141,2820
201406232060971,YETI,34,40,83,141,11703
201406232060968,YETI,28,21,20,140,2800
201406232060964,YETI,28,21,20,140,2800
201406232060158,ALICL,44,51,43,1040,44720
201406232059878,ALICL,44,39,40,1040,41600
201406232059846,ALICL,21,5,590,1041,614190
201406232059827,ALICL,54,8,1000,1030,1030000
201406232059825,ALICL,44,59,380,1040,395200
201406232059749,ALICL,44,47,1000,1040,1040000
201406232059661,ALICL,52,34,13,1028,13364
201406232060269,APEX,16,16,30,128,3840
201406232060265,APEX,16,16,30,128,3840
201406232059896,APEX,16,7,50,128,6400
201406232059822,APEX,16,10,40,128,5120
201406232059815,APEX,16,10,40,128,5120
201406232059809,APEX,16,10,11,128,1408
201406232059652,BBBL,36,57,131,314,41134
201406232059862,BSBL,6,52,20,285,5700
201406232059857,BSBL,6,52,20,285,5700
201406232060238,CBBL,53,39,60,1173,70380
201406232059887,CBBL,53,44,54,1150,62100
201406232060151,CBL,25,43,125,284,35500
201406232059997,CBL,21,5,400,282,112800
201406232059960,CBL,42,50,23,282,6486
201406232059956,CBL,19,50,55,283,15565
201406232059955,CBL,42,50,15,284,4260
201406232059833,CBL,42,1,477,284,135468
201406232059679,CBL,42,41,248,285,70680
201406232059606,CBL,11,37,27,290,7830
201406232059596,CBL,39,50,55,285,15675
201406232059595,CBL,19,50,79,286,22594
201406232059578,CBL,25,59,500,290,145000
201406232059541,CBL,11,49,35,290,10150
201406232059829,CBL,11,6,41,284,11644
201406232059776,CBL,25,48,1000,280,280000
201406232059747,CBL,39,39,92,283,26036
201406232059744,CBL,39,39,92,283,26036
201406232059742,CBL,39,39,92,283,26036
201406232059680,CBL,42,41,165,285,47025
201406232060261,CCBL,34,43,40,305,12200
201406232060259,CCBL,34,7,40,305,12200
201406232060254,CCBL,34,7,40,305,12200
201406232060250,CCBL,34,7,40,305,12200
201406232060244,CCBL,34,11,40,305,12200
201406232060232,CCBL,16,16,306,304,93024
201406232059573,CCBL,13,28,31,308,9548
201406232059623,CCBL,42,37,306,306,93636
201406232059622,CCBL,42,37,40,305,12200
201406232059620,CCBL,50,50,304,303,92112
201406232059599,CCBL,42,37,40,305,12200
201406232059586,CCBL,13,13,40,306,12240
201406232059584,CCBL,13,13,40,306,12240
201406232059646,CCBL,42,57,32,306,9792
201406232059645,CCBL,42,1,40,305,12200
201406232059641,CCBL,42,57,32,306,9792
201406232059639,CCBL,42,1,40,306,12240
201406232059637,CCBL,42,1,40,306,12240
201406232059628,CCBL,42,48,40,305,12200
201406232059689,CCBL,44,28,40,308,12320
201406232059675,CCBL,44,28,31,308,9548
201406232059674,CCBL,44,28,40,308,12320
201406232059673,CCBL,44,28,40,308,12320
201406232059651,CCBL,44,36,40,307,12280
201406232059647,CCBL,44,57,32,306,9792
201406232059695,CCBL,44,44,40,308,12320
201406232059694,CCBL,44,57,40,308,12320
201406232059693,CCBL,44,57,40,308,12320
201406232059692,CCBL,44,28,40,308,12320
201406232059691,CCBL,44,28,40,308,12320
201406232059690,CCBL,44,28,40,308,12320
201406232059701,CCBL,44,44,40,308,12320
201406232059700,CCBL,44,44,40,308,12320
201406232059699,CCBL,44,44,40,308,12320
201406232059698,CCBL,44,44,40,308,12320
201406232059697,CCBL,44,44,40,308,12320
201406232059696,CCBL,44,44,40,308,12320
201406232059707,CCBL,44,44,40,308,12320
201406232059706,CCBL,44,44,40,308,12320
201406232059705,CCBL,44,44,40,308,12320
201406232059704,CCBL,44,44,40,308,12320
201406232059703,CCBL,44,44,40,308,12320
201406232059702,CCBL,44,44,40,308,12320
201406232059723,CCBL,44,44,40,308,12320
201406232059722,CCBL,44,44,40,308,12320
201406232059711,CCBL,44,1,40,307,12280
201406232059710,CCBL,44,44,24,308,7392
201406232059709,CCBL,44,44,40,308,12320
201406232059708,CCBL,44,44,40,308,12320
201406232059748,CCBL,42,34,39,306,11934
201406232059738,CCBL,41,1,40,307,12280
201406232059730,CCBL,13,34,39,307,11973
201406232059726,CCBL,44,42,16,308,4928
201406232059725,CCBL,44,44,40,308,12320
201406232059724,CCBL,44,44,40,308,12320
201406232059769,CCBL,44,28,10,307,3070
201406232059762,CCBL,22,51,39,305,11895
201406232059761,CCBL,25,51,39,305,11895
201406232059759,CCBL,42,51,39,305,11895
201406232059758,CCBL,42,40,40,305,12200
201406232059756,CCBL,42,51,39,305,11895
201406232059805,CCBL,25,1,40,307,12280
201406232059790,CCBL,22,33,40,305,12200
201406232059789,CCBL,34,57,38,305,11590
201406232059786,CCBL,34,33,40,305,12200
201406232059781,CCBL,44,28,10,307,3070
201406232059775,CCBL,34,51,39,305,11895
201406232059840,CCBL,42,51,39,305,11895
201406232059837,CCBL,25,51,39,305,11895
201406232059836,CCBL,22,51,39,305,11895
201406232059832,CCBL,25,1,40,306,12240
201406232059821,CCBL,36,36,33,307,10131
201406232059806,CCBL,25,47,40,307,12280
201406232059864,CCBL,59,51,39,305,11895
201406232059860,CCBL,1,51,39,305,11895
201406232059856,CCBL,34,51,39,305,11895
201406232059851,CCBL,1,51,39,305,11895
201406232059849,CCBL,34,51,39,305,11895
201406232059848,CCBL,49,49,507,304,154128
201406232059880,CCBL,1,51,39,305,11895
201406232059877,CCBL,10,1,40,304,12160
201406232059870,CCBL,43,51,39,305,11895
201406232059869,CCBL,43,51,39,305,11895
201406232059868,CCBL,1,51,39,305,11895
201406232059866,CCBL,1,51,39,305,11895
201406232059886,CCBL,1,51,39,305,11895
201406232059885,CCBL,1,51,39,305,11895
201406232059884,CCBL,1,51,39,305,11895
201406232059883,CCBL,1,51,39,305,11895
201406232059882,CCBL,1,51,39,305,11895
201406232059881,CCBL,1,51,39,305,11895
201406232059907,CCBL,43,51,39,305,11895
201406232059904,CCBL,43,51,39,305,11895
201406232059901,CCBL,43,51,39,305,11895
201406232059892,CCBL,1,1,40,305,12200
201406232059889,CCBL,1,51,39,305,11895
201406232059888,CCBL,1,51,39,305,11895
201406232059923,CCBL,43,51,39,305,11895
201406232059922,CCBL,43,51,39,305,11895
201406232059919,CCBL,43,51,39,305,11895
201406232059914,CCBL,43,51,39,305,11895
201406232059912,CCBL,43,51,39,305,11895
201406232059908,CCBL,43,51,39,305,11895
201406232059965,CCBL,59,51,39,305,11895
201406232059939,CCBL,52,40,31,306,9486
201406232059933,CCBL,43,21,40,306,12240
201406232059930,CCBL,59,21,40,305,12200
201406232059928,CCBL,52,21,40,306,12240
201406232059926,CCBL,52,1,40,306,12240
201406232059994,CCBL,42,51,39,305,11895
201406232059987,CCBL,42,51,39,305,11895
201406232059986,CCBL,42,51,39,305,11895
201406232059980,CCBL,42,51,39,305,11895
201406232059976,CCBL,47,51,39,305,11895
201406232059967,CCBL,34,51,39,305,11895
201406232060015,CCBL,47,51,39,305,11895
201406232060008,CCBL,47,51,39,305,11895
201406232060006,CCBL,42,51,39,305,11895
201406232060003,CCBL,42,51,39,305,11895
201406232059998,CCBL,42,51,39,305,11895
201406232059996,CCBL,47,51,39,305,11895
201406232060044,CCBL,28,28,40,305,12200
201406232060042,CCBL,28,28,40,305,12200
201406232060039,CCBL,28,28,40,305,12200
201406232060038,CCBL,28,28,40,305,12200
201406232060033,CCBL,28,28,40,305,12200
201406232060031,CCBL,28,28,40,305,12200
201406232060064,CCBL,59,6,32,307,9824
201406232060060,CCBL,28,28,40,305,12200
201406232060055,CCBL,59,44,40,307,12280
201406232060054,CCBL,28,28,40,305,12200
201406232060052,CCBL,28,28,40,305,12200
201406232060047,CCBL,28,28,40,305,12200
201406232060087,CCBL,59,33,10,307,3070
201406232060080,CCBL,51,44,40,307,12280
201406232060079,CCBL,51,44,40,307,12280
201406232060078,CCBL,41,33,10,307,3070
201406232060075,CCBL,43,28,20,306,6120
201406232060067,CCBL,25,33,19,306,5814
201406232060119,CCBL,59,28,40,306,12240
201406232060114,CCBL,59,28,40,306,12240
201406232060111,CCBL,59,28,40,306,12240
201406232060106,CCBL,51,28,40,307,12280
201406232060105,CCBL,51,28,40,307,12280
201406232060101,CCBL,51,28,40,307,12280
201406232060194,CCBL,25,1,36,305,10980
201406232060192,CCBL,25,1,36,305,10980
201406232060173,CCBL,25,43,40,305,12200
201406232060169,CCBL,6,28,12,307,3684
201406232060148,CCBL,28,28,61,306,18666
201406232060129,CCBL,59,28,12,306,3672
201406232060215,CCBL,34,21,39,305,11895
201406232060211,CCBL,34,11,40,305,12200
201406232060204,CCBL,6,44,16,307,4912
201406232060201,CCBL,34,1,40,305,12200
201406232060199,CCBL,34,1,40,305,12200
201406232060197,CCBL,6,44,40,306,12240
201406232060231,CCBL,6,21,22,305,6710
201406232060228,CCBL,6,11,40,305,12200
201406232060227,CCBL,6,21,40,305,12200
201406232060226,CCBL,6,21,40,305,12200
201406232060218,CCBL,59,21,39,306,11934
201406232060217,CCBL,59,11,40,306,12240
201406232059648,CDBL,28,28,15,396,5940
201406232060212,CEDBL,36,6,144,260,37440
201406232059812,CEDBL,48,48,88,255,22440
201406232059798,CEDBL,21,13,384,258,99072
201406232059797,CEDBL,21,42,68,258,17544
201406232059796,CEDBL,48,48,30,255,7650
201406232059795,CEDBL,21,40,396,257,101772
201406232059765,CEDBL,48,48,68,254,17272
201406232059750,CEDBL,48,48,400,254,101600
201406232059736,CEDBL,48,48,170,254,43180
201406232060271,CIT,5,5,65,4950,321750
201406232060229,CIT,19,13,31,5005,155155
201406232060225,CIT,19,19,24,5005,120120
201406232060219,CIT,19,49,21,5004,105084
201406232060198,CIT,49,49,37,5004,185148
201406232060179,CIT,49,25,34,5000,170000
201406232059739,CIT,43,11,50,4800,240000
201406232059553,CIT,43,43,55,4750,261250
201406232059549,CIT,37,11,54,4750,256500
201406232059536,CIT,44,11,21,4748,99708
201406232059971,CIT,25,25,18,4816,86688
201406232059920,CIT,25,25,18,4811,86598
201406232059902,CIT,25,25,18,4811,86598
201406232059867,CIT,25,25,18,4801,86418
201406232059859,CIT,58,4,200,4850,970000
201406232059858,CIT,58,11,10,4845,48450
201406232060177,CIT,49,25,14,5000,70000
201406232060176,CIT,49,25,15,5000,75000
201406232060174,CIT,49,25,15,5000,75000
201406232060090,CIT,13,4,100,4912,491200
201406232060084,CIT,16,11,20,4900,98000
201406232060081,CIT,16,25,18,4900,88200
201406232059979,CNDBL,21,52,210,133,27930
201406232059780,CNDBL,5,42,20,133,2660
201406232059778,EDBL,6,28,153,590,90270
201406232060213,GBBL,21,21,472,298,140656
201406232059659,GBBL,50,42,1000,294,294000
201406232059658,GBBL,50,42,1000,294,294000
201406232059657,GBBL,7,42,150,296,44400
201406232059656,GBBL,21,42,1000,296,296000
201406232059655,GBBL,13,42,500,297,148500
201406232059654,GBBL,7,42,200,298,59600
201406232059616,GBBL,35,50,684,300,205200
201406232060267,GBIME,34,1,57,595,33915
201406232060182,GBIME,42,35,22,596,13112
201406232060181,GBIME,36,11,57,595,33915
201406232060088,GBIME,36,22,37,595,22015
201406232060074,GBIME,7,35,22,596,13112
201406232060062,GBIME,36,1,300,595,178500
201406232059585,GBIME,42,43,37,600,22200
201406232059772,GBIME,42,28,57,598,34086
201406232059757,GBIME,25,25,1050,590,619500
201406232059734,GBIME,47,16,13,600,7800
201406232059728,GBIME,4,28,37,605,22385
201406232059626,GBIME,42,55,361,598,215878
201406232059619,GBIME,4,42,37,605,22385
201406232059993,GBIME,36,1,500,595,297500
201406232059918,GBIME,42,42,133,595,79135
201406232059899,GBIME,37,20,133,596,79268
201406232059839,GBIME,4,6,10,603,6030
201406232059828,GBIME,37,16,12,597,7164
201406232059808,GBIME,42,16,26,598,15548
201406232060014,HBDL,6,43,500,80,40000
201406232060095,JBBL,19,50,20,167,3340
201406232060032,JBBL,19,50,10,167,1670
201406232059988,JBBL,19,59,30,167,5010
201406232059949,JBBL,19,8,50,167,8350
201406232059891,JBBL,50,13,20,168,3360
201406232059794,JBBL,50,22,100,168,16800
201406232059792,JBBL,50,50,50,168,8400
201406232059787,JBBL,50,33,130,168,21840
201406232059783,JBBL,50,48,50,167,8350
201406232059970,JBNL,11,50,37,285,10545
201406232059963,JBNL,55,48,172,288,49536
201406232059958,JBNL,55,6,72,287,20664
201406232059953,JBNL,55,25,167,286,47762
201406232059588,JBNL,22,49,17,285,4845
201406232059852,KEBL,50,57,53,260,13780
201406232060190,KNBL,13,5,21,152,3192
201406232059814,KNBL,13,25,10,152,1520
201406232060189,KRBL,6,21,70,150,10500
201406232060188,KRBL,6,57,10,148,1480
201406232060187,KRBL,6,57,10,148,1480
201406232060186,KRBL,6,57,10,148,1480
201406232060185,KRBL,6,49,10,148,1480
201406232060184,KRBL,6,42,10,148,1480
201406232060183,KRBL,6,43,40,147,5880
201406232059865,LBL,13,21,100,535,53500
201406232060132,LFLC,52,37,50,199,9950
201406232060108,LFLC,52,37,98,198,19404
201406232060253,MEGA,13,35,32,415,13280
201406232060223,MEGA,33,21,1000,418,418000
201406232060220,MEGA,33,36,121,418,50578
201406232060209,MEGA,25,44,15,415,6225
201406232060146,MEGA,25,7,10,415,4150
201406232060029,MEGA,13,8,22,415,9130
201406232059559,MEGA,47,21,10,425,4250
201406232059558,MEGA,47,21,10,425,4250
201406232059557,MEGA,47,21,10,425,4250
201406232059540,MEGA,47,21,10,425,4250
201406232059735,MEGA,41,57,10,421,4210
201406232059731,MEGA,41,57,10,421,4210
201406232059636,MEGA,13,57,10,420,4200
201406232059635,MEGA,47,5,31,425,13175
201406232059603,MEGA,47,5,31,425,13175
201406232059562,MEGA,47,21,10,425,4250
201406232059830,MEGA,11,28,31,418,12958
201406232059817,MEGA,11,28,31,417,12927
201406232059804,MEGA,43,28,31,418,12958
201406232059799,MEGA,50,28,31,419,12989
201406232059793,MEGA,11,28,31,419,12989
201406232059774,MEGA,13,50,37,420,15540
201406232059992,MEGA,6,6,1037,417,432429
201406232059957,MEGA,43,41,22,416,9152
201406232059935,MEGA,41,39,16,421,6736
201406232059861,MEGA,57,28,31,416,12896
201406232059850,MEGA,13,28,31,417,12927
201406232059835,MEGA,6,28,31,417,12927
201406232060256,NABILP,55,57,200,1456,291200
201406232059729,NABILP,19,16,212,1470,311640
201406232060251,NBF1,6,56,1259,14,17840
201406232060012,NBF1,6,39,2287,14,32475
201406232060010,NBF1,41,39,2287,14,32475
201406232059910,NBF1,41,55,2997,14,42557
201406232059819,NBF1,41,55,2997,14,42497
201406232059712,NBF1,41,39,2757,14,39149
201406232059664,NBF1,41,39,2757,14,39149
201406232059663,NBF1,41,39,2757,14,39149
201406232059630,NBF1,41,39,2757,14,39149
201406232060248,NBL,57,6,820,360,295200
201406232060222,NBL,42,42,500,361,180500
201406232060221,NBL,42,42,500,361,180500
201406232060120,NBL,44,44,1168,360,420480
201406232060116,NBL,22,6,500,360,180000
201406232060104,NBL,11,6,500,360,180000
201406232059608,NBL,57,20,951,366,348066
201406232059594,NBL,47,55,1000,363,363000
201406232059577,NBL,42,42,3000,359,1077000
201406232059550,NBL,35,13,1000,366,366000
201406232059950,NBL,42,42,1100,361,397100
201406232059818,NBL,7,44,1000,364,364000
201406232059760,NBL,42,42,1700,360,612000
201406232059751,NBL,47,35,770,361,277970
201406232059662,NBL,34,28,977,361,352697
201406232059615,NBL,42,42,2000,359,718000
201406232060030,NBL,35,55,1000,360,360000
201406232060028,NBL,11,51,200,363,72600
201406232060002,NBL,50,50,200,365,73000
201406232059981,NBL,11,55,100,365,36500
201406232059962,NBL,8,52,95,365,34675
201406232059961,NBL,21,21,1100,362,398200
201406232060092,NBL,21,42,1000,359,359000
201406232060089,NBL,44,6,500,360,180000
201406232060086,NBL,33,8,350,362,126700
201406232060073,NBL,44,6,1000,360,360000
201406232060046,NBL,47,55,403,360,145080
201406232060037,NBL,47,55,500,361,180500
201406232059788,NICA,21,19,30,871,26130
201406232059785,NICA,21,28,60,865,51900
201406232059727,NICA,41,13,35,870,30450
201406232059678,NICA,6,13,94,869,81686
201406232059617,NICA,1,55,500,868,434000
201406232059609,NICA,41,28,25,870,21750
201406232060019,NLBBL,33,41,50,1100,55000
201406232060007,NLBBL,33,41,50,1100,55000
201406232059872,NLG,36,50,100,780,78000
201406232059871,NLG,36,36,77,780,60060
201406232059940,NLIC,56,42,25,3670,91750
201406232059917,NLIC,21,21,200,3650,730000
201406232059863,PDB,40,7,10,134,1340
201406232059677,PDB,40,13,10,136,1360
201406232060004,PIC,22,22,146,382,55772
201406232059999,PIC,6,22,10,375,3750
201406232059676,PIC,47,47,10,368,3680
201406232059650,PIC,43,47,10,361,3610
201406232059612,PLIC,49,34,54,930,50220
201406232059560,PLIC,36,52,70,920,64400
201406232059843,SBI,11,21,101,1255,126755
201406232059831,SBI,40,21,103,1256,129368
201406232059791,SBI,16,19,320,1255,401600
201406232060268,SBL,47,8,497,710,352870
201406232060122,SBL,53,1,100,710,71000
201406232059974,SBL,53,41,30,710,21300
201406232059966,SBL,49,5,260,705,183300
201406232059937,SBL,49,5,520,705,366600
201406232059932,SBL,50,5,177,708,125316
201406232059879,SBL,49,1,100,715,71500
201406232059597,SBL,53,41,87,715,62205
201406232060147,SEWA,39,50,154,301,46354
201406232060020,SEWA,43,59,30,300,9000
201406232060001,SEWA,43,59,30,303,9090
201406232059991,SEWA,43,44,15,309,4635
201406232059990,SEWA,43,44,15,308,4620
201406232059989,SEWA,43,44,15,307,4605
201406232059915,SEWA,16,13,21,302,6342
201406232059982,SEWA,43,57,52,305,15860
201406232059978,SEWA,43,42,26,305,7930
201406232059977,SEWA,43,44,15,305,4575
201406232059975,SEWA,43,42,15,305,4575
201406232059973,SEWA,43,57,77,304,23408
201406232059972,SEWA,43,13,11,302,3322
201406232060144,SHINE,47,6,29,397,11513
201406232060130,SHINE,47,55,101,396,39996
201406232060102,SHINE,47,21,84,395,33180
201406232060077,SHINE,47,42,318,392,124656
201406232059924,SHINE,35,6,252,395,99540
201406232059842,SHINE,35,28,1028,390,400920
201406232059611,SHINE,47,11,180,392,70560
201406232059605,SHINE,47,50,16,385,6160
201406232060249,SHPC,6,43,10,685,6850
201406232060137,SHPC,49,11,134,690,92460
201406232060136,SHPC,49,11,134,690,92460
201406232060135,SHPC,21,43,54,680,36720
201406232060100,SHPC,6,11,16,689,11024
201406232060096,SHPC,6,42,18,685,12330
201406232059807,SHPC,49,57,16,675,10800
201406232059800,SHPC,49,57,10,675,6750
201406232059770,SHPC,50,20,18,668,12024
201406232059745,SHPC,36,20,564,672,379008
201406232059621,SHPC,50,39,18,672,12096
201406232060066,SHPC,22,42,17,685,11645
201406232060063,SHPC,22,42,18,685,12330
201406232060026,SHPC,22,42,18,685,12330
201406232060018,SHPC,22,48,15,684,10260
201406232059811,SHPC,49,42,12,685,8220
201406232059771,SICL,41,1,42,840,35280
201406232060235,SIGS1,7,21,7000,15,102900
201406232059964,SIGS1,41,36,25000,15,369000
201406232060141,SKBBL,58,58,19,1198,22762
201406232060134,SKBBL,58,58,19,1198,22762
201406232060133,SKBBL,58,58,19,1198,22762
201406232060128,SKBBL,58,58,19,1198,22762
201406232060121,SKBBL,58,58,19,1198,22762
201406232060117,SKBBL,58,58,19,1198,22762
201406232059631,SKBBL,42,6,19,1232,23408
201406232059546,SKBBL,36,25,19,1232,23408
201406232059539,SKBBL,36,22,12,1230,14760
201406232059538,SKBBL,36,22,12,1230,14760
201406232060113,SKBBL,58,58,19,1198,22762
201406232060110,SKBBL,58,58,19,1198,22762
201406232060109,SKBBL,53,58,19,1210,22990
201406232059895,SKBBL,42,39,19,1222,23218
201406232059746,SKBBL,6,6,1150,1225,1408750
201406232059638,SKBBL,42,6,19,1232,23408
201406232060243,SLICL,55,1,174,555,96570
201406232059936,SLICL,42,50,30,557,16710
201406232059824,SLICL,55,8,90,557,50130
201406232059733,SLICL,47,1,42,560,23520
201406232059602,SLICL,55,50,30,560,16800
201406232059601,SLICL,55,50,30,560,16800
201406232060162,SRBL,44,50,113,422,47686
201406232059587,SUBBL,39,5,88,255,22440
201406232060202,SUPRME,58,49,536,141,75576
201406232060196,SUPRME,48,4,112,140,15680
201406232060191,SUPRME,36,4,50,141,7050
201406232060172,SUPRME,36,21,10,141,1410
201406232060168,SUPRME,36,21,10,141,1410
201406232060166,SUPRME,36,21,10,141,1410
201406232060142,SUPRME,8,49,670,140,93800
201406232060024,SUPRME,36,21,10,141,1410
201406232059954,SUPRME,36,8,30,141,4230
201406232060165,SUPRME,36,21,10,141,1410
201406232060163,SUPRME,36,21,10,141,1410
201406232060161,SUPRME,36,21,10,141,1410
201406232060160,SUPRME,36,5,30,141,4230
201406232060159,SUPRME,36,21,10,141,1410
201406232060150,SUPRME,36,4,290,141,40890
201406232060242,VBBL,10,21,20,133,2660
201406232059983,VBBL,10,52,70,131,9170
201406232060258,YETI,47,57,70,140,9800
201406232060255,YETI,47,25,20,139,2780
201406232060207,YETI,48,11,50,137,6850
201406232060206,YETI,48,11,50,137,6850
201406232060205,YETI,48,7,40,137,5480
201406232060195,YETI,25,33,770,136,104720
201406232060040,YETI,53,33,70,131,9170
201406232059995,YETI,47,57,35,133,4655
201406232059938,YETI,47,8,60,133,7980
201406232059782,YETI,47,57,11,135,1485
201406232059640,YETI,28,52,23,137,3151
201406232059607,YETI,57,57,40,138,5520
201406232060050,YETI,42,57,35,133,4655
201406232060049,YETI,42,57,35,133,4655
201406232060048,YETI,42,33,60,131,7860
201406232060045,YETI,42,57,35,133,4655
201406232060043,YETI,42,57,35,133,4655
201406232060041,YETI,53,33,60,131,7860
201406232060112,YETI,42,42,30,135,4050
201406232060107,YETI,42,44,50,135,6750
201406232060085,YETI,53,57,35,133,4655
201406232060082,YETI,53,57,35,133,4655
201406232060071,YETI,53,57,35,133,4655
201406232060051,YETI,42,57,35,133,4655
201406232060143,YETI,42,39,90,135,12150
201406232060139,YETI,42,39,90,135,12150
201406232060127,YETI,42,42,60,135,8100
201406232060123,YETI,42,42,20,135,2700
201406232060118,YETI,42,42,20,135,2700
201406232060115,YETI,42,42,20,135,2700
201406232059453,BBBL,36,50,180,314,56520
201406232059448,BBBL,36,50,180,314,56520
201406232059439,BBBL,53,50,180,308,55440
201406232059402,BRTBL,22,22,460,125,57500
201406232059519,CBL,11,42,72,290,20880
201406232059508,CBL,11,36,235,286,67210
201406232059496,CBL,11,42,133,287,38171
201406232059432,CBL,11,20,279,290,80910
201406232059401,CBL,36,36,31,294,9114
201406232059333,CBL,11,25,102,291,29682
201406232059349,CCBL,6,6,10,314,3140
201406232059348,CCBL,6,6,10,314,3140
201406232059346,CCBL,6,6,10,314,3140
201406232059345,CCBL,6,54,40,312,12480
201406232059517,CEDBL,10,10,20,255,5100
201406232059531,CIT,44,11,21,4748,99708
201406232059505,CIT,44,20,76,4700,357200
201406232059471,CIT,13,13,21,4655,97755
201406232059460,CIT,25,25,18,4656,83808
201406232059457,CIT,53,1,14,4660,65240
201406232059455,CIT,44,1,16,4651,74416
201406232059400,CIT,16,16,75,4655,349125
201406232059396,CIT,44,11,88,4650,409200
201406232059395,CIT,44,11,140,4650,651000
201406232059347,CIT,44,11,127,4640,589280
201406232059426,CIT,25,25,23,4653,107019
201406232059424,CIT,16,16,75,4652,348900
201406232059419,CIT,25,25,23,4651,106973
201406232059415,CIT,25,25,27,4651,125577
201406232059414,CIT,13,25,15,4655,69825
201406232059410,CIT,16,16,75,4655,349125
201406232059451,CIT,25,1,16,4652,74432
201406232059446,CIT,37,1,16,4652,74432
201406232059442,CIT,16,16,75,4652,348900
201406232059438,CIT,44,22,80,4745,379600
201406232059436,CIT,25,25,14,4652,65128
201406232059431,CIT,25,25,23,4652,106996
201406232059522,GBIME,4,42,15,595,8925
201406232059521,GBIME,36,42,15,595,8925
201406232059481,GBIME,22,22,132,593,78276
201406232059532,HBDL,1,13,341,80,27280
201406232059452,HBDL,57,53,1000,80,80000
201406232059527,JFL,39,13,150,370,55500
201406232059434,JFL,56,56,947,363,343761
201406232059433,JFL,56,56,1120,363,406560
201406232059469,KNBL,13,48,10,152,1520
201406232059365,LBL,51,51,27,544,14688
201406232059372,MBBL,50,50,20,164,3280
201406232059371,MBBL,50,50,20,164,3280
201406232059513,MEGA,13,48,201,424,85224
201406232059504,MEGA,43,43,28,424,11872
201406232059503,MEGA,43,43,32,424,13568
201406232059502,MEGA,43,43,32,424,13568
201406232059494,MEGA,5,5,32,423,13536
201406232059493,MEGA,50,50,37,420,15540
201406232059334,MEGA,52,52,32,425,13600
201406232059332,MEGA,52,52,32,425,13600
201406232059331,MEGA,52,52,32,425,13600
201406232059330,MEGA,52,52,128,425,54400
201406232059420,MEGA,21,20,32,420,13440
201406232059417,MEGA,43,20,32,420,13440
201406232059412,MEGA,43,21,10,420,4200
201406232059408,MEGA,43,21,10,420,4200
201406232059399,MEGA,11,50,37,421,15577
201406232059336,MEGA,52,52,32,425,13600
201406232059490,MEGA,43,43,32,424,13568
201406232059486,MEGA,43,43,201,423,85023
201406232059449,MEGA,35,35,5000,424,2120000
201406232059441,MEGA,35,33,256,420,107520
201406232059430,MEGA,21,21,10,420,4200
201406232059429,MEGA,21,21,10,420,4200
201406232059445,NBBL,51,51,11,574,6314
201406232059509,NBL,42,49,1000,362,362000
201406232059492,NBL,6,6,1000,360,360000
201406232059483,NBL,21,21,2692,355,955660
201406232059470,NBL,33,33,1903,358,681274
201406232059459,NBL,33,49,500,365,182500
201406232059454,NBL,8,21,283,365,103295
201406232059444,NBL,8,19,856,363,310728
201406232059440,NBL,8,33,200,364,72800
201406232059411,NICA,41,55,100,870,87000
201406232059397,NICA,36,36,200,880,176000
201406232059416,NLG,39,37,13,770,10010
201406232059328,NLG,22,22,25,772,19300
201406232059325,NLG,22,22,25,772,19300
201406232059321,NLG,22,22,25,772,19300
201406232059318,NLG,22,22,25,772,19300
201406232059315,NLG,22,22,25,772,19300
201406232059313,NLG,22,22,25,772,19300
201406232059311,NLG,22,22,25,772,19300
201406232059309,NLG,22,22,25,772,19300
201406232059306,NLG,22,22,25,772,19300
201406232059304,NLG,22,22,25,772,19300
201406232059501,PLIC,22,52,70,910,63700
201406232059437,PLIC,6,6,1000,925,925000
201406232059425,RMDC,11,47,370,815,301550
201406232059393,RMDC,52,52,33,819,27027
201406232059388,RMDC,52,52,33,819,27027
201406232059383,RMDC,52,52,33,819,27027
201406232059378,RMDC,52,52,33,819,27027
201406232059373,RMDC,52,52,33,819,27027
201406232059366,RMDC,52,52,33,819,27027
201406232059360,RMDC,52,52,33,819,27027
201406232059355,RMDC,52,52,33,819,27027
201406232059302,SBBLPO,4,4,1560,172,268320
201406232059468,SBI,40,22,98,1280,125440
201406232059461,SBI,40,22,93,1280,119040
201406232059394,SBI,10,44,500,1275,637500
201406232059530,SKBBL,36,21,12,1214,14568
201406232059512,SKBBL,42,21,12,1191,14292
201406232059435,SKBBL,52,52,19,1168,22192
201406232059421,SKBBL,52,52,19,1180,22420
201406232059413,SKBBL,52,52,19,1190,22610
201406232059518,SLICL,55,22,40,568,22720
201406232059514,SLICL,55,42,42,560,23520
201406232059428,SLICL,22,25,34,568,19312
201406232059398,SLICL,22,22,197,579,114063
201406232059500,SUPRME,47,42,60,142,8520
201406232059499,SUPRME,47,6,30,142,4260
201406232059498,SUPRME,47,22,40,142,5680
201406232059507,TBBL,47,16,86,285,24510
201406232059409,YETI,44,44,1990,139,276610
