contract,symbol,buyer,seller,qty,rate,amt
201412162393886,ADBL,14,13,81,492,39852
201412162393768,ADBL,21,41,73,485,35405
201412162393549,ADBL,42,29,30,488,14640
201412162393548,ADBL,42,29,30,488,14640
201412162393547,ADBL,42,29,40,488,19520
201412162393733,ADBL,42,21,71,486,34506
201412162393693,ADBL,42,11,100,486,48600
201412162393585,AHPC,17,7,1000,374,374000
201412162393577,AHPC,33,7,400,375,150000
201412162393570,AHPC,26,7,200,376,75200
201412162393555,AHPC,4,7,1000,374,374000
201412162393552,AHPC,33,7,1000,375,375000
201412162393809,AIC,1,37,1483,438,649554
201412162393808,AIC,1,6,500,437,218500
201412162393784,AIC,1,1,23,440,10120
201412162393610,AIC,11,17,38,448,17024
201412162393584,AIC,3,1,43,447,19221
201412162393853,ALDBL,43,25,20,255,5100
201412162393487,ALICL,45,4,84,1120,94080
201412162393448,ALICL,44,50,200,1120,224000
201412162393446,ALICL,14,7,15,1106,16590
201412162393837,APEX,46,7,30,119,3570
201412162393832,APEX,46,7,30,119,3570
201412162393827,APEX,46,7,30,119,3570
201412162393655,APEX,56,57,1000,120,120000
201412162393711,ARDBL,47,37,31,145,4495
201412162393696,ARDBL,22,37,20,144,2880
201412162393673,ARDBL,22,37,21,144,3024
201412162393644,ARDBL,22,37,21,144,3024
201412162393543,ARDBL,22,37,21,144,3024
201412162393526,ARDBL,22,37,31,144,4464
201412162393524,ARDBL,22,37,20,144,2880
201412162393523,ARDBL,22,37,20,144,2880
201412162393581,BLDBL,20,48,100,451,45100
201412162393580,BLDBL,19,48,100,452,45200
201412162393579,BLDBL,19,48,100,453,45300
201412162393567,BLDBL,20,48,400,451,180400
201412162393540,BLDBL,19,55,116,453,52548
201412162393685,BPCL,48,14,100,598,59800
201412162393678,BPCL,48,32,136,595,80920
201412162393677,BPCL,48,50,200,592,118400
201412162393676,BPCL,48,6,200,590,118000
201412162393625,BPCL,40,32,548,589,322772
201412162393599,BPCL,21,21,108,589,63612
201412162393589,BPCL,21,21,108,589,63612
201412162393471,BSBL,45,45,30,295,8850
201412162393463,BSBL,45,45,30,295,8850
201412162393806,CBL,14,48,1000,277,277000
201412162393774,CBL,4,35,26,280,7280
201412162393758,CBL,4,21,52,278,14456
201412162393541,CBL,57,57,27,278,7506
201412162393537,CBL,57,57,27,278,7506
201412162393513,CBL,54,57,27,276,7452
201412162393474,CBL,53,52,216,277,59832
201412162393647,CBL,57,25,28,278,7784
201412162393616,CBL,5,6,1000,276,276000
201412162393592,CBL,45,52,306,279,85374
201412162393545,CBL,57,57,27,278,7506
201412162393830,CCBL,48,6,732,278,203496
201412162393818,CCBL,48,6,523,278,145394
201412162393812,CCBL,48,51,37,277,10249
201412162393798,CCBL,48,51,61,277,16897
201412162393669,CCBL,45,52,1500,274,411000
201412162393662,CCBL,29,29,40,276,11040
201412162393512,CCBL,32,29,40,276,11040
201412162393511,CCBL,32,29,40,276,11040
201412162393507,CCBL,32,29,40,276,11040
201412162393493,CCBL,32,29,40,276,11040
201412162393490,CCBL,21,29,40,276,11040
201412162393569,CCBL,29,29,40,276,11040
201412162393566,CCBL,29,29,40,276,11040
201412162393551,CCBL,29,29,40,276,11040
201412162393534,CCBL,29,29,40,276,11040
201412162393522,CCBL,32,29,40,276,11040
201412162393516,CCBL,32,29,40,276,11040
201412162393613,CCBL,22,45,16,277,4432
201412162393611,CCBL,29,29,40,276,11040
201412162393607,CCBL,29,29,40,276,11040
201412162393604,CCBL,29,29,40,276,11040
201412162393576,CCBL,29,29,40,276,11040
201412162393574,CCBL,29,29,40,276,11040
201412162393630,CCBL,29,29,40,276,11040
201412162393626,CCBL,22,21,39,279,10881
201412162393624,CCBL,29,47,40,276,11040
201412162393623,CCBL,29,29,40,276,11040
201412162393619,CCBL,22,45,16,277,4432
201412162393617,CCBL,29,29,40,276,11040
201412162393658,CCBL,29,29,40,276,11040
201412162393657,CCBL,29,29,40,276,11040
201412162393656,CCBL,29,29,40,276,11040
201412162393654,CCBL,29,29,40,276,11040
201412162393645,CCBL,33,49,1500,276,414000
201412162393635,CCBL,22,47,36,276,9936
201412162393914,CDBL,14,21,100,385,38500
201412162393913,CDBL,1,21,140,387,54180
201412162393765,CDBL,7,1,31,390,12090
201412162393759,CDBL,7,1,31,390,12090
201412162393749,CDBL,7,55,15,386,5790
201412162393485,CDBL,29,1,31,390,12090
201412162393462,CDBL,6,55,338,388,131144
201412162393436,CDBL,1,16,225,388,87300
201412162393430,CDBL,28,16,100,388,38800
201412162393745,CDBL,1,55,15,387,5805
201412162393501,CFCL,52,25,200,154,30800
201412162393814,CHCL,42,45,146,1720,251120
201412162393777,CHCL,42,3,165,1720,283800
201412162393776,CHCL,6,14,500,1715,857500
201412162393772,CHCL,13,35,141,1719,242379
201412162393770,CHCL,6,22,99,1719,170181
201412162393766,CHCL,26,26,141,1718,242238
201412162393568,CHCL,52,16,73,1721,125633
201412162393528,CHCL,52,14,64,1725,110400
201412162393481,CHCL,14,21,109,1725,188025
201412162393442,CHCL,6,42,100,1719,171900
201412162393675,CHCL,45,39,37,1725,63825
201412162393652,CHCL,36,21,300,1719,515700
201412162393648,CHCL,19,33,70,1720,120400
201412162393641,CHCL,13,14,23,1726,39698
201412162393637,CHCL,6,41,88,1725,151800
201412162393614,CHCL,42,39,20,1735,34700
201412162393716,CHCL,45,56,20,1720,34400
201412162393702,CHCL,6,35,500,1718,859000
201412162393683,CHCL,43,56,150,1720,258000
201412162393682,CHCL,52,56,130,1720,223600
201412162393681,CHCL,19,56,40,1720,68800
201412162393680,CHCL,1,56,40,1720,68800
201412162393762,CHCL,22,13,1000,1715,1715000
201412162393760,CHCL,52,39,70,1725,120750
201412162393750,CHCL,52,56,30,1720,51600
201412162393732,CHCL,28,59,198,1720,340560
201412162393728,CHCL,28,35,112,1719,192528
201412162393727,CHCL,28,1,100,1719,171900
201412162393831,CIT,5,6,100,2955,295500
201412162393817,CIT,5,47,97,2950,286150
201412162393723,CIT,13,38,100,2950,295000
201412162393496,CIT,45,6,100,2950,295000
201412162393755,CNDBL,45,45,200,169,33800
201412162393746,CNDBL,47,45,200,170,34000
201412162393717,CNDBL,1,38,20,172,3440
201412162393586,CNDBL,45,50,2000,170,340000
201412162393441,CNDBL,1,14,20,172,3440
201412162393845,CZBIL,48,21,84,421,35364
201412162393638,DDBL,46,29,105,901,94605
201412162393908,EBL,6,6,100,1949,194900
201412162393902,EBL,13,6,150,1949,292350
201412162393804,EBL,48,38,200,1942,388400
201412162393775,EBL,48,8,495,1942,961290
201412162393704,EBL,48,33,100,1950,195000
201412162393433,EBL,32,16,50,1952,97600
201412162393443,EBL,6,10,100,1951,195100
201412162393572,EBL,48,17,264,1950,514800
201412162393521,EBL,26,33,100,1945,194500
201412162393508,EBL,6,33,200,1945,389000
201412162393492,EBL,32,33,200,1946,389200
201412162393484,EBL,10,10,100,1949,194900
201412162393475,EBL,14,10,100,1951,195100
201412162393695,EBL,13,17,231,1950,450450
201412162393688,EBL,48,10,100,1951,195100
201412162393671,EBL,48,10,100,1951,195100
201412162393664,EBL,48,56,200,1950,390000
201412162393620,EBL,34,25,36,1950,70200
201412162393612,EBL,5,59,32,1951,62432
201412162393881,EDBL,16,43,100,662,66200
201412162393583,EDBL,25,43,100,665,66500
201412162393596,EIC,10,49,270,949,256230
201412162393866,EKBL,13,54,10,186,1860
201412162393736,FMDBL,28,42,602,825,496650
201412162393810,GBBL,21,50,37,310,11470
201412162393690,GBBL,21,32,22,310,6820
201412162393634,GBBL,21,14,100,310,31000
201412162393912,GBIME,38,17,17,516,8772
201412162393906,GBIME,3,42,30,515,15450
201412162393895,GBIME,25,51,314,514,161396
201412162393857,GBIME,41,50,200,514,102800
201412162393839,GBIME,41,51,354,514,181956
201412162393835,GBIME,41,13,202,513,103626
201412162393825,GBIME,22,50,54,514,27756
201412162393726,GBIME,22,51,398,514,204572
201412162393515,GBIME,22,51,398,516,205368
201412162393489,GBIME,11,38,104,514,53456
201412162393479,GBIME,37,38,90,514,46260
201412162393435,GBIME,38,13,16,520,8320
201412162393527,GDBL,25,7,166,230,38180
201412162393729,GRAND,19,1,121,180,21780
201412162393721,GRAND,19,45,226,179,40454
201412162393672,GRAND,34,34,1000,180,180000
201412162393646,GRAND,56,55,13,179,2327
201412162393811,HAMA,25,7,50,120,6000
201412162393786,HAMA,25,7,50,120,6000
201412162393783,HAMA,25,7,50,120,6000
201412162393780,HAMA,55,7,50,120,6000
201412162393778,HAMA,55,7,50,120,6000
201412162393916,HBDL,16,13,200,102,20400
201412162393887,HBL,49,16,74,730,54020
201412162393899,HDL,26,13,10,464,4640
201412162393730,HDL,38,42,20,460,9200
201412162393700,HGI,17,25,498,500,249000
201412162393697,HGI,52,25,126,503,63378
201412162393472,IDBL,49,42,11,166,1826
201412162393742,JBNL,36,14,178,255,45390
201412162393748,KBBL,54,41,500,335,167500
201412162393571,KBBL,43,41,100,341,34100
201412162393514,KBBL,54,41,500,335,167500
201412162393509,KBBL,41,41,1000,337,337000
201412162393506,KBBL,43,41,200,338,67600
201412162393495,KBBL,22,41,100,340,34000
201412162393486,KBBL,22,41,200,340,68000
201412162393482,KBBL,54,41,1000,340,340000
201412162393917,KBL,22,49,1000,394,394000
201412162393903,KBL,25,7,1000,397,397000
201412162393787,KBL,10,45,100,395,39500
201412162393740,KBL,6,21,45,396,17820
201412162393582,KBL,10,35,100,395,39500
201412162393575,KBL,10,45,300,395,118500
201412162393557,KBL,10,35,500,396,198000
201412162393473,KBL,42,42,150,401,60150
201412162393470,KBL,42,42,150,401,60150
201412162393824,KCDBL,29,29,17,185,3145
201412162393819,KCDBL,29,29,17,185,3145
201412162393816,KCDBL,29,29,17,185,3145
201412162393805,KCDBL,29,29,17,185,3145
201412162393803,KCDBL,29,29,17,185,3145
201412162393802,KCDBL,29,29,17,185,3145
201412162393429,KCDBL,26,26,18,188,3384
201412162393425,KCDBL,26,26,18,188,3384
201412162393794,KCDBL,29,29,17,185,3145
201412162393793,KCDBL,29,29,17,185,3145
201412162393792,KCDBL,29,29,17,185,3145
201412162393791,KCDBL,29,29,17,185,3145
201412162393790,KCDBL,29,29,17,184,3128
201412162393499,KCDBL,49,21,17,187,3179
201412162393801,KCDBL,29,29,17,185,3145
201412162393800,KCDBL,29,29,17,185,3145
201412162393799,KCDBL,29,29,17,185,3145
201412162393797,KCDBL,29,29,17,185,3145
201412162393796,KCDBL,29,29,17,185,3145
201412162393795,KCDBL,29,29,17,185,3145
201412162393466,KDBL,55,48,638,117,74646
201412162393847,KEBL,14,55,573,391,224043
201412162393734,KEBL,14,55,34,398,13532
201412162393731,KEBL,14,22,77,397,30569
201412162393712,KEBL,14,22,41,391,16031
201412162393707,KEBL,14,49,328,390,127920
201412162393519,KEBL,14,49,181,384,69504
201412162393542,KFL,28,1,60,130,7800
201412162393500,KFL,28,7,84,132,11088
201412162393875,KMCDB,16,47,120,600,72000
201412162393606,KMCDB,26,42,122,600,73200
201412162393597,KMCDB,26,42,10,600,6000
201412162393590,KMCDB,26,42,10,600,6000
201412162393918,LBL,36,56,592,503,297776
201412162393838,LBL,36,7,394,501,197394
201412162393502,LBL,17,7,174,505,87870
201412162393820,LGIL,38,46,155,419,64945
201412162393761,LGIL,38,13,44,427,18788
201412162393605,LICN,50,6,100,3180,318000
201412162393907,LLBS,3,21,10,598,5980
201412162393846,LLBS,17,21,10,597,5970
201412162393841,LLBS,17,21,10,597,5970
201412162393725,LLBS,38,38,10,599,5990
201412162393594,LLBS,3,14,10,594,5940
201412162393833,LUBL,13,36,266,338,89908
201412162393782,LUBL,38,33,1000,337,337000
201412162393428,MBBL,32,21,20,147,2940
201412162393427,MBBL,32,21,20,147,2940
201412162393426,MBBL,32,21,20,147,2940
201412162393423,MBBL,32,25,71,146,10366
201412162393922,MBL,58,25,465,542,252030
201412162393920,MBL,34,25,507,542,274794
201412162393882,MBL,48,34,200,543,108600
201412162393781,MBL,59,49,200,545,109000
201412162393665,MBL,6,25,989,546,539994
201412162393650,MBL,14,25,1000,546,546000
201412162393598,MBL,16,1,100,548,54800
201412162393544,MBL,34,49,1100,544,598400
201412162393498,MDB,21,21,57,434,24738
201412162393491,MDB,21,21,57,434,24738
201412162393910,MEGA,49,14,798,408,325584
201412162393892,MEGA,43,50,32,410,13120
201412162393871,MEGA,16,46,31,407,12617
201412162393789,MEGA,16,21,200,409,81800
201412162393660,MEGA,17,42,32,408,13056
201412162393653,MEGA,19,42,48,407,19536
201412162393437,MEGA,19,59,31,407,12617
201412162393469,MEGA,6,26,899,404,363196
201412162393465,MEGA,16,26,13,407,5291
201412162393464,MEGA,16,26,28,407,11396
201412162393461,MEGA,16,26,32,407,13024
201412162393458,MEGA,51,26,10,408,4080
201412162393456,MEGA,36,26,160,407,65120
201412162393640,MEGA,36,42,183,407,74481
201412162393578,MEGA,45,14,64,409,26176
201412162393536,MEGA,58,52,955,409,390595
201412162393503,MEGA,17,26,30,408,12240
201412162393497,MEGA,49,26,123,408,50184
201412162393494,MEGA,40,11,364,409,148876
201412162393735,MSBBL,13,41,368,155,57040
201412162393911,NABIL,6,38,99,1926,190674
201412162393880,NABIL,6,38,490,1927,944230
201412162393879,NABIL,56,38,50,1930,96500
201412162393878,NABIL,58,38,50,1931,96550
201412162393874,NABIL,13,38,13,1936,25168
201412162393822,NABIL,13,6,48,1935,92880
201412162393754,NABIL,21,38,20,1945,38900
201412162393679,NABIL,6,34,200,1937,387400
201412162393639,NABIL,6,3,20,1945,38900
201412162393556,NABIL,6,13,234,1938,453492
201412162393424,NABIL,19,53,50,1945,97250
201412162393440,NABILP,34,58,200,1298,259600
201412162393439,NABILP,34,4,100,1298,129800
201412162393889,NBB,36,57,300,458,137400
201412162393877,NBB,16,25,40,465,18600
201412162393876,NBB,36,25,100,460,46000
201412162393870,NBB,26,25,100,460,46000
201412162393767,NBB,49,47,94,461,43334
201412162393601,NBB,17,56,50,464,23200
201412162393550,NBB,16,33,500,464,232000
201412162393844,NBB,17,25,50,464,23200
201412162393821,NBB,32,25,500,463,231500
201412162393813,NBB,26,25,150,459,68850
201412162393788,NBB,26,6,400,460,184000
201412162393779,NBB,22,25,500,460,230000
201412162393909,NBBL,49,51,110,1620,178200
201412162393518,NBBL,32,21,11,1625,17875
201412162393517,NBBL,32,21,11,1625,17875
201412162393488,NBBL,5,51,110,1624,178640
201412162393894,NBL,21,6,500,361,180500
201412162393888,NBL,43,51,1000,360,360000
201412162393848,NBL,26,33,1000,360,360000
201412162393828,NBL,32,6,1000,363,363000
201412162393744,NBL,6,6,500,362,181000
201412162393738,NBL,58,6,500,362,181000
201412162393622,NBL,50,6,500,363,181500
201412162393603,NBL,6,14,294,363,106722
201412162393573,NBL,6,58,1000,360,360000
201412162393450,NBL,13,6,1000,362,362000
201412162393863,NCCB,14,48,420,561,235620
201412162393840,NCCB,7,10,105,564,59220
201412162393602,NCM,29,21,157,216,33912
201412162393694,NGBL,8,8,11,275,3025
201412162393829,NHPC,16,25,1000,126,126000
201412162393737,NHPC,16,10,3000,125,375000
201412162393705,NHPC,54,25,1000,125,125000
201412162393651,NHPC,54,32,1000,125,125000
201412162393587,NHPC,21,25,1000,125,125000
201412162393438,NHPC,52,10,500,125,62500
201412162393432,NHPC,44,10,1000,125,125000
201412162393659,NIB,28,48,96,720,69120
201412162393628,NIB,6,32,158,716,113128
201412162393621,NIB,6,32,200,716,143200
201412162393520,NIB,36,35,529,718,379822
201412162393505,NIB,4,33,144,718,103392
201412162393457,NIB,4,33,79,719,56801
201412162393449,NIB,44,35,1528,714,1090992
201412162393643,NICA,1,1,155,694,107570
201412162393600,NICA,38,17,500,690,345000
201412162393898,NICL,8,55,100,393,39300
201412162393860,NICL,41,8,200,394,78800
201412162393686,NICL,32,55,700,395,276500
201412162393668,NICL,7,55,200,395,79000
201412162393807,NLG,32,21,188,762,143256
201412162393649,NLICL,41,14,132,2164,285648
201412162393642,NLICL,54,14,194,2165,420010
201412162393533,NLICL,44,49,150,2165,324750
201412162393532,NLICL,44,49,100,2165,216500
201412162393531,NLICL,44,49,100,2165,216500
201412162393530,NLICL,6,49,90,2166,194940
201412162393529,NLICL,37,49,30,2170,65100
201412162393915,NTC,3,13,100,615,61500
201412162393893,NTC,28,3,700,610,427000
201412162393858,NTC,28,35,500,610,305000
201412162393904,OHL,42,44,40,630,25200
201412162393905,PCBL,5,45,1000,536,536000
201412162393890,PCBL,5,37,162,535,86670
201412162393867,PCBL,5,37,100,536,53600
201412162393861,PCBL,5,56,100,536,53600
201412162393842,PCBL,29,39,100,535,53500
201412162393773,PCBL,16,57,193,535,103255
201412162393454,PCBL,8,56,50,530,26500
201412162393769,PCBL,14,50,200,532,106400
201412162393764,PCBL,1,8,159,533,84747
201412162393691,PCBL,16,32,200,533,106600
201412162393689,PCBL,14,39,197,532,104804
201412162393546,PCBL,49,32,190,530,100700
201412162393455,PCBL,42,56,100,530,53000
201412162393718,PLIC,10,48,200,961,192200
201412162393854,REDBL,56,21,74,190,14060
201412162393480,REDBL,5,7,17,193,3281
201412162393477,REDBL,56,7,17,190,3230
201412162393851,RHPC,22,6,94,501,47094
201412162393453,RHPC,50,41,79,510,40290
201412162393445,RHPC,41,32,200,502,100400
201412162393869,RMDC,52,16,33,726,23958
201412162393855,RMDC,11,16,33,727,23991
201412162393891,SANIMA,38,45,93,532,49476
201412162393753,SANIMA,10,47,60,528,31680
201412162393752,SANIMA,38,47,500,528,264000
201412162393751,SANIMA,49,47,220,529,116380
201412162393715,SANIMA,41,47,300,530,159000
201412162393714,SANIMA,41,47,30,530,15900
201412162393467,SANIMA,36,36,500,530,265000
201412162393447,SANIMA,34,49,315,534,168210
201412162393713,SANIMA,14,47,20,535,10700
201412162393670,SANIMA,41,13,200,530,106000
201412162393667,SANIMA,48,13,100,530,53000
201412162393663,SANIMA,46,13,100,531,53100
201412162393661,SANIMA,59,13,100,533,53300
201412162393636,SANIMA,41,59,265,530,140450
201412162393593,SBBLJ,48,59,150,521,78150
201412162393591,SBBLJ,29,59,500,521,260500
201412162393538,SBBLJ,14,4,107,531,56817
201412162393885,SBI,22,44,200,1024,204800
201412162393884,SBI,22,44,200,1024,204800
201412162393873,SBL,22,53,500,649,324500
201412162393872,SBL,45,59,72,650,46800
201412162393868,SBL,45,42,613,650,398450
201412162393864,SBL,45,53,224,649,145376
201412162393698,SBL,39,53,180,649,116820
201412162393629,SBL,58,50,300,649,194700
201412162393627,SBL,39,7,500,646,323000
201412162393588,SBL,42,55,98,650,63700
201412162393553,SBL,59,14,50,655,32750
201412162393510,SBL,42,11,100,655,65500
201412162393883,SCB,3,32,17,1990,33830
201412162393562,SCB,22,3,500,1955,977500
201412162393561,SCB,28,3,50,1955,97750
201412162393560,SCB,32,3,20,1960,39200
201412162393559,SCB,32,3,200,1961,392200
201412162393558,SCB,38,3,150,1965,294750
201412162393747,SCB,3,45,41,1955,80155
201412162393743,SCB,3,45,57,1950,111150
201412162393564,SCB,25,3,400,1951,780400
201412162393563,SCB,17,3,500,1953,976500
201412162393896,SETI,52,22,100,165,16500
201412162393836,SFL,29,16,24,144,3456
201412162393901,SHINE,19,53,500,330,165000
201412162393460,SHINE,57,41,200,328,65600
201412162393459,SHINE,57,37,60,327,19620
201412162393452,SHINE,57,29,76,326,24776
201412162393785,SHL,5,43,200,485,97000
201412162393771,SHL,5,49,200,485,97000
201412162393722,SHL,11,49,100,485,48500
201412162393719,SHL,11,49,100,485,48500
201412162393709,SHL,5,43,200,485,97000
201412162393687,SHL,5,49,200,481,96200
201412162393900,SHPC,41,53,30,699,20970
201412162393865,SHPC,28,59,389,698,271522
201412162393862,SHPC,13,44,13,700,9100
201412162393823,SHPC,36,21,297,698,207306
201412162393757,SHPC,28,22,285,699,199215
201412162393741,SHPC,41,22,90,699,62910
201412162393476,SHPC,26,26,500,699,349500
201412162393468,SHPC,6,6,304,698,212192
201412162393431,SHPC,55,55,18,700,12600
201412162393706,SHPC,13,53,18,700,12600
201412162393703,SHPC,13,29,18,700,12600
201412162393699,SHPC,13,29,18,700,12600
201412162393684,SHPC,6,29,18,700,12600
201412162393565,SHPC,55,55,198,700,138600
201412162393478,SHPC,57,26,500,699,349500
201412162393708,SIC,33,21,193,1170,225810
201412162393701,SICL,33,6,298,774,230652
201412162393504,SICL,51,6,181,766,138646
201412162393849,SIGS1,11,40,50000,15,732500
201412162393483,SIGS1,37,42,2000,15,29820
201412162393897,SIL,45,50,20,759,15180
201412162393852,SKBBL,41,14,19,1249,23731
201412162393692,SKBBL,41,17,19,1230,23370
201412162393451,SLICL,22,50,500,640,320000
201412162393921,SMFDB,21,45,20,1209,24180
201412162393919,SMFDB,11,45,10,1209,12090
201412162393859,SMFDB,11,36,40,1209,48360
201412162393826,SMFDB,38,45,10,1230,12300
201412162393539,SMFDB,38,21,10,1233,12330
201412162393815,SMFDB,7,47,56,1224,68544
201412162393763,SMFDB,7,21,40,1223,48920
201412162393850,SRBL,13,21,500,393,196500
201412162393674,SRBL,36,45,43,393,16899
201412162393633,SRBL,6,8,500,395,197500
201412162393632,SRBL,13,8,670,396,265320
201412162393595,SRBL,48,8,500,398,199000
201412162393554,SRBL,58,33,33,398,13134
201412162393535,SRBL,58,33,33,399,13167
201412162393434,SRBL,58,1,39,400,15600
201412162393756,SUBBL,17,17,55,300,16500
201412162393856,SUPRME,6,36,896,143,128128
201412162393843,SUPRME,58,26,112,143,16016
201412162393609,SUPRME,37,40,20,145,2900
201412162393525,SUPRME,48,29,380,144,54720
201412162393666,SWBBL,13,41,70,1805,126350
201412162393608,SWBBL,49,45,648,1770,1146960
201412162393631,WDBL,16,13,54,212,11448
201412162393618,WDBL,16,43,23,208,4784
201412162393615,WDBL,48,43,34,207,7038
201412162393834,YETI,13,49,2960,126,372960
201412162393739,YETI,13,37,20,126,2520
201412162393724,YETI,13,37,20,126,2520
201412162393720,YETI,3,37,20,126,2520
201412162393134,ADBL,53,29,482,490,236180
201412162393307,ADBL,49,32,147,487,71589
201412162393394,AHPC,33,8,500,375,187500
201412162393296,AHPC,52,26,100,378,37800
201412162393231,AHPC,33,35,500,375,187500
201412162393224,AHPC,32,35,500,376,188000
201412162393209,AHPC,32,35,183,378,69174
201412162393135,AHPC,29,35,500,377,188500
201412162393016,AHPC,11,52,300,381,114300
201412162393012,AHPC,11,22,84,381,32004
201412162393413,AIC,47,8,35,444,15540
201412162393370,ALDBL,17,17,10,250,2500
201412162393362,ALDBL,17,5,20,250,5000
201412162393275,ALDBL,17,39,10,252,2520
201412162393269,ALDBL,17,39,10,252,2520
201412162393265,ALDBL,17,39,30,252,7560
201412162393262,ALDBL,17,39,30,252,7560
201412162393256,ALDBL,17,39,30,252,7560
201412162393251,ALDBL,17,39,30,252,7560
201412162393247,ALDBL,17,39,30,252,7560
201412162393244,ALDBL,17,39,30,252,7560
201412162393197,ALICL,44,21,205,1120,229600
201412162393136,ALICL,49,49,100,1120,112000
201412162393126,ALICL,49,49,200,1120,224000
201412162393035,ALICL,54,14,100,1120,112000
201412162393034,ALICL,53,14,30,1120,33600
201412162393002,ALICL,53,36,20,1120,22400
201412162392995,ALICL,54,21,15,1125,16875
201412162392982,ALICL,54,21,15,1125,16875
201412162393365,APEX,46,55,40,119,4760
201412162393360,APEX,46,55,40,119,4760
201412162393354,APEX,46,55,40,119,4760
201412162393045,APEX,56,57,30,118,3540
201412162393033,APEX,5,57,30,119,3570
201412162392944,APEX,5,38,20,119,2380
201412162393050,APEX,56,57,30,118,3540
201412162393348,APEX,46,55,40,119,4760
201412162393390,ARDBL,26,26,70,144,10080
201412162393383,ARDBL,26,26,50,144,7200
201412162393371,ARDBL,26,26,70,144,10080
201412162393302,ARDBL,22,37,31,145,4495
201412162393287,ARDBL,14,16,175,147,25725
201412162393024,ARDBL,26,26,126,147,18522
201412162392941,ARDBL,16,16,42,150,6300
201412162392934,ARDBL,16,16,42,150,6300
201412162392933,ARDBL,16,16,42,150,6300
201412162392932,ARDBL,16,16,42,150,6300
201412162393353,BLDBL,19,29,167,451,75317
201412162393276,BLDBL,19,32,114,452,51528
201412162393218,BLDBL,41,51,89,455,40495
201412162393206,BLDBL,19,32,137,453,62061
201412162393338,BPCL,44,32,500,587,293500
201412162393293,BPCL,19,52,500,585,292500
201412162393286,BPCL,3,50,33,590,19470
201412162393240,BPCL,3,51,40,590,23600
201412162393398,BSBL,17,17,45,295,13275
201412162393391,BSBL,17,17,45,295,13275
201412162393204,BSBL,42,55,23,295,6785
201412162393203,BSBL,42,55,23,295,6785
201412162393159,BSBL,42,55,75,295,22125
201412162393356,CBL,48,57,27,275,7425
201412162393351,CBL,53,57,41,274,11234
201412162393344,CBL,45,37,414,277,114678
201412162393331,CBL,54,55,27,275,7425
201412162393327,CBL,39,55,55,276,15180
201412162393027,CBL,57,48,842,277,233234
201412162393018,CBL,21,48,82,278,22796
201412162392994,CBL,54,45,352,279,98208
201412162392971,CBL,4,21,521,279,145359
201412162392966,CBL,54,57,393,281,110433
201412162392954,CBL,57,49,551,279,153729
201412162393323,CBL,29,55,66,276,18216
201412162393322,CBL,22,55,61,277,16897
201412162393186,CBL,1,39,53,278,14734
201412162393110,CBL,6,6,315,278,87570
201412162393102,CBL,6,55,87,278,24186
201412162393057,CBL,6,40,102,277,28254
201412162393388,CCBL,21,45,17,277,4709
201412162393385,CCBL,54,45,137,277,37949
201412162393339,CCBL,29,45,214,279,59706
201412162393299,CCBL,22,50,42,277,11634
201412162393258,CCBL,16,36,1268,277,351236
201412162393233,CCBL,21,21,90,276,24840
201412162392970,CCBL,32,38,200,280,56000
201412162392939,CCBL,21,39,170,280,47600
201412162392938,CCBL,32,49,306,280,85680
201412162392935,CCBL,49,49,101,280,28280
201412162393079,CCBL,17,17,40,280,11200
201412162393076,CCBL,32,57,24,279,6696
201412162393062,CCBL,17,17,40,280,11200
201412162393060,CCBL,17,17,40,280,11200
201412162393058,CCBL,17,17,40,280,11200
201412162393029,CCBL,49,49,31,280,8680
201412162393137,CCBL,21,26,40,277,11080
201412162393133,CCBL,21,26,40,277,11080
201412162393129,CCBL,33,38,313,278,87014
201412162393127,CCBL,21,26,40,277,11080
201412162393094,CCBL,17,17,40,280,11200
201412162393176,CCBL,32,40,240,276,66240
201412162393174,CCBL,22,36,304,277,84208
201412162393144,CCBL,22,26,40,277,11080
201412162393140,CCBL,22,26,40,277,11080
201412162393138,CCBL,33,26,40,278,11120
201412162393118,CDBL,1,39,77,385,29645
201412162393056,CDBL,1,36,61,384,23424
201412162393402,CHCL,28,33,200,1715,343000
201412162393387,CHCL,6,8,136,1715,233240
201412162393300,CHCL,1,59,121,1720,208120
201412162393193,CHCL,13,59,26,1721,44746
201412162393131,CHCL,11,32,100,1724,172400
201412162393124,CHCL,59,59,153,1715,262395
201412162393090,CHCL,5,50,200,1715,343000
201412162393032,CHCL,17,42,24,1730,41520
201412162392988,CHCL,42,26,100,1726,172600
201412162392952,CHCL,26,52,140,1727,241780
201412162393278,CIT,19,49,50,2950,147500
201412162393359,CNDBL,1,17,20,172,3440
201412162393342,CNDBL,1,55,30,172,5160
201412162393337,CNDBL,1,55,30,172,5160
201412162393335,CNDBL,45,55,30,172,5160
201412162393160,CNDBL,1,29,70,172,12040
201412162393401,EBL,26,8,100,1946,194600
201412162393325,EBL,54,45,86,1950,167700
201412162393301,EBL,10,10,200,1949,389800
201412162393285,EBL,16,16,111,1950,216450
201412162393236,EBL,6,10,200,1950,390000
201412162393211,EBL,6,10,200,1949,389800
201412162392979,EBL,5,56,160,1962,313920
201412162392978,EBL,17,56,20,1970,39400
201412162393210,EBL,42,59,200,1942,388400
201412162393054,EBL,28,28,500,1940,970000
201412162393003,EBL,58,26,200,1955,391000
201412162392983,EBL,45,56,50,1960,98000
201412162392989,EDBL,44,39,450,675,303750
201412162392953,EDBL,41,11,20,678,13560
201412162393071,EKBL,1,59,10,186,1860
201412162393069,EKBL,1,59,10,186,1860
201412162393065,EKBL,1,59,10,186,1860
201412162393043,EKBL,1,59,10,186,1860
201412162393038,EKBL,1,59,10,186,1860
201412162393030,EKBL,1,59,10,186,1860
201412162392990,EKBL,19,59,10,185,1850
201412162392986,EKBL,19,59,10,185,1850
201412162392984,EKBL,19,59,10,185,1850
201412162392980,EKBL,19,59,10,185,1850
201412162393028,EKBL,13,59,10,186,1860
201412162393023,EKBL,13,59,10,186,1860
201412162393017,EKBL,13,59,10,186,1860
201412162393011,EKBL,13,59,10,186,1860
201412162393000,EKBL,13,26,10,188,1880
201412162392999,EKBL,19,59,10,185,1850
201412162393400,GBIME,7,49,332,515,170980
201412162393375,GBIME,56,56,4000,515,2060000
201412162393116,GBIME,11,45,36,515,18540
201412162393112,GBIME,3,45,36,515,18540
201412162392950,GBIME,3,29,36,517,18612
201412162392947,GBIME,3,29,57,517,29469
201412162392937,GBIME,3,29,36,517,18612
201412162392928,GBIME,43,42,200,514,102800
201412162392927,GBIME,26,42,300,515,154500
201412162393096,GLICL,41,58,14,555,7770
201412162393272,HBL,41,40,100,740,74000
201412162392949,HDL,38,37,20,456,9120
201412162392997,HGI,37,4,34,505,17170
201412162393274,ICFC,45,28,28,240,6720
201412162393372,IDBL,8,8,11,167,1837
201412162393369,IDBL,8,8,11,167,1837
201412162393367,IDBL,8,8,11,167,1837
201412162393366,IDBL,8,8,11,167,1837
201412162393291,JBBL,38,58,10,161,1610
201412162393421,JBNL,46,8,100,258,25800
201412162393411,JBNL,36,33,220,255,56100
201412162393223,JBNL,50,14,103,258,26574
201412162393064,KBBL,43,41,100,346,34600
201412162393346,KBL,4,57,200,398,79600
201412162393333,KCDBL,6,6,10,190,1900
201412162393214,KCDBL,16,39,32,190,6080
201412162393213,KCDBL,16,39,32,190,6080
201412162393212,KCDBL,16,39,32,190,6080
201412162393199,KCDBL,16,39,32,190,6080
201412162393185,KCDBL,16,43,11,192,2112
201412162393088,KCDBL,6,6,10,190,1900
201412162393077,KCDBL,25,43,11,189,2079
201412162392962,KCDBL,49,42,15,190,2850
201412162392961,KCDBL,49,43,11,190,2090
201412162392959,KCDBL,49,42,17,190,3230
201412162392958,KCDBL,49,43,11,190,2090
201412162393184,KCDBL,16,43,11,191,2101
201412162393183,KCDBL,16,43,11,191,2101
201412162393165,KCDBL,16,43,45,190,8550
201412162393164,KCDBL,16,43,11,190,2090
201412162393113,KCDBL,25,43,94,189,17766
201412162393091,KCDBL,49,43,11,190,2090
201412162393364,KDBL,17,48,123,117,14391
201412162393196,KDBL,46,28,77,119,9163
201412162392960,KDBL,17,40,85,119,10115
201412162392957,KDBL,17,39,164,118,19352
201412162393239,KEBL,14,43,51,391,19941
201412162392987,KEBL,17,57,17,384,6528
201412162393384,KMCDB,26,55,10,600,6000
201412162393380,KMCDB,26,55,10,600,6000
201412162393373,KMCDB,26,55,10,600,6000
201412162393048,KMCDB,26,47,193,601,115993
201412162393001,KMCDB,26,47,300,600,180000
201412162392945,KMCDB,45,45,250,601,150250
201412162393128,KMCDB,29,47,117,605,70785
201412162393101,KMCDB,26,47,192,601,115392
201412162393061,KMCDB,21,47,220,600,132000
201412162393053,KMCDB,45,47,50,601,30050
201412162393308,KMCDB,26,47,320,600,192000
201412162393192,KMCDB,21,47,80,600,48000
201412162393191,KMCDB,26,47,40,600,24000
201412162393158,KMCDB,26,1,114,600,68400
201412162393288,KRBL,38,1,10,159,1590
201412162393086,LBL,36,38,210,506,106260
201412162393097,LICN,47,4,21,3210,67410
201412162393189,LLBS,3,33,10,600,6000
201412162393169,LLBS,3,39,10,600,6000
201412162393168,LLBS,3,33,10,600,6000
201412162393153,LLBS,3,33,10,600,6000
201412162393146,LLBS,3,39,10,600,6000
201412162393040,LLBS,3,33,41,607,24887
201412162393039,LLBS,3,21,10,607,6070
201412162393326,LUBL,36,40,74,343,25382
201412162393319,LUBL,36,50,215,341,73315
201412162393273,LUBL,17,40,103,341,35123
201412162393145,LUBL,11,21,200,342,68400
201412162393143,LUBL,11,40,134,341,45694
201412162392929,LUBL,38,40,103,342,35226
201412162393329,MBL,14,49,500,546,273000
201412162393328,MBL,14,49,510,545,277950
201412162393098,MBL,14,38,500,546,273000
201412162393093,MBL,14,53,464,546,253344
201412162393092,MBL,14,49,500,545,272500
201412162393080,MBL,28,49,250,543,135750
201412162393022,MBL,6,6,573,537,307701
201412162393396,MDB,26,34,12,433,5196
201412162393358,MDB,26,45,444,425,188700
201412162393305,MDB,16,45,500,427,213500
201412162393304,MDB,6,45,100,431,43100
201412162393268,MDB,16,45,208,436,90688
201412162393151,MDB,26,45,216,435,93960
201412162393013,MDB,45,45,14,446,6244
201412162392974,MDB,14,45,200,455,91000
201412162392956,MDB,16,45,468,447,209196
201412162392951,MDB,25,45,200,448,89600
201412162393122,MDB,16,45,81,435,35235
201412162393121,MDB,16,45,240,434,104160
201412162393074,MDB,40,45,190,431,81890
201412162393063,MDB,16,45,481,431,207311
201412162393020,MDB,25,45,198,439,86922
201412162393014,MDB,16,45,1000,439,439000
201412162393341,MEGA,49,57,19,407,7733
201412162393340,MEGA,16,57,22,407,8954
201412162393320,MEGA,19,57,19,409,7771
201412162393306,MEGA,16,57,19,408,7752
201412162393298,MEGA,19,57,22,409,8998
201412162393259,MEGA,50,32,96,410,39360
201412162393107,MEGA,19,37,15,409,6135
201412162393073,MEGA,29,55,32,409,13088
201412162393070,MEGA,29,55,32,409,13088
201412162393066,MEGA,16,55,32,410,13120
201412162393036,MEGA,49,25,361,410,148010
201412162392985,MEGA,49,40,297,410,121770
201412162393156,MEGA,19,39,23,409,9407
201412162393155,MEGA,45,41,32,408,13056
201412162393150,MEGA,19,39,23,409,9407
201412162393139,MEGA,19,39,23,409,9407
201412162393132,MEGA,29,39,23,409,9407
201412162393114,MEGA,29,37,15,409,6135
201412162393241,MEGA,50,21,29,410,11890
201412162393238,MEGA,50,52,23,410,9430
201412162393235,MEGA,45,55,32,408,13056
201412162393230,MEGA,19,37,19,409,7771
201412162393172,MEGA,19,39,23,409,9407
201412162393163,MEGA,19,39,23,409,9407
201412162393084,MFIL,57,6,56,150,8400
201412162393310,MLBBL,39,39,10,714,7140
201412162393292,MPFL,57,57,40,116,4640
201412162393290,MPFL,57,57,40,116,4640
201412162393289,MPFL,57,57,40,116,4640
201412162393284,MPFL,57,57,40,116,4640
201412162393283,MPFL,57,57,40,116,4640
201412162393282,MPFL,57,57,40,116,4640
201412162393248,MPFL,57,57,40,116,4640
201412162393226,MPFL,57,57,40,116,4640
201412162393225,MPFL,57,57,40,116,4640
201412162393222,MPFL,57,57,40,116,4640
201412162393221,MPFL,57,57,40,116,4640
201412162393263,MPFL,57,57,40,116,4640
201412162393261,MPFL,57,57,40,116,4640
201412162393260,MPFL,57,57,40,116,4640
201412162393254,MPFL,57,57,40,116,4640
201412162393253,MPFL,57,57,40,116,4640
201412162393249,MPFL,57,57,40,116,4640
201412162393281,MPFL,57,57,40,116,4640
201412162393280,MPFL,57,57,40,116,4640
201412162393279,MPFL,57,57,40,116,4640
201412162393271,MPFL,57,57,40,116,4640
201412162393270,MPFL,57,57,40,116,4640
201412162393264,MPFL,57,57,40,116,4640
201412162393406,MSBBL,46,41,368,155,57040
201412162393208,MTBL,39,29,97,190,18430
201412162393205,MTBL,39,29,97,190,18430
201412162393395,NABIL,19,53,117,1949,228033
201412162393393,NABIL,6,3,153,1946,297738
201412162393386,NABIL,6,17,250,1949,487250
201412162393382,NABIL,6,17,200,1946,389200
201412162393379,NABIL,6,17,200,1945,389000
201412162393374,NABIL,1,3,24,1950,46800
201412162393316,NABIL,6,17,39,1949,76011
201412162392968,NABIL,13,41,25,1950,48750
201412162392946,NABIL,13,59,82,1940,159080
201412162392936,NABIL,58,59,100,1931,193100
201412162392955,NABILP,32,32,17,1289,21913
201412162393142,NABILP,38,3,10,1324,13240
201412162392992,NABILP,32,32,19,1299,24681
201412162393246,NBB,4,39,100,464,46400
201412162393245,NBB,21,39,785,462,362670
201412162393243,NBB,45,39,1000,463,463000
201412162393083,NBB,4,19,300,464,139200
201412162393082,NBB,16,6,760,465,353400
201412162393081,NBB,36,19,125,465,58125
201412162393067,NBB,49,49,809,464,375376
201412162393049,NBB,4,49,145,465,67425
201412162393046,NBB,36,19,115,463,53245
201412162393115,NBBL,22,51,110,1615,177650
201412162393171,NBF1,14,29,1019,14,13960
201412162393162,NBF1,14,40,1601,14,21934
201412162393410,NBL,6,6,2000,361,722000
201412162393405,NBL,6,6,2000,361,722000
201412162393368,NBL,50,50,500,364,182000
201412162393352,NBL,5,50,1000,363,363000
201412162393232,NBL,34,6,1000,364,364000
201412162393149,NBL,19,6,500,364,182000
201412162393148,NBL,45,6,500,364,182000
201412162393106,NBL,48,56,200,365,73000
201412162393004,NBL,21,6,279,365,101835
201412162392976,NBL,48,6,200,365,73000
201412162392973,NBL,14,56,200,366,73200
201412162392969,NBL,6,6,2000,362,724000
201412162393055,NCCB,58,40,100,564,56400
201412162392993,NCCB,32,32,1000,559,559000
201412162393349,NGBL,29,8,30,279,8370
201412162393170,NGBL,29,29,10,284,2840
201412162393422,NHPC,44,10,1000,125,125000
201412162393355,NHPC,54,25,1000,126,126000
201412162393108,NHPC,21,10,1000,126,126000
201412162393078,NHPC,49,46,1000,127,127000
201412162393075,NHPC,37,25,400,127,50800
201412162393068,NHPC,49,25,100,127,12700
201412162392942,NHPC,22,25,200,129,25800
201412162393420,NIB,28,33,487,716,348692
201412162393095,NIB,44,51,1000,724,724000
201412162393089,NIB,44,26,492,720,354240
201412162393085,NIB,44,11,50,715,35750
201412162393052,NIB,6,6,250,717,179250
201412162392931,NIB,44,6,500,716,358000
201412162392930,NIB,44,6,500,716,358000
201412162392926,NIB,44,6,500,716,358000
201412162392925,NIB,44,6,500,716,358000
201412162392975,NICA,25,50,20,691,13820
201412162393219,NIL,25,3,27,746,20142
201412162393217,NIL,25,55,200,733,146600
201412162393201,NIL,59,37,114,732,83448
201412162393234,NLG,46,43,22,765,16830
201412162393227,NLG,46,11,13,763,9919
201412162393220,NLG,46,14,16,763,12208
201412162392998,NLG,1,43,37,756,27972
201412162392996,NLG,1,43,26,756,19656
201412162392943,NLG,26,21,312,750,234000
201412162393404,NLICL,21,49,100,2170,217000
201412162393357,NLICL,6,14,110,2166,238260
201412162393334,NLICL,17,49,250,2166,541500
201412162393237,NLICL,6,57,21,2166,45486
201412162393117,NLICL,53,6,50,2180,109000
201412162393154,NTC,52,51,100,611,61100
201412162393100,NTC,40,52,80,616,49280
201412162392972,NTC,35,3,50,613,30650
201412162393267,OHL,33,52,70,625,43750
201412162393026,OHL,43,16,20,637,12740
201412162393363,PADBL,39,48,10,328,3280
201412162393361,PADBL,39,6,64,328,20992
201412162393021,PADBL,39,6,57,322,18354
201412162393417,PCBL,42,39,51,530,27030
201412162393414,PCBL,1,34,16,532,8512
201412162392967,PCBL,57,57,21,530,11130
201412162393378,PICL,3,45,100,425,42500
201412162393377,PICL,42,45,110,427,46970
201412162393376,PICL,37,45,110,428,47080
201412162392923,PICL,34,56,108,433,46764
201412162393051,PLIC,16,6,40,976,39040
201412162393044,PLIC,58,56,174,975,169650
201412162393041,PLIC,16,16,13,974,12662
201412162393037,PLIC,58,16,13,974,12662
201412162393031,PLIC,58,16,13,974,12662
201412162393025,PLIC,58,16,13,974,12662
201412162392981,PLIC,44,57,500,970,485000
201412162392965,PLIC,16,6,50,968,48400
201412162392924,PLIC,16,6,50,965,48250
201412162393111,PURBL,48,38,20,301,6020
201412162393166,PURBL,44,38,10,300,3000
201412162393130,RHPC,45,45,47,510,23970
201412162393120,RHPC,45,45,10,510,5100
201412162393403,RLFL,39,43,50,143,7150
201412162393103,RLFL,39,7,50,145,7250
201412162393047,RLFL,16,7,500,143,71500
201412162393416,RMDC,39,47,200,727,145400
201412162393332,SANIMA,10,10,1053,530,558090
201412162393315,SANIMA,45,10,280,531,148680
201412162393314,SANIMA,58,10,500,532,266000
201412162393313,SANIMA,48,10,250,533,133250
201412162393312,SANIMA,35,10,250,535,133750
201412162393311,SANIMA,28,10,250,536,134000
201412162393309,SANIMA,14,59,1000,533,533000
201412162393015,SANIMA,45,25,220,531,116820
201412162393009,SANIMA,49,25,780,529,412620
201412162392963,SANIMA,35,59,1000,530,530000
201412162392948,SANIMA,21,21,166,535,88810
201412162393389,SBI,44,6,71,1027,72917
201412162393277,SBI,21,21,147,1024,150528
201412162393266,SBI,17,32,100,1024,102400
201412162393242,SBI,6,44,200,1024,204800
201412162393123,SBI,26,56,22,1025,22550
201412162393105,SBI,26,44,300,1023,306900
201412162393104,SBI,26,6,100,1020,102000
201412162393207,SBL,58,21,199,652,129748
201412162393202,SBL,39,55,82,652,53464
201412162393381,SCB,34,35,200,1988,397600
201412162393318,SCB,38,35,20,1985,39700
201412162393336,SDBL,32,29,350,152,53200
201412162393294,SETI,52,37,25,164,4100
201412162393324,SEWA,1,47,20,302,6040
201412162393059,SFL,29,38,24,143,3432
201412162393198,SHBL,14,39,10,419,4190
201412162393195,SHBL,14,39,10,419,4190
201412162393190,SHBL,14,39,10,419,4190
201412162393188,SHBL,14,39,10,419,4190
201412162393180,SHBL,14,39,10,419,4190
201412162393177,SHBL,14,39,10,419,4190
201412162393173,SHBL,14,39,10,419,4190
201412162393167,SHBL,14,39,10,419,4190
201412162393152,SHBL,14,39,10,419,4190
201412162393215,SHL,41,49,134,472,63248
201412162393109,SHL,5,49,199,472,93928
201412162393419,SHPC,55,55,18,700,12600
201412162393418,SHPC,55,55,18,700,12600
201412162393415,SHPC,55,55,18,700,12600
201412162393412,SHPC,36,42,670,693,464310
201412162393409,SHPC,26,26,10,698,6980
201412162393407,SHPC,26,26,10,698,6980
201412162393399,SHPC,55,55,18,700,12600
201412162393330,SHPC,36,22,136,700,95200
201412162393321,SHPC,16,42,269,697,187493
201412162393194,SHPC,55,32,150,700,105000
201412162393141,SHPC,53,25,297,700,207900
201412162393317,SIC,29,41,100,1170,117000
201412162393125,SIGS1,40,40,5000,15,73100
201412162393119,SIGS1,40,40,10000,15,146200
201412162393008,SIGS1,26,40,19500,15,284895
201412162393007,SIGS1,41,40,20000,15,292400
201412162393006,SIGS1,47,40,10000,15,146500
201412162393005,SIGS1,26,40,500,15,7425
201412162393255,SIL,14,4,105,745,78225
201412162393099,SIL,14,58,402,745,299490
201412162393350,SKBBL,26,14,19,1230,23370
201412162393257,SKBBL,28,38,95,1225,116375
201412162393250,SLBBL,38,38,13,1852,24076
201412162392991,SLICL,22,42,124,637,78988
201412162393178,SMFDB,21,47,102,1209,123318
201412162393397,SRBL,36,33,33,396,13068
201412162393392,SRBL,29,1,339,400,135600
201412162393303,SRBL,21,36,368,400,147200
201412162393295,SRBL,36,36,152,400,60800
201412162393228,SRBL,13,32,500,394,197000
201412162393147,SRBL,34,41,48,398,19104
201412162393019,SRBL,29,36,66,400,26400
201412162393010,SRBL,21,36,111,400,44400
201412162393161,SUBBL,17,43,50,299,14950
201412162393408,SWBBL,47,45,233,1805,420565
201412162393347,UFCL,21,21,59,100,5900
201412162393345,UFCL,21,21,59,100,5900
201412162393343,UFCL,21,21,59,100,5900
201412162393252,UFCL,11,45,59,99,5841
201412162393200,UFCL,25,8,118,100,11800
201412162393187,UIC,42,49,200,860,172000
201412162392964,UIC,17,49,200,869,173800
201412162392940,UIC,41,25,17,870,14790
201412162393072,VBBL,26,26,50,126,6300
201412162393042,VBBL,26,26,50,126,6300
201412162393087,WDBL,22,13,94,208,19552
201412162393229,YETI,13,25,687,128,87936
201412162393179,YETI,38,22,100,130,13000
201412162393157,YETI,13,22,60,128,7680
201412162392977,YETI,42,38,1030,128,131840
201412162392768,ACEDBL,38,38,932,234,218088
201412162392856,ADBL,49,49,1200,494,592800
201412162392854,ADBL,49,29,381,494,188214
201412162392849,ADBL,49,50,675,493,332775
201412162392442,ADBL,42,47,110,470,51700
201412162392423,ADBL,42,47,30,470,14100
201412162392481,ADBL,48,47,31,472,14632
201412162392469,ADBL,42,47,31,470,14570
201412162392463,ADBL,42,47,30,470,14100
201412162392453,ADBL,22,47,82,471,38622
201412162392516,ADBL,20,47,31,472,14632
201412162392510,ADBL,7,47,31,472,14632
201412162392505,ADBL,48,47,101,471,47571
201412162392575,ADBL,22,50,145,481,69745
201412162392706,ADBL,58,4,70,485,33950
201412162392848,ADBL,49,41,200,493,98600
201412162392845,ADBL,49,25,572,493,281996
201412162392844,ADBL,49,47,70,492,34440
201412162392842,ADBL,49,29,136,490,66640
201412162392814,ADBL,49,58,200,490,98000
201412162392890,AHPC,11,13,181,380,68780
201412162392865,AHPC,4,48,575,379,217925
201412162392674,AHPC,44,48,500,379,189500
201412162392568,AHPC,25,25,300,380,114000
201412162392523,AHPC,49,48,116,380,44080
201412162392484,AHPC,25,49,600,377,226200
201412162392637,AIC,38,59,200,437,87400
201412162392740,ALDBL,17,21,10,250,2500
201412162392732,ALDBL,17,21,10,250,2500
201412162392872,ALICL,53,13,59,1125,66375
201412162392421,ALICL,44,16,700,1120,784000
201412162392895,APEX,5,7,30,120,3600
201412162392873,APEX,56,38,20,118,2360
201412162392482,APEX,25,38,20,116,2320
201412162392471,APEX,25,38,20,116,2320
201412162392551,APEX,51,38,20,117,2340
201412162392548,APEX,51,38,20,117,2340
201412162392546,APEX,51,38,20,117,2340
201412162392526,APEX,25,38,20,116,2320
201412162392600,APEX,51,38,20,117,2340
201412162392595,APEX,51,38,20,117,2340
201412162392590,APEX,51,38,20,117,2340
201412162392587,APEX,51,38,20,117,2340
201412162392584,APEX,51,38,20,117,2340
201412162392728,APEX,51,38,20,117,2340
201412162392724,APEX,51,38,20,117,2340
201412162392748,APEX,41,38,20,117,2340
201412162392747,APEX,41,38,20,117,2340
201412162392744,APEX,41,38,20,117,2340
201412162392742,APEX,5,44,397,117,46449
201412162392737,APEX,41,38,20,117,2340
201412162392733,APEX,41,38,20,117,2340
201412162392765,APEX,25,39,449,117,52533
201412162392757,APEX,25,44,22,117,2574
201412162392756,APEX,25,44,20,117,2340
201412162392754,APEX,25,44,10,117,1170
201412162392753,APEX,25,44,20,117,2340
201412162392749,APEX,25,44,20,117,2340
201412162392804,APEX,56,39,413,118,48734
201412162392800,APEX,25,38,20,116,2320
201412162392808,APEX,5,4,30,120,3600
201412162392912,ARDBL,16,16,42,150,6300
201412162392911,ARDBL,16,16,52,150,7800
201412162392909,ARDBL,16,16,42,150,6300
201412162392903,ARDBL,16,16,52,150,7800
201412162392902,ARDBL,16,16,52,150,7800
201412162392901,ARDBL,16,16,42,150,6300
201412162392900,ARDBL,16,16,42,150,6300
201412162392899,ARDBL,16,40,42,150,6300
201412162392897,ARDBL,16,47,52,150,7800
201412162392896,ARDBL,16,47,52,150,7800
201412162392888,BLDBL,20,7,872,450,392400
201412162392795,BLDBL,20,7,137,454,62198
201412162392785,BLDBL,20,32,350,454,158900
201412162392659,BLDBL,6,17,58,455,26390
201412162392596,BLDBL,6,17,50,457,22850
201412162392625,BPCL,19,32,236,587,138532
201412162392915,CBL,45,4,1940,279,541260
201412162392892,CBL,21,25,135,280,37800
201412162392820,CBL,52,11,248,279,69192
201412162392766,CBL,53,19,276,281,77556
201412162392764,CBL,53,40,102,281,28662
201412162392763,CBL,53,38,1000,281,281000
201412162392509,CBL,45,1,133,275,36575
201412162392506,CBL,45,1,57,275,15675
201412162392441,CBL,14,19,26,275,7150
201412162392432,CBL,14,21,14,275,3850
201412162392431,CBL,14,39,55,275,15125
201412162392707,CBL,25,25,1018,280,285040
201412162392694,CBL,1,55,68,281,19108
201412162392680,CBL,53,40,135,280,37800
201412162392591,CBL,1,45,510,281,143310
201412162392586,CBL,1,55,78,277,21606
201412162392919,CCBL,49,4,40,280,11200
201412162392918,CCBL,49,4,40,280,11200
201412162392917,CCBL,49,4,40,280,11200
201412162392916,CCBL,49,29,24,280,6720
201412162392906,CCBL,17,17,40,279,11160
201412162392891,CCBL,32,48,96,280,26880
201412162392425,CCBL,13,48,32,272,8704
201412162392422,CCBL,38,48,32,272,8704
201412162392533,CCBL,13,42,12,274,3288
201412162392531,CCBL,13,42,10,274,2740
201412162392527,CCBL,13,42,16,274,4384
201412162392451,CCBL,13,48,17,272,4624
201412162392445,CCBL,13,48,17,272,4624
201412162392434,CCBL,13,48,17,272,4624
201412162392717,CCBL,54,51,306,277,84762
201412162392716,CCBL,54,39,36,276,9936
201412162392713,CCBL,54,39,36,276,9936
201412162392710,CCBL,54,39,36,276,9936
201412162392690,CCBL,35,6,1000,276,276000
201412162392682,CCBL,49,26,45,275,12375
201412162392864,CCBL,54,48,17,278,4726
201412162392859,CCBL,54,48,17,278,4726
201412162392858,CCBL,54,48,17,278,4726
201412162392857,CCBL,54,58,40,277,11080
201412162392815,CCBL,38,38,40,276,11040
201412162392811,CCBL,1,38,200,276,55200
201412162392887,CCBL,32,38,261,280,73080
201412162392882,CCBL,32,41,306,280,85680
201412162392880,CCBL,32,41,76,280,21280
201412162392876,CCBL,54,6,770,279,214830
201412162392874,CCBL,54,48,17,278,4726
201412162392867,CCBL,54,48,17,278,4726
201412162392827,CDBL,1,16,105,389,40845
201412162392799,CDBL,45,16,263,388,102044
201412162392738,CDBL,35,16,200,384,76800
201412162392633,CDBL,35,11,500,383,191500
201412162392632,CDBL,35,16,300,380,114000
201412162392567,CDBL,39,40,92,377,34684
201412162392543,CDBL,14,6,61,375,22875
201412162392537,CDBL,14,6,405,372,150660
201412162392863,CFCL,14,32,171,151,25821
201412162392838,CFCL,26,32,374,149,55726
201412162392624,CFCL,26,39,500,147,73500
201412162392532,CFCL,26,39,400,145,58000
201412162392871,CHCL,52,52,100,1725,172500
201412162392712,CHCL,22,14,200,1716,343200
201412162392672,CHCL,58,52,47,1725,81075
201412162392666,CHCL,34,59,20,1725,34500
201412162392647,CHCL,35,39,100,1720,172000
201412162392646,CHCL,35,16,100,1720,172000
201412162392494,CHCL,55,14,100,1710,171000
201412162392493,CHCL,41,14,40,1712,68480
201412162392500,CHCL,33,14,50,1703,85150
201412162392499,CHCL,52,14,100,1705,170500
201412162392498,CHCL,28,14,100,1707,170700
201412162392497,CHCL,39,14,30,1707,51210
201412162392496,CHCL,45,14,50,1708,85400
201412162392495,CHCL,45,14,100,1708,170800
201412162392536,CHCL,35,11,630,1715,1080450
201412162392513,CHCL,28,21,60,1718,103080
201412162392504,CHCL,35,59,204,1710,348840
201412162392503,CHCL,32,14,30,1700,51000
201412162392502,CHCL,44,14,200,1700,340000
201412162392501,CHCL,44,14,200,1700,340000
201412162392641,CHCL,35,52,94,1719,161586
201412162392640,CHCL,35,49,100,1718,171800
201412162392577,CHCL,29,52,32,1721,55072
201412162392550,CHCL,52,49,100,1717,171700
201412162392547,CHCL,56,42,36,1715,61740
201412162392544,CHCL,52,42,24,1715,41160
201412162392893,CNDBL,1,47,200,175,35000
201412162392658,CNDBL,1,38,20,173,3460
201412162392657,CNDBL,1,38,20,173,3460
201412162392656,CNDBL,1,17,20,173,3460
201412162392655,CNDBL,1,17,20,173,3460
201412162392654,CNDBL,1,17,20,173,3460
201412162392618,CNDBL,45,17,20,172,3440
201412162392560,CNDBL,45,17,20,170,3400
201412162392653,CNDBL,1,17,20,173,3460
201412162392652,CNDBL,1,17,20,173,3460
201412162392651,CNDBL,1,17,20,173,3460
201412162392650,CNDBL,1,17,20,173,3460
201412162392649,CNDBL,1,17,20,173,3460
201412162392619,CNDBL,45,17,20,172,3440
201412162392660,CZBIL,48,5,63,425,26775
201412162392529,CZBIL,55,17,120,420,50400
201412162392525,CZBIL,14,17,120,420,50400
201412162392521,CZBIL,14,59,62,420,26040
201412162392833,EBL,52,41,20,1970,39400
201412162392832,EBL,52,42,100,1970,197000
201412162392831,EBL,52,39,200,1969,393800
201412162392758,EBL,38,59,194,1963,380822
201412162392701,EBL,28,13,100,1965,196500
201412162392697,EBL,5,59,200,1963,392600
201412162392689,EBL,54,26,155,1962,304110
201412162392558,EBL,45,51,200,1962,392400
201412162392535,EBL,38,39,77,1960,150920
201412162392462,EBL,59,59,207,1945,402615
201412162392427,EBL,45,21,21,1960,41160
201412162392846,EDBL,44,19,250,665,166250
201412162392711,EDBL,39,39,100,660,66000
201412162392673,EKBL,19,26,10,185,1850
201412162392671,GBBL,21,53,155,310,48050
201412162392868,GBIME,26,42,200,515,103000
201412162392829,GBIME,22,42,500,520,260000
201412162392810,GBIME,20,39,57,520,29640
201412162392668,GBIME,39,39,111,519,57609
201412162392552,GBIME,26,42,120,523,62760
201412162392479,GBIME,11,16,87,513,44631
201412162392452,GBIME,22,21,310,512,158720
201412162392443,GBIME,49,49,500,505,252500
201412162392907,GRAND,53,32,1000,176,176000
201412162392904,GRAND,53,43,186,175,32550
201412162392540,GRAND,16,32,500,173,86500
201412162392592,HAMA,55,50,40,122,4880
201412162392638,HBDL,54,16,2000,100,200000
201412162392730,HDL,16,14,20,457,9140
201412162392788,HGI,42,41,100,515,51500
201412162392611,ICFC,40,59,147,244,35868
201412162392889,IDBL,49,38,300,169,50700
201412162392885,JBNL,42,8,500,259,129500
201412162392486,JBNL,49,49,2790,258,719820
201412162392472,JBNL,49,17,17,256,4352
201412162392460,JBNL,49,21,22,256,5632
201412162392459,JBNL,49,17,17,255,4335
201412162392458,JBNL,49,17,17,255,4335
201412162392457,JBNL,49,17,17,255,4335
201412162392456,JBNL,49,17,17,254,4318
201412162392921,KBL,21,38,1000,400,400000
201412162392699,KBL,54,52,500,399,199500
201412162392511,KBL,54,16,86,395,33970
201412162392468,KBL,29,34,300,394,118200
201412162392605,KDBL,41,25,27,118,3186
201412162392870,KMCDB,45,47,70,600,42000
201412162392490,KMCDB,16,47,60,600,36000
201412162392489,KMCDB,16,36,10,600,6000
201412162392488,KMCDB,16,36,10,600,6000
201412162392541,KMCDB,16,47,102,605,61710
201412162392581,KMCDB,16,55,192,595,114240
201412162392715,KMCDB,45,47,112,605,67760
201412162392678,KMCDB,26,47,70,600,42000
201412162392634,KMCDB,16,55,30,600,18000
201412162392772,KMCDB,26,47,160,600,96000
201412162392771,KMCDB,45,47,92,610,56120
201412162392770,KMCDB,45,16,60,608,36480
201412162392769,KMCDB,45,47,100,607,60700
201412162392913,LBL,36,36,200,501,100200
201412162392602,LBL,14,38,53,505,26765
201412162392539,LBL,16,49,440,500,220000
201412162392522,LBL,47,34,30,505,15150
201412162392485,LBL,42,53,100,504,50400
201412162392455,LBL,16,16,236,500,118000
201412162392429,LBL,42,33,400,502,200800
201412162392627,LICN,48,6,100,3205,320500
201412162392629,LLBS,11,40,10,619,6190
201412162392628,LLBS,11,17,10,617,6170
201412162392875,LUBL,52,40,86,342,29412
201412162392679,LUBL,45,5,103,341,35123
201412162392487,LUBL,52,4,980,335,328300
201412162392477,LUBL,45,4,20,340,6800
201412162392448,LUBL,45,11,159,341,54219
201412162392426,LUBL,20,4,200,335,67000
201412162392692,MBL,34,58,497,537,266889
201412162392663,MBL,49,49,1000,530,530000
201412162392645,MBL,51,49,500,540,270000
201412162392644,MBL,22,49,500,540,270000
201412162392597,MBL,49,49,1000,530,530000
201412162392778,MDB,16,49,57,456,25992
201412162392534,MDB,16,57,28,465,13020
201412162392524,MDB,45,39,50,465,23250
201412162392886,MDBL,52,26,400,157,62800
201412162392883,MDBL,11,26,900,158,142200
201412162392850,MDBL,32,32,97,161,15617
201412162392696,MDBL,11,47,367,163,59821
201412162392869,MEGA,49,26,329,410,134890
201412162392866,MEGA,49,26,16,410,6560
201412162392860,MEGA,49,26,157,410,64370
201412162392822,MEGA,45,33,20,408,8160
201412162392821,MEGA,13,26,30,410,12300
201412162392817,MEGA,45,42,10,408,4080
201412162392564,MEGA,17,28,124,405,50220
201412162392514,MEGA,16,28,48,402,19296
201412162392475,MEGA,25,25,256,408,104448
201412162392474,MEGA,25,39,30,407,12210
201412162392609,MEGA,45,48,31,408,12648
201412162392608,MEGA,45,48,55,408,22440
201412162392607,MEGA,45,48,31,408,12648
201412162392606,MEGA,45,17,32,407,13024
201412162392588,MEGA,16,17,32,407,13024
201412162392583,MEGA,16,17,32,407,13024
201412162392675,MEGA,50,52,32,410,13120
201412162392665,MEGA,50,6,54,412,22248
201412162392643,MEGA,16,6,132,410,54120
201412162392623,MEGA,50,48,31,410,12710
201412162392613,MEGA,50,8,13,410,5330
201412162392610,MEGA,45,48,31,408,12648
201412162392736,MEGA,42,1,73,410,29930
201412162392735,MEGA,42,1,110,410,45100
201412162392734,MEGA,42,1,110,410,45100
201412162392705,MEGA,36,1,110,410,45100
201412162392688,MEGA,50,52,32,410,13120
201412162392683,MEGA,16,25,329,410,134890
201412162392793,MEGA,51,40,190,408,77520
201412162392780,MEGA,8,26,32,410,13120
201412162392777,MEGA,8,40,32,409,13088
201412162392775,MEGA,8,26,32,410,13120
201412162392767,MEGA,45,40,96,408,39168
201412162392762,MEGA,45,40,96,408,39168
201412162392812,MNBBL,36,6,200,480,96000
201412162392566,MNBBL,14,6,50,480,24000
201412162392861,NABIL,42,17,200,1945,389000
201412162392836,NABIL,14,26,101,1949,196849
201412162392828,NABIL,28,3,34,1940,65960
201412162392818,NABIL,21,3,100,1945,194500
201412162392598,NABIL,10,17,200,1940,388000
201412162392569,NABIL,8,17,232,1930,447760
201412162392554,NABIL,22,16,23,1945,44735
201412162392862,NBB,38,6,1000,460,460000
201412162392852,NBB,42,1,200,465,93000
201412162392851,NBB,42,6,200,465,93000
201412162392830,NBB,33,6,200,461,92200
201412162392729,NBB,25,6,100,469,46900
201412162392708,NBB,6,6,20,465,9300
201412162392491,NBB,6,19,100,465,46500
201412162392476,NBB,55,47,120,471,56520
201412162392796,NBBL,10,51,110,1624,178640
201412162392725,NBF1,36,49,14056,14,191162
201412162392905,NBL,49,49,3000,363,1089000
201412162392898,NBL,7,25,1500,365,547500
201412162392881,NBL,58,56,200,365,73000
201412162392835,NBL,7,25,1000,365,365000
201412162392805,NBL,16,45,1000,366,366000
201412162392798,NBL,1,56,300,366,109800
201412162392461,NBL,7,22,100,362,36200
201412162392603,NBL,25,49,1000,363,363000
201412162392601,NBL,42,49,1000,365,365000
201412162392508,NBL,25,49,1000,363,363000
201412162392492,NBL,50,6,500,363,181500
201412162392473,NBL,7,45,1000,362,362000
201412162392466,NBL,22,22,1000,360,360000
201412162392884,NCCB,33,33,700,560,392000
201412162392855,NCCB,33,33,1000,560,560000
201412162392781,NCCB,42,29,100,568,56800
201412162392743,NCCB,52,4,140,572,80080
201412162392739,NCCB,42,8,400,568,227200
201412162392686,NCCB,42,37,500,568,284000
201412162392631,NCCB,26,4,70,568,39760
201412162392630,NCCB,26,40,100,565,56500
201412162392464,NCCB,58,25,500,566,283000
201412162392454,NCCB,56,39,60,566,33960
201412162392447,NCCB,33,48,500,561,280500
201412162392446,NCCB,33,4,500,560,280000
201412162392825,NCM,29,54,483,220,106260
201412162392755,NCM,29,54,350,220,77000
201412162392726,NCM,6,54,500,216,108000
201412162392718,NCM,29,52,50,220,11000
201412162392894,NHPC,22,46,100,129,12900
201412162392803,NHPC,17,51,500,127,63500
201412162392439,NHPC,44,34,1000,127,127000
201412162392438,NHPC,44,7,2000,127,254000
201412162392437,NHPC,44,56,1000,127,127000
201412162392922,NIB,44,6,500,716,358000
201412162392914,NIB,44,6,500,716,358000
201412162392910,NIB,28,26,176,718,126368
201412162392877,NIB,44,26,234,720,168480
201412162392517,NIB,17,11,293,718,210374
201412162392784,NICA,52,5,100,705,70500
201412162392450,NICA,25,55,43,714,30702
201412162392436,NICA,25,45,30,710,21300
201412162392430,NICA,25,36,500,700,350000
201412162392834,NICL,37,36,500,397,198500
201412162392816,NICL,5,8,300,405,121500
201412162392802,NLG,41,43,52,749,38948
201412162392704,NLG,26,32,15,740,11100
201412162392790,NLICL,53,44,100,2180,218000
201412162392782,NLICL,53,28,66,2175,143550
201412162392626,NLICL,44,28,349,2160,753840
201412162392616,NLICL,42,33,198,2158,427284
201412162392542,NLICL,7,28,100,2160,216000
201412162392774,NTC,28,5,160,601,96160
201412162392512,PADBL,39,48,10,316,3160
201412162392809,PCBL,35,56,20,540,10800
201412162392794,PCBL,22,52,500,539,269500
201412162392702,PCBL,29,5,73,540,39420
201412162392661,PCBL,29,43,49,544,26656
201412162392639,PCBL,47,48,33,541,17853
201412162392635,PCBL,35,21,473,540,255420
201412162392518,PCBL,59,33,44,530,23320
201412162392515,PCBL,59,48,33,527,17391
201412162392615,PCBL,35,5,80,540,43200
201412162392614,PCBL,35,39,400,539,215600
201412162392582,PCBL,48,48,100,539,53900
201412162392565,PCBL,33,48,500,535,267500
201412162392545,PCBL,48,48,1000,536,536000
201412162392520,PCBL,26,42,328,531,174168
201412162392878,PICL,42,48,190,427,81130
201412162392507,PICL,42,16,74,435,32190
201412162392480,PICL,42,16,74,435,32190
201412162392783,REDBL,14,49,110,193,21230
201412162392576,RHPC,25,51,197,510,100470
201412162392727,RMDC,39,39,33,726,23958
201412162392722,RMDC,14,11,500,735,367500
201412162392721,RMDC,39,39,33,726,23958
201412162392720,RMDC,39,39,33,726,23958
201412162392719,RMDC,39,39,33,726,23958
201412162392574,RMDC,11,34,99,730,72270
201412162392573,RMDC,11,47,10,729,7290
201412162392483,SADBL,6,39,60,292,17520
201412162392807,SANIMA,49,49,1860,530,985800
201412162392789,SANIMA,45,59,1000,529,529000
201412162392594,SANIMA,22,25,416,535,222560
201412162392572,SANIMA,45,14,200,530,106000
201412162392570,SANIMA,45,59,1000,526,526000
201412162392556,SANIMA,1,4,112,529,59248
201412162392444,SANIMA,42,39,420,529,222180
201412162392440,SANIMA,42,52,145,528,76560
201412162392622,SBBLJ,29,16,430,530,227900
201412162392621,SBBLJ,42,16,200,530,106000
201412162392620,SBBLJ,11,16,70,531,37170
201412162392519,SBBLJ,34,16,200,540,108000
201412162392478,SBBLJ,26,46,500,530,265000
201412162392549,SBI,57,28,471,1000,471000
201412162392847,SBL,59,48,20,665,13300
201412162392843,SBL,59,13,154,657,101178
201412162392841,SBL,59,53,276,656,181056
201412162392840,SBL,59,51,100,655,65500
201412162392839,SBL,59,51,196,655,128380
201412162392837,SBL,59,39,268,654,175272
201412162392528,SBL,26,7,312,642,200304
201412162392435,SBL,26,32,172,645,110940
201412162392433,SBL,54,41,180,642,115560
201412162392428,SBL,14,41,371,642,238182
201412162392773,SBL,35,41,1973,645,1272585
201412162392761,SBL,42,14,200,655,131000
201412162392751,SBL,25,28,46,651,29946
201412162392698,SBL,42,28,190,650,123500
201412162392648,SBL,25,51,75,650,48750
201412162392559,SBL,22,41,1000,645,645000
201412162392797,SCB,53,16,100,1953,195300
201412162392685,SCB,17,48,200,1945,389000
201412162392563,SETI,21,41,270,163,44010
201412162392787,SHPC,13,51,10,704,7040
201412162392786,SHPC,13,51,10,704,7040
201412162392776,SHPC,21,55,48,700,33600
201412162392752,SHPC,6,6,794,695,551830
201412162392693,SHPC,13,55,54,701,37854
201412162392691,SHPC,28,28,18,704,12672
201412162392636,SHPC,28,28,18,704,12672
201412162392617,SHPC,28,28,18,704,12672
201412162392589,SHPC,25,25,297,701,208197
201412162392465,SHPC,25,49,18,706,12708
201412162392424,SHPC,44,13,192,702,134784
201412162392677,SHPC,28,28,18,704,12672
201412162392670,SHPC,41,49,18,707,12726
201412162392669,SHPC,28,28,18,704,12672
201412162392667,SHPC,41,49,18,707,12726
201412162392664,SHPC,41,49,18,707,12726
201412162392662,SHPC,28,28,18,704,12672
201412162392684,SICL,42,21,100,765,76500
201412162392642,SICL,6,39,20,764,15280
201412162392760,SIGS1,36,40,20000,15,295000
201412162392823,SIL,16,50,50,745,37250
201412162392741,SIL,58,50,25,740,18500
201412162392538,SIL,39,50,25,741,18525
201412162392530,SIL,39,50,50,741,37050
201412162392723,SMFDB,45,45,73,1233,90009
201412162392676,SMFDB,57,57,100,1234,123400
201412162392612,SMFDB,21,45,30,1259,37770
201412162392562,SMFDB,21,21,19,1284,24396
201412162392555,SMFDB,21,52,19,1259,23921
201412162392599,SRBL,26,22,103,400,41200
201412162392593,SRBL,33,8,500,398,199000
201412162392585,SRBL,26,49,11,399,4389
201412162392580,SRBL,33,33,178,395,70310
201412162392553,SRBL,25,25,129,393,50697
201412162392470,SRBL,25,8,500,398,199000
201412162392791,SUBBL,38,38,128,294,37632
201412162392779,SUBBL,16,49,16,293,4688
201412162392879,SWBBL,55,41,100,1810,181000
201412162392853,SWBBL,26,59,122,1800,219600
201412162392813,SWBBL,17,59,70,1810,126700
201412162392806,SWBBL,21,59,100,1800,180000
201412162392759,SWBBL,10,59,92,1800,165600
201412162392731,SWBBL,34,59,100,1797,179700
201412162392571,TRH,45,5,40,266,10640
201412162392561,TRH,45,5,40,266,10640
201412162392714,VBBL,41,8,50,125,6250
201412162392709,VBBL,41,8,30,125,3750
201412162392703,VBBL,41,8,80,125,10000
201412162392700,VBBL,41,8,20,125,2500
201412162392681,VBBL,25,49,40,126,5040
201412162392604,VBBL,26,53,850,127,107950
201412162392557,VBBL,41,28,20,125,2500
201412162392920,YETI,42,42,20,126,2520
201412162392908,YETI,13,57,10,125,1250
201412162392824,YETI,25,26,50,127,6350
201412162392819,YETI,25,37,11,126,1386
201412162392792,YETI,13,49,110,125,13750
201412162392750,YETI,13,7,40,124,4960
201412162392746,YETI,13,7,50,124,6200
201412162392745,YETI,13,7,40,124,4960
201412162392695,YETI,13,37,11,122,1342
201412162392687,YETI,13,37,11,122,1342
201412162392579,YETI,13,37,11,122,1342
201412162392578,YETI,13,37,20,122,2440
201412162392414,ADBL,3,47,12,470,5640
201412162392398,ADBL,47,47,10,470,4700
201412162392388,ADBL,47,47,10,479,4790
201412162392387,ADBL,3,47,10,479,4790
201412162392369,ADBL,3,47,10,488,4880
201412162392311,AHPC,33,49,1000,370,370000
201412162392272,AHPC,40,56,113,371,41923
201412162392075,AHPC,26,46,461,377,173797
201412162392400,AIC,45,45,73,438,31974
201412162392344,AIC,3,14,27,439,11853
201412162392340,AIC,49,41,165,438,72270
201412162392339,AIC,3,41,38,440,16720
201412162392246,APEX,45,39,500,120,60000
201412162392257,APEX,3,4,30,118,3540
201412162392116,BLDBL,20,17,100,463,46300
201412162392359,BPCL,26,52,480,576,276480
201412162392255,BSBL,25,43,75,290,21750
201412162392418,CBL,36,56,56,275,15400
201412162392413,CBL,36,21,26,275,7150
201412162392410,CBL,1,1,400,271,108400
201412162392406,CBL,36,41,55,275,15125
201412162392373,CBL,14,16,500,271,135500
201412162392083,CBL,33,33,489,276,134964
201412162392310,CBL,54,58,212,273,57876
201412162392264,CBL,49,49,306,268,82008
201412162392261,CBL,1,43,81,270,21870
201412162392141,CBL,22,43,68,270,18360
201412162392126,CBL,21,46,500,269,134500
201412162392095,CBL,22,41,55,274,15070
201412162392361,CBL,33,40,153,272,41616
201412162392360,CBL,54,16,336,271,91056
201412162392355,CBL,21,57,500,270,135000
201412162392408,CCBL,58,42,10,270,2700
201412162392397,CCBL,58,57,24,270,6480
201412162392381,CCBL,45,45,40,269,10760
201412162392377,CCBL,21,21,206,269,55414
201412162392350,CCBL,38,40,31,268,8308
201412162392330,CCBL,38,45,40,269,10760
201412162392050,CCBL,58,58,36,280,10080
201412162392049,CCBL,58,58,38,280,10640
201412162392048,CCBL,58,58,40,280,11200
201412162392153,CCBL,48,48,40,274,10960
201412162392152,CCBL,48,48,40,274,10960
201412162392151,CCBL,48,48,40,274,10960
201412162392085,CCBL,21,41,27,274,7398
201412162392077,CCBL,21,38,32,279,8928
201412162392064,CCBL,49,49,20,284,5680
201412162392231,CCBL,21,21,40,275,11000
201412162392186,CCBL,37,32,16,274,4384
201412162392180,CCBL,44,35,40,269,10760
201412162392179,CCBL,36,50,21,270,5670
201412162392177,CCBL,38,43,61,270,16470
201412162392164,CCBL,37,41,27,275,7425
201412162392256,CCBL,21,40,61,269,16409
201412162392254,CCBL,21,6,94,269,25286
201412162392252,CCBL,44,6,60,269,16140
201412162392243,CCBL,44,57,304,269,81776
201412162392235,CCBL,21,57,24,271,6504
201412162392233,CCBL,36,57,24,271,6504
201412162392260,CDBL,14,6,45,370,16650
201412162392218,CDBL,49,13,230,370,85100
201412162392389,CHCL,35,44,500,1717,858500
201412162392385,CHCL,39,59,200,1705,341000
201412162392384,CHCL,35,38,391,1711,669001
201412162392375,CHCL,33,33,350,1703,596050
201412162392322,CHCL,28,39,27,1707,46089
201412162392303,CHCL,45,54,31,1717,53227
201412162392170,CHCL,33,33,90,1700,153000
201412162392159,CHCL,49,33,47,1696,79712
201412162392106,CHCL,19,56,98,1705,167090
201412162392265,CHCL,44,5,200,1690,338000
201412162392262,CHCL,52,32,100,1688,168800
201412162392258,CHCL,22,32,240,1682,403680
201412162392216,CHCL,19,29,100,1683,168300
201412162392192,CHCL,57,57,94,1685,158390
201412162392187,CHCL,41,53,220,1681,369820
201412162392285,CHCL,54,19,100,1697,169700
201412162392284,CHCL,54,28,100,1695,169500
201412162392278,CHCL,54,32,36,1692,60912
201412162392273,CHCL,50,55,87,1690,147030
201412162392270,CHCL,44,48,165,1690,278850
201412162392266,CHCL,44,28,127,1690,214630
201412162392298,CHCL,33,51,100,1710,171000
201412162392294,CHCL,44,42,94,1700,159800
201412162392293,CHCL,44,56,80,1700,136000
201412162392291,CHCL,28,51,81,1700,137700
201412162392290,CHCL,28,5,100,1700,170000
201412162392286,CHCL,54,38,100,1698,169800
201412162392118,CNDBL,44,44,20,170,3400
201412162392110,CNDBL,44,44,20,173,3460
201412162392244,CZBIL,42,42,84,412,34608
201412162392205,CZBIL,42,42,42,420,17640
201412162392399,EBL,25,26,100,1955,195500
201412162392394,EBL,38,59,200,1950,390000
201412162392367,EBL,54,10,200,1942,388400
201412162392365,EBL,33,10,500,1925,962500
201412162392123,EBL,14,44,30,1950,58500
201412162392113,EBL,14,1,26,1970,51220
201412162392082,EBL,45,44,100,1970,197000
201412162392296,EBL,38,42,100,1940,194000
201412162392288,EBL,29,10,100,1925,192500
201412162392287,EBL,26,10,200,1926,385200
201412162392165,EBL,38,1,26,1931,50206
201412162392140,EBL,32,53,128,1933,247424
201412162392136,EBL,45,38,75,1935,145125
201412162392182,EIC,10,11,33,931,30723
201412162392157,EIC,10,1,33,950,31350
201412162392281,EKBL,13,45,14,182,2548
201412162392342,GBBL,45,53,200,310,62000
201412162392393,GBIME,56,6,686,510,349860
201412162392390,GBIME,56,32,341,509,173569
201412162392362,GBIME,44,59,300,505,151500
201412162392189,GBIME,50,50,57,501,28557
201412162392173,GBIME,29,26,44,505,22220
201412162392161,GBIME,22,20,64,505,32320
201412162392154,GBIME,22,50,57,505,28785
201412162392138,GBIME,22,39,171,505,86355
201412162392114,GLICL,22,48,500,548,274000
201412162392357,GRAND,38,49,39,170,6630
201412162392104,GRAND,38,25,125,173,21625
201412162392067,GRAND,33,33,10,172,1720
201412162392370,HDL,38,52,50,465,23250
201412162392276,HDL,49,52,50,465,23250
201412162392267,HDL,26,16,20,465,9300
201412162392299,IDBL,29,38,224,170,38080
201412162392292,IDBL,29,38,11,169,1859
201412162392297,JBBL,43,43,30,164,4920
201412162392282,JBBL,43,43,20,164,3280
201412162392184,JBBL,36,8,20,164,3280
201412162392341,JBNL,8,17,17,254,4318
201412162392169,JBNL,38,46,200,251,50200
201412162392122,JBNL,3,14,489,256,125184
201412162392226,KAFIL,13,32,529,186,98394
201412162392386,KBBL,43,1,400,340,136000
201412162392175,KBL,49,29,140,394,55160
201412162392065,KDBL,44,44,100,117,11700
201412162392392,KMCDB,6,38,10,590,5900
201412162392391,KMCDB,6,38,10,590,5900
201412162392238,KMCDB,45,49,49,594,29106
201412162392236,KMCDB,45,49,10,594,5940
201412162392234,KMCDB,45,49,10,594,5940
201412162392230,KMCDB,50,36,10,600,6000
201412162392353,KMCDB,50,41,50,585,29250
201412162392321,KMCDB,50,38,10,590,5900
201412162392320,KMCDB,50,38,10,590,5900
201412162392268,KMCDB,49,49,18,589,10602
201412162392372,LBL,16,16,208,499,103792
201412162392196,LBL,17,22,100,505,50500
201412162392129,LICN,22,59,41,3270,134070
201412162392228,LLBS,38,39,10,620,6200
201412162392220,LLBS,38,38,10,616,6160
201412162392207,LLBS,38,38,10,604,6040
201412162392199,LLBS,38,38,10,593,5930
201412162392194,LLBS,45,45,41,582,23862
201412162392191,LLBS,38,38,10,593,5930
201412162392088,LLBS,17,39,10,615,6150
201412162392087,LLBS,17,39,10,615,6150
201412162392086,LLBS,17,39,10,615,6150
201412162392102,LLBS,17,39,10,615,6150
201412162392099,LLBS,17,39,10,615,6150
201412162392098,LLBS,17,39,10,615,6150
201412162392097,LLBS,17,39,10,615,6150
201412162392096,LLBS,17,39,10,615,6150
201412162392090,LLBS,17,39,10,615,6150
201412162392190,LLBS,45,45,41,582,23862
201412162392174,LLBS,45,45,41,582,23862
201412162392163,LLBS,45,45,41,591,24231
201412162392150,LLBS,45,45,41,603,24723
201412162392121,LLBS,17,14,41,615,25215
201412162392103,LLBS,17,39,10,615,6150
201412162392371,LUBL,26,17,540,332,179280
201412162392237,LUBL,17,6,100,337,33700
201412162392211,LUBL,45,32,11,343,3773
201412162392181,MBBL,57,39,200,145,29000
201412162392376,MBL,34,1,364,539,196196
201412162392358,MBL,22,1,100,539,53900
201412162392368,MEGA,45,45,13,401,5213
201412162392338,MEGA,8,22,672,405,272160
201412162392325,MEGA,26,48,55,400,22000
201412162392323,MEGA,26,48,55,400,22000
201412162392319,MEGA,26,48,31,400,12400
201412162392318,MEGA,26,48,31,400,12400
201412162392043,MEGA,58,58,32,415,13280
201412162392042,MEGA,58,58,31,415,12865
201412162392091,MEGA,49,49,26,410,10660
201412162392056,MEGA,1,41,32,415,13280
201412162392055,MEGA,1,1,32,415,13280
201412162392047,MEGA,58,58,28,415,11620
201412162392046,MEGA,58,58,32,415,13280
201412162392044,MEGA,58,58,28,415,11620
201412162392200,MEGA,49,49,77,395,30415
201412162392143,MEGA,22,8,13,402,5226
201412162392119,MEGA,22,41,32,408,13056
201412162392117,MEGA,17,41,32,410,13120
201412162392111,MEGA,22,52,90,408,36720
201412162392109,MEGA,49,14,37,409,15133
201412162392317,MEGA,26,48,31,400,12400
201412162392316,MEGA,26,29,13,400,5200
201412162392315,MEGA,26,29,10,400,4000
201412162392314,MEGA,26,29,32,400,12800
201412162392313,MEGA,26,39,32,400,12800
201412162392279,MEGA,48,25,183,393,71919
201412162392112,MFIL,57,42,168,150,25200
201412162392045,MIDBL,51,17,447,189,84483
201412162392275,MLBBL,39,29,10,719,7190
201412162392295,MTBL,39,45,97,187,18139
201412162392404,NABIL,25,26,134,1935,259290
201412162392374,NABIL,14,3,36,1930,69480
201412162392349,NABIL,42,6,100,1925,192500
201412162392214,NABIL,45,58,100,1915,191500
201412162392213,NABIL,13,58,40,1916,76640
201412162392155,NABIL,21,22,15,1950,29250
201412162392383,NBB,38,25,66,469,30954
201412162392382,NBB,38,25,300,465,139500
201412162392363,NBB,38,46,458,460,210680
201412162392345,NBB,49,39,125,459,57375
201412162392335,NBB,5,32,200,452,90400
201412162392271,NBB,25,48,20,455,9100
201412162392130,NBB,32,36,415,480,199200
201412162392248,NBB,25,26,200,460,92000
201412162392240,NBB,25,25,150,460,69000
201412162392188,NBB,17,55,200,465,93000
201412162392185,NBB,1,57,100,471,47100
201412162392409,NBL,55,52,380,359,136420
201412162392379,NBL,6,20,200,360,72000
201412162392178,NBL,6,6,800,361,288800
201412162392166,NBL,21,58,50,365,18250
201412162392145,NBL,22,46,1000,360,360000
201412162392139,NBL,38,44,1000,362,362000
201412162392396,NCCB,26,6,500,555,277500
201412162392395,NCCB,48,14,26,554,14404
201412162392348,NCCB,48,48,500,550,275000
201412162392241,NCCB,56,45,105,542,56910
201412162392172,NCCB,20,29,210,540,113400
201412162392149,NCCB,22,10,2000,544,1088000
201412162392148,NCCB,22,10,100,545,54500
201412162392147,NCCB,33,10,700,546,382200
201412162392146,NCCB,11,10,300,550,165000
201412162392364,NGBL,45,26,100,289,28900
201412162392302,NGBL,43,43,20,294,5880
201412162392401,NHPC,54,4,1000,126,126000
201412162392308,NHPC,26,49,1000,125,125000
201412162392280,NHPC,44,41,1000,126,126000
201412162392225,NHPC,44,51,1000,125,125000
201412162392224,NHPC,44,51,1000,125,125000
201412162392195,NHPC,16,33,1000,123,123000
201412162392193,NHPC,44,33,1000,123,123000
201412162392128,NHPC,11,51,1000,125,125000
201412162392378,NIB,29,22,120,730,87600
201412162392380,NLICL,6,28,100,2160,216000
201412162392337,NLICL,49,49,200,2155,431000
201412162392333,NLICL,53,49,100,2155,215500
201412162392332,NLICL,41,49,200,2156,431200
201412162392167,NTC,28,3,110,608,66880
201412162392144,NTC,44,44,120,609,73080
201412162392304,PCBL,25,59,56,517,28952
201412162392227,PCBL,36,52,317,520,164840
201412162392206,PCBL,1,49,39,517,20163
201412162392171,PCBL,26,52,36,521,18756
201412162392132,PCBL,42,42,27,531,14337
201412162392127,PCBL,33,36,109,530,57770
201412162392094,PCBL,47,36,138,539,74382
201412162392092,PCBL,33,22,26,543,14118
201412162392089,PCBL,33,38,71,540,38340
201412162392168,PFCLL,32,7,45,131,5895
201412162392124,PFCLL,14,7,29,131,3799
201412162392108,PFCLL,14,7,28,133,3724
201412162392073,PFCLL,14,22,30,135,4050
201412162392070,PFCLL,14,22,30,137,4110
201412162392066,PFCLL,58,58,38,139,5282
201412162392058,PFCLL,58,22,40,141,5640
201412162392041,PFCLL,58,22,40,143,5720
201412162392336,PLIC,29,16,54,971,52434
201412162392334,PLIC,29,16,200,971,194200
201412162392107,PRDBL,44,44,10,160,1600
201412162392100,PRDBL,44,44,10,160,1600
201412162392093,PRDBL,44,44,10,160,1600
201412162392081,PRDBL,44,44,20,160,3200
201412162392074,PRDBL,44,44,10,160,1600
201412162392069,PRDBL,44,44,10,160,1600
201412162392405,REDBL,3,58,17,193,3281
201412162392301,SADBL,5,39,60,292,17520
201412162392331,SANIMA,54,29,500,529,264500
201412162392326,SANIMA,25,40,37,525,19425
201412162392269,SANIMA,26,1,289,521,150569
201412162392202,SANIMA,42,10,93,521,48453
201412162392063,SANIMA,32,32,553,530,293090
201412162392328,SBBLJ,11,16,100,530,53000
201412162392327,SBBLJ,41,16,370,530,196100
201412162392309,SBBLJ,11,45,18,530,9540
201412162392403,SBI,39,44,500,1015,507500
201412162392402,SBI,39,44,200,1013,202600
201412162392354,SBI,39,7,200,1005,201000
201412162392253,SBI,43,44,50,1005,50250
201412162392251,SBI,43,44,50,1007,50350
201412162392250,SBI,41,44,20,1012,20240
201412162392131,SBI,43,6,115,1026,117990
201412162392125,SBI,43,56,22,1027,22594
201412162392222,SBL,14,58,100,630,63000
201412162392221,SBL,54,58,100,630,63000
201412162392156,SBL,14,39,40,642,25680
201412162392176,SCB,21,38,51,1915,97665
201412162392160,SCB,16,38,50,1913,95650
201412162392120,SCB,29,10,194,1951,378494
201412162392054,SCB,16,16,50,1990,99500
201412162392277,SEWA,43,43,14,308,4312
201412162392351,SHINE,11,41,60,322,19320
201412162392324,SHINE,21,29,500,322,161000
201412162392420,SHPC,44,53,750,700,525000
201412162392416,SHPC,44,19,500,701,350500
201412162392412,SHPC,44,47,10,696,6960
201412162392352,SHPC,41,57,500,685,342500
201412162392274,SHPC,44,44,500,683,341500
201412162392115,SHPC,21,55,400,695,278000
201412162392053,SHPC,16,44,12,700,8400
201412162392052,SHPC,58,58,16,707,11312
201412162392051,SHPC,58,58,17,707,12019
201412162392071,SHPC,20,20,12,709,8508
201412162392068,SHPC,20,8,10,708,7080
201412162392062,SHPC,16,16,10,705,7050
201412162392061,SHPC,16,16,10,705,7050
201412162392060,SHPC,16,16,10,705,7050
201412162392059,SHPC,16,16,10,705,7050
201412162392084,SHPC,20,20,18,709,12762
201412162392080,SHPC,20,20,18,709,12762
201412162392079,SHPC,20,20,18,709,12762
201412162392078,SHPC,20,20,18,709,12762
201412162392076,SHPC,20,20,18,709,12762
201412162392072,SHPC,20,20,18,709,12762
201412162392305,SICL,33,58,93,750,69750
201412162392210,SICL,19,56,340,745,253300
201412162392201,SICL,21,56,500,750,375000
201412162392197,SICL,42,21,250,756,189000
201412162392101,SICL,19,50,255,757,193035
201412162392347,SIGS1,26,21,1000,15,14850
201412162392307,SIGS1,26,39,2000,15,29200
201412162392247,SIGS1,26,39,2000,15,29020
201412162392245,SIGS1,26,39,2000,15,29020
201412162392259,SIL,14,43,25,751,18775
201412162392057,SMFDB,21,16,10,1259,12590
201412162392312,SRBL,48,41,107,395,42265
201412162392306,SRBL,42,1,17,390,6630
201412162392300,SRBL,52,1,17,390,6630
201412162392289,SRBL,33,55,213,390,83070
201412162392162,SRBL,43,8,1000,397,397000
201412162392158,SRBL,52,55,15,400,6000
201412162392134,SRBL,8,22,500,398,199000
201412162392183,SYFL,3,40,472,89,42008
201412162392135,SYFL,5,25,119,90,10710
201412162392343,TRH,50,41,10,270,2700
201412162392263,UIC,3,48,29,853,24737
201412162392366,VBBL,55,52,70,125,8750
201412162392356,VBBL,39,52,40,124,4960
201412162392346,VBBL,39,52,50,124,6200
201412162392283,VBBL,25,56,40,122,4880
201412162392249,VBBL,32,52,100,124,12400
201412162392223,VBBL,37,41,20,126,2520
201412162392242,WDBL,22,50,94,212,19928
201412162392232,WDBL,22,43,40,216,8640
201412162392419,YETI,5,37,11,122,1342
201412162392417,YETI,5,37,11,122,1342
201412162392415,YETI,3,37,11,122,1342
201412162392411,YETI,3,37,20,122,2440
201412162392407,YETI,3,37,20,122,2440
201412162392212,YETI,22,7,50,124,6200
201412162392203,YETI,22,7,50,124,6200
201412162392142,YETI,21,37,11,125,1375
201412162392137,YETI,21,37,20,125,2500
201412162392133,YETI,21,37,20,125,2500
201412162392105,YETI,29,29,232,126,29232
