contract,symbol,buyer,seller,qty,rate,amt
201410202317908,ADBL,11,6,101,512,51712
201410202317884,ADBL,11,6,40,507,20280
201410202317750,ADBL,4,42,86,506,43516
201410202317869,AHPC,38,21,1000,378,378000
201410202317834,AHPC,28,3,100,381,38100
201410202317628,AHPC,29,25,97,388,37636
201410202317627,AHPC,29,58,32,387,12384
201410202317864,AIC,21,45,400,481,192400
201410202317967,ALICL,28,57,500,1175,587500
201410202317930,ALICL,28,14,1083,1178,1275774
201410202317922,ALICL,28,51,42,1175,49350
201410202317742,ALICL,45,26,100,1174,117400
201410202317721,ALICL,45,21,31,1175,36425
201410202317649,APEX,52,6,91,124,11284
201410202317830,ARDBL,5,51,890,149,132610
201410202317612,ARDBL,48,48,21,152,3192
201410202317608,ARDBL,48,48,21,151,3171
201410202317590,ARDBL,48,48,21,151,3171
201410202317582,ARDBL,48,48,21,149,3129
201410202317535,ARDBL,50,45,21,147,3087
201410202317531,ARDBL,32,45,21,148,3108
201410202317530,ARDBL,4,45,21,149,3129
201410202317525,ARDBL,17,45,21,150,3150
201410202317578,BHBL,42,42,110,160,17600
201410202317564,BHBL,42,42,100,163,16300
201410202317551,BHBL,42,42,60,166,9960
201410202317546,BHBL,42,42,60,169,10140
201410202317931,BLDBL,13,57,312,460,143520
201410202317828,BLDBL,6,6,171,460,78660
201410202317756,BLDBL,10,22,196,463,90748
201410202317702,BLDBL,6,25,48,462,22176
201410202317549,BLDBL,13,32,20,460,9200
201410202317871,BPCL,8,10,1000,660,660000
201410202317815,BPCL,28,10,1000,660,660000
201410202317809,BPCL,39,10,500,650,325000
201410202317740,BPCL,21,10,500,650,325000
201410202317579,BPCL,36,28,32,665,21280
201410202317565,BPCL,3,10,1000,652,652000
201410202317558,BPCL,1,10,500,655,327500
201410202317719,BPCL,21,10,1000,650,650000
201410202317677,BPCL,37,10,500,650,325000
201410202317615,BPCL,47,10,500,655,327500
201410202317605,BPCL,19,10,500,650,325000
201410202317597,BPCL,1,10,500,652,326000
201410202317584,BPCL,3,10,1000,652,652000
201410202317723,BUDBL,28,25,1913,196,374948
201410202317699,CBBL,11,32,52,1530,79560
201410202317574,CBBL,17,32,100,1515,151500
201410202317573,CBBL,25,53,477,1500,715500
201410202317982,CBL,7,56,394,282,111108
201410202317952,CBL,10,33,917,280,256760
201410202317836,CBL,11,48,204,284,57936
201410202317801,CBL,50,17,130,285,37050
201410202317722,CBL,46,58,15,289,4335
201410202317717,CBL,57,10,510,284,144840
201410202317653,CBL,57,22,146,283,41318
201410202317536,CBL,46,32,83,285,23655
201410202317513,CBL,29,32,27,286,7722
201410202317969,CCBL,17,47,40,285,11400
201410202317964,CCBL,50,51,306,285,87210
201410202317870,CCBL,17,29,160,285,45600
201410202317800,CCBL,41,6,92,285,26220
201410202317789,CCBL,50,6,320,284,90880
201410202317496,CCBL,13,32,40,285,11400
201410202317620,CCBL,13,48,32,286,9152
201410202317613,CCBL,13,48,32,286,9152
201410202317544,CCBL,13,25,31,285,8835
201410202317542,CCBL,13,25,40,285,11400
201410202317541,CCBL,13,25,40,285,11400
201410202317539,CCBL,13,25,40,285,11400
201410202317782,CCBL,50,50,16,285,4560
201410202317768,CCBL,50,50,24,285,6840
201410202317763,CCBL,8,6,160,283,45280
201410202317759,CCBL,50,50,40,285,11400
201410202317630,CCBL,13,48,32,286,9152
201410202317625,CCBL,13,48,32,286,9152
201410202317758,CDBL,13,41,15,375,5625
201410202317736,CDBL,45,45,31,374,11594
201410202317735,CDBL,45,45,31,374,11594
201410202317670,CEDBL,29,46,250,249,62250
201410202317883,CHCL,43,14,96,1811,173856
201410202317946,CIT,45,4,70,3032,212240
201410202317877,CIT,33,11,96,3031,290976
201410202317829,CIT,19,19,64,3050,195200
201410202317981,CNDBL,50,21,70,170,11900
201410202317980,CNDBL,50,50,70,170,11900
201410202317979,CNDBL,50,50,50,170,8500
201410202317978,CNDBL,50,50,50,170,8500
201410202317977,CNDBL,50,50,20,170,3400
201410202317976,CNDBL,50,50,20,170,3400
201410202317638,CNDBL,45,50,20,168,3360
201410202317635,CNDBL,45,50,20,168,3360
201410202317634,CNDBL,45,50,20,168,3360
201410202317591,CNDBL,45,29,20,168,3360
201410202317589,CNDBL,45,29,20,168,3360
201410202317586,CNDBL,45,29,20,168,3360
201410202317650,CNDBL,45,50,20,168,3360
201410202317647,CNDBL,45,50,20,168,3360
201410202317644,CNDBL,45,50,20,168,3360
201410202317643,CNDBL,45,50,20,168,3360
201410202317642,CNDBL,45,50,20,168,3360
201410202317640,CNDBL,45,50,20,168,3360
201410202317665,CNDBL,45,50,20,168,3360
201410202317664,CNDBL,45,50,20,168,3360
201410202317662,CNDBL,45,50,20,168,3360
201410202317654,CNDBL,45,50,20,168,3360
201410202317652,CNDBL,45,50,20,168,3360
201410202317651,CNDBL,45,50,20,168,3360
201410202317681,CNDBL,50,50,20,170,3400
201410202317680,CNDBL,50,50,20,170,3400
201410202317676,CNDBL,45,50,20,168,3360
201410202317673,CNDBL,45,50,20,168,3360
201410202317667,CNDBL,45,50,20,168,3360
201410202317666,CNDBL,45,50,20,168,3360
201410202317687,CNDBL,50,50,30,170,5100
201410202317686,CNDBL,50,50,30,170,5100
201410202317685,CNDBL,50,50,20,170,3400
201410202317684,CNDBL,50,50,20,170,3400
201410202317683,CNDBL,50,50,20,170,3400
201410202317682,CNDBL,50,50,20,170,3400
201410202317693,CNDBL,50,50,20,170,3400
201410202317692,CNDBL,50,50,30,170,5100
201410202317691,CNDBL,50,50,30,170,5100
201410202317690,CNDBL,50,50,30,170,5100
201410202317689,CNDBL,50,50,30,170,5100
201410202317688,CNDBL,50,50,30,170,5100
201410202317975,CNDBL,50,50,20,170,3400
201410202317974,CNDBL,50,50,20,170,3400
201410202317973,CNDBL,50,50,20,170,3400
201410202317972,CNDBL,50,50,20,170,3400
201410202317695,CNDBL,50,50,20,170,3400
201410202317694,CNDBL,50,50,20,170,3400
201410202317957,CZBIL,33,8,126,451,56826
201410202317878,CZBIL,33,6,418,454,189772
201410202317806,CZBIL,33,41,226,452,102152
201410202317503,CZBIL,33,5,168,450,75600
201410202317674,CZBIL,33,32,20,451,9020
201410202317533,EBL,5,38,50,1920,96000
201410202317764,EDBL,25,25,25,670,16750
201410202317751,EDBL,25,25,20,683,13660
201410202317926,FFCL,46,21,200,332,66400
201410202317927,GBBL,50,21,37,360,13320
201410202317718,GBBL,21,39,37,367,13579
201410202317499,GBBL,50,22,10,368,3680
201410202317970,GBIME,3,19,100,536,53600
201410202317924,GBIME,32,19,500,535,267500
201410202317811,GBIME,42,42,19,538,10222
201410202317865,GLICL,11,54,125,580,72500
201410202317826,GLICL,36,41,40,574,22960
201410202317825,GLICL,36,47,12,570,6840
201410202317833,GMFIL,28,14,147,280,41160
201410202317821,GMFIL,28,14,147,280,41160
201410202317819,GRAND,50,8,500,222,111000
201410202317767,GRAND,7,8,1000,221,221000
201410202317739,GRAND,6,8,500,221,110500
201410202317729,GRAND,33,8,1000,220,220000
201410202317701,GRAND,6,48,500,220,110000
201410202317669,GRAND,34,8,500,221,110500
201410202317629,GRAND,33,56,1000,220,220000
201410202317604,GRAND,45,48,502,220,110440
201410202317996,HAMA,56,26,1000,135,135000
201410202317700,HAMA,4,26,1000,137,137000
201410202317990,HBDL,49,6,500,96,48000
201410202317866,HBDL,49,49,5000,95,475000
201410202317857,HBDL,45,49,961,96,92256
201410202317846,HBDL,4,49,992,97,96224
201410202317737,HBDL,52,54,500,98,49000
201410202317987,HBL,40,8,51,873,44523
201410202317938,HBL,40,14,47,873,41031
201410202317824,HGI,17,29,12,546,6552
201410202317951,IDBL,48,25,11,182,2002
201410202317715,IDBL,4,17,500,180,90000
201410202317572,IDBL,4,25,168,180,30240
201410202317555,IDBL,4,48,1000,177,177000
201410202317583,INDBL,7,51,451,143,64493
201410202317775,JBBL,45,56,10,168,1680
201410202317935,JBNL,19,21,123,268,32964
201410202317749,JFL,34,32,147,632,92904
201410202317610,JFL,45,32,278,627,174306
201410202317568,KBBL,35,42,374,398,148852
201410202317887,KBL,4,7,100,576,57600
201410202317873,KBL,42,41,500,575,287500
201410202317872,KBL,41,7,153,574,87822
201410202317868,KBL,42,57,482,575,277150
201410202317867,KBL,42,44,1000,573,573000
201410202317838,KBL,29,32,35,576,20160
201410202317595,KBL,43,57,726,575,417450
201410202317562,KBL,45,16,1000,573,573000
201410202317552,KBL,41,41,54,576,31104
201410202317534,KBL,58,32,565,576,325440
201410202317528,KBL,50,53,469,573,268737
201410202317497,KBL,45,16,124,576,71424
201410202317672,KBL,45,16,178,577,102706
201410202317648,KBL,33,16,290,577,167330
201410202317645,KBL,22,5,48,575,27600
201410202317622,KBL,1,49,99,576,57024
201410202317619,KBL,8,17,1413,572,808236
201410202317611,KBL,52,7,114,576,65664
201410202317835,KBL,11,53,518,570,295260
201410202317817,KBL,57,32,192,575,110400
201410202317813,KBL,4,43,93,576,53568
201410202317785,KBL,52,10,500,572,286000
201410202317754,KBL,41,53,200,575,115000
201410202317675,KBL,57,57,500,575,287500
201410202317646,KDBL,8,17,42,122,5124
201410202317641,KDBL,8,21,42,122,5124
201410202317633,KDBL,8,17,42,122,5124
201410202317985,LBL,22,49,200,626,125200
201410202317984,LBL,19,49,200,626,125200
201410202317965,LBL,22,49,200,626,125200
201410202317955,LBL,42,49,500,625,312500
201410202317920,LBL,26,49,227,628,142556
201410202317912,LBL,32,49,500,627,313500
201410202317511,LBL,42,58,170,625,106250
201410202317816,LBL,14,49,500,627,313500
201410202317812,LBL,48,29,1000,629,629000
201410202317731,LBL,5,49,500,630,315000
201410202317727,LBL,48,29,1000,628,628000
201410202317668,LBL,8,14,60,631,37860
201410202317571,LBL,36,49,500,626,313000
201410202317925,LGIL,21,39,22,419,9218
201410202317917,LGIL,41,39,22,420,9240
201410202317911,LGIL,43,39,22,421,9262
201410202317895,LGIL,21,39,26,422,10972
201410202317839,LGIL,38,38,13,423,5499
201410202317745,LGIL,38,38,26,423,10998
201410202317822,LICN,53,45,50,3400,170000
201410202317792,LUBL,32,10,560,334,187040
201410202317711,LUBL,32,8,480,335,160800
201410202317559,LUBL,32,13,1305,332,433260
201410202317523,LUBL,32,45,241,335,80735
201410202317521,LUBL,13,45,172,336,57792
201410202317746,MBL,50,26,1200,489,586800
201410202317845,MEGA,42,11,40,390,15600
201410202317706,MEGA,1,6,126,386,48636
201410202317621,MEGA,42,45,32,387,12384
201410202317512,MEGA,54,54,37,389,14393
201410202317505,MEGA,54,54,32,389,12448
201410202317501,MEGA,54,54,32,389,12448
201410202317498,MEGA,54,54,37,389,14393
201410202317788,METRO,1,58,883,340,300220
201410202317774,METRO,32,32,144,339,48816
201410202317728,METRO,55,17,15,336,5040
201410202317726,METRO,55,17,15,336,5040
201410202317720,METRO,55,17,15,336,5040
201410202317716,METRO,55,17,15,336,5040
201410202317599,METRO,55,17,15,336,5040
201410202317906,MLBBL,39,45,13,800,10400
201410202317880,MLBBL,41,45,13,813,10569
201410202317795,MLBBL,41,45,13,829,10777
201410202317773,MLBBL,52,45,13,830,10790
201410202317679,MLBBL,52,39,10,830,8300
201410202317902,MMDBL,5,6,10,351,3510
201410202317901,MMDBL,5,6,10,351,3510
201410202317900,MMDBL,5,38,10,351,3510
201410202317899,MMDBL,5,38,10,351,3510
201410202317898,MMDBL,5,38,10,351,3510
201410202317897,MMDBL,5,38,10,351,3510
201410202317890,MMDBL,5,6,23,350,8050
201410202317986,MNBBL,50,47,88,780,68640
201410202317575,NABIL,45,17,200,2320,464000
201410202317556,NABIL,45,21,100,2319,231900
201410202317784,NABILP,7,32,100,1597,159700
201410202317585,NABILP,14,32,100,1590,159000
201410202317988,NBB,38,25,50,615,30750
201410202317983,NBB,38,55,10,604,6040
201410202317968,NBB,42,13,100,599,59900
201410202317960,NBB,44,22,1000,589,589000
201410202317954,NBB,35,55,10,593,5930
201410202317948,NBB,38,22,1000,584,584000
201410202317714,NBB,41,21,150,585,87750
201410202317696,NBB,49,7,220,582,128040
201410202317655,NBB,6,6,275,584,160600
201410202317602,NBB,10,26,500,584,292000
201410202317554,NBB,44,21,200,584,116800
201410202317808,NBB,35,44,500,587,293500
201410202317805,NBB,50,6,100,587,58700
201410202317802,NBB,35,14,1000,586,586000
201410202317790,NBB,38,16,200,588,117600
201410202317783,NBB,41,6,200,586,117200
201410202317760,NBB,38,17,750,585,438750
201410202317904,NBB,35,36,220,592,130240
201410202317903,NBB,35,6,500,591,295500
201410202317894,NBB,40,55,120,590,70800
201410202317893,NBB,40,55,160,590,94400
201410202317892,NBB,40,47,500,590,295000
201410202317944,NBB,44,22,500,589,294500
201410202317934,NBB,35,43,75,600,45000
201410202317933,NBB,35,50,500,600,300000
201410202317932,NBB,35,25,50,595,29750
201410202317923,NBB,38,55,40,605,24200
201410202317907,NBB,38,55,10,598,5980
201410202317959,NBBL,33,14,11,1610,17710
201410202317863,NBBL,33,5,10,1610,16100
201410202317858,NBBL,33,5,10,1610,16100
201410202317856,NBBL,51,59,11,1619,17809
201410202317855,NBBL,51,59,11,1619,17809
201410202317854,NBBL,51,59,11,1619,17809
201410202317853,NBBL,51,59,11,1619,17809
201410202317852,NBBL,51,6,100,1618,161800
201410202317851,NBBL,51,48,11,1615,17765
201410202317850,NBBL,51,48,10,1615,16150
201410202317849,NBBL,51,48,11,1615,17765
201410202317940,NBL,52,54,1000,389,389000
201410202317919,NBL,3,13,2000,387,774000
201410202317909,NBL,28,21,485,388,188180
201410202317709,NBL,29,45,52,390,20280
201410202317624,NBL,33,19,1500,385,577500
201410202317614,NBL,29,54,1000,385,385000
201410202317607,NBL,29,54,1000,385,385000
201410202317596,NBL,33,54,1000,385,385000
201410202317570,NBL,33,54,1000,385,385000
201410202317569,NCCB,39,48,100,616,61600
201410202317563,NCCB,16,48,100,616,61600
201410202317557,NCCB,37,48,100,616,61600
201410202317663,NGBL,49,29,26,295,7670
201410202317626,NHPC,3,36,4000,141,564000
201410202317966,NIB,41,38,127,784,99568
201410202317958,NIB,41,11,155,781,121055
201410202317886,NIB,41,1,200,779,155800
201410202317882,NIB,41,11,120,776,93120
201410202317881,NIB,41,25,50,775,38750
201410202317803,NIB,11,25,50,770,38500
201410202317734,NIB,8,32,120,771,92520
201410202317885,NICA,17,32,80,785,62800
201410202317831,NICA,41,42,49,782,38318
201410202317798,NICA,56,10,410,772,316520
201410202317713,NIL,25,6,136,783,106488
201410202317710,NIL,14,14,112,775,86800
201410202317671,NIL,40,6,136,781,106216
201410202317889,NLBBL,8,47,10,1173,11730
201410202317518,NLBBL,45,45,50,1150,57500
201410202317993,NLG,56,43,25,814,20350
201410202317992,NLG,56,43,25,813,20325
201410202317947,NLIC,21,17,200,4260,852000
201410202317818,NLIC,11,8,35,4279,149765
201410202317529,NLIC,10,10,53,4275,226575
201410202317991,NLICL,53,5,200,2285,457000
201410202317905,NLICL,28,49,200,2286,457200
201410202317807,NLICL,54,49,100,2295,229500
201410202317609,NLICL,53,36,55,2290,125950
201410202317587,NLICL,53,49,200,2295,459000
201410202317577,NLICL,28,5,356,2285,813460
201410202317522,NLICL,53,25,98,2290,224420
201410202317879,NTC,32,13,100,620,62000
201410202317989,NUBL,44,6,20,1553,31060
201410202317939,NUBL,44,6,37,1550,57350
201410202317915,NUBL,44,47,79,1550,122450
201410202317914,NUBL,44,21,10,1550,15500
201410202317896,NUBL,29,21,122,1540,187880
201410202317733,NUBL,44,21,27,1540,41580
201410202317732,NUBL,44,28,30,1530,45900
201410202317730,NUBL,44,41,100,1530,153000
201410202317598,NUBL,45,28,54,1525,82350
201410202317567,NUBL,50,21,127,1520,193040
201410202317519,NUBL,11,28,64,1520,97280
201410202317918,PCBL,26,56,141,510,71910
201410202317796,PCBL,26,56,22,512,11264
201410202317744,PCBL,21,46,100,510,51000
201410202317725,PCBL,26,14,48,512,24576
201410202317697,PCBL,21,45,73,510,37230
201410202317550,PCBL,17,29,100,511,51100
201410202317548,PCBL,45,29,500,510,255000
201410202317543,PCBL,44,29,500,510,255000
201410202317616,PIC,37,6,39,848,33072
201410202317606,PIC,37,39,24,861,20664
201410202317581,PIC,41,39,34,865,29410
201410202317962,PICL,39,17,250,435,108750
201410202317999,PLIC,28,21,287,1020,292740
201410202317971,PLIC,49,21,200,1015,203000
201410202317588,PLIC,36,39,190,1028,195320
201410202317527,PLIC,10,20,128,1015,129920
201410202317520,PLIC,10,26,22,1019,22418
201410202317510,PLIC,28,26,750,1010,757500
201410202317509,PLIC,28,26,150,1016,152400
201410202317508,PLIC,45,26,200,1017,203400
201410202317507,PLIC,49,26,200,1018,203600
201410202317506,PLIC,43,26,10,1018,10180
201410202317874,PRDBL,4,39,100,155,15500
201410202317659,PRDBL,48,3,10,155,1550
201410202317658,PRDBL,48,47,30,154,4620
201410202317657,PRDBL,48,47,30,154,4620
201410202317656,PRDBL,48,47,30,154,4620
201410202317859,PURBL,45,21,33,365,12045
201410202317861,REDBL,11,25,17,210,3570
201410202317843,REDBL,20,5,17,211,3587
201410202317832,REDBL,11,25,17,211,3587
201410202317929,RMDC,45,1,99,800,79200
201410202317636,SADBL,45,56,323,314,101422
201410202317540,SANIMA,28,5,60,485,29100
201410202317538,SANIMA,28,5,50,485,24250
201410202317891,SBI,29,59,329,1010,332290
201410202317515,SBI,29,5,25,1010,25250
201410202317504,SBI,29,5,14,1009,14126
201410202317961,SBL,54,25,111,620,68820
201410202317953,SBL,50,13,322,620,199640
201410202317847,SBL,50,36,355,620,220100
201410202317500,SBL,54,42,13,620,8060
201410202317876,SCB,41,25,186,2100,390600
201410202317862,SCB,3,25,279,2100,585900
201410202317837,SCB,3,57,51,2100,107100
201410202317994,SEWA,36,47,30,397,11910
201410202317769,SEWA,49,4,106,390,41340
201410202317580,SEWA,38,36,2705,390,1054950
201410202317560,SEWA,38,47,30,392,11760
201410202317941,SHINE,57,26,50,368,18400
201410202317937,SHINE,57,43,100,367,36700
201410202317921,SHINE,57,47,168,360,60480
201410202317517,SHINE,14,47,168,360,60480
201410202317502,SHINE,57,56,33,362,11946
201410202317949,SHL,37,49,100,600,60000
201410202317943,SHL,17,49,500,590,295000
201410202317791,SHL,39,49,500,586,293000
201410202317786,SHL,49,49,5000,575,2875000
201410202317772,SHL,49,49,1000,575,575000
201410202317771,SHL,49,49,1000,575,575000
201410202317741,SHL,40,49,500,595,297500
201410202317766,SHL,49,49,1000,575,575000
201410202317765,SHL,49,49,1000,575,575000
201410202317761,SHL,49,49,20000,575,11500000
201410202317757,SHL,49,49,10000,575,5750000
201410202317752,SHL,49,49,500,580,290000
201410202317743,SHL,42,49,500,590,295000
201410202317998,SHPC,37,49,500,670,335000
201410202317916,SHPC,10,21,333,670,223110
201410202317910,SHPC,36,21,500,670,335000
201410202317860,SHPC,42,6,18,677,12186
201410202317823,SHPC,22,6,18,677,12186
201410202317820,SHPC,22,6,18,677,12186
201410202317561,SHPC,19,49,1000,670,670000
201410202317514,SHPC,33,35,18,675,12150
201410202317799,SHPC,19,35,18,675,12150
201410202317753,SHPC,19,6,10,674,6740
201410202317661,SHPC,49,49,500,670,335000
201410202317660,SHPC,49,49,500,670,335000
201410202317639,SHPC,19,19,10,674,6740
201410202317566,SHPC,28,49,500,670,335000
201410202317708,SIC,52,26,50,1179,58950
201410202317632,SIC,39,48,86,1178,101308
201410202317724,SICL,21,29,500,800,400000
201410202317705,SICL,53,41,50,802,40100
201410202317703,SIL,37,5,39,785,30615
201410202317698,SIL,1,5,39,786,30654
201410202317678,SIL,34,5,39,787,30693
201410202317842,SKBBL,29,49,12,1430,17160
201410202317841,SKBBL,29,49,12,1430,17160
201410202317747,SKBBL,29,26,12,1427,17124
201410202317545,SKBBL,29,26,22,1415,31130
201410202317524,SKBBL,29,38,12,1415,16980
201410202317945,SLBBL,37,57,264,2238,590832
201410202317748,SLBBL,37,57,88,2230,196240
201410202317576,SLBBL,55,1,10,2238,22380
201410202317875,SLICL,21,36,13,682,8866
201410202317840,SLICL,36,33,180,682,122760
201410202317827,SLICL,21,33,180,682,122760
201410202317814,SLICL,36,33,180,680,122400
201410202317794,SLICL,25,8,200,674,134800
201410202317793,SLICL,51,8,600,674,404400
201410202317770,SLICL,48,33,180,678,122040
201410202317762,SLICL,54,8,500,676,338000
201410202317755,SLICL,39,45,125,680,85000
201410202317712,SLICL,20,33,180,677,121860
201410202317707,SLICL,20,33,180,677,121860
201410202317617,SLICL,20,32,500,677,338500
201410202317781,SLICL,54,8,500,675,337500
201410202317780,SLICL,42,8,100,675,67500
201410202317779,SLICL,32,8,300,676,202800
201410202317778,SLICL,46,8,30,677,20310
201410202317777,SLICL,48,8,320,678,216960
201410202317776,SLICL,20,14,293,681,199533
201410202317637,SMFDB,14,56,19,1020,19380
201410202317631,SMFDB,14,56,19,1020,19380
201410202317997,SRBL,37,1,300,377,113100
201410202317963,SRBL,13,1,200,380,76000
201410202317956,SRBL,13,1,300,380,114000
201410202317942,SRBL,6,6,17,386,6562
201410202317797,SRBL,13,21,22,385,8470
201410202317603,SRBL,13,58,43,387,16641
201410202317600,SRBL,13,25,125,380,47500
201410202317594,SRBL,13,58,72,387,27864
201410202317592,SRBL,13,58,25,387,9675
201410202317913,SUPRME,46,38,1000,164,164000
201410202317888,SUPRME,48,47,1392,163,226896
201410202317704,SUPRME,48,47,1580,163,257540
201410202317618,SUPRME,48,49,30,164,4920
201410202317844,SWBBL,13,32,100,1849,184900
201410202317553,SWBBL,10,33,100,1845,184500
201410202317547,SWBBL,32,32,100,1840,184000
201410202317995,TRH,46,21,2000,281,562000
201410202317738,VBBL,25,13,110,123,13530
201410202317526,VBBL,25,39,370,121,44770
201410202317950,YETI,49,21,120,125,15000
201410202317810,YETI,28,29,30,127,3810
201410202317804,YETI,28,29,30,127,3810
201410202317787,YETI,28,56,20,127,2540
201410202317516,YETI,17,56,20,126,2520
201410202317229,ADBL,25,7,20,505,10100
201410202317221,AHPC,41,52,51,382,19482
201410202317172,AIC,45,25,73,490,35770
201410202317418,ALICL,45,11,56,1162,65072
201410202317405,ALICL,28,11,56,1165,65240
201410202317362,ALICL,39,16,102,1177,120054
201410202317252,ALICL,5,5,117,1161,135837
201410202317226,ALICL,28,14,149,1170,174330
201410202317096,ALICL,49,14,500,1178,589000
201410202317423,APEX,21,3,190,123,23370
201410202317410,APEX,21,3,120,123,14760
201410202317358,APEX,17,14,91,123,11193
201410202317311,ARDBL,4,4,21,152,3192
201410202317295,ARDBL,4,4,21,152,3192
201410202317288,ARDBL,4,4,21,152,3192
201410202317272,ARDBL,4,45,21,153,3213
201410202317102,ARDBL,48,45,52,150,7800
201410202317103,BGDBL,16,16,170,169,28730
201410202317031,BGDBL,16,8,250,166,41500
201410202317144,BLDBL,13,25,177,458,81066
201410202317435,BPCL,7,28,200,665,133000
201410202317411,BPCL,33,28,300,660,198000
201410202317349,BPCL,41,28,300,660,198000
201410202317487,CBBL,39,32,18,1520,27360
201410202317352,CBBL,41,28,21,1517,31857
201410202317319,CBBL,45,21,79,1516,119764
201410202317060,CBBL,58,45,432,1500,648000
201410202317160,CBL,16,13,122,286,34892
201410202317149,CBL,20,37,27,286,7722
201410202317476,CCBL,8,32,36,285,10260
201410202317414,CCBL,42,46,147,287,42189
201410202317401,CCBL,42,48,17,286,4862
201410202317391,CCBL,1,48,17,286,4862
201410202317366,CCBL,42,26,40,287,11480
201410202317064,CCBL,13,13,38,283,10754
201410202317008,CCBL,42,42,40,284,11360
201410202317001,CCBL,42,42,40,283,11320
201410202317110,CCBL,16,45,40,285,11400
201410202317101,CCBL,13,13,38,283,10754
201410202317071,CCBL,13,13,38,283,10754
201410202317152,CCBL,13,13,37,283,10471
201410202317140,CCBL,13,13,38,285,10830
201410202317134,CCBL,16,25,40,290,11600
201410202317133,CCBL,13,13,38,286,10868
201410202317124,CCBL,16,14,21,289,6069
201410202317123,CCBL,13,13,36,286,10296
201410202317181,CCBL,57,25,20,286,5720
201410202317175,CCBL,13,13,39,283,11037
201410202317251,CCBL,13,13,39,286,11154
201410202317228,CCBL,13,13,39,286,11154
201410202317222,CCBL,13,13,39,286,11154
201410202317217,CCBL,13,13,39,286,11154
201410202317208,CCBL,13,13,39,286,11154
201410202317201,CCBL,13,13,37,286,10582
201410202317089,CDBL,1,58,31,373,11563
201410202317046,CDBL,1,22,15,380,5700
201410202317033,CDBL,1,22,15,380,5700
201410202317329,CEDBL,13,19,11,245,2695
201410202317257,CEDBL,45,45,170,244,41480
201410202317125,CEDBL,26,26,36,242,8712
201410202317054,CEDBL,13,25,72,246,17712
201410202317494,CHCL,14,7,18,1825,32850
201410202317493,CHCL,14,43,40,1820,72800
201410202317491,CHCL,14,47,47,1818,85446
201410202317489,CHCL,21,14,28,1816,50848
201410202317488,CHCL,14,45,174,1815,315810
201410202317368,CHCL,16,49,130,1815,235950
201410202317367,CHCL,16,47,110,1814,199540
201410202317211,CHCL,29,1,236,1817,428812
201410202317113,CHCL,11,56,26,1820,47320
201410202317056,CIT,1,4,100,3050,305000
201410202317372,CNDBL,45,50,20,168,3360
201410202317369,CNDBL,45,50,20,168,3360
201410202317365,CNDBL,45,50,20,168,3360
201410202317234,CNDBL,45,37,20,167,3340
201410202317209,CNDBL,47,21,500,168,84000
201410202317027,CZBIL,29,29,63,454,28602
201410202317035,CZBIL,29,29,63,454,28602
201410202317409,DDBL,17,13,20,1300,26000
201410202317485,EBL,25,37,10,1923,19230
201410202317449,EBL,16,5,40,1914,76560
201410202317136,EBL,38,56,130,1923,249990
201410202317120,EBL,36,17,29,1930,55970
201410202317115,EBL,36,13,25,1928,48200
201410202317100,EBL,11,56,100,1915,191500
201410202317400,GBIME,14,38,17,538,9146
201410202317397,GBIME,14,38,25,538,13450
201410202317396,GBIME,14,38,36,538,19368
201410202317395,GBIME,55,56,20,545,10900
201410202317393,GBIME,14,38,17,538,9146
201410202317387,GBIME,14,38,17,538,9146
201410202317384,GBIME,14,38,25,538,13450
201410202317382,GBIME,14,38,17,538,9146
201410202317376,GBIME,14,38,17,538,9146
201410202317128,GBIME,35,38,17,538,9146
201410202317116,GBIME,35,38,25,538,13450
201410202317097,GBIME,11,38,25,535,13375
201410202317483,GRAND,33,32,1000,220,220000
201410202317373,GRAND,33,44,1060,220,233200
201410202317357,GRAND,45,48,191,221,42211
201410202317300,GRAND,33,56,1000,220,220000
201410202317298,GRAND,33,56,1000,220,220000
201410202317204,GRAND,49,8,1000,221,221000
201410202317019,GRAND,33,32,1000,220,220000
201410202317203,GRAND,37,25,90,224,20160
201410202317171,GRAND,45,51,21,222,4662
201410202317163,GRAND,49,8,1000,221,221000
201410202317122,GRAND,33,8,500,221,110500
201410202317095,GRAND,52,38,221,221,48841
201410202317197,HAMA,4,56,40,135,5400
201410202317193,HAMA,4,56,40,135,5400
201410202317477,HAMRO,11,25,210,315,66150
201410202317363,HAMRO,43,25,300,312,93600
201410202317337,HBDL,51,17,500,98,49000
201410202317066,HBDL,28,17,1000,97,97000
201410202317467,HBL,53,8,99,880,87120
201410202317408,HBL,32,8,496,875,434000
201410202317271,IDBL,45,17,300,175,52500
201410202317156,IDBL,26,26,22,172,3784
201410202317334,JBBL,45,35,310,168,52080
201410202317270,JBBL,45,51,60,168,10080
201410202317256,JBBL,45,51,90,168,15120
201410202317249,JBBL,45,51,90,168,15120
201410202317109,JBBL,45,45,150,169,25350
201410202317108,JBBL,45,3,10,169,1690
201410202317107,JBBL,45,46,90,169,15210
201410202317106,JBBL,45,46,50,169,8450
201410202317058,JBBL,45,42,30,166,4980
201410202317199,JBNL,26,26,89,270,24030
201410202317158,JBNL,36,38,40,265,10600
201410202317070,JBNL,50,45,271,270,73170
201410202317069,JBNL,50,29,97,269,26093
201410202317037,JFL,52,38,500,625,312500
201410202317495,KBL,6,6,1500,571,856500
201410202317486,KBL,6,6,1500,571,856500
201410202317470,KBL,10,21,1500,571,856500
201410202317463,KBL,13,16,538,570,306660
201410202317462,KBL,38,45,1107,570,630990
201410202317450,KBL,6,6,600,572,343200
201410202317052,KBL,39,25,54,578,31212
201410202317044,KBL,42,25,42,580,24360
201410202317034,KBL,20,25,10,580,5800
201410202317026,KBL,28,26,520,570,296400
201410202317016,KBL,14,7,20,580,11600
201410202317189,KBL,38,16,500,574,287000
201410202317173,KBL,45,3,12,580,6960
201410202317167,KBL,5,16,750,570,427500
201410202317142,KBL,3,3,118,579,68322
201410202317073,KBL,45,3,14,580,8120
201410202317061,KBL,44,14,61,580,35380
201410202317320,KBL,52,53,500,575,287500
201410202317313,KBL,14,48,100,578,57800
201410202317239,KBL,58,7,97,578,56066
201410202317230,KBL,1,34,420,572,240240
201410202317214,KBL,16,16,500,573,286500
201410202317196,KBL,40,25,203,574,116522
201410202317430,KBL,19,5,168,575,96600
201410202317427,KBL,45,16,72,577,41544
201410202317412,KBL,25,16,72,577,41544
201410202317378,KBL,17,17,628,574,360472
201410202317354,KBL,45,13,21,577,12117
201410202317328,KBL,17,7,200,577,115400
201410202317117,KDBL,29,29,62,122,7564
201410202317007,KDBL,26,49,43,121,5203
201410202317003,KDBL,26,49,11,121,1331
201410202316996,KDBL,26,49,43,120,5160
201410202317468,KFL,14,14,33,137,4521
201410202317461,KFL,14,14,31,137,4247
201410202317451,KFL,14,14,634,135,85590
201410202317296,KMCDB,34,51,500,680,340000
201410202317277,KMCDB,34,6,10,678,6780
201410202317276,KMCDB,34,14,10,677,6770
201410202317183,KMCDB,22,39,10,671,6710
201410202317182,KMCDB,22,39,10,671,6710
201410202317154,KMCDB,22,51,10,671,6710
201410202317148,KMCDB,22,51,10,671,6710
201410202317275,KMCDB,34,14,10,677,6770
201410202317274,KMCDB,34,14,10,677,6770
201410202317187,KMCDB,22,39,10,671,6710
201410202317186,KMCDB,22,39,10,671,6710
201410202317184,KMCDB,22,39,10,671,6710
201410202317238,KNBL,47,37,21,185,3885
201410202317481,LBL,16,29,100,628,62800
201410202317480,LBL,16,29,100,628,62800
201410202317478,LBL,34,51,546,629,343434
201410202317474,LBL,51,29,66,630,41580
201410202317465,LBL,6,29,100,629,62900
201410202317440,LBL,51,29,111,629,69819
201410202317065,LBL,17,42,15,632,9480
201410202317028,LBL,19,52,91,629,57239
201410202317259,LBL,1,29,100,629,62900
201410202317258,LBL,48,29,10,630,6300
201410202317168,LBL,35,38,1302,627,816354
201410202317127,LBL,51,14,115,628,72220
201410202317072,LBL,17,14,103,633,65199
201410202317265,LBL,13,29,100,625,62500
201410202317264,LBL,10,29,200,626,125200
201410202317263,LBL,57,29,300,626,187800
201410202317262,LBL,32,29,70,626,43820
201410202317261,LBL,6,29,100,627,62700
201410202317260,LBL,19,29,60,629,37740
201410202317438,LBL,16,51,1000,628,628000
201410202317434,LBL,16,29,1000,627,627000
201410202317269,LBL,29,29,260,625,162500
201410202317268,LBL,17,29,500,625,312500
201410202317267,LBL,42,29,150,625,93750
201410202317266,LBL,45,29,150,625,93750
201410202317425,LGIL,36,39,44,425,18700
201410202317424,LGIL,36,39,44,425,18700
201410202317421,LGIL,36,57,21,424,8904
201410202317419,LGIL,36,57,21,424,8904
201410202317416,LGIL,36,57,21,424,8904
201410202317415,LGIL,36,57,21,424,8904
201410202317180,LGIL,16,39,44,420,18480
201410202317341,LGIL,43,39,44,421,18524
201410202317284,LGIL,38,38,10,421,4210
201410202317250,LGIL,38,38,12,421,5052
201410202317413,LICN,57,39,100,3440,344000
201410202317011,LICN,45,39,100,3440,344000
201410202317145,LUBL,41,16,63,337,21231
201410202317143,LUBL,41,47,38,337,12806
201410202317392,LUBL,32,55,221,335,74035
201410202317385,LUBL,32,55,400,335,134000
201410202317286,LUBL,32,13,500,335,167500
201410202317353,MBL,36,36,88,486,42768
201410202317055,MBL,59,17,100,495,49500
201410202317029,MBL,36,36,110,486,53460
201410202317006,MBL,36,36,430,482,207260
201410202317253,MDB,26,26,57,461,26277
201410202317235,MDB,26,21,18,461,8298
201410202317351,MEGA,48,58,73,389,28397
201410202317348,MEGA,16,39,193,388,74884
201410202317344,MEGA,16,16,13,388,5044
201410202317343,MEGA,16,16,13,388,5044
201410202317342,MEGA,16,16,13,388,5044
201410202317340,MEGA,16,16,13,388,5044
201410202317141,MEGA,22,39,106,388,41128
201410202317138,MEGA,22,17,32,387,12384
201410202317004,MEGA,32,5,32,386,12352
201410202317443,MIDBL,57,14,176,210,36960
201410202317241,MIDBL,57,43,10,210,2100
201410202317237,MIDBL,57,43,110,210,23100
201410202317216,MIDBL,57,32,180,210,37800
201410202317147,MLBBL,28,45,10,845,8450
201410202317126,MLBBL,28,45,10,845,8450
201410202317105,MLBBL,28,52,10,845,8450
201410202317190,MMDBL,57,45,10,345,3450
201410202317364,MNBBL,42,47,14,781,10934
201410202317312,MNBBL,54,47,88,780,68640
201410202317309,MNBBL,42,47,88,781,68728
201410202317057,MNBBL,43,14,200,785,157000
201410202317294,NABIL,3,22,250,2300,575000
201410202317407,NABILP,41,32,20,1600,32000
201410202317381,NABILP,14,44,100,1590,159000
201410202317279,NABILP,54,28,200,1598,319600
201410202317176,NABILP,38,28,200,1595,319000
201410202317479,NBB,35,26,700,583,408100
201410202317459,NBB,36,44,200,585,117000
201410202317458,NBB,36,25,40,585,23400
201410202317446,NBB,13,32,25,587,14675
201410202317436,NBB,29,46,200,584,116800
201410202317428,NBB,35,44,500,585,292500
201410202317146,NBB,41,44,300,585,175500
201410202317077,NBB,57,44,500,585,292500
201410202317441,NBF1,26,13,1168,14,16410
201410202317433,NBF1,26,42,2997,14,42168
201410202317431,NBF1,26,42,4798,14,67460
201410202317417,NBF1,41,42,2398,14,33716
201410202317291,NBF1,14,43,2997,14,42108
201410202317248,NBF1,42,42,5718,14,80624
201410202317022,NBF1,19,43,2997,14,42108
201410202317339,NBL,33,49,2000,385,770000
201410202317165,NBL,49,49,850,390,331500
201410202317422,NCCB,39,48,100,617,61700
201410202317377,NCCB,25,48,100,617,61700
201410202317338,NGBL,1,58,80,291,23280
201410202317292,NGBL,39,51,26,296,7696
201410202317278,NGBL,49,26,40,295,11800
201410202317426,NIB,33,11,51,766,39066
201410202317345,NIB,33,11,470,766,360020
201410202317308,NIB,52,45,184,770,141680
201410202317076,NIB,8,38,168,775,130200
201410202317475,NICA,44,28,576,781,449856
201410202317472,NICA,45,28,138,784,108192
201410202317469,NICA,8,28,165,785,129525
201410202317314,NICA,45,1,21,785,16485
201410202317310,NICA,45,1,50,785,39250
201410202317091,NICL,34,32,500,460,230000
201410202317471,NLBBL,38,59,400,1140,456000
201410202317304,NLBBL,8,47,60,1152,69120
201410202317303,NLBBL,8,47,20,1150,23000
201410202317302,NLBBL,8,47,60,1145,68700
201410202317202,NLBBL,38,47,100,1140,114000
201410202317332,NLG,21,32,13,810,10530
201410202317330,NLG,21,36,96,810,77760
201410202317289,NLG,17,17,13,808,10504
201410202317210,NLG,26,36,254,801,203454
201410202317195,NLG,52,42,156,810,126360
201410202317490,NLIC,10,10,28,4275,119700
201410202317460,NLICL,19,14,417,2283,952011
201410202317388,NLICL,21,5,299,2299,687401
201410202317059,NLICL,21,26,140,2300,322000
201410202317032,NLICL,21,45,165,2300,379500
201410202317082,NNFC,58,13,1711,270,461970
201410202317081,NNFC,58,57,500,270,135000
201410202317135,NNLB,55,13,10,750,7500
201410202317177,NTC,48,48,110,620,68200
201410202317132,NTC,32,49,250,620,155000
201410202317131,NTC,32,40,100,620,62000
201410202317383,NUBL,44,21,98,1520,148960
201410202317370,NUBL,44,28,107,1510,161570
201410202317254,NUBL,48,14,87,1520,132240
201410202317246,NUBL,44,6,24,1524,36576
201410202317243,NUBL,44,47,100,1522,152200
201410202317240,NUBL,44,47,67,1521,101907
201410202316998,NUBL,44,47,494,1501,741494
201410202317212,NUBL,44,39,123,1510,185730
201410202317161,NUBL,32,21,49,1510,73990
201410202317157,NUBL,38,21,270,1500,405000
201410202317139,NUBL,44,47,707,1500,1060500
201410202317118,NUBL,32,28,72,1505,108360
201410202317013,NUBL,40,47,392,1500,588000
201410202317233,NUBL,44,41,100,1520,152000
201410202317232,NUBL,44,47,100,1519,151900
201410202317225,NUBL,44,47,67,1518,101706
201410202317220,NUBL,44,21,76,1516,115216
201410202317218,NUBL,44,47,100,1515,151500
201410202317215,NUBL,44,21,165,1514,249810
201410202317404,PCBL,46,36,225,511,114975
201410202317325,PCBL,29,29,53,515,27295
201410202317315,PCBL,35,56,432,514,222048
201410202317207,PCBL,25,25,19,513,9747
201410202317192,PCBL,29,29,27,515,13905
201410202317191,PCBL,29,29,27,515,13905
201410202317185,PCBL,26,25,15,515,7725
201410202317024,PFIL,45,47,295,156,46020
201410202317213,PIC,41,55,13,870,11310
201410202317206,PIC,41,1,34,875,29750
201410202317273,PICL,39,16,300,442,132600
201410202317492,PLIC,45,26,173,1020,176460
201410202317429,PLIC,45,43,30,1025,30750
201410202317327,PLIC,25,32,13,1025,13325
201410202317242,PLIC,26,43,81,1020,82620
201410202317099,PLIC,43,10,40,1018,40720
201410202317403,PRDBL,8,32,20,152,3040
201410202317390,PRDBL,4,32,100,152,15200
201410202317290,PRDBL,8,40,80,152,12160
201410202317080,PRDBL,4,51,190,151,28690
201410202317079,PRDBL,4,47,40,151,6040
201410202317078,PRDBL,4,47,40,150,6000
201410202317287,PURBL,45,21,55,365,20075
201410202317063,PURBL,45,42,22,365,8030
201410202317088,PURBL,45,45,22,366,8052
201410202317084,PURBL,45,45,22,366,8052
201410202317083,PURBL,45,45,22,366,8052
201410202317179,PURBL,45,25,33,366,12078
201410202317174,PURBL,45,47,33,366,12078
201410202317159,PURBL,45,38,20,366,7320
201410202317153,PURBL,45,38,20,366,7320
201410202317452,REDBL,39,58,17,207,3519
201410202317406,REDBL,39,58,17,207,3519
201410202317360,REDBL,32,32,17,208,3536
201410202317350,REDBL,32,32,26,208,5408
201410202317335,REDBL,39,39,470,210,98700
201410202317245,REDBL,29,37,17,208,3536
201410202317036,REDBL,21,5,44,210,9240
201410202317051,REDBL,21,6,17,210,3570
201410202317050,REDBL,21,6,17,210,3570
201410202317048,REDBL,21,6,17,210,3570
201410202317047,REDBL,21,6,17,210,3570
201410202317045,REDBL,21,5,17,210,3570
201410202317039,REDBL,21,5,17,210,3570
201410202317457,RMDC,54,43,250,805,201250
201410202317454,RMDC,54,43,96,805,77280
201410202317453,RMDC,54,17,10,805,8050
201410202317448,RMDC,54,28,33,800,26400
201410202317445,RMDC,54,56,33,800,26400
201410202317442,RMDC,54,47,33,800,26400
201410202317439,RMDC,54,43,34,800,27200
201410202317247,SANIMA,49,56,76,490,37240
201410202317188,SBBLJ,38,33,624,560,349440
201410202317399,SBI,47,26,100,1029,102900
201410202317321,SBI,13,53,56,1029,57624
201410202317255,SBL,14,50,100,620,62000
201410202317231,SBL,38,11,246,615,151290
201410202317336,SCB,41,48,37,2100,77700
201410202317281,SCB,3,14,150,2090,313500
201410202317236,SCB,41,49,36,2085,75060
201410202317227,SCB,49,49,662,2080,1376960
201410202317121,SCB,3,25,124,2100,260400
201410202317464,SFL,22,5,53,150,7950
201410202317040,SFL,47,13,10,153,1530
201410202317009,SFL,47,14,120,153,18360
201410202317402,SHINE,32,47,168,365,61320
201410202317244,SHINE,57,44,500,365,182500
201410202317371,SHPC,42,35,18,675,12150
201410202317359,SHPC,42,35,18,675,12150
201410202317318,SHPC,58,7,18,673,12114
201410202317299,SHPC,22,7,18,671,12078
201410202317293,SHPC,37,7,18,672,12096
201410202317285,SHPC,41,7,18,675,12150
201410202316999,SHPC,36,49,500,670,335000
201410202317018,SHPC,43,7,18,673,12114
201410202317015,SHPC,19,7,18,674,12132
201410202317014,SHPC,20,7,18,675,12150
201410202317010,SHPC,20,7,18,675,12150
201410202317005,SHPC,17,7,18,676,12168
201410202317000,SHPC,37,49,500,670,335000
201410202317042,SHPC,43,7,18,672,12096
201410202317041,SHPC,58,7,18,673,12114
201410202317038,SHPC,37,49,500,670,335000
201410202317025,SHPC,19,7,18,673,12114
201410202317021,SHPC,22,7,18,673,12114
201410202317020,SHPC,58,7,18,673,12114
201410202317087,SHPC,58,7,18,671,12078
201410202317086,SHPC,19,7,18,671,12078
201410202317075,SHPC,22,7,18,671,12078
201410202317068,SHPC,58,7,18,672,12096
201410202317053,SHPC,13,7,18,671,12078
201410202317049,SHPC,58,7,18,673,12114
201410202317283,SHPC,10,49,500,670,335000
201410202317282,SHPC,19,49,500,672,336000
201410202317164,SHPC,41,49,500,676,338000
201410202317155,SHPC,45,49,1000,671,671000
201410202317098,SHPC,22,7,18,671,12078
201410202317090,SHPC,37,7,18,672,12096
201410202317398,SICL,6,53,70,800,56000
201410202317305,SICL,54,29,500,800,400000
201410202317280,SICL,48,48,700,804,562800
201410202317085,SIL,34,16,400,790,316000
201410202317473,SKBBL,58,58,300,1410,423000
201410202317444,SKBBL,21,58,19,1409,26771
201410202317326,SKBBL,49,49,500,1382,691000
201410202317093,SKBBL,46,21,39,1410,54990
201410202317062,SKBBL,29,6,19,1407,26733
201410202317484,SLBBL,37,57,88,2230,196240
201410202317456,SLBBL,28,57,478,2210,1056380
201410202317205,SLBBL,57,57,110,2230,245300
201410202317194,SLBBL,57,57,214,2230,477220
201410202317482,SLICL,37,8,500,674,337000
201410202317333,SLICL,37,22,161,674,108514
201410202317324,SLICL,42,43,52,673,34996
201410202317323,SLICL,37,43,55,674,37070
201410202317307,SLICL,37,10,45,675,30375
201410202317223,SLICL,37,45,34,674,22916
201410202317074,SLICL,32,10,45,675,30375
201410202317420,SRBL,44,38,500,385,192500
201410202317394,SRBL,13,32,89,385,34265
201410202317389,SRBL,13,32,89,385,34265
201410202317355,SRBL,59,20,1330,382,508060
201410202317347,SRBL,59,1,303,384,116352
201410202317331,SRBL,29,29,53,383,20299
201410202317170,SRBL,29,29,35,383,13405
201410202317166,SRBL,29,29,35,383,13405
201410202317162,SRBL,29,29,17,383,6511
201410202317380,SUPRME,46,47,1000,161,161000
201410202317301,SUPRME,46,39,380,161,61180
201410202317455,SWBBL,13,33,500,1831,915500
201410202317447,SWBBL,13,38,128,1840,235520
201410202317219,SWBBL,10,33,400,1840,736000
201410202317112,SWBBL,5,47,200,1846,369200
201410202317111,SWBBL,5,32,50,1845,92250
201410202317012,SWBBL,38,33,500,1825,912500
201410202317119,TRH,4,37,10,285,2850
201410202317094,TRH,4,19,2450,281,688450
201410202317002,UFIL,22,16,10,152,1520
201410202317092,UFIL,26,26,300,149,44700
201410202317023,UFIL,22,16,100,152,15200
201410202317017,UFIL,22,16,10,152,1520
201410202317374,VBBL,54,53,700,120,84000
201410202317322,VBBL,50,6,431,122,52582
201410202317317,VBBL,29,29,50,124,6200
201410202317316,VBBL,29,29,40,124,4960
201410202317306,VBBL,32,41,40,123,4920
201410202317297,VBBL,32,41,40,123,4920
201410202317030,VBBL,8,6,40,122,4880
201410202317200,VBBL,11,53,350,122,42700
201410202317137,VBBL,29,29,50,123,6150
201410202317130,VBBL,29,29,60,123,7380
201410202317129,VBBL,54,53,470,123,57810
201410202317067,VBBL,59,53,990,122,120780
201410202317043,VBBL,25,53,800,121,96800
201410202317466,YETI,17,42,70,126,8820
201410202317437,YETI,17,58,11,126,1386
201410202317224,YETI,8,37,11,127,1397
201410202317198,YETI,4,4,20,128,2560
201410202317178,YETI,4,4,30,128,3840
201410202317169,YETI,4,4,30,128,3840
201410202317151,YETI,4,16,11,128,1408
201410202317150,YETI,4,13,110,128,14080
201410202316997,YETI,17,5,60,126,7560
201410202316882,ADBL,25,1,70,505,35350
201410202316807,ADBL,50,42,41,506,20746
201410202316697,ADBL,29,49,469,510,239190
201410202316843,ALDBL,25,39,10,230,2300
201410202316700,ALDBL,29,39,10,230,2300
201410202316699,ALDBL,29,39,10,230,2300
201410202316681,ALDBL,25,39,150,230,34500
201410202316761,ALICL,7,17,50,1175,58750
201410202316718,ALICL,20,14,120,1170,140400
201410202316717,ALICL,28,14,200,1171,234200
201410202316982,ARDBL,17,51,31,151,4681
201410202316541,ARDBL,17,17,21,149,3129
201410202316531,ARDBL,17,17,21,149,3129
201410202316526,ARDBL,17,17,21,149,3129
201410202316517,ARDBL,17,17,21,149,3129
201410202316514,ARDBL,17,17,21,149,3129
201410202316504,ARDBL,17,17,21,149,3129
201410202316496,ARDBL,17,17,21,149,3129
201410202316561,BLDBL,13,16,281,460,129260
201410202316787,BPCL,32,28,200,670,134000
201410202316779,CBBL,45,44,21,1520,31920
201410202316706,CBL,46,14,27,285,7695
201410202316675,CBL,50,14,27,286,7722
201410202316671,CBL,20,14,54,286,15444
201410202316500,CBL,36,36,55,287,15785
201410202316991,CCBL,42,36,360,283,101880
201410202316944,CCBL,10,59,462,280,129360
201410202316871,CCBL,41,33,40,281,11240
201410202316844,CCBL,57,50,276,285,78660
201410202316842,CCBL,57,50,276,284,78384
201410202316818,CCBL,57,57,500,285,142500
201410202316515,CCBL,26,58,40,282,11280
201410202316513,CCBL,26,58,40,282,11280
201410202316512,CCBL,26,58,40,282,11280
201410202316510,CCBL,26,58,40,282,11280
201410202316506,CCBL,26,37,10,282,2820
201410202316555,CCBL,57,44,122,282,34404
201410202316544,CCBL,57,39,36,283,10188
201410202316521,CCBL,26,58,40,282,11280
201410202316638,CCBL,17,17,40,282,11280
201410202316634,CCBL,17,17,40,282,11280
201410202316633,CCBL,17,17,40,282,11280
201410202316631,CCBL,17,17,40,282,11280
201410202316603,CCBL,38,59,500,280,140000
201410202316597,CCBL,41,58,40,281,11240
201410202316662,CCBL,42,43,153,285,43605
201410202316660,CCBL,57,39,36,283,10188
201410202316645,CCBL,17,17,40,282,11280
201410202316641,CCBL,17,17,40,282,11280
201410202316640,CCBL,17,17,40,282,11280
201410202316639,CCBL,17,17,40,282,11280
201410202316684,CCBL,57,58,40,286,11440
201410202316683,CCBL,42,16,612,290,177480
201410202316679,CCBL,57,22,40,286,11440
201410202316677,CCBL,57,58,40,286,11440
201410202316672,CCBL,57,58,40,286,11440
201410202316668,CCBL,57,22,80,286,22880
201410202316737,CCBL,57,58,40,286,11440
201410202316732,CCBL,57,58,40,286,11440
201410202316728,CCBL,57,58,40,286,11440
201410202316719,CCBL,57,58,40,286,11440
201410202316712,CCBL,57,58,40,286,11440
201410202316690,CCBL,57,58,40,286,11440
201410202316806,CCBL,57,29,39,286,11154
201410202316804,CCBL,57,29,80,286,22880
201410202316782,CCBL,57,58,40,286,11440
201410202316781,CCBL,57,58,40,286,11440
201410202316743,CCBL,1,29,40,286,11440
201410202316741,CCBL,1,58,40,286,11440
201410202316859,CHCL,16,28,260,1815,471900
201410202316855,CHCL,16,1,564,1814,1023096
201410202316850,CHCL,16,52,11,1813,19943
201410202316813,CHCL,5,49,34,1810,61540
201410202316945,CNDBL,50,50,20,170,3400
201410202316936,CNDBL,50,50,20,170,3400
201410202316935,CNDBL,50,50,20,170,3400
201410202316934,CNDBL,50,50,20,170,3400
201410202316933,CNDBL,50,50,20,170,3400
201410202316932,CNDBL,50,50,20,170,3400
201410202316872,CNDBL,50,50,30,170,5100
201410202316878,CNDBL,50,50,70,170,11900
201410202316877,CNDBL,50,50,70,170,11900
201410202316876,CNDBL,50,50,30,170,5100
201410202316875,CNDBL,50,50,30,170,5100
201410202316874,CNDBL,50,50,30,170,5100
201410202316873,CNDBL,50,50,30,170,5100
201410202316886,CNDBL,50,50,70,170,11900
201410202316885,CNDBL,50,50,70,170,11900
201410202316884,CNDBL,50,50,70,170,11900
201410202316881,CNDBL,50,50,20,170,3400
201410202316880,CNDBL,50,50,20,170,3400
201410202316879,CNDBL,50,50,70,170,11900
201410202316919,CNDBL,50,50,20,170,3400
201410202316918,CNDBL,50,50,20,170,3400
201410202316890,CNDBL,50,50,20,170,3400
201410202316889,CNDBL,50,50,20,170,3400
201410202316888,CNDBL,50,50,70,170,11900
201410202316887,CNDBL,50,50,70,170,11900
201410202316925,CNDBL,50,50,20,170,3400
201410202316924,CNDBL,50,50,20,170,3400
201410202316923,CNDBL,50,50,20,170,3400
201410202316922,CNDBL,50,50,20,170,3400
201410202316921,CNDBL,50,50,20,170,3400
201410202316920,CNDBL,50,50,20,170,3400
201410202316931,CNDBL,50,50,20,170,3400
201410202316930,CNDBL,50,50,20,170,3400
201410202316929,CNDBL,50,50,20,170,3400
201410202316928,CNDBL,50,50,20,170,3400
201410202316927,CNDBL,50,50,20,170,3400
201410202316926,CNDBL,50,50,20,170,3400
201410202316862,CZBIL,38,29,21,450,9450
201410202316698,CZBIL,17,25,21,459,9639
201410202316800,EDBL,14,20,31,696,21576
201410202316769,EKBL,11,11,33,265,8745
201410202316758,EKBL,11,11,33,265,8745
201410202316754,EKBL,11,11,33,265,8745
201410202316744,EKBL,11,14,33,269,8877
201410202316650,EKBL,14,14,33,274,9042
201410202316977,GBBL,35,29,60,375,22500
201410202316839,GBIME,26,26,40,539,21560
201410202316798,GBIME,19,42,26,533,13858
201410202316701,GBIME,22,58,88,538,47344
201410202316637,GLICL,16,13,14,563,7882
201410202316906,GRAND,26,8,500,221,110500
201410202316869,GRAND,45,8,500,221,110500
201410202316848,GRAND,33,54,1000,220,220000
201410202316801,GRAND,45,8,500,221,110500
201410202316617,GRAND,22,32,500,220,110000
201410202316600,GRAND,33,56,7500,217,1627500
201410202316571,GRAND,37,8,500,221,110500
201410202316519,GRAND,51,37,500,221,110500
201410202316499,GRAND,16,8,1000,220,220000
201410202316696,GRAND,17,17,127,221,28067
201410202316667,GRAND,33,32,1000,220,220000
201410202316657,GRAND,33,16,702,220,154440
201410202316646,GRAND,48,58,1000,220,220000
201410202316625,GRAND,50,32,500,220,110000
201410202316619,GRAND,50,8,500,221,110500
201410202316942,HAMRO,43,25,43,316,13588
201410202316857,HAMRO,36,7,126,320,40320
201410202316730,HAMRO,43,25,430,316,135880
201410202316707,HAMRO,36,48,21,320,6720
201410202316805,HBDL,41,48,687,97,66639
201410202316785,HBDL,46,17,13,97,1261
201410202316759,HBDL,35,38,2000,96,192000
201410202316757,HBDL,45,17,118,96,11328
201410202316630,HBDL,39,17,55,96,5280
201410202316621,HBDL,39,17,100,96,9600
201410202316620,HBDL,40,17,300,96,28800
201410202316747,HBDL,45,16,1000,95,95000
201410202316721,HBDL,35,17,50,96,4800
201410202316720,HBDL,35,17,160,96,15360
201410202316714,HBDL,35,38,1861,96,178656
201410202316676,HBDL,40,17,200,96,19200
201410202316939,IDBL,4,48,1000,174,174000
201410202316870,IDBL,49,48,1000,171,171000
201410202316609,IDBL,50,50,100,168,16800
201410202316595,IDBL,8,50,11,168,1848
201410202316768,JBNL,50,52,863,269,232147
201410202316809,JFL,20,41,58,630,36540
201410202316656,JHBL,10,22,100,305,30500
201410202316655,JHBL,10,45,230,305,70150
201410202316649,JHBL,10,13,444,305,135420
201410202316993,KBL,16,3,20,580,11600
201410202316987,KBL,45,21,1000,571,571000
201410202316974,KBL,16,3,30,580,17400
201410202316963,KBL,17,14,500,573,286500
201410202316960,KBL,17,3,20,580,11600
201410202316947,KBL,29,53,74,580,42920
201410202316495,KBL,16,7,100,583,58300
201410202316581,KBL,40,7,300,581,174300
201410202316560,KBL,1,7,100,582,58200
201410202316545,KBL,11,57,300,581,174300
201410202316534,KBL,57,53,145,581,84245
201410202316511,KBL,1,7,100,582,58200
201410202316505,KBL,13,7,50,584,29200
201410202316643,KBL,45,42,29,582,16878
201410202316623,KBL,47,14,400,581,232400
201410202316615,KBL,1,7,100,582,58200
201410202316608,KBL,44,44,1000,576,576000
201410202316592,KBL,22,7,50,585,29250
201410202316583,KBL,50,53,500,580,290000
201410202316716,KBL,39,42,211,580,122380
201410202316715,KBL,25,25,132,580,76560
201410202316705,KBL,33,25,24,590,14160
201410202316658,KBL,20,51,200,580,116000
201410202316648,KBL,3,50,200,580,116000
201410202316644,KBL,52,14,100,582,58200
201410202316762,KBL,36,53,500,576,288000
201410202316742,KBL,57,55,22,580,12760
201410202316736,KBL,29,25,90,582,52380
201410202316731,KBL,29,45,202,581,117362
201410202316726,KBL,49,49,400,580,232000
201410202316724,KBL,39,41,98,585,57330
201410202316786,KBL,57,45,550,574,315700
201410202316783,KBL,42,14,87,580,50460
201410202316776,KBL,21,14,91,580,52780
201410202316775,KBL,49,49,400,580,232000
201410202316774,KBL,29,14,98,580,56840
201410202316764,KBL,10,53,1000,575,575000
201410202316891,KBL,10,5,225,575,129375
201410202316840,KBL,39,14,145,576,83520
201410202316811,KBL,13,34,1000,573,573000
201410202316802,KBL,51,14,1000,573,573000
201410202316797,KBL,29,7,10,582,5820
201410202316792,KBL,25,21,500,574,287000
201410202316994,KDBL,26,49,33,120,3960
201410202316992,KDBL,26,49,33,120,3960
201410202316990,KDBL,26,49,11,120,1320
201410202316988,KDBL,26,49,11,120,1320
201410202316985,KDBL,26,49,11,120,1320
201410202316972,KDBL,26,6,28,120,3360
201410202316691,KDBL,50,17,82,120,9840
201410202316689,KDBL,50,17,82,120,9840
201410202316651,KDBL,25,17,82,120,9840
201410202316587,KDBL,50,45,21,121,2541
201410202316948,KDBL,41,45,21,121,2541
201410202316940,KDBL,41,41,78,120,9360
201410202316841,KDBL,37,41,450,119,53550
201410202316795,KDBL,25,26,42,119,4998
201410202316702,KDBL,50,6,82,119,9758
201410202316692,KDBL,50,17,82,120,9840
201410202316969,LBL,6,41,200,626,125200
201410202316951,LBL,48,49,100,630,63000
201410202316950,LBL,26,49,100,631,63100
201410202316854,LBL,35,38,868,626,543368
201410202316838,LBL,32,49,130,626,81380
201410202316837,LBL,28,49,200,626,125200
201410202316577,LBL,50,49,500,627,313500
201410202316722,LBL,45,38,500,626,313000
201410202316642,LBL,47,6,96,632,60672
201410202316604,LBL,41,38,50,628,31400
201410202316601,LBL,41,57,880,625,550000
201410202316589,LBL,22,57,247,626,154622
201410202316812,LBL,39,49,500,627,313500
201410202316784,LBL,47,38,115,629,72335
201410202316734,LBL,52,48,60,629,37740
201410202316729,LBL,49,49,500,626,313000
201410202316823,LBL,40,41,230,628,144440
201410202316830,LBL,40,49,70,628,43960
201410202316829,LBL,41,49,150,628,94200
201410202316828,LBL,41,49,50,628,31400
201410202316827,LBL,29,49,100,629,62900
201410202316826,LBL,52,49,50,629,31450
201410202316825,LBL,47,49,90,630,56700
201410202316836,LBL,41,49,40,626,25040
201410202316835,LBL,26,49,370,627,231990
201410202316834,LBL,36,49,200,627,125400
201410202316833,LBL,51,49,100,627,62700
201410202316832,LBL,6,49,40,627,25080
201410202316831,LBL,45,49,50,627,31350
201410202316635,LGIL,17,39,122,418,50996
201410202316956,LICN,5,39,132,3405,449460
201410202316943,LICN,38,14,300,3400,1020000
201410202316907,LICN,54,14,100,3395,339500
201410202316540,LUBL,32,16,390,335,130650
201410202316537,LUBL,32,16,200,336,67200
201410202316894,MBL,59,36,110,490,53900
201410202316796,MBL,48,22,100,491,49100
201410202316498,MBL,25,39,204,490,99960
201410202316986,MEGA,29,29,32,386,12352
201410202316866,MEGA,25,35,19,385,7315
201410202316680,MEGA,41,14,29,384,11136
201410202316678,MEGA,45,39,73,385,28105
201410202316654,MEGA,54,39,101,385,38885
201410202316579,MEGA,45,35,19,385,7315
201410202316552,METRO,58,58,42,340,14280
201410202316959,MLBBL,28,7,63,845,53235
201410202316861,MLBBL,28,49,10,845,8450
201410202316723,MMDBL,57,39,23,345,7935
201410202316713,MMDBL,57,39,23,345,7935
201410202316632,MMDBL,6,6,10,344,3440
201410202316903,MNBBL,21,14,500,782,391000
201410202316900,MNBBL,13,14,500,785,392500
201410202316899,MNBBL,25,14,100,785,78500
201410202316898,MNBBL,21,14,100,790,79000
201410202316897,MNBBL,26,14,50,793,39650
201410202316896,MNBBL,19,14,100,795,79500
201410202316867,NABIL,11,17,18,2320,41760
201410202316864,NABIL,7,17,84,2310,194040
201410202316814,NABIL,7,17,200,2310,462000
201410202316770,NABIL,48,20,414,2301,952614
201410202316659,NABIL,22,1,94,2314,217516
201410202316586,NABIL,47,14,25,2320,58000
201410202316954,NABILP,38,28,200,1595,319000
201410202316563,NABILP,38,28,200,1595,319000
201410202316976,NBB,38,44,500,588,294000
201410202316799,NBB,57,57,500,585,292500
201410202316767,NBB,38,25,20,592,11840
201410202316766,NBB,38,7,200,588,117600
201410202316765,NBB,38,6,100,586,58600
201410202316760,NBB,38,51,1370,584,800080
201410202316578,NBB,49,44,200,582,116400
201410202316520,NBB,38,44,240,582,139680
201410202316756,NBB,47,6,100,584,58400
201410202316733,NBB,38,16,200,582,116400
201410202316703,NBB,49,49,200,582,116400
201410202316687,NBB,41,19,100,582,58200
201410202316685,NBB,41,41,500,582,291000
201410202316670,NBB,41,41,400,582,232800
201410202316914,NBBL,50,39,10,1615,16150
201410202316913,NBBL,50,39,10,1615,16150
201410202316908,NBBL,50,37,10,1614,16140
201410202316624,NBF1,19,1,2997,14,41958
201410202316618,NBF1,19,17,3431,14,48377
201410202316749,NBL,33,42,105,390,40950
201410202316865,NCCB,50,26,525,620,325500
201410202316793,NCCB,29,1,121,624,75504
201410202316789,NCCB,19,6,10,627,6270
201410202316735,NCCB,39,35,52,620,32240
201410202316594,NCCB,32,47,300,615,184500
201410202316530,NCCB,59,29,105,617,64785
201410202316607,NGBL,39,58,200,290,58000
201410202316955,NIB,10,45,135,770,103950
201410202316542,NIB,7,7,630,770,485100
201410202316961,NICA,45,25,30,785,23550
201410202316916,NICA,44,25,300,781,234300
201410202316905,NICA,41,25,30,782,23460
201410202316819,NICA,41,25,400,782,312800
201410202316794,NICA,29,29,30,789,23670
201410202316791,NICA,29,29,22,789,17358
201410202316790,NICA,29,29,30,789,23670
201410202316575,NICA,53,47,182,793,144326
201410202316568,NICA,29,25,10,790,7900
201410202316666,NICL,39,13,146,451,65846
201410202316527,NIL,50,58,10,790,7900
201410202316525,NIL,50,39,77,790,60830
201410202316863,NLBBL,53,47,30,1140,34200
201410202316591,NLBBL,38,16,151,1130,170630
201410202316590,NLBBL,38,16,112,1130,126560
201410202316564,NLBBL,26,16,22,1130,24860
201410202316975,NLIC,57,17,520,4240,2204800
201410202316853,NLIC,48,17,100,4300,430000
201410202316502,NLIC,11,42,37,4270,157990
201410202316895,NLICL,38,38,303,2288,693264
201410202316584,NNLB,22,39,10,748,7480
201410202316808,NNLB,26,26,10,750,7500
201410202316750,NNLB,22,25,10,748,7480
201410202316824,NNLB,26,26,10,750,7500
201410202316822,NNLB,26,26,10,750,7500
201410202316821,NNLB,26,26,10,750,7500
201410202316817,NNLB,26,26,10,750,7500
201410202316816,NNLB,26,26,10,750,7500
201410202316613,NTC,6,21,350,619,216650
201410202316606,NTC,6,38,320,617,197440
201410202316596,NTC,35,13,500,616,308000
201410202316780,NUBL,17,47,50,1523,76150
201410202316748,NUBL,20,25,204,1515,309060
201410202316856,OHL,14,45,500,696,348000
201410202316810,OHL,59,45,500,706,353000
201410202316669,OHL,11,59,1000,712,712000
201410202316559,OHL,11,45,500,724,362000
201410202316971,PCBL,49,37,27,515,13905
201410202316915,PCBL,17,6,33,515,16995
201410202316852,PCBL,25,36,72,511,36792
201410202316851,PCBL,1,36,117,512,59904
201410202316849,PCBL,46,36,200,511,102200
201410202316845,PCBL,25,36,200,511,102200
201410202316616,PCBL,28,16,11,520,5720
201410202316610,PCBL,28,16,14,520,7280
201410202316580,PCBL,17,14,111,515,57165
201410202316554,PCBL,59,49,53,514,27242
201410202316553,PCBL,26,49,80,514,41120
201410202316755,PFIL,45,37,266,159,42294
201410202316738,PICL,39,16,400,449,179600
201410202316711,PICL,49,49,600,449,269400
201410202316901,PLIC,29,58,67,1025,68675
201410202316777,PLIC,26,51,54,1025,55350
201410202316739,PLIC,45,13,100,1024,102400
201410202316647,PLIC,45,45,112,1020,114240
201410202316682,PRDBL,6,47,40,145,5800
201410202316673,PRDBL,6,47,40,145,5800
201410202316815,PRDBL,4,48,10,149,1490
201410202316753,PRDBL,1,1,10,147,1470
201410202316752,PRDBL,1,1,10,147,1470
201410202316751,PRDBL,1,1,10,147,1470
201410202316501,PURBL,48,48,11,366,4026
201410202316508,PURBL,48,48,11,366,4026
201410202316528,PURBL,48,48,11,366,4026
201410202316523,PURBL,48,48,11,366,4026
201410202316516,PURBL,48,48,11,366,4026
201410202316708,REDBL,25,5,17,208,3536
201410202316664,REDBL,47,5,17,208,3536
201410202316627,REDBL,25,6,17,212,3604
201410202316622,REDBL,25,6,17,212,3604
201410202316612,REDBL,25,6,17,212,3604
201410202316611,REDBL,25,6,17,212,3604
201410202316602,REDBL,25,6,17,212,3604
201410202316593,REDBL,25,6,17,212,3604
201410202316582,REDBL,47,5,17,208,3536
201410202316598,RMDC,17,17,13,799,10387
201410202316576,RMDC,17,17,13,799,10387
201410202316574,RMDC,17,17,13,799,10387
201410202316573,RMDC,17,17,13,799,10387
201410202316572,RMDC,17,17,13,799,10387
201410202316570,RMDC,17,17,13,799,10387
201410202316532,RMDC,17,14,10,798,7980
201410202316547,RMDC,17,17,13,799,10387
201410202316539,RMDC,17,17,13,799,10387
201410202316538,RMDC,17,17,13,799,10387
201410202316536,RMDC,17,17,13,799,10387
201410202316535,RMDC,17,17,13,799,10387
201410202316533,RMDC,17,17,13,799,10387
201410202316557,RMDC,17,17,13,799,10387
201410202316556,RMDC,17,17,13,799,10387
201410202316551,RMDC,17,17,13,799,10387
201410202316550,RMDC,17,17,13,799,10387
201410202316549,RMDC,17,17,13,799,10387
201410202316548,RMDC,17,17,13,799,10387
201410202316569,RMDC,17,17,13,799,10387
201410202316567,RMDC,17,17,13,799,10387
201410202316566,RMDC,17,17,13,799,10387
201410202316565,RMDC,17,17,13,799,10387
201410202316562,RMDC,17,17,13,799,10387
201410202316558,RMDC,17,17,13,799,10387
201410202316860,SADBL,43,41,10,311,3110
201410202316745,SBI,33,26,200,1030,206000
201410202316509,SBI,25,25,11,1045,11495
201410202316883,SCB,22,22,10,2142,21420
201410202316820,SCB,1,25,196,2100,411600
201410202316937,SEWA,39,44,30,399,11970
201410202316912,SEWA,39,47,15,399,5985
201410202316911,SEWA,39,47,15,399,5985
201410202316910,SEWA,39,47,15,399,5985
201410202316904,SEWA,39,6,51,398,20298
201410202316902,SEWA,39,7,76,396,30096
201410202316966,SFFIL,6,14,10,88,880
201410202316518,SHL,40,49,500,600,300000
201410202316983,SHPC,19,49,500,671,335500
201410202316981,SHPC,53,49,500,671,335500
201410202316980,SHPC,58,49,500,672,336000
201410202316979,SHPC,43,7,18,678,12204
201410202316973,SHPC,22,7,18,678,12204
201410202316968,SHPC,22,7,18,678,12204
201410202316661,SHPC,28,49,500,675,337500
201410202316614,SHPC,43,1,18,680,12240
201410202316522,SHPC,20,1,18,680,12240
201410202316967,SHPC,22,7,18,678,12204
201410202316962,SHPC,22,7,18,678,12204
201410202316957,SHPC,22,7,18,678,12204
201410202316949,SHPC,33,7,18,678,12204
201410202316938,SHPC,43,7,18,676,12168
201410202316763,SHPC,33,19,18,679,12222
201410202316952,SIC,38,53,120,1160,139200
201410202316788,SIC,38,50,155,1160,179800
201410202316965,SICL,53,14,56,801,44856
201410202316868,SIL,58,5,39,795,31005
201410202316773,SIL,16,5,13,799,10387
201410202316507,SKBBL,1,14,12,1403,16836
201410202316686,SLBBL,55,29,13,2238,29094
201410202316653,SLBBL,55,29,13,2238,29094
201410202316629,SLBBL,44,29,18,2201,39618
201410202316588,SLBBL,55,29,18,2158,38844
201410202316529,SLBBL,36,29,10,2116,21160
201410202316524,SLBBL,20,29,10,2075,20750
201410202316953,SLICL,37,48,55,676,37180
201410202316704,SMFDB,26,26,132,1015,133980
201410202316978,SRBL,20,17,125,380,47500
201410202316803,SRBL,43,25,95,381,36195
201410202316772,SRBL,11,25,125,380,47500
201410202316746,SUPRME,49,47,480,162,77760
201410202316778,SWBBL,14,28,76,1820,138320
201410202316695,SWBBL,38,1,300,1810,543000
201410202316995,UFIL,22,16,10,152,1520
201410202316989,UFIL,22,16,10,152,1520
201410202316984,UFIL,22,16,10,152,1520
201410202316970,UFIL,22,16,10,152,1520
201410202316964,UFIL,22,16,10,152,1520
201410202316892,UFIL,47,26,60,154,9240
201410202316858,UFIL,47,16,20,154,3080
201410202316958,UFIL,22,16,10,152,1520
201410202316946,UFIL,22,16,10,152,1520
201410202316941,UFIL,22,16,10,152,1520
201410202316917,UFIL,47,16,10,151,1510
201410202316909,UFIL,47,16,10,151,1510
201410202316893,UFIL,47,26,40,154,6160
201410202316847,VBBL,45,45,2000,120,240000
201410202316725,VBBL,37,7,50,122,6100
201410202316709,VBBL,8,6,265,123,32595
201410202316688,VBBL,25,7,70,121,8470
201410202316674,VBBL,25,7,50,121,6050
201410202316665,VBBL,11,6,431,122,52582
201410202316497,VBBL,32,7,50,123,6150
201410202316663,VBBL,42,45,800,123,98400
201410202316626,VBBL,25,7,50,121,6050
201410202316605,VBBL,25,7,50,121,6050
201410202316599,VBBL,25,7,50,121,6050
201410202316585,VBBL,6,6,40,123,4920
201410202316503,VBBL,33,7,70,122,8540
201410202316546,WDBL,1,26,74,214,15836
201410202316740,YETI,17,3,30,128,3840
201410202316727,YETI,52,19,30,126,3780
201410202316694,YETI,59,52,30,127,3810
201410202316693,YETI,59,6,70,127,8890
201410202316652,YETI,1,6,60,125,7500
201410202316628,YETI,1,45,11,125,1375
201410202316543,YETI,1,6,30,125,3750
201410202316469,ADBL,11,40,40,510,20400
201410202316468,ADBL,11,52,260,509,132340
201410202316376,ADBL,33,20,145,505,73225
201410202316374,ADBL,19,14,40,505,20200
201410202316367,ADBL,33,20,145,505,73225
201410202316039,ADBL,41,10,70,510,35700
201410202316205,ADBL,50,33,31,504,15624
201410202316125,ADBL,50,59,30,505,15150
201410202316120,ADBL,50,59,30,505,15150
201410202316117,ADBL,32,32,30,510,15300
201410202316079,ADBL,32,32,31,513,15903
201410202316042,ADBL,41,10,30,510,15300
201410202316230,AHPC,49,49,164,375,61500
201410202316041,AHPC,43,43,21,369,7749
201410202316459,ALDBL,29,20,30,232,6960
201410202316108,ALICL,43,36,15,1165,17475
201410202316068,ALICL,20,43,29,1165,33785
201410202316062,ALICL,20,20,43,1185,50955
201410202316060,ALICL,43,43,29,1162,33698
201410202316050,ALICL,20,20,200,1185,237000
201410202316418,APEX,57,37,492,125,61500
201410202316466,ARDBL,4,7,42,149,6258
201410202316145,ARDBL,1,28,21,147,3087
201410202316144,ARDBL,50,28,21,147,3087
201410202316138,ARDBL,1,28,21,147,3087
201410202316133,ARDBL,1,28,21,147,3087
201410202316082,ARDBL,5,57,50,147,7350
201410202316059,ARDBL,5,34,21,150,3150
201410202316183,CBBL,45,44,209,1510,315590
201410202316482,CBL,36,36,55,287,15785
201410202316441,CBL,17,17,30,287,8610
201410202316404,CBL,42,5,102,285,29070
201410202316363,CBL,29,29,102,287,29274
201410202316361,CBL,26,26,89,287,25543
201410202316357,CBL,26,26,27,287,7749
201410202316325,CBL,29,29,135,287,38745
201410202316247,CBL,29,29,135,287,38745
201410202316191,CBL,29,58,511,288,147168
201410202316184,CBL,50,58,511,288,147168
201410202316167,CBL,6,37,27,287,7749
201410202316141,CBL,6,46,10,287,2870
201410202316460,CCBL,26,40,76,281,21356
201410202316458,CCBL,22,37,10,282,2820
201410202316010,CCBL,50,22,36,268,9648
201410202316009,CCBL,36,22,35,270,9450
201410202315998,CCBL,22,22,35,267,9345
201410202315997,CCBL,33,22,35,272,9520
201410202316021,CCBL,22,22,36,265,9540
201410202316019,CCBL,39,39,10,266,2660
201410202316015,CCBL,22,22,36,264,9504
201410202316013,CCBL,22,22,36,264,9504
201410202316012,CCBL,22,22,36,264,9504
201410202316011,CCBL,22,22,36,264,9504
201410202316123,CCBL,17,17,40,280,11200
201410202316122,CCBL,17,17,40,280,11200
201410202316121,CCBL,17,17,40,280,11200
201410202316116,CCBL,17,17,40,275,11000
201410202316115,CCBL,17,17,40,275,11000
201410202316103,CCBL,17,1,32,270,8640
201410202316131,CCBL,17,17,40,282,11280
201410202316130,CCBL,17,17,40,282,11280
201410202316129,CCBL,17,17,40,282,11280
201410202316128,CCBL,17,17,40,282,11280
201410202316127,CCBL,17,17,40,282,11280
201410202316157,CCBL,17,17,40,282,11280
201410202316156,CCBL,17,17,40,282,11280
201410202316155,CCBL,17,17,40,282,11280
201410202316154,CCBL,17,17,40,282,11280
201410202316153,CCBL,17,17,40,282,11280
201410202316225,CCBL,28,28,39,280,10920
201410202316216,CCBL,28,33,40,280,11200
201410202316161,CCBL,17,17,40,282,11280
201410202316160,CCBL,17,17,40,282,11280
201410202316159,CCBL,17,17,40,282,11280
201410202316158,CCBL,17,17,40,282,11280
201410202316411,CCBL,38,59,500,280,140000
201410202316344,CCBL,55,28,39,280,10920
201410202316264,CCBL,22,46,10,279,2790
201410202316237,CCBL,22,33,40,279,11160
201410202316229,CCBL,22,33,40,279,11160
201410202316189,CEDBL,13,11,24,242,5808
201410202316081,CEDBL,13,38,23,246,5658
201410202316490,CHCL,11,14,70,1800,126000
201410202316489,CHCL,22,14,100,1800,180000
201410202316488,CHCL,22,14,100,1805,180500
201410202316487,CHCL,41,14,150,1807,271050
201410202316486,CHCL,26,14,60,1808,108480
201410202316485,CHCL,48,14,20,1810,36200
201410202316078,CHCL,45,5,100,1805,180500
201410202316478,CHCL,48,47,70,1810,126700
201410202316430,CHCL,48,7,11,1810,19910
201410202316426,CHCL,29,14,19,1810,34390
201410202316421,CHCL,17,14,50,1810,90500
201410202316381,CHCL,10,47,33,1810,59730
201410202316377,CHCL,29,52,11,1810,19910
201410202316448,CIT,1,11,54,3070,165780
201410202316477,CNDBL,45,50,20,170,3400
201410202316356,CNDBL,50,50,20,173,3460
201410202316355,CNDBL,50,50,40,173,6920
201410202316354,CNDBL,50,50,40,173,6920
201410202316353,CNDBL,50,50,40,173,6920
201410202316352,CNDBL,50,50,40,173,6920
201410202316249,CNDBL,50,50,20,173,3460
201410202316248,CNDBL,50,50,20,173,3460
201410202316100,CNDBL,29,21,500,171,85500
201410202316255,CNDBL,50,50,20,173,3460
201410202316254,CNDBL,50,50,20,173,3460
201410202316253,CNDBL,50,50,60,173,10380
201410202316252,CNDBL,50,50,60,173,10380
201410202316251,CNDBL,50,50,20,173,3460
201410202316250,CNDBL,50,50,20,173,3460
201410202316261,CNDBL,50,50,20,173,3460
201410202316260,CNDBL,50,50,20,173,3460
201410202316259,CNDBL,50,50,20,173,3460
201410202316258,CNDBL,50,50,20,173,3460
201410202316257,CNDBL,50,50,20,173,3460
201410202316256,CNDBL,50,50,20,173,3460
201410202316268,CNDBL,50,50,20,173,3460
201410202316267,CNDBL,50,50,20,173,3460
201410202316266,CNDBL,50,50,20,173,3460
201410202316265,CNDBL,50,50,20,173,3460
201410202316263,CNDBL,50,50,20,173,3460
201410202316262,CNDBL,50,50,20,173,3460
201410202316274,CNDBL,50,50,20,173,3460
201410202316273,CNDBL,50,50,20,173,3460
201410202316272,CNDBL,50,50,20,173,3460
201410202316271,CNDBL,50,50,20,173,3460
201410202316270,CNDBL,50,50,20,173,3460
201410202316269,CNDBL,50,50,20,173,3460
201410202316280,CNDBL,50,50,20,173,3460
201410202316279,CNDBL,50,50,20,173,3460
201410202316278,CNDBL,50,50,20,173,3460
201410202316277,CNDBL,50,50,20,173,3460
201410202316276,CNDBL,50,50,20,173,3460
201410202316275,CNDBL,50,50,20,173,3460
201410202316287,CNDBL,50,50,20,173,3460
201410202316286,CNDBL,50,50,30,173,5190
201410202316284,CNDBL,50,50,20,173,3460
201410202316283,CNDBL,50,50,20,173,3460
201410202316282,CNDBL,50,50,20,173,3460
201410202316281,CNDBL,50,50,20,173,3460
201410202316293,CNDBL,50,50,20,173,3460
201410202316292,CNDBL,50,50,20,173,3460
201410202316291,CNDBL,50,50,20,173,3460
201410202316290,CNDBL,50,50,20,173,3460
201410202316289,CNDBL,50,50,20,173,3460
201410202316288,CNDBL,50,50,20,173,3460
201410202316299,CNDBL,50,50,20,173,3460
201410202316298,CNDBL,50,50,20,173,3460
201410202316297,CNDBL,50,50,20,173,3460
201410202316296,CNDBL,50,50,20,173,3460
201410202316295,CNDBL,50,50,20,173,3460
201410202316294,CNDBL,50,50,20,173,3460
201410202316305,CNDBL,50,50,20,173,3460
201410202316304,CNDBL,50,50,20,173,3460
201410202316303,CNDBL,50,50,20,173,3460
201410202316302,CNDBL,50,50,20,173,3460
201410202316301,CNDBL,50,50,20,173,3460
201410202316300,CNDBL,50,50,20,173,3460
201410202316311,CNDBL,50,50,20,173,3460
201410202316310,CNDBL,50,50,20,173,3460
201410202316309,CNDBL,50,50,20,173,3460
201410202316308,CNDBL,50,50,20,173,3460
201410202316307,CNDBL,50,50,20,173,3460
201410202316306,CNDBL,50,50,20,173,3460
201410202316317,CNDBL,50,50,20,173,3460
201410202316316,CNDBL,50,50,20,173,3460
201410202316315,CNDBL,50,50,20,173,3460
201410202316314,CNDBL,50,50,20,173,3460
201410202316313,CNDBL,50,50,20,173,3460
201410202316312,CNDBL,50,50,20,173,3460
201410202316323,CNDBL,50,50,20,173,3460
201410202316322,CNDBL,50,50,20,173,3460
201410202316321,CNDBL,50,50,20,173,3460
201410202316320,CNDBL,50,50,20,173,3460
201410202316319,CNDBL,50,50,20,173,3460
201410202316318,CNDBL,50,50,20,173,3460
201410202316330,CNDBL,50,50,20,173,3460
201410202316329,CNDBL,50,50,20,173,3460
201410202316328,CNDBL,50,50,20,173,3460
201410202316327,CNDBL,50,50,20,173,3460
201410202316326,CNDBL,50,50,20,173,3460
201410202316324,CNDBL,50,50,20,173,3460
201410202316337,CNDBL,50,50,40,173,6920
201410202316336,CNDBL,50,50,40,173,6920
201410202316335,CNDBL,50,50,40,173,6920
201410202316334,CNDBL,50,50,40,173,6920
201410202316333,CNDBL,50,50,40,173,6920
201410202316332,CNDBL,50,50,20,173,3460
201410202316345,CNDBL,50,50,40,173,6920
201410202316342,CNDBL,50,50,20,173,3460
201410202316341,CNDBL,50,50,40,173,6920
201410202316340,CNDBL,50,50,40,173,6920
201410202316339,CNDBL,50,50,40,173,6920
201410202316338,CNDBL,50,50,40,173,6920
201410202316351,CNDBL,50,50,40,173,6920
201410202316350,CNDBL,50,50,40,173,6920
201410202316349,CNDBL,50,50,40,173,6920
201410202316348,CNDBL,50,50,40,173,6920
201410202316347,CNDBL,50,50,40,173,6920
201410202316346,CNDBL,50,50,40,173,6920
201410202316445,EKBL,14,32,10,279,2790
201410202316385,EKBL,14,14,33,284,9372
201410202316364,EKBL,14,40,27,289,7803
201410202316180,FFCL,46,32,1000,338,338000
201410202316022,GBBL,42,42,131,374,48994
201410202316006,GBBL,42,42,74,374,27676
201410202316002,GBBL,42,42,74,374,27676
201410202316470,GBIME,32,58,421,537,226077
201410202316462,GBIME,32,1,36,536,19296
201410202316450,GBIME,26,58,421,535,225235
201410202316449,GBIME,26,58,88,535,47080
201410202316435,GBIME,22,50,56,533,29848
201410202316429,GBIME,22,37,57,534,30438
201410202316420,GBIME,17,17,15,536,8040
201410202316419,GBIME,17,17,15,536,8040
201410202316106,GBIME,29,42,221,528,116688
201410202316074,GBIME,36,36,113,530,59890
201410202316218,GLICL,16,16,166,552,91632
201410202316206,GLICL,16,16,166,552,91632
201410202316067,GLICL,16,16,166,553,91798
201410202316029,GLICL,34,16,166,564,93624
201410202316480,GRAND,56,56,11357,217,2464469
201410202316210,GRAND,50,8,500,221,110500
201410202316204,GRAND,50,5,586,221,129506
201410202316192,GRAND,45,8,1000,220,220000
201410202316170,GRAND,50,52,103,219,22557
201410202316151,GRAND,26,16,1000,220,220000
201410202316064,GRAND,51,51,32,220,7040
201410202316054,GRAND,51,51,147,220,32340
201410202316285,HBDL,45,38,2000,96,192000
201410202316149,HBDL,41,43,500,97,48500
201410202316107,HBDL,21,38,1000,96,96000
201410202316409,IDBL,45,45,2704,165,446160
201410202316203,IDBL,8,8,280,168,47040
201410202316091,IDBL,50,46,95,169,16055
201410202316400,INDBL,6,47,177,141,24957
201410202316365,INDBL,6,47,177,143,25311
201410202316195,INDBL,47,47,177,145,25665
201410202316185,INDBL,49,47,177,145,25665
201410202316209,JBBL,44,36,2000,166,332000
201410202316201,JBBL,5,17,100,169,16900
201410202316200,JBBL,5,58,30,168,5040
201410202316447,JBNL,17,17,23,271,6233
201410202316446,JBNL,17,17,23,271,6233
201410202316422,KBL,34,34,1000,578,578000
201410202316414,KBL,44,44,2000,570,1140000
201410202316410,KBL,10,5,252,577,145404
201410202316402,KBL,58,39,500,579,289500
201410202316395,KBL,10,44,1000,579,579000
201410202316383,KBL,43,49,50,585,29250
201410202316118,KBL,22,52,250,585,146250
201410202316099,KBL,5,20,100,585,58500
201410202316095,KBL,20,42,479,580,277820
201410202316076,KBL,42,25,140,586,82040
201410202316031,KBL,29,29,500,580,290000
201410202316171,KBL,22,5,62,585,36270
201410202316164,KBL,20,49,390,580,226200
201410202316152,KBL,48,20,207,583,120681
201410202316150,KBL,14,49,390,580,226200
201410202316135,KBL,14,49,390,580,226200
201410202316126,KBL,43,49,150,585,87750
201410202316190,KBL,57,49,50,590,29500
201410202316187,KBL,42,49,60,586,35160
201410202316181,KBL,34,49,200,582,116400
201410202316177,KBL,49,49,300,582,174600
201410202316175,KBL,41,49,150,583,87450
201410202316172,KBL,1,49,390,580,226200
201410202316380,KBL,10,44,1000,577,577000
201410202316370,KBL,5,41,36,585,21060
201410202316331,KBL,55,51,600,578,346800
201410202316207,KBL,6,49,50,588,29400
201410202316202,KBL,41,46,200,580,116000
201410202316199,KBL,45,16,500,581,290500
201410202316491,KDBL,50,49,55,123,6765
201410202316431,KDBL,50,49,11,124,1364
201410202316046,KDBL,50,50,540,125,67500
201410202316024,KDBL,50,50,82,127,10414
201410202316016,KDBL,50,50,50,127,6350
201410202316086,KNBL,6,57,60,183,10980
201410202316492,LBL,22,58,985,627,617595
201410202316393,LBL,40,49,200,627,125400
201410202316391,LBL,55,49,500,627,313500
201410202316390,LBL,32,49,200,627,125400
201410202316389,LBL,45,49,250,628,157000
201410202316388,LBL,19,49,100,629,62900
201410202316058,LBL,25,49,200,628,125600
201410202316028,LBL,49,49,230,625,143750
201410202316212,LBL,34,49,300,630,189000
201410202316211,LBL,13,49,300,630,189000
201410202316109,LBL,13,11,345,630,217350
201410202316090,LBL,43,41,453,627,284031
201410202316088,LBL,45,38,500,628,314000
201410202316087,LBL,41,41,460,626,287960
201410202316233,LBL,48,49,600,629,377400
201410202316222,LBL,58,49,500,627,313500
201410202316221,LBL,48,29,225,630,141750
201410202316215,LBL,43,49,500,627,313500
201410202316214,LBL,45,49,100,628,62800
201410202316213,LBL,5,49,100,628,62800
201410202316238,LGIL,10,39,44,425,18700
201410202316232,LGIL,10,39,44,425,18700
201410202316227,LGIL,10,39,44,425,18700
201410202316112,LGIL,25,39,66,425,28050
201410202316343,MBL,36,38,723,481,347763
201410202316481,MEGA,22,40,201,385,77385
201410202316444,MEGA,29,58,364,385,140140
201410202316179,MEGA,7,7,32,383,12256
201410202316173,MEGA,7,7,32,383,12256
201410202316147,MEGA,7,7,32,383,12256
201410202316137,MEGA,7,7,32,383,12256
201410202316104,MEGA,22,1,32,383,12256
201410202316052,MEGA,11,33,32,383,12256
201410202316035,MEGA,22,58,364,388,141232
201410202316379,METRO,32,50,55,336,18480
201410202316375,METRO,22,50,1000,336,336000
201410202316178,MLBBL,59,59,63,850,53550
201410202316174,MLBBL,59,59,38,850,32300
201410202316168,MLBBL,59,59,12,850,10200
201410202316436,MMDBL,5,21,10,340,3400
201410202316433,MMDBL,5,21,10,340,3400
201410202316424,MMDBL,5,21,10,340,3400
201410202316417,MMDBL,5,21,10,340,3400
201410202316416,MNBBL,1,47,14,800,11200
201410202316392,MNBBL,19,47,14,800,11200
201410202316246,MNBBL,19,26,20,800,16000
201410202316465,NABIL,7,14,110,2315,254650
201410202316463,NABIL,43,14,100,2316,231600
201410202316089,NABILP,43,28,200,1595,319000
201410202316467,NBB,41,44,500,583,291500
201410202316464,NBB,38,41,500,582,291000
201410202316415,NBB,6,44,200,582,116400
201410202316362,NBB,22,22,200,582,116400
201410202316360,NBB,41,44,160,580,92800
201410202316359,NBB,41,44,300,580,174000
201410202316358,NBB,41,44,600,580,348000
201410202316244,NBB,38,22,45,582,26190
201410202316105,NBF1,41,21,2356,14,32984
201410202316373,NCCB,22,33,25,625,15625
201410202316085,NHPC,17,21,200,143,28600
201410202316084,NHPC,48,26,800,142,113600
201410202316080,NHPC,41,26,1000,141,141000
201410202316073,NHPC,21,26,1000,140,140000
201410202316403,NIB,11,38,195,758,147810
201410202316372,NICA,6,28,140,792,110880
201410202316226,NICA,29,13,22,790,17380
201410202316193,NICA,29,46,15,790,11850
201410202316083,NLBBL,17,44,10,1130,11300
201410202316188,NLG,28,28,25,810,20250
201410202316063,NLG,1,1,21,810,17010
201410202316056,NLG,1,1,21,810,17010
201410202316053,NLG,1,1,21,810,17010
201410202316049,NLG,1,1,21,810,17010
201410202316044,NLG,1,1,21,810,17010
201410202316033,NLG,1,1,21,810,17010
201410202316018,NLG,1,1,21,810,17010
201410202316007,NLG,1,1,21,810,17010
201410202316003,NLG,1,1,21,810,17010
201410202315999,NLG,1,1,21,810,17010
201410202315995,NLG,1,1,21,810,17010
201410202316476,NLICL,41,49,100,2301,230100
201410202316475,NLICL,54,49,110,2306,253660
201410202316474,NLICL,43,49,110,2310,254100
201410202316473,NLICL,34,49,60,2310,138600
201410202316139,NLICL,44,49,100,2330,233000
201410202316234,NLICLP,59,33,500,819,409500
201410202316224,NLICLP,59,33,500,803,401500
201410202316220,NLICLP,59,33,500,788,394000
201410202316070,NNFC,14,28,52,265,13780
201410202316069,NNFC,14,28,47,265,12455
201410202316004,NNLB,39,20,10,741,7410
201410202316001,NNLB,39,20,10,741,7410
201410202316000,NNLB,39,20,10,741,7410
201410202315996,NNLB,22,20,10,740,7400
201410202316023,NNLB,39,20,10,741,7410
201410202316020,NNLB,39,20,10,741,7410
201410202316017,NNLB,39,20,10,741,7410
201410202316014,NNLB,39,20,10,741,7410
201410202316008,NNLB,39,20,10,741,7410
201410202316005,NNLB,39,20,10,741,7410
201410202316036,NNLB,22,20,10,740,7400
201410202316032,NNLB,22,20,10,740,7400
201410202316027,NNLB,22,20,10,740,7400
201410202316025,NNLB,39,20,10,741,7410
201410202316245,NTC,41,13,500,620,310000
201410202316456,NUBL,44,47,56,1514,84784
201410202316413,NUBL,28,38,147,1510,221970
201410202316239,NUBL,45,45,100,1520,152000
201410202316223,NUBL,40,38,156,1500,234000
201410202316219,NUBL,36,47,100,1500,150000
201410202316182,NUBL,19,47,100,1500,150000
201410202316142,NUBL,21,21,100,1490,149000
201410202316384,OHL,11,59,500,720,360000
201410202316243,OHL,59,17,20,720,14400
201410202316242,OHL,59,17,20,720,14400
201410202316241,OHL,59,17,20,715,14300
201410202316240,OHL,59,17,40,715,28600
201410202316198,OHL,20,45,500,714,357000
201410202316197,OHL,20,37,10,713,7130
201410202316369,PCBL,26,5,65,512,33280
201410202316038,PCBL,22,22,146,520,75920
201410202316034,PCBL,22,58,53,520,27560
201410202316454,PRDBL,48,58,10,147,1470
201410202316453,PRDBL,48,58,10,146,1460
201410202316443,PRDBL,6,47,30,145,4350
201410202316438,PRDBL,6,47,30,145,4350
201410202316428,PRDBL,6,47,40,145,5800
201410202316425,PRDBL,6,47,40,145,5800
201410202316231,PRDBL,6,21,30,145,4350
201410202316228,PRDBL,6,21,10,145,1450
201410202316077,PRDBL,39,57,40,144,5760
201410202316075,PRDBL,50,50,580,144,83520
201410202316065,PRDBL,50,14,10,146,1460
201410202316493,PURBL,48,48,11,366,4026
201410202316479,PURBL,48,48,11,366,4026
201410202316472,PURBL,48,48,11,366,4026
201410202316461,PURBL,48,48,11,366,4026
201410202316132,PURBL,45,47,33,365,12045
201410202316134,PURBL,45,47,33,365,12045
201410202316451,PURBL,48,48,11,366,4026
201410202316371,REDBL,39,28,150,207,31050
201410202316113,REDBL,4,5,17,208,3536
201410202316097,REDBL,26,26,17,208,3536
201410202316096,REDBL,26,26,17,208,3536
201410202316094,REDBL,26,26,17,208,3536
201410202316093,REDBL,26,26,38,208,7904
201410202316092,REDBL,4,26,55,208,11440
201410202316072,REDBL,39,5,17,207,3519
201410202316387,RMDC,54,33,191,805,153755
201410202316386,RMDC,54,46,30,803,24090
201410202316382,RMDC,54,46,33,801,26433
201410202316378,RMDC,54,46,87,800,69600
201410202316439,SADBL,1,7,500,315,157500
201410202316186,SADBL,46,45,500,316,158000
201410202316196,SANIMA,38,22,1000,481,481000
201410202316452,SBI,49,49,980,1025,1004500
201410202316119,SCB,49,49,12,2104,25248
201410202316423,SEWA,39,17,200,396,79200
201410202316455,SHPC,20,40,163,680,110840
201410202316437,SHPC,43,49,500,684,342000
201410202316434,SHPC,17,17,12,683,8196
201410202316432,SHPC,17,17,12,683,8196
201410202316427,SHPC,43,17,12,683,8196
201410202316408,SHPC,4,11,55,683,37565
201410202316148,SHPC,36,43,18,670,12060
201410202316146,SHPC,17,17,12,672,8064
201410202316143,SHPC,17,17,12,672,8064
201410202316140,SHPC,17,17,12,672,8064
201410202316136,SHPC,17,17,12,672,8064
201410202316176,SHPC,36,19,288,672,193536
201410202316169,SHPC,17,17,12,672,8064
201410202316166,SHPC,17,17,10,672,6720
201410202316165,SHPC,17,17,10,672,6720
201410202316163,SHPC,17,17,10,672,6720
201410202316162,SHPC,17,17,10,672,6720
201410202316401,SHPC,4,6,33,683,22539
201410202316399,SHPC,4,6,18,683,12294
201410202316398,SHPC,4,49,10,681,6810
201410202316397,SHPC,4,49,10,681,6810
201410202316394,SHPC,4,56,12,680,8160
201410202316235,SHPC,10,49,500,680,340000
201410202316483,SIC,38,7,200,1165,233000
201410202316208,SIC,38,39,445,1165,518425
201410202316102,SIC,38,33,200,1160,232000
201410202316457,SKBBL,58,46,75,1400,105000
201410202316194,SKBBL,46,46,12,1386,16632
201410202316124,SKBBL,7,7,19,1400,26600
201410202316114,SKBBL,7,7,19,1400,26600
201410202316066,SKBBL,5,5,12,1380,16560
201410202316061,SKBBL,5,5,12,1380,16560
201410202316040,SKBBL,5,5,12,1380,16560
201410202316037,SKBBL,5,5,12,1380,16560
201410202316030,SKBBL,5,5,12,1380,16560
201410202316026,SKBBL,5,5,12,1380,16560
201410202316057,SKBBL,5,5,12,1380,16560
201410202316055,SKBBL,5,5,12,1380,16560
201410202316051,SKBBL,5,5,12,1380,16560
201410202316048,SKBBL,5,5,12,1380,16560
201410202316045,SKBBL,5,5,12,1380,16560
201410202316043,SKBBL,5,5,12,1380,16560
201410202316494,SLICL,26,56,143,686,98098
201410202316471,SRBL,14,14,71,384,27264
201410202316111,SRBL,14,58,81,384,31104
201410202316110,SRBL,14,42,14,381,5334
201410202316071,SRBL,43,42,14,381,5334
201410202316396,SUPRME,22,52,60,165,9900
201410202316407,TRH,37,19,10,276,2760
201410202316236,TRH,46,46,40,276,11040
201410202316484,VBBL,32,7,50,123,6150
201410202316412,VBBL,57,45,1000,123,123000
201410202316217,VBBL,25,8,20,121,2420
201410202316366,WDBL,28,17,100,218,21800
201410202316442,YETI,25,25,11,123,1353
201410202316440,YETI,51,25,11,124,1364
201410202316406,YETI,50,50,23,124,2852
201410202316405,YETI,50,50,23,124,2852
201410202316368,YETI,25,25,11,123,1353
201410202316047,YETI,14,14,50,121,6050
201410202315990,ADBL,47,47,146,515,75190
201410202315940,ALICL,22,22,16,1170,18720
201410202315939,ALICL,22,22,16,1170,18720
201410202315934,ALICL,22,22,16,1170,18720
201410202315963,CCBL,51,51,40,275,11000
201410202315961,CCBL,51,51,40,275,11000
201410202315959,CCBL,51,51,40,275,11000
201410202315957,CCBL,51,51,40,275,11000
201410202315955,CCBL,51,51,40,275,11000
201410202315954,CCBL,51,51,40,275,11000
201410202315953,CCBL,51,51,40,275,11000
201410202315946,CCBL,51,51,40,275,11000
201410202315945,CCBL,51,51,40,275,11000
201410202315944,CCBL,51,51,40,275,11000
201410202315977,GLICL,16,16,14,570,7980
201410202315975,GLICL,16,16,14,570,7980
201410202315974,GLICL,16,16,14,570,7980
201410202315973,GLICL,16,16,14,570,7980
201410202315972,GLICL,16,16,14,570,7980
201410202315971,GLICL,16,16,14,570,7980
201410202315970,GLICL,16,16,14,570,7980
201410202315967,GLICL,16,16,14,570,7980
201410202315942,KBL,51,51,104,569,59176
201410202315992,MMDBL,26,26,23,341,7843
201410202315991,MMDBL,26,26,23,341,7843
201410202315989,NLG,1,1,21,810,17010
201410202315988,NLG,1,1,21,810,17010
201410202315986,NLG,1,1,21,810,17010
201410202315984,NLG,1,1,21,810,17010
201410202315981,NLG,1,1,26,810,21060
201410202315978,NLG,1,1,26,810,21060
201410202315956,NLG,1,1,26,810,21060
201410202315969,NLG,1,1,26,810,21060
201410202315965,NLG,1,1,26,810,21060
201410202315964,NLG,1,1,26,810,21060
201410202315962,NLG,1,1,26,810,21060
201410202315960,NLG,1,1,26,810,21060
201410202315958,NLG,1,1,26,810,21060
201410202315993,PCBL,22,22,14,524,7336
201410202315938,PCBL,22,22,27,515,13905
201410202315937,PCBL,22,22,53,515,27295
201410202315936,PCBL,22,22,53,515,27295
201410202315935,PCBL,22,22,80,515,41200
201410202315943,SADBL,22,22,120,320,38400
201410202315941,SADBL,22,22,120,320,38400
201410202315994,SBL,59,29,98,620,60760
201410202315980,SEOS,20,20,5000,10,52300
201410202315987,YETI,51,51,40,122,4880
201410202315985,YETI,51,51,40,122,4880
201410202315983,YETI,51,51,40,122,4880
201410202315982,YETI,51,51,40,122,4880
201410202315979,YETI,51,51,40,122,4880
201410202315976,YETI,51,51,40,122,4880
201410202315948,YETI,16,16,30,123,3690
201410202315947,YETI,16,16,30,123,3690
201410202315968,YETI,51,51,40,122,4880
201410202315966,YETI,51,51,40,122,4880
201410202315952,YETI,16,16,30,123,3690
201410202315951,YETI,16,16,30,123,3690
201410202315950,YETI,16,16,30,123,3690
201410202315949,YETI,16,16,30,123,3690
