contract,symbol,buyer,seller,qty,rate,amt
201407032091478,ALICL,34,38,11,1125,12375
201407032091445,ALICL,26,38,11,1140,12540
201407032091437,ALICL,48,38,11,1142,12562
201407032091431,ALICL,48,38,11,1142,12562
201407032091422,ALICL,16,38,11,1145,12595
201407032091413,ALICL,17,38,11,1145,12595
201407032091029,ALICL,26,44,540,1159,625860
201407032091024,ALICL,48,28,109,1150,125350
201407032091001,ALICL,48,46,76,1147,87172
201407032090994,ALICL,14,46,99,1150,113850
201407032090965,ALICL,48,46,113,1142,129046
201407032091395,ALICL,14,29,490,1162,569380
201407032091385,ALICL,14,38,11,1147,12617
201407032091249,ALICL,14,40,15,1170,17550
201407032091187,ALICL,14,5,200,1163,232600
201407032091080,ALICL,17,46,226,1141,257866
201407032091074,ALICL,48,46,460,1142,525320
201407032091801,APEX,37,58,870,148,128760
201407032091585,APEX,11,1,20,146,2920
201407032091305,APEX,11,26,30,146,4380
201407032091266,APEX,17,17,22,148,3256
201407032091003,APEX,4,40,22,151,3322
201407032090989,APEX,4,44,1000,149,149000
201407032090972,APEX,4,25,103,150,15450
201407032090960,APEX,4,13,60,149,8940
201407032091561,ARDBL,22,19,120,158,18960
201407032091557,ARDBL,22,11,20,155,3100
201407032091507,ARDBL,22,6,21,154,3234
201407032091289,ARDBL,22,52,40,154,6160
201407032091503,BSBL,17,32,180,281,50580
201407032091496,BSBL,17,45,288,280,80640
201407032090974,BUDBL,36,6,200,186,37200
201407032091061,CBBL,32,44,40,1275,51000
201407032091837,CBL,25,49,110,295,32450
201407032091816,CBL,1,3,102,295,30090
201407032091774,CBL,1,18,500,295,147500
201407032091769,CBL,28,18,500,296,148000
201407032091650,CBL,16,42,52,295,15340
201407032091639,CBL,11,42,52,295,15340
201407032091016,CBL,8,11,52,296,15392
201407032091272,CBL,8,39,132,297,39204
201407032091245,CBL,8,57,125,297,37125
201407032091234,CBL,8,57,125,297,37125
201407032091170,CBL,50,6,968,295,285560
201407032091154,CBL,50,42,893,295,263435
201407032091041,CBL,28,29,493,295,145435
201407032091624,CBL,35,42,52,295,15340
201407032091537,CBL,44,57,815,294,239610
201407032091448,CBL,8,21,27,296,7992
201407032091420,CBL,39,6,17,297,5049
201407032091278,CBL,8,11,52,297,15444
201407032091277,CBL,21,25,1000,296,296000
201407032091846,CCBL,57,1,40,316,12640
201407032091845,CCBL,57,45,1000,316,316000
201407032091664,CCBL,41,53,40,315,12600
201407032091663,CCBL,41,1,40,315,12600
201407032091646,CCBL,16,53,106,315,33390
201407032091592,CCBL,25,1,36,316,11376
201407032091040,CCBL,16,18,40,316,12640
201407032091032,CCBL,16,18,40,316,12640
201407032090964,CCBL,26,37,24,317,7608
201407032091119,CCBL,41,18,40,315,12600
201407032091115,CCBL,47,18,40,316,12640
201407032091114,CCBL,47,1,40,316,12640
201407032091111,CCBL,47,1,40,316,12640
201407032091104,CCBL,47,18,40,316,12640
201407032091044,CCBL,47,18,40,316,12640
201407032091158,CCBL,37,18,40,315,12600
201407032091149,CCBL,7,18,40,315,12600
201407032091139,CCBL,7,18,40,315,12600
201407032091137,CCBL,13,45,24,316,7584
201407032091134,CCBL,7,18,40,315,12600
201407032091130,CCBL,41,18,40,315,12600
201407032091239,CCBL,45,40,40,317,12680
201407032091233,CCBL,45,25,40,317,12680
201407032091232,CCBL,45,25,40,317,12680
201407032091231,CCBL,45,25,40,317,12680
201407032091208,CCBL,13,1,40,316,12640
201407032091162,CCBL,13,14,21,316,6636
201407032091287,CCBL,37,36,40,315,12600
201407032091284,CCBL,8,36,40,316,12640
201407032091281,CCBL,8,36,40,316,12640
201407032091280,CCBL,8,36,40,317,12680
201407032091273,CCBL,8,25,40,317,12680
201407032091254,CCBL,45,25,40,317,12680
201407032091481,CCBL,16,52,40,315,12600
201407032091468,CCBL,16,52,40,315,12600
201407032091459,CCBL,16,52,40,315,12600
201407032091421,CCBL,13,36,842,315,265230
201407032091388,CCBL,37,50,91,315,28665
201407032091288,CCBL,37,36,40,315,12600
201407032091573,CCBL,25,1,40,316,12640
201407032091506,CCBL,25,52,40,316,12640
201407032091494,CCBL,25,25,40,317,12680
201407032091493,CCBL,25,25,40,317,12680
201407032091492,CCBL,25,40,40,316,12640
201407032091488,CCBL,37,45,39,316,12324
201407032091477,CDBL,36,32,113,392,44296
201407032091587,CEDBL,52,47,364,285,103740
201407032091508,CEDBL,40,29,50,285,14250
201407032091334,CEDBL,52,53,336,281,94416
201407032091220,CEDBL,14,6,200,282,56400
201407032091069,CEDBL,21,39,160,284,45440
201407032091018,CEDBL,21,46,240,284,68160
201407032091922,CIT,57,26,112,3770,422240
201407032091847,CIT,11,11,79,3710,293090
201407032091820,CIT,19,26,30,3700,111000
201407032091819,CIT,50,26,30,3705,111150
201407032091547,CIT,6,49,120,3710,445200
201407032091636,EDBL,19,7,200,628,125600
201407032091002,EDBL,6,26,102,639,65178
201407032091630,EIC,17,35,67,1034,69278
201407032091126,FFCL,38,13,363,270,98010
201407032091734,GBBL,28,39,452,302,136504
201407032091660,GBBL,48,44,131,306,40086
201407032091584,GBBL,50,6,56,306,17136
201407032091555,GBBL,52,52,100,308,30800
201407032091300,GBBL,50,26,37,308,11396
201407032091063,GBBL,48,14,77,312,24024
201407032091062,GBBL,48,5,30,312,9360
201407032091022,GBBL,49,50,93,310,28830
201407032090963,GBBL,50,57,440,306,134640
201407032091876,GBIME,51,39,41,597,24477
201407032091706,GBIME,33,34,500,595,297500
201407032091571,GBIME,1,16,391,594,232254
201407032091553,GBIME,51,8,177,596,105492
201407032091543,GBIME,8,18,113,596,67348
201407032091511,GBIME,8,39,86,598,51428
201407032090993,GBIME,58,6,379,597,226263
201407032090988,GBIME,58,21,14,600,8400
201407032090968,GBIME,58,42,37,600,22200
201407032090967,GBIME,16,59,435,600,261000
201407032091236,GBIME,58,35,352,599,210848
201407032091197,GBIME,36,17,147,596,87612
201407032091123,GBIME,58,47,99,596,59004
201407032091078,GBIME,38,38,29,596,17284
201407032091056,GBIME,58,11,36,600,21600
201407032091043,GBIME,58,21,14,600,8400
201407032091484,HAMA,26,26,3065,140,429100
201407032091464,HAMA,26,26,2000,140,280000
201407032091454,HAMA,26,26,4000,140,560000
201407032091446,HAMA,26,26,5000,140,700000
201407032091354,HAMA,29,26,100,141,14100
201407032091723,HBDL,20,57,1000,110,110000
201407032091812,ICFC,40,57,200,284,56800
201407032091447,INDB,20,22,332,265,87980
201407032091356,INDB,16,22,332,260,86320
201407032091344,INDB,47,22,332,260,86320
201407032091926,JBBL,48,21,200,176,35200
201407032091631,JBBL,22,42,440,176,77440
201407032091225,JBBL,48,21,30,176,5280
201407032091667,JBNL,29,29,70,290,20300
201407032091228,JBNL,34,43,500,290,145000
201407032091125,JBNL,39,41,458,290,132820
201407032091059,JBNL,32,39,69,289,19941
201407032090996,JBNL,29,59,603,287,173061
201407032090959,JBNL,53,13,140,290,40600
201407032091314,KBBL,21,43,280,402,112560
201407032091285,KBBL,13,58,644,400,257600
201407032091047,KBBL,37,52,500,401,200500
201407032091108,KMCDB,41,39,164,730,119720
201407032091107,KMCDB,41,7,82,730,59860
201407032091855,KNBL,1,47,51,180,9180
201407032091854,KNBL,1,11,10,179,1790
201407032091394,KRBL,17,21,10,160,1600
201407032091342,KRBL,17,21,10,160,1600
201407032091313,KRBL,32,21,10,160,1600
201407032091258,KRBL,17,17,20,160,3200
201407032091803,LBL,5,5,100,545,54500
201407032091802,LBL,5,29,200,545,109000
201407032091709,LBL,13,32,243,541,131463
201407032091708,LBL,13,58,1000,541,541000
201407032091440,LBL,19,28,356,537,191172
201407032091419,LBL,11,38,96,544,52224
201407032091908,LICN,32,28,200,4020,804000
201407032091732,LICN,11,39,21,4025,84525
201407032091648,LICN,32,44,21,4020,84420
201407032091634,LICN,32,44,21,4020,84420
201407032091203,LICN,32,36,100,4010,401000
201407032091874,MBBL,26,47,80,186,14880
201407032091823,MBBL,47,19,200,183,36600
201407032091793,MBBL,26,19,800,184,147200
201407032091180,MBBL,6,10,10,181,1810
201407032091743,MDB,26,53,48,462,22176
201407032091861,MEGA,20,39,83,427,35441
201407032091821,MEGA,32,39,25,428,10700
201407032091815,MEGA,52,39,72,427,30744
201407032091810,MEGA,56,39,96,427,40992
201407032091733,MEGA,32,32,32,428,13696
201407032091722,MEGA,19,53,16,427,6832
201407032091136,MEGA,13,37,19,428,8132
201407032091019,MEGA,46,37,32,428,13696
201407032090962,MEGA,7,57,32,428,13696
201407032091297,MEGA,46,42,37,430,15910
201407032091267,MEGA,46,40,37,430,15910
201407032091238,MEGA,46,16,32,430,13760
201407032091171,MEGA,46,32,137,430,58910
201407032091148,MEGA,13,46,32,429,13728
201407032091142,MEGA,13,46,32,429,13728
201407032091439,MEGA,13,26,32,429,13728
201407032091402,MEGA,19,16,283,429,121407
201407032091377,MEGA,46,51,20,430,8600
201407032091376,MEGA,46,40,37,430,15910
201407032091343,MEGA,46,51,20,430,8600
201407032091318,MEGA,52,26,183,427,78141
201407032091476,MEGA,17,26,980,425,416500
201407032091466,MEGA,19,26,32,427,13664
201407032091461,MEGA,46,26,13,430,5590
201407032091457,MEGA,22,26,396,426,168696
201407032091452,MEGA,29,26,64,427,27328
201407032091443,MEGA,6,26,128,427,54656
201407032091601,MEGA,32,32,32,428,13696
201407032091570,MEGA,46,32,32,430,13760
201407032091559,MEGA,32,32,32,428,13696
201407032091544,MEGA,46,50,183,428,78324
201407032091518,MEGA,52,50,183,427,78141
201407032091485,MEGA,13,26,23,426,9798
201407032091719,MEGA,32,32,32,428,13696
201407032091711,MEGA,32,32,32,428,13696
201407032091699,MEGA,32,32,32,428,13696
201407032091632,MEGA,32,32,32,428,13696
201407032091621,MEGA,32,32,32,428,13696
201407032091610,MEGA,26,42,302,426,128652
201407032090986,METRO,38,42,94,280,26320
201407032091540,MFL,20,20,986,297,292842
201407032091505,MIDBL,22,22,10,118,1180
201407032091928,MLBBL,22,22,10,386,3860
201407032091669,MNBBL,26,21,121,609,73689
201407032091779,NABILP,21,44,500,1512,756000
201407032091704,NABILP,45,44,100,1520,152000
201407032091586,NABILP,49,44,200,1522,304400
201407032091582,NABILP,17,44,100,1525,152500
201407032091576,NABILP,8,44,100,1526,152600
201407032091569,NABILP,32,44,100,1527,152700
201407032091166,NABILP,52,8,574,1520,872480
201407032091919,NBF1,41,1,2997,14,42707
201407032091637,NBF1,51,6,2997,14,42737
201407032091015,NBF1,51,52,11437,14,162405
201407032091666,NBL,22,6,100,396,39600
201407032091653,NBL,1,49,1000,389,389000
201407032091359,NBL,32,19,238,392,93296
201407032091339,NBL,22,14,1000,389,389000
201407032091129,NBL,29,19,1000,391,391000
201407032091124,NBL,20,44,150,394,59100
201407032091109,NBL,56,17,300,395,118500
201407032091065,NBL,34,52,1000,390,390000
201407032091049,NBL,44,44,100,397,39700
201407032091911,NICA,44,35,40,885,35400
201407032091904,NICA,44,51,100,885,88500
201407032091877,NICA,44,57,380,885,336300
201407032091787,NICA,44,59,500,882,441000
201407032091097,NICA,33,38,41,888,36408
201407032090975,NICA,26,25,100,887,88700
201407032090970,NICA,44,10,500,885,442500
201407032091325,NICA,44,59,175,882,154350
201407032091299,NICA,39,39,304,883,268432
201407032091242,NICA,26,4,40,887,35480
201407032091177,NICA,35,38,852,884,753168
201407032091147,NICA,44,38,250,885,221250
201407032091100,NICA,49,45,306,885,270810
201407032091776,NICA,44,25,100,887,88700
201407032091768,NICA,50,59,1000,880,880000
201407032091730,NICA,13,25,327,885,289395
201407032091695,NICA,59,6,30,885,26550
201407032091686,NICA,59,39,105,882,92610
201407032091662,NICA,13,13,45,884,39780
201407032091328,NLBBL,1,6,100,1274,127400
201407032091898,NLG,48,6,26,839,21814
201407032091383,NLG,45,40,26,838,21788
201407032091340,NLG,26,40,26,831,21606
201407032091290,NLG,20,38,13,835,10855
201407032091159,NLG,20,46,176,839,147664
201407032091923,NLIC,17,56,15,4314,64710
201407032091910,NLIC,6,55,100,4275,427500
201407032091688,NLIC,5,44,20,4210,84200
201407032091684,NLIC,5,44,20,4210,84200
201407032091153,NLIC,29,52,50,4230,211500
201407032091863,PFIL,26,51,1000,130,130000
201407032091809,PFIL,29,17,3672,128,470016
201407032091048,PFIL,17,54,3842,128,491776
201407032090955,PFIL,45,6,575,129,74175
201407032091575,PIC,47,47,10,515,5150
201407032091713,PLIC,28,28,450,1060,477000
201407032091600,PLIC,28,28,60,1060,63600
201407032091538,PLIC,17,57,994,1050,1043700
201407032091535,PLIC,28,28,300,1055,316500
201407032091374,PLIC,58,48,100,1065,106500
201407032091372,PLIC,49,14,1179,1050,1237950
201407032091830,PRDBL,17,26,20,154,3080
201407032091498,PRDBL,18,13,10,157,1570
201407032091497,PRDBL,18,13,10,157,1570
201407032091265,PRDBL,17,6,70,154,10780
201407032091068,PRDBL,17,17,10,154,1540
201407032091417,RBS,25,55,38,5755,218690
201407032091175,RDBL,13,17,26,210,5460
201407032091871,RMDC,59,59,41,840,34440
201407032091644,RMDC,52,7,33,853,28149
201407032091633,RMDC,52,7,33,853,28149
201407032091625,RMDC,52,7,33,853,28149
201407032091517,RMDC,35,35,6879,840,5778360
201407032091495,RMDC,59,59,41,826,33866
201407032091089,RMDC,59,26,50,845,42250
201407032091088,RMDC,5,26,50,845,42250
201407032091017,RMDC,21,47,500,837,418500
201407032090999,RMDC,1,47,379,840,318360
201407032091276,RMDC,49,26,206,815,167890
201407032091144,RMDC,49,26,20,821,16420
201407032091140,RMDC,49,49,2820,830,2340600
201407032091092,RMDC,4,26,70,840,58800
201407032091091,RMDC,25,26,80,840,67200
201407032091090,RMDC,59,26,50,845,42250
201407032091487,RMDC,59,59,41,826,33866
201407032091480,RMDC,35,35,4401,840,3696840
201407032091474,RMDC,59,59,41,826,33866
201407032091465,RMDC,59,59,41,826,33866
201407032091455,RMDC,59,59,41,826,33866
201407032091449,RMDC,59,59,41,826,33866
201407032091736,SBI,38,47,100,1285,128500
201407032091595,SBI,38,44,293,1265,370645
201407032091528,SBI,26,41,257,1262,324334
201407032091223,SBI,57,39,34,1262,42908
201407032090997,SBI,19,26,19,1261,23959
201407032091850,SBL,20,47,140,736,103040
201407032091811,SBL,36,37,52,739,38428
201407032091794,SBL,52,39,21,737,15477
201407032091777,SBL,20,39,160,736,117760
201407032091696,SBL,50,50,1650,733,1209450
201407032091122,SBL,41,10,75,736,55200
201407032091103,SBL,19,10,86,736,63296
201407032091026,SBL,25,10,21,737,15477
201407032091006,SBL,25,39,110,737,81070
201407032090990,SBL,25,26,20,737,14740
201407032091568,SEWA,19,21,92,329,30268
201407032091527,SEWA,45,8,11,330,3630
201407032091526,SEWA,45,8,11,330,3630
201407032091525,SEWA,45,8,11,330,3630
201407032091524,SEWA,45,8,11,330,3630
201407032091523,SEWA,45,8,17,330,5610
201407032091188,SEWA,43,37,176,326,57376
201407032091761,SHINE,35,20,33,395,13035
201407032091589,SHINE,47,47,70,400,28000
201407032091164,SHINE,35,7,148,395,58460
201407032091886,SHPC,10,56,470,720,338400
201407032091835,SHPC,25,3,10,730,7300
201407032091718,SHPC,5,5,18,744,13392
201407032091714,SHPC,21,56,500,730,365000
201407032091687,SHPC,14,14,10,733,7330
201407032091665,SHPC,14,56,500,730,365000
201407032090966,SHPC,58,40,17,720,12240
201407032091118,SHPC,57,22,18,719,12942
201407032091094,SHPC,57,22,18,719,12942
201407032091082,SHPC,57,22,18,719,12942
201407032091070,SHPC,50,22,18,719,12942
201407032091012,SHPC,26,56,670,720,482400
201407032090969,SHPC,36,56,1000,718,718000
201407032091151,SHPC,57,22,18,719,12942
201407032091150,SHPC,35,22,18,719,12942
201407032091138,SHPC,35,22,18,719,12942
201407032091132,SHPC,57,22,18,719,12942
201407032091121,SHPC,35,22,18,719,12942
201407032091120,SHPC,35,56,1000,718,718000
201407032091173,SHPC,35,22,18,720,12960
201407032091169,SHPC,35,56,470,718,337460
201407032091167,SHPC,29,22,18,719,12942
201407032091161,SHPC,35,40,17,720,12240
201407032091157,SHPC,29,22,18,719,12942
201407032091152,SHPC,29,22,18,719,12942
201407032091275,SHPC,57,40,17,725,12325
201407032091201,SHPC,55,40,17,722,12274
201407032091198,SHPC,55,40,17,721,12257
201407032091193,SHPC,50,40,17,720,12240
201407032091189,SHPC,57,40,17,720,12240
201407032091183,SHPC,10,56,500,720,360000
201407032091641,SHPC,50,56,500,730,365000
201407032091578,SHPC,26,40,89,730,64970
201407032091567,SHPC,26,6,18,730,13140
201407032091552,SHPC,50,56,1000,725,725000
201407032091418,SHPC,1,58,20,725,14500
201407032091381,SHPC,1,40,18,725,13050
201407032091052,SIGS1,43,5,50000,15,750000
201407032091878,SKBBL,40,8,382,1342,512644
201407032091868,SKBBL,36,7,38,1345,51110
201407032091786,SKBBL,36,7,75,1346,100950
201407032091611,SKBBL,17,51,95,1351,128345
201407032091541,SKBBL,34,7,19,1352,25688
201407032091499,SKBBL,34,7,19,1352,25688
201407032091384,SKBBL,36,7,19,1351,25669
201407032091283,SKBBL,36,40,19,1345,25555
201407032091186,SKBBL,17,11,121,1351,163471
201407032091127,SKBBL,17,46,90,1351,121590
201407032091105,SKBBL,36,49,19,1352,25688
201407032090954,SKBBL,40,7,19,1353,25707
201407032091405,SKBBL,36,49,19,1352,25688
201407032091399,SKBBL,36,49,19,1352,25688
201407032091398,SKBBL,36,7,19,1351,25669
201407032091397,SKBBL,36,7,19,1351,25669
201407032091396,SKBBL,36,7,19,1351,25669
201407032091389,SKBBL,42,40,19,1345,25555
201407032091425,SKBBL,36,6,19,1353,25707
201407032091424,SKBBL,36,49,19,1352,25688
201407032091423,SKBBL,36,7,19,1351,25669
201407032091408,SKBBL,36,49,19,1352,25688
201407032091407,SKBBL,36,49,19,1352,25688
201407032091406,SKBBL,36,49,19,1352,25688
201407032091471,SKBBL,17,17,15,1350,20250
201407032091470,SKBBL,17,17,48,1350,64800
201407032091438,SKBBL,36,7,19,1356,25764
201407032091435,SKBBL,36,7,19,1354,25726
201407032091434,SKBBL,36,17,10,1354,13540
201407032091430,SKBBL,36,6,19,1354,25726
201407032091796,SLICL,59,16,58,650,37700
201407032091778,SLICL,42,16,34,651,22134
201407032091751,SLICL,11,16,34,655,22270
201407032091717,SLICL,49,55,186,668,124248
201407032091698,SLICL,26,28,42,669,28098
201407032091683,SLICL,48,44,200,656,131200
201407032091096,SLICL,14,22,300,669,200700
201407032091207,SLICL,17,17,34,676,22984
201407032091206,SLICL,17,17,34,676,22984
201407032091205,SLICL,17,17,34,676,22984
201407032091204,SLICL,17,17,34,676,22984
201407032091131,SLICL,14,6,107,670,71690
201407032091110,SLICL,14,36,18,670,12060
201407032091227,SLICL,17,17,79,676,53404
201407032091222,SLICL,17,17,42,676,28392
201407032091221,SLICL,17,17,34,676,22984
201407032091219,SLICL,17,17,42,676,28392
201407032091218,SLICL,17,17,42,676,28392
201407032091209,SLICL,17,17,34,676,22984
201407032091628,SLICL,42,45,34,656,22304
201407032091612,SLICL,26,45,34,657,22338
201407032091579,SLICL,18,43,34,658,22372
201407032091554,SLICL,56,56,18,660,11880
201407032091530,SLICL,11,55,102,665,67830
201407032091355,SLICL,11,43,34,678,23052
201407032091577,SMFDB,58,40,102,990,100980
201407032091921,SRBL,42,35,1000,428,428000
201407032091920,SRBL,13,35,1000,429,429000
201407032091917,SRBL,36,35,1000,430,430000
201407032091916,SRBL,13,35,200,430,86000
201407032091915,SRBL,42,35,1000,433,433000
201407032091914,SRBL,14,35,500,433,216500
201407032091211,SRBL,26,35,500,441,220500
201407032091210,SRBL,32,35,300,442,132600
201407032091106,SRBL,42,39,690,440,303600
201407032091071,SRBL,32,26,129,445,57405
201407032091066,SRBL,32,14,52,444,23088
201407032091357,SRBL,32,49,26,436,11336
201407032091255,SRBL,32,35,110,438,48180
201407032091215,SRBL,32,35,390,438,170820
201407032091214,SRBL,51,35,1000,439,439000
201407032091213,SRBL,42,35,500,440,220000
201407032091212,SRBL,42,35,310,440,136400
201407032091913,SRBL,45,35,200,435,87000
201407032091893,SRBL,32,35,1000,438,438000
201407032091620,SRBL,42,35,1000,434,434000
201407032091619,SRBL,14,35,1000,435,435000
201407032091618,SRBL,42,35,500,435,217500
201407032091617,SRBL,32,35,300,435,130500
201407032091900,SUPRME,6,26,160,160,25600
201407032091433,SUPRME,6,21,10,160,1600
201407032091702,VBBL,21,49,1540,157,241780
201407032091643,VBBL,37,49,650,157,102050
201407032091642,VBBL,37,41,40,157,6280
201407032091606,VBBL,25,11,73,156,11388
201407032091533,VBBL,16,1,420,157,65940
201407032091532,VBBL,16,36,1100,157,172700
201407032091075,VBBL,45,44,220,157,34540
201407032091014,VBBL,21,1,493,157,77401
201407032091520,VBBL,25,44,40,157,6280
201407032091519,VBBL,25,44,40,157,6280
201407032091146,VBBL,21,25,480,156,74880
201407032091116,VBBL,45,14,80,157,12560
201407032091691,WDBL,5,38,130,217,28210
201407032091363,YETI,44,29,3000,164,492000
201407032091353,YETI,20,16,391,164,64124
201407032091352,YETI,28,17,40,167,6680
201407032091351,YETI,28,17,40,167,6680
201407032091350,YETI,28,17,40,167,6680
201407032091349,YETI,28,17,40,167,6680
201407032091010,YETI,26,41,40,165,6600
201407032090998,YETI,26,41,30,165,4950
201407032091060,YETI,32,11,50,165,8250
201407032091057,YETI,32,11,40,165,6600
201407032091055,YETI,32,32,60,165,9900
201407032091054,YETI,32,11,40,165,6600
201407032091027,YETI,26,41,53,165,8745
201407032091023,YETI,18,41,20,165,3300
201407032091312,YETI,28,16,59,165,9735
201407032091310,YETI,28,32,60,165,9900
201407032091309,YETI,28,32,60,165,9900
201407032091308,YETI,28,11,640,165,105600
201407032091307,YETI,28,11,40,165,6600
201407032091128,YETI,20,51,40,164,6560
201407032091348,YETI,28,21,20,167,3340
201407032091347,YETI,28,21,20,167,3340
201407032091346,YETI,28,21,30,167,5010
201407032091345,YETI,28,21,30,167,5010
201407032091331,YETI,28,16,59,166,9794
201407032091327,YETI,28,26,390,166,64740
201407032090671,ALDBL,17,14,20,199,3980
201407032090945,ALICL,57,46,2000,1141,2282000
201407032090920,ALICL,28,46,99,1160,114840
201407032090733,ALICL,55,46,408,1162,474096
201407032090517,ALICL,26,48,1805,1140,2057700
201407032090488,ALICL,28,46,200,1155,231000
201407032090470,ALICL,44,46,15,1160,17400
201407032090441,ALICL,26,32,200,1156,231200
201407032090924,APEX,4,32,1119,148,165612
201407032090915,APEX,4,20,140,148,20720
201407032090777,APEX,4,14,92,146,13432
201407032090641,APEX,8,29,428,147,62916
201407032090615,APEX,8,26,80,147,11760
201407032090608,APEX,8,26,20,147,2940
201407032090104,APEX,42,57,500,150,75000
201407032090101,APEX,33,52,100,149,14900
201407032090100,APEX,33,13,100,149,14900
201407032090235,APEX,6,46,150,148,22200
201407032090232,APEX,11,41,45,147,6615
201407032090220,APEX,33,41,22,148,3256
201407032090579,APEX,6,11,11,148,1628
201407032090300,APEX,16,25,613,150,91950
201407032090578,ARDBL,37,26,550,152,83600
201407032090539,ARDBL,40,40,90,155,13950
201407032090524,ARDBL,40,40,90,155,13950
201407032090503,ARDBL,40,40,90,155,13950
201407032090482,ARDBL,40,40,90,155,13950
201407032090403,ARDBL,40,40,90,155,13950
201407032090394,ARDBL,40,40,90,155,13950
201407032090040,BSBL,50,50,4000,272,1088000
201407032090449,BSBL,32,32,120,276,33120
201407032090827,BUDBL,47,14,189,189,35721
201407032090753,BUDBL,42,17,500,187,93500
201407032090438,BUDBL,1,46,210,184,38640
201407032090322,BUDBL,36,17,500,186,93000
201407032090290,BUDBL,58,45,45,188,8460
201407032090189,BUDBL,49,17,198,190,37620
201407032090952,CBL,39,25,52,296,15392
201407032090938,CBL,39,49,43,296,12728
201407032090908,CBL,11,6,110,295,32450
201407032090896,CBL,35,6,110,295,32450
201407032090881,CBL,50,19,284,295,83780
201407032090867,CBL,50,19,84,297,24948
201407032090031,CBL,16,52,100,296,29600
201407032090198,CBL,17,17,510,296,150960
201407032090193,CBL,11,11,68,296,20128
201407032090176,CBL,11,11,84,296,24864
201407032090170,CBL,11,11,100,296,29600
201407032090149,CBL,16,44,14,296,4144
201407032090087,CBL,54,32,715,295,210925
201407032090376,CBL,46,49,248,297,73656
201407032090283,CBL,44,6,917,297,272349
201407032090282,CBL,44,57,973,297,288981
201407032090257,CBL,43,13,500,298,149000
201407032090239,CBL,33,32,165,297,49005
201407032090212,CBL,33,47,125,296,37000
201407032090561,CBL,37,25,417,296,123432
201407032090530,CBL,50,18,30,297,8910
201407032090506,CBL,33,18,43,298,12814
201407032090485,CBL,37,6,163,296,48248
201407032090428,CBL,39,20,1018,295,300310
201407032090400,CBL,50,57,180,297,53460
201407032090850,CBL,25,19,103,295,30385
201407032090834,CBL,25,25,1000,295,295000
201407032090763,CBL,37,36,135,296,39960
201407032090755,CBL,41,19,14,298,4172
201407032090752,CBL,37,10,200,296,59200
201407032090629,CBL,6,57,125,297,37125
201407032090953,CCBL,36,6,153,318,48654
201407032090943,CCBL,36,1,40,318,12720
201407032090932,CCBL,36,1,40,318,12720
201407032090925,CCBL,36,21,40,318,12720
201407032090918,CCBL,36,21,40,318,12720
201407032090905,CCBL,36,21,40,318,12720
201407032090034,CCBL,36,14,40,316,12640
201407032090033,CCBL,36,14,40,316,12640
201407032090030,CCBL,19,14,40,315,12600
201407032090025,CCBL,19,14,40,315,12600
201407032090089,CCBL,34,33,40,315,12600
201407032090086,CCBL,3,17,233,316,73628
201407032090074,CCBL,34,33,40,315,12600
201407032090043,CCBL,34,33,40,315,12600
201407032090039,CCBL,36,33,40,316,12640
201407032090035,CCBL,36,14,40,316,12640
201407032090247,CCBL,16,28,32,315,10080
201407032090205,CCBL,26,26,40,314,12560
201407032090190,CCBL,26,26,40,314,12560
201407032090164,CCBL,26,26,40,314,12560
201407032090151,CCBL,34,28,32,315,10080
201407032090108,CCBL,34,26,40,315,12600
201407032090383,CCBL,34,25,40,315,12600
201407032090382,CCBL,34,33,40,315,12600
201407032090334,CCBL,41,49,10,315,3150
201407032090254,CCBL,50,28,32,316,10112
201407032090253,CCBL,50,28,32,316,10112
201407032090252,CCBL,50,33,40,315,12600
201407032090412,CCBL,37,35,40,317,12680
201407032090411,CCBL,37,35,40,317,12680
201407032090401,CCBL,41,49,13,315,4095
201407032090386,CCBL,34,33,40,315,12600
201407032090385,CCBL,34,33,40,315,12600
201407032090384,CCBL,34,33,40,315,12600
201407032090418,CCBL,37,17,112,317,35504
201407032090417,CCBL,37,35,40,317,12680
201407032090416,CCBL,37,35,40,317,12680
201407032090415,CCBL,37,35,40,317,12680
201407032090414,CCBL,37,35,40,317,12680
201407032090413,CCBL,37,35,40,317,12680
201407032090542,CCBL,13,33,40,316,12640
201407032090531,CCBL,13,33,40,316,12640
201407032090521,CCBL,13,33,40,316,12640
201407032090519,CCBL,16,59,39,316,12324
201407032090512,CCBL,37,59,39,317,12363
201407032090448,CCBL,26,55,40,314,12560
201407032090746,CCBL,41,21,40,315,12600
201407032090728,CCBL,8,47,32,316,10112
201407032090710,CCBL,16,47,61,316,19276
201407032090675,CCBL,41,38,240,315,75600
201407032090660,CCBL,13,25,40,316,12640
201407032090547,CCBL,13,39,40,316,12640
201407032090776,CCBL,10,28,32,318,10176
201407032090775,CCBL,10,1,40,318,12720
201407032090774,CCBL,10,51,40,318,12720
201407032090767,CCBL,41,21,40,315,12600
201407032090760,CCBL,25,45,1000,317,317000
201407032090754,CCBL,5,45,1000,317,317000
201407032090833,CCBL,36,1,1041,318,331038
201407032090823,CCBL,36,45,1000,318,318000
201407032090800,CCBL,10,17,16,318,5088
201407032090790,CCBL,10,40,76,318,24168
201407032090789,CCBL,41,21,40,315,12600
201407032090784,CCBL,41,21,40,315,12600
201407032090892,CCBL,10,6,306,318,97308
201407032090889,CCBL,10,21,40,318,12720
201407032090885,CCBL,20,11,39,320,12480
201407032090884,CCBL,20,51,40,319,12760
201407032090877,CCBL,10,21,40,318,12720
201407032090866,CCBL,10,21,40,318,12720
201407032090302,CDBL,14,11,15,400,6000
201407032090301,CDBL,14,50,150,400,60000
201407032090234,CDBL,48,17,46,400,18400
201407032090946,CEDBL,17,29,94,285,26790
201407032090863,CEDBL,45,1,344,286,98384
201407032090469,CFCL,17,55,134,158,21172
201407032090340,CFCL,39,55,164,158,25912
201407032090181,CFCL,16,14,1000,161,161000
201407032090167,CFCL,29,14,100,164,16400
201407032090860,CIT,29,33,50,3700,185000
201407032090725,CIT,16,18,10,3724,37240
201407032090598,CIT,39,18,10,3651,36510
201407032090758,CNDBL,26,26,30,161,4830
201407032090739,CNDBL,26,26,30,161,4830
201407032090631,CNDBL,26,22,20,161,3220
201407032090580,CNDBL,26,6,50,161,8050
201407032090724,EIC,17,13,100,1034,103400
201407032090722,EIC,17,48,33,1033,34089
201407032090693,EIC,13,13,134,1030,138020
201407032090685,EIC,6,26,33,1025,33825
201407032090223,EIC,13,13,13,1026,13338
201407032090788,FFCL,47,32,115,265,30475
201407032090876,GBBL,50,33,244,305,74420
201407032090571,GBBL,52,57,33,305,10065
201407032090550,GBBL,52,57,33,305,10065
201407032090549,GBBL,52,26,100,305,30500
201407032090308,GBBL,37,26,369,306,112914
201407032090949,GBIME,58,11,37,600,22200
201407032090948,GBIME,58,1,70,600,42000
201407032090936,GBIME,58,6,11,600,6600
201407032090930,GBIME,58,22,37,600,22200
201407032090922,GBIME,58,22,113,600,67800
201407032090909,GBIME,58,13,33,598,19734
201407032090142,GBIME,36,59,860,595,511700
201407032090135,GBIME,48,20,500,594,297000
201407032090112,GBIME,28,22,37,600,22200
201407032090106,GBIME,28,11,18,600,10800
201407032090098,GBIME,28,13,17,599,10183
201407032090069,GBIME,28,58,19,598,11362
201407032090280,GBIME,17,55,36,594,21384
201407032090266,GBIME,42,55,36,594,21384
201407032090251,GBIME,29,40,35,595,20825
201407032090194,GBIME,36,49,58,597,34626
201407032090147,GBIME,28,21,36,599,21564
201407032090143,GBIME,36,39,500,597,298500
201407032090431,GBIME,52,28,19,591,11229
201407032090420,GBIME,17,46,438,590,258420
201407032090321,GBIME,52,46,75,593,44475
201407032090311,GBIME,48,46,75,594,44550
201407032090307,GBIME,48,53,100,594,59400
201407032090287,GBIME,17,44,12,594,7128
201407032090874,GBIME,58,22,37,597,22089
201407032090707,GBIME,51,45,1000,595,595000
201407032090640,GBIME,36,32,113,593,67009
201407032090574,GBIME,51,26,182,594,108108
201407032090494,GBIME,26,26,136,594,80784
201407032090492,GBIME,26,26,136,594,80784
201407032090904,GBIME,58,29,267,598,159666
201407032090899,GBIME,58,39,500,597,298500
201407032090891,GBIME,58,22,36,597,21492
201407032090887,GBIME,41,56,37,595,22015
201407032090883,GBIME,58,22,36,597,21492
201407032090879,GBIME,58,22,37,597,22089
201407032090817,HAMA,29,33,500,143,71500
201407032090842,HBDL,37,29,1000,110,110000
201407032090630,HBDL,29,51,2000,110,220000
201407032090421,HBDL,4,44,812,110,89320
201407032090405,HBDL,1,14,200,110,22000
201407032090315,HBDL,58,40,2000,110,220000
201407032090051,INDB,47,29,116,265,30740
201407032090286,JBBL,48,53,210,176,36960
201407032090895,JBNL,33,51,707,291,205737
201407032090871,JBNL,33,59,279,290,80910
201407032090870,JBNL,33,16,1000,290,290000
201407032090869,JBNL,33,35,1200,290,348000
201407032090854,JBNL,50,49,500,289,144500
201407032090762,JBNL,51,53,550,289,158950
201407032090730,JBNL,51,53,1000,287,287000
201407032090565,JBNL,53,14,25,290,7250
201407032090471,JBNL,13,25,163,288,46944
201407032090464,JBNL,52,25,341,288,98208
201407032090378,JBNL,32,26,72,289,20808
201407032090294,JBNL,35,13,417,290,120930
201407032090559,JFL,17,17,700,413,289100
201407032090865,KAFIL,1,1,269,200,53800
201407032090845,KAFIL,1,1,318,200,63600
201407032090835,KAFIL,28,1,34,200,6800
201407032090627,KBBL,56,43,500,404,202000
201407032090527,KBBL,21,29,200,402,80400
201407032090095,KBBL,21,50,308,404,124432
201407032090049,KMCDB,35,44,298,726,216348
201407032090159,KMCDB,32,43,10,721,7210
201407032090156,KMCDB,32,43,10,721,7210
201407032090138,KMCDB,59,26,143,725,103675
201407032090171,KMCDB,32,43,10,721,7210
201407032090169,KMCDB,32,43,10,721,7210
201407032090166,KMCDB,32,43,10,721,7210
201407032090165,KMCDB,32,43,10,721,7210
201407032090163,KMCDB,32,43,10,721,7210
201407032090161,KMCDB,32,43,10,721,7210
201407032090183,KMCDB,40,43,10,721,7210
201407032090180,KMCDB,40,43,10,721,7210
201407032090179,KMCDB,40,43,10,721,7210
201407032090177,KMCDB,40,43,10,721,7210
201407032090175,KMCDB,32,43,10,721,7210
201407032090174,KMCDB,32,43,10,721,7210
201407032090269,KMCDB,36,6,10,730,7300
201407032090238,KMCDB,11,6,10,730,7300
201407032090184,KMCDB,40,43,10,721,7210
201407032090273,KMCDB,36,46,10,744,7440
201407032090272,KMCDB,36,46,10,744,7440
201407032090271,KMCDB,36,40,10,739,7390
201407032090270,KMCDB,36,45,10,739,7390
201407032090828,LBL,11,11,240,543,130320
201407032090742,LBL,43,58,500,541,270500
201407032090736,LBL,43,26,307,541,166087
201407032090425,LBL,19,52,611,540,329940
201407032090423,LICN,22,22,1101,4050,4459050
201407032090155,LICN,19,8,56,4125,231000
201407032090533,MBBL,26,25,590,184,108560
201407032090532,MBBL,26,47,20,184,3680
201407032090714,MDB,25,8,43,470,20210
201407032090134,MDB,17,58,30,471,14130
201407032090126,MDB,17,44,86,471,40506
201407032090820,MEGA,26,32,64,431,27584
201407032090819,MEGA,26,47,10,430,4300
201407032090792,MEGA,7,19,10,428,4280
201407032090689,MEGA,22,42,320,426,136320
201407032090345,MEGA,13,49,13,429,5577
201407032090214,MEGA,35,41,32,428,13696
201407032090207,MEGA,35,41,10,428,4280
201407032090140,MEGA,35,44,20,428,8560
201407032090097,MEGA,36,32,192,430,82560
201407032090076,MEGA,7,21,32,431,13792
201407032090070,MIDBL,14,22,10,116,1160
201407032090065,MNBBL,21,53,108,620,66960
201407032090886,NABILP,55,59,500,1520,760000
201407032090694,NABILP,51,8,260,1520,395200
201407032090305,NABILP,53,44,100,1535,153500
201407032090299,NABILP,53,44,100,1535,153500
201407032090225,NABILP,21,59,500,1525,762500
201407032090919,NBL,34,19,2000,390,780000
201407032090897,NBL,26,35,500,392,196000
201407032090875,NBL,22,19,1000,391,391000
201407032090844,NBL,34,33,2500,390,975000
201407032090798,NBL,43,28,100,397,39700
201407032090716,NBL,26,42,200,396,79200
201407032090553,NBL,46,19,1000,391,391000
201407032090535,NBL,34,46,1096,390,427440
201407032090366,NBL,37,19,1000,391,391000
201407032090119,NBL,34,53,500,390,195000
201407032090102,NBL,25,19,1000,391,391000
201407032090048,NBL,22,41,283,394,111502
201407032090824,NCM,7,3,162,205,33210
201407032090526,NCM,16,16,228,201,45828
201407032090303,NCM,4,5,110,205,22550
201407032090917,NICA,17,17,757,885,669945
201407032090843,NICA,44,41,250,885,221250
201407032090837,NICA,35,10,538,886,476668
201407032090799,NICA,26,51,60,889,53340
201407032090786,NICA,49,49,105,888,93240
201407032090434,NICA,58,21,200,890,178000
201407032090328,NICA,49,49,1575,888,1398600
201407032090160,NICA,17,45,777,890,691530
201407032090761,NICA,49,38,120,888,106560
201407032090729,NICA,33,6,40,888,35520
201407032090697,NICA,47,47,130,890,115700
201407032090662,NICA,58,47,70,890,62300
201407032090582,NICA,51,47,100,892,89200
201407032090439,NICA,58,6,30,890,26700
201407032090612,NLBBL,37,47,40,1300,52000
201407032090410,NLBBL,47,45,64,1300,83200
201407032090402,NLBBL,47,45,200,1300,260000
201407032090139,NLBBL,17,17,202,1325,267650
201407032090589,NLG,26,29,26,840,21840
201407032090585,NLG,26,29,26,840,21840
201407032090451,NLG,48,14,13,824,10712
201407032090124,NLG,48,43,148,824,121952
201407032090093,NLG,6,29,26,840,21840
201407032090088,NLG,48,29,26,842,21892
201407032090808,NLIC,43,32,100,4205,420500
201407032090071,OFL,32,32,20,310,6200
201407032090395,PBSL,17,48,26,177,4602
201407032090391,PBSL,17,48,20,174,3480
201407032090782,PFIL,49,11,1000,127,127000
201407032090217,PFIL,17,42,462,125,57750
201407032090610,PFL,42,14,1000,212,212000
201407032090942,PLIC,37,10,81,1060,85860
201407032090862,PLIC,37,29,283,1060,299980
201407032090810,PLIC,7,13,27,1074,28998
201407032090744,PLIC,49,43,240,1060,254400
201407032090701,PLIC,48,29,100,1069,106900
201407032090672,PLIC,59,33,1040,1055,1097200
201407032090344,PLIC,17,17,54,1074,57996
201407032090342,PLIC,17,17,54,1074,57996
201407032090338,PLIC,17,17,27,1074,28998
201407032090336,PLIC,17,17,54,1074,57996
201407032090523,PLIC,45,29,31,1075,33325
201407032090360,PLIC,17,17,54,1074,57996
201407032090358,PLIC,17,17,13,1074,13962
201407032090353,PLIC,17,17,40,1074,42960
201407032090350,PLIC,17,17,13,1074,13962
201407032090346,PLIC,17,17,81,1074,86994
201407032090861,RMDC,59,59,41,845,34645
201407032090856,RMDC,59,59,41,845,34645
201407032090851,RMDC,59,59,41,845,34645
201407032090692,RMDC,25,46,66,840,55440
201407032090563,RMDC,13,29,34,854,29036
201407032090369,RMDC,59,59,41,850,34850
201407032090187,RMDC,42,7,33,861,28413
201407032090141,RMDC,28,59,41,855,35055
201407032090127,RMDC,42,7,33,861,28413
201407032090123,RMDC,21,44,28,851,23828
201407032090052,RMDC,49,49,84,855,71820
201407032090050,RMDC,49,49,133,855,113715
201407032090362,RMDC,59,59,41,850,34850
201407032090354,RMDC,59,59,41,850,34850
201407032090284,RMDC,59,59,41,852,34932
201407032090281,RMDC,59,59,41,852,34932
201407032090276,RMDC,28,59,41,855,35055
201407032090208,RMDC,59,50,30,854,25620
201407032090807,SBI,43,44,328,1261,413608
201407032090525,SBI,43,45,10,1260,12600
201407032090498,SBI,43,44,300,1260,378000
201407032090491,SBI,43,44,240,1259,302160
201407032090490,SBI,43,44,296,1257,372072
201407032090458,SBI,21,46,96,1248,119808
201407032090447,SBI,11,46,94,1250,117500
201407032090393,SBI,11,46,193,1251,241443
201407032090224,SBI,19,57,139,1250,173750
201407032090829,SBL,5,41,200,739,147800
201407032090702,SBL,25,22,259,736,190624
201407032090688,SBL,10,28,416,740,307840
201407032090529,SBL,43,28,502,740,371480
201407032090528,SBL,43,25,400,740,296000
201407032090444,SBL,32,26,28,740,20720
201407032090419,SBL,41,28,202,740,149480
201407032090329,SBL,32,50,21,740,15540
201407032090244,SBL,36,28,282,740,208680
201407032090243,SBL,36,28,1000,740,740000
201407032090446,SETI,11,6,32,164,5248
201407032090826,SEWA,16,8,17,329,5593
201407032090804,SEWA,52,17,113,330,37290
201407032090747,SEWA,52,8,17,330,5610
201407032090847,SHPC,21,21,532,725,385700
201407032090821,SHPC,49,56,500,715,357500
201407032090816,SHPC,10,56,1000,718,718000
201407032090751,SHPC,17,41,200,716,143200
201407032090306,SHPC,7,56,500,715,357500
201407032090268,SHPC,21,45,15,717,10755
201407032090263,SHPC,17,45,16,720,11520
201407032090024,SHPC,55,43,10,721,7210
201407032090510,SHPC,50,39,18,717,12906
201407032090509,SHPC,50,39,18,717,12906
201407032090508,SHPC,50,39,18,717,12906
201407032090372,SHPC,21,40,17,716,12172
201407032090355,SHPC,55,40,17,717,12189
201407032090317,SHPC,6,56,1200,711,853200
201407032090583,SHPC,42,43,18,715,12870
201407032090575,SHPC,50,56,182,720,131040
201407032090548,SHPC,19,26,15,716,10740
201407032090538,SHPC,50,39,18,717,12906
201407032090536,SHPC,50,39,18,717,12906
201407032090511,SHPC,50,39,18,717,12906
201407032090634,SHPC,55,56,86,725,62350
201407032090625,SHPC,43,43,18,715,12870
201407032090614,SHPC,43,43,18,715,12870
201407032090601,SHPC,43,43,18,715,12870
201407032090593,SHPC,43,43,18,715,12870
201407032090587,SHPC,43,43,18,715,12870
201407032090686,SHPC,6,56,300,716,214800
201407032090679,SHPC,21,43,18,729,13122
201407032090673,SHPC,21,56,500,715,357500
201407032090664,SHPC,17,43,18,716,12888
201407032090650,SHPC,43,43,18,715,12870
201407032090644,SHPC,43,43,18,715,12870
201407032090347,SICL,21,11,100,911,91100
201407032090130,SICL,35,5,30,915,27450
201407032090063,SICL,21,39,200,911,182200
201407032090912,SIGS1,1,57,25000,15,375250
201407032090805,SIGS1,26,39,1000,15,15210
201407032090258,SIGS1,26,5,50000,15,750000
201407032090950,SKBBL,40,7,19,1353,25707
201407032090944,SKBBL,40,7,19,1353,25707
201407032090935,SKBBL,40,7,19,1353,25707
201407032090928,SKBBL,40,7,19,1353,25707
201407032090923,SKBBL,40,7,19,1353,25707
201407032090914,SKBBL,40,7,19,1353,25707
201407032090371,SKBBL,36,7,421,1341,564561
201407032090335,SKBBL,17,7,114,1351,154014
201407032090237,SKBBL,21,7,70,1352,94640
201407032090204,SKBBL,17,7,383,1350,517050
201407032090129,SKBBL,51,44,13,1355,17615
201407032090872,SKBBL,36,44,472,1350,637200
201407032090795,SKBBL,36,35,2000,1350,2700000
201407032090695,SKBBL,42,7,19,1350,25650
201407032090668,SKBBL,51,7,96,1345,129120
201407032090545,SKBBL,21,41,11,1352,14872
201407032090388,SKBBL,51,7,155,1345,208475
201407032090794,SLICL,53,36,167,669,111723
201407032090726,SLICL,59,36,300,660,198000
201407032090711,SLICL,59,43,200,657,131400
201407032090597,SLICL,42,55,90,660,59400
201407032090592,SLICL,18,36,1930,658,1269940
201407032090552,SLICL,18,54,228,659,150252
201407032090349,SLICL,18,39,18,670,12060
201407032090292,SLICL,17,17,80,672,53760
201407032090200,SLICL,48,46,201,665,133665
201407032090199,SLICL,41,43,57,675,38475
201407032090144,SMFDB,22,14,39,971,37869
201407032090852,SRBL,39,14,26,444,11544
201407032090832,SRBL,32,59,376,438,164688
201407032090783,SRBL,20,45,81,440,35640
201407032090665,SRBL,26,21,81,439,35559
201407032090502,SRBL,49,49,6745,435,2934075
201407032090903,SUBBL,45,11,59,282,16638
201407032090882,SUBBL,45,16,39,282,10998
201407032090265,SUBBL,42,39,10,277,2770
201407032090643,SUPRME,6,40,130,160,20800
201407032090186,SUPRME,28,41,10,157,1570
201407032090787,VBBL,56,56,1672,156,260832
201407032090771,VBBL,21,26,490,157,76930
201407032090770,VBBL,21,14,130,157,20410
201407032090769,VBBL,21,34,80,156,12480
201407032090718,VBBL,11,26,779,155,120745
201407032090706,VBBL,56,34,50,156,7800
201407032090117,VBBL,17,21,300,153,45900
201407032090116,VBBL,17,1,200,152,30400
201407032090085,VBBL,56,25,200,150,30000
201407032090084,VBBL,56,25,500,150,75000
201407032090083,VBBL,56,17,60,150,9000
201407032090082,VBBL,56,17,440,150,66000
201407032090647,VBBL,56,14,450,156,70200
201407032090646,VBBL,56,25,800,155,124000
201407032090637,VBBL,11,56,10,154,1540
201407032090277,VBBL,21,41,30,151,4530
201407032090275,VBBL,21,41,90,151,13590
201407032090937,YETI,26,40,40,165,6600
201407032090913,YETI,26,40,40,165,6600
201407032090791,YETI,26,45,150,165,24750
201407032090778,YETI,26,22,390,165,64350
201407032090772,YETI,26,40,40,165,6600
201407032090691,YETI,26,6,40,165,6600
201407032090158,YETI,18,8,90,165,14850
201407032090146,YETI,18,1,30,165,4950
201407032090137,YETI,18,8,90,165,14850
201407032090125,YETI,22,1,40,165,6600
201407032090114,YETI,18,8,90,165,14850
201407032090422,YETI,18,8,60,165,9900
201407032090407,YETI,18,8,60,165,9900
201407032090309,YETI,18,45,40,165,6600
201407032090203,YETI,18,8,60,165,9900
201407032090172,YETI,18,8,90,165,14850
201407032090168,YETI,18,1,30,165,4950
201407032090674,YETI,26,6,30,165,4950
201407032090656,YETI,26,3,1520,164,249280
201407032090518,YETI,18,8,90,165,14850
201407032090493,YETI,18,8,90,165,14850
201407032090480,YETI,18,50,23,165,3795
201407032090450,YETI,18,8,60,165,9900
201407032089932,ALDBL,17,26,10,199,1990
201407032089893,ALDBL,17,22,10,200,2000
201407032089469,ALDBL,17,45,10,198,1980
201407032089535,ALICL,14,26,70,1170,81900
201407032089417,ALICL,14,26,15,1170,17550
201407032089401,ALICL,14,44,15,1170,17550
201407032089377,ALICL,13,33,200,1190,238000
201407032089371,ALICL,34,54,516,1180,608880
201407032089364,ALICL,34,33,300,1170,351000
201407032089331,ALICL,7,43,29,1190,34510
201407032089292,ALICL,48,54,336,1189,399504
201407032089252,ALICL,48,32,180,1189,214020
201407032089231,ALICL,48,48,1000,1189,1189000
201407032089209,ALICL,25,54,116,1180,136880
201407032089192,ALICL,48,50,410,1185,485850
201407032089871,APEX,29,25,115,149,17135
201407032089832,APEX,32,25,85,150,12750
201407032089746,APEX,29,13,320,149,47680
201407032089606,APEX,20,14,50,150,7500
201407032089268,APEX,44,4,1000,148,148000
201407032089186,APEX,22,21,360,148,53280
201407032089103,APEX,4,52,20,146,2920
201407032089088,APEX,4,52,30,146,4380
201407032089307,BSBL,37,38,1302,275,358050
201407032089794,BUDBL,49,21,200,193,38600
201407032089638,BUDBL,49,21,200,190,38000
201407032089783,CBL,54,6,1000,297,297000
201407032089757,CBL,56,6,408,295,120360
201407032089714,CBL,8,36,135,295,39825
201407032089635,CBL,33,35,57,297,16929
201407032089566,CBL,21,6,500,294,147000
201407032089547,CBL,39,7,27,295,7965
201407032089137,CBL,43,11,248,299,74152
201407032089125,CBL,43,3,33,299,9867
201407032089120,CBL,43,48,200,298,59600
201407032089119,CBL,43,45,1000,298,298000
201407032089118,CBL,43,22,57,298,16986
201407032089109,CBL,33,22,135,298,40230
201407032089305,CBL,11,26,63,295,18585
201407032089264,CBL,40,45,59,295,17405
201407032089249,CBL,1,26,63,295,18585
201407032089243,CBL,42,26,15,295,4425
201407032089235,CBL,11,45,15,295,4425
201407032089171,CBL,39,45,55,296,16280
201407032089542,CBL,39,7,81,295,23895
201407032089527,CBL,39,7,135,295,39825
201407032089419,CBL,39,45,27,295,7965
201407032089418,CBL,21,49,500,294,147000
201407032089375,CBL,13,45,27,294,7938
201407032089330,CBL,58,26,15,294,4410
201407032090023,CCBL,26,26,40,314,12560
201407032090022,CCBL,34,5,159,315,50085
201407032090019,CCBL,34,14,40,315,12600
201407032089995,CCBL,34,14,40,315,12600
201407032089986,CCBL,34,14,40,315,12600
201407032089936,CCBL,34,14,40,315,12600
201407032089101,CCBL,13,44,40,314,12560
201407032089196,CCBL,13,46,13,315,4095
201407032089195,CCBL,36,36,306,315,96390
201407032089156,CCBL,34,46,13,315,4095
201407032089155,CCBL,34,46,10,315,3150
201407032089154,CCBL,34,46,10,315,3150
201407032089153,CCBL,34,46,10,315,3150
201407032089250,CCBL,34,16,165,315,51975
201407032089244,CCBL,13,52,39,316,12324
201407032089207,CCBL,13,32,40,315,12600
201407032089206,CCBL,13,32,40,315,12600
201407032089205,CCBL,13,32,40,315,12600
201407032089204,CCBL,13,32,40,315,12600
201407032089455,CCBL,16,45,36,316,11376
201407032089437,CCBL,16,45,36,316,11376
201407032089416,CCBL,25,6,153,316,48348
201407032089410,CCBL,34,33,40,315,12600
201407032089389,CCBL,34,33,40,315,12600
201407032089370,CCBL,13,32,22,316,6952
201407032089627,CCBL,52,45,36,316,11376
201407032089595,CCBL,34,26,306,315,96390
201407032089559,CCBL,22,45,36,316,11376
201407032089536,CCBL,16,45,36,316,11376
201407032089514,CCBL,16,45,36,316,11376
201407032089513,CCBL,16,45,36,316,11376
201407032089649,CCBL,52,35,40,316,12640
201407032089648,CCBL,52,35,40,316,12640
201407032089647,CCBL,41,45,36,316,11376
201407032089646,CCBL,41,45,36,316,11376
201407032089639,CCBL,41,45,36,316,11376
201407032089636,CCBL,41,45,36,316,11376
201407032089682,CCBL,41,45,36,316,11376
201407032089674,CCBL,25,45,28,315,8820
201407032089655,CCBL,41,45,36,316,11376
201407032089652,CCBL,41,45,36,316,11376
201407032089651,CCBL,52,45,36,316,11376
201407032089650,CCBL,52,35,40,316,12640
201407032089718,CCBL,52,7,40,317,12680
201407032089717,CCBL,52,7,40,317,12680
201407032089716,CCBL,52,11,40,317,12680
201407032089692,CCBL,41,45,36,316,11376
201407032089685,CCBL,41,45,36,316,11376
201407032089684,CCBL,41,45,36,316,11376
201407032089724,CCBL,52,7,40,317,12680
201407032089723,CCBL,52,7,40,317,12680
201407032089722,CCBL,52,35,40,317,12680
201407032089721,CCBL,52,35,40,317,12680
201407032089720,CCBL,52,7,40,317,12680
201407032089719,CCBL,52,35,40,317,12680
201407032089780,CCBL,17,57,536,315,168840
201407032089759,CCBL,17,33,40,315,12600
201407032089728,CCBL,52,7,40,317,12680
201407032089727,CCBL,52,7,40,317,12680
201407032089726,CCBL,52,7,40,317,12680
201407032089725,CCBL,52,7,40,317,12680
201407032089802,CCBL,45,22,40,316,12640
201407032089797,CCBL,45,22,40,316,12640
201407032089796,CCBL,45,22,40,316,12640
201407032089793,CCBL,45,22,40,316,12640
201407032089792,CCBL,45,45,32,316,10112
201407032089789,CCBL,41,10,770,315,242550
201407032089824,CCBL,48,22,40,315,12600
201407032089814,CCBL,41,33,40,315,12600
201407032089813,CCBL,41,22,40,315,12600
201407032089811,CCBL,41,22,40,315,12600
201407032089809,CCBL,41,22,40,315,12600
201407032089805,CCBL,41,22,40,315,12600
201407032089855,CCBL,34,11,40,315,12600
201407032089852,CCBL,46,48,39,316,12324
201407032089843,CCBL,48,51,39,315,12285
201407032089842,CCBL,48,14,40,315,12600
201407032089830,CCBL,48,22,40,315,12600
201407032089826,CCBL,48,14,40,315,12600
201407032089391,CDBL,55,50,334,400,133600
201407032089381,CDBL,55,13,367,400,146800
201407032089380,CDBL,55,6,10,400,4000
201407032089334,CDBL,55,29,15,395,5925
201407032089327,CDBL,55,29,15,395,5925
201407032089977,CIT,8,5,40,3580,143200
201407032089961,CIT,8,58,65,3600,234000
201407032089907,CIT,6,58,65,3570,232050
201407032089619,CIT,22,19,50,3500,175000
201407032089841,CNDBL,52,57,30,158,4740
201407032089784,CNDBL,5,57,30,155,4650
201407032089210,EDBL,39,39,496,640,317440
201407032089102,EDBL,42,1,750,639,479250
201407032089870,EIC,17,6,40,1034,41360
201407032089672,EIC,17,11,33,1034,34122
201407032089185,EIC,17,29,202,1033,208666
201407032089909,GBBL,13,8,54,300,16200
201407032089903,GBBL,48,36,444,302,134088
201407032089894,GBBL,48,28,131,302,39562
201407032089881,GBBL,32,8,54,300,16200
201407032089877,GBBL,13,8,54,300,16200
201407032089874,GBBL,48,44,131,300,39300
201407032089758,GBBL,28,8,77,300,23100
201407032089737,GBBL,32,8,77,300,23100
201407032089713,GBBL,28,8,77,300,23100
201407032089708,GBBL,50,28,131,302,39562
201407032089676,GBBL,28,49,37,300,11100
201407032089845,GBBL,50,50,5000,295,1475000
201407032089828,GBBL,6,8,54,300,16200
201407032089827,GBBL,6,6,1000,300,300000
201407032089821,GBBL,50,8,61,300,18300
201407032089820,GBBL,50,8,61,300,18300
201407032089795,GBBL,6,8,61,300,18300
201407032089972,GBIME,28,13,17,598,10166
201407032089946,GBIME,25,39,500,597,298500
201407032089942,GBIME,29,40,35,595,20825
201407032089908,GBIME,57,38,302,595,179690
201407032089849,GBIME,26,38,36,595,21420
201407032089844,GBIME,36,26,51,595,30345
201407032089586,GBIME,32,6,500,591,295500
201407032089493,GBIME,52,1,100,597,59700
201407032089487,GBIME,52,6,36,597,21492
201407032089342,GBIME,37,57,329,598,196742
201407032089265,GBIME,48,39,500,597,298500
201407032089644,GBIME,45,38,29,595,17255
201407032089637,GBIME,42,26,89,595,52955
201407032089634,GBIME,52,38,36,596,21456
201407032089623,GBIME,52,38,36,596,21456
201407032089622,GBIME,19,26,26,596,15496
201407032089598,GBIME,52,52,21,597,12537
201407032089833,GBIME,26,26,26,595,15470
201407032089819,GBIME,36,1,248,595,147560
201407032089707,GBIME,17,38,32,595,19040
201407032089697,GBIME,19,38,32,595,19040
201407032089693,GBIME,36,17,226,599,135374
201407032089691,GBIME,45,38,32,595,19040
201407032089957,HAMA,50,50,8050,141,1135050
201407032089146,HAMA,25,28,40,141,5640
201407032089663,HBDL,1,45,3000,110,330000
201407032089512,HBDL,17,18,1000,110,110000
201407032089498,HBDL,25,18,2000,110,220000
201407032089422,HBDL,38,56,1000,110,110000
201407032089349,HBDL,29,29,500,110,55000
201407032089175,HBDL,26,11,1498,110,164780
201407032089174,HBDL,26,42,2182,110,240020
201407032089104,HBDL,10,56,2000,110,220000
201407032089869,ICFC,19,7,140,284,39760
201407032089388,JBBL,51,25,100,179,17900
201407032089309,JBBL,51,25,190,179,34010
201407032089242,JBBL,51,53,210,179,37590
201407032089766,JBNL,13,11,84,290,24360
201407032089589,JBNL,16,43,1000,290,290000
201407032089488,JBNL,29,14,270,291,78570
201407032089413,JBNL,21,57,543,290,157470
201407032089382,JBNL,44,8,690,288,198720
201407032089353,JBNL,32,40,85,291,24735
201407032089258,JBNL,29,43,1000,289,289000
201407032089200,KAFIL,22,11,54,197,10638
201407032089787,KBBL,13,38,1000,400,400000
201407032089781,KBBL,13,38,1000,400,400000
201407032089778,KBBL,13,38,1000,400,400000
201407032089556,KBBL,59,59,1000,403,403000
201407032089379,KBBL,37,38,100,405,40500
201407032089321,KBBL,21,38,100,405,40500
201407032089320,KBBL,47,38,200,405,81000
201407032089147,KBBL,37,14,1000,405,405000
201407032089115,KBBL,54,54,104,406,42224
201407032089425,KMCDB,59,14,10,725,7250
201407032089105,KMCDB,59,44,10,725,7250
201407032089873,KNBL,47,22,54,182,9828
201407032089868,KNBL,47,36,32,182,5824
201407032089971,KRBL,1,13,500,160,80000
201407032089632,KRBL,32,13,280,160,44800
201407032089439,KRBL,32,57,10,160,1600
201407032089774,LBL,43,13,166,541,89806
201407032089480,LBL,26,10,83,552,45816
201407032089289,LBL,26,54,52,550,28600
201407032089850,LICN,19,17,60,4125,247500
201407032089548,LICN,29,26,20,4150,83000
201407032089447,LICN,14,43,16,4170,66720
201407032089336,LICN,29,14,60,4150,249000
201407032089332,LICN,11,54,200,4121,824200
201407032089234,LICN,14,42,80,4170,333600
201407032089108,LICN,32,44,21,4200,88200
201407032089325,MBBL,6,25,280,181,50680
201407032089212,MDB,16,20,57,480,27360
201407032089989,MEGA,36,22,73,430,31390
201407032089988,MEGA,36,57,40,430,17200
201407032089825,MEGA,43,51,28,428,11984
201407032089767,MEGA,43,42,10,428,4280
201407032089621,MEGA,22,19,183,430,78690
201407032089613,MEGA,22,48,73,430,31390
201407032089299,MEGA,11,21,37,430,15910
201407032089605,MEGA,13,20,32,428,13696
201407032089603,MEGA,22,50,183,430,78690
201407032089592,MEGA,49,20,32,428,13696
201407032089365,MEGA,22,58,364,426,155064
201407032089348,MEGA,39,6,31,430,13330
201407032089322,MEGA,11,11,90,430,38700
201407032089142,MFL,56,3,300,292,87600
201407032089099,MFL,16,56,39,287,11193
201407032089738,MNBBL,20,20,161,615,99015
201407032089412,MNBBL,21,57,90,620,55800
201407032089176,MNBBL,38,39,36,632,22752
201407032089962,NABILP,51,59,1000,1526,1526000
201407032089895,NABILP,53,44,200,1530,306000
201407032089699,NABILP,5,14,100,1540,154000
201407032089670,NABILP,59,59,500,1520,760000
201407032089602,NABILP,28,59,500,1520,760000
201407032089378,NABILP,17,14,100,1525,152500
201407032089266,NABILP,55,59,500,1520,760000
201407032089130,NABILP,36,8,383,1520,582160
201407032089744,NBF1,41,41,2997,14,42557
201407032089979,NBL,22,42,1700,391,664700
201407032089904,NBL,45,45,1000,390,390000
201407032089899,NBL,17,33,300,392,117600
201407032089867,NBL,55,19,1000,391,391000
201407032089675,NBL,22,19,1000,392,392000
201407032089620,NBL,42,42,235,395,92825
201407032089148,NBL,1,13,100,395,39500
201407032089124,NBL,17,53,200,395,79000
201407032089089,NBL,35,17,2000,392,784000
201407032089609,NBL,1,51,500,392,196000
201407032089474,NBL,39,32,500,392,196000
201407032089428,NBL,22,19,1000,392,392000
201407032089338,NBL,49,49,1000,393,393000
201407032089290,NBL,42,5,200,399,79800
201407032089150,NBL,17,13,1000,393,393000
201407032089959,NCM,4,21,483,205,99015
201407032089859,NCM,4,40,10,204,2040
201407032089705,NCM,7,40,10,200,2000
201407032089984,NICA,44,6,77,890,68530
201407032089973,NICA,44,38,510,890,453900
201407032089776,NICA,17,22,10,890,8900
201407032089752,NICA,33,17,60,888,53280
201407032089423,NICA,32,26,37,890,32930
201407032089403,NICA,13,7,68,889,60452
201407032089390,NICA,13,6,30,889,26670
201407032089283,NICA,17,26,80,893,71440
201407032089189,NICA,17,38,124,890,110360
201407032089582,NICA,33,45,20,888,17760
201407032089570,NICA,33,45,30,888,26640
201407032089461,NICA,51,38,167,889,148463
201407032089452,NICA,17,43,90,890,80100
201407032089966,NLBBL,37,14,20,1325,26500
201407032089352,NLBBL,37,45,24,1352,32448
201407032089346,NLBBL,37,45,60,1352,81120
201407032089974,NLG,7,36,40,845,33800
201407032089878,NLG,7,50,60,845,50700
201407032089790,NLG,7,34,22,845,18590
201407032089736,NLG,48,34,406,841,341446
201407032089702,NLG,19,50,98,850,83300
201407032089539,NLG,7,29,35,845,29575
201407032089427,NLG,32,50,13,846,10998
201407032089362,NLG,48,45,514,845,434330
201407032089298,NLG,45,57,15,850,12750
201407032089297,NLG,45,57,13,850,11050
201407032089094,NLG,7,21,14,850,11900
201407032089926,NLIC,14,52,25,4263,106575
201407032089865,NLIC,6,44,57,4305,245385
201407032089296,NLIC,59,44,50,4300,215000
201407032089208,NLIC,17,17,200,4310,862000
201407032089187,NLIC,17,17,200,4326,865200
201407032089180,NLIC,59,44,50,4300,215000
201407032089179,NLIC,19,44,100,4325,432500
201407032089178,NLIC,19,44,50,4330,216500
201407032089141,NLIC,26,17,200,4326,865200
201407032089123,NLIC,28,6,30,4350,130500
201407032089812,PFIL,19,41,1000,125,125000
201407032089683,PFIL,11,11,1000,126,126000
201407032089678,PFIL,11,11,1000,126,126000
201407032089677,PFIL,11,11,1000,126,126000
201407032089944,PLIC,47,6,70,1070,74900
201407032089829,PLIC,19,37,50,1060,53000
201407032089799,PLIC,17,51,430,1049,451070
201407032089791,PLIC,36,53,124,1050,130200
201407032089696,PLIC,42,6,54,1040,56160
201407032089541,PLIC,17,26,13,1030,13390
201407032089232,PLIC,6,16,65,1040,67600
201407032089194,PLIC,19,17,40,1030,41200
201407032089502,PLIC,11,35,1000,1048,1048000
201407032089477,PLIC,19,46,98,1040,101920
201407032089475,PLIC,6,46,297,1035,307395
201407032089446,PLIC,6,54,500,1040,520000
201407032089326,PLIC,47,16,12,1050,12600
201407032089241,PLIC,19,45,108,1030,111240
201407032089922,PRDBL,17,50,300,151,45300
201407032089917,PRDBL,50,50,10000,150,1500000
201407032089704,PRDBL,5,21,30,153,4590
201407032089479,PRDBL,22,45,10,150,1500
201407032089229,PRDBL,22,17,10,150,1500
201407032089222,PRDBL,22,17,10,150,1500
201407032089221,PRDBL,22,17,10,150,1500
201407032089220,PRDBL,22,17,10,150,1500
201407032089219,PRDBL,22,17,10,150,1500
201407032089218,PRDBL,22,17,10,150,1500
201407032089217,PRDBL,22,17,10,150,1500
201407032089228,PRDBL,22,17,10,150,1500
201407032089227,PRDBL,22,17,10,150,1500
201407032089226,PRDBL,22,17,10,150,1500
201407032089225,PRDBL,22,17,10,150,1500
201407032089224,PRDBL,22,17,10,150,1500
201407032089223,PRDBL,22,17,10,150,1500
201407032089861,RDBL,44,32,993,212,210516
201407032089993,RMDC,42,7,33,862,28446
201407032089978,RMDC,14,6,60,860,51600
201407032089963,RMDC,14,6,21,860,18060
201407032089444,RMDC,19,14,10,863,8630
201407032089434,RMDC,19,14,10,863,8630
201407032089429,RMDC,19,14,10,863,8630
201407032089405,RMDC,19,7,33,863,28479
201407032089404,RMDC,19,7,33,863,28479
201407032089837,SBI,38,33,400,1253,501200
201407032089817,SBI,21,6,100,1250,125000
201407032089765,SBI,26,6,326,1250,407500
201407032089761,SBI,22,28,100,1250,125000
201407032089731,SBI,34,44,95,1252,118940
201407032089645,SBI,25,44,97,1255,121735
201407032089611,SBI,11,17,44,1260,55440
201407032089093,SBI,26,26,308,1245,383460
201407032090014,SBL,40,50,58,740,42920
201407032089992,SBL,17,50,200,741,148200
201407032089801,SBL,22,50,74,742,54908
201407032089743,SBL,52,44,75,743,55725
201407032089680,SBL,36,57,338,744,251472
201407032089617,SBL,33,50,16,745,11920
201407032089601,SBL,50,58,546,735,401310
201407032089593,SBL,33,50,140,745,104300
201407032089411,SBL,19,37,67,745,49915
201407032089407,SBL,19,37,100,745,74500
201407032089092,SBL,33,1,320,745,238400
201407032089534,SETI,17,18,22,164,3608
201407032089529,SETI,17,18,22,164,3608
201407032089528,SETI,17,18,22,164,3608
201407032089520,SETI,17,18,22,164,3608
201407032089519,SETI,17,18,22,164,3608
201407032089518,SETI,17,18,22,164,3608
201407032089517,SETI,17,18,22,164,3608
201407032089516,SETI,17,18,22,164,3608
201407032089236,SETI,11,18,22,164,3608
201407032089253,SEWA,48,20,61,331,20191
201407032089981,SHPC,55,44,456,735,335160
201407032089947,SHPC,22,56,500,731,365500
201407032089700,SHPC,7,56,500,745,372500
201407032089564,SHPC,55,16,396,750,297000
201407032089560,SHPC,55,40,17,749,12733
201407032089112,SHPC,49,6,54,740,39960
201407032089095,SHPC,43,58,178,739,131542
201407032089127,SHPC,10,58,297,746,221562
201407032089126,SHPC,49,58,36,745,26820
201407032089117,SHPC,49,58,148,743,109964
201407032089116,SHPC,49,47,151,743,112193
201407032089114,SHPC,49,22,148,741,109668
201407032089113,SHPC,49,28,59,740,43660
201407032089350,SHPC,19,39,36,750,27000
201407032089161,SHPC,10,22,193,755,145715
201407032089152,SHPC,6,22,291,750,218250
201407032089149,SHPC,10,41,18,749,13482
201407032089139,SHPC,10,50,162,750,121500
201407032089135,SHPC,10,39,18,749,13482
201407032089438,SHPC,19,40,17,750,12750
201407032089435,SHPC,19,6,10,750,7500
201407032089430,SHPC,19,6,10,750,7500
201407032089360,SHPC,29,58,54,765,41310
201407032089359,SHPC,29,39,54,755,40770
201407032089358,SHPC,29,22,45,755,33975
201407032089476,SHPC,7,6,10,750,7500
201407032089471,SHPC,55,40,17,750,12750
201407032089460,SHPC,55,6,10,750,7500
201407032089445,SHPC,55,51,148,750,111000
201407032089443,SHPC,55,6,10,750,7500
201407032089558,SHPC,49,49,500,748,374000
201407032089557,SHPC,49,57,10,747,7470
201407032089551,SHPC,55,40,17,749,12733
201407032089521,SHPC,29,43,36,740,26640
201407032089485,SHPC,7,40,17,750,12750
201407032089449,SICL,41,11,100,915,91500
201407032089631,SIGS1,17,39,1000,15,15200
201407032089614,SIGS1,26,35,16000,15,242560
201407032089937,SKBBL,42,6,52,1355,70460
201407032089898,SKBBL,21,34,61,1355,82655
201407032089872,SKBBL,21,14,60,1355,81300
201407032089854,SKBBL,57,14,284,1355,384820
201407032089798,SKBBL,21,20,50,1355,67750
201407032089687,SKBBL,22,42,19,1360,25840
201407032089306,SKBBL,1,11,12,1360,16320
201407032089291,SKBBL,42,11,12,1360,16320
201407032089987,SLICL,41,41,116,675,78300
201407032089980,SLICL,41,41,42,672,28224
201407032089969,SLICL,48,17,13,661,8593
201407032089921,SLICL,42,48,500,670,335000
201407032089831,SLICL,43,17,351,670,235170
201407032089803,SLICL,43,43,450,670,301500
201407032089659,SLICL,42,54,42,670,28140
201407032089317,SLICL,28,45,64,670,42880
201407032089308,SLICL,7,55,18,672,12096
201407032089294,SLICL,7,55,68,672,45696
201407032089689,SMFDB,45,26,100,990,99000
201407032089612,SMFDB,14,14,100,1005,100500
201407032089788,SRBL,32,45,97,436,42292
201407032089580,SRBL,14,26,80,444,35520
201407032089552,SRBL,33,19,161,445,71645
201407032089323,SRBL,39,8,50,444,22200
201407032089295,SRBL,39,8,81,444,35964
201407032089230,SRBL,17,1,408,444,181152
201407032089920,SUPRME,28,29,200,157,31400
201407032089848,VBBL,55,58,1250,150,187500
201407032089846,VBBL,55,25,240,150,36000
201407032089836,VBBL,55,41,20,150,3000
201407032089835,VBBL,55,41,20,150,3000
201407032089834,VBBL,55,41,20,150,3000
201407032089785,VBBL,50,25,200,150,30000
201407032089164,VBBL,56,46,200,149,29800
201407032089087,VBBL,17,6,40,147,5880
201407032089782,VBBL,50,25,300,150,45000
201407032089591,VBBL,14,58,750,151,113250
201407032089473,VBBL,14,42,210,151,31710
201407032089324,VBBL,14,6,30,151,4530
201407032089240,VBBL,52,52,936,151,141336
201407032089838,WDBL,22,47,500,221,110500
201407032089779,WDBL,22,21,500,221,110500
201407032089328,WDBL,22,55,12,225,2700
201407032089815,YETI,22,51,50,165,8250
201407032089747,YETI,51,57,20,167,3340
201407032089642,YETI,18,57,20,167,3340
201407032089641,YETI,18,57,20,167,3340
201407032089640,YETI,18,57,20,167,3340
201407032089496,YETI,32,21,75,165,12375
201407032089096,YETI,32,46,20,165,3300
201407032089091,YETI,32,46,20,165,3300
201407032089261,YETI,28,40,110,168,18480
201407032089254,YETI,28,40,110,168,18480
201407032089248,YETI,32,40,110,165,18150
201407032089247,YETI,28,57,11,166,1826
201407032089157,YETI,32,51,350,165,57750
201407032089151,YETI,32,51,60,165,9900
201407032089312,YETI,28,3,20,170,3400
201407032089311,YETI,28,22,20,170,3400
201407032089288,YETI,28,40,110,168,18480
201407032089282,YETI,28,5,11,169,1859
201407032089281,YETI,28,5,20,169,3380
201407032089280,YETI,28,5,20,169,3380
201407032089397,YETI,18,36,50,165,8250
201407032089376,YETI,28,42,962,168,161616
201407032089316,YETI,28,6,61,170,10370
201407032089315,YETI,28,3,20,170,3400
201407032089314,YETI,28,3,20,170,3400
201407032089313,YETI,28,3,20,170,3400
201407032088279,ALDBL,47,55,20,195,3900
201407032088884,ALICL,14,49,1182,1195,1412490
201407032088833,ALICL,28,38,84,1190,99960
201407032088725,ALICL,7,57,43,1190,51170
201407032088681,ALICL,28,54,333,1190,396270
201407032088629,ALICL,7,26,29,1190,34510
201407032088498,ALICL,34,33,500,1195,597500
201407032088368,ALICL,7,21,350,1191,416850
201407032088367,ALICL,54,21,200,1192,238400
201407032088294,ALICL,45,8,500,1200,600000
201407032088236,ALICL,34,21,401,1200,481200
201407032088197,ALICL,17,50,500,1200,600000
201407032089054,APEX,4,52,20,146,2920
201407032088761,APEX,4,13,100,147,14700
201407032088604,APEX,33,46,20,145,2900
201407032088601,APEX,25,59,1100,145,159500
201407032088429,APEX,33,57,30,145,4350
201407032088365,APEX,33,57,20,145,2900
201407032088364,APEX,33,57,30,145,4350
201407032088363,APEX,33,57,30,145,4350
201407032088994,BUDBL,36,21,440,187,82280
201407032089066,CBL,50,50,1000,297,297000
201407032089014,CBL,50,41,87,296,25752
201407032088997,CBL,13,41,87,296,25752
201407032088878,CBL,41,59,511,295,150745
201407032088787,CBL,19,59,500,295,147500
201407032088782,CBL,37,45,510,295,150450
201407032088226,CBL,11,11,135,297,40095
201407032088223,CBL,21,45,75,295,22125
201407032088201,CBL,22,21,38,295,11210
201407032088176,CBL,45,39,52,298,15496
201407032088175,CBL,45,17,52,297,15444
201407032088174,CBL,45,35,217,296,64232
201407032088423,CBL,41,17,1000,295,295000
201407032088297,CBL,11,39,27,295,7965
201407032088283,CBL,45,22,111,298,33078
201407032088264,CBL,45,45,52,295,15340
201407032088262,CBL,45,45,135,295,39825
201407032088240,CBL,47,45,135,295,39825
201407032088605,CBL,11,59,150,295,44250
201407032088570,CBL,50,17,1000,295,295000
201407032088559,CBL,11,19,212,295,62540
201407032088556,CBL,33,26,26,296,7696
201407032088537,CBL,22,26,26,296,7696
201407032088522,CBL,47,17,595,296,176120
201407032088749,CBL,13,26,26,296,7696
201407032088652,CBL,44,17,571,297,169587
201407032088630,CBL,44,34,68,295,20060
201407032088608,CBL,21,59,400,295,118000
201407032088607,CBL,41,59,500,295,147500
201407032088606,CBL,11,59,270,295,79650
201407032089034,CCBL,45,46,13,315,4095
201407032089030,CCBL,45,33,40,315,12600
201407032088897,CCBL,45,59,336,314,105504
201407032088892,CCBL,25,59,1000,312,312000
201407032088886,CCBL,13,48,40,314,12560
201407032088799,CCBL,13,48,40,314,12560
201407032088120,CCBL,16,46,13,314,4082
201407032088119,CCBL,16,17,20,314,6280
201407032088117,CCBL,40,46,13,314,4082
201407032088112,CCBL,13,17,10,314,3140
201407032088111,CCBL,13,17,10,314,3140
201407032088110,CCBL,13,17,20,314,6280
201407032088136,CCBL,40,17,156,315,49140
201407032088135,CCBL,40,17,40,315,12600
201407032088134,CCBL,40,17,40,315,12600
201407032088133,CCBL,40,17,40,315,12600
201407032088132,CCBL,40,17,40,315,12600
201407032088128,CCBL,13,46,10,314,3140
201407032088160,CCBL,16,46,13,315,4095
201407032088156,CCBL,26,47,292,316,92272
201407032088153,CCBL,16,46,10,315,3150
201407032088150,CCBL,16,35,40,315,12600
201407032088149,CCBL,16,35,40,315,12600
201407032088148,CCBL,16,1,40,315,12600
201407032088398,CCBL,13,1,40,316,12640
201407032088376,CCBL,22,11,40,317,12680
201407032088326,CCBL,22,11,10,317,3170
201407032088238,CCBL,21,49,36,317,11412
201407032088224,CCBL,40,46,13,315,4095
201407032088194,CCBL,40,46,13,315,4095
201407032088449,CCBL,42,1,40,317,12680
201407032088448,CCBL,42,11,40,317,12680
201407032088407,CCBL,13,11,261,317,82737
201407032088403,CCBL,22,46,13,317,4121
201407032088402,CCBL,13,11,40,317,12680
201407032088401,CCBL,13,1,40,316,12640
201407032088538,CCBL,21,34,13,315,4095
201407032088534,CCBL,13,19,40,316,12640
201407032088521,CCBL,21,33,40,315,12600
201407032088452,CCBL,42,22,40,318,12720
201407032088451,CCBL,42,1,40,317,12680
201407032088450,CCBL,42,1,40,317,12680
201407032088644,CCBL,37,22,292,316,92272
201407032088636,CCBL,21,40,76,315,23940
201407032088625,CCBL,37,1,77,316,24332
201407032088599,CCBL,16,1,77,315,24255
201407032088597,CCBL,40,34,40,315,12600
201407032088575,CCBL,58,22,292,316,92272
201407032088735,CCBL,16,59,50,315,15750
201407032088689,CCBL,53,11,12,317,3804
201407032088688,CCBL,53,1,40,317,12680
201407032088687,CCBL,53,6,40,316,12640
201407032088679,CCBL,53,26,31,317,9827
201407032088658,CCBL,37,22,292,316,92272
201407032088798,CCBL,13,33,40,315,12600
201407032088743,CCBL,58,59,200,316,63200
201407032088739,CCBL,13,59,200,315,63000
201407032088738,CCBL,13,59,200,315,63000
201407032088737,CCBL,33,59,1000,315,315000
201407032088736,CCBL,46,59,100,315,31500
201407032088890,CDBL,36,26,490,395,193550
201407032088184,CEDBL,8,49,285,286,81510
201407032088130,CEDBL,8,33,1008,285,287280
201407032088811,CFCL,4,21,166,167,27722
201407032088844,EDBL,42,20,10,638,6380
201407032088977,EIC,56,56,1160,1030,1194800
201407032088853,EIC,56,56,495,1034,511830
201407032088646,EIC,19,56,33,1034,34122
201407032088551,EIC,45,22,23,1034,23782
201407032088436,EIC,19,39,168,1034,173712
201407032088386,EIC,26,17,40,1031,41240
201407032088210,EIC,26,13,67,1020,68340
201407032088517,GBBL,47,19,37,297,10989
201407032089083,GBIME,59,22,37,600,22200
201407032088996,GBIME,51,38,36,598,21528
201407032088858,GBIME,36,13,1000,598,598000
201407032088852,GBIME,36,35,281,597,167757
201407032088851,GBIME,36,35,21,597,12537
201407032088850,GBIME,36,19,250,596,149000
201407032088458,GBIME,51,8,32,597,19104
201407032088430,GBIME,17,20,57,594,33858
201407032088428,GBIME,51,29,126,595,74970
201407032088425,GBIME,40,8,15,595,8925
201407032088419,GBIME,42,8,32,595,19040
201407032088791,GBIME,51,45,442,596,263432
201407032088778,GBIME,11,43,814,595,484330
201407032088603,GBIME,17,17,36,599,21564
201407032088602,GBIME,51,33,765,596,455940
201407032088590,GBIME,17,34,57,598,34086
201407032088494,GBIME,52,20,36,595,21420
201407032089071,HBDL,38,40,43,110,4730
201407032089068,HBDL,37,10,2990,110,328900
201407032089060,HBDL,38,5,100,110,11000
201407032089047,HBDL,36,17,581,110,63910
201407032088255,HBDL,56,25,100,106,10600
201407032088248,HBDL,56,26,100,106,10600
201407032088244,HBDL,47,13,500,104,52000
201407032088237,HBDL,56,26,100,106,10600
201407032088219,HBDL,26,26,100,104,10400
201407032088200,HBDL,58,19,500,102,51000
201407032088275,HBDL,48,56,2000,107,214000
201407032088274,HBDL,58,56,1000,105,105000
201407032088269,HBDL,4,26,1500,107,160500
201407032088265,HBDL,4,13,1000,107,107000
201407032088263,HBDL,4,39,1000,107,107000
201407032088258,HBDL,25,13,500,105,52500
201407032088388,HBDL,48,25,1000,110,110000
201407032088384,HBDL,37,13,1000,110,110000
201407032088355,HBDL,48,49,2700,110,297000
201407032088333,HBDL,1,14,500,110,55000
201407032088300,HBDL,48,14,1000,110,110000
201407032088278,HBDL,39,56,1000,108,108000
201407032088426,HBDL,32,58,1000,108,108000
201407032088413,HBDL,39,56,500,110,55000
201407032088412,HBDL,29,56,500,110,55000
201407032088411,HBDL,22,56,300,110,33000
201407032088410,HBDL,25,25,1500,110,165000
201407032088400,HBDL,22,17,59,110,6490
201407032088468,HBDL,35,26,928,108,100224
201407032088453,HBDL,39,56,300,110,33000
201407032088446,HBDL,1,56,500,110,55000
201407032088443,HBDL,29,56,100,110,11000
201407032088442,HBDL,22,17,59,110,6490
201407032088441,HBDL,22,46,3000,110,330000
201407032088505,HBDL,40,56,1000,110,110000
201407032088487,HBDL,35,56,1500,110,165000
201407032088486,HBDL,35,29,1000,110,110000
201407032088485,HBDL,35,35,1500,109,163500
201407032088484,HBDL,35,10,1000,108,108000
201407032088482,HBDL,48,58,1000,108,108000
201407032088635,HBDL,7,59,300,110,33000
201407032088615,HBDL,13,21,206,110,22660
201407032088561,HBDL,40,17,500,110,55000
201407032088547,HBDL,1,17,500,110,55000
201407032088543,HBDL,38,56,600,110,66000
201407032088520,HBDL,17,56,1000,110,110000
201407032088690,HBDL,59,26,1000,110,110000
201407032088665,HBDL,20,11,1000,110,110000
201407032088664,HBDL,20,11,2000,110,220000
201407032088656,HBDL,20,17,228,110,25080
201407032088651,HBDL,7,52,1000,110,110000
201407032088643,HBDL,11,52,639,110,70290
201407032088899,HBDL,45,56,1000,110,110000
201407032088894,HBDL,22,45,500,110,55000
201407032088849,HBDL,45,17,1000,110,110000
201407032088719,HBDL,26,26,1000,110,110000
201407032088701,HBDL,20,26,444,110,48840
201407032088693,HBDL,20,6,5000,108,540000
201407032088992,HBDL,35,35,5000,109,545000
201407032088959,HBDL,39,56,1000,110,110000
201407032088956,HBDL,25,56,1000,110,110000
201407032088954,HBDL,45,56,1000,110,110000
201407032088916,HBDL,59,56,2000,110,220000
201407032088552,ICFC,18,55,51,288,14688
201407032089018,JBNL,22,43,1000,289,289000
201407032088895,JBNL,29,4,106,294,31164
201407032088880,JBNL,29,19,169,294,49686
201407032088860,JBNL,40,43,200,290,58000
201407032088817,JBNL,29,19,1387,292,405004
201407032088762,JBNL,33,6,969,291,281979
201407032088459,JBNL,47,13,178,293,52154
201407032088208,JBNL,13,13,200,293,58600
201407032088195,JBNL,57,26,150,294,44100
201407032088661,KAFIL,17,14,69,194,13386
201407032088976,KBBL,45,14,1000,406,406000
201407032088885,KBBL,7,39,208,410,85280
201407032088733,KBBL,42,38,100,407,40700
201407032089074,KMCDB,59,14,10,725,7250
201407032089061,KMCDB,59,14,10,725,7250
201407032089055,KMCDB,59,14,10,725,7250
201407032088225,KMCDB,45,46,10,720,7200
201407032088232,KMCDB,45,46,10,720,7200
201407032088496,KNBL,45,36,21,179,3759
201407032089046,LBL,50,49,138,547,75486
201407032088920,LBL,11,41,138,540,74520
201407032088888,LBL,17,4,200,550,110000
201407032088707,LBL,17,52,83,542,44986
201407032088703,LBL,17,17,42,540,22680
201407032088272,LFLC,32,37,160,204,32640
201407032088991,MEGA,11,34,829,430,356470
201407032088982,MEGA,46,47,183,430,78690
201407032088980,MEGA,47,47,183,430,78690
201407032088957,MEGA,46,47,183,430,78690
201407032088936,MEGA,46,44,37,430,15910
201407032088911,MEGA,49,37,93,428,39804
201407032088180,MEGA,22,32,183,426,77958
201407032088469,MEGA,21,44,37,428,15836
201407032088464,MEGA,21,44,37,428,15836
201407032088353,MEGA,48,44,37,428,15836
201407032088325,MEGA,48,44,37,428,15836
201407032088251,MEGA,42,35,138,427,58926
201407032088191,MEGA,25,6,73,425,31025
201407032088578,MEGA,19,34,32,427,13664
201407032088560,MEGA,21,14,293,427,125111
201407032088519,MEGA,43,44,37,428,15836
201407032088481,MEGA,21,44,37,428,15836
201407032088480,MEGA,21,44,37,428,15836
201407032088471,MEGA,21,44,57,428,24396
201407032088836,MEGA,49,44,37,428,15836
201407032088829,MEGA,13,40,53,427,22631
201407032088804,MEGA,19,40,46,426,19596
201407032088717,MEGA,53,44,37,428,15836
201407032088700,MEGA,53,44,37,428,15836
201407032088657,MEGA,21,21,274,427,116998
201407032088842,MEGA,49,44,37,428,15836
201407032088841,MEGA,49,44,37,428,15836
201407032088840,MEGA,49,44,37,428,15836
201407032088839,MEGA,49,44,37,428,15836
201407032088838,MEGA,49,44,37,428,15836
201407032088837,MEGA,49,44,37,428,15836
201407032088875,MEGA,49,44,19,428,8132
201407032088874,MEGA,49,44,32,428,13696
201407032088873,MEGA,49,44,25,428,10700
201407032088872,MEGA,49,44,19,428,8132
201407032088871,MEGA,49,44,37,428,15836
201407032088843,MEGA,49,44,37,428,15836
201407032088183,MIDBL,22,22,10,114,1140
201407032088171,MIDBL,13,22,10,112,1120
201407032088642,MLBBL,47,28,26,386,10036
201407032088609,MLBBL,51,28,13,383,4979
201407032088696,MNBBL,48,36,166,635,105410
201407032088527,MNBBL,42,37,24,644,15456
201407032088418,MNBBL,42,17,49,645,31605
201407032088327,MNBBL,42,37,200,640,128000
201407032088746,MSBBL,47,35,38,155,5890
201407032088524,NABILP,52,59,300,1520,456000
201407032088523,NABILP,49,59,100,1530,153000
201407032088371,NABILP,17,8,546,1540,840840
201407032088222,NABILP,49,11,100,1545,154500
201407032088181,NABILP,54,44,200,1540,308000
201407032088859,NBL,1,38,300,395,118500
201407032088823,NBL,22,41,1000,393,393000
201407032088772,NBL,17,38,500,393,196500
201407032088723,NBL,49,19,1000,393,393000
201407032088721,NBL,14,22,500,395,197500
201407032088666,NBL,18,13,228,396,90288
201407032088632,NBL,33,19,1540,393,605220
201407032088462,NBL,32,19,1000,394,394000
201407032088409,NBL,5,5,1187,392,465304
201407032088399,NBL,34,44,1016,393,399288
201407032088230,NBL,14,19,1000,394,394000
201407032088108,NBL,17,56,1000,395,395000
201407032088235,NDEP,58,58,10,123,1230
201407032089033,NICA,44,38,500,890,445000
201407032089032,NICA,44,38,500,890,445000
201407032089001,NICA,33,42,25,890,22250
201407032088970,NICA,16,26,20,889,17780
201407032088969,NICA,16,57,30,885,26550
201407032088125,NICA,44,14,52,886,46072
201407032088580,NICA,48,59,60,890,53400
201407032088579,NICA,48,59,100,890,89000
201407032088461,NICA,33,34,120,891,106920
201407032088437,NICA,33,29,183,890,162870
201407032088434,NICA,44,43,205,890,182450
201407032088139,NICA,48,43,25,890,22250
201407032088586,NICA,11,59,200,885,177000
201407032088585,NICA,51,59,500,886,443000
201407032088584,NICA,32,59,500,887,443500
201407032088583,NICA,33,59,250,887,221750
201407032088582,NICA,44,59,200,890,178000
201407032088581,NICA,40,59,100,890,89000
201407032088835,NICA,44,59,1000,883,883000
201407032088826,NICA,42,59,170,884,150280
201407032088785,NICA,41,38,200,890,178000
201407032088783,NICA,42,57,30,884,26520
201407032088587,NICA,14,59,200,880,176000
201407032088479,NLBBL,14,37,50,1379,68950
201407032088478,NLBBL,14,6,250,1360,340000
201407032088910,NLG,45,25,436,850,370600
201407032088795,NLG,16,50,24,850,20400
201407032088668,NLG,33,33,500,850,425000
201407032088533,NLG,39,49,184,856,157504
201407032088510,NLG,39,11,82,856,70192
201407032088509,NLG,39,39,100,855,85500
201407032089045,NLIC,19,55,50,4330,216500
201407032088759,NLIC,28,28,110,4350,478500
201407032088676,NLIC,19,14,30,4360,130800
201407032088674,NLIC,45,45,50,4350,217500
201407032088600,NLIC,17,17,500,4350,2175000
201407032088567,NLIC,6,45,30,4400,132000
201407032088566,NLIC,41,45,50,4400,220000
201407032088177,NLIC,19,17,100,4400,440000
201407032088131,NLIC,19,17,100,4400,440000
201407032088777,PBSL,14,17,20,171,3420
201407032089081,PFIL,49,49,8351,125,1043875
201407032088800,PFIL,47,6,650,125,81250
201407032088965,PIC,47,47,10,505,5050
201407032089085,PLIC,36,53,216,1050,226800
201407032089084,PLIC,36,57,100,1050,105000
201407032089005,PLIC,28,28,180,1050,189000
201407032088986,PLIC,28,28,308,1050,323400
201407032088866,PLIC,21,37,153,1060,162180
201407032088663,PLIC,28,14,13,1080,14040
201407032088229,PLIC,17,56,100,1090,109000
201407032088539,PLIC,42,14,10,1106,11060
201407032088528,PLIC,7,14,67,1085,72695
201407032088460,PLIC,7,6,70,1085,75950
201407032088416,PLIC,6,29,440,1085,477400
201407032088357,PLIC,50,14,67,1085,72695
201407032088242,PLIC,28,36,120,1080,129600
201407032088622,PLIC,49,26,27,1080,29160
201407032088596,PLIC,28,14,160,1080,172800
201407032088591,PLIC,7,14,40,1082,43280
201407032088568,PLIC,17,22,67,1096,73432
201407032088541,PLIC,7,14,30,1085,32550
201407032088540,PLIC,6,14,60,1085,65100
201407032088473,PRDBL,16,5,40,149,5960
201407032088440,RDBL,59,29,107,216,23112
201407032089053,RMDC,42,58,189,866,163674
201407032089016,RMDC,11,47,66,868,57288
201407032088973,RMDC,21,37,100,866,86600
201407032088930,RMDC,11,11,76,868,65968
201407032088775,RMDC,51,52,99,868,85932
201407032088722,RMDC,35,35,1000,860,860000
201407032088682,RMDC,11,6,114,870,99180
201407032088466,RMDC,43,11,46,871,40066
201407032088295,RMDC,43,43,33,888,29304
201407032088170,RMDC,43,11,66,872,57552
201407032088163,RMDC,43,6,99,871,86229
201407032088161,RMDC,43,11,46,870,40020
201407032089062,SBI,22,26,99,1250,123750
201407032088934,SBI,22,35,100,1259,125900
201407032088925,SBI,22,35,226,1259,284534
201407032088918,SBI,22,35,182,1259,229138
201407032088846,SBI,26,46,73,1250,91250
201407032088217,SBI,11,44,135,1260,170100
201407032089043,SBL,33,1,200,745,149000
201407032089042,SBL,33,43,310,745,230950
201407032089000,SBL,33,1,112,744,83328
201407032088971,SBL,19,46,99,745,73755
201407032088818,SBL,50,54,179,743,132997
201407032088569,SBL,45,14,375,740,277500
201407032088221,SBL,46,4,50,745,37250
201407032088151,SBL,46,43,100,745,74500
201407032088702,SETI,25,18,22,161,3542
201407032088697,SETI,17,18,22,164,3608
201407032089044,SEWA,26,1,100,337,33700
201407032088563,SEWA,43,13,124,331,41044
201407032088562,SEWA,43,22,15,330,4950
201407032089079,SHPC,10,58,162,739,119718
201407032089070,SHPC,10,58,82,739,60598
201407032089064,SHPC,10,58,183,738,135054
201407032089050,SHPC,43,39,217,738,160146
201407032089022,SHPC,55,58,216,735,158760
201407032088990,SHPC,55,50,216,730,157680
201407032088102,SHPC,7,32,10,703,7030
201407032088205,SHPC,10,39,18,705,12690
201407032088199,SHPC,55,39,18,705,12690
201407032088187,SHPC,55,39,18,705,12690
201407032088162,SHPC,7,39,18,705,12690
201407032088138,SHPC,7,39,18,705,12690
201407032088103,SHPC,7,39,18,705,12690
201407032088261,SHPC,10,39,18,705,12690
201407032088260,SHPC,10,56,2970,703,2087910
201407032088253,SHPC,10,39,18,705,12690
201407032088233,SHPC,10,39,18,705,12690
201407032088228,SHPC,10,39,18,705,12690
201407032088209,SHPC,10,39,18,705,12690
201407032088287,SHPC,14,39,18,705,12690
201407032088286,SHPC,14,39,18,705,12690
201407032088285,SHPC,14,39,18,705,12690
201407032088284,SHPC,14,39,18,705,12690
201407032088282,SHPC,14,39,18,705,12690
201407032088271,SHPC,10,39,18,705,12690
201407032088322,SHPC,14,39,18,705,12690
201407032088321,SHPC,14,39,18,705,12690
201407032088320,SHPC,14,39,18,705,12690
201407032088319,SHPC,14,39,18,705,12690
201407032088289,SHPC,14,39,18,705,12690
201407032088288,SHPC,14,39,18,705,12690
201407032088340,SHPC,49,39,18,705,12690
201407032088339,SHPC,49,39,18,705,12690
201407032088338,SHPC,49,39,18,705,12690
201407032088336,SHPC,49,39,18,705,12690
201407032088335,SHPC,49,39,18,705,12690
201407032088334,SHPC,49,39,18,705,12690
201407032088351,SHPC,42,44,18,705,12690
201407032088350,SHPC,42,43,30,705,21150
201407032088345,SHPC,49,44,18,705,12690
201407032088344,SHPC,49,44,18,705,12690
201407032088342,SHPC,49,44,18,705,12690
201407032088341,SHPC,49,44,18,705,12690
201407032088379,SHPC,42,49,148,705,104340
201407032088374,SHPC,49,44,18,705,12690
201407032088373,SHPC,49,44,18,705,12690
201407032088369,SHPC,7,44,18,705,12690
201407032088366,SHPC,55,44,18,705,12690
201407032088352,SHPC,55,44,18,705,12690
201407032088588,SHPC,7,22,18,712,12816
201407032088576,SHPC,7,44,10,710,7100
201407032088571,SHPC,7,40,131,708,92748
201407032088406,SHPC,35,59,208,695,144560
201407032088394,SHPC,42,47,151,708,106908
201407032088389,SHPC,7,11,18,708,12744
201407032088947,SHPC,6,44,18,720,12960
201407032088889,SHPC,55,5,18,730,13140
201407032088713,SHPC,7,50,36,729,26244
201407032088677,SHPC,49,40,17,716,12172
201407032088672,SHPC,49,40,17,715,12155
201407032088592,SHPC,7,39,36,715,25740
201407032088975,SKBBL,21,57,38,1360,51680
201407032088963,SKBBL,21,44,19,1360,25840
201407032088710,SKBBL,17,35,1000,1350,1350000
201407032089057,SLICL,28,28,55,680,37400
201407032088869,SLICL,48,10,192,670,128640
201407032088803,SLICL,17,5,68,675,45900
201407032088489,SLICL,7,55,70,672,47040
201407032088292,SLICL,48,55,200,670,134000
201407032088165,SLICL,48,26,310,677,209870
201407032088152,SLICL,45,26,91,685,62335
201407032088115,SLICL,16,53,457,688,314416
201407032088113,SLICL,40,18,100,690,69000
201407032089009,SMFDB,45,45,109,1010,110090
201407032089008,SMFDB,45,45,109,1010,110090
201407032088178,SMFDB,14,26,912,1005,916560
201407032089007,SMFDB,45,45,109,1010,110090
201407032089075,SRBL,33,52,13,445,5785
201407032089059,SRBL,32,35,500,446,223000
201407032089058,SRBL,1,35,200,446,89200
201407032088680,SRBL,14,36,113,453,51189
201407032088655,SRBL,39,25,30,450,13500
201407032088653,SRBL,39,22,48,450,21600
201407032088637,SRBL,39,42,16,448,7168
201407032088634,SRBL,39,42,16,448,7168
201407032088633,SRBL,39,44,32,445,14240
201407032088499,SRBL,32,33,734,440,322960
201407032089006,SUBBL,42,39,10,272,2720
201407032088952,SUPRME,6,57,20,157,3140
201407032088951,SUPRME,6,57,20,157,3140
201407032088950,SUPRME,6,55,20,157,3140
201407032088949,SUPRME,6,55,20,157,3140
201407032088948,SUPRME,6,55,20,157,3140
201407032089076,YETI,32,46,20,165,3300
201407032089026,YETI,5,46,20,165,3300
201407032089024,YETI,5,46,20,165,3300
201407032089015,YETI,5,46,20,165,3300
201407032088972,YETI,5,8,60,165,9900
201407032088883,YETI,5,8,70,165,11550
201407032088356,YETI,28,46,20,166,3320
201407032088313,YETI,42,46,20,168,3360
201407032088273,YETI,42,46,20,168,3360
201407032088467,YETI,28,57,11,166,1826
201407032088463,YETI,28,8,70,166,11620
201407032088432,YETI,28,46,50,166,8300
201407032088422,YETI,28,46,20,166,3320
201407032088417,YETI,28,46,20,166,3320
201407032088397,YETI,28,46,20,166,3320
201407032088063,ALICL,28,33,96,1199,115104
201407032088046,ALICL,28,53,15,1198,17970
201407032088032,ALICL,28,39,180,1198,215640
201407032087828,ALICL,14,33,70,1205,84350
201407032087808,ALICL,17,44,479,1210,579590
201407032088039,APEX,22,13,250,145,36250
201407032087962,APEX,17,22,22,146,3212
201407032087891,CBL,44,22,135,295,39825
201407032087855,CBL,44,22,135,295,39825
201407032087852,CBL,44,1,62,293,18166
201407032087851,CBL,44,44,510,293,149430
201407032088075,CCBL,41,46,13,315,4095
201407032088074,CCBL,41,17,40,315,12600
201407032088073,CCBL,41,17,40,315,12600
201407032088072,CCBL,41,17,40,315,12600
201407032088071,CCBL,41,55,40,315,12600
201407032088070,CCBL,41,55,40,315,12600
201407032087833,CCBL,49,59,32,314,10048
201407032087830,CCBL,25,25,295,313,92335
201407032087805,CCBL,49,49,25,313,7825
201407032087804,CCBL,49,49,22,313,6886
201407032088069,CCBL,41,55,40,315,12600
201407032088068,CCBL,41,55,40,315,12600
201407032088054,CCBL,4,46,13,320,4160
201407032087887,CCBL,17,55,40,315,12600
201407032087853,CCBL,25,25,214,313,66982
201407032087848,CCBL,49,49,36,314,11304
201407032087863,CDBL,26,55,15,400,6000
201407032087869,CNDBL,47,33,60,152,9120
201407032087814,CNDBL,50,50,50,155,7750
201407032087811,CNDBL,50,55,20,158,3160
201407032087946,EDBL,42,40,51,627,31977
201407032088037,EIC,58,33,500,1034,517000
201407032088028,EIC,49,49,300,1034,310200
201407032087977,EIC,38,49,100,1034,103400
201407032087976,EIC,56,49,200,1034,206800
201407032087975,EIC,56,49,200,1034,206800
201407032087973,EIC,58,33,500,1034,517000
201407032087819,EIC,26,26,100,996,99600
201407032087817,EIC,26,26,20,977,19540
201407032087783,EIC,38,44,33,958,31614
201407032087782,EIC,8,44,33,958,31614
201407032087877,EIC,56,49,200,1034,206800
201407032087867,EIC,56,33,200,1015,203000
201407032087866,EIC,56,16,67,1010,67670
201407032087865,EIC,56,16,67,1010,67670
201407032087864,EIC,56,49,200,1009,201800
201407032087858,EIC,49,21,118,1009,119062
201407032087911,EIC,45,49,300,1034,310200
201407032087910,EIC,45,49,290,1034,299860
201407032087899,EIC,45,14,10,1034,10340
201407032087898,EIC,16,49,100,1034,103400
201407032087897,EIC,56,6,33,1034,34122
201407032087881,EIC,20,14,200,1034,206800
201407032087950,EIC,8,14,135,1034,139590
201407032087926,EIC,38,49,500,1034,517000
201407032087921,EIC,56,16,33,1034,34122
201407032087920,EIC,56,33,1000,1034,1034000
201407032087919,EIC,16,49,100,1034,103400
201407032087918,EIC,56,33,1000,1034,1034000
201407032087832,GBIME,47,58,32,599,19168
201407032087825,GBIME,47,58,32,597,19104
201407032087806,GBIME,47,14,37,595,22015
201407032088049,KBBL,21,46,526,405,213030
201407032087959,KBBL,37,46,41,401,16441
201407032087854,LICN,17,17,60,4205,252300
201407032087780,MBBL,11,55,20,178,3560
201407032087868,MDB,4,6,86,489,42054
201407032087860,MDB,4,55,76,485,36860
201407032088031,MEGA,13,50,32,426,13632
201407032087902,MEGA,11,14,32,426,13632
201407032087876,MEGA,13,44,37,428,15836
201407032088088,NABILP,17,44,100,1530,153000
201407032088035,NABILP,17,44,200,1530,306000
201407032088096,NBL,8,40,1051,393,413043
201407032088080,NBL,17,25,500,395,197500
201407032088030,NBL,17,19,1000,394,394000
201407032087823,NBL,39,48,500,398,199000
201407032088087,NCM,7,54,500,197,98500
201407032088027,NCM,7,14,86,194,16684
201407032087955,NDEP,58,58,10,121,1210
201407032087900,NDEP,58,58,10,119,1190
201407032087879,NDEP,36,58,10,117,1170
201407032087785,NDEP,58,46,17,115,1955
201407032088066,NICA,44,43,95,889,84455
201407032088065,NICA,44,55,20,889,17780
201407032087821,NICA,49,49,70,888,62160
201407032088045,NLIC,17,17,100,4400,440000
201407032087972,NLIC,14,17,200,4400,880000
201407032087953,NLIC,17,17,25,4420,110500
201407032087816,NLIC,17,17,100,4350,435000
201407032087998,NNLB,45,14,81,845,68445
201407032087964,NNLB,45,14,10,845,8450
201407032087778,PBSL,17,22,23,168,3864
201407032088055,PIC,47,47,10,496,4960
201407032088029,PIC,34,47,10,487,4870
201407032087809,PIC,16,52,200,478,95600
201407032088038,PLIC,45,6,54,1085,58590
201407032088026,PLIC,57,22,100,1090,109000
201407032087985,PLIC,17,18,90,1100,99000
201407032087980,PLIC,54,18,50,1105,55250
201407032087824,PLIC,45,11,81,1100,89100
201407032087942,PRDBL,32,21,30,147,4410
201407032087941,PRDBL,32,55,10,147,1470
201407032087940,PRDBL,32,55,10,147,1470
201407032087939,PRDBL,32,55,10,147,1470
201407032087938,PRDBL,32,55,10,147,1470
201407032087937,PRDBL,32,55,10,147,1470
201407032087936,PRDBL,32,55,10,147,1470
201407032087935,PRDBL,32,55,10,147,1470
201407032087934,PRDBL,32,55,10,147,1470
201407032088006,RMDC,42,14,33,855,28215
201407032088095,SBI,25,44,199,1265,251735
201407032088081,SBL,52,43,310,745,230950
201407032087966,SBL,46,43,100,745,74500
201407032087786,SETI,25,55,25,164,4100
201407032088092,SHINE,35,14,280,400,112000
201407032088101,SHPC,7,32,10,703,7030
201407032088100,SHPC,7,32,10,703,7030
201407032088021,SHPC,39,39,18,695,12510
201407032088018,SHPC,39,39,18,695,12510
201407032088014,SHPC,39,39,18,695,12510
201407032088002,SHPC,29,50,403,700,282100
201407032087884,SHPC,5,5,18,699,12582
201407032087994,SHPC,29,50,18,700,12600
201407032087992,SHPC,29,50,18,700,12600
201407032087991,SHPC,29,50,18,700,12600
201407032087990,SHPC,29,50,18,700,12600
201407032087988,SHPC,29,50,18,700,12600
201407032087986,SHPC,29,50,18,700,12600
201407032088025,SKBBL,22,14,84,1350,113400
201407032088056,SLICL,17,45,34,690,23460
201407032087905,SLICL,17,22,100,690,69000
201407032087883,SMFDB,6,26,10,1025,10250
201407032087906,SRBL,13,14,39,437,17043
201407032087803,VBBL,39,36,50,145,7250
201407032087802,VBBL,39,25,30,145,4350
201407032087801,VBBL,39,25,30,145,4350
201407032087800,VBBL,39,25,30,145,4350
201407032087799,VBBL,39,25,60,145,8700
201407032087798,VBBL,39,25,30,145,4350
201407032087797,VBBL,39,25,60,145,8700
201407032087796,VBBL,39,25,30,145,4350
201407032087795,VBBL,39,25,60,145,8700
201407032087794,VBBL,39,22,20,145,2900
201407032087792,VBBL,39,25,20,144,2880
201407032087791,VBBL,39,25,20,144,2880
201407032088001,YETI,42,50,450,168,75600
201407032087813,YETI,59,58,23,169,3887
201407032087810,YETI,59,58,23,168,3864
