contract,symbol,buyer,seller,qty,rate,amt
201411042337052,ACEDBL,6,35,220,270,59400
201411042337321,ADBL,33,42,260,480,124800
201411042337207,ADBL,49,49,1200,475,570000
201411042337071,ADBL,58,36,72,475,34200
201411042337061,ADBL,33,1,31,475,14725
201411042337053,ADBL,33,1,31,475,14725
201411042337040,ADBL,58,1,32,475,15200
201411042337355,AHPC,6,13,100,365,36500
201411042337244,AHPC,29,22,500,360,180000
201411042337182,AIC,59,25,113,491,55483
201411042337197,ALICL,21,29,29,1191,34539
201411042337161,ALICL,49,47,287,1201,344687
201411042337155,ALICL,38,16,117,1220,142740
201411042337117,ALICL,38,18,46,1199,55154
201411042337380,ARDBL,22,22,30,142,4260
201411042337226,ARDBL,46,11,73,142,10366
201411042336946,ARDBL,49,22,600,141,84600
201411042336912,ARDBL,39,7,52,140,7280
201411042336902,ARDBL,46,48,42,142,5964
201411042336901,ARDBL,52,7,52,140,7280
201411042337367,BHBL,47,41,30,143,4290
201411042337245,BSBL,17,21,500,289,144500
201411042337110,BSBL,21,41,334,287,95858
201411042337003,BSBL,42,17,45,285,12825
201411042336985,BSBL,42,17,45,285,12825
201411042336984,BSBL,42,17,45,285,12825
201411042336943,BSBL,17,28,500,284,142000
201411042337068,BSBL,44,13,84,289,24276
201411042337021,BSBL,42,28,288,286,82368
201411042337020,BSBL,42,17,45,285,12825
201411042337015,BSBL,42,17,45,285,12825
201411042337004,BSBL,42,17,45,285,12825
201411042337120,BUDBL,56,7,328,174,57072
201411042336982,CBBL,47,28,31,1520,47120
201411042337065,CBL,6,34,122,274,33428
201411042336948,CBL,56,56,2000,269,538000
201411042337370,CCBL,51,16,265,270,71550
201411042336967,CCBL,21,21,40,268,10720
201411042336954,CCBL,21,21,40,268,10720
201411042336934,CCBL,21,21,40,268,10720
201411042336917,CCBL,21,21,40,268,10720
201411042336906,CCBL,21,21,40,268,10720
201411042337203,CCBL,13,43,40,270,10800
201411042337076,CCBL,13,55,40,269,10760
201411042337075,CCBL,13,55,40,269,10760
201411042337074,CCBL,13,55,40,269,10760
201411042337023,CCBL,21,49,40,267,10680
201411042337264,CCBL,50,26,306,270,82620
201411042337249,CCBL,13,5,40,270,10800
201411042337224,CCBL,54,50,297,270,80190
201411042337302,CCBL,13,46,40,270,10800
201411042337299,CCBL,34,5,106,268,28408
201411042337292,CCBL,13,46,40,270,10800
201411042337290,CCBL,13,46,70,270,18900
201411042337199,CDBL,14,32,500,393,196500
201411042337032,CDBL,1,32,100,395,39500
201411042337031,CDBL,14,32,100,396,39600
201411042336983,CDBL,32,49,15,399,5985
201411042336976,CDBL,32,49,15,399,5985
201411042337190,CEDBL,11,43,168,240,40320
201411042337159,CEDBL,39,19,218,239,52102
201411042337156,CEDBL,39,26,36,238,8568
201411042337152,CEDBL,47,32,11,235,2585
201411042337382,CHCL,38,6,500,1620,810000
201411042337368,CHCL,38,32,28,1625,45500
201411042337318,CHCL,38,10,500,1625,812500
201411042337314,CHCL,38,6,154,1624,250096
201411042337253,CHCL,49,6,104,1620,168480
201411042337225,CHCL,3,55,88,1620,142560
201411042337148,CHCL,3,52,1008,1604,1616832
201411042337142,CHCL,26,26,54,1612,87048
201411042337141,CHCL,3,52,960,1603,1538880
201411042336953,CHCL,54,13,310,1605,497550
201411042337050,CIT,50,55,250,2950,737500
201411042337385,CNDBL,50,5,20,171,3420
201411042337381,CNDBL,50,50,20,168,3360
201411042337348,CNDBL,45,50,20,165,3300
201411042337345,CNDBL,45,50,20,165,3300
201411042337340,CNDBL,45,50,20,165,3300
201411042337336,CNDBL,45,50,20,165,3300
201411042337056,CNDBL,47,50,30,165,4950
201411042337046,CNDBL,47,50,60,165,9900
201411042337041,CNDBL,47,50,30,165,4950
201411042337036,CNDBL,47,50,30,165,4950
201411042337111,CNDBL,47,50,30,165,4950
201411042337103,CNDBL,47,50,30,165,4950
201411042337088,CNDBL,50,50,30,168,5040
201411042337087,CNDBL,50,50,30,168,5040
201411042337086,CNDBL,50,50,30,168,5040
201411042337063,CNDBL,47,50,30,165,4950
201411042337134,CNDBL,47,50,30,165,4950
201411042337131,CNDBL,47,50,50,165,8250
201411042337127,CNDBL,47,50,60,165,9900
201411042337125,CNDBL,47,50,30,165,4950
201411042337121,CNDBL,47,50,30,165,4950
201411042337116,CNDBL,47,50,30,165,4950
201411042337210,CNDBL,47,50,20,165,3300
201411042337206,CNDBL,47,50,20,165,3300
201411042337202,CNDBL,47,50,20,165,3300
201411042337193,CNDBL,47,50,20,165,3300
201411042337137,CNDBL,47,50,30,165,4950
201411042337136,CNDBL,47,50,30,165,4950
201411042337241,CNDBL,47,50,20,165,3300
201411042337234,CNDBL,47,50,20,165,3300
201411042337230,CNDBL,47,50,20,165,3300
201411042337223,CNDBL,47,50,20,165,3300
201411042337219,CNDBL,47,50,20,165,3300
201411042337215,CNDBL,47,50,20,165,3300
201411042337332,CNDBL,45,50,20,165,3300
201411042337326,CNDBL,47,50,20,165,3300
201411042337317,CNDBL,47,50,20,165,3300
201411042337313,CNDBL,47,50,30,165,4950
201411042337266,CNDBL,50,50,30,168,5040
201411042337265,CNDBL,50,50,30,168,5040
201411042337151,CSDBL,13,32,73,159,11607
201411042337271,CZBIL,14,5,280,427,119560
201411042337262,CZBIL,14,43,299,426,127374
201411042337256,CZBIL,14,55,1065,425,452625
201411042337251,CZBIL,14,51,1470,424,623280
201411042337273,EBL,32,18,51,1815,92565
201411042337172,EBL,56,13,143,1813,259259
201411042336907,EBL,38,17,55,1815,99825
201411042337248,EBLCP,51,39,18,891,16038
201411042336915,EBLCP,51,18,198,909,179982
201411042337333,EKBL,41,45,262,180,47160
201411042337322,EKBL,41,21,324,179,57996
201411042337267,EKBL,14,22,33,177,5841
201411042337259,EKBL,41,22,33,178,5874
201411042337138,EKBL,17,17,10,180,1800
201411042337072,EKBL,17,17,10,180,1800
201411042336928,EKBL,17,17,10,180,1800
201411042337064,EKBL,17,17,10,180,1800
201411042337045,EKBL,17,17,10,180,1800
201411042337034,EKBL,17,17,10,180,1800
201411042337026,EKBL,17,17,10,180,1800
201411042336995,EKBL,17,17,10,180,1800
201411042336947,EKBL,17,17,10,180,1800
201411042337394,GBBL,39,39,165,372,61380
201411042337389,GBBL,57,41,38,373,14174
201411042337369,GBBL,39,39,37,373,13801
201411042337342,GBBL,59,41,374,372,139128
201411042337310,GBBL,38,25,300,371,111300
201411042337294,GBBL,17,43,90,371,33390
201411042337255,GBBL,8,28,852,371,316092
201411042337126,GBBL,35,28,1000,370,370000
201411042337047,GBBL,38,28,549,371,203679
201411042336971,GBBL,45,11,120,371,44520
201411042336950,GBBL,41,13,102,371,37842
201411042337376,GBIME,42,45,20,504,10080
201411042337341,GBIME,1,35,36,495,17820
201411042337334,GBIME,38,28,35,494,17290
201411042337331,GBIME,38,16,100,493,49300
201411042337305,GBIME,51,16,500,490,245000
201411042337300,GBIME,51,16,200,492,98400
201411042336914,GBIME,56,16,2500,490,1225000
201411042336899,GBIME,29,28,35,489,17115
201411042337059,GBIME,8,17,38,493,18734
201411042337057,GBIME,8,17,64,493,31552
201411042336968,GBIME,22,28,35,490,17150
201411042336938,GBIME,56,28,35,487,17045
201411042336929,GBIME,14,28,35,488,17080
201411042336924,GBIME,29,28,35,491,17185
201411042337157,GBIME,29,55,130,490,63700
201411042337135,GBIME,22,55,200,489,97800
201411042337132,GBIME,38,55,2641,488,1288808
201411042337122,GBIME,21,55,200,488,97600
201411042337105,GBIME,51,55,286,488,139568
201411042337100,GBIME,56,55,442,488,215696
201411042337298,GBIME,42,45,20,499,9980
201411042337231,GBIME,26,16,500,490,245000
201411042337180,GBIME,22,16,100,490,49000
201411042337166,GBIME,14,55,103,489,50367
201411042337160,GBIME,38,55,500,489,244500
201411042337158,GBIME,38,55,200,489,97800
201411042337236,GLICL,16,16,604,565,341260
201411042337189,GLICL,26,26,250,570,142500
201411042337186,GLICL,26,26,10,581,5810
201411042337082,GLICL,35,37,127,592,75184
201411042336942,GLICL,36,56,125,581,72625
201411042336939,GLICL,36,29,74,581,42994
201411042337319,GRAND,51,19,200,209,41800
201411042337311,GRAND,44,10,1000,210,210000
201411042337145,GRAND,34,10,1000,210,210000
201411042337042,GRAND,32,56,1000,210,210000
201411042337039,GRAND,32,10,1000,210,210000
201411042336990,GRAND,43,28,4940,207,1022580
201411042336975,GRAND,26,25,915,208,190320
201411042337288,HAMA,29,29,50,128,6400
201411042337272,HAMA,29,29,50,130,6500
201411042337261,HAMA,29,29,50,130,6500
201411042337014,HAMA,29,13,40,130,5200
201411042336977,HBL,11,6,20,863,17260
201411042337295,HGI,56,14,10,550,5500
201411042337173,ICFC,59,32,500,270,135000
201411042337280,JBBL,17,22,20,152,3040
201411042337278,JBBL,17,22,20,152,3040
201411042336958,JBBL,36,29,50,152,7600
201411042336930,JBBL,36,29,50,152,7600
201411042337396,JBNL,25,42,172,262,45064
201411042337174,JBNL,13,19,127,260,33020
201411042337028,JBNL,50,22,992,257,254944
201411042337018,JBNL,32,7,38,258,9804
201411042336973,JBNL,13,29,133,258,34314
201411042336922,JBNL,8,22,107,259,27713
201411042336911,JBNL,13,22,193,258,49794
201411042337181,JFL,55,14,500,630,315000
201411042337080,JFL,55,14,500,625,312500
201411042336956,JFL,55,13,200,623,124600
201411042336952,JFL,55,14,500,620,310000
201411042336945,JFL,55,41,661,619,409159
201411042337029,KAFIL,47,44,34,207,7038
201411042336903,KBL,38,14,95,405,38475
201411042337316,KDBL,5,25,26,130,3380
201411042337301,KDBL,5,1,21,129,2709
201411042337218,KDBL,5,1,30,127,3810
201411042337154,KDBL,36,25,250,125,31250
201411042337146,KDBL,36,39,500,124,62000
201411042337143,KDBL,36,46,552,123,67896
201411042337140,KDBL,36,25,82,123,10086
201411042337093,KDBL,37,1,167,122,20374
201411042336994,KDBL,36,29,62,120,7440
201411042337235,LBL,51,49,100,488,48800
201411042337232,LBL,51,49,300,488,146400
201411042337079,LBL,16,16,4151,495,2054745
201411042337069,LBL,16,16,50,498,24900
201411042337060,LBL,16,16,50,508,25400
201411042337051,LBL,16,16,50,518,25900
201411042337393,LGIL,14,8,12,428,5136
201411042337388,LGIL,38,8,12,435,5220
201411042337383,LGIL,38,8,12,435,5220
201411042337359,LGIL,50,21,440,434,190960
201411042337228,LICN,38,41,42,3400,142800
201411042337227,LICN,38,20,100,3400,340000
201411042336944,LICN,28,39,150,3348,502200
201411042336937,LICN,28,32,100,3355,335500
201411042336932,LICN,28,32,36,3350,120600
201411042337360,MBL,14,1,100,500,50000
201411042337320,MBL,50,22,481,495,238095
201411042337211,MBL,22,22,147,496,72912
201411042336955,MBL,49,26,1000,495,495000
201411042337097,MDB,17,44,57,454,25878
201411042337095,MDB,17,44,57,454,25878
201411042337091,MDB,17,44,57,454,25878
201411042337083,MDB,17,45,81,452,36612
201411042337077,MDB,17,44,28,454,12712
201411042337073,MDB,17,44,28,454,12712
201411042337070,MDB,17,44,28,454,12712
201411042337169,MDBL,26,51,242,160,38720
201411042337363,MEGA,41,5,297,372,110484
201411042337237,MEGA,5,52,37,369,13653
201411042337205,MEGA,5,5,10,369,3690
201411042337191,MEGA,58,39,32,370,11840
201411042337170,MEGA,41,39,32,370,11840
201411042337168,MEGA,41,39,32,370,11840
201411042337167,MEGA,58,39,32,370,11840
201411042337067,MEGA,56,45,91,370,33670
201411042337019,MEGA,58,49,32,370,11840
201411042337009,MEGA,48,39,32,372,11904
201411042336966,MEGA,58,36,10,370,3700
201411042337375,MLBBL,29,21,10,830,8300
201411042337374,MLBBL,29,21,10,830,8300
201411042337373,MLBBL,29,1,10,830,8300
201411042337372,MLBBL,29,1,10,830,8300
201411042337201,MPFL,8,38,40,117,4680
201411042337196,MPFL,8,38,50,117,5850
201411042337195,MPFL,8,38,40,117,4680
201411042337194,MPFL,6,38,50,117,5850
201411042337362,NABIL,3,13,100,2210,221000
201411042337344,NABIL,3,17,100,2194,219400
201411042337293,NABIL,13,17,131,2190,286890
201411042337275,NABIL,42,26,50,2200,110000
201411042337098,NABIL,11,11,292,2190,639480
201411042337016,NABIL,3,22,20,2208,44160
201411042336981,NABIL,3,17,56,2200,123200
201411042336964,NABIL,3,25,133,2199,292467
201411042337240,NABILP,26,7,118,1565,184670
201411042336913,NABILP,49,49,148,1551,229548
201411042336904,NABILP,49,49,361,1551,559911
201411042336978,NABILP,56,43,98,1561,152978
201411042336969,NABILP,53,7,177,1560,276120
201411042336962,NABILP,56,43,198,1555,307890
201411042336987,NABILP,56,43,84,1562,131208
201411042336980,NABILP,43,43,336,1551,521136
201411042337078,NABILP,7,7,168,1556,261408
201411042337390,NBB,25,55,20,572,11440
201411042337364,NBB,25,55,20,561,11220
201411042337346,NBB,25,55,30,550,16500
201411042336918,NBB,45,17,100,534,53400
201411042336916,NBB,42,17,100,536,53600
201411042337239,NBB,1,22,200,540,108000
201411042337238,NBB,1,13,200,540,108000
201411042336920,NBB,32,17,100,533,53300
201411042337356,NBF1,17,13,2697,14,36679
201411042337350,NBF1,17,13,2937,14,39796
201411042337347,NBF1,17,1,599,14,8087
201411042337220,NBF1,32,13,2937,13,39620
201411042337038,NBF1,19,13,2937,13,39620
201411042337308,NBL,33,16,300,376,112800
201411042337307,NBL,33,49,500,370,185000
201411042337208,NBL,41,25,500,370,185000
201411042337183,NBL,14,43,1000,370,370000
201411042337149,NBL,55,22,500,370,185000
201411042336925,NBL,56,41,2902,363,1053426
201411042336919,NBL,42,28,757,370,280090
201411042337398,NCCB,36,8,30,593,17790
201411042337392,NCCB,44,20,800,584,467200
201411042337055,NCCB,59,33,160,583,93280
201411042336992,NCCB,26,45,500,579,289500
201411042337379,NGBL,26,17,11,336,3696
201411042337371,NGBL,34,22,166,332,55112
201411042337325,NGBL,34,14,73,331,24163
201411042337277,NGBL,38,57,20,325,6500
201411042337222,NGBL,38,29,350,328,114800
201411042337185,NGBL,43,17,57,330,18810
201411042337099,NGBL,10,17,11,328,3608
201411042337090,NGBL,10,17,11,328,3608
201411042337085,NGBL,10,1,100,327,32700
201411042337084,NGBL,10,1,500,327,163500
201411042336963,NGBL,43,14,80,322,25760
201411042336949,NGBL,43,29,86,322,27692
201411042337165,NGBL,26,47,11,334,3674
201411042337162,NGBL,26,29,11,328,3608
201411042337153,NGBL,10,29,1058,322,340676
201411042337115,NGBL,10,21,524,328,171872
201411042337104,NGBL,10,17,11,328,3608
201411042337101,NGBL,10,17,11,328,3608
201411042337312,NHPC,21,32,1000,137,137000
201411042337303,NHPC,41,32,1000,138,138000
201411042337291,NHPC,41,33,1000,138,138000
201411042337283,NHPC,41,41,1100,138,151800
201411042337254,NHPC,56,6,1000,138,138000
201411042337296,NIB,56,22,239,733,175187
201411042337204,NIB,56,54,200,735,147000
201411042337144,NICA,41,25,10,793,7930
201411042337130,NICA,50,40,300,780,234000
201411042336993,NICA,44,7,285,780,222300
201411042336941,NICA,26,43,55,780,42900
201411042336940,NICA,26,25,40,780,31200
201411042336936,NICA,50,41,492,775,381300
201411042336931,NICA,44,25,159,775,123225
201411042336927,NICA,44,7,228,774,176472
201411042336910,NICA,52,7,184,773,142232
201411042336909,NICA,11,29,30,775,23250
201411042337058,NICL,25,11,76,465,35340
201411042337049,NICL,48,45,300,460,138000
201411042337062,NLBBL,14,26,150,1153,172950
201411042336999,NLBBL,1,26,50,1160,58000
201411042336970,NLBBL,14,26,50,1161,58050
201411042337289,NLIC,49,17,500,4225,2112500
201411042337286,NLIC,38,33,100,4259,425900
201411042337133,NLIC,54,21,100,4260,426000
201411042337129,NLIC,14,33,100,4255,425500
201411042337124,NLIC,14,17,46,4250,195500
201411042337109,NLIC,49,17,214,4240,907360
201411042337081,NLIC,28,17,214,4230,905220
201411042337353,NLICL,5,6,240,2270,544800
201411042337352,NLICL,14,6,240,2270,544800
201411042337279,NLICL,52,17,44,2272,99968
201411042337123,NLICL,21,21,100,2253,225300
201411042336986,NLICL,34,11,55,2270,124850
201411042336923,NLICL,54,21,200,2270,454000
201411042337377,NTC,59,51,100,609,60900
201411042337358,NTC,59,5,100,610,61000
201411042337357,NTC,59,5,100,610,61000
201411042337209,NTC,42,51,100,612,61200
201411042337163,NTC,3,51,100,611,61100
201411042337030,NTC,3,16,345,606,209070
201411042337177,OHL,26,28,200,676,135200
201411042337176,OHL,40,28,200,680,136000
201411042337260,PCBL,32,38,190,485,92150
201411042337179,PCBL,13,16,26,480,12480
201411042336961,PCBL,13,29,25,480,12000
201411042337386,PICL,14,7,200,444,88800
201411042337285,PICL,39,7,334,444,148296
201411042337397,PLIC,32,21,27,1015,27405
201411042337306,PLIC,52,53,119,1021,121499
201411042337250,PLIC,51,47,26,1006,26156
201411042337246,PLIC,28,59,1002,1000,1002000
201411042337233,PLIC,10,59,300,1000,300000
201411042337229,PLIC,28,17,13,1010,13130
201411042336905,PLIC,28,36,13,1000,13000
201411042337006,PLIC,53,18,67,1005,67335
201411042336997,PLIC,53,21,13,1005,13065
201411042336959,PLIC,10,59,300,1000,300000
201411042336951,PLIC,16,59,200,1000,200000
201411042336933,PLIC,10,59,200,1000,200000
201411042336921,PLIC,16,36,13,1000,13000
201411042337184,PLIC,26,29,54,1010,54540
201411042337178,PLIC,32,17,13,1010,13130
201411042337171,PLIC,53,59,300,1015,304500
201411042337089,PLIC,53,52,54,1021,55134
201411042337033,PLIC,38,14,122,1015,123830
201411042337022,PLIC,21,21,13,1006,13078
201411042337221,PLIC,28,17,13,1010,13130
201411042337217,PLIC,53,59,197,1007,198379
201411042337216,PLIC,28,17,13,1010,13130
201411042337198,PLIC,28,17,13,1010,13130
201411042337192,PLIC,26,17,13,1010,13130
201411042337188,PLIC,28,17,13,1010,13130
201411042337366,PURBL,49,29,10,360,3600
201411042337361,PURBL,53,13,479,367,175793
201411042337354,PURBL,56,25,13,366,4758
201411042337351,PURBL,53,47,22,367,8074
201411042337349,PURBL,56,29,10,366,3660
201411042337008,PURBL,53,17,11,360,3960
201411042337287,PURBL,49,47,33,360,11880
201411042337284,PURBL,56,47,33,361,11913
201411042337281,PURBL,10,47,33,362,11946
201411042337339,PURBL,53,47,22,366,8052
201411042337337,PURBL,56,47,22,365,8030
201411042337114,RBS,32,20,90,4380,394200
201411042337102,RBS,14,20,37,4385,162245
201411042337096,REDBL,19,17,44,212,9328
201411042337094,REDBL,41,17,44,213,9372
201411042337092,REDBL,41,17,44,213,9372
201411042336996,REDBL,41,25,17,213,3621
201411042336900,REDBL,41,25,17,213,3621
201411042337147,RMDC,26,1,10,771,7710
201411042337035,RMDC,26,13,120,756,90720
201411042337150,SANIMA,25,45,200,506,101200
201411042337139,SANIMA,38,5,120,505,60600
201411042337118,SANIMA,54,13,1210,499,603790
201411042337212,SBBLJ,45,59,20,555,11100
201411042337276,SBL,51,26,348,601,209148
201411042337270,SBL,51,26,152,601,91352
201411042337247,SBL,51,26,196,600,117600
201411042337242,SCB,7,57,120,1800,216000
201411042337012,SCB,25,57,200,1800,360000
201411042337010,SCB,3,6,27,1815,49005
201411042336988,SCB,21,57,50,1800,90000
201411042336965,SCB,34,57,100,1800,180000
201411042336908,SCB,26,32,300,1798,539400
201411042337054,SFL,14,19,178,155,27590
201411042336989,SFL,14,17,320,158,50560
201411042337378,SHINE,44,51,110,353,38830
201411042337282,SHINE,51,55,51,350,17850
201411042337200,SHINE,49,39,168,351,58968
201411042336957,SHINE,43,43,50,351,17550
201411042336935,SHINE,51,39,30,351,10530
201411042336926,SHINE,47,47,168,349,58632
201411042336979,SHINE,47,47,168,349,58632
201411042336974,SHINE,47,47,168,349,58632
201411042336960,SHINE,47,47,168,349,58632
201411042337011,SHINE,47,47,168,349,58632
201411042337007,SHINE,11,7,50,350,17500
201411042337005,SHINE,47,47,168,349,58632
201411042337002,SHINE,47,47,168,349,58632
201411042337044,SHINE,7,7,316,350,110600
201411042337037,SHINE,7,58,500,350,175000
201411042337024,SHINE,47,47,168,349,58632
201411042337017,SHINE,47,47,168,349,58632
201411042337013,SHINE,47,47,168,349,58632
201411042337384,SHL,53,49,500,591,295500
201411042337395,SHPC,19,11,54,693,37422
201411042337387,SHPC,19,5,18,696,12528
201411042337343,SHPC,35,49,1000,690,690000
201411042337330,SHPC,35,29,327,689,225303
201411042337324,SHPC,5,10,10,692,6920
201411042337304,SHPC,19,10,10,691,6910
201411042337268,SHPC,41,22,148,690,102120
201411042337243,SHPC,5,10,10,690,6900
201411042337213,SHPC,5,10,10,690,6900
201411042337119,SHPC,5,5,18,690,12420
201411042337187,SIC,11,47,10,1191,11910
201411042337001,SIC,42,55,101,1200,121200
201411042337000,SIC,42,45,200,1200,240000
201411042337335,SICL,6,16,200,802,160400
201411042337327,SICL,6,16,200,800,160000
201411042337391,SIL,14,19,500,794,397000
201411042337274,SIL,6,17,78,787,61386
201411042337269,SIL,6,17,50,787,39350
201411042337258,SIL,59,19,1000,791,791000
201411042337257,SIL,59,17,150,788,118200
201411042337328,SKBBL,25,21,149,1348,200852
201411042337315,SKBBL,39,57,200,1336,267200
201411042337297,SKBBL,48,57,200,1337,267400
201411042337214,SKBBL,29,57,270,1339,361530
201411042337365,SRBL,49,49,50,372,18600
201411042337309,SRBL,16,16,72,372,26784
201411042337048,SUBBL,14,14,29,309,8961
201411042337043,SUBBL,14,14,24,309,7416
201411042337338,SUPRME,48,21,400,157,62800
201411042337263,SUPRME,32,57,30,155,4650
201411042337252,SUPRME,32,57,30,155,4650
201411042337128,SUPRME,25,21,500,156,78000
201411042337066,SUPRME,10,41,1348,156,210288
201411042337027,SUPRME,48,21,1865,155,289075
201411042336972,SUPRME,21,21,1000,155,155000
201411042337025,SYFL,17,39,500,89,44500
201411042337164,UFL,32,45,60,257,15420
201411042337113,VBBL,18,38,70,135,9450
201411042337112,VBBL,18,44,250,135,33750
201411042337108,VBBL,18,11,20,134,2680
201411042337107,VBBL,18,11,50,134,6700
201411042337106,VBBL,18,40,60,134,8040
201411042336998,WDBL,32,48,132,206,27192
201411042336991,YETI,21,48,11,120,1320
201411042336892,ADBL,58,26,50,480,24000
201411042336865,ADBL,50,57,310,478,148180
201411042336864,ADBL,50,25,40,478,19120
201411042336863,ADBL,50,1,50,477,23850
201411042336862,ADBL,50,1,50,477,23850
201411042336861,ADBL,50,1,50,477,23850
201411042336860,ADBL,50,39,30,475,14250
201411042336750,ADBL,50,6,145,476,69020
201411042336883,AHPC,18,37,253,363,91839
201411042336799,AHPC,50,17,697,358,249526
201411042336781,AHPC,11,17,18,365,6570
201411042336768,AHPC,56,44,31,361,11191
201411042336729,AHPC,41,44,222,360,79920
201411042336536,AHPC,28,21,1000,360,360000
201411042336458,AHPC,39,43,82,360,29520
201411042336402,AHPC,48,21,1000,360,360000
201411042336445,AIC,19,21,100,495,49500
201411042336847,ALDBL,39,29,30,246,7380
201411042336731,ALICL,34,43,62,1190,73780
201411042336687,ALICL,21,43,100,1185,118500
201411042336684,ALICL,54,43,200,1185,237000
201411042336617,ALICL,34,7,202,1192,240784
201411042336611,ALICL,54,38,126,1190,149940
201411042336528,ALICL,14,48,499,1188,592812
201411042336472,ALICL,34,14,313,1185,370905
201411042336417,ALICL,14,42,200,1182,236400
201411042336405,ALICL,38,29,54,1186,64044
201411042336854,APEX,25,25,11,121,1331
201411042336894,ARDBL,39,7,340,140,47600
201411042336889,ARDBL,46,48,42,142,5964
201411042336769,ARDBL,47,22,400,141,56400
201411042336766,ARDBL,43,48,42,142,5964
201411042336530,ARDBL,32,42,31,144,4464
201411042336616,BHBL,47,41,30,145,4350
201411042336888,BSBL,32,17,45,285,12825
201411042336767,BSBL,1,17,45,285,12825
201411042336759,BSBL,1,17,45,285,12825
201411042336509,BSBL,39,17,45,285,12825
201411042336733,CBL,13,56,917,270,247590
201411042336640,CBL,59,42,273,270,73710
201411042336891,CCBL,21,21,40,268,10720
201411042336878,CCBL,17,17,32,267,8544
201411042336874,CCBL,50,21,40,268,10720
201411042336873,CCBL,50,21,40,268,10720
201411042336866,CCBL,21,55,40,268,10720
201411042336845,CCBL,21,55,40,268,10720
201411042336464,CCBL,54,8,40,266,10640
201411042336421,CCBL,54,42,280,266,74480
201411042336415,CCBL,54,29,40,266,10640
201411042336414,CCBL,54,29,40,266,10640
201411042336412,CCBL,54,29,40,266,10640
201411042336409,CCBL,54,29,40,266,10640
201411042336615,CCBL,21,21,40,267,10680
201411042336592,CCBL,21,21,40,267,10680
201411042336581,CCBL,54,46,306,266,81396
201411042336486,CCBL,50,8,40,266,10640
201411042336479,CCBL,50,8,40,266,10640
201411042336475,CCBL,50,8,40,266,10640
201411042336678,CCBL,21,46,40,267,10680
201411042336674,CCBL,25,19,33,271,8943
201411042336663,CCBL,21,21,40,267,10680
201411042336649,CCBL,21,21,40,267,10680
201411042336641,CCBL,21,21,40,267,10680
201411042336744,CCBL,21,46,40,267,10680
201411042336740,CCBL,50,21,40,267,10680
201411042336703,CCBL,21,21,40,267,10680
201411042336780,CCBL,21,21,40,268,10720
201411042336764,CCBL,42,46,40,267,10680
201411042336760,CCBL,21,21,40,267,10680
201411042336839,CCBL,21,55,40,268,10720
201411042336835,CCBL,42,55,40,267,10680
201411042336828,CCBL,21,21,40,268,10720
201411042336819,CCBL,21,21,40,268,10720
201411042336796,CDBL,1,43,30,398,11940
201411042336793,CDBL,1,40,31,397,12307
201411042336560,CEDBL,39,45,192,231,44352
201411042336868,CHCL,14,37,328,1602,525456
201411042336841,CHCL,59,32,94,1602,150588
201411042336804,CHCL,59,36,153,1600,244800
201411042336786,CHCL,58,36,47,1601,75247
201411042336777,CHCL,55,1,47,1605,75435
201411042336757,CHCL,53,18,120,1602,192240
201411042336541,CHCL,48,18,100,1603,160300
201411042336540,CHCL,32,18,100,1605,160500
201411042336491,CHCL,53,53,142,1605,227910
201411042336484,CHCL,25,21,74,1608,118992
201411042336471,CHCL,53,53,164,1605,263220
201411042336547,CHCL,22,18,100,1600,160000
201411042336546,CHCL,32,18,50,1600,80000
201411042336545,CHCL,29,18,40,1600,64000
201411042336544,CHCL,37,18,100,1601,160100
201411042336543,CHCL,37,18,100,1602,160200
201411042336542,CHCL,38,18,40,1602,64080
201411042336553,CHCL,54,18,200,1600,320000
201411042336552,CHCL,45,18,300,1600,480000
201411042336551,CHCL,42,18,200,1600,320000
201411042336550,CHCL,29,18,90,1600,144000
201411042336549,CHCL,22,18,60,1600,96000
201411042336548,CHCL,48,18,100,1600,160000
201411042336723,CHCL,3,48,270,1600,432000
201411042336648,CHCL,54,18,500,1602,801000
201411042336623,CHCL,59,1,176,1600,281600
201411042336583,CHCL,18,18,100,1600,160000
201411042336555,CHCL,19,18,100,1600,160000
201411042336554,CHCL,52,18,100,1600,160000
201411042336727,CIT,25,13,29,2998,86942
201411042336498,CIT,37,18,30,2940,88200
201411042336832,CNDBL,50,50,30,168,5040
201411042336831,CNDBL,50,50,30,168,5040
201411042336830,CNDBL,50,50,50,168,8400
201411042336829,CNDBL,50,50,50,168,8400
201411042336798,CNDBL,47,50,50,165,8250
201411042336792,CNDBL,47,48,30,165,4950
201411042336791,CNDBL,47,50,50,165,8250
201411042336787,CNDBL,47,48,30,165,4950
201411042336783,CNDBL,47,48,30,165,4950
201411042336778,CNDBL,47,48,30,165,4950
201411042336523,CSDBL,29,10,408,157,64056
201411042336734,CZBIL,45,41,882,418,368676
201411042336425,CZBIL,38,5,280,424,118720
201411042336401,CZBIL,45,41,427,418,178486
201411042336600,EDBL,22,43,100,675,67500
201411042336599,EDBL,6,43,100,676,67600
201411042336601,EKBL,40,14,195,180,35100
201411042336886,GBBL,32,13,320,370,118400
201411042336838,GBBL,13,13,85,370,31450
201411042336726,GBBL,1,43,137,371,50827
201411042336725,GBBL,1,55,60,370,22200
201411042336612,GBBL,49,49,116,373,43268
201411042336605,GBBL,29,6,56,373,20888
201411042336465,GBBL,41,13,48,371,17808
201411042336457,GBBL,11,13,195,370,72150
201411042336452,GBBL,35,13,1000,370,370000
201411042336416,GBBL,57,13,500,370,185000
201411042336407,GBBL,42,13,500,370,185000
201411042336597,GBBL,35,19,1466,369,540954
201411042336589,GBBL,55,6,44,370,16280
201411042336576,GBBL,44,6,56,373,20888
201411042336571,GBBL,59,13,447,370,165390
201411042336481,GBBL,32,13,94,370,34780
201411042336473,GBBL,16,13,198,371,73458
201411042336877,GBIME,56,16,200,490,98000
201411042336876,GBIME,1,16,200,490,98000
201411042336849,GBIME,1,16,500,490,245000
201411042336844,GBIME,56,55,500,490,245000
201411042336802,GBIME,50,55,100,490,49000
201411042336801,GBIME,41,55,100,491,49100
201411042336606,GBIME,43,26,141,493,69513
201411042336487,GBIME,56,40,209,492,102828
201411042336450,GBIME,49,48,57,490,27930
201411042336711,GBIME,17,28,35,495,17325
201411042336708,GBIME,17,28,35,495,17325
201411042336705,GBIME,17,28,35,495,17325
201411042336696,GBIME,17,16,100,494,49400
201411042336691,GBIME,17,6,14,493,6902
201411042336607,GBIME,44,16,100,492,49200
201411042336724,GBIME,17,28,35,495,17325
201411042336722,GBIME,17,28,35,495,17325
201411042336720,GBIME,17,28,35,495,17325
201411042336718,GBIME,17,28,35,495,17325
201411042336716,GBIME,17,28,35,495,17325
201411042336715,GBIME,17,28,35,495,17325
201411042336702,GLICL,58,22,1107,570,630990
201411042336686,GLICL,52,26,270,571,154170
201411042336675,GLICL,42,43,271,569,154199
201411042336513,GLICL,26,26,170,565,96050
201411042336459,GLICL,36,29,241,569,137129
201411042336585,GRAND,59,10,1000,210,210000
201411042336557,GRAND,26,33,1036,209,216524
201411042336535,GRAND,34,41,275,208,57200
201411042336524,GRAND,10,6,446,207,92322
201411042336690,HBL,52,6,45,862,38790
201411042336668,HBL,8,8,12,863,10356
201411042336604,HGI,17,45,75,540,40500
201411042336879,ICFC,19,17,201,270,54270
201411042336609,ICFC,19,14,510,275,140250
201411042336608,ICFC,19,32,500,275,137500
201411042336460,ICFC,59,32,500,270,135000
201411042336456,ICFC,59,19,151,265,40015
201411042336455,JBBL,41,41,30,151,4530
201411042336451,JBBL,41,41,50,151,7550
201411042336427,JBBL,47,5,300,152,45600
201411042336897,JBNL,59,22,978,258,252324
201411042336887,JBNL,52,22,193,257,49601
201411042336881,JBNL,50,22,500,256,128000
201411042336700,JBNL,50,1,282,260,73320
201411042336613,JBNL,59,42,193,260,50180
201411042336525,JBNL,32,22,160,258,41280
201411042336449,JBNL,58,7,38,258,9804
201411042336435,JBNL,50,7,38,258,9804
201411042336429,JBNL,20,7,38,261,9918
201411042336872,JFL,41,25,114,620,70680
201411042336896,KBL,38,5,400,403,161200
201411042336893,KBL,38,57,164,400,65600
201411042336867,KBL,22,32,63,398,25074
201411042336650,KBL,42,42,500,391,195500
201411042336642,KBL,38,54,269,384,103296
201411042336634,KBL,38,54,298,384,114432
201411042336625,KBL,38,56,412,385,158620
201411042336843,KMCDB,17,17,10,649,6490
201411042336853,LGIL,38,46,13,439,5707
201411042336815,LGIL,38,43,94,431,40514
201411042336809,LGIL,38,8,54,430,23220
201411042336808,LGIL,38,8,54,430,23220
201411042336807,LGIL,38,8,54,430,23220
201411042336482,LGIL,32,8,54,430,23220
201411042336480,LGIL,36,8,54,430,23220
201411042336477,LGIL,36,8,54,430,23220
201411042336461,LGIL,50,8,54,430,23220
201411042336698,LGIL,50,8,54,428,23112
201411042336694,LGIL,50,8,54,428,23112
201411042336692,LGIL,50,8,54,428,23112
201411042336626,LGIL,45,45,300,423,126900
201411042336567,LGIL,32,14,88,428,37664
201411042336483,LGIL,36,8,54,430,23220
201411042336806,LGIL,38,8,54,430,23220
201411042336797,LGIL,32,8,54,430,23220
201411042336737,LGIL,35,36,412,425,175100
201411042336706,LGIL,51,8,500,426,213000
201411042336704,LGIL,50,8,54,428,23112
201411042336701,LGIL,50,8,54,428,23112
201411042336890,LICN,54,39,100,3348,334800
201411042336840,LUBL,50,11,376,308,115808
201411042336765,MBL,50,48,1000,493,493000
201411042336746,MBL,50,47,100,492,49200
201411042336743,MBL,50,5,296,492,145632
201411042336709,MBL,50,1,200,491,98200
201411042336682,MBL,33,19,1000,491,491000
201411042336659,MBL,49,18,495,490,242550
201411042336440,MBL,49,22,100,489,48900
201411042336439,MBL,49,19,1000,488,488000
201411042336632,MBL,42,19,1000,490,490000
201411042336568,MBL,35,26,159,491,78069
201411042336539,MBL,25,18,41,489,20049
201411042336466,MBL,48,19,1000,490,490000
201411042336442,MBL,49,58,377,490,184730
201411042336441,MBL,49,18,460,490,225400
201411042336714,MDB,26,16,564,453,255492
201411042336895,MDBL,52,29,30,163,4890
201411042336758,MEGA,25,39,32,372,11904
201411042336752,MEGA,25,39,32,372,11904
201411042336748,MEGA,25,39,32,372,11904
201411042336717,MEGA,13,16,311,369,114759
201411042336651,MEGA,13,47,31,367,11377
201411042336647,MEGA,1,6,28,367,10276
201411042336463,MEGA,25,47,93,366,34038
201411042336454,MEGA,35,42,14,367,5138
201411042336447,MEGA,40,42,18,368,6624
201411042336408,MEGA,57,57,1958,365,714670
201411042336403,MEGA,55,7,32,366,11712
201411042336850,MNBBL,17,16,140,780,109200
201411042336739,MNBBL,41,1,146,770,112420
201411042336695,MNBBL,59,1,120,770,92400
201411042336693,MNBBL,59,1,240,770,184800
201411042336683,MNBBL,59,1,120,770,92400
201411042336476,MNBBL,22,1,54,770,41580
201411042336467,MNBBL,5,1,100,771,77100
201411042336789,MPFL,32,38,40,119,4760
201411042336775,MPFL,32,38,50,119,5950
201411042336774,MPFL,32,38,50,119,5950
201411042336771,MPFL,32,38,50,119,5950
201411042336423,NABB,52,22,251,151,37901
201411042336776,NABIL,25,6,108,2180,235440
201411042336707,NABIL,25,6,103,2180,224540
201411042336559,NABIL,3,18,103,2189,225467
201411042336538,NABIL,20,6,120,2185,262200
201411042336527,NABIL,25,6,127,2185,277495
201411042336512,NABIL,25,6,115,2185,251275
201411042336490,NABIL,3,21,50,2184,109200
201411042336884,NABILP,49,49,500,1550,775000
201411042336880,NABILP,49,49,1250,1550,1937500
201411042336869,NABILP,49,49,285,1550,441750
201411042336834,NABILP,49,49,987,1550,1529850
201411042336812,NABILP,17,22,71,1540,109340
201411042336493,NABILP,17,43,40,1559,62360
201411042336721,NBB,55,55,545,530,288850
201411042336676,NBB,55,55,100,531,53100
201411042336667,NBB,25,35,70,535,37450
201411042336564,NBB,13,13,200,530,106000
201411042336474,NBB,21,45,25,529,13225
201411042336469,NBB,54,45,200,530,106000
201411042336637,NBB,42,32,300,534,160200
201411042336636,NBB,42,53,150,534,80100
201411042336618,NBB,55,55,220,530,116600
201411042336603,NBB,48,42,415,530,219950
201411042336602,NBB,48,26,1300,530,689000
201411042336628,NBF1,21,6,2997,13,39710
201411042336575,NBF1,25,16,2287,13,30303
201411042336497,NBF1,25,1,599,14,8087
201411042336478,NBF1,48,22,2997,13,40370
201411042336438,NBF1,14,22,498,14,6833
201411042336814,NBL,14,6,817,366,299022
201411042336794,NBL,50,28,769,365,280685
201411042336526,NBL,20,43,200,364,72800
201411042336462,NBL,26,17,1050,361,379050
201411042336411,NBL,25,17,783,362,283446
201411042336821,NCCB,32,33,200,580,116000
201411042336755,NCCB,11,1,300,582,174600
201411042336738,NCCB,25,41,200,584,116800
201411042336434,NCCB,41,8,10,590,5900
201411042336433,NCCB,8,8,10,590,5900
201411042336428,NCCB,8,26,130,581,75530
201411042336857,NCDB,18,16,115,156,17940
201411042336855,NCDB,18,16,115,156,17940
201411042336681,NGBL,39,29,50,323,16150
201411042336430,NGBL,47,29,50,322,16100
201411042336397,NGBL,5,29,200,322,64400
201411042336837,NHPC,56,33,1000,137,137000
201411042336826,NHPC,22,18,50,137,6850
201411042336754,NHPC,21,8,1000,135,135000
201411042336753,NHPC,14,33,1000,137,137000
201411042336749,NHPC,54,8,1000,136,136000
201411042336745,NHPC,58,8,2000,135,270000
201411042336508,NHPC,28,58,1000,136,136000
201411042336453,NHPC,25,54,1000,135,135000
201411042336446,NHPC,6,33,1000,136,136000
201411042336621,NHPC,50,33,1000,136,136000
201411042336591,NHPC,58,8,1000,135,135000
201411042336578,NHPC,28,8,1000,135,135000
201411042336577,NHPC,51,8,1000,135,135000
201411042336556,NHPC,32,58,1000,136,136000
201411042336532,NHPC,21,1,1000,136,136000
201411042336655,NIB,8,8,12,740,8880
201411042336859,NICA,11,44,21,775,16275
201411042336858,NICA,11,18,30,774,23220
201411042336761,NICA,32,6,33,770,25410
201411042336587,NICA,26,38,20,766,15320
201411042336522,NICA,11,1,30,765,22950
201411042336519,NICA,11,1,30,765,22950
201411042336516,NICA,26,1,30,765,22950
201411042336506,NICA,11,11,190,765,145350
201411042336424,NICL,40,41,94,465,43710
201411042336420,NICL,40,41,25,465,11625
201411042336697,NLG,49,13,46,790,36340
201411042336688,NLG,55,13,15,795,11925
201411042336657,NLG,43,11,83,790,65570
201411042336624,NLG,43,25,86,799,68714
201411042336614,NLG,42,26,131,791,103621
201411042336680,NLIC,28,28,100,4225,422500
201411042336679,NLIC,16,16,100,4230,423000
201411042336670,NLIC,28,28,100,4225,422500
201411042336644,NLIC,42,21,43,4250,182750
201411042336598,NLIC,49,49,69,4201,289869
201411042336593,NLIC,53,32,11,4240,46640
201411042336495,NLIC,32,32,40,4250,170000
201411042336561,NLIC,16,28,102,4230,431460
201411042336534,NLIC,33,33,175,4230,740250
201411042336520,NLIC,48,21,95,4230,401850
201411042336518,NLIC,38,21,100,4231,423100
201411042336503,NLIC,54,32,161,4231,681191
201411042336496,NLIC,50,32,50,4235,211750
201411042336851,NLICL,54,21,26,2260,58760
201411042336820,NLICL,34,21,209,2250,470250
201411042336677,NLICL,14,38,100,2227,222700
201411042336672,NLICL,14,36,141,2240,315840
201411042336671,NLICL,25,38,26,2237,58162
201411042336666,NLICL,14,36,141,2237,315417
201411042336646,NLICL,14,39,150,2228,334200
201411042336627,NLICL,54,36,141,2237,315417
201411042336468,NLICL,16,29,100,2235,223500
201411042336437,NLICL,54,16,132,2236,295152
201411042336404,NLICL,38,16,150,2237,335550
201411042336813,NTC,19,5,400,602,240800
201411042336811,NTC,40,5,500,605,302500
201411042336805,NTC,6,5,200,606,121200
201411042336444,NTC,6,13,100,610,61000
201411042336443,NTC,3,13,500,610,305000
201411042336572,NTC,6,52,100,610,61000
201411042336875,PCBL,43,19,91,483,43953
201411042336871,PCBL,43,55,20,482,9640
201411042336852,PCBL,43,22,51,482,24582
201411042336848,PCBL,43,19,48,480,23040
201411042336658,PCBL,25,22,74,480,35520
201411042336654,PCBL,25,50,193,480,92640
201411042336653,PCBL,25,25,46,479,22034
201411042336652,PCBL,38,29,85,475,40375
201411042336563,PCBL,35,18,80,478,38240
201411042336558,PCBL,44,35,676,476,321776
201411042336419,PCBL,44,1,80,475,38000
201411042336418,PCBL,44,45,300,475,142500
201411042336833,PICL,32,56,50,443,22150
201411042336492,PICL,25,25,20,443,8860
201411042336898,PLIC,10,36,27,1001,27027
201411042336784,PLIC,28,36,27,1002,27054
201411042336782,PLIC,53,16,153,1000,153000
201411042336662,PLIC,14,36,27,1002,27054
201411042336586,PLIC,14,11,13,1022,13286
201411042336410,PRDBL,47,6,10,143,1430
201411042336664,PURBL,44,44,165,362,59730
201411042336735,PURBL,53,29,33,360,11880
201411042336712,PURBL,53,29,33,360,11880
201411042336699,PURBL,49,29,11,358,3938
201411042336790,PURBL,49,29,33,352,11616
201411042336756,PURBL,21,29,33,358,11814
201411042336747,PURBL,14,29,33,359,11847
201411042336817,PURBL,16,29,33,353,11649
201411042336800,PURBL,53,29,33,352,11616
201411042336719,RBS,32,20,94,4469,420086
201411042336588,RBS,14,38,10,4470,44700
201411042336773,REDBL,41,7,17,213,3621
201411042336741,REDBL,41,48,51,213,10863
201411042336413,RHPC,22,39,10,510,5100
201411042336762,RMDC,26,21,66,755,49830
201411042336728,RMDC,26,6,30,755,22650
201411042336529,RMDC,26,6,120,755,90600
201411042336521,RMDC,44,43,48,750,36000
201411042336502,RMDC,26,48,33,745,24585
201411042336827,SANIMA,14,21,42,500,21000
201411042336818,SANIMA,14,40,315,500,157500
201411042336730,SANIMA,14,13,448,495,221760
201411042336710,SANIMA,57,11,4153,490,2034970
201411042336779,SBBLJ,59,59,200,545,109000
201411042336665,SBBLJ,43,5,292,555,162060
201411042336406,SBI,45,45,61,975,59475
201411042336400,SBI,11,11,50,980,49000
201411042336396,SBI,11,11,70,980,68600
201411042336742,SBL,18,59,133,590,78470
201411042336505,SEOS,11,52,5000,10,52050
201411042336501,SEOS,8,52,5000,10,52100
201411042336836,SEWA,39,29,13,379,4927
201411042336515,SEWA,39,42,30,379,11370
201411042336788,SHINE,47,47,168,350,58800
201411042336531,SHINE,40,45,250,350,87500
201411042336633,SHINE,47,47,168,351,58968
201411042336630,SHINE,37,19,122,355,43310
201411042336622,SHINE,47,47,168,351,58968
201411042336620,SHINE,47,47,168,351,58968
201411042336595,SHINE,37,47,168,350,58800
201411042336584,SHINE,32,45,379,350,132650
201411042336785,SHINE,51,51,36,357,12852
201411042336770,SHINE,47,47,168,350,58800
201411042336763,SHINE,51,51,36,357,12852
201411042336736,SHINE,57,22,190,350,66500
201411042336669,SHINE,57,52,100,350,35000
201411042336645,SHINE,47,47,168,351,58968
201411042336629,SHL,35,49,1000,587,587000
201411042336596,SHL,53,11,1000,586,586000
201411042336713,SHPC,41,49,500,680,340000
201411042336643,SHPC,6,17,10,681,6810
201411042336639,SHPC,6,17,10,681,6810
201411042336638,SHPC,6,17,10,681,6810
201411042336635,SHPC,6,17,10,681,6810
201411042336631,SHPC,6,17,10,681,6810
201411042336511,SHPC,41,53,18,682,12276
201411042336399,SHPC,6,45,10,681,6810
201411042336398,SHPC,6,45,10,681,6810
201411042336395,SHPC,6,45,10,681,6810
201411042336772,SIC,6,6,10,1224,12240
201411042336448,SIC,34,45,98,1200,117600
201411042336590,SICL,53,17,100,795,79500
201411042336533,SICL,20,41,280,785,219800
201411042336660,SIL,42,43,92,790,72680
201411042336569,SIL,59,43,200,785,157000
201411042336885,SKBBL,48,21,48,1349,64752
201411042336856,SKBBL,25,55,39,1350,52650
201411042336656,SLICL,53,22,20,710,14200
201411042336594,SLICL,25,43,12,701,8412
201411042336582,SLICL,25,47,42,688,28896
201411042336580,SLICL,25,29,42,680,28560
201411042336579,SLICL,25,29,70,680,47600
201411042336562,SLICL,34,44,120,670,80400
201411042336510,SLICL,19,10,45,675,30375
201411042336507,SLICL,19,10,34,675,22950
201411042336500,SLICL,19,10,34,675,22950
201411042336882,SRBL,7,51,119,375,44625
201411042336870,SRBL,7,46,144,377,54288
201411042336842,SRBL,22,40,57,374,21318
201411042336810,SRBL,42,1,28,372,10416
201411042336803,SRBL,42,16,416,370,153920
201411042336795,SRBL,7,16,2000,370,740000
201411042336732,SRBL,42,16,1762,370,651940
201411042336570,SRBL,33,33,530,370,196100
201411042336846,SUBBL,36,37,33,312,10296
201411042336673,SUPRME,48,21,720,156,112320
201411042336661,SUPRME,48,47,20,156,3120
201411042336619,SUPRME,48,21,560,155,86800
201411042336574,SUPRME,42,46,1008,154,155232
201411042336566,SUPRME,32,47,20,155,3100
201411042336565,SUPRME,32,47,20,155,3100
201411042336537,SUPRME,10,38,896,153,137088
201411042336504,SUPRME,40,29,20,154,3080
201411042336499,SUPRME,40,29,20,154,3080
201411042336494,SUPRME,40,29,20,154,3080
201411042336489,SUPRME,40,29,30,154,4620
201411042336485,SUPRME,40,29,30,154,4620
201411042336751,SWBBL,6,59,100,1764,176400
201411042336689,TRH,53,21,310,291,90210
201411042336685,TRH,53,21,310,290,89900
201411042336517,UIC,7,39,70,890,62300
201411042336514,UIC,7,1,34,890,30260
201411042336488,UIC,45,21,24,901,21624
201411042336816,VBBL,41,18,30,132,3960
201411042336470,VBBL,25,25,400,132,52800
201411042336610,WDBL,58,29,70,202,14140
201411042336436,YETI,25,17,11,122,1342
201411042336432,YETI,25,17,11,122,1342
201411042336431,YETI,45,45,50,121,6050
201411042336426,YETI,45,45,50,121,6050
201411042336422,YETI,45,45,50,121,6050
201411042336385,AHPC,22,41,50,366,18300
201411042336262,AHPC,16,39,42,366,15372
201411042336090,AHPC,22,5,76,365,27740
201411042336079,AHPC,11,5,80,365,29200
201411042336071,AHPC,51,5,136,365,49640
201411042336066,AHPC,48,5,480,363,174240
201411042336049,AHPC,22,13,100,366,36600
201411042336048,AHPC,1,13,392,364,142688
201411042335944,AHPC,22,7,66,367,24222
201411042336329,ALICL,38,17,46,1180,54280
201411042336295,ALICL,38,17,46,1180,54280
201411042336294,ALICL,28,17,46,1175,54050
201411042336291,ALICL,54,17,46,1180,54280
201411042336260,ALICL,54,33,320,1179,377280
201411042336252,ALICL,54,41,80,1180,94400
201411042335920,ALICL,40,29,200,1179,235800
201411042336192,ALICL,34,41,207,1172,242604
201411042336128,ALICL,14,41,70,1177,82390
201411042336021,ALICL,21,5,100,1170,117000
201411042335996,ALICL,14,18,30,1177,35310
201411042335994,ALICL,25,18,37,1178,43586
201411042335941,ALICL,40,57,16,1179,18864
201411042335979,APEX,32,7,50,119,5950
201411042336258,ARDBL,46,22,40,146,5840
201411042336119,ARDBL,42,44,94,146,13724
201411042335930,BPCL,53,17,133,637,84721
201411042336299,BSBL,14,42,45,286,12870
201411042336207,BSBL,14,13,231,285,65835
201411042336126,BUDBL,18,18,641,177,113457
201411042336325,CBL,13,50,111,270,29970
201411042336318,CBL,13,35,135,270,36450
201411042336305,CBL,26,33,510,269,137190
201411042336238,CBL,25,45,108,269,29052
201411042336190,CBL,26,26,135,265,35775
201411042336188,CBL,26,26,135,265,35775
201411042335924,CBL,51,36,1519,267,405573
201411042335914,CBL,13,28,62,267,16554
201411042335905,CBL,34,28,62,268,16616
201411042335895,CBL,25,28,62,269,16678
201411042336072,CBL,57,26,135,267,36045
201411042335978,CBL,13,26,135,265,35775
201411042335977,CBL,25,26,135,266,35910
201411042335976,CBL,34,26,135,267,36045
201411042335933,CBL,25,28,62,268,16616
201411042335926,CBL,25,28,268,266,71288
201411042336182,CBL,59,45,2000,265,530000
201411042336171,CBL,44,7,1000,270,270000
201411042336097,CBL,21,21,1017,265,269505
201411042336078,CBL,38,26,135,265,35775
201411042336075,CBL,25,26,135,266,35910
201411042336074,CBL,32,26,135,267,36045
201411042336317,CCBL,10,42,16,268,4288
201411042336312,CCBL,17,45,40,265,10600
201411042336286,CCBL,54,5,39,265,10335
201411042336281,CCBL,44,5,112,265,29680
201411042336264,CCBL,38,1,306,266,81396
201411042335939,CCBL,17,21,40,268,10720
201411042336131,CCBL,54,48,153,269,41157
201411042336033,CCBL,17,21,40,269,10760
201411042335957,CCBL,54,45,500,269,134500
201411042335955,CCBL,55,45,40,267,10680
201411042335952,CCBL,55,39,40,267,10680
201411042336263,CCBL,32,6,24,269,6456
201411042336250,CCBL,17,45,40,266,10640
201411042336243,CCBL,54,45,76,266,20216
201411042336217,CCBL,48,48,276,267,73692
201411042336195,CCBL,48,48,304,267,81168
201411042336180,CCBL,48,48,304,267,81168
201411042336095,CDBL,11,32,500,395,197500
201411042336094,CDBL,11,18,500,394,197000
201411042335958,CDBL,1,18,500,390,195000
201411042336042,CEDBL,13,59,179,231,41349
201411042336389,CHCL,38,10,260,1602,416520
201411042336382,CHCL,38,17,500,1600,800000
201411042336352,CHCL,42,10,50,1603,80150
201411042336339,CHCL,33,10,60,1602,96120
201411042336319,CHCL,14,56,91,1601,145691
201411042336199,CHCL,35,10,100,1603,160300
201411042336014,CHCL,7,7,23,1607,36961
201411042336004,CHCL,7,7,23,1607,36961
201411042336165,CHCL,55,10,200,1602,320400
201411042336134,CHCL,53,10,60,1606,96360
201411042336116,CHCL,21,21,100,1605,160500
201411042336069,CHCL,49,42,411,1605,659655
201411042336068,CHCL,49,17,200,1604,320800
201411042336045,CHCL,54,21,199,1605,319395
201411042336378,CIT,53,56,52,2930,152360
201411042336304,CIT,53,26,200,2980,596000
201411042336303,CIT,40,26,100,2980,298000
201411042336302,CIT,44,26,200,2981,596200
201411042336301,CIT,14,26,50,2990,149500
201411042336300,CIT,19,26,10,3000,30000
201411042336257,CIT,19,7,83,2991,248253
201411042336120,CIT,53,25,24,3001,72024
201411042336101,CIT,14,25,15,3000,45000
201411042336083,CNDBL,50,50,50,168,8400
201411042336082,CNDBL,50,50,50,168,8400
201411042336081,CNDBL,50,50,30,168,5040
201411042336342,CSDBL,29,11,73,159,11607
201411042336187,CZBIL,45,45,371,418,155078
201411042336114,CZBIL,41,40,210,420,88200
201411042335953,EBL,22,19,40,1822,72880
201411042336007,EBL,49,19,50,1820,91000
201411042336041,EBL,49,45,52,1805,93860
201411042336202,EBL,26,17,100,1801,180100
201411042336181,EBL,16,17,111,1800,199800
201411042336002,EDBL,10,10,335,675,226125
201411042335954,EKBL,6,6,196,183,35868
201411042336372,GBBL,21,13,342,372,127224
201411042336298,GBBL,35,21,334,372,124248
201411042336292,GBBL,13,55,15,372,5580
201411042336289,GBBL,13,55,200,372,74400
201411042336259,GBBL,35,45,1000,373,373000
201411042336246,GBBL,35,7,200,371,74200
201411042335980,GBBL,35,39,37,373,13801
201411042335938,GBBL,59,39,37,373,13801
201411042335916,GBBL,8,48,187,372,69564
201411042336034,GBBL,17,43,26,377,9802
201411042336017,GBBL,35,35,2378,375,891750
201411042336008,GBBL,35,39,26,375,9750
201411042336006,GBBL,35,49,131,375,49125
201411042335998,GBBL,35,25,500,374,187000
201411042335995,GBBL,35,39,112,373,41776
201411042336139,GBBL,35,55,686,371,254506
201411042336125,GBBL,1,55,500,372,186000
201411042336107,GBBL,48,49,317,374,118558
201411042336088,GBBL,48,44,54,374,20196
201411042336084,GBBL,48,44,54,374,20196
201411042336076,GBBL,48,44,54,374,20196
201411042336185,GBBL,29,29,74,374,27676
201411042336162,GBBL,29,29,112,374,41888
201411042336159,GBBL,45,55,183,371,67893
201411042336158,GBBL,29,29,112,374,41888
201411042336155,GBBL,29,29,112,374,41888
201411042336151,GBBL,17,20,12,375,4500
201411042336230,GBBL,35,41,500,375,187500
201411042336213,GBBL,29,29,74,374,27676
201411042336210,GBBL,29,29,74,374,27676
201411042336206,GBBL,29,29,74,374,27676
201411042336201,GBBL,29,29,74,374,27676
201411042336194,GBBL,29,29,74,374,27676
201411042336293,GBIME,22,55,90,490,44100
201411042336245,GBIME,42,13,12,490,5880
201411042336242,GBIME,22,13,21,490,10290
201411042336209,GBIME,51,55,1000,485,485000
201411042336196,GBIME,42,55,200,488,97600
201411042336178,GBIME,34,55,90,491,44190
201411042336110,GBIME,45,26,944,489,461616
201411042336038,GBIME,22,13,32,493,15776
201411042335964,GBIME,7,7,36,490,17640
201411042335946,GBIME,7,7,35,490,17150
201411042335925,GBIME,6,7,36,490,17640
201411042336361,GLICL,34,36,500,560,280000
201411042336009,GLICL,48,17,500,559,279500
201411042335909,GLICL,34,26,300,569,170700
201411042336271,GRAND,10,19,202,207,41814
201411042336270,GRAND,10,19,628,207,129996
201411042336269,GRAND,57,19,170,208,35360
201411042336169,GRAND,10,19,502,207,103914
201411042336166,GRAND,51,19,86,213,18318
201411042336161,GRAND,10,19,1000,207,207000
201411042336140,GRAND,26,41,181,210,38010
201411042335950,GRAND,26,45,1000,209,209000
201411042335942,GRAND,51,1,336,211,70896
201411042335931,GRAND,47,10,500,213,106500
201411042335959,HAMA,29,13,40,130,5200
201411042336335,HBDL,45,46,500,98,49000
201411042336214,HBDL,46,46,30,99,2970
201411042336132,HBL,11,11,50,865,43250
201411042336129,HBL,11,11,100,865,86500
201411042336064,HBL,14,26,98,860,84280
201411042336367,HDL,11,35,60,238,14280
201411042336204,HGI,21,26,101,537,54237
201411042336359,ICFC,53,14,152,260,39520
201411042336386,IDBL,25,21,11,157,1727
201411042336249,IDBL,42,21,11,158,1738
201411042336198,IDBL,44,21,11,158,1738
201411042335927,IDBL,57,29,33,159,5247
201411042336311,JBBL,47,42,20,152,3040
201411042336123,JBBL,53,5,460,153,70380
201411042336037,JBBL,53,7,30,153,4590
201411042335921,JBBL,6,5,100,156,15600
201411042336296,JBNL,48,1,306,260,79560
201411042336275,JBNL,48,1,306,260,79560
201411042335966,JBNL,20,42,106,262,27772
201411042336005,KAFIL,17,21,11,211,2321
201411042336247,KBL,17,26,115,387,44505
201411042335997,KBL,51,26,400,385,154000
201411042336184,KDBL,36,25,148,121,17908
201411042336065,KDBL,37,28,42,120,5040
201411042336113,KFL,28,25,142,146,20732
201411042335901,KMCDB,11,13,60,650,39000
201411042336256,LGIL,38,25,100,435,43500
201411042336254,LGIL,50,8,54,430,23220
201411042336253,LGIL,38,8,54,430,23220
201411042336248,LGIL,38,8,54,430,23220
201411042336244,LGIL,38,8,54,430,23220
201411042336234,LGIL,38,8,54,430,23220
201411042336015,LGIL,32,46,156,427,66612
201411042336011,LGIL,45,46,48,430,20640
201411042335975,LGIL,21,18,66,428,28248
201411042336321,LICN,49,39,200,3300,660000
201411042336308,LICN,11,22,16,3300,52800
201411042336160,LUBL,37,11,606,307,186042
201411042336012,LUBL,51,41,89,313,27857
201411042336236,MBL,13,1,100,491,49100
201411042336186,MBL,48,19,300,484,145200
201411042336164,MBL,38,58,433,480,207840
201411042336122,MBL,49,58,500,480,240000
201411042336061,MBL,49,20,652,480,312960
201411042336047,MBL,49,20,315,480,151200
201411042336013,MBL,49,55,342,480,164160
201411042335899,MBL,36,26,400,484,193600
201411042336380,MEGA,50,7,32,368,11776
201411042336370,MEGA,41,56,101,366,36966
201411042336368,MEGA,22,7,32,366,11712
201411042336364,MEGA,50,7,32,367,11744
201411042336356,MEGA,41,7,32,367,11744
201411042336333,MEGA,25,16,25,371,9275
201411042336087,MEGA,41,16,183,366,66978
201411042336067,MEGA,35,16,480,367,176160
201411042335903,MEGA,41,50,204,371,75684
201411042335900,MEGA,36,50,227,370,83990
201411042335898,MEGA,36,38,32,370,11840
201411042336331,MEGA,26,7,32,368,11776
201411042336323,MEGA,41,42,11,370,4070
201411042336251,MEGA,49,40,31,370,11470
201411042336167,MEGA,1,16,470,367,172490
201411042336108,MEGA,51,16,329,364,119756
201411042336096,MEGA,38,16,32,369,11808
201411042336261,MNBBL,58,1,100,775,77500
201411042336168,MNBBL,1,16,500,775,387500
201411042336154,MNBBL,14,16,60,778,46680
201411042336143,MNBBL,43,16,20,780,15600
201411042336073,MPFL,32,42,10,121,1210
201411042336393,NABB,29,38,233,154,35882
201411042336373,NABB,52,22,200,154,30800
201411042336391,NABIL,25,34,52,2184,113568
201411042336227,NABIL,45,17,26,2192,56992
201411042336219,NABIL,45,45,43,2190,94170
201411042336089,NABIL,18,29,24,2185,52440
201411042336085,NABIL,18,29,80,2185,174800
201411042336010,NABIL,3,45,40,2190,87600
201411042335951,NABIL,3,45,26,2185,56810
201411042336387,NABILP,49,49,3000,1550,4650000
201411042336374,NBB,13,55,330,527,173910
201411042336362,NBB,51,55,1000,526,526000
201411042336349,NBB,49,19,250,528,132000
201411042336348,NBB,7,19,250,529,132250
201411042336347,NBB,14,19,200,529,105800
201411042336346,NBB,55,19,100,530,53000
201411042336136,NBB,51,21,1000,528,528000
201411042336051,NBB,26,55,200,531,106200
201411042336050,NBB,48,55,200,534,106800
201411042335940,NBB,25,25,30,540,16200
201411042336345,NBB,13,19,100,530,53000
201411042336328,NBB,36,29,300,529,158700
201411042336266,NBB,32,55,1000,528,528000
201411042336174,NBB,36,21,80,534,42720
201411042336172,NBB,54,29,200,530,106000
201411042336153,NBB,16,29,200,530,106000
201411042336366,NBBL,51,1,10,1633,16330
201411042336360,NBBL,51,41,10,1633,16330
201411042336388,NBL,5,42,210,360,75600
201411042336237,NBL,59,13,200,359,71800
201411042336191,NBL,58,17,1403,357,500871
201411042336179,NBL,6,17,951,358,340458
201411042336092,NBL,5,45,1000,362,362000
201411042336016,NBL,21,14,370,359,132830
201411042335936,NBL,44,21,252,367,92484
201411042336003,NBL,50,14,2000,358,716000
201411042336001,NBL,21,14,500,360,180000
201411042336000,NBL,43,14,500,360,180000
201411042335999,NBL,54,14,200,360,72000
201411042335992,NBL,17,8,100,365,36500
201411042335963,NBL,51,8,100,368,36800
201411042336390,NCCB,33,33,925,576,532800
201411042336313,NCCB,33,26,470,579,272130
201411042336310,NCCB,25,45,48,582,27936
201411042336309,NCCB,25,45,25,583,14575
201411042336142,NCCB,58,26,220,582,128040
201411042336138,NCCB,25,39,100,582,58200
201411042336044,NCCB,44,33,3000,572,1716000
201411042336282,NCDB,6,6,12,156,1872
201411042336383,NGBL,55,29,100,324,32400
201411042336265,NGBL,43,13,647,324,209628
201411042336222,NGBL,39,42,20,327,6540
201411042336215,NGBL,39,21,166,326,54116
201411042336211,NGBL,39,39,200,326,65200
201411042336200,NGBL,39,1,80,327,26160
201411042335969,NGBL,39,17,11,330,3630
201411042335968,NGBL,39,17,11,330,3630
201411042335935,NGBL,39,17,11,330,3630
201411042335932,NGBL,39,17,11,330,3630
201411042336175,NGBL,39,42,100,327,32700
201411042335974,NGBL,39,17,11,330,3630
201411042335973,NGBL,39,17,11,330,3630
201411042335972,NGBL,39,17,11,330,3630
201411042335971,NGBL,39,17,11,330,3630
201411042335970,NGBL,39,17,11,330,3630
201411042336369,NHPC,25,6,880,136,119680
201411042336363,NHPC,56,6,1000,135,135000
201411042336355,NHPC,25,8,1000,135,135000
201411042336351,NHPC,26,8,1000,134,134000
201411042336343,NHPC,26,8,1000,134,134000
201411042336340,NHPC,52,8,1000,134,134000
201411042336332,NHPC,3,8,2000,134,268000
201411042336326,NHPC,26,8,1000,135,135000
201411042336322,NHPC,21,8,1000,136,136000
201411042336315,NHPC,28,8,2000,135,270000
201411042335943,NHPC,21,44,1000,136,136000
201411042336376,NIB,11,45,79,735,58065
201411042336324,NIB,32,37,71,730,51830
201411042336284,NIB,22,22,225,730,164250
201411042336177,NICA,48,48,548,765,419220
201411042336109,NICA,17,29,132,764,100848
201411042336099,NICA,51,8,552,752,415104
201411042336059,NICA,1,48,30,760,22800
201411042336053,NICA,1,48,30,760,22800
201411042336032,NICA,13,55,500,755,377500
201411042336019,NICA,22,55,56,760,42560
201411042336018,NICA,25,14,25,770,19250
201411042335962,NICA,22,1,40,760,30400
201411042336314,NICL,40,41,27,465,12555
201411042336231,NICL,47,1,500,460,230000
201411042336156,NLG,32,39,26,786,20436
201411042336379,NLIC,57,29,50,4249,212450
201411042336365,NLIC,16,28,200,4235,847000
201411042336115,NLIC,57,29,64,4260,272640
201411042336043,NLIC,34,57,34,4290,145860
201411042336316,NLICL,38,59,90,2237,201330
201411042336307,NLICL,50,59,150,2240,336000
201411042336278,NLICL,38,26,70,2237,156590
201411042336277,NLICL,54,8,100,2280,228000
201411042336268,NLICL,54,36,50,2275,113750
201411042336377,NUBL,49,6,92,1455,133860
201411042336375,NUBL,6,6,100,1456,145600
201411042336228,NUBL,3,21,99,1470,145530
201411042336098,NUBL,3,50,100,1470,147000
201411042336344,PCBL,21,29,369,474,174906
201411042336233,PCBL,44,53,137,474,64938
201411042336124,PCBL,42,1,27,480,12960
201411042336121,PCBL,41,1,159,475,75525
201411042336117,PCBL,6,1,80,477,38160
201411042336070,PCBL,42,25,20,480,9600
201411042336054,PCBL,41,57,300,475,142500
201411042335937,PCBL,6,29,133,480,63840
201411042336104,PIC,21,46,107,826,88382
201411042336093,PIC,32,46,200,827,165400
201411042336341,PURBL,40,13,297,369,109593
201411042336040,PURBL,41,51,11,362,3982
201411042336105,RBS,32,25,100,4560,456000
201411042336208,REDBL,41,19,427,213,90951
201411042336350,RMDC,26,48,33,745,24585
201411042336358,SANIMA,16,19,500,494,247000
201411042336357,SANIMA,16,57,200,493,98600
201411042336338,SANIMA,33,25,100,490,49000
201411042336337,SANIMA,33,44,90,490,44100
201411042336336,SANIMA,33,13,280,489,136920
201411042336285,SANIMA,45,36,220,489,107580
201411042336144,SANIMA,17,13,280,484,135520
201411042335948,SANIMA,47,10,300,490,147000
201411042335947,SANIMA,43,10,200,491,98200
201411042335928,SANIMA,14,38,278,490,136220
201411042335912,SANIMA,36,13,100,500,50000
201411042335922,SBBLJ,45,56,100,545,54500
201411042336392,SBI,11,11,30,980,29400
201411042336394,SBL,48,28,500,585,292500
201411042336283,SBL,14,29,302,584,176368
201411042336276,SBL,14,19,298,583,173734
201411042336279,SCB,52,52,25,1800,45000
201411042336223,SCB,3,45,10,1805,18050
201411042336173,SCB,26,45,100,1800,180000
201411042336080,SCB,25,7,13,1786,23218
201411042336063,SCB,25,45,57,1800,102600
201411042336060,SCB,25,7,51,1790,91290
201411042335949,SCB,25,47,62,1800,111600
201411042335897,SCB,6,13,100,1823,182300
201411042335896,SCB,25,13,150,1823,273450
201411042336334,SDBL,26,17,420,145,60900
201411042336039,SDBL,8,17,325,147,47775
201411042335923,SDBL,45,17,300,150,45000
201411042335894,SDBL,39,17,150,152,22800
201411042336381,SEOS,8,19,5000,11,53100
201411042336280,SEWA,59,49,77,385,29645
201411042336273,SEWA,59,49,11,385,4235
201411042336255,SEWA,38,42,104,381,39624
201411042336103,SEWA,59,21,15,385,5775
201411042336036,SEWA,34,21,168,390,65520
201411042336353,SHINE,47,47,168,350,58800
201411042336306,SHINE,47,47,168,350,58800
201411042336297,SHINE,47,47,168,350,58800
201411042336290,SHINE,47,47,168,350,58800
201411042336241,SHINE,22,22,106,355,37630
201411042336035,SHINE,47,47,168,350,58800
201411042336020,SHINE,47,47,168,350,58800
201411042335993,SHINE,6,47,168,350,58800
201411042335967,SHINE,21,47,168,351,58968
201411042335965,SHINE,51,47,168,352,59136
201411042336127,SHINE,47,47,168,350,58800
201411042336118,SHINE,47,47,168,350,58800
201411042336111,SHINE,47,47,168,350,58800
201411042336102,SHINE,47,47,168,350,58800
201411042336058,SHINE,47,47,168,350,58800
201411042336170,SHINE,47,21,16,350,5600
201411042336163,SHINE,47,47,168,350,58800
201411042336157,SHINE,11,21,16,350,5600
201411042336145,SHINE,47,47,168,350,58800
201411042336137,SHINE,47,47,168,350,58800
201411042336135,SHINE,51,21,16,350,5600
201411042336197,SHINE,22,22,106,355,37630
201411042336193,SHINE,47,47,168,350,58800
201411042336189,SHINE,22,22,106,355,37630
201411042336183,SHINE,47,47,168,350,58800
201411042336221,SHINE,22,22,106,355,37630
201411042336218,SHINE,22,22,106,355,37630
201411042336216,SHINE,22,22,106,355,37630
201411042336212,SHINE,22,22,106,355,37630
201411042336205,SHINE,22,22,106,355,37630
201411042336203,SHINE,47,47,168,350,58800
201411042336239,SHINE,22,22,106,355,37630
201411042336235,SHINE,22,22,106,355,37630
201411042336232,SHINE,22,22,106,355,37630
201411042336229,SHINE,22,22,106,355,37630
201411042336225,SHINE,22,22,106,355,37630
201411042336224,SHINE,47,47,168,350,58800
201411042336274,SHL,44,26,391,594,232254
201411042335904,SHL,44,49,500,597,298500
201411042336354,SHPC,41,39,139,685,95215
201411042336320,SHPC,41,29,10,690,6900
201411042336240,SHPC,41,1,18,690,12420
201411042336176,SHPC,41,50,54,690,37260
201411042335917,SHPC,41,22,255,690,175950
201411042336152,SIC,38,38,11,1210,13310
201411042335902,SICL,37,17,170,790,134300
201411042336267,SIGS1,14,22,3000,16,48360
201411042336150,SIL,41,19,500,790,395000
201411042336149,SIL,32,19,100,791,79100
201411042336148,SIL,41,19,200,795,159000
201411042336147,SIL,21,19,200,796,159200
201411042336130,SIL,56,16,420,793,333060
201411042336330,SKBBL,11,50,76,1350,102600
201411042335934,SKBBL,11,7,14,1361,19054
201411042336384,SLICL,34,29,200,670,134000
201411042336091,SLICL,11,28,16,665,10640
201411042336057,SLICL,22,58,10,665,6650
201411042336055,SLICL,22,58,10,665,6650
201411042336052,SLICL,22,58,10,665,6650
201411042336046,SLICL,22,58,10,665,6650
201411042335945,SLICL,21,20,197,662,130414
201411042336077,SMFDB,26,16,10,1137,11370
201411042336327,SRBL,33,13,293,372,108996
201411042336287,SRBL,33,13,200,370,74000
201411042336226,SRBL,7,13,450,367,165150
201411042336220,SRBL,33,1,419,372,155868
201411042336141,SRBL,7,8,40,367,14680
201411042336112,SRBL,33,8,177,369,65313
201411042335961,SRBL,8,54,14,372,5208
201411042335960,SRBL,8,54,14,372,5208
201411042336146,SUBBL,11,48,34,306,10404
201411042336133,SUBBL,22,48,36,308,11088
201411042336100,SUBBL,22,5,10,308,3080
201411042336288,SUPRME,40,46,2870,154,441980
201411042336272,SUPRME,50,29,60,153,9180
201411042335929,TRH,32,59,500,286,143000
201411042336031,VBBL,29,29,20,134,2680
201411042336030,VBBL,29,29,30,134,4020
201411042336029,VBBL,29,29,30,134,4020
201411042336028,VBBL,29,29,50,134,6700
201411042335907,VBBL,33,1,70,131,9170
201411042335906,VBBL,33,1,80,131,10480
201411042335918,VBBL,33,1,40,131,5240
201411042335915,VBBL,33,1,40,131,5240
201411042335913,VBBL,33,1,40,131,5240
201411042335911,VBBL,33,1,40,131,5240
201411042335910,VBBL,33,1,40,131,5240
201411042335908,VBBL,33,1,70,131,9170
201411042335985,VBBL,29,29,60,133,7980
201411042335984,VBBL,29,29,30,133,3990
201411042335983,VBBL,29,29,30,133,3990
201411042335982,VBBL,29,29,50,133,6650
201411042335981,VBBL,29,29,60,133,7980
201411042335919,VBBL,33,1,40,131,5240
201411042335991,VBBL,29,29,30,133,3990
201411042335990,VBBL,29,29,60,133,7980
201411042335989,VBBL,29,29,60,133,7980
201411042335988,VBBL,29,29,50,133,6650
201411042335987,VBBL,29,29,50,133,6650
201411042335986,VBBL,29,29,60,133,7980
201411042336027,VBBL,29,29,50,134,6700
201411042336026,VBBL,29,29,50,134,6700
201411042336025,VBBL,29,29,50,134,6700
201411042336024,VBBL,29,29,50,134,6700
201411042336023,VBBL,29,29,50,134,6700
201411042336022,VBBL,29,29,60,134,8040
201411042336106,YETI,43,43,90,121,10890
201411042336086,YETI,57,28,23,119,2737
201411042335956,YETI,49,21,50,120,6000
201411042335822,ADBL,48,14,782,477,373014
201411042335820,ADBL,48,21,585,475,277875
201411042335819,ADBL,48,57,30,475,14250
201411042335816,ADBL,48,57,34,475,16150
201411042335815,ADBL,48,45,120,475,57000
201411042335303,ADBL,51,51,30,469,14070
201411042335559,ADBL,33,33,40,464,18560
201411042335549,ADBL,33,33,40,462,18480
201411042335543,ADBL,33,33,40,461,18440
201411042335533,ADBL,49,49,50,469,23450
201411042335747,ADBL,25,17,41,470,19270
201411042335741,ADBL,21,48,30,467,14010
201411042335664,ADBL,25,43,70,470,32900
201411042335571,ADBL,21,35,40,470,18800
201411042335807,AHPC,25,48,82,367,30094
201411042335786,AIC,45,26,100,490,49000
201411042335889,ALICL,5,46,31,1180,36580
201411042335876,ALICL,11,26,16,1181,18896
201411042335853,ALICL,21,5,210,1185,248850
201411042335808,ALICL,16,44,31,1186,36766
201411042335750,ALICL,43,10,31,1195,37045
201411042335749,ALICL,40,5,461,1180,543980
201411042335684,ALICL,16,34,49,1185,58065
201411042335675,ALICL,16,10,31,1190,36890
201411042335567,APEX,41,7,401,119,47719
201411042335304,APEX,51,51,20,117,2340
201411042335575,APEX,58,42,20,117,2340
201411042335570,APEX,41,7,401,119,47719
201411042335604,ARDBL,10,10,42,148,6216
201411042335855,BSBL,14,21,84,290,24360
201411042335780,BSBL,14,33,142,290,41180
201411042335877,CBL,8,21,1000,270,270000
201411042335859,CBL,14,26,135,270,36450
201411042335851,CBL,55,13,55,273,15015
201411042335837,CBL,41,28,38,273,10374
201411042335818,CBL,29,44,54,271,14634
201411042335782,CBL,29,44,57,271,15447
201411042335687,CBL,25,7,255,268,68340
201411042335595,CBL,29,48,12,271,3252
201411042335582,CBL,13,26,135,270,36450
201411042335883,CCBL,48,32,1000,269,269000
201411042335882,CCBL,48,26,40,268,10720
201411042335865,CCBL,41,41,10,271,2710
201411042335811,CCBL,29,44,40,267,10680
201411042335796,CCBL,50,44,326,265,86390
201411042335775,CCBL,42,44,40,267,10680
201411042335287,CCBL,39,39,40,276,11040
201411042335286,CCBL,39,39,40,276,11040
201411042335285,CCBL,39,39,40,276,11040
201411042335284,CCBL,39,39,40,276,11040
201411042335293,CCBL,39,39,40,276,11040
201411042335292,CCBL,39,39,40,276,11040
201411042335291,CCBL,39,39,40,276,11040
201411042335290,CCBL,39,39,40,276,11040
201411042335289,CCBL,39,39,40,276,11040
201411042335288,CCBL,39,39,40,276,11040
201411042335299,CCBL,39,39,40,276,11040
201411042335298,CCBL,39,39,40,276,11040
201411042335297,CCBL,39,39,40,276,11040
201411042335296,CCBL,39,39,40,276,11040
201411042335295,CCBL,39,39,40,276,11040
201411042335294,CCBL,39,39,40,276,11040
201411042335538,CCBL,50,50,15,271,4065
201411042335306,CCBL,39,51,40,276,11040
201411042335305,CCBL,39,51,40,276,11040
201411042335302,CCBL,39,39,40,276,11040
201411042335301,CCBL,39,39,40,276,11040
201411042335300,CCBL,39,39,40,276,11040
201411042335554,CCBL,50,16,40,270,10800
201411042335553,CCBL,50,16,40,270,10800
201411042335552,CCBL,50,16,40,270,10800
201411042335545,CCBL,17,16,40,270,10800
201411042335544,CCBL,22,16,40,270,10800
201411042335541,CCBL,50,42,306,270,82620
201411042335639,CCBL,50,29,16,270,4320
201411042335638,CCBL,10,8,40,271,10840
201411042335632,CCBL,10,19,45,270,12150
201411042335560,CCBL,50,42,306,268,82008
201411042335558,CCBL,50,42,306,267,81702
201411042335555,CCBL,50,16,40,270,10800
201411042335766,CCBL,29,29,40,270,10800
201411042335765,CCBL,29,29,40,270,10800
201411042335761,CCBL,29,46,17,269,4573
201411042335752,CCBL,10,29,40,268,10720
201411042335751,CCBL,29,46,17,269,4573
201411042335746,CCBL,10,29,40,268,10720
201411042335568,CEDBL,13,55,199,235,46765
201411042335562,CEDBL,8,8,286,238,68068
201411042335800,CHCL,53,45,41,1605,65805
201411042335768,CHCL,53,14,94,1610,151340
201411042335754,CHCL,53,42,140,1605,224700
201411042335733,CHCL,48,42,392,1601,627592
201411042335731,CHCL,26,42,88,1605,141240
201411042335729,CHCL,8,14,100,1610,161000
201411042335598,CHCL,22,25,124,1610,199640
201411042335594,CHCL,22,25,190,1610,305900
201411042335583,CHCL,29,25,160,1615,258400
201411042335673,CHCL,22,42,10,1610,16100
201411042335670,CHCL,1,42,33,1610,53130
201411042335668,CHCL,7,7,23,1621,37283
201411042335666,CHCL,47,42,50,1620,81000
201411042335661,CHCL,22,42,20,1620,32400
201411042335621,CHCL,33,50,500,1606,803000
201411042335864,CNDBL,47,13,30,165,4950
201411042335728,CNDBL,50,50,20,168,3360
201411042335727,CNDBL,50,50,20,168,3360
201411042335726,CNDBL,50,50,20,168,3360
201411042335725,CNDBL,50,50,20,168,3360
201411042335724,CNDBL,50,50,20,168,3360
201411042335589,CNDBL,50,50,20,168,3360
201411042335588,CNDBL,50,50,20,168,3360
201411042335587,CNDBL,50,50,20,168,3360
201411042335586,CNDBL,50,50,20,168,3360
201411042335585,CNDBL,50,50,20,168,3360
201411042335584,CNDBL,50,50,20,168,3360
201411042335637,CNDBL,47,50,70,165,11550
201411042335631,CNDBL,47,50,50,165,8250
201411042335593,CNDBL,50,50,20,168,3360
201411042335592,CNDBL,50,50,20,168,3360
201411042335591,CNDBL,50,50,20,168,3360
201411042335590,CNDBL,50,50,20,168,3360
201411042335654,CNDBL,47,50,50,165,8250
201411042335649,CNDBL,47,50,60,165,9900
201411042335646,CNDBL,47,50,30,165,4950
201411042335644,CNDBL,47,50,30,165,4950
201411042335643,CNDBL,47,50,30,165,4950
201411042335642,CNDBL,47,50,50,165,8250
201411042335680,CNDBL,47,50,60,165,9900
201411042335679,CNDBL,47,50,30,165,4950
201411042335677,CNDBL,47,50,20,165,3300
201411042335662,CNDBL,47,50,20,165,3300
201411042335658,CNDBL,47,50,70,165,11550
201411042335656,CNDBL,47,50,60,165,9900
201411042335699,CNDBL,50,50,20,168,3360
201411042335693,CNDBL,47,50,60,165,9900
201411042335692,CNDBL,47,50,60,165,9900
201411042335690,CNDBL,47,50,60,165,9900
201411042335685,CNDBL,47,50,60,165,9900
201411042335682,CNDBL,47,50,60,165,9900
201411042335705,CNDBL,50,50,20,168,3360
201411042335704,CNDBL,50,50,20,168,3360
201411042335703,CNDBL,50,50,20,168,3360
201411042335702,CNDBL,50,50,20,168,3360
201411042335701,CNDBL,50,50,20,168,3360
201411042335700,CNDBL,50,50,20,168,3360
201411042335711,CNDBL,50,50,30,168,5040
201411042335710,CNDBL,50,50,30,168,5040
201411042335709,CNDBL,50,50,30,168,5040
201411042335708,CNDBL,50,50,20,168,3360
201411042335707,CNDBL,50,50,20,168,3360
201411042335706,CNDBL,50,50,20,168,3360
201411042335717,CNDBL,50,50,30,168,5040
201411042335716,CNDBL,50,50,30,168,5040
201411042335715,CNDBL,50,50,30,168,5040
201411042335714,CNDBL,50,50,30,168,5040
201411042335713,CNDBL,50,50,30,168,5040
201411042335712,CNDBL,50,50,30,168,5040
201411042335723,CNDBL,50,50,20,168,3360
201411042335722,CNDBL,50,50,20,168,3360
201411042335721,CNDBL,50,50,20,168,3360
201411042335720,CNDBL,50,50,30,168,5040
201411042335719,CNDBL,50,50,30,168,5040
201411042335718,CNDBL,50,50,30,168,5040
201411042335663,CSDBL,29,42,10,162,1620
201411042335777,CZBIL,41,42,160,420,67200
201411042335734,CZBIL,8,19,210,422,88620
201411042335697,CZBIL,49,19,300,419,125700
201411042335691,CZBIL,8,57,63,420,26460
201411042335652,CZBIL,6,33,168,418,70224
201411042335623,CZBIL,48,36,735,419,307965
201411042335581,CZBIL,22,19,200,420,84000
201411042335802,EBL,16,45,50,1820,91000
201411042335783,EBL,22,45,72,1820,131040
201411042335648,EBL,22,55,80,1830,146400
201411042335624,EBL,5,49,37,1831,67747
201411042335622,EBLCP,51,49,16,927,14832
201411042335893,GBBL,11,49,300,374,112200
201411042335886,GBBL,17,21,39,372,14508
201411042335874,GBBL,11,45,500,374,187000
201411042335870,GBBL,39,41,200,374,74800
201411042335839,GBBL,29,49,200,373,74600
201411042335833,GBBL,29,13,107,374,40018
201411042335743,GBBL,29,22,56,374,20944
201411042335735,GBBL,29,43,100,374,37400
201411042335695,GBBL,29,17,70,374,26180
201411042335671,GBBL,50,16,201,374,75174
201411042335669,GBBL,50,39,101,372,37572
201411042335660,GBBL,41,39,63,370,23310
201411042335797,GBBL,47,49,100,372,37200
201411042335791,GBBL,29,49,40,374,14960
201411042335788,GBBL,55,49,150,372,55800
201411042335784,GBBL,49,49,500,372,186000
201411042335759,GBBL,17,43,148,374,55352
201411042335753,GBBL,32,25,26,376,9776
201411042335848,GBIME,7,7,366,492,180072
201411042335813,GBIME,7,7,151,492,74292
201411042335792,GBIME,51,45,51,491,25041
201411042335787,GBIME,51,45,80,491,39280
201411042335676,GBIME,7,7,35,495,17325
201411042335655,GBIME,7,7,111,495,54945
201411042335817,GLICL,34,18,95,561,53295
201411042335645,GLICL,50,26,200,560,112000
201411042335641,GLICL,42,22,50,569,28450
201411042335569,GLICL,34,42,10,570,5700
201411042335776,GRAND,26,10,1000,212,212000
201411042335838,HAMA,58,13,40,130,5200
201411042335760,HAMA,58,42,40,130,5200
201411042335694,HBDL,42,19,100,99,9900
201411042335770,HBL,52,18,37,861,31857
201411042335653,HBL,22,45,18,870,15660
201411042335565,HBL,11,22,40,870,34800
201411042335563,HBL,22,22,140,870,121800
201411042335686,IDBL,41,43,427,159,67893
201411042335635,IDBL,41,34,200,162,32400
201411042335884,JBBL,47,5,500,155,77500
201411042335871,JBBL,47,45,500,155,77500
201411042335774,KAFIL,17,42,38,215,8170
201411042335769,KBL,50,59,49,392,19208
201411042335732,KBL,42,32,500,393,196500
201411042335834,KMCDB,11,5,40,650,26000
201411042335845,LGIL,32,18,340,427,145180
201411042335625,LGIL,21,21,62,435,26970
201411042335828,LICN,8,1,26,3323,86398
201411042335738,LICN,14,39,100,3390,339000
201411042335651,LICN,17,17,78,3450,269100
201411042335812,LUBL,29,5,84,319,26796
201411042335887,MBL,50,26,1000,483,483000
201411042335814,MBL,22,22,147,492,72324
201411042335804,MBL,49,22,242,493,119306
201411042335795,MBL,20,57,483,491,237153
201411042335825,MDBL,29,5,18,166,2988
201411042335681,MDBL,29,29,30,166,4980
201411042335867,MEGA,41,19,27,370,9990
201411042335850,MEGA,41,26,219,365,79935
201411042335832,MEGA,22,59,140,370,51800
201411042335771,MEGA,6,42,11,370,4070
201411042335767,MEGA,41,7,32,371,11872
201411042335757,MEGA,41,7,32,372,11904
201411042335672,MEGA,22,34,183,375,68625
201411042335863,MNBBL,14,5,18,780,14040
201411042335527,NABB,42,42,96,157,15072
201411042335879,NABIL,25,55,192,2160,414720
201411042335872,NABIL,37,38,121,2170,262570
201411042335843,NABIL,58,17,16,2170,34720
201411042335821,NABIL,25,25,174,2170,377580
201411042335806,NABIL,25,25,139,2170,301630
201411042335546,NABIL,34,25,143,2200,314600
201411042335810,NABILP,48,43,240,1559,374160
201411042335862,NBB,48,44,300,530,159000
201411042335730,NBB,42,44,75,537,40275
201411042335698,NBB,48,44,400,536,214400
201411042335688,NBB,58,44,335,540,180900
201411042335891,NBL,22,21,500,363,181500
201411042335878,NBL,50,41,500,362,181000
201411042335866,NBL,50,19,500,364,182000
201411042335647,NBL,22,14,300,370,111000
201411042335578,NBL,43,41,485,375,181875
201411042335861,NCCB,6,6,1000,583,583000
201411042335846,NCCB,58,14,210,582,122220
201411042335844,NCCB,6,1,105,583,61215
201411042335779,NCCB,6,33,100,582,58200
201411042335756,NCCB,58,19,500,582,291000
201411042335566,NCCB,36,36,1000,593,593000
201411042335597,NCM,53,11,105,222,23310
201411042335869,NGBL,39,17,11,331,3641
201411042335856,NGBL,39,17,11,331,3641
201411042335737,NGBL,43,33,140,330,46200
201411042335667,NGBL,43,33,11,328,3608
201411042335634,NGBL,43,43,140,328,45920
201411042335619,NGBL,43,10,40,328,13120
201411042335574,NGBL,43,22,100,334,33400
201411042335573,NGBL,43,22,80,334,26720
201411042335564,NGBL,43,29,107,333,35631
201411042335799,NHPC,50,32,1000,136,136000
201411042335793,NHPC,3,44,2000,136,272000
201411042335650,NIB,21,11,173,727,125771
201411042335849,NICA,22,22,20,756,15120
201411042335739,NICA,26,25,159,765,121635
201411042335826,NICL,47,51,500,465,232500
201411042335665,NICL,50,25,10,474,4740
201411042335803,NLBBL,28,19,78,1176,91728
201411042335805,NLICL,7,35,50,2280,114000
201411042335847,NTC,3,43,200,610,122000
201411042335528,NTC,21,21,120,610,73200
201411042335885,NUBL,3,14,100,1500,150000
201411042335618,OHL,28,36,10,686,6860
201411042335617,OHL,28,36,10,686,6860
201411042335616,OHL,28,36,10,686,6860
201411042335614,OHL,28,36,10,686,6860
201411042335613,OHL,28,36,10,686,6860
201411042335611,OHL,28,36,10,686,6860
201411042335606,OHL,28,36,10,686,6860
201411042335827,PCBL,42,36,50,480,24000
201411042335778,PCBL,6,14,200,477,95400
201411042335773,PCBL,44,59,101,478,48278
201411042335758,PCBL,17,17,212,480,101760
201411042335744,PCBL,44,36,300,478,143400
201411042335742,PCBL,13,29,27,479,12933
201411042335696,PCBL,17,51,14,478,6692
201411042335689,PCBL,14,59,143,478,68354
201411042335683,PCBL,44,44,514,479,246206
201411042335626,PCBL,17,29,92,478,43976
201411042335854,PIC,32,45,39,835,32565
201411042335542,PLIC,25,25,140,1042,145880
201411042335539,PLIC,25,25,22,1025,22550
201411042335535,PLIC,25,3,40,1024,40960
201411042335530,PLIC,25,11,13,1022,13286
201411042335529,PLIC,25,11,27,1020,27540
201411042335678,RBS,32,20,200,4650,930000
201411042335880,RHPC,44,59,47,500,23500
201411042335858,RHPC,32,32,11,501,5511
201411042335836,RHPC,32,32,11,501,5511
201411042335824,RHPC,32,32,11,501,5511
201411042335809,RHPC,32,32,11,501,5511
201411042335801,RHPC,32,32,11,501,5511
201411042335537,RHPC,44,39,10,495,4950
201411042335536,RHPC,22,39,10,494,4940
201411042335532,RHPC,22,39,10,494,4940
201411042335531,RHPC,22,39,30,494,14820
201411042335620,RHPC,22,17,10,500,5000
201411042335557,RHPC,44,39,11,500,5500
201411042335551,RHPC,44,39,11,500,5500
201411042335548,RHPC,44,39,37,500,18500
201411042335547,RHPC,44,39,10,500,5000
201411042335540,RHPC,44,39,10,495,4950
201411042335798,RHPC,32,32,11,501,5511
201411042335789,RHPC,32,32,11,501,5511
201411042335772,RHPC,32,32,11,501,5511
201411042335633,RHPC,22,17,37,500,18500
201411042335629,RHPC,22,17,10,500,5000
201411042335627,RHPC,22,17,10,500,5000
201411042335860,RMDC,39,5,33,743,24519
201411042335534,SADBL,6,29,92,302,27784
201411042335868,SANIMA,54,13,325,493,160225
201411042335852,SANIMA,47,36,346,494,170924
201411042335674,SBBLJ,45,18,1000,556,556000
201411042335873,SBI,17,11,40,990,39600
201411042335790,SBI,52,18,34,971,33014
201411042335740,SBI,17,25,221,971,214591
201411042335857,SBL,25,5,50,580,29000
201411042335829,SBL,22,57,143,580,82940
201411042335763,SBL,21,50,246,590,145140
201411042335745,SBL,22,44,247,591,145977
201411042335892,SDBL,6,17,420,150,63000
201411042335890,SDBL,17,17,300,151,45300
201411042335485,SFL,13,13,16,155,2480
201411042335470,SFL,13,13,16,155,2480
201411042335447,SFL,13,13,16,155,2480
201411042335434,SFL,13,13,16,155,2480
201411042335433,SFL,13,13,16,155,2480
201411042335411,SFL,13,13,16,155,2480
201411042335410,SFL,13,13,16,155,2480
201411042335390,SFL,13,13,16,155,2480
201411042335389,SFL,13,13,16,155,2480
201411042335388,SFL,13,13,16,155,2480
201411042335387,SFL,13,13,16,155,2480
201411042335781,SHINE,57,57,108,357,38556
201411042335762,SHINE,57,54,17,363,6171
201411042335764,SHPC,41,22,40,690,27600
201411042335755,SHPC,41,14,20,690,13800
201411042335748,SHPC,41,11,295,680,200600
201411042335657,SHPC,41,36,1000,690,690000
201411042335556,SIC,48,48,161,1215,195615
201411042335659,SIL,41,43,25,795,19875
201411042335888,SRBL,32,18,25,370,9250
201411042335835,SRBL,13,18,89,366,32574
201411042335823,SRBL,7,22,17,367,6239
201411042335785,SRBL,33,44,940,365,343100
201411042335599,SRBL,6,55,16,365,5840
201411042335596,SRBL,16,55,16,366,5856
201411042335579,SRBL,7,33,89,367,32663
201411042335576,SRBL,16,55,260,366,95160
201411042335881,SUPRME,48,41,3198,153,489294
201411042335831,SUPRME,41,29,10,155,1550
201411042335830,SUPRME,41,47,20,154,3080
201411042335736,SUPRME,32,41,773,153,118269
201411042335636,SUPRME,50,48,10,153,1530
201411042335615,SUPRME,43,48,10,154,1540
201411042335612,SUPRME,43,48,10,154,1540
201411042335580,SUPRME,50,41,400,153,61200
201411042335577,SUPRME,50,41,1018,152,154736
201411042335572,SUPRME,47,47,20,153,3060
201411042335561,SUPRME,16,44,250,152,38000
201411042335526,SUPRME,11,29,192,155,29760
201411042335842,TRH,50,54,10,289,2890
201411042335841,TRH,50,1,40,289,11560
201411042335840,TRH,50,1,20,289,5780
201411042335640,TRH,32,32,40,289,11560
201411042335610,TRH,32,36,10,294,2940
201411042335609,TRH,32,36,10,294,2940
201411042335600,TRH,32,36,10,294,2940
201411042335608,TRH,32,36,10,294,2940
201411042335607,TRH,32,36,10,294,2940
201411042335605,TRH,32,36,10,294,2940
201411042335603,TRH,32,36,10,294,2940
201411042335602,TRH,32,36,10,294,2940
201411042335601,TRH,32,36,10,294,2940
201411042335875,VBBL,25,25,320,132,42240
201411042335794,VBBL,25,17,80,133,10640
201411042335630,VBBL,53,53,20,133,2660
201411042335550,YETI,3,35,40,120,4800
