contract,symbol,buyer,seller,qty,rate,amt
201410192315699,AHPC,41,44,164,376,61664
201410192315653,AHPC,34,22,100,380,38000
201410192315485,AHPC,47,16,500,373,186500
201410192315468,AHPC,26,16,500,375,187500
201410192315433,AHPC,26,50,170,380,64600
201410192315732,ALDBL,52,52,80,236,18880
201410192315496,ALICL,43,19,10,1175,11750
201410192315877,APEX,22,17,20,123,2460
201410192315870,APEX,22,17,20,123,2460
201410192315867,APEX,22,17,20,123,2460
201410192315864,APEX,22,17,20,123,2460
201410192315861,APEX,22,17,20,123,2460
201410192315643,APEX,57,14,80,125,10000
201410192315610,APEX,57,17,20,125,2500
201410192315585,APEX,57,17,20,125,2500
201410192315515,APEX,25,7,1000,125,125000
201410192315499,APEX,57,21,50,125,6250
201410192315498,APEX,57,3,20,125,2500
201410192315481,APEX,22,17,20,123,2460
201410192315651,BLDBL,13,6,190,460,87400
201410192315644,BLDBL,13,16,112,457,51184
201410192315619,BLDBL,21,21,88,455,40040
201410192315596,BPCL,41,45,200,681,136200
201410192315608,BUDBL,21,14,233,199,46367
201410192315517,BUDBL,49,1,300,200,60000
201410192315754,CBBL,45,28,20,1511,30220
201410192315928,CBL,8,47,26,290,7540
201410192315915,CBL,8,47,26,290,7540
201410192315856,CBL,8,47,26,290,7540
201410192315706,CBL,57,17,622,290,180380
201410192315649,CBL,14,26,62,289,17918
201410192315607,CBL,8,11,503,290,145870
201410192315606,CBL,8,52,102,290,29580
201410192315603,CBL,8,56,54,290,15660
201410192315600,CBL,8,47,52,290,15080
201410192315597,CBL,8,47,52,290,15080
201410192315451,CBL,57,8,14,287,4018
201410192315782,CCBL,56,59,1000,280,280000
201410192315664,CCBL,51,22,35,283,9905
201410192315647,CCBL,4,4,40,279,11160
201410192315613,CCBL,28,28,39,280,10920
201410192315583,CCBL,4,16,122,283,34526
201410192315573,CCBL,4,25,40,282,11280
201410192315542,CCBL,4,51,106,280,29680
201410192315529,CCBL,56,4,40,279,11160
201410192315521,CCBL,4,41,39,279,10881
201410192315518,CCBL,4,4,40,279,11160
201410192315506,CCBL,4,4,40,279,11160
201410192315500,CCBL,4,4,40,279,11160
201410192315572,CCBL,4,25,40,282,11280
201410192315571,CCBL,4,25,40,282,11280
201410192315570,CCBL,4,25,40,282,11280
201410192315564,CCBL,4,14,40,281,11240
201410192315547,CCBL,4,51,31,280,8680
201410192315543,CCBL,22,51,31,280,8680
201410192315470,CFCL,28,26,200,150,30000
201410192315919,CHCL,5,17,74,1815,134310
201410192315904,CHCL,5,58,100,1815,181500
201410192315659,CHCL,19,58,140,1818,254520
201410192315509,CHCL,19,11,214,1810,387340
201410192315661,CIT,11,58,30,3130,93900
201410192315628,CIT,11,32,75,3080,231000
201410192315594,CIT,11,19,50,3075,153750
201410192315574,CIT,22,50,37,3090,114330
201410192315555,CIT,1,50,100,3080,308000
201410192315836,CNDBL,50,50,20,174,3480
201410192315835,CNDBL,50,50,20,174,3480
201410192315834,CNDBL,50,50,20,174,3480
201410192315833,CNDBL,50,50,20,174,3480
201410192315832,CNDBL,50,50,20,174,3480
201410192315831,CNDBL,50,50,20,174,3480
201410192315637,CNDBL,41,50,20,169,3380
201410192315648,CNDBL,41,50,20,169,3380
201410192315646,CNDBL,41,50,20,169,3380
201410192315645,CNDBL,41,50,20,169,3380
201410192315642,CNDBL,41,50,20,169,3380
201410192315640,CNDBL,41,50,20,169,3380
201410192315639,CNDBL,41,50,20,169,3380
201410192315663,CNDBL,41,50,20,169,3380
201410192315660,CNDBL,41,50,20,169,3380
201410192315657,CNDBL,41,50,20,169,3380
201410192315655,CNDBL,41,50,20,169,3380
201410192315654,CNDBL,41,50,20,169,3380
201410192315652,CNDBL,41,50,20,169,3380
201410192315677,CNDBL,41,50,20,169,3380
201410192315673,CNDBL,41,50,20,169,3380
201410192315670,CNDBL,41,50,20,169,3380
201410192315669,CNDBL,41,50,20,169,3380
201410192315667,CNDBL,41,50,20,169,3380
201410192315665,CNDBL,41,50,20,169,3380
201410192315697,CNDBL,41,50,20,169,3380
201410192315695,CNDBL,41,50,20,169,3380
201410192315689,CNDBL,41,50,20,169,3380
201410192315687,CNDBL,41,50,20,169,3380
201410192315686,CNDBL,41,50,20,169,3380
201410192315681,CNDBL,41,50,20,169,3380
201410192315712,CNDBL,50,50,30,170,5100
201410192315711,CNDBL,50,50,30,170,5100
201410192315710,CNDBL,50,50,30,170,5100
201410192315709,CNDBL,50,50,30,170,5100
201410192315708,CNDBL,50,50,30,170,5100
201410192315707,CNDBL,50,50,20,170,3400
201410192315718,CNDBL,50,50,30,170,5100
201410192315717,CNDBL,50,50,30,170,5100
201410192315716,CNDBL,50,50,30,170,5100
201410192315715,CNDBL,50,50,30,170,5100
201410192315714,CNDBL,50,50,30,170,5100
201410192315713,CNDBL,50,50,30,170,5100
201410192315731,CNDBL,50,50,20,170,3400
201410192315723,CNDBL,50,50,20,170,3400
201410192315722,CNDBL,50,50,20,170,3400
201410192315721,CNDBL,50,50,20,170,3400
201410192315720,CNDBL,50,50,20,170,3400
201410192315719,CNDBL,50,50,20,170,3400
201410192315751,CNDBL,50,50,20,170,3400
201410192315750,CNDBL,50,50,20,170,3400
201410192315749,CNDBL,50,50,20,170,3400
201410192315748,CNDBL,50,50,20,170,3400
201410192315747,CNDBL,50,50,20,170,3400
201410192315735,CNDBL,50,50,20,170,3400
201410192315762,CNDBL,50,50,20,174,3480
201410192315761,CNDBL,50,50,20,174,3480
201410192315760,CNDBL,50,50,20,174,3480
201410192315756,CNDBL,50,50,20,172,3440
201410192315753,CNDBL,50,50,20,170,3400
201410192315752,CNDBL,50,50,20,170,3400
201410192315768,CNDBL,50,50,20,174,3480
201410192315767,CNDBL,50,50,20,174,3480
201410192315766,CNDBL,50,50,20,174,3480
201410192315765,CNDBL,50,50,20,174,3480
201410192315764,CNDBL,50,50,20,174,3480
201410192315763,CNDBL,50,50,20,174,3480
201410192315774,CNDBL,50,50,20,174,3480
201410192315773,CNDBL,50,50,20,174,3480
201410192315772,CNDBL,50,50,20,174,3480
201410192315771,CNDBL,50,50,20,174,3480
201410192315770,CNDBL,50,50,20,174,3480
201410192315769,CNDBL,50,50,20,174,3480
201410192315786,CNDBL,50,50,20,174,3480
201410192315779,CNDBL,50,50,20,174,3480
201410192315778,CNDBL,50,50,20,174,3480
201410192315777,CNDBL,50,50,20,174,3480
201410192315776,CNDBL,50,50,20,174,3480
201410192315775,CNDBL,50,50,20,174,3480
201410192315792,CNDBL,50,50,20,174,3480
201410192315791,CNDBL,50,50,20,174,3480
201410192315790,CNDBL,50,50,20,174,3480
201410192315789,CNDBL,50,50,20,174,3480
201410192315788,CNDBL,50,50,20,174,3480
201410192315787,CNDBL,50,50,20,174,3480
201410192315798,CNDBL,50,50,20,174,3480
201410192315797,CNDBL,50,50,20,174,3480
201410192315796,CNDBL,50,50,20,174,3480
201410192315795,CNDBL,50,50,20,174,3480
201410192315794,CNDBL,50,50,20,174,3480
201410192315793,CNDBL,50,50,20,174,3480
201410192315804,CNDBL,50,50,20,174,3480
201410192315803,CNDBL,50,50,20,174,3480
201410192315802,CNDBL,50,50,20,174,3480
201410192315801,CNDBL,50,50,20,174,3480
201410192315800,CNDBL,50,50,20,174,3480
201410192315799,CNDBL,50,50,20,174,3480
201410192315814,CNDBL,50,50,20,174,3480
201410192315813,CNDBL,50,50,20,174,3480
201410192315812,CNDBL,50,50,20,174,3480
201410192315811,CNDBL,50,50,20,174,3480
201410192315810,CNDBL,50,50,20,174,3480
201410192315805,CNDBL,50,50,20,174,3480
201410192315820,CNDBL,50,50,20,174,3480
201410192315819,CNDBL,50,50,20,174,3480
201410192315818,CNDBL,50,50,20,174,3480
201410192315817,CNDBL,50,50,20,174,3480
201410192315816,CNDBL,50,50,20,174,3480
201410192315815,CNDBL,50,50,20,174,3480
201410192315826,CNDBL,50,50,50,174,8700
201410192315825,CNDBL,50,50,40,174,6960
201410192315824,CNDBL,50,50,30,174,5220
201410192315823,CNDBL,50,50,20,174,3480
201410192315822,CNDBL,50,50,20,174,3480
201410192315821,CNDBL,50,50,20,174,3480
201410192315925,EBL,44,57,108,1910,206280
201410192315858,EBL,40,21,200,1909,381800
201410192315859,EBLCP,52,17,18,973,17514
201410192315685,EIC,49,8,20,1005,20100
201410192315455,EIC,17,8,20,995,19900
201410192315462,FMDBL,38,53,150,897,134550
201410192315920,GBBL,49,55,15,370,5550
201410192315918,GBBL,49,25,1000,370,370000
201410192315743,GBBL,35,25,1000,370,370000
201410192315693,GBBL,49,25,1000,370,370000
201410192315692,GBBL,49,43,117,370,43290
201410192315623,GBBL,49,25,1000,370,370000
201410192315563,GBBL,35,25,1000,370,370000
201410192315541,GBBL,35,29,1000,370,370000
201410192315539,GBBL,49,25,1000,365,365000
201410192315513,GBBL,35,25,1000,370,370000
201410192315505,GBBL,35,55,52,370,19240
201410192315862,GBIME,14,38,25,528,13200
201410192315682,GBIME,29,14,48,529,25392
201410192315589,GBIME,33,6,73,530,38690
201410192315491,GBIME,8,52,297,531,157707
201410192315450,GBIME,33,19,95,533,50635
201410192315865,GLICL,11,22,95,575,54625
201410192315847,GLICL,26,6,60,573,34380
201410192315757,GLICL,11,34,125,571,71375
201410192315725,GLICL,8,25,77,571,43967
201410192315544,GLICL,36,22,111,575,63825
201410192315526,GLICL,36,43,142,573,81366
201410192315525,GLICL,36,56,500,572,286000
201410192315524,GLICL,36,37,123,572,70356
201410192315548,GMFIL,28,14,147,281,41307
201410192315679,HAMA,52,21,100,137,13700
201410192315678,HAMA,52,16,40,137,5480
201410192315830,HBL,40,17,557,875,487375
201410192315913,HGI,1,52,18,536,9648
201410192315559,HGI,42,5,148,542,80216
201410192315827,IDBL,13,14,22,172,3784
201410192315532,IDBL,13,57,10,172,1720
201410192315528,IDBL,13,57,10,172,1720
201410192315519,IDBL,13,57,20,172,3440
201410192315495,IDBL,13,57,20,172,3440
201410192315489,IDBL,13,57,20,172,3440
201410192315483,IDBL,13,57,10,172,1720
201410192315475,IDBL,13,57,20,172,3440
201410192315463,IDBL,13,57,20,172,3440
201410192315456,IDBL,13,57,10,172,1720
201410192315438,IDBL,13,57,10,172,1720
201410192315851,JBBL,4,4,20,169,3380
201410192315850,JBBL,4,4,20,169,3380
201410192315829,JBBL,4,4,20,169,3380
201410192315807,JBBL,4,4,20,169,3380
201410192315784,JBBL,4,4,20,169,3380
201410192315895,JBNL,50,6,500,271,135500
201410192315746,JBNL,6,38,103,273,28119
201410192315728,JBNL,6,39,72,272,19584
201410192315550,JBNL,41,39,72,272,19584
201410192315460,JBNL,50,20,142,270,38340
201410192315457,JBNL,50,20,142,270,38340
201410192315453,JBNL,50,20,142,270,38340
201410192315444,JBNL,48,39,254,268,68072
201410192315443,JBNL,50,20,142,270,38340
201410192315471,JFL,52,43,100,625,62500
201410192315595,KBBL,51,25,275,406,111650
201410192315922,KBL,10,32,500,580,290000
201410192315909,KBL,6,32,1000,580,580000
201410192315891,KBL,39,32,70,585,40950
201410192315890,KBL,29,32,100,585,58500
201410192315889,KBL,32,32,40,585,23400
201410192315888,KBL,52,32,110,585,64350
201410192315516,KBL,32,21,160,585,93600
201410192315503,KBL,29,21,200,585,117000
201410192315502,KBL,48,34,780,583,454740
201410192315488,KBL,50,13,174,588,102312
201410192315487,KBL,29,32,1000,580,580000
201410192315479,KBL,7,21,28,591,16548
201410192315691,KBL,7,29,300,580,174000
201410192315587,KBL,32,53,70,587,41090
201410192315566,KBL,29,38,33,593,19569
201410192315537,KBL,29,55,219,585,128115
201410192315522,KBL,45,21,58,588,34104
201410192315520,KBL,14,21,70,587,41090
201410192315860,KBL,48,25,100,586,58600
201410192315852,KBL,29,25,100,587,58700
201410192315742,KBL,22,32,406,581,235886
201410192315741,KBL,29,45,58,590,34220
201410192315724,KBL,38,6,1696,580,983680
201410192315702,KBL,59,29,500,580,290000
201410192315881,KBL,32,32,30,587,17610
201410192315880,KBL,14,32,30,587,17610
201410192315879,KBL,58,32,40,589,23560
201410192315878,KBL,42,32,50,591,29550
201410192315872,KBL,36,32,288,581,167328
201410192315869,KBL,39,25,92,586,53912
201410192315887,KBL,45,32,100,585,58500
201410192315886,KBL,45,32,60,585,35100
201410192315885,KBL,16,32,200,586,117200
201410192315884,KBL,48,32,100,586,58600
201410192315883,KBL,16,32,10,586,5860
201410192315882,KBL,39,32,50,587,29350
201410192315846,LBL,57,49,400,625,250000
201410192315845,LBL,39,49,200,625,125000
201410192315844,LBL,6,49,100,625,62500
201410192315843,LBL,14,49,150,625,93750
201410192315842,LBL,47,49,100,625,62500
201410192315841,LBL,45,49,150,625,93750
201410192315582,LBL,25,17,500,629,314500
201410192315514,LBL,29,49,100,629,62900
201410192315739,LBL,16,29,50,630,31500
201410192315738,LBL,48,29,70,630,44100
201410192315737,LBL,17,29,200,631,126200
201410192315736,LBL,26,29,40,631,25240
201410192315698,LBL,47,57,500,625,312500
201410192315598,LBL,14,38,350,625,218750
201410192315840,LBL,7,49,300,626,187800
201410192315839,LBL,45,49,60,626,37560
201410192315838,LBL,16,49,200,628,125600
201410192315837,LBL,29,49,100,629,62900
201410192315780,LBL,41,49,500,625,312500
201410192315740,LBL,50,29,100,630,63000
201410192315906,LGIL,53,11,170,433,73610
201410192315905,LGIL,53,21,500,433,216500
201410192315448,LUBL,52,40,87,331,28797
201410192315445,LUBL,52,40,100,331,33100
201410192315781,MBL,50,58,982,490,481180
201410192315727,MBL,36,32,35,491,17185
201410192315562,MBL,36,26,500,489,244500
201410192315553,MBL,49,26,400,490,196000
201410192315549,MBL,55,26,500,488,244000
201410192315497,MBL,49,45,100,490,49000
201410192315441,MBL,49,29,500,490,245000
201410192315534,MDBL,52,26,115,174,20010
201410192315656,MEGA,59,35,19,395,7505
201410192315592,MEGA,22,17,30,390,11700
201410192315580,MEGA,51,11,275,390,107250
201410192315554,MEGA,22,41,33,389,12837
201410192315492,MEGA,22,17,19,391,7429
201410192315484,MEGA,22,17,19,391,7429
201410192315473,MEGA,22,17,19,391,7429
201410192315469,MEGA,22,21,37,390,14430
201410192315466,MEGA,22,17,19,391,7429
201410192315440,MEGA,13,32,30,390,11700
201410192315854,METRO,1,58,102,342,34884
201410192315849,METRO,1,50,25,342,8550
201410192315783,METRO,1,39,26,341,8866
201410192315602,METRO,1,58,500,340,170000
201410192315490,METRO,25,21,323,334,107882
201410192315898,MLBBL,52,53,63,850,53550
201410192315627,MNBBL,1,26,80,795,63600
201410192315620,MNBBL,57,26,160,795,127200
201410192315616,MNBBL,32,26,240,796,191040
201410192315591,MNBBL,1,48,18,805,14490
201410192315523,MNBBL,19,47,88,804,70752
201410192315875,NABIL,51,17,100,2315,231500
201410192315581,NABIL,29,8,56,2310,129360
201410192315575,NABIL,49,8,100,2312,231200
201410192315868,NABILP,4,28,200,1595,319000
201410192315734,NABILP,38,28,200,1586,317200
201410192315733,NABILP,6,28,200,1587,317400
201410192315897,NBB,49,53,290,577,167330
201410192315635,NBB,29,44,300,580,174000
201410192315540,NBB,49,44,1000,580,580000
201410192315465,NBB,48,45,75,581,43575
201410192315461,NBB,1,45,155,582,90210
201410192315758,NBL,8,8,10,390,3900
201410192315703,NBL,33,54,1094,385,421190
201410192315638,NBL,29,54,1000,383,383000
201410192315636,NBL,29,54,1000,383,383000
201410192315631,NBL,29,54,1000,383,383000
201410192315621,NBL,29,54,1000,383,383000
201410192315590,NBL,41,43,100,390,39000
201410192315557,NBL,41,43,100,388,38800
201410192315442,NBL,33,54,1427,381,543687
201410192315662,NCCB,32,55,609,615,374535
201410192315622,NCCB,58,6,22,615,13530
201410192315618,NCCB,22,36,500,608,304000
201410192315501,NCCB,58,48,70,615,43050
201410192315472,NCCB,57,48,100,616,61600
201410192315464,NCCB,43,48,200,615,123000
201410192315449,NCCB,34,48,300,616,184800
201410192315900,NGBL,39,21,34,291,9894
201410192315894,NGBL,39,21,34,291,9894
201410192315482,NIB,40,29,165,770,127050
201410192315480,NIB,40,22,200,768,153600
201410192315474,NIB,40,29,49,767,37583
201410192315931,NICA,37,48,51,789,40239
201410192315808,NICA,37,51,22,781,17182
201410192315927,NIL,17,5,142,780,110760
201410192315874,NIL,55,47,27,773,20871
201410192315459,NIL,11,13,21,781,16401
201410192315929,NLIC,54,42,70,4260,298200
201410192315759,NLIC,48,45,50,4205,210250
201410192315569,NLIC,48,45,50,4210,210500
201410192315568,NLIC,54,45,200,4200,840000
201410192315899,NLICL,54,21,82,2310,189420
201410192315866,NLICL,36,49,100,2300,230000
201410192315586,NLICL,28,49,50,2315,115750
201410192315578,NLICL,28,49,100,2315,231500
201410192315467,NLICL,19,49,70,2300,161000
201410192315567,NNFC,37,1,100,265,26500
201410192315546,NNFC,1,1,300,265,79500
201410192315545,NNFC,41,1,100,265,26500
201410192315671,NTC,35,55,100,616,61600
201410192315530,NTC,19,20,100,618,61800
201410192315916,NUBL,45,6,100,1499,149900
201410192315873,NUBL,44,28,56,1499,83944
201410192315696,NUBL,38,28,104,1499,155896
201410192315680,NUBL,38,21,243,1499,364257
201410192315588,NUBL,11,35,52,1499,77948
201410192315493,NUBL,6,47,40,1500,60000
201410192315486,NUBL,19,36,146,1495,218270
201410192315437,NUBL,39,36,288,1482,426816
201410192315683,PCBL,41,39,70,515,36050
201410192315579,PCBL,40,56,535,514,274990
201410192315452,PCBL,45,45,80,516,41280
201410192315447,PCBL,4,48,161,515,82915
201410192315446,PCBL,45,45,80,516,41280
201410192315435,PCBL,4,56,478,515,246170
201410192315434,PCBL,45,45,80,516,41280
201410192315565,PIC,52,3,115,878,100970
201410192315561,PIC,52,55,24,878,21072
201410192315558,PIC,52,13,22,875,19250
201410192315551,PIC,52,55,21,874,18354
201410192315538,PIC,13,35,200,864,172800
201410192315896,PLIC,28,6,500,1025,512500
201410192315458,PLIC,25,25,13,1025,13325
201410192315641,PRDBL,26,53,30,148,4440
201410192315926,RBS,48,11,19,4750,90250
201410192315923,REDBL,21,21,35,210,7350
201410192315903,REDBL,21,21,35,210,7350
201410192315871,REDBL,51,21,35,209,7315
201410192315584,REDBL,51,44,89,210,18690
201410192315552,REDBL,51,17,10,210,2100
201410192315634,SADBL,28,56,43,322,13846
201410192315626,SADBL,28,56,170,322,54740
201410192315625,SADBL,6,56,110,322,35420
201410192315576,SANIMA,54,51,514,485,249290
201410192315933,SBL,3,50,740,700,518000
201410192315932,SBL,3,50,500,700,350000
201410192315902,SBL,14,48,61,711,43371
201410192315892,SBL,45,14,196,700,137200
201410192315876,SBL,14,47,28,706,19768
201410192315857,SBL,39,14,200,700,140000
201410192315476,SBL,14,56,200,700,140000
201410192315439,SBL,14,39,413,700,289100
201410192315599,SBL,14,38,12,702,8424
201410192315560,SBL,45,13,62,700,43400
201410192315508,SBL,45,45,226,700,158200
201410192315504,SBL,3,56,118,700,82600
201410192315478,SBL,14,14,1000,700,700000
201410192315477,SBL,14,5,80,700,56000
201410192315690,SBL,28,11,126,700,88200
201410192315688,SBL,5,40,87,700,60900
201410192315684,SBL,28,56,398,699,278202
201410192315672,SBL,28,56,252,700,176400
201410192315666,SBL,28,7,205,699,143295
201410192315609,SBL,11,43,97,699,67803
201410192315848,SBL,45,52,750,699,524250
201410192315744,SBL,3,17,447,698,312006
201410192315729,SBL,28,17,17,700,11900
201410192315705,SBL,53,17,217,697,151249
201410192315704,SBL,28,14,100,700,70000
201410192315701,SBL,3,17,448,695,311360
201410192315809,SCB,3,14,139,2104,292456
201410192315633,SCB,40,6,51,2110,107610
201410192315630,SCB,40,21,94,2108,198152
201410192315601,SCB,49,6,60,2106,126360
201410192315577,SCB,3,6,164,2100,344400
201410192315629,SDBL,26,47,390,164,63960
201410192315624,SDBL,47,47,20,166,3320
201410192315930,SHINE,14,25,578,365,210970
201410192315921,SHINE,14,49,36,360,12960
201410192315914,SHINE,14,41,18,358,6444
201410192315632,SHINE,45,11,232,359,83288
201410192315726,SHL,37,1,100,600,60000
201410192315912,SHPC,36,7,297,670,198990
201410192315911,SHPC,51,6,18,670,12060
201410192315908,SHPC,51,6,18,670,12060
201410192315907,SHPC,19,7,297,670,198990
201410192315853,SHPC,36,49,500,669,334500
201410192315785,SHPC,51,6,18,670,12060
201410192315531,SHPC,41,6,18,671,12078
201410192315507,SHPC,41,6,84,669,56196
201410192315454,SHPC,41,39,178,669,119082
201410192315694,SHPC,28,36,18,668,12024
201410192315650,SHPC,35,6,18,670,12060
201410192315612,SHPC,35,49,500,669,334500
201410192315611,SHPC,35,49,500,669,334500
201410192315535,SHPC,41,6,18,671,12078
201410192315533,SHPC,41,6,18,671,12078
201410192315893,SIL,56,1,300,815,244500
201410192315745,SIL,17,47,48,825,39600
201410192315730,SIL,21,56,200,814,162800
201410192315700,SIL,45,16,26,820,21320
201410192315676,SIL,28,26,75,814,61050
201410192315668,SIL,45,55,20,818,16360
201410192315617,SIL,26,26,75,815,61125
201410192315615,SIL,51,17,532,810,430920
201410192315614,SIL,26,32,64,815,52160
201410192315917,SLICL,53,11,16,686,10976
201410192315910,SLICL,37,33,180,673,121140
201410192315855,SLICL,13,8,500,675,337500
201410192315828,SLICL,37,8,500,675,337500
201410192315806,SLICL,37,8,500,675,337500
201410192315536,SLICL,36,8,500,675,337500
201410192315527,SLICL,10,8,500,675,337500
201410192315512,SLICL,36,8,500,675,337500
201410192315511,SLICL,36,29,70,675,47250
201410192315510,SLICL,36,59,200,674,134800
201410192315901,SUPRME,57,47,50,164,8200
201410192315658,SUPRME,57,32,10,164,1640
201410192315436,SWBBL,13,21,88,1810,159280
201410192315863,TRH,42,13,40,280,11200
201410192315593,UFL,4,11,500,260,130000
201410192315755,VBBL,39,39,90,123,11070
201410192315675,VBBL,25,45,1000,121,121000
201410192315674,VBBL,25,45,500,121,60500
201410192315297,ADBL,22,14,20,524,10480
201410192315292,ADBL,14,59,30,515,15450
201410192315276,ADBL,16,16,145,512,74240
201410192314936,ADBL,14,3,100,522,52200
201410192314935,ADBL,14,39,30,520,15600
201410192315289,AHPC,54,50,170,380,64600
201410192315058,AHPC,49,35,300,381,114300
201410192315363,AIC,36,39,100,494,49400
201410192315361,AIC,36,52,36,486,17496
201410192315158,AIC,26,5,400,484,193600
201410192315370,ALICL,5,5,80,1166,93280
201410192315344,ALICL,28,25,15,1170,17550
201410192315294,ALICL,36,48,31,1180,36580
201410192315277,ALICL,28,38,500,1180,590000
201410192315274,ALICL,28,38,44,1180,51920
201410192315270,ALICL,28,14,96,1180,113280
201410192315265,ALICL,36,20,105,1179,123795
201410192315250,ALICL,28,29,142,1179,167418
201410192315234,ALICL,28,26,18,1175,21150
201410192315228,ALICL,28,20,111,1175,130425
201410192315040,ALICL,43,25,16,1180,18880
201410192315426,APEX,22,17,20,123,2460
201410192315165,APEX,22,16,30,123,3690
201410192315155,APEX,25,48,147,124,18228
201410192315078,APEX,57,16,30,122,3660
201410192315378,ARDBL,11,21,31,148,4588
201410192315160,ARDBL,47,16,31,146,4526
201410192315088,ARDBL,5,16,42,148,6216
201410192315077,ARDBL,5,16,42,147,6174
201410192315070,ARDBL,5,16,31,146,4526
201410192315067,ARDBL,5,16,42,148,6216
201410192315033,ARDBL,17,55,21,148,3108
201410192315374,BUDBL,21,25,660,200,132000
201410192315304,BUDBL,28,25,300,200,60000
201410192315260,BUDBL,28,17,367,200,73400
201410192315019,CBBL,29,44,152,1500,228000
201410192315004,CBBL,29,53,189,1490,281610
201410192315296,CBL,25,53,54,285,15390
201410192315257,CBL,50,6,82,288,23616
201410192315220,CBL,50,39,119,289,34391
201410192315167,CBL,50,42,122,285,34770
201410192314970,CBL,43,43,27,289,7803
201410192314956,CBL,43,43,27,289,7803
201410192315163,CBL,29,42,1000,286,286000
201410192315151,CBL,25,7,72,287,20664
201410192315146,CBL,25,7,72,287,20664
201410192315137,CBL,25,16,14,286,4004
201410192314982,CBL,57,55,27,287,7749
201410192315360,CCBL,22,41,32,278,8896
201410192315354,CCBL,22,51,106,280,29680
201410192315348,CCBL,22,1,17,280,4760
201410192315346,CCBL,26,41,32,278,8896
201410192315255,CCBL,14,14,655,280,183400
201410192315225,CCBL,26,22,35,280,9800
201410192314987,CCBL,1,26,40,280,11200
201410192314950,CCBL,49,35,40,280,11200
201410192314947,CCBL,49,11,153,280,42840
201410192314997,CCBL,26,26,40,279,11160
201410192314996,CCBL,26,26,40,279,11160
201410192314994,CCBL,26,26,40,279,11160
201410192314993,CCBL,26,26,40,279,11160
201410192314991,CCBL,26,26,40,279,11160
201410192314990,CCBL,1,26,40,280,11200
201410192315224,CCBL,26,22,40,280,11200
201410192315118,CCBL,56,16,32,278,8896
201410192315041,CCBL,5,51,135,281,37935
201410192315214,CEDBL,13,21,24,251,6024
201410192315209,CEDBL,16,21,24,252,6048
201410192315018,CEDBL,16,8,36,252,9072
201410192315411,CHCL,29,4,11,1815,19965
201410192315409,CHCL,43,19,76,1813,137788
201410192315231,CHCL,8,41,68,1812,123216
201410192315222,CHCL,43,59,23,1811,41653
201410192315212,CHCL,8,59,23,1812,41676
201410192315154,CHCL,51,19,114,1813,206682
201410192315141,CHCL,14,14,261,1811,472671
201410192315104,CHCL,54,54,248,1811,449128
201410192315063,CHCL,20,28,400,1812,724800
201410192315031,CHCL,26,58,100,1819,181900
201410192315024,CHCL,26,33,38,1815,68970
201410192314933,CHCL,13,58,500,1811,905500
201410192315345,CIT,45,50,110,3085,339350
201410192315404,CNDBL,50,50,20,172,3440
201410192315403,CNDBL,50,50,20,172,3440
201410192315402,CNDBL,50,50,20,172,3440
201410192315401,CNDBL,50,50,20,172,3440
201410192315400,CNDBL,50,50,20,172,3440
201410192315399,CNDBL,50,50,20,172,3440
201410192314953,CNDBL,14,50,20,172,3440
201410192314949,CNDBL,14,50,30,172,5160
201410192314984,CNDBL,14,50,20,172,3440
201410192314977,CNDBL,14,50,20,172,3440
201410192314972,CNDBL,14,50,20,172,3440
201410192314966,CNDBL,14,50,20,172,3440
201410192314963,CNDBL,14,50,20,172,3440
201410192314955,CNDBL,14,50,20,172,3440
201410192315095,CNDBL,32,50,30,169,5070
201410192315092,CNDBL,32,50,30,169,5070
201410192315086,CNDBL,32,50,30,169,5070
201410192315074,CNDBL,32,50,30,169,5070
201410192315069,CNDBL,32,50,30,169,5070
201410192315066,CNDBL,32,50,30,169,5070
201410192315129,CNDBL,50,50,20,170,3400
201410192315128,CNDBL,50,50,20,170,3400
201410192315127,CNDBL,50,50,30,170,5100
201410192315121,CNDBL,50,50,20,169,3380
201410192315116,CNDBL,47,16,20,166,3320
201410192315102,CNDBL,32,50,20,169,3380
201410192315307,CNDBL,50,21,200,171,34200
201410192315136,CNDBL,50,50,20,172,3440
201410192315135,CNDBL,50,50,20,172,3440
201410192315134,CNDBL,50,50,20,172,3440
201410192315133,CNDBL,50,50,20,172,3440
201410192315132,CNDBL,50,50,20,172,3440
201410192315313,CNDBL,50,50,20,172,3440
201410192315312,CNDBL,50,50,20,172,3440
201410192315311,CNDBL,50,50,30,172,5160
201410192315310,CNDBL,50,50,20,172,3440
201410192315309,CNDBL,50,50,20,172,3440
201410192315308,CNDBL,50,50,20,172,3440
201410192315319,CNDBL,50,50,20,172,3440
201410192315318,CNDBL,50,50,20,172,3440
201410192315317,CNDBL,50,50,20,172,3440
201410192315316,CNDBL,50,50,20,172,3440
201410192315315,CNDBL,50,50,20,172,3440
201410192315314,CNDBL,50,50,20,172,3440
201410192315386,CNDBL,50,50,20,172,3440
201410192315385,CNDBL,50,50,20,172,3440
201410192315323,CNDBL,50,50,20,172,3440
201410192315322,CNDBL,50,50,50,172,8600
201410192315321,CNDBL,50,50,40,172,6880
201410192315320,CNDBL,50,50,20,172,3440
201410192315392,CNDBL,50,50,20,172,3440
201410192315391,CNDBL,50,50,20,172,3440
201410192315390,CNDBL,50,50,20,172,3440
201410192315389,CNDBL,50,50,20,172,3440
201410192315388,CNDBL,50,50,20,172,3440
201410192315387,CNDBL,50,50,20,172,3440
201410192315398,CNDBL,50,50,20,172,3440
201410192315397,CNDBL,50,50,20,172,3440
201410192315396,CNDBL,50,50,20,172,3440
201410192315395,CNDBL,50,50,20,172,3440
201410192315394,CNDBL,50,50,20,172,3440
201410192315393,CNDBL,50,50,20,172,3440
201410192315336,CZBIL,40,45,500,455,227500
201410192315335,CZBIL,45,25,11,452,4972
201410192315333,CZBIL,40,25,126,455,57330
201410192315303,CZBIL,40,25,84,454,38136
201410192315015,CZBIL,55,19,200,457,91400
201410192315210,EDBL,58,20,50,710,35500
201410192315182,FMDBL,32,53,60,915,54900
201410192315273,GBBL,49,29,168,369,61992
201410192314976,GBBL,49,25,1000,370,370000
201410192314975,GBBL,49,39,79,370,29230
201410192314974,GBBL,49,35,684,369,252396
201410192315425,GBIME,52,42,97,532,51604
201410192315380,GBIME,8,42,327,530,173310
201410192315375,GBIME,29,21,1080,529,571320
201410192315291,GBIME,33,29,65,531,34515
201410192315252,GBIME,37,35,21,530,11130
201410192315249,GBIME,58,42,259,528,136752
201410192315331,GLICL,13,51,111,568,63048
201410192315264,GLICL,26,8,555,566,314130
201410192315244,GLICL,13,29,41,570,23370
201410192315187,GLICL,26,37,160,571,91360
201410192315184,GLICL,26,22,100,570,57000
201410192315009,GLICL,28,57,319,565,180235
201410192315005,GLICL,28,52,90,564,50760
201410192315039,HAMA,52,51,40,139,5560
201410192315216,HAMRO,36,19,107,320,34240
201410192315131,HBDL,1,26,500,96,48000
201410192314952,HBDL,58,33,1000,96,96000
201410192314944,HBDL,58,33,1000,96,96000
201410192314939,HBDL,37,33,1000,96,96000
201410192315149,HBL,40,1,44,880,38720
201410192315143,HBL,40,44,654,880,575520
201410192315093,HBL,22,1,97,870,84390
201410192315431,IDBL,13,57,10,172,1720
201410192315427,IDBL,13,57,10,172,1720
201410192315283,IDBL,48,4,570,173,98610
201410192315172,IDBL,41,16,22,171,3762
201410192315076,IDBL,21,5,22,173,3806
201410192314967,IDBL,50,55,22,173,3806
201410192315120,JBBL,49,55,30,168,5040
201410192315089,JBBL,49,55,30,168,5040
201410192315325,JBNL,50,41,192,267,51264
201410192314945,JBNL,34,55,296,270,79920
201410192315339,JFL,20,33,500,625,312500
201410192315338,JFL,20,32,300,623,186900
201410192315006,JFL,52,32,300,620,186000
201410192315001,JFL,52,36,27,619,16713
201410192314995,JFL,52,33,500,618,309000
201410192315418,KBL,21,21,500,583,291500
201410192315329,KBL,22,56,596,580,345680
201410192315324,KBL,1,56,500,580,290000
201410192315301,KBL,7,32,423,585,247455
201410192315300,KBL,36,5,176,588,103488
201410192315288,KBL,42,32,139,590,82010
201410192314943,KBL,57,56,1000,583,583000
201410192314941,KBL,29,32,390,587,228930
201410192314940,KBL,16,56,1000,584,584000
201410192315060,KBL,45,22,72,589,42408
201410192315044,KBL,14,25,232,587,136184
201410192315027,KBL,14,7,500,586,293000
201410192315023,KBL,11,32,30,590,17700
201410192314979,KBL,48,32,100,589,58900
201410192314978,KBL,48,52,100,589,58900
201410192315157,KBL,22,45,319,585,186615
201410192315115,KBL,32,25,200,587,117400
201410192315090,KBL,22,25,211,585,123435
201410192315075,KBL,55,32,195,588,114660
201410192315065,KBL,58,22,72,589,42408
201410192315062,KBL,29,22,72,589,42408
201410192315248,KBL,16,50,200,586,117200
201410192315211,KBL,10,56,696,580,403680
201410192315204,KBL,51,56,1000,580,580000
201410192315202,KBL,59,32,72,590,42480
201410192315185,KBL,49,25,148,588,87024
201410192315171,KBL,59,48,100,590,59000
201410192315007,KBLPO,45,42,34634,100,3463400
201410192315000,KBLPO,45,42,39963,100,3996300
201410192315079,KMCDB,22,41,10,667,6670
201410192315085,KMCDB,22,25,10,672,6720
201410192315084,KMCDB,22,25,10,672,6720
201410192315083,KMCDB,22,25,10,672,6720
201410192315082,KMCDB,22,25,10,672,6720
201410192315081,KMCDB,22,25,10,672,6720
201410192315080,KMCDB,22,25,10,672,6720
201410192315377,KNBL,6,21,43,186,7998
201410192315424,LBL,41,49,100,629,62900
201410192315416,LBL,51,49,200,628,125600
201410192315412,LBL,26,49,100,632,63200
201410192315358,LBL,45,13,100,629,62900
201410192315347,LBL,47,49,3000,625,1875000
201410192315341,LBL,41,5,120,629,75480
201410192315010,LBL,26,14,500,622,311000
201410192314961,LBL,13,14,130,625,81250
201410192314960,LBL,50,14,100,625,62500
201410192314959,LBL,5,5,200,630,126000
201410192315119,LBL,40,49,300,625,187500
201410192315111,LBL,40,14,500,625,312500
201410192315097,LBL,43,14,500,625,312500
201410192315094,LBL,14,49,500,621,310500
201410192315064,LBL,19,49,1000,620,620000
201410192315038,LBL,22,38,115,622,71530
201410192315198,LBL,47,49,100,629,62900
201410192315197,LBL,38,49,130,630,81900
201410192315179,LBL,49,48,210,627,131670
201410192315161,LBL,26,48,31,627,19437
201410192315156,LBL,47,49,1200,625,750000
201410192315332,LBL,57,17,600,626,375600
201410192315286,LBL,48,5,30,630,18900
201410192315271,LBL,41,57,389,629,244681
201410192315207,LBL,14,14,309,628,194052
201410192315206,LBL,14,21,500,628,314000
201410192315199,LBL,28,49,100,628,62800
201410192315142,LGIL,55,21,120,425,51000
201410192315139,LGIL,41,41,22,417,9174
201410192315122,LGIL,41,41,22,417,9174
201410192314951,LGIL,41,41,22,416,9152
201410192314946,LGIL,17,41,22,417,9174
201410192314938,LGIL,41,41,22,416,9152
201410192314934,LGIL,17,41,22,417,9174
201410192315011,LGIL,26,41,22,418,9196
201410192315008,LGIL,41,41,22,417,9174
201410192315002,LGIL,41,41,22,417,9174
201410192314989,LGIL,41,41,22,417,9174
201410192314985,LGIL,41,41,22,417,9174
201410192314969,LGIL,41,41,22,417,9174
201410192315113,LGIL,41,41,22,417,9174
201410192315110,LGIL,41,41,22,417,9174
201410192315108,LGIL,41,41,22,417,9174
201410192315099,LGIL,41,41,22,417,9174
201410192315052,LGIL,16,41,22,418,9196
201410192315017,LGIL,41,41,22,417,9174
201410192315432,LUBL,32,40,500,332,166000
201410192315287,LUBL,32,50,100,332,33200
201410192315138,LUBL,32,16,344,332,114208
201410192314957,LUBL,5,40,300,334,100200
201410192315281,MBL,36,32,76,489,37164
201410192315217,MBL,8,6,50,491,24550
201410192315057,MBL,55,41,500,488,244000
201410192315032,MBL,5,34,180,493,88740
201410192315013,MBL,55,22,110,488,53680
201410192315349,MDB,14,26,57,461,26277
201410192315334,MEGA,13,41,32,390,12480
201410192315293,MEGA,1,41,32,390,12480
201410192315278,MEGA,41,41,32,391,12512
201410192315272,MEGA,41,17,19,391,7429
201410192315266,MEGA,41,17,19,391,7429
201410192315237,MEGA,22,17,19,391,7429
201410192315126,MEGA,13,16,10,393,3930
201410192315037,MEGA,13,32,32,394,12608
201410192315034,MEGA,42,11,32,395,12640
201410192314973,MEGA,22,25,361,394,142234
201410192315233,MEGA,52,17,19,391,7429
201410192315226,MEGA,22,17,19,392,7448
201410192315221,MEGA,41,17,19,392,7448
201410192315215,MEGA,22,17,19,393,7467
201410192315200,MEGA,13,17,19,393,7467
201410192315183,MEGA,59,36,32,396,12672
201410192315302,METRO,1,16,153,339,51867
201410192315035,MIDBL,48,22,826,214,176764
201410192315305,MLBBL,6,48,10,850,8500
201410192315071,MLBBL,6,41,10,850,8500
201410192315014,MLBBL,6,51,10,850,8500
201410192314999,MMDBL,5,6,10,347,3470
201410192314998,MMDBL,5,6,10,347,3470
201410192315428,MNBBL,33,20,500,800,400000
201410192315379,MNBBL,19,47,88,801,70488
201410192315047,MNBBL,1,1,14,795,11130
201410192315042,MNBBL,14,14,250,795,198750
201410192315003,MNBBL,32,16,13,800,10400
201410192315306,NABIL,37,28,500,2295,1147500
201410192315056,NABIL,41,17,50,2312,115600
201410192315430,NABILP,44,28,200,1595,319000
201410192315371,NBB,49,22,318,582,185076
201410192315280,NBB,40,44,500,583,291500
201410192315170,NBB,50,22,500,580,290000
201410192315105,NBB,49,44,298,585,174330
201410192314983,NBB,40,44,585,584,341640
201410192315238,NBBL,33,6,33,1612,53196
201410192315236,NBBL,33,25,11,1610,17710
201410192315164,NBF1,13,41,2287,14,31972
201410192315369,NBL,13,45,1000,384,384000
201410192315269,NBL,29,45,1000,383,383000
201410192315227,NBL,29,45,1000,383,383000
201410192315145,NBL,29,6,2000,383,766000
201410192315130,NBL,33,6,2000,381,762000
201410192315117,NBL,8,16,1000,384,384000
201410192315109,NBL,56,56,5000,380,1900000
201410192315100,NBL,3,38,2854,381,1087374
201410192314992,NBL,41,38,200,388,77600
201410192314988,NBL,6,38,100,389,38900
201410192315413,NCCB,25,48,100,617,61700
201410192315384,NCCB,26,48,80,618,49440
201410192315373,NCCB,5,48,50,620,31000
201410192315295,NCCB,42,48,100,625,62500
201410192315285,NCCB,45,14,55,619,34045
201410192315259,NCCB,36,59,200,616,123200
201410192315213,NCCB,59,48,100,620,62000
201410192315114,NCCB,43,48,100,619,61900
201410192315053,NGBL,49,45,23,290,6670
201410192315049,NGBL,49,45,23,290,6670
201410192315043,NGBL,49,45,23,290,6670
201410192315029,NGBL,39,45,23,289,6647
201410192315026,NGBL,39,45,23,290,6670
201410192315299,NIB,21,22,250,765,191250
201410192315298,NIB,16,22,100,765,76500
201410192315262,NIB,39,41,23,767,17641
201410192315258,NICA,5,39,1000,785,785000
201410192315230,NICA,17,17,91,781,71071
201410192315107,NICA,45,38,100,780,78000
201410192315101,NIL,43,40,30,771,23130
201410192315048,NIL,28,38,120,778,93360
201410192314968,NIL,28,58,1000,780,780000
201410192314964,NIL,28,58,403,778,313534
201410192315372,NLIC,32,45,100,4200,420000
201410192315353,NLIC,45,7,100,4200,420000
201410192315328,NLIC,32,45,100,4200,420000
201410192315268,NLIC,11,45,18,4200,75600
201410192315191,NLIC,21,34,40,4184,167360
201410192315337,NLICL,53,49,200,2300,460000
201410192315232,NLICL,19,55,24,2300,55200
201410192315208,NLICL,41,8,51,2314,118014
201410192315176,NLICL,26,49,200,2306,461200
201410192315175,NLICL,19,49,100,2307,230700
201410192315153,NLICL,41,8,18,2310,41580
201410192315106,NLICL,25,21,211,2310,487410
201410192315103,NLICL,41,8,200,2309,461800
201410192315050,NLICL,26,41,200,2310,462000
201410192315046,NLICL,54,54,100,2320,232000
201410192315148,NNLB,22,16,10,740,7400
201410192315422,NTC,19,20,100,618,61800
201410192315421,NTC,19,20,100,618,61800
201410192315420,NTC,19,20,100,618,61800
201410192315419,NTC,19,20,100,618,61800
201410192315415,NUBL,44,11,52,1500,78000
201410192315410,NUBL,6,47,100,1500,150000
201410192315405,NUBL,44,35,238,1495,355810
201410192315382,NUBL,44,21,323,1494,482562
201410192315366,NUBL,16,28,133,1499,199367
201410192315201,NUBL,44,36,46,1491,68586
201410192315192,NUBL,44,36,66,1490,98340
201410192315173,NUBL,4,36,100,1480,148000
201410192315166,NUBL,39,57,132,1480,195360
201410192315061,NUBL,44,35,300,1495,448500
201410192315423,PCBL,40,56,550,514,282700
201410192315368,PCBL,40,7,500,514,257000
201410192315365,PCBL,40,11,30,513,15390
201410192315364,PCBL,40,36,500,513,256500
201410192315362,PCBL,40,1,11,513,5643
201410192315195,PCBL,41,1,11,513,5643
201410192315189,PCBL,59,1,11,513,5643
201410192315051,PCBL,44,56,2000,510,1020000
201410192314965,PCBL,35,56,396,515,203940
201410192315279,PFIL,17,39,200,156,31200
201410192315275,PFIL,17,39,520,155,80600
201410192315254,PFIL,45,55,71,158,11218
201410192315263,PIC,11,35,200,861,172200
201410192315417,PICL,39,43,100,445,44500
201410192315330,PLIC,43,43,13,1016,13208
201410192315284,PLIC,45,41,23,1015,23345
201410192315261,PLIC,28,11,188,1011,190068
201410192315159,PLIC,28,26,215,1020,219300
201410192315098,PRDBL,11,16,10,150,1500
201410192315025,PRDBL,11,21,40,150,6000
201410192315022,PRDBL,11,21,40,150,6000
201410192315021,PRDBL,11,21,30,150,4500
201410192315016,PRDBL,11,11,10,149,1490
201410192315091,PURBL,45,16,11,358,3938
201410192315030,PURBL,1,41,33,360,11880
201410192315020,PURBL,1,41,10,360,3600
201410192315326,REDBL,50,5,17,206,3502
201410192315251,REDBL,49,5,17,207,3519
201410192315240,REDBL,29,56,207,210,43470
201410192315178,REDBL,29,16,17,208,3536
201410192315055,REDBL,4,16,17,210,3570
201410192314948,SADBL,26,43,10,327,3270
201410192315087,SANIMA,38,38,1244,481,598364
201410192315028,SANIMA,55,38,200,490,98000
201410192315376,SBBLJ,6,26,100,562,56200
201410192315408,SBL,14,40,100,700,70000
201410192315407,SBL,14,50,690,700,483000
201410192315406,SBL,14,40,100,699,69900
201410192315359,SBL,14,28,298,700,208600
201410192315357,SBL,14,13,204,700,142800
201410192315356,SBL,14,11,71,700,49700
201410192315147,SBL,50,58,100,694,69400
201410192315112,SBL,11,42,34,693,23562
201410192314981,SBL,11,25,38,693,26334
201410192314937,SBL,50,59,175,696,121800
201410192315229,SBL,45,21,500,695,347500
201410192315196,SBL,40,47,34,698,23732
201410192315190,SBL,4,58,98,697,68306
201410192315186,SBL,4,32,54,696,37584
201410192315177,SBL,19,57,99,695,68805
201410192315152,SBL,50,57,155,695,107725
201410192315290,SBL,19,41,16,695,11120
201410192315282,SBL,11,25,38,695,26410
201410192315256,SBL,19,50,440,695,305800
201410192315245,SBL,41,40,80,700,56000
201410192315242,SBL,41,38,45,699,31455
201410192315239,SBL,45,50,435,695,302325
201410192315355,SBL,14,11,200,700,140000
201410192315352,SBL,14,44,147,700,102900
201410192315351,SBL,14,29,480,699,335520
201410192315350,SBL,14,42,500,697,348500
201410192315342,SBL,14,50,631,696,439176
201410192315340,SBL,11,7,97,695,67415
201410192315168,SCB,48,54,200,2105,421000
201410192315162,SCB,3,54,105,2106,221130
201410192314962,SCB,13,45,100,2115,211500
201410192315235,SEWA,25,21,73,392,28616
201410192315180,SEWA,26,35,46,392,18032
201410192314954,SEWA,25,21,77,398,30646
201410192315150,SHPC,28,51,18,668,12024
201410192315144,SHPC,17,51,18,670,12060
201410192315343,SICL,59,14,200,810,162000
201410192314971,SICPO,45,42,500,636,318000
201410192315383,SIL,17,8,100,809,80900
201410192315181,SIL,17,39,30,816,24480
201410192315327,SLICL,26,45,279,666,185814
201410192315194,SLICL,36,8,597,675,402975
201410192315193,SLICL,36,43,174,674,117276
201410192315140,SLICL,32,7,45,672,30240
201410192315125,SLICL,32,5,42,670,28140
201410192315124,SLICL,32,22,100,670,67000
201410192315123,SLICL,32,52,180,669,120420
201410192315096,SLICL,37,33,150,669,100350
201410192315414,SRBL,45,45,27,387,10449
201410192315381,SRBL,45,1,125,388,48500
201410192315267,SRBL,59,42,14,383,5362
201410192315218,SRBL,45,1,39,387,15093
201410192315203,SRBL,45,41,30,387,11610
201410192315059,SRBL,13,45,39,384,14976
201410192315169,SUBBL,29,13,29,287,8323
201410192315045,SUPRME,11,47,77,164,12628
201410192314986,SUPRME,48,47,175,161,28175
201410192315429,SWBBL,13,14,100,1809,180900
201410192315174,SWBBL,45,21,126,1809,227934
201410192314980,SWBBL,53,19,168,1810,304080
201410192315247,UFL,4,20,294,260,76440
201410192315072,UFL,22,14,225,265,59625
201410192315253,VBBL,32,6,40,123,4920
201410192315246,VBBL,33,45,1000,122,122000
201410192315036,VBBL,14,14,191,122,23302
201410192315012,VBBL,11,14,191,122,23302
201410192314958,VBBL,6,6,30,123,3690
201410192314942,VBBL,6,6,30,123,3690
201410192315367,YETI,52,41,13,124,1612
201410192315241,YETI,5,6,60,125,7500
201410192315223,YETI,5,6,95,124,11780
201410192315219,YETI,5,6,60,124,7440
201410192315054,YETI,5,6,30,125,3750
201410192315068,YETIPO,48,40,23200,100,2320000
201410192314930,ADBL,14,1,32,519,16608
201410192314923,ADBL,14,58,145,515,74675
201410192314922,ADBL,14,6,40,515,20600
201410192314921,ADBL,14,6,30,514,15420
201410192314810,ADBL,54,21,317,514,162938
201410192314809,ADBL,54,37,30,513,15390
201410192314534,ADBL,14,41,30,507,15210
201410192314533,ADBL,14,10,30,506,15180
201410192314527,ADBL,14,10,31,505,15655
201410192314526,ADBL,14,26,30,503,15090
201410192314758,ADBL,29,29,50,511,25550
201410192314712,ADBL,29,29,40,510,20400
201410192314536,ADBL,14,36,30,510,15300
201410192314535,ADBL,14,43,70,510,35700
201410192314837,AHPC,54,52,346,379,131134
201410192314557,AHPC,26,32,100,377,37700
201410192314511,AHPC,50,32,500,370,185000
201410192314510,AHPC,14,32,200,371,74200
201410192314509,AHPC,5,32,200,372,74400
201410192314491,AHPC,58,32,91,371,33761
201410192314802,ALICL,43,17,24,1180,28320
201410192314671,ARDBL,16,16,42,150,6300
201410192314664,ARDBL,16,16,42,150,6300
201410192314657,ARDBL,17,16,42,150,6300
201410192314646,ARDBL,50,16,42,150,6300
201410192314584,ARDBL,17,16,42,150,6300
201410192314578,ARDBL,50,16,42,149,6258
201410192314490,ARDBL,50,34,21,150,3150
201410192314482,ARDBL,6,34,21,150,3150
201410192314571,ARDBL,5,16,42,150,6300
201410192314565,ARDBL,17,16,42,150,6300
201410192314564,ARDBL,17,16,42,150,6300
201410192314562,ARDBL,17,16,42,148,6216
201410192314553,ARDBL,5,16,42,148,6216
201410192314523,ARDBL,4,34,21,149,3129
201410192314780,BPCL,41,1,100,681,68100
201410192314928,CBL,43,43,27,288,7776
201410192314715,CBL,40,45,54,288,15552
201410192314693,CBL,29,29,27,289,7803
201410192314910,CCBL,26,41,16,279,4464
201410192314850,CCBL,26,26,40,279,11160
201410192314848,CCBL,26,26,40,279,11160
201410192314846,CCBL,26,26,40,279,11160
201410192314844,CCBL,26,26,40,279,11160
201410192314843,CCBL,26,26,40,279,11160
201410192314559,CCBL,13,26,40,276,11040
201410192314554,CCBL,13,26,40,276,11040
201410192314546,CCBL,13,26,40,276,11040
201410192314504,CCBL,13,26,40,276,11040
201410192314500,CCBL,13,26,40,276,11040
201410192314496,CCBL,25,26,40,277,11080
201410192314583,CCBL,8,26,40,276,11040
201410192314581,CCBL,8,26,40,276,11040
201410192314579,CCBL,8,26,40,276,11040
201410192314567,CCBL,8,26,40,276,11040
201410192314566,CCBL,13,26,40,276,11040
201410192314563,CCBL,13,26,40,276,11040
201410192314628,CCBL,49,21,10,279,2790
201410192314627,CCBL,49,21,10,279,2790
201410192314622,CCBL,49,8,17,278,4726
201410192314621,CCBL,49,8,17,278,4726
201410192314620,CCBL,49,8,17,278,4726
201410192314590,CCBL,8,26,40,276,11040
201410192314841,CCBL,26,26,40,279,11160
201410192314839,CCBL,26,26,40,279,11160
201410192314825,CCBL,7,35,40,280,11200
201410192314778,CCBL,49,1,40,277,11080
201410192314696,CCBL,29,29,40,279,11160
201410192314632,CCBL,49,16,358,279,99882
201410192314912,CEDBL,16,35,500,252,126000
201410192314543,CEDBL,13,43,79,250,19750
201410192314842,CHCL,20,28,220,1815,399300
201410192314834,CHCL,37,33,107,1815,194205
201410192314805,CHCL,17,55,23,1815,41745
201410192314787,CHCL,20,28,200,1815,363000
201410192314733,CHCL,20,11,204,1822,371688
201410192314727,CHCL,20,58,47,1820,85540
201410192314486,CHCL,14,41,24,1812,43488
201410192314483,CHCL,20,13,90,1810,162900
201410192314478,CHCL,34,28,88,1810,159280
201410192314473,CHCL,51,28,98,1810,177380
201410192314439,CHCL,51,28,100,1810,181000
201410192314541,CHCL,54,28,100,1818,181800
201410192314532,CHCL,49,47,90,1812,163080
201410192314505,CHCL,53,41,56,1819,101864
201410192314494,CHCL,14,17,50,1815,90750
201410192314493,CHCL,14,41,50,1814,90700
201410192314492,CHCL,14,41,40,1813,72520
201410192314726,CHCL,20,47,20,1819,36380
201410192314713,CHCL,54,33,129,1815,234135
201410192314674,CHCL,20,33,136,1815,246840
201410192314617,CHCL,54,43,44,1818,79992
201410192314575,CHCL,17,17,70,1815,127050
201410192314551,CHCL,37,47,80,1815,145200
201410192314760,CIT,22,29,55,3090,169950
201410192314472,CIT,5,19,75,3100,232500
201410192314906,CNDBL,14,50,20,172,3440
201410192314896,CNDBL,14,50,20,172,3440
201410192314894,CNDBL,14,50,20,172,3440
201410192314890,CNDBL,14,50,20,172,3440
201410192314887,CNDBL,14,50,30,172,5160
201410192314882,CNDBL,14,50,20,172,3440
201410192314453,CNDBL,50,50,20,172,3440
201410192314452,CNDBL,50,50,20,172,3440
201410192314451,CNDBL,50,50,20,172,3440
201410192314450,CNDBL,50,50,20,172,3440
201410192314449,CNDBL,50,50,20,172,3440
201410192314448,CNDBL,50,50,20,172,3440
201410192314459,CNDBL,50,50,30,172,5160
201410192314458,CNDBL,50,50,20,172,3440
201410192314457,CNDBL,50,50,20,172,3440
201410192314456,CNDBL,50,50,20,172,3440
201410192314455,CNDBL,50,50,20,172,3440
201410192314454,CNDBL,50,50,20,172,3440
201410192314465,CNDBL,50,50,20,172,3440
201410192314464,CNDBL,50,50,30,172,5160
201410192314463,CNDBL,50,50,20,172,3440
201410192314462,CNDBL,50,50,30,172,5160
201410192314461,CNDBL,50,50,20,172,3440
201410192314460,CNDBL,50,50,20,172,3440
201410192314597,CNDBL,50,50,20,172,3440
201410192314596,CNDBL,50,50,20,172,3440
201410192314595,CNDBL,50,50,20,172,3440
201410192314594,CNDBL,50,50,20,172,3440
201410192314467,CNDBL,50,50,20,172,3440
201410192314466,CNDBL,50,50,30,172,5160
201410192314603,CNDBL,50,50,20,172,3440
201410192314602,CNDBL,50,50,20,172,3440
201410192314601,CNDBL,50,50,20,172,3440
201410192314600,CNDBL,50,50,20,172,3440
201410192314599,CNDBL,50,50,20,172,3440
201410192314598,CNDBL,50,50,20,172,3440
201410192314609,CNDBL,50,50,20,172,3440
201410192314608,CNDBL,50,50,20,172,3440
201410192314607,CNDBL,50,50,20,172,3440
201410192314606,CNDBL,50,50,20,172,3440
201410192314605,CNDBL,50,50,20,172,3440
201410192314604,CNDBL,50,50,20,172,3440
201410192314762,CNDBL,14,50,20,172,3440
201410192314761,CNDBL,14,50,20,172,3440
201410192314613,CNDBL,50,50,20,172,3440
201410192314612,CNDBL,50,50,20,172,3440
201410192314611,CNDBL,50,50,20,172,3440
201410192314610,CNDBL,50,50,20,172,3440
201410192314847,CNDBL,14,50,20,172,3440
201410192314838,CNDBL,14,50,20,172,3440
201410192314812,CNDBL,14,50,20,172,3440
201410192314790,CNDBL,14,50,20,172,3440
201410192314764,CNDBL,14,50,20,172,3440
201410192314763,CNDBL,14,50,20,172,3440
201410192314871,CNDBL,14,50,20,172,3440
201410192314866,CNDBL,14,50,20,172,3440
201410192314864,CNDBL,14,50,20,172,3440
201410192314863,CNDBL,14,50,20,172,3440
201410192314860,CNDBL,14,50,20,172,3440
201410192314853,CNDBL,14,50,20,172,3440
201410192314660,CZBIL,49,38,40,456,18240
201410192314833,DDBL,45,59,100,1300,130000
201410192314800,DDBL,45,58,340,1300,442000
201410192314799,DDBL,45,28,100,1300,130000
201410192314795,DDBL,45,26,53,1300,68900
201410192314794,DDBL,45,59,100,1290,129000
201410192314730,DDBL,45,55,326,1290,420540
201410192314528,DDBL,17,44,10,1282,12820
201410192314503,EDBL,39,59,200,701,140200
201410192314631,EIC,17,13,66,995,65670
201410192314615,FFCL,32,32,100,343,34300
201410192314555,FFCL,1,32,200,343,68600
201410192314681,FMDBL,32,53,600,900,540000
201410192314568,GBBL,25,39,30,363,10890
201410192314924,GBIME,49,40,200,529,105800
201410192314889,GBIME,16,40,125,529,66125
201410192314531,GBIME,16,37,128,530,67840
201410192314484,GBIME,11,53,36,530,19080
201410192314481,GBIME,22,6,57,528,30096
201410192314750,HBDL,1,43,161,97,15617
201410192314724,HBDL,10,10,2500,98,245000
201410192314548,HBDL,10,10,3876,98,379848
201410192314525,HBDL,10,10,1000,98,98000
201410192314524,HBDL,10,26,1000,98,98000
201410192314521,HBDL,10,7,1803,97,174891
201410192314641,HBL,39,35,50,880,44000
201410192314719,HGI,41,32,240,542,130080
201410192314908,IDBL,44,5,11,173,1903
201410192314873,JBBL,17,8,90,168,15120
201410192314857,JFL,39,32,200,615,123000
201410192314856,JFL,48,32,300,616,184800
201410192314855,JFL,21,32,50,616,30800
201410192314576,JFL,20,36,28,619,17332
201410192314442,JFL,20,36,28,619,17332
201410192314508,KBBL,33,57,200,402,80400
201410192314925,KBL,47,36,75,590,44250
201410192314909,KBL,29,45,500,588,294000
201410192314854,KBL,41,5,111,590,65490
201410192314852,KBL,51,52,100,590,59000
201410192314823,KBL,44,38,33,590,19470
201410192314817,KBL,6,38,19,591,11229
201410192314514,KBL,29,16,28,593,16604
201410192314474,KBL,41,45,40,591,23640
201410192314437,KBL,22,22,72,588,42336
201410192314737,KBL,32,6,500,587,293500
201410192314705,KBL,57,16,1305,585,763425
201410192314665,KBL,16,28,341,585,199485
201410192314639,KBL,13,45,94,588,55272
201410192314572,KBL,45,39,1000,585,585000
201410192314570,KBL,55,34,200,588,117600
201410192314786,KBL,29,38,19,593,11267
201410192314781,KBL,29,38,107,588,62916
201410192314772,KBL,52,38,107,589,63023
201410192314753,KBL,52,48,122,589,71858
201410192314743,KBL,14,19,250,587,146750
201410192314738,KBL,39,19,250,587,146750
201410192314635,KMCDB,34,21,340,665,226100
201410192314634,KMCDB,34,19,10,660,6600
201410192314886,LBL,58,49,230,621,142830
201410192314881,LBL,32,14,200,622,124400
201410192314880,LBL,57,14,100,622,62200
201410192314879,LBL,36,14,200,623,124600
201410192314815,LBL,17,14,100,625,62500
201410192314814,LBL,53,14,50,625,31250
201410192314497,LBL,6,14,100,620,62000
201410192314471,LBL,41,26,300,625,187500
201410192314470,LBL,17,47,50,622,31100
201410192314587,LBL,45,14,200,620,124000
201410192314586,LBL,34,14,200,621,124200
201410192314585,LBL,45,14,50,625,31250
201410192314547,LBL,42,47,116,625,72500
201410192314499,LBL,42,14,150,620,93000
201410192314498,LBL,39,14,100,620,62000
201410192314636,LBL,14,14,500,620,310000
201410192314618,LBL,19,38,1005,617,620085
201410192314616,LBL,36,14,150,622,93300
201410192314593,LBL,40,14,150,620,93000
201410192314589,LBL,45,14,50,620,31000
201410192314588,LBL,48,14,200,620,124000
201410192314791,LBL,5,49,230,626,143980
201410192314706,LBL,41,55,485,627,304095
201410192314685,LBL,40,49,212,625,132500
201410192314667,LBL,21,51,1050,621,652050
201410192314652,LBL,32,54,600,618,370800
201410192314647,LBL,6,14,140,620,86800
201410192314926,LGIL,41,41,22,416,9152
201410192314916,LGIL,41,41,22,416,9152
201410192314913,LGIL,25,41,22,417,9174
201410192314907,LGIL,16,41,22,418,9196
201410192314904,LGIL,41,41,22,416,9152
201410192314895,LGIL,41,41,22,416,9152
201410192314469,LGIL,59,39,44,411,18084
201410192314435,LGIL,59,41,22,411,9042
201410192314642,LGIL,16,41,22,418,9196
201410192314623,LGIL,16,41,22,416,9152
201410192314517,LGIL,1,17,100,413,41300
201410192314495,LGIL,59,41,22,413,9086
201410192314476,LGIL,17,39,22,412,9064
201410192314666,LGIL,1,41,22,413,9086
201410192314663,LGIL,13,41,22,414,9108
201410192314656,LGIL,59,41,22,413,9086
201410192314651,LGIL,14,41,22,415,9130
201410192314648,LGIL,36,41,22,416,9152
201410192314645,LGIL,16,41,22,417,9174
201410192314690,LGIL,59,41,22,411,9042
201410192314686,LGIL,1,41,22,412,9064
201410192314684,LGIL,59,41,22,411,9042
201410192314679,LGIL,22,41,22,412,9064
201410192314678,LGIL,17,41,22,413,9086
201410192314676,LGIL,17,41,22,413,9086
201410192314709,LGIL,13,41,22,413,9086
201410192314703,LGIL,14,10,44,413,18172
201410192314702,LGIL,17,10,44,412,18128
201410192314701,LGIL,1,41,22,412,9064
201410192314699,LGIL,5,41,22,413,9086
201410192314698,LGIL,14,41,22,414,9108
201410192314801,LGIL,26,41,22,422,9284
201410192314793,LGIL,26,41,22,415,9130
201410192314784,LGIL,41,41,22,415,9130
201410192314774,LGIL,41,41,22,415,9130
201410192314756,LGIL,41,41,22,415,9130
201410192314732,LGIL,26,41,22,414,9108
201410192314891,LGIL,41,41,22,416,9152
201410192314840,LGIL,41,41,22,415,9130
201410192314819,LGIL,41,41,22,415,9130
201410192314811,LGIL,26,41,22,423,9306
201410192314806,LGIL,26,41,22,422,9284
201410192314803,LGIL,26,41,22,422,9284
201410192314625,LUBL,5,8,123,340,41820
201410192314902,MBL,55,40,430,488,209840
201410192314643,MDB,1,22,57,470,26790
201410192314582,MEGA,22,41,19,394,7486
201410192314550,MEGA,52,11,190,393,74670
201410192314545,MEGA,47,11,81,393,31833
201410192314519,MEGA,28,41,22,393,8646
201410192314487,METRO,32,25,105,336,35280
201410192314432,METRO,1,25,759,340,258060
201410192314614,MIDBL,14,13,10,214,2140
201410192314813,MLBBL,6,11,31,860,26660
201410192314728,MMDBL,5,6,10,346,3460
201410192314720,MMDBL,5,39,23,345,7935
201410192314751,NABIL,7,17,500,2296,1148000
201410192314740,NABIL,11,17,40,2320,92800
201410192314739,NABIL,38,17,450,2300,1035000
201410192314736,NABIL,37,17,160,2301,368160
201410192314714,NABIL,47,49,100,2320,232000
201410192314538,NABIL,17,17,30,2324,69720
201410192314669,NABILP,38,28,200,1595,319000
201410192314668,NABILP,38,33,200,1585,317000
201410192314649,NABILP,49,49,100,1590,159000
201410192314626,NABILP,49,49,300,1590,477000
201410192314580,NABILP,17,28,400,1585,634000
201410192314722,NBB,40,34,1500,585,877500
201410192314717,NBB,40,16,600,585,351000
201410192314716,NBB,40,56,250,584,146000
201410192314592,NBB,49,49,500,583,291500
201410192314859,NBF1,25,43,180,14,2506
201410192314851,NBF1,13,43,450,14,6278
201410192314506,NBL,25,26,100,388,38800
201410192314900,NCCB,48,29,100,620,62000
201410192314808,NCCB,5,6,100,620,62000
201410192314783,NCCB,40,26,238,615,146370
201410192314769,NCCB,34,51,500,609,304500
201410192314747,NGBL,39,21,34,294,9996
201410192314744,NGBL,1,21,34,294,9996
201410192314558,NGBL,59,26,1500,299,448500
201410192314542,NGBL,39,26,103,294,30282
201410192314920,NICA,56,53,30,780,23400
201410192314915,NICA,56,6,455,779,354445
201410192314832,NICA,56,5,30,770,23100
201410192314828,NICA,56,5,30,770,23100
201410192314821,NICA,56,7,105,775,81375
201410192314835,NIL,26,35,28,775,21700
201410192314831,NIL,26,35,350,775,271250
201410192314830,NIL,19,35,200,776,155200
201410192314829,NIL,21,35,150,777,116550
201410192314475,NIL,19,36,298,776,231248
201410192314658,NLBBL,53,47,65,1152,74880
201410192314779,NLG,26,14,51,818,41718
201410192314522,NLG,26,39,13,806,10478
201410192314520,NLG,26,39,13,806,10478
201410192314518,NLG,26,39,13,806,10478
201410192314515,NLG,26,39,13,806,10478
201410192314501,NLG,26,39,13,806,10478
201410192314480,NLG,32,32,24,807,19368
201410192314849,NLIC,57,34,25,4201,105025
201410192314775,NLIC,57,48,35,4200,147000
201410192314757,NLIC,57,22,43,4200,180600
201410192314752,NLIC,57,22,43,4200,180600
201410192314682,NLIC,26,6,10,4260,42600
201410192314917,NLICL,44,49,200,2312,462400
201410192314818,NLICL,44,44,207,2301,476307
201410192314804,NLICL,57,33,786,2310,1815660
201410192314785,NLICL,57,28,203,2309,468727
201410192314773,NLICL,38,49,200,2305,461000
201410192314704,NLICL,38,49,200,2300,460000
201410192314591,NLICL,43,8,30,2337,70110
201410192314516,NNFC,5,56,460,260,119600
201410192314513,NNFC,22,56,500,261,130500
201410192314488,NNFC,45,29,1324,260,344240
201410192314824,NTC,40,51,1000,619,619000
201410192314640,NTC,35,35,930,618,574740
201410192314574,NTC,16,44,100,620,62000
201410192314489,NTC,40,5,100,615,61500
201410192314931,NUBL,35,35,100,1500,150000
201410192314865,NUBL,36,36,100,1502,150200
201410192314861,NUBL,19,47,50,1500,75000
201410192314789,NUBL,36,17,26,1490,38740
201410192314776,NUBL,38,17,443,1469,650767
201410192314755,NUBL,36,28,64,1490,95360
201410192314687,NUBL,44,21,417,1495,623415
201410192314672,NUBL,38,38,159,1496,237864
201410192314892,PCBL,40,17,212,512,108544
201410192314836,PCBL,40,36,634,510,323340
201410192314746,PCBL,50,17,212,512,108544
201410192314694,PCBL,40,17,212,512,108544
201410192314677,PCBL,44,56,2000,511,1022000
201410192314876,PFIL,17,5,240,155,37200
201410192314867,PFIL,17,5,240,155,37200
201410192314858,PFIL,17,5,440,157,69080
201410192314729,PFIL,44,44,71,159,11289
201410192314721,PFIL,44,44,71,159,11289
201410192314708,PFIL,17,42,137,161,22057
201410192314573,PFIL,45,42,10,158,1580
201410192314766,PFIL,44,44,71,159,11289
201410192314754,PFIL,44,44,71,159,11289
201410192314749,PFIL,17,7,480,157,75360
201410192314734,PFIL,44,44,71,159,11289
201410192314561,PIC,11,49,39,858,33462
201410192314807,PLIC,45,17,13,1021,13273
201410192314798,PLIC,45,17,13,1021,13273
201410192314797,PLIC,45,17,13,1021,13273
201410192314796,PLIC,45,17,13,1021,13273
201410192314792,PLIC,45,17,11,1021,11231
201410192314759,PLIC,5,38,81,1020,82620
201410192314569,PLIC,26,17,94,1015,95410
201410192314477,PLIC,45,45,27,1016,27432
201410192314443,PLIC,45,45,27,1016,27432
201410192314438,PLIC,45,45,27,1016,27432
201410192314905,PRDBL,26,45,20,148,2960
201410192314901,PRDBL,26,45,20,148,2960
201410192314899,PRDBL,26,45,20,148,2960
201410192314898,PRDBL,26,45,20,148,2960
201410192314897,PRDBL,26,45,20,148,2960
201410192314885,PRDBL,26,45,20,148,2960
201410192314662,PRDBL,5,10,10,147,1470
201410192314884,PRDBL,26,45,20,148,2960
201410192314883,PRDBL,26,45,20,148,2960
201410192314878,PRDBL,26,45,20,148,2960
201410192314877,PRDBL,26,45,20,148,2960
201410192314875,PRDBL,26,45,20,148,2960
201410192314670,PRDBL,5,10,10,147,1470
201410192314441,PURBL,21,21,22,361,7942
201410192314440,PURBL,21,21,11,361,3971
201410192314436,PURBL,21,21,11,361,3971
201410192314433,PURBL,21,21,11,361,3971
201410192314723,REDBL,4,25,591,214,126474
201410192314710,REDBL,4,17,17,214,3638
201410192314707,REDBL,4,5,17,210,3570
201410192314683,REDBL,4,5,17,209,3553
201410192314624,REDBL,42,5,17,210,3570
201410192314619,REDBL,42,5,44,210,9240
201410192314507,RMDC,38,52,33,814,26862
201410192314661,SADBL,28,56,323,321,103683
201410192314725,SBI,25,43,10,1035,10350
201410192314697,SBI,25,43,20,1015,20300
201410192314695,SBI,25,34,76,1005,76380
201410192314689,SBI,25,41,221,1001,221221
201410192314653,SBI,20,52,217,1000,217000
201410192314512,SBI,40,6,2637,990,2610630
201410192314914,SBL,50,14,275,694,190850
201410192314911,SBL,3,39,673,691,465043
201410192314903,SBL,19,40,38,694,26372
201410192314874,SBL,41,45,25,696,17400
201410192314827,SBL,45,38,22,698,15356
201410192314822,SBL,45,38,45,697,31365
201410192314537,SBL,4,7,35,696,24360
201410192314530,SBL,4,38,25,697,17425
201410192314468,SBL,52,38,23,697,16031
201410192314633,SBL,11,38,49,693,33957
201410192314630,SBL,3,58,255,692,176460
201410192314560,SBL,28,28,108,694,74952
201410192314549,SBL,4,29,59,697,41123
201410192314544,SBL,4,38,55,697,38335
201410192314540,SBL,4,38,133,696,92568
201410192314675,SBL,50,19,439,696,305544
201410192314673,SBL,37,17,11,696,7656
201410192314655,SBL,50,38,84,696,58464
201410192314650,SBL,19,38,29,694,20126
201410192314638,SBL,3,58,147,691,101577
201410192314637,SBL,6,58,47,691,32477
201410192314748,SBL,19,38,23,696,16008
201410192314742,SBL,22,45,40,695,27800
201410192314718,SBL,6,45,200,694,138800
201410192314692,SBL,22,38,25,697,17425
201410192314691,SBL,6,58,100,694,69400
201410192314688,SBL,22,29,59,697,41123
201410192314820,SBL,45,38,47,697,32759
201410192314782,SBL,45,45,196,694,136024
201410192314777,SBL,50,47,262,695,182090
201410192314771,SBL,50,38,124,697,86428
201410192314767,SBL,50,38,23,697,16031
201410192314765,SBL,22,45,48,695,33360
201410192314816,SCB,55,14,14,2155,30170
201410192314745,SCB,48,41,100,2130,213000
201410192314539,SCB,13,22,100,2130,213000
201410192314872,SDBL,33,14,400,169,67600
201410192314869,SDBL,33,20,468,168,78624
201410192314770,SHINE,43,47,85,359,30515
201410192314768,SHINE,43,19,33,357,11781
201410192314556,SHL,35,35,10000,595,5950000
201410192314927,SHPC,19,49,500,670,335000
201410192314893,SHPC,37,49,500,670,335000
201410192314888,SHPC,37,49,500,670,335000
201410192314862,SHPC,37,49,500,670,335000
201410192314845,SHPC,37,49,500,670,335000
201410192314659,SHPC,28,7,297,670,198990
201410192314577,SHPC,41,16,18,672,12096
201410192314529,SHPC,17,41,18,665,11970
201410192314434,SICL,21,16,170,800,136000
201410192314731,SLICL,32,16,34,665,22610
201410192314680,SLICL,29,29,55,665,36575
201410192314644,SLICL,13,33,180,665,119700
201410192314552,SLICL,26,33,480,662,317760
201410192314502,SMFDB,26,26,33,1010,33330
201410192314918,SRBL,59,33,35,382,13370
201410192314735,SRBL,59,25,41,381,15621
201410192314629,SUBBL,17,1,33,282,9306
201410192314485,SUPRME,17,7,648,158,102384
201410192314479,SUPRME,17,55,1000,155,155000
201410192314654,SYFL,44,10,60,93,5580
201410192314919,TRH,7,39,10,276,2760
201410192314870,TRH,5,16,20,271,5420
201410192314868,TRH,5,16,10,271,2710
201410192314932,YETI,43,35,11,123,1353
201410192314929,YETI,25,35,11,124,1364
201410192314741,YETI,43,35,11,123,1353
201410192314711,YETI,5,1,11,123,1353
201410192314700,YETI,5,1,11,124,1364
201410192314447,YETI,38,54,40,125,5000
201410192314446,YETI,38,54,40,125,5000
201410192314445,YETI,38,54,40,125,5000
201410192314444,YETI,38,54,40,125,5000
201410192314419,ADBL,26,53,50,500,25000
201410192314418,ADBL,26,53,50,500,25000
201410192314417,ADBL,26,7,50,500,25000
201410192314404,ADBL,11,49,40,495,19800
201410192314330,ADBL,11,16,150,497,74550
201410192314329,ADBL,11,16,150,497,74550
201410192314055,ADBL,14,25,150,507,76050
201410192314326,ADBL,11,16,150,497,74550
201410192314163,ADBL,25,25,150,500,75000
201410192314067,ADBL,52,52,31,501,15531
201410192314066,ADBL,52,52,30,501,15030
201410192314062,ADBL,14,25,150,507,76050
201410192314061,ADBL,14,25,150,507,76050
201410192314377,AHPC,21,32,100,377,37700
201410192314376,AHPC,5,32,100,380,38000
201410192314220,AHPC,5,52,18,380,6840
201410192314171,AHPC,10,10,1500,386,579000
201410192314386,AIC,26,5,200,484,96800
201410192314153,AIC,26,52,179,480,85920
201410192314051,AIC,19,52,19,484,9196
201410192314035,AIC,19,52,19,485,9215
201410192314094,ALDBL,22,26,300,234,70200
201410192313978,ALDBL,22,41,20,234,4680
201410192314214,ALICL,59,53,243,1170,284310
201410192314135,ALICL,20,20,500,1170,585000
201410192314037,ALICL,45,43,32,1175,37600
201410192314029,ALICL,45,33,74,1180,87320
201410192313996,ALICL,45,1,10,1180,11800
201410192314052,APEX,22,3,20,123,2460
201410192314049,APEX,22,26,115,122,14030
201410192314046,APEX,4,26,50,120,6000
201410192314397,ARDBL,5,16,42,150,6300
201410192314218,ARDBL,17,34,21,151,3171
201410192314198,ARDBL,16,34,21,150,3150
201410192314154,ARDBL,17,34,21,151,3171
201410192314134,ARDBL,17,34,21,151,3171
201410192314129,ARDBL,17,38,31,153,4743
201410192314079,ARDBL,16,34,21,150,3150
201410192314076,ARDBL,16,34,21,150,3150
201410192314071,ARDBL,16,34,21,150,3150
201410192313983,ARDBL,16,48,20,150,3000
201410192314119,ARDBL,17,38,31,153,4743
201410192314107,ARDBL,16,34,21,150,3150
201410192314098,ARDBL,16,34,21,150,3150
201410192314084,ARDBL,16,34,21,150,3150
201410192314081,ARDBL,16,34,21,150,3150
201410192314080,ARDBL,16,34,21,150,3150
201410192313998,BLDBL,44,10,121,460,55660
201410192314355,BPCL,36,10,500,677,338500
201410192314136,CBL,50,25,510,289,147390
201410192314088,CBL,35,47,52,290,15080
201410192314078,CBL,35,39,135,290,39150
201410192313982,CBL,11,39,400,285,114000
201410192313975,CBL,42,35,27,290,7830
201410192314398,CCBL,32,41,39,277,10803
201410192314368,CCBL,32,32,40,277,11080
201410192314194,CCBL,25,26,40,277,11080
201410192314192,CCBL,25,26,40,277,11080
201410192314150,CCBL,42,7,306,279,85374
201410192314065,CCBL,49,11,61,280,17080
201410192313940,CCBL,13,53,31,280,8680
201410192314388,CEDBL,13,25,60,253,15180
201410192314387,CEDBL,13,25,60,253,15180
201410192314359,CEDBL,13,22,90,249,22410
201410192314158,CEDBL,45,29,400,248,99200
201410192314105,CEDBL,19,22,10,253,2530
201410192314003,CEDBL,13,47,170,249,42330
201410192314334,CHCL,20,45,104,1805,187720
201410192314333,CHCL,53,41,40,1811,72440
201410192314332,CHCL,53,17,40,1810,72400
201410192314331,CHCL,53,28,170,1809,307530
201410192314186,CHCL,13,28,104,1805,187720
201410192314155,CHCL,11,41,28,1810,50680
201410192314144,CHCL,19,28,104,1802,187408
201410192314143,CHCL,19,7,234,1801,421434
201410192314068,CHCL,43,43,260,1800,468000
201410192314025,CHCL,16,16,47,1799,84553
201410192314323,CNDBL,50,50,30,172,5160
201410192314322,CNDBL,50,50,30,172,5160
201410192314321,CNDBL,50,50,30,172,5160
201410192314320,CNDBL,50,50,30,172,5160
201410192314319,CNDBL,50,50,30,172,5160
201410192314318,CNDBL,50,50,30,172,5160
201410192314305,CNDBL,50,50,30,172,5160
201410192314304,CNDBL,50,50,30,172,5160
201410192314311,CNDBL,50,50,30,172,5160
201410192314310,CNDBL,50,50,30,172,5160
201410192314309,CNDBL,50,50,30,172,5160
201410192314308,CNDBL,50,50,30,172,5160
201410192314307,CNDBL,50,50,30,172,5160
201410192314306,CNDBL,50,50,30,172,5160
201410192314317,CNDBL,50,50,30,172,5160
201410192314316,CNDBL,50,50,30,172,5160
201410192314315,CNDBL,50,50,30,172,5160
201410192314314,CNDBL,50,50,30,172,5160
201410192314313,CNDBL,50,50,30,172,5160
201410192314312,CNDBL,50,50,30,172,5160
201410192314385,CZBIL,55,17,210,451,94710
201410192314188,CZBIL,40,42,5111,451,2305061
201410192314089,CZBIL,40,35,105,460,48300
201410192314399,DDBL,28,28,36,1285,46260
201410192314391,DDBL,28,28,36,1285,46260
201410192314072,DDBL,28,28,52,1295,67340
201410192314063,DDBL,17,58,20,1300,26000
201410192314344,EBL,29,41,43,1901,81743
201410192313966,EBL,29,52,100,1901,190100
201410192314151,EDBL,58,26,50,710,35500
201410192314342,EIC,17,13,10,977,9770
201410192313972,EIC,17,44,33,958,31614
201410192314287,EKBL,32,32,10,294,2940
201410192314275,EKBL,32,32,10,296,2960
201410192314274,EKBL,32,32,10,296,2960
201410192314268,EKBL,32,32,10,302,3020
201410192314267,EKBL,32,32,10,302,3020
201410192314266,EKBL,32,32,10,302,3020
201410192314208,EKBL,32,32,10,314,3140
201410192314207,EKBL,32,32,10,314,3140
201410192314206,EKBL,32,32,10,314,3140
201410192314205,EKBL,32,32,10,314,3140
201410192314204,EKBL,32,32,10,314,3140
201410192314196,EKBL,32,32,10,320,3200
201410192314265,EKBL,32,32,10,302,3020
201410192314264,EKBL,32,32,10,302,3020
201410192314224,EKBL,32,43,33,308,10164
201410192314211,EKBL,32,32,10,314,3140
201410192314210,EKBL,32,32,10,314,3140
201410192314209,EKBL,32,32,10,314,3140
201410192314011,GBBL,26,26,39,356,13884
201410192314033,GBIME,36,36,100,526,52600
201410192313957,GBIME,22,44,29,525,15225
201410192314286,GLICL,26,26,26,555,14430
201410192314284,GLICL,34,26,26,555,14430
201410192314281,GLICL,45,45,53,556,29468
201410192314223,GLICL,45,45,53,556,29468
201410192314133,GLICL,26,50,13,560,7280
201410192314116,GLICL,45,41,14,558,7812
201410192314090,GLICL,45,37,50,558,27900
201410192314364,HAMA,52,50,40,141,5640
201410192314346,HAMA,52,50,40,141,5640
201410192314148,HAMA,52,26,100,143,14300
201410192314147,HAMA,52,58,240,142,34080
201410192314074,HAMA,52,13,180,141,25380
201410192313986,HAMA,47,13,200,139,27800
201410192314390,HAMRO,26,25,21,326,6846
201410192314016,HAMRO,25,25,17,320,5440
201410192314380,HBDL,41,26,1000,97,97000
201410192314358,HBDL,59,14,1000,97,97000
201410192314149,HBL,40,26,295,865,255175
201410192314405,HGI,41,32,114,538,61332
201410192314024,HGI,6,29,10,542,5420
201410192314262,JBBL,45,49,1000,167,167000
201410192314131,JBBL,45,48,10,170,1700
201410192314118,JBBL,45,48,10,170,1700
201410192314113,JBBL,45,48,10,170,1700
201410192314109,JBBL,45,48,10,170,1700
201410192314100,JBBL,45,48,10,170,1700
201410192314060,JBBL,45,48,10,170,1700
201410192314057,JBBL,45,48,10,170,1700
201410192314054,JBBL,45,48,10,170,1700
201410192314047,JBBL,45,48,10,170,1700
201410192314431,JFL,6,33,285,616,175560
201410192314356,JFL,40,52,219,618,135342
201410192314412,KBL,11,28,20,590,11800
201410192314392,KBL,45,45,19,588,11172
201410192314335,KBL,57,57,400,585,234000
201410192314282,KBL,1,36,500,585,292500
201410192314201,KBL,45,35,140,585,81900
201410192314173,KBL,44,20,500,587,293500
201410192313979,KBL,34,7,1000,589,589000
201410192313959,KBL,42,48,100,590,59000
201410192313955,KBL,42,48,100,590,59000
201410192313944,KBL,17,14,100,591,59100
201410192313943,KBL,10,14,100,592,59200
201410192313938,KBL,54,20,500,590,295000
201410192314056,KBL,17,44,1500,587,880500
201410192314036,KBL,28,28,43,591,25413
201410192314015,KBL,40,48,109,588,64092
201410192314009,KBL,11,21,85,590,50150
201410192314000,KBL,11,45,90,590,53100
201410192313988,KBL,25,39,171,589,100719
201410192314122,KBL,11,14,50,590,29500
201410192314121,KBL,42,14,50,590,29500
201410192314111,KBL,21,39,133,588,78204
201410192314085,KBL,28,41,81,588,47628
201410192314082,KBL,1,41,89,588,52332
201410192314064,KBL,34,20,1000,586,586000
201410192314128,KBL,34,14,1000,585,585000
201410192314127,KBL,25,14,100,585,58500
201410192314126,KBL,42,14,400,585,234000
201410192314125,KBL,14,14,220,586,128920
201410192314124,KBL,42,14,100,587,58700
201410192314123,KBL,11,14,10,590,5900
201410192314354,LBL,56,14,50,620,31000
201410192314353,LBL,38,14,150,620,93000
201410192314352,LBL,14,14,60,620,37200
201410192314351,LBL,14,14,50,620,31000
201410192314350,LBL,14,14,100,620,62000
201410192314349,LBL,10,14,100,620,62000
201410192313961,LBL,47,36,180,641,115380
201410192313960,LBL,25,36,111,644,71484
201410192313937,LBL,44,44,145,646,93670
201410192314002,LBL,26,48,188,630,118440
201410192313992,LBL,26,41,136,631,85816
201410192313971,LBL,54,36,111,638,70818
201410192313969,LBL,14,17,200,630,126000
201410192313965,LBL,41,45,241,634,152794
201410192313963,LBL,26,45,199,640,127360
201410192314028,LBL,25,52,39,632,24648
201410192314020,LBL,34,21,1000,630,630000
201410192314019,LBL,47,52,53,641,33973
201410192314017,LBL,17,52,200,630,126000
201410192314008,LBL,25,48,500,627,313500
201410192314006,LBL,41,38,345,630,217350
201410192314178,LBL,1,35,100,637,63700
201410192314177,LBL,36,14,500,626,313000
201410192314146,LBL,34,34,992,628,622976
201410192314095,LBL,17,48,790,628,496120
201410192314044,LBL,17,14,159,631,100329
201410192314042,LBL,57,57,1075,625,671875
201410192314202,LBL,49,21,150,631,94650
201410192314183,LBL,16,35,140,631,88340
201410192314182,LBL,47,35,60,632,37920
201410192314181,LBL,11,35,100,635,63500
201410192314180,LBL,42,35,100,635,63500
201410192314179,LBL,43,35,100,636,63600
201410192314228,LBL,16,14,10,631,6310
201410192314227,LBL,29,14,30,632,18960
201410192314217,LBL,49,49,50,631,31550
201410192314216,LBL,16,49,50,631,31550
201410192314215,LBL,41,49,175,630,110250
201410192314212,LBL,49,49,100,631,63100
201410192314234,LBL,36,14,200,628,125600
201410192314233,LBL,45,14,300,628,188400
201410192314232,LBL,49,14,120,629,75480
201410192314231,LBL,41,14,150,630,94500
201410192314230,LBL,41,14,100,630,63000
201410192314229,LBL,48,14,50,630,31500
201410192314242,LBL,16,14,100,625,62500
201410192314241,LBL,26,14,200,625,125000
201410192314240,LBL,38,14,100,625,62500
201410192314239,LBL,17,14,200,626,125200
201410192314238,LBL,22,14,300,627,188100
201410192314237,LBL,41,14,200,628,125600
201410192314248,LBL,17,14,510,621,316710
201410192314247,LBL,17,14,100,621,62100
201410192314246,LBL,17,14,100,621,62100
201410192314245,LBL,10,14,100,621,62100
201410192314244,LBL,58,14,100,622,62200
201410192314243,LBL,5,14,100,625,62500
201410192314259,LBL,25,14,100,620,62000
201410192314258,LBL,26,14,100,620,62000
201410192314257,LBL,55,14,300,620,186000
201410192314256,LBL,17,14,20,620,12400
201410192314255,LBL,58,14,100,620,62000
201410192314254,LBL,17,14,200,621,124200
201410192314348,LBL,48,14,100,620,62000
201410192314347,LBL,48,14,200,621,124200
201410192314339,LBL,14,14,100,622,62200
201410192314295,LBL,14,14,150,620,93000
201410192314261,LBL,38,14,150,620,93000
201410192314260,LBL,38,14,150,620,93000
201410192314430,LGIL,7,39,44,412,18128
201410192314427,LGIL,35,41,22,413,9086
201410192314422,LGIL,16,41,22,415,9130
201410192314410,LGIL,36,41,22,416,9152
201410192314249,LGIL,14,39,44,420,18480
201410192314200,LGIL,16,39,44,415,18260
201410192313939,LGIL,1,41,33,424,13992
201410192314197,LGIL,36,39,44,415,18260
201410192314114,LGIL,1,39,44,411,18084
201410192314106,LGIL,22,41,33,410,13530
201410192314083,LGIL,7,39,44,415,18260
201410192314021,LGIL,1,39,44,416,18304
201410192313962,LUBL,14,47,65,343,22295
201410192314174,MBL,47,25,189,489,92421
201410192314341,MEGA,47,20,22,395,8690
201410192314176,MEGA,42,11,32,394,12608
201410192314142,MEGA,42,41,121,394,47674
201410192314043,MEGA,22,35,19,390,7410
201410192314032,MEGA,22,41,110,390,42900
201410192314030,MEGA,22,41,37,390,14430
201410192313997,MEGA,32,29,51,393,20043
201410192313990,MEGA,32,8,10,393,3930
201410192313936,MEGA,38,38,28,396,11088
201410192313935,MEGA,22,53,73,395,28835
201410192314372,METRO,57,5,118,341,40238
201410192314236,METRO,57,22,17,340,5780
201410192314226,METRO,1,22,26,336,8736
201410192314221,METRO,32,22,32,339,10848
201410192314203,METRO,57,25,112,340,38080
201410192314172,METRO,57,21,10,340,3400
201410192314130,METRO,1,26,40,336,13440
201410192314093,METRO,57,16,15,342,5130
201410192314092,METRO,57,5,200,341,68200
201410192314324,MMDBL,5,6,10,340,3400
201410192314297,MMDBL,57,26,46,334,15364
201410192314290,MMDBL,57,26,23,334,7682
201410192314289,MMDBL,57,6,10,334,3340
201410192314285,MMDBL,57,26,46,333,15318
201410192314195,MMDBL,5,6,10,328,3280
201410192314034,MMDBL,5,17,10,322,3220
201410192314031,MMDBL,5,39,12,320,3840
201410192314406,MNBBL,6,14,100,793,79300
201410192314145,NABIL,11,43,234,2295,537030
201410192314409,NABILP,53,28,150,1590,238500
201410192314408,NABILP,11,28,80,1590,127200
201410192314373,NABILP,14,14,38,1600,60800
201410192314225,NABILP,17,33,200,1600,320000
201410192314132,NABILP,53,33,150,1600,240000
201410192314075,NABILP,38,28,700,1595,1116500
201410192314300,NBB,59,44,100,590,59000
201410192314298,NBB,21,21,643,581,373583
201410192314110,NBB,55,22,10,590,5900
201410192314102,NBB,55,25,20,588,11760
201410192314086,NBB,40,54,500,585,292500
201410192314004,NBB,40,57,1000,577,577000
201410192313976,NBF1,58,21,2356,14,33455
201410192313933,NBL,17,17,10,390,3900
201410192314401,NCCB,6,6,100,621,62100
201410192314222,NGBL,39,26,50,299,14950
201410192314166,NHPC,28,33,1130,140,158200
201410192314328,NICA,49,14,46,780,35880
201410192314164,NICA,49,8,30,780,23400
201410192314115,NLBBL,17,17,14,1130,15820
201410192314112,NLBBL,17,17,14,1130,15820
201410192314420,NLG,32,43,200,810,162000
201410192314294,NLIC,5,34,21,4201,88221
201410192314283,NLIC,5,6,18,4200,75600
201410192314169,NLIC,38,22,43,4200,180600
201410192314168,NLIC,38,6,20,4190,83800
201410192314048,NLIC,49,6,10,4199,41990
201410192314325,NLICLP,59,33,500,773,386500
201410192314299,NLICLP,59,33,500,758,379000
201410192314327,NNFC,5,56,400,265,106000
201410192314141,NNFC,22,56,200,260,52000
201410192314140,NNFC,41,56,200,263,52600
201410192314139,NNFC,47,56,200,264,52800
201410192314104,NTC,40,25,200,620,124000
201410192314103,NTC,40,21,1160,620,719200
201410192314389,NUBL,38,26,67,1525,102175
201410192314363,NUBL,38,44,600,1556,933600
201410192314362,NUBL,38,47,10,1556,15560
201410192314357,NUBL,44,47,10,1526,15260
201410192314345,NUBL,44,47,10,1497,14970
201410192314337,NUBL,45,47,10,1468,14680
201410192314371,PCBL,40,48,500,515,257500
201410192314292,PCBL,40,48,500,515,257500
201410192314159,PCBL,40,58,28,515,14420
201410192314157,PCBL,40,53,27,515,13905
201410192314156,PCBL,40,53,80,515,41200
201410192314152,PCBL,40,21,133,514,68362
201410192314058,PCBL,10,10,28,513,14364
201410192314053,PCBL,59,49,27,510,13770
201410192314045,PCBL,43,22,70,511,35770
201410192314013,PCBL,40,21,344,510,175440
201410192313980,PCBL,43,41,28,511,14308
201410192313958,PCBL,59,52,30,510,15300
201410192314424,PIC,13,13,10,842,8420
201410192314041,PICL,39,53,125,437,54625
201410192314416,PLIC,38,17,94,1020,95880
201410192314413,PLIC,26,6,40,1015,40600
201410192314384,PLIC,38,17,13,1020,13260
201410192314382,PLIC,38,17,13,1020,13260
201410192314379,PLIC,38,17,13,1020,13260
201410192314378,PLIC,38,17,13,1020,13260
201410192314138,PLIC,49,8,48,1022,49056
201410192314038,PLIC,6,41,13,1025,13325
201410192314026,PLIC,49,39,10,1010,10100
201410192314251,PRDBL,5,26,10,150,1500
201410192314429,PURBL,21,21,22,361,7942
201410192314428,PURBL,21,21,38,361,13718
201410192314077,PURBL,1,42,11,361,3971
201410192314403,REDBL,29,17,500,210,105000
201410192314369,REDBL,49,5,17,206,3502
201410192314278,REDBL,29,35,74,210,15540
201410192314272,REDBL,29,5,44,210,9240
201410192314271,REDBL,29,35,19,210,3990
201410192314253,REDBL,29,5,17,206,3502
201410192314167,REDBL,29,5,17,210,3570
201410192314162,REDBL,17,5,17,214,3638
201410192314160,REDBL,4,5,17,210,3570
201410192313954,RHPC,38,38,10,584,5840
201410192313949,RHPC,38,38,10,584,5840
201410192314039,SADBL,26,1,100,327,32700
201410192314117,SBI,40,52,321,1000,321000
201410192314426,SBL,19,38,29,695,20155
201410192314425,SBL,49,38,29,695,20155
201410192314423,SBL,3,38,55,696,38280
201410192314421,SBL,35,38,94,696,65424
201410192314415,SBL,17,38,29,697,20213
201410192314414,SBL,17,38,50,697,34850
201410192313942,SBL,38,44,106,697,73882
201410192313934,SBL,25,7,132,709,93588
201410192313987,SBL,38,38,55,688,37840
201410192313950,SBL,3,20,515,695,357925
201410192313948,SBL,38,38,55,696,38280
201410192313947,SBL,3,38,55,696,38280
201410192313946,SBL,11,38,25,705,17625
201410192313945,SBL,13,39,38,705,26790
201410192314050,SBL,38,38,40,687,27480
201410192314012,SBL,58,39,200,687,137400
201410192314010,SBL,28,39,500,683,341500
201410192314007,SBL,14,39,200,687,137400
201410192314005,SBL,14,25,31,696,21576
201410192313993,SBL,25,25,786,685,538410
201410192314165,SBL,19,14,300,695,208500
201410192314161,SBL,14,38,44,696,30624
201410192314120,SBL,11,42,103,698,71894
201410192314099,SBL,52,42,196,697,136612
201410192314073,SBL,3,38,191,695,132745
201410192314070,SBL,3,52,65,694,45110
201410192314396,SBL,52,38,84,697,58548
201410192314374,SBL,49,36,100,695,69500
201410192314367,SBL,3,52,255,696,177480
201410192314301,SBL,32,38,29,697,20213
201410192314263,SBL,38,38,34,696,23664
201410192314193,SBL,50,39,674,699,471126
201410192314022,SDBL,45,45,300,167,50100
201410192313967,SDBL,41,41,10,165,1650
201410192313995,SEOS,7,7,5000,10,51250
201410192314395,SEWA,26,4,45,400,18000
201410192314097,SEWA,26,8,20,400,8000
201410192314096,SEWA,26,47,15,399,5985
201410192314091,SEWA,26,17,15,398,5970
201410192314040,SEWA,38,45,280,392,109760
201410192314018,SEWA,17,8,20,400,8000
201410192314001,SHINE,10,10,21,352,7392
201410192314108,SHPC,51,41,18,665,11970
201410192314087,SHPC,17,16,18,670,12060
201410192314014,SICL,28,26,59,800,47200
201410192314340,SIL,43,41,91,810,73710
201410192314252,SIL,43,17,150,805,120750
201410192313994,SKBBL,5,5,12,1380,16560
201410192313991,SKBBL,5,5,12,1380,16560
201410192313985,SKBBL,5,5,12,1380,16560
201410192313984,SKBBL,29,11,19,1400,26600
201410192313981,SKBBL,5,5,12,1380,16560
201410192313956,SKBBL,5,5,12,1380,16560
201410192313951,SKBBL,5,5,12,1380,16560
201410192313977,SKBBL,5,5,12,1380,16560
201410192313973,SKBBL,5,5,12,1380,16560
201410192313970,SKBBL,5,5,12,1380,16560
201410192313968,SKBBL,5,5,12,1380,16560
201410192313964,SKBBL,5,5,12,1380,16560
201410192314366,SLICL,45,45,34,661,22474
201410192314361,SLICL,45,45,34,661,22474
201410192314343,SLICL,45,45,34,661,22474
201410192314338,SLICL,45,45,34,661,22474
201410192314336,SLICL,45,45,34,661,22474
201410192313989,SLICL,26,26,171,670,114570
201410192314375,SLICLP,59,33,55500,112,6216000
201410192314370,SLICLP,59,33,16,111,1776
201410192314365,SLICLP,59,33,20,109,2180
201410192314360,SLICLP,59,33,20,107,2140
201410192314411,SMFDB,26,26,181,1020,184620
201410192314250,SMFDB,45,26,16,1010,16160
201410192314235,SRBL,59,36,53,380,20140
201410192314213,SRBL,59,36,53,380,20140
201410192314137,SRBL,45,26,88,380,33440
201410192314069,SRBL,22,8,13,385,5005
201410192313999,SRBL,11,38,97,383,37151
201410192314027,SUBBL,17,13,29,287,8323
201410192313953,SUBBL,26,26,29,292,8468
201410192313952,SUBBL,26,17,98,292,28616
201410192314190,SUPRME,45,45,10,155,1550
201410192314189,SUPRME,45,45,10,155,1550
201410192314187,SUPRME,45,45,10,155,1550
201410192314185,SUPRME,45,45,10,158,1580
201410192314184,SUPRME,45,45,10,158,1580
201410192314175,SUPRME,45,45,10,161,1610
201410192314170,SUPRME,45,45,10,164,1640
201410192313932,UFIL,36,36,10,157,1570
201410192314101,VBBL,14,45,430,123,52890
201410192314023,VBBL,14,8,70,123,8610
201410192313974,VBBL,14,45,500,125,62500
201410192314407,YETI,5,17,90,123,11070
201410192314402,YETI,5,17,90,123,11070
201410192314400,YETI,50,17,90,122,10980
201410192314394,YETI,50,17,90,122,10980
201410192314393,YETI,50,17,90,122,10980
201410192314383,YETI,57,35,71,122,8662
201410192314191,YETI,5,42,90,128,11520
201410192314059,YETI,22,16,22,130,2860
201410192313941,YETI,22,53,70,130,9100
201410192314276,YETI,5,45,11,122,1342
201410192314273,YETI,5,45,20,122,2440
201410192314270,YETI,5,45,20,122,2440
201410192314269,YETI,5,45,20,122,2440
201410192314219,YETI,5,45,11,124,1364
201410192314199,YETI,5,45,11,126,1386
201410192314293,YETI,16,45,11,122,1342
201410192314291,YETI,16,45,11,120,1320
201410192314288,YETI,16,45,11,121,1331
201410192314280,YETI,5,45,11,122,1342
201410192314279,YETI,5,45,20,122,2440
201410192314277,YETI,5,45,20,122,2440
201410192314381,YETI,57,35,90,122,10980
201410192314303,YETI,16,45,11,120,1320
201410192314302,YETI,25,45,11,120,1320
201410192314296,YETI,50,45,11,122,1342
201410192313918,ALICL,13,13,16,1190,19040
201410192313915,ALICL,13,13,16,1190,19040
201410192313897,ALICL,45,33,31,1190,36890
201410192313864,BLDBL,44,44,35,454,15890
201410192313858,BLDBL,44,44,35,454,15890
201410192313853,BLDBL,44,44,35,454,15890
201410192313870,CBL,49,49,61,294,17934
201410192313868,CBL,49,49,61,294,17934
201410192313867,CBL,49,49,61,294,17934
201410192313865,CBL,49,49,181,294,53214
201410192313860,CBL,49,49,61,294,17934
201410192313855,CBL,49,49,61,294,17934
201410192313926,CCBL,32,10,28,277,7756
201410192313920,CCBL,25,10,28,278,7784
201410192313916,CCBL,49,49,36,279,10044
201410192313881,CCBL,51,51,40,277,11080
201410192313866,CCBL,51,51,40,277,11080
201410192313852,CCBL,51,51,40,277,11080
201410192313844,CCBL,51,51,40,277,11080
201410192313843,CCBL,51,51,40,277,11080
201410192313842,CCBL,51,51,40,277,11080
201410192313850,CCBL,51,51,40,277,11080
201410192313849,CCBL,51,51,40,277,11080
201410192313848,CCBL,51,51,40,277,11080
201410192313847,CCBL,51,51,40,277,11080
201410192313846,CCBL,51,51,40,277,11080
201410192313845,CCBL,51,51,40,277,11080
201410192313834,EBLCP,10,10,12,954,11448
201410192313833,EBLCP,10,10,12,954,11448
201410192313878,GBBL,26,26,39,360,14040
201410192313877,GBBL,26,26,39,363,14157
201410192313923,GBIME,52,58,75,527,39525
201410192313912,GBIME,49,49,113,535,60455
201410192313851,GBIME,58,58,71,537,38127
201410192313832,JBBL,10,10,50,173,8650
201410192313927,KBL,25,26,233,593,138169
201410192313914,KBL,49,49,396,592,234432
201410192313910,KBL,14,22,72,595,42840
201410192313898,KBL,26,14,80,595,47600
201410192313880,KBL,57,57,1000,590,590000
201410192313869,KBL,58,45,70,600,42000
201410192313861,KBL,14,11,208,592,123136
201410192313831,KDBL,10,10,32,129,4128
201410192313922,LBL,38,58,225,634,142650
201410192313917,LBL,38,14,60,631,37860
201410192313913,LBL,20,53,57,625,35625
201410192313900,LBL,45,45,100,622,62200
201410192313899,LBL,45,45,100,622,62200
201410192313874,LBL,20,45,100,620,62000
201410192313863,MBL,8,44,22,480,10560
201410192313885,MEGA,26,26,22,400,8800
201410192313896,NHPC,3,3,1000,138,138000
201410192313931,NLBBL,20,20,89,1130,100570
201410192313862,NLG,17,17,13,821,10673
201410192313859,NLG,17,17,11,821,9031
201410192313901,NLIC,47,47,20,4130,82600
201410192313911,NTC,3,3,150,608,91200
201410192313895,PCBL,47,22,100,510,51000
201410192313894,PCBL,49,22,20,512,10240
201410192313889,PCBL,49,49,27,511,13797
201410192313887,PCBL,49,49,53,511,27083
201410192313883,PCBL,17,57,26,514,13364
201410192313879,PCBL,17,53,75,515,38625
201410192313876,PCBL,49,49,80,514,41120
201410192313873,PCBL,49,49,80,512,40960
201410192313872,PCBL,49,49,80,512,40960
201410192313838,REDBL,10,10,17,214,3638
201410192313837,REDBL,10,10,17,214,3638
201410192313836,REDBL,10,10,17,214,3638
201410192313830,RHPC,39,39,11,580,6380
201410192313829,RHPC,39,39,11,580,6380
201410192313828,RHPC,39,39,11,580,6380
201410192313827,RHPC,39,39,11,580,6380
201410192313875,SBL,33,33,75,710,53250
201410192313871,SBL,33,33,75,710,53250
201410192313857,SBL,17,17,1000,713,713000
201410192313929,SDBL,14,56,108,162,17496
201410192313893,SEWA,17,17,26,400,10400
201410192313891,SEWA,58,58,52,399,20748
201410192313890,SEWA,17,17,26,400,10400
201410192313882,SEWA,58,17,26,400,10400
201410192313909,SLICL,59,59,738,679,501102
201410192313856,SUPRME,8,8,850,167,141950
201410192313854,SUPRME,8,8,1090,167,182030
201410192313930,UFIL,36,36,10,157,1570
201410192313928,UFIL,36,36,10,157,1570
201410192313925,UFIL,36,36,10,154,1540
201410192313924,UFIL,36,36,10,154,1540
201410192313919,UFIL,36,36,10,154,1540
201410192313892,UFIL,6,58,10,151,1510
201410192313888,UFIL,6,58,10,151,1510
201410192313886,UFIL,6,58,20,151,3020
201410192313884,UFIL,6,58,10,151,1510
201410192313921,VBBL,33,45,1000,127,127000
201410192313908,VBBL,48,48,20,129,2580
201410192313907,VBBL,48,48,20,129,2580
201410192313906,VBBL,48,48,20,129,2580
201410192313905,VBBL,48,48,20,129,2580
201410192313904,VBBL,48,48,20,129,2580
201410192313903,VBBL,48,48,20,129,2580
201410192313902,VBBL,48,48,20,129,2580
201410192313841,YETI,10,10,73,132,9636
201410192313840,YETI,10,10,50,132,6600
201410192313839,YETI,10,10,50,132,6600
