contract,symbol,buyer,seller,qty,rate,amt
201407102116079,AHPC,21,33,342,540,184680
201407102116030,AHPC,1,6,500,539,269500
201407102115975,AHPC,22,57,500,540,270000
201407102115939,AHPC,6,58,200,542,108400
201407102115905,AHPC,40,45,500,540,270000
201407102115872,AHPC,43,11,41,542,22222
201407102115203,AHPC,13,41,200,542,108400
201407102114994,AHPC,1,25,1000,540,540000
201407102114985,AHPC,57,25,500,540,270000
201407102114976,AHPC,25,19,200,540,108000
201407102114887,AHPC,43,44,900,540,486000
201407102115624,AHPC,19,7,196,540,105840
201407102115373,AHPC,25,36,50,540,27000
201407102115372,AHPC,50,36,100,540,54000
201407102115371,AHPC,39,36,150,542,81300
201407102115370,AHPC,39,36,100,542,54200
201407102115369,AHPC,17,36,100,543,54300
201407102115795,AHPC,43,7,200,542,108400
201407102115780,AHPC,57,50,1000,539,539000
201407102115753,AHPC,21,36,500,540,270000
201407102115740,AHPC,25,20,30,540,16200
201407102115715,AHPC,18,41,84,541,45444
201407102115712,AHPC,21,58,500,538,269000
201407102116126,ALICL,36,51,200,1240,248000
201407102116050,ALICL,55,22,86,1235,106210
201407102115920,ALICL,50,51,206,1245,256470
201407102115919,ALICL,50,13,51,1244,63444
201407102115918,ALICL,50,40,70,1244,87080
201407102115910,ALICL,50,43,29,1240,35960
201407102114819,ALICL,50,36,450,1235,555750
201407102115909,ALICL,50,43,29,1240,35960
201407102115908,ALICL,50,56,138,1239,170982
201407102115907,ALICL,50,1,389,1235,480415
201407102115906,ALICL,50,52,91,1235,112385
201407102115793,ALICL,45,29,97,1230,119310
201407102114833,ALICL,50,13,1000,1244,1244000
201407102116144,CBL,33,39,143,332,47476
201407102116105,CBL,51,55,300,332,99600
201407102115990,CBL,7,19,725,327,237075
201407102115989,CBL,7,19,1000,327,327000
201407102115942,CBL,7,19,1000,326,326000
201407102115892,CBL,20,39,55,331,18205
201407102114873,CBL,7,21,17,328,5576
201407102114869,CBL,46,39,590,328,193520
201407102114838,CBL,49,19,65,330,21450
201407102114836,CBL,7,43,1000,328,328000
201407102114835,CBL,7,19,276,329,90804
201407102115005,CBL,13,18,27,326,8802
201407102115001,CBL,14,47,27,327,8829
201407102114982,CBL,45,39,52,330,17160
201407102114958,CBL,17,39,105,328,34440
201407102114906,CBL,49,21,108,329,35532
201407102114877,CBL,46,21,17,328,5576
201407102115149,CBL,11,25,204,330,67320
201407102115121,CBL,25,25,135,328,44280
201407102115105,CBL,8,44,812,326,264712
201407102115094,CBL,19,52,54,327,17658
201407102115089,CBL,8,39,26,328,8528
201407102115082,CBL,8,39,26,328,8528
201407102115302,CBL,57,59,41,326,13366
201407102115253,CBL,53,50,456,327,149112
201407102115241,CBL,7,39,26,328,8528
201407102115204,CBL,51,39,26,328,8528
201407102115188,CBL,51,39,26,328,8528
201407102115178,CBL,25,39,26,328,8528
201407102115445,CBL,7,33,331,327,108237
201407102115443,CBL,7,21,1000,328,328000
201407102115431,CBL,25,50,774,327,253098
201407102115430,CBL,52,45,204,326,66504
201407102115390,CBL,25,25,1036,326,337736
201407102115332,CBL,14,50,537,327,175599
201407102115669,CBL,54,39,408,328,133824
201407102115634,CBL,43,39,214,330,70620
201407102115625,CBL,21,43,1000,328,328000
201407102115573,CBL,50,28,500,327,163500
201407102115465,CBL,21,50,117,326,38142
201407102115464,CBL,7,50,1018,327,332886
201407102115846,CBL,43,19,500,329,164500
201407102115806,CBL,1,43,135,330,44550
201407102115785,CBL,1,39,19,330,6270
201407102115751,CBL,54,43,1000,329,329000
201407102115743,CBL,54,13,1018,329,334922
201407102115732,CBL,54,13,662,329,217798
201407102116052,CCBL,1,57,25,335,8375
201407102116028,CCBL,5,45,40,334,13360
201407102116018,CCBL,5,6,304,340,103360
201407102115996,CCBL,5,11,73,339,24747
201407102115991,CCBL,5,39,40,336,13440
201407102115971,CCBL,5,35,24,338,8112
201407102115087,CCBL,5,52,153,335,51255
201407102114864,CCBL,52,52,153,330,50490
201407102115489,CCBL,8,43,40,334,13360
201407102115448,CCBL,36,45,61,332,20252
201407102115195,CCBL,36,49,40,332,13280
201407102115183,CCBL,36,49,40,332,13280
201407102115143,CCBL,36,17,200,334,66800
201407102115142,CCBL,36,6,1233,334,411822
201407102115541,CCBL,50,50,332,335,111220
201407102115513,CCBL,50,28,40,335,13400
201407102115512,CCBL,50,28,40,335,13400
201407102115511,CCBL,50,28,40,335,13400
201407102115507,CCBL,50,45,214,335,71690
201407102115506,CCBL,50,13,40,335,13400
201407102115592,CCBL,1,43,40,335,13400
201407102115591,CCBL,1,21,40,335,13400
201407102115590,CCBL,1,21,40,335,13400
201407102115589,CCBL,1,39,40,334,13360
201407102115588,CCBL,1,39,40,334,13360
201407102115552,CCBL,8,39,40,334,13360
201407102115820,CCBL,11,55,40,330,13200
201407102115799,CCBL,8,33,40,331,13240
201407102115769,CCBL,8,33,40,331,13240
201407102115752,CCBL,1,33,40,332,13280
201407102115736,CCBL,1,33,40,332,13280
201407102115638,CCBL,29,39,10,335,3350
201407102115857,CCBL,11,55,40,330,13200
201407102115851,CCBL,11,33,40,330,13200
201407102115845,CCBL,11,55,40,330,13200
201407102115843,CCBL,11,29,40,330,13200
201407102115837,CCBL,11,33,40,330,13200
201407102115834,CCBL,11,55,40,330,13200
201407102115901,CCBL,36,55,40,329,13160
201407102115885,CCBL,11,55,40,330,13200
201407102115879,CCBL,11,55,40,330,13200
201407102115874,CCBL,11,33,40,330,13200
201407102115871,CCBL,11,55,40,330,13200
201407102115865,CCBL,11,55,40,330,13200
201407102115949,CCBL,5,17,40,336,13440
201407102115948,CCBL,5,43,40,335,13400
201407102115947,CCBL,5,33,40,330,13200
201407102115926,CCBL,14,33,40,330,13200
201407102115925,CCBL,14,33,40,330,13200
201407102115924,CCBL,14,33,40,330,13200
201407102115970,CCBL,5,1,24,338,8112
201407102115967,CCBL,5,39,40,336,13440
201407102115964,CCBL,5,39,40,336,13440
201407102115961,CCBL,5,39,40,336,13440
201407102115957,CCBL,5,33,40,336,13440
201407102115950,CCBL,5,17,40,336,13440
201407102116140,CHCL,51,41,88,2655,233640
201407102116112,CHCL,36,35,30,2660,79800
201407102116111,CHCL,59,35,10,2660,26600
201407102116110,CHCL,51,35,50,2662,133100
201407102116103,CHCL,19,41,86,2655,228330
201407102116051,CHCL,22,41,17,2665,45305
201407102114868,CHCL,53,28,317,2665,844805
201407102114855,CHCL,32,21,35,2666,93310
201407102114832,CHCL,1,21,17,2670,45390
201407102114823,CHCL,36,21,17,2670,45390
201407102114898,CHCL,6,35,50,2665,133250
201407102114897,CHCL,22,35,70,2665,186550
201407102114896,CHCL,40,35,40,2665,106600
201407102114895,CHCL,47,35,20,2666,53320
201407102114894,CHCL,29,35,20,2670,53400
201407102114885,CHCL,54,54,996,2650,2639400
201407102115277,CHCL,53,35,20,2665,53300
201407102115191,CHCL,18,54,158,2664,420912
201407102114914,CHCL,28,1,682,2658,1812756
201407102114901,CHCL,57,35,80,2664,213120
201407102114900,CHCL,19,35,20,2664,53280
201407102114899,CHCL,28,35,200,2665,533000
201407102115283,CHCL,57,35,100,2662,266200
201407102115282,CHCL,28,35,50,2663,133150
201407102115281,CHCL,6,35,60,2663,159780
201407102115280,CHCL,29,35,30,2663,79890
201407102115279,CHCL,1,35,80,2664,213120
201407102115278,CHCL,57,35,20,2664,53280
201407102115327,CHCL,28,35,350,2660,931000
201407102115326,CHCL,41,35,60,2660,159600
201407102115308,CHCL,22,54,500,2655,1327500
201407102115286,CHCL,41,35,50,2660,133000
201407102115285,CHCL,29,35,50,2660,133000
201407102115284,CHCL,45,35,40,2660,106400
201407102115473,CHCL,28,32,83,2660,220780
201407102115458,CHCL,54,45,309,2650,818850
201407102115397,CHCL,40,45,450,2650,1192500
201407102115384,CHCL,51,36,18,2655,47790
201407102115339,CHCL,51,54,160,2665,426400
201407102115328,CHCL,59,35,90,2660,239400
201407102115867,CHCL,56,57,81,2655,215055
201407102115808,CHCL,34,57,94,2657,249758
201407102115796,CHCL,19,57,106,2655,281430
201407102115790,CHCL,4,4,11,2665,29315
201407102115672,CHCL,56,54,153,2656,406368
201407102115551,CHCL,18,18,192,2665,511680
201407102115805,GBBL,43,17,150,350,52500
201407102115777,GBBL,50,50,1000,348,348000
201407102115003,GBBL,43,49,85,347,29495
201407102116162,GBIME,36,14,15,650,9750
201407102116161,GBIME,36,11,10,648,6480
201407102116138,GBIME,42,13,11,642,7062
201407102116137,GBIME,42,13,11,642,7062
201407102116062,GBIME,42,5,111,641,71151
201407102116027,GBIME,42,13,11,642,7062
201407102114857,GBIME,42,33,36,636,22896
201407102114816,GBIME,42,42,2000,631,1262000
201407102114799,GBIME,11,11,36,640,23040
201407102114971,GBIME,50,49,35,636,22260
201407102114926,GBIME,42,33,36,636,22896
201407102114893,GBIME,42,49,35,636,22260
201407102114890,GBIME,36,42,400,636,254400
201407102114883,GBIME,42,5,17,636,10812
201407102114872,GBIME,42,5,17,636,10812
201407102114996,GBIME,39,5,37,635,23495
201407102114995,GBIME,44,49,35,638,22330
201407102114991,GBIME,44,33,36,638,22968
201407102114986,GBIME,32,32,1000,635,635000
201407102114984,GBIME,44,40,33,637,21021
201407102114983,GBIME,42,49,35,636,22260
201407102115117,GBIME,36,32,500,640,320000
201407102115088,GBIME,44,41,78,636,49608
201407102115072,GBIME,32,32,20000,630,12600000
201407102115069,GBIME,36,49,17,636,10812
201407102115044,GBIME,42,41,37,636,23532
201407102115002,GBIME,44,33,132,635,83820
201407102115297,GBIME,50,33,341,639,217899
201407102115271,GBIME,50,33,132,639,84348
201407102115263,GBIME,55,33,132,639,84348
201407102115242,GBIME,51,33,132,639,84348
201407102115158,GBIME,53,19,135,640,86400
201407102115123,GBIME,44,1,798,639,509922
201407102115381,GBIME,36,33,132,640,84480
201407102115366,GBIME,36,5,17,640,10880
201407102115352,GBIME,18,33,132,640,84480
201407102115334,GBIME,36,5,37,640,23680
201407102115316,GBIME,36,33,132,640,84480
201407102115299,GBIME,55,10,214,640,136960
201407102115553,GBIME,32,45,326,638,207988
201407102115550,GBIME,32,33,132,640,84480
201407102115547,GBIME,32,33,132,640,84480
201407102115534,GBIME,32,5,17,640,10880
201407102115482,GBIME,25,33,36,638,22968
201407102115412,GBIME,50,45,316,639,201924
201407102115583,GBIME,32,39,1000,642,642000
201407102115579,GBIME,53,14,37,642,23754
201407102115578,GBIME,32,39,36,641,23076
201407102115574,GBIME,36,45,421,638,268598
201407102115563,GBIME,32,17,200,640,128000
201407102115559,GBIME,50,33,36,637,22932
201407102115844,GBIME,35,14,60,644,38640
201407102115725,GBIME,58,49,300,645,193500
201407102115611,GBIME,36,45,30,642,19260
201407102115603,GBIME,53,39,874,643,561982
201407102115595,GBIME,32,33,36,642,23112
201407102115594,GBIME,32,11,150,642,96300
201407102116020,GBIME,5,5,36,641,23076
201407102115963,GBIME,36,13,68,642,43656
201407102115955,GBIME,52,25,109,644,70196
201407102115951,GBIME,5,5,56,644,36064
201407102115937,GBIME,50,56,500,643,321500
201407102115873,GBIME,32,14,948,640,606720
201407102114814,KMCDB,6,6,82,728,59696
201407102116004,MBL,6,51,35,580,20300
201407102115580,MBL,20,25,95,591,56145
201407102115310,MBL,35,4,500,580,290000
201407102115300,MBL,14,25,76,590,44840
201407102115296,MBL,14,10,325,579,188175
201407102115269,MBL,43,7,104,580,60320
201407102114904,MBL,10,10,500,571,285500
201407102114860,MBL,1,49,180,575,103500
201407102114834,MBL,28,49,581,578,335818
201407102115268,MBL,6,35,1070,575,615250
201407102115210,MBL,1,20,132,575,75900
201407102115159,MBL,6,49,687,573,393651
201407102114999,MBL,58,44,1200,570,684000
201407102114961,MBL,29,36,100,576,57600
201407102114951,MBL,36,10,969,573,555237
201407102115959,NBL,58,8,3000,422,1266000
201407102115896,NBL,58,58,135,422,56970
201407102115881,NBL,39,13,190,430,81700
201407102115833,NBL,8,14,522,428,223416
201407102115811,NBL,33,6,1000,421,421000
201407102115767,NBL,1,14,475,422,200450
201407102114923,NBL,1,13,11,417,4587
201407102114908,NBL,45,36,1000,416,416000
201407102115413,NBL,5,8,1000,415,415000
201407102115409,NBL,56,8,256,419,107264
201407102115386,NBL,56,4,875,419,366625
201407102115347,NBL,22,44,1800,418,752400
201407102115252,NBL,22,17,200,416,83200
201407102114997,NBL,54,20,2436,410,998760
201407102115646,NBL,22,28,418,422,176396
201407102115621,NBL,22,33,500,420,210000
201407102115609,NBL,33,33,1000,418,418000
201407102115432,NBL,56,11,475,420,199500
201407102115419,NBL,56,17,101,420,42420
201407102115418,NBL,56,5,500,420,210000
201407102115748,NBL,1,47,300,422,126600
201407102115734,NBL,8,7,4515,414,1869210
201407102115699,NBL,56,45,536,420,225120
201407102115687,NBL,56,33,769,419,322211
201407102115653,NBL,20,20,1051,413,434063
201407102115647,NBL,56,33,951,419,398469
201407102116155,NDEP,1,58,960,190,182400
201407102116154,NDEP,46,58,100,190,19000
201407102116153,NDEP,43,58,100,190,19000
201407102116152,NDEP,22,58,500,190,95000
201407102116151,NDEP,40,58,50,190,9500
201407102116150,NDEP,19,58,40,192,7680
201407102115078,NDEP,28,46,315,194,61110
201407102115041,NDEP,43,14,182,195,35490
201407102115016,NDEP,8,8,571,192,109632
201407102114941,NDEP,49,58,1000,191,191000
201407102114916,NDEP,19,14,60,192,11520
201407102116119,NDEP,40,18,51,191,9741
201407102115802,NDEP,13,13,208,191,39728
201407102115800,NDEP,29,32,1000,193,193000
201407102115694,NDEP,1,58,708,190,134520
201407102115150,NDEP,40,18,17,193,3281
201407102115136,NDEP,50,18,51,194,9894
201407102116135,NHPC,25,25,570,212,120840
201407102116134,NHPC,25,25,500,212,106000
201407102116133,NHPC,11,25,430,212,91160
201407102116132,NHPC,29,25,500,213,106500
201407102116116,NHPC,54,39,1000,215,215000
201407102116115,NHPC,54,56,2000,214,428000
201407102114844,NHPC,41,25,100,216,21600
201407102114843,NHPC,29,25,100,217,21700
201407102114842,NHPC,21,25,200,217,43400
201407102114824,NHPC,29,3,2000,213,426000
201407102114812,NHPC,49,49,5000,209,1045000
201407102114850,NHPC,52,25,500,215,107500
201407102114849,NHPC,40,25,300,215,64500
201407102114848,NHPC,6,25,200,216,43200
201407102114847,NHPC,36,25,100,216,21600
201407102114846,NHPC,35,25,300,216,64800
201407102114845,NHPC,22,25,300,216,64800
201407102114948,NHPC,47,3,1000,214,214000
201407102114937,NHPC,17,3,1000,214,214000
201407102114858,NHPC,17,3,2000,214,428000
201407102114853,NHPC,32,25,500,215,107500
201407102114852,NHPC,29,25,200,215,43000
201407102114851,NHPC,25,25,500,215,107500
201407102115025,NHPC,13,25,500,215,107500
201407102115024,NHPC,29,25,500,215,107500
201407102115022,NHPC,58,3,1000,214,214000
201407102115006,NHPC,4,3,1000,214,214000
201407102114990,NHPC,17,3,1000,214,214000
201407102114981,NHPC,36,3,1000,214,214000
201407102115724,NHPC,21,51,2000,215,430000
201407102115619,NHPC,4,3,1000,214,214000
201407102115387,NHPC,43,3,1667,214,356738
201407102115261,NHPC,39,3,4000,213,852000
201407102115255,NHPC,4,45,300,215,64500
201407102115035,NHPC,11,25,1000,215,215000
201407102115836,NHPC,10,29,400,215,86000
201407102115835,NHPC,10,21,1000,215,215000
201407102115826,NHPC,10,21,1000,215,215000
201407102115819,NHPC,36,41,1000,214,214000
201407102115804,NHPC,4,8,1000,214,214000
201407102115803,NHPC,10,6,1300,213,276900
201407102116083,NHPC,10,25,100,215,21500
201407102116082,NHPC,6,25,200,215,43000
201407102116081,NHPC,45,25,200,215,43000
201407102116080,NHPC,49,25,200,216,43200
201407102115956,NHPC,43,21,1000,215,215000
201407102115840,NHPC,36,18,1000,214,214000
201407102116089,NHPC,55,25,400,213,85200
201407102116088,NHPC,10,25,1000,213,213000
201407102116087,NHPC,6,25,1000,213,213000
201407102116086,NHPC,7,25,200,213,42600
201407102116085,NHPC,58,25,430,214,92020
201407102116084,NHPC,47,25,200,214,42800
201407102116095,NHPC,29,25,1000,213,213000
201407102116094,NHPC,5,25,500,213,106500
201407102116093,NHPC,29,25,1000,213,213000
201407102116092,NHPC,29,25,1000,213,213000
201407102116091,NHPC,32,25,1000,213,213000
201407102116090,NHPC,39,25,1000,213,213000
201407102116101,NHPC,11,25,70,212,14840
201407102116100,NHPC,41,25,1000,212,212000
201407102116099,NHPC,41,25,2000,212,424000
201407102116098,NHPC,17,25,500,212,106000
201407102116097,NHPC,17,25,500,212,106000
201407102116096,NHPC,58,25,1500,212,318000
201407102116141,NICA,21,21,30,988,29640
201407102116120,NICA,52,13,245,971,237895
201407102116066,NICA,29,13,20,969,19380
201407102115977,NICA,50,52,360,962,346320
201407102115933,NICA,50,44,560,962,538720
201407102115913,NICA,50,52,40,968,38720
201407102115226,NICA,8,13,90,978,88020
201407102115190,NICA,50,45,187,970,181390
201407102115073,NICA,54,52,500,975,487500
201407102114972,NICA,29,10,37,979,36223
201407102114862,NICA,6,6,575,975,560625
201407102114797,NICA,54,10,236,965,227740
201407102115749,NICA,1,1,252,966,243432
201407102115613,NICA,50,49,619,965,597335
201407102115501,NICA,21,21,749,965,722785
201407102115466,NICA,29,17,50,969,48450
201407102115439,NICA,57,52,200,976,195200
201407102115343,NICA,18,44,46,974,44804
201407102115935,NNFC,47,52,261,300,78300
201407102115974,PCBL,41,45,73,585,42705
201407102115529,PCBL,35,25,232,590,136880
201407102115502,PCBL,6,45,73,582,42486
201407102115414,PCBL,6,52,74,585,43290
201407102115209,PCBL,43,25,145,590,85550
201407102115206,PCBL,43,43,186,589,109554
201407102114874,PCBL,20,20,33,589,19437
201407102115139,PCBL,43,52,193,585,112905
201407102115118,PCBL,46,21,10,591,5910
201407102115056,PCBL,52,7,484,580,280720
201407102115039,PCBL,46,21,30,591,17730
201407102114962,PCBL,36,17,500,580,290000
201407102114910,PCBL,46,17,53,590,31270
201407102115997,PLIC,17,28,454,1095,497130
201407102115966,PLIC,44,57,81,1100,89100
201407102115760,PLIC,17,51,46,1100,50600
201407102115735,PLIC,58,51,108,1100,118800
201407102115610,PLIC,44,57,130,1100,143000
201407102115194,PLIC,17,52,54,1100,59400
201407102115187,PLIC,17,52,26,1100,28600
201407102114998,PLIC,44,13,81,1100,89100
201407102115998,SBL,25,21,497,800,397600
201407102115900,SBL,19,17,83,810,67230
201407102115868,SBL,39,41,75,810,60750
201407102115719,SBL,34,21,500,800,400000
201407102115684,SBL,59,10,59,810,47790
201407102115479,SBL,14,19,183,810,148230
201407102115470,SBL,25,19,300,807,242100
201407102115459,SBL,36,19,500,800,400000
201407102115097,SBL,6,13,100,810,81000
201407102114806,SBL,39,21,100,815,81500
201407102114802,SBL,39,45,89,810,72090
201407102116033,SCB,35,3,100,2735,273500
201407102116032,SCB,35,3,200,2731,546200
201407102115923,SCB,44,20,50,2700,135000
201407102115822,SCB,7,56,100,2715,271500
201407102115776,SCB,14,56,200,2700,540000
201407102115775,SCB,44,56,300,2701,810300
201407102115076,SCB,14,33,191,2690,513790
201407102115075,SCB,14,33,100,2689,268900
201407102115053,SCB,46,11,51,2695,137445
201407102115021,SCB,14,19,11,2676,29436
201407102114947,SCB,14,56,100,2688,268800
201407102115247,SCB,28,56,100,2700,270000
201407102115246,SCB,28,47,140,2700,378000
201407102115245,SCB,28,17,50,2700,135000
201407102115238,SCB,28,14,67,2700,180900
201407102115173,SCB,36,11,14,2704,37856
201407102115083,SCB,14,17,500,2700,1350000
201407102115480,SCB,14,3,500,2708,1354000
201407102115471,SCB,14,3,108,2710,292680
201407102115457,SCB,44,11,46,2701,124246
201407102115287,SCB,17,56,500,2700,1350000
201407102115249,SCB,28,10,90,2700,243000
201407102115248,SCB,28,22,500,2700,1350000
201407102115774,SCB,14,56,50,2701,135050
201407102115773,SCB,43,56,100,2702,270200
201407102115678,SCB,14,19,58,2701,156658
201407102115618,SCB,19,19,355,2700,958500
201407102115617,SCB,44,5,200,2715,543000
201407102115500,SCB,14,33,34,2715,92310
201407102115791,SEWA,7,17,26,348,9048
201407102115651,SEWA,43,47,15,345,5175
201407102115303,SEWA,25,5,600,340,204000
201407102115227,SEWA,22,14,409,340,139060
201407102115184,SEWA,22,5,400,340,136000
201407102115052,SEWA,13,33,13,339,4407
201407102115048,SLICL,42,13,42,749,31458
201407102115410,SRBL,44,44,200,508,101600
201407102115342,SRBL,55,14,97,508,49276
201407102115341,SRBL,55,13,200,508,101600
201407102115336,SRBL,55,13,113,504,56952
201407102115331,SRBL,44,57,949,501,475449
201407102115288,SRBL,22,59,89,502,44678
201407102115199,SRBL,40,33,65,503,32695
201407102115169,SRBL,29,33,91,503,45773
201407102115137,SRBL,10,44,294,507,149058
201407102115000,SRBL,44,36,200,505,101000
201407102114809,SRBL,57,1,698,505,352490
201407102116029,SUPRME,47,17,1400,181,253400
201407102116005,SUPRME,11,47,30,179,5370
201407102115530,SUPRME,44,13,30,176,5280
201407102115442,SUPRME,47,49,2320,176,408320
201407102115441,SUPRME,47,33,1540,176,271040
201407102115340,SUPRME,11,25,640,178,113920
201407102114822,SUPRME,34,14,500,175,87500
201407102116164,YETI,57,45,20,170,3400
201407102116158,YETI,57,45,20,170,3400
201407102116136,YETI,5,45,20,170,3400
201407102115816,YETI,5,11,30,170,5100
201407102115779,YETI,11,34,83,169,14027
201407102115629,YETI,18,49,2900,170,493000
201407102114882,YETI,5,39,60,170,10200
201407102114879,YETI,33,39,1310,170,222700
201407102115217,YETI,36,17,141,173,24393
201407102115216,YETI,36,40,151,172,25972
201407102114978,YETI,4,47,880,170,149600
201407102114920,YETI,33,32,583,172,100276
201407102114915,YETI,33,21,671,172,115412
201407102114886,YETI,5,39,60,170,10200
201407102115548,YETI,57,17,1531,169,258739
201407102115429,YETI,33,49,2170,170,368900
201407102115375,YETI,5,58,30,170,5100
201407102115314,YETI,34,49,500,171,85500
201407102115219,YETI,36,11,11,173,1903
201407102115218,YETI,36,17,60,173,10380
201407102114785,AHPC,22,18,500,540,270000
201407102114765,AHPC,47,33,500,541,270500
201407102114699,AHPC,25,4,164,542,88888
201407102114635,AHPC,28,36,562,540,303480
201407102114555,AHPC,20,20,1500,540,810000
201407102114514,AHPC,52,52,500,538,269000
201407102113911,AHPC,49,7,1000,535,535000
201407102113902,AHPC,49,6,500,540,270000
201407102113772,AHPC,25,11,500,535,267500
201407102113720,AHPC,20,52,1200,531,637200
201407102113699,AHPC,14,46,100,537,53700
201407102114467,AHPC,32,22,400,541,216400
201407102114311,AHPC,41,19,500,541,270500
201407102114293,AHPC,39,59,200,542,108400
201407102114284,AHPC,41,4,1000,535,535000
201407102113982,AHPC,25,41,493,535,263755
201407102113923,AHPC,49,6,1000,535,535000
201407102114772,ALICL,46,41,56,1240,69440
201407102114727,ALICL,57,43,225,1240,279000
201407102114044,ALICL,49,44,490,1245,610050
201407102113789,ALICL,18,32,15,1249,18735
201407102113771,ALICL,36,14,83,1243,103169
201407102114781,CBL,46,49,1300,328,426400
201407102114712,CBL,59,43,1000,328,328000
201407102114701,CBL,52,58,408,328,133824
201407102114644,CBL,1,1,399,330,131670
201407102114596,CBL,49,11,135,330,44550
201407102114595,CBL,49,50,15,330,4950
201407102113890,CBL,7,49,331,326,107906
201407102113875,CBL,11,11,1000,325,325000
201407102113874,CBL,7,22,108,327,35316
201407102113779,CBL,8,13,1017,325,330525
201407102113758,CBL,8,13,510,325,165750
201407102114156,CBL,57,49,49,326,15974
201407102114101,CBL,11,42,604,322,194488
201407102114089,CBL,42,42,917,324,297108
201407102114035,CBL,5,42,165,326,53790
201407102113978,CBL,1,42,1000,322,322000
201407102113968,CBL,21,8,2000,323,646000
201407102114489,CBL,14,11,1000,326,326000
201407102114472,CBL,6,43,1000,325,325000
201407102114455,CBL,44,49,3000,325,975000
201407102114402,CBL,50,43,1000,325,325000
201407102114401,CBL,50,42,510,325,165750
201407102114338,CBL,7,5,1000,324,324000
201407102114594,CBL,49,57,110,330,36300
201407102114572,CBL,14,40,57,330,18810
201407102114562,CBL,14,43,1000,327,327000
201407102114517,CBL,14,43,1000,326,326000
201407102114511,CBL,18,18,2000,325,650000
201407102114501,CBL,14,49,1018,326,331868
201407102114793,CCBL,52,43,40,334,13360
201407102114784,CCBL,36,52,153,334,51102
201407102114758,CCBL,13,21,137,334,45758
201407102114738,CCBL,49,13,1000,334,334000
201407102114713,CCBL,32,58,343,335,114905
201407102114698,CCBL,20,34,360,334,120240
201407102113743,CCBL,32,43,39,325,12675
201407102113722,CCBL,32,43,32,325,10400
201407102113684,CCBL,43,57,31,325,10075
201407102113683,CCBL,43,57,31,325,10075
201407102113682,CCBL,43,57,31,325,10075
201407102113681,CCBL,43,57,31,325,10075
201407102114030,CCBL,36,28,40,325,13000
201407102113862,CCBL,32,28,40,323,12920
201407102113824,CCBL,42,7,508,325,165100
201407102113798,CCBL,32,7,80,325,26000
201407102113760,CCBL,32,6,61,325,19825
201407102113757,CCBL,32,43,38,325,12350
201407102114154,CCBL,36,17,32,328,10496
201407102114145,CCBL,17,49,22,326,7172
201407102114114,CCBL,36,28,40,325,13000
201407102114099,CCBL,8,7,33,326,10758
201407102114081,CCBL,36,28,40,325,13000
201407102114080,CCBL,46,22,40,327,13080
201407102114192,CCBL,17,20,10,326,3260
201407102114173,CCBL,55,55,36,326,11736
201407102114166,CCBL,17,28,40,326,13040
201407102114164,CCBL,36,17,32,328,10496
201407102114158,CCBL,17,28,40,326,13040
201407102114155,CCBL,36,17,32,328,10496
201407102114221,CCBL,36,51,45,328,14760
201407102114220,CCBL,29,17,32,328,10496
201407102114209,CCBL,17,20,10,326,3260
201407102114200,CCBL,17,20,10,326,3260
201407102114197,CCBL,29,17,32,328,10496
201407102114196,CCBL,29,17,32,328,10496
201407102114368,CCBL,17,20,40,326,13040
201407102114359,CCBL,52,45,61,329,20069
201407102114282,CCBL,17,20,40,326,13040
201407102114256,CCBL,36,20,40,328,13120
201407102114253,CCBL,36,28,40,328,13120
201407102114243,CCBL,29,20,40,328,13120
201407102114378,CCBL,50,43,40,332,13280
201407102114377,CCBL,50,43,40,332,13280
201407102114375,CCBL,50,25,153,332,50796
201407102114374,CCBL,50,40,28,330,9240
201407102114373,CCBL,50,45,61,329,20069
201407102114372,CCBL,50,45,61,329,20069
201407102114414,CCBL,29,11,24,339,8136
201407102114400,CCBL,29,7,40,334,13360
201407102114393,CCBL,50,39,283,332,93956
201407102114391,CCBL,36,20,40,329,13160
201407102114386,CCBL,50,1,378,330,124740
201407102114380,CCBL,50,20,40,332,13280
201407102114589,CCBL,36,13,500,334,167000
201407102114584,CCBL,13,7,40,333,13320
201407102114570,CCBL,49,42,306,333,101898
201407102114566,CCBL,13,42,183,334,61122
201407102114476,CCBL,29,54,40,340,13600
201407102114462,CCBL,46,11,16,340,5440
201407102114697,CCBL,29,7,40,335,13400
201407102114686,CCBL,29,7,40,335,13400
201407102114671,CCBL,13,7,40,334,13360
201407102114657,CCBL,13,45,200,334,66800
201407102114650,CCBL,13,7,40,334,13360
201407102114619,CCBL,20,50,21,335,7035
201407102114786,CHCL,53,54,132,2667,352044
201407102114741,CHCL,18,42,36,2667,96012
201407102114733,CHCL,22,35,500,2660,1330000
201407102114627,CHCL,17,47,80,2671,213680
201407102114626,CHCL,39,6,216,2669,576504
201407102114568,CHCL,29,47,40,2669,106760
201407102113790,CHCL,57,36,114,2660,303240
201407102113788,CHCL,6,36,63,2664,167832
201407102113776,CHCL,47,36,144,2661,383184
201407102113700,CHCL,57,43,94,2665,250510
201407102114119,CHCL,17,35,1624,2650,4303600
201407102114104,CHCL,57,36,234,2660,622440
201407102114049,CHCL,57,21,149,2660,396340
201407102113983,CHCL,57,36,104,2660,276640
201407102113849,CHCL,14,36,121,2660,321860
201407102113799,CHCL,21,45,72,2663,191736
201407102114532,CHCL,51,54,200,2665,533000
201407102114528,CHCL,39,45,123,2664,327672
201407102114527,CHCL,51,57,149,2660,396340
201407102114492,CHCL,28,57,99,2665,263835
201407102114225,CHCL,14,14,203,2663,540589
201407102114205,CHCL,18,45,123,2664,327672
201407102114500,GBBL,50,17,133,354,47082
201407102114499,GBBL,50,33,22,350,7700
201407102114124,GBBL,20,51,112,349,39088
201407102114792,GBIME,54,33,36,638,22968
201407102114790,GBIME,54,49,17,638,10846
201407102114788,GBIME,36,14,44,640,28160
201407102114787,GBIME,36,11,100,640,64000
201407102114778,GBIME,11,39,37,640,23680
201407102114751,GBIME,36,25,36,640,23040
201407102113697,GBIME,44,11,25,633,15825
201407102114017,GBIME,1,55,25,630,15750
201407102113999,GBIME,36,55,25,630,15750
201407102113990,GBIME,21,55,25,631,15775
201407102113716,GBIME,44,42,1000,635,635000
201407102113712,GBIME,44,7,22,635,13970
201407102113706,GBIME,44,14,100,634,63400
201407102114067,GBIME,40,49,36,625,22500
201407102114061,GBIME,13,49,36,627,22572
201407102114058,GBIME,1,55,14,630,8820
201407102114053,GBIME,1,49,36,625,22500
201407102114045,GBIME,41,4,37,625,23125
201407102114029,GBIME,1,55,25,630,15750
201407102114186,GBIME,14,49,10,628,6280
201407102114129,GBIME,13,7,80,627,50160
201407102114110,GBIME,10,18,302,629,189958
201407102114079,GBIME,1,55,14,630,8820
201407102114078,GBIME,14,49,36,626,22536
201407102114072,GBIME,1,55,14,630,8820
201407102114258,GBIME,49,55,25,630,15750
201407102114257,GBIME,49,55,25,630,15750
201407102114255,GBIME,36,55,133,628,83524
201407102114250,GBIME,50,11,500,627,313500
201407102114228,GBIME,21,55,14,630,8820
201407102114188,GBIME,1,18,170,629,106930
201407102114264,GBIME,49,55,25,630,15750
201407102114263,GBIME,49,55,14,630,8820
201407102114262,GBIME,49,55,25,630,15750
201407102114261,GBIME,49,55,17,630,10710
201407102114260,GBIME,49,55,25,630,15750
201407102114259,GBIME,49,55,14,630,8820
201407102114323,GBIME,13,13,1500,630,945000
201407102114296,GBIME,54,18,140,632,88480
201407102114285,GBIME,1,18,221,629,139009
201407102114267,GBIME,49,55,25,630,15750
201407102114266,GBIME,49,55,25,630,15750
201407102114265,GBIME,49,55,25,630,15750
201407102114352,GBIME,32,36,254,635,161290
201407102114351,GBIME,32,28,240,635,152400
201407102114349,GBIME,54,50,35,632,22120
201407102114345,GBIME,36,13,421,634,266914
201407102114344,GBIME,32,5,17,635,10795
201407102114334,GBIME,36,14,35,634,22190
201407102114417,GBIME,36,13,32,638,20416
201407102114416,GBIME,36,35,57,637,36309
201407102114412,GBIME,1,43,1000,634,634000
201407102114397,GBIME,18,18,304,631,191824
201407102114390,GBIME,6,55,37,636,23532
201407102114364,GBIME,32,50,15,635,9525
201407102114468,GBIME,53,40,36,635,22860
201407102114465,GBIME,42,42,600,635,381000
201407102114456,GBIME,36,11,11,643,7073
201407102114437,GBIME,36,25,36,640,23040
201407102114426,GBIME,36,54,13,639,8307
201407102114425,GBIME,36,58,81,639,51759
201407102114637,GBIME,36,1,759,637,483483
201407102114636,GBIME,36,40,36,635,22860
201407102114634,GBIME,36,33,36,634,22824
201407102114615,GBIME,34,40,36,635,22860
201407102114556,GBIME,49,5,37,632,23384
201407102114520,GBIME,53,43,26,633,16458
201407102114750,GBIME,36,25,25,640,16000
201407102114748,GBIME,36,33,36,638,22968
201407102114724,GBIME,49,49,323,638,206074
201407102114720,GBIME,49,33,36,638,22968
201407102114718,GBIME,49,13,273,637,173901
201407102114716,GBIME,49,49,36,637,22932
201407102114776,KMCDB,6,6,82,728,59696
201407102114752,KMCDB,6,6,82,728,59696
201407102114433,KMCDB,6,6,82,728,59696
201407102114321,KMCDB,6,3,10,724,7240
201407102114320,KMCDB,6,3,10,724,7240
201407102114319,KMCDB,6,3,10,724,7240
201407102114318,KMCDB,6,3,10,724,7240
201407102114317,KMCDB,6,13,10,722,7220
201407102113783,KMCDB,32,42,10,714,7140
201407102113777,KMCDB,32,40,41,714,29274
201407102113742,KMCDB,29,8,10,710,7100
201407102114700,MBL,5,14,15,583,8745
201407102114679,MBL,5,25,14,580,8120
201407102114617,MBL,10,44,960,570,547200
201407102114480,MBL,8,14,325,570,185250
201407102114324,MBL,32,32,234,571,133614
201407102113977,MBL,20,50,366,572,209352
201407102113950,MBL,1,40,92,576,52992
201407102113845,MBL,20,4,500,577,288500
201407102113759,MBL,19,32,254,575,146050
201407102113753,MBL,19,4,500,573,286500
201407102113717,MBL,8,14,284,574,163016
201407102114719,NBL,57,7,536,420,225120
201407102114705,NBL,8,8,100,417,41700
201407102114663,NBL,55,8,475,418,198550
201407102114590,NBL,19,7,1903,416,791648
201407102114558,NBL,5,50,1000,419,419000
201407102114509,NBL,57,10,399,415,165585
201407102113746,NBL,32,5,61,405,24705
201407102113893,NBL,20,22,352,410,144320
201407102113892,NBL,20,6,300,409,122700
201407102113891,NBL,20,13,300,408,122400
201407102113869,NBL,14,45,951,407,387057
201407102113833,NBL,53,29,200,407,81400
201407102113825,NBL,53,42,500,406,203000
201407102114120,NBL,18,14,150,414,62100
201407102114098,NBL,22,14,300,413,123900
201407102114031,NBL,56,36,475,410,194750
201407102114025,NBL,41,13,180,410,73800
201407102113966,NBL,41,50,820,410,336200
201407102113906,NBL,20,21,1000,410,410000
201407102114335,NBL,42,19,715,418,298870
201407102114248,NBL,18,32,257,419,107683
201407102114234,NBL,41,4,1000,416,416000
201407102114191,NBL,56,4,500,415,207500
201407102114175,NBL,18,14,105,418,43890
201407102114143,NBL,43,4,500,413,206500
201407102114774,NDEP,6,58,4000,189,756000
201407102114668,NDEP,14,58,1000,190,190000
201407102114621,NDEP,45,59,356,193,68708
201407102114620,NDEP,45,29,300,193,57900
201407102114613,NDEP,54,33,253,190,48070
201407102114292,NDEP,5,59,420,190,79800
201407102113876,NDEP,19,52,31,186,5766
201407102113860,NDEP,19,46,4569,184,840696
201407102113793,NDEP,49,36,268,185,49580
201407102113785,NDEP,40,56,30,187,5610
201407102114048,NDEP,25,25,1020,188,191760
201407102113949,NDEP,33,33,182,186,33852
201407102113924,NDEP,32,52,150,188,28200
201407102113897,NDEP,19,17,154,187,28798
201407102113889,NDEP,19,56,270,187,50490
201407102113885,NDEP,19,10,300,186,55800
201407102114276,NDEP,5,58,54,190,10260
201407102114268,NDEP,6,13,64,189,12096
201407102114252,NDEP,6,59,630,188,118440
201407102114236,NDEP,22,52,157,187,29359
201407102114206,NDEP,52,52,250,187,46750
201407102114189,NDEP,52,52,400,187,74800
201407102114795,NHPC,29,3,3000,212,636000
201407102114731,NHPC,34,3,1000,215,215000
201407102114726,NHPC,29,3,1000,215,215000
201407102114715,NHPC,35,3,1000,215,215000
201407102114711,NHPC,29,58,500,216,108000
201407102114660,NHPC,29,6,2000,214,428000
201407102113916,NHPC,22,25,40,218,8720
201407102113724,NHPC,7,6,1000,215,215000
201407102113938,NHPC,47,25,100,215,21500
201407102113937,NHPC,52,25,800,215,172000
201407102113936,NHPC,50,25,500,216,108000
201407102113935,NHPC,4,25,500,216,108000
201407102113932,NHPC,22,25,50,218,10900
201407102113931,NHPC,46,25,100,222,22200
201407102113944,NHPC,25,25,100,215,21500
201407102113943,NHPC,22,25,700,215,150500
201407102113942,NHPC,36,25,500,215,107500
201407102113941,NHPC,29,25,200,215,43000
201407102113940,NHPC,29,25,200,215,43000
201407102113939,NHPC,10,25,300,215,64500
201407102114083,NHPC,29,32,1000,215,215000
201407102114024,NHPC,36,25,600,215,129000
201407102114010,NHPC,58,22,40,219,8760
201407102113954,NHPC,6,32,1000,215,215000
201407102113946,NHPC,22,25,500,215,107500
201407102113945,NHPC,58,25,500,215,107500
201407102114210,NHPC,10,53,1000,215,215000
201407102114207,NHPC,10,5,1000,215,215000
201407102114204,NHPC,58,33,1050,214,224700
201407102114202,NHPC,21,21,1000,215,215000
201407102114141,NHPC,35,3,1000,215,215000
201407102114106,NHPC,29,32,1000,215,215000
201407102114430,NHPC,6,33,2000,214,428000
201407102114424,NHPC,57,3,6000,211,1266000
201407102114384,NHPC,17,17,1000,214,214000
201407102114365,NHPC,58,32,520,214,111280
201407102114302,NHPC,4,33,1000,214,214000
201407102114271,NHPC,42,1,1000,215,215000
201407102114513,NHPC,17,3,1000,214,214000
201407102114507,NHPC,36,3,1000,216,216000
201407102114505,NHPC,36,3,1000,216,216000
201407102114504,NHPC,36,3,900,216,194400
201407102114503,NHPC,36,3,1000,215,215000
201407102114469,NHPC,57,28,11000,212,2332000
201407102114659,NHPC,10,5,500,215,107500
201407102114630,NHPC,55,20,1600,213,340800
201407102114605,NHPC,42,25,1000,215,215000
201407102114574,NHPC,41,3,200,217,43400
201407102114525,NHPC,29,3,1000,216,216000
201407102114521,NHPC,19,6,1000,216,216000
201407102114629,NICA,50,17,1000,970,970000
201407102114553,NICA,46,18,10,978,9780
201407102114495,NICA,49,13,100,965,96500
201407102114481,NICA,54,41,500,975,487500
201407102114459,NICA,50,41,155,969,150195
201407102114450,NICA,29,41,100,968,96800
201407102113853,NICA,54,36,500,955,477500
201407102113808,NICA,42,13,100,950,95000
201407102113767,NICA,18,18,843,938,790734
201407102113991,NICA,8,49,500,956,478000
201407102113963,NICA,8,35,1595,955,1523225
201407102113955,NICA,8,46,25,954,23850
201407102113952,NICA,8,49,180,954,171720
201407102113925,NICA,44,10,120,951,114120
201407102113910,NICA,40,5,192,951,182592
201407102114027,NICA,8,58,205,965,197825
201407102114019,NICA,8,58,500,960,480000
201407102114018,NICA,8,41,100,960,96000
201407102114003,NICA,8,50,280,959,268520
201407102114002,NICA,8,41,100,958,95800
201407102114001,NICA,8,13,100,957,95700
201407102114389,NICA,29,41,25,978,24450
201407102114307,NICA,50,11,150,965,144750
201407102114169,NICA,42,42,500,959,479500
201407102114140,NICA,46,18,20,978,19560
201407102114118,NICA,50,41,117,970,113490
201407102114088,NICA,58,58,45,970,43650
201407102114073,NMB,19,25,77,527,40579
201407102114068,NMB,19,25,67,525,35175
201407102114056,NMB,19,32,200,524,104800
201407102114051,NMB,19,56,327,524,171348
201407102114047,NMB,19,22,72,524,37728
201407102114011,NMB,50,6,200,515,103000
201407102114656,PCBL,39,39,82,580,47560
201407102114612,PCBL,5,5,220,576,126720
201407102114611,PCBL,59,17,14,585,8190
201407102114609,PCBL,25,5,265,576,152640
201407102114606,PCBL,59,17,27,584,15768
201407102114540,PCBL,25,25,200,580,116000
201407102114172,PCBL,29,45,43,576,24768
201407102114059,PCBL,44,58,805,575,462875
201407102113748,PCBL,29,33,80,576,46080
201407102113688,PCBL,43,1,526,575,302450
201407102114298,PCBL,43,25,43,582,25026
201407102114290,PCBL,43,7,76,580,44080
201407102114289,PCBL,43,29,52,580,30160
201407102114288,PCBL,43,17,30,580,17400
201407102114274,PCBL,17,32,78,578,45084
201407102114178,PCBL,36,45,462,575,265650
201407102114493,PCBL,44,49,324,579,187596
201407102114478,PCBL,14,20,221,576,127296
201407102114460,PCBL,14,41,379,578,219062
201407102114387,PCBL,6,49,73,576,42048
201407102114369,PCBL,43,43,29,582,16878
201407102114299,PCBL,43,17,80,582,46560
201407102114702,PLIC,18,39,20,1095,21900
201407102114607,PLIC,44,59,27,1095,29565
201407102114421,PLIC,17,6,186,1100,204600
201407102114371,PLIC,6,42,54,1108,59832
201407102114366,PLIC,6,19,23,1107,25461
201407102114272,PLIC,17,10,230,1100,253000
201407102113817,PLIC,44,14,13,1100,14300
201407102113807,PLIC,18,11,40,1095,43800
201407102113835,PLIC,44,7,149,1100,163900
201407102113832,PLIC,44,7,149,1100,163900
201407102113829,PLIC,44,50,27,1100,29700
201407102113823,PLIC,44,14,13,1100,14300
201407102113821,PLIC,44,11,13,1099,14287
201407102113819,PLIC,44,14,13,1100,14300
201407102114230,PLIC,57,19,198,1106,218988
201407102114217,PLIC,17,49,779,1105,860795
201407102114198,PLIC,57,14,13,1105,14365
201407102114183,PLIC,57,14,13,1105,14365
201407102114174,PLIC,57,14,13,1105,14365
201407102114105,PLIC,49,49,500,1100,550000
201407102114740,SBL,54,1,161,815,131215
201407102114666,SBL,18,40,10,810,8100
201407102114576,SBL,28,13,500,800,400000
201407102114436,SBL,54,56,500,816,408000
201407102114435,SBL,54,43,330,814,268620
201407102114434,SBL,54,1,190,810,153900
201407102113884,SBL,6,50,177,790,139830
201407102113749,SBL,11,11,98,791,77518
201407102113744,SBL,36,43,163,788,128444
201407102114418,SBL,25,14,146,801,116946
201407102114181,SBL,36,4,127,800,101600
201407102114162,SBL,50,50,485,795,385575
201407102114021,SBL,53,49,500,792,396000
201407102114004,SBL,53,18,185,792,146520
201407102113913,SBL,39,43,232,791,183512
201407102114769,SCB,41,20,26,2680,69680
201407102114482,SCB,21,52,115,2689,309235
201407102114160,SCB,41,56,100,2688,268800
201407102114085,SCB,56,56,200,2670,534000
201407102114074,SCB,45,56,150,2674,401100
201407102114064,SCB,45,18,100,2674,267400
201407102113993,SCB,39,22,56,2686,150416
201407102113960,SCB,45,36,278,2680,745040
201407102113926,SCB,28,6,422,2670,1126740
201407102113905,SCB,36,49,190,2676,508440
201407102114190,SEWA,13,20,100,345,34500
201407102114152,SEWA,25,14,200,343,68600
201407102114151,SEWA,25,51,30,342,10260
201407102114144,SEWA,25,10,1035,340,351900
201407102113703,SEWA,25,33,200,339,67800
201407102114531,SLICL,18,34,84,749,62916
201407102114353,SLICL,42,5,111,735,81585
201407102114229,SLICL,44,25,500,735,367500
201407102114226,SLICL,44,34,102,730,74460
201407102114223,SLICL,44,50,23,730,16790
201407102114123,SLICL,35,35,455,722,328510
201407102113969,SLICL,29,29,174,729,126846
201407102113951,SLICL,29,40,34,728,24752
201407102113852,SLICL,45,54,11,730,8030
201407102113723,SLICL,57,57,34,726,24684
201407102114782,SRBL,44,1,1000,505,505000
201407102114710,SRBL,10,28,1264,504,637056
201407102114690,SRBL,10,36,234,506,118404
201407102114599,SRBL,44,44,1000,504,504000
201407102114580,SRBL,54,19,365,503,183595
201407102114561,SRBL,44,44,500,505,252500
201407102113754,SRBL,44,43,384,505,193920
201407102113715,SRBL,44,44,500,504,252000
201407102113883,SRBL,44,44,500,506,253000
201407102113882,SRBL,44,44,500,506,253000
201407102113867,SRBL,55,36,258,505,130290
201407102113809,SRBL,44,44,100,506,50600
201407102113780,SRBL,44,44,500,505,252500
201407102113766,SRBL,44,18,100,506,50600
201407102114281,SRBL,49,49,1000,503,503000
201407102114108,SRBL,44,44,463,503,232889
201407102114063,SRBL,8,6,290,500,145000
201407102114033,SRBL,44,44,500,504,252000
201407102114032,SRBL,44,44,500,504,252000
201407102113986,SRBL,44,1,129,505,65145
201407102114529,SRBL,46,44,500,503,251500
201407102114432,SRBL,44,14,39,505,19695
201407102114361,SRBL,44,42,100,505,50500
201407102114354,SRBL,44,1,210,505,106050
201407102114329,SRBL,54,49,52,503,26156
201407102114295,SRBL,49,49,1831,503,920993
201407102114538,SUPRME,47,40,170,175,29750
201407102114502,SUPRME,55,40,336,172,57792
201407102114473,SUPRME,49,49,1600,174,278400
201407102114454,SUPRME,47,49,1567,174,272658
201407102114313,SUPRME,47,10,1100,177,194700
201407102114127,SUPRME,10,11,10,174,1740
201407102114126,SUPRME,10,11,10,174,1740
201407102114096,SUPRME,47,22,2000,172,344000
201407102114739,YETI,5,32,40,170,6800
201407102114732,YETI,5,32,20,170,3400
201407102114723,YETI,5,32,20,170,3400
201407102114704,YETI,5,32,20,170,3400
201407102114399,YETI,36,54,43,170,7310
201407102114357,YETI,40,54,99,171,16929
201407102113840,YETI,7,28,40,170,6800
201407102113837,YETI,57,41,2130,170,362100
201407102113836,YETI,57,10,1100,169,185900
201407102113794,YETI,55,8,11,171,1881
201407102113763,YETI,7,49,50,170,8500
201407102114297,YETI,40,1,23,171,3933
201407102114291,YETI,1,51,35,170,5950
201407102114159,YETI,7,21,11,170,1870
201407102113901,YETI,55,1,23,171,3933
201407102113888,YETI,5,1,23,171,3933
201407102113847,YETI,7,28,40,170,6800
201407102112684,ADBL,42,50,111,650,72150
201407102112682,ADBL,39,4,500,648,324000
201407102112662,ADBL,14,49,200,656,131200
201407102112656,ADBL,14,18,124,656,81344
201407102112651,ADBL,14,49,756,655,495180
201407102112642,ADBL,35,56,963,650,625950
201407102112741,ADBL,25,58,871,656,571376
201407102112713,ADBL,13,58,270,655,176850
201407102112710,ADBL,19,58,80,655,52400
201407102112696,ADBL,40,59,30,650,19500
201407102112691,ADBL,5,50,40,655,26200
201407102112690,ADBL,5,58,150,655,98250
201407102112753,ADBL,44,56,5000,650,3250000
201407102112751,ADBL,44,56,6479,650,4211350
201407102113574,AHPC,28,44,96,535,51360
201407102113417,AHPC,21,5,1300,530,689000
201407102113394,AHPC,28,45,100,535,53500
201407102113380,AHPC,47,29,500,530,265000
201407102113110,AHPC,35,35,4000,520,2080000
201407102113061,AHPC,8,18,216,530,114480
201407102112645,AHPC,21,8,100,530,53000
201407102112644,AHPC,21,8,100,532,53200
201407102112643,AHPC,49,8,100,533,53300
201407102112836,AHPC,22,29,1000,525,525000
201407102112831,AHPC,8,8,1000,530,530000
201407102112743,AHPC,57,8,400,530,212000
201407102112742,AHPC,42,8,200,531,106200
201407102112666,AHPC,17,7,100,526,52600
201407102112646,AHPC,22,8,100,530,53000
201407102112992,AHPC,39,17,41,534,21894
201407102112954,AHPC,19,29,14,531,7434
201407102112935,AHPC,39,29,14,531,7434
201407102112929,AHPC,22,22,1203,526,632778
201407102112885,AHPC,39,20,500,530,265000
201407102112846,AHPC,39,17,41,534,21894
201407102113654,ALICL,36,6,50,1243,62150
201407102113653,ALICL,36,56,29,1242,36018
201407102113652,ALICL,36,6,50,1242,62100
201407102113203,ALICL,36,22,300,1240,372000
201407102113192,ALICL,50,14,501,1240,621240
201407102113046,ALICL,50,51,464,1239,574896
201407102113044,ALICL,50,29,60,1235,74100
201407102113043,ALICL,50,29,60,1235,74100
201407102112677,ALICL,36,41,34,1250,42500
201407102112676,ALICL,36,41,388,1240,481120
201407102113672,CBL,40,45,52,327,17004
201407102113637,CBL,41,41,510,324,165240
201407102113624,CBL,39,22,100,327,32700
201407102113603,CBL,29,13,490,325,159250
201407102113569,CBL,13,22,270,326,88020
201407102113513,CBL,21,22,135,326,44010
201407102112745,CBL,18,35,1356,324,439344
201407102112737,CBL,11,4,250,322,80500
201407102112734,CBL,11,4,300,322,96600
201407102112733,CBL,33,4,150,323,48450
201407102112732,CBL,22,4,300,324,97200
201407102112692,CBL,25,25,1009,320,322880
201407102112927,CBL,7,7,17,326,5542
201407102112853,CBL,7,41,511,326,166586
201407102112839,CBL,19,1,266,325,86450
201407102112834,CBL,13,13,1018,322,327796
201407102112820,CBL,7,57,1019,325,331175
201407102112772,CBL,36,13,792,324,256608
201407102113291,CBL,40,46,110,327,35970
201407102113163,CBL,36,4,55,328,18040
201407102113122,CBL,7,22,68,327,22236
201407102112947,CBL,7,43,56,327,18312
201407102112938,CBL,7,49,499,326,162674
201407102112936,CBL,50,17,102,325,33150
201407102113382,CBL,7,46,500,326,163000
201407102113366,CBL,57,17,30,326,9780
201407102113340,CBL,32,32,1018,325,330850
201407102113315,CBL,52,44,112,327,36624
201407102113310,CBL,32,32,1126,324,364824
201407102113308,CBL,40,44,112,327,36624
201407102113483,CBL,40,17,103,327,33681
201407102113466,CBL,25,33,408,326,133008
201407102113399,CBL,39,39,111,329,36519
201407102113392,CBL,7,46,226,326,73676
201407102113390,CBL,39,39,27,329,8883
201407102113389,CBL,39,7,68,329,22372
201407102113680,CCBL,43,57,31,325,10075
201407102113665,CCBL,28,41,153,323,49419
201407102113567,CCBL,25,57,31,325,10075
201407102113556,CCBL,25,11,52,324,16848
201407102113482,CCBL,25,22,105,324,34020
201407102113434,CCBL,32,1,20,323,6460
201407102112766,CCBL,18,22,40,324,12960
201407102112765,CCBL,18,22,40,324,12960
201407102112758,CCBL,18,6,126,324,40824
201407102112687,CCBL,58,13,149,323,48127
201407102113055,CCBL,13,22,40,324,12960
201407102113042,CCBL,13,6,636,324,206064
201407102113037,CCBL,29,32,10,323,3230
201407102112981,CCBL,29,22,31,324,10044
201407102112768,CCBL,18,22,40,324,12960
201407102112767,CCBL,18,22,40,324,12960
201407102113227,CCBL,32,32,306,322,98532
201407102113216,CCBL,52,49,61,321,19581
201407102113209,CCBL,11,11,153,323,49419
201407102113199,CCBL,35,49,61,322,19642
201407102113142,CCBL,29,49,31,323,10013
201407102113056,CCBL,13,22,40,324,12960
201407102113261,CCBL,55,14,700,321,224700
201407102113245,CCBL,32,32,306,323,98838
201407102113236,CCBL,29,57,31,325,10075
201407102113235,CCBL,29,22,16,324,5184
201407102113231,CCBL,29,11,31,323,10013
201407102113229,CCBL,29,11,31,323,10013
201407102113387,CCBL,25,1,36,322,11592
201407102113333,CCBL,51,44,276,322,88872
201407102113330,CCBL,45,58,61,322,19642
201407102113323,CCBL,55,44,230,321,73830
201407102113314,CCBL,36,14,300,322,96600
201407102113295,CCBL,42,14,478,321,153438
201407102113659,CHCL,11,49,78,2664,207792
201407102113643,CHCL,28,49,78,2663,207714
201407102113642,CHCL,11,49,78,2663,207714
201407102113621,CHCL,19,1,120,2661,319320
201407102113601,CHCL,17,49,91,2662,242242
201407102113600,CHCL,17,54,150,2662,399300
201407102112922,CHCL,44,18,100,2668,266800
201407102112916,CHCL,10,39,100,2665,266500
201407102112899,CHCL,10,49,47,2659,124973
201407102112711,CHCL,41,6,100,2650,265000
201407102113307,CHCL,18,45,80,2661,212880
201407102113213,CHCL,50,35,500,2660,1330000
201407102113207,CHCL,50,43,165,2665,439725
201407102113151,CHCL,52,45,94,2662,250228
201407102113140,CHCL,11,35,500,2660,1330000
201407102113107,CHCL,22,22,98,2657,260386
201407102113410,CHCL,29,45,47,2663,125161
201407102113396,CHCL,29,54,50,2663,133150
201407102113371,CHCL,53,45,130,2662,346060
201407102113364,CHCL,53,45,104,2661,276744
201407102113362,CHCL,29,45,124,2660,329840
201407102113332,CHCL,34,54,138,2663,367494
201407102113552,CHCL,19,49,112,2661,298032
201407102113526,CHCL,17,17,90,2660,239400
201407102113516,CHCL,36,45,70,2660,186200
201407102113509,CHCL,47,45,47,2660,125020
201407102113501,CHCL,1,45,47,2660,125020
201407102113475,CHCL,6,49,78,2663,207714
201407102113167,GBBL,50,21,95,350,33250
201407102112707,GBBL,50,39,37,348,12876
201407102113677,GBIME,54,41,442,625,276250
201407102113640,GBIME,6,7,22,635,13970
201407102113635,GBIME,7,18,245,635,155575
201407102113629,GBIME,7,13,500,634,317000
201407102113622,GBIME,7,5,17,633,10761
201407102113615,GBIME,7,7,22,632,13904
201407102112784,GBIME,44,14,100,624,62400
201407102112781,GBIME,44,33,37,622,23014
201407102112775,GBIME,44,49,57,622,35454
201407102112774,GBIME,44,49,37,622,23014
201407102112770,GBIME,44,50,11,622,6842
201407102112675,GBIME,19,40,16,623,9968
201407102112957,GBIME,36,17,21,628,13188
201407102112956,GBIME,36,14,70,627,43890
201407102112940,GBIME,44,47,1814,625,1133750
201407102112829,GBIME,44,22,98,625,61250
201407102112817,GBIME,44,8,500,627,313500
201407102112789,GBIME,20,34,133,625,83125
201407102113074,GBIME,36,39,36,630,22680
201407102113073,GBIME,36,21,31,629,19499
201407102113071,GBIME,36,4,29,628,18212
201407102113070,GBIME,36,18,200,628,125600
201407102112959,GBIME,36,13,412,629,259148
201407102112958,GBIME,36,17,75,628,47100
201407102113298,GBIME,44,14,1107,625,691875
201407102113219,GBIME,36,6,57,625,35625
201407102113215,GBIME,57,14,255,624,159120
201407102113093,GBIME,36,54,37,630,23310
201407102113089,GBIME,36,53,341,630,214830
201407102113075,GBIME,36,53,293,630,184590
201407102113456,GBIME,44,28,86,628,54008
201407102113415,GBIME,36,22,12,627,7524
201407102113363,GBIME,41,19,95,629,59755
201407102113360,GBIME,19,29,37,623,23051
201407102113339,GBIME,36,58,48,627,30096
201407102113312,GBIME,17,17,1198,625,748750
201407102113604,GBIME,32,45,10,628,6280
201407102113570,GBIME,40,22,15,630,9450
201407102113564,GBIME,40,17,22,630,13860
201407102113548,GBIME,40,22,26,630,16380
201407102113545,GBIME,40,41,37,628,23236
201407102113510,GBIME,11,55,45,627,28215
201407102113580,KMCDB,29,6,10,710,7100
201407102113573,KMCDB,49,6,10,708,7080
201407102113559,KMCDB,49,13,10,708,7080
201407102113558,KMCDB,49,6,10,708,7080
201407102113547,KMCDB,49,42,10,708,7080
201407102113532,KMCDB,42,42,10,708,7080
201407102112926,KMCDB,53,42,10,700,7000
201407102112918,KMCDB,53,42,10,700,7000
201407102112901,KMCDB,53,42,10,700,7000
201407102112777,KMCDB,53,13,10,700,7000
201407102113342,KMCDB,6,42,10,705,7050
201407102113304,KMCDB,49,42,10,702,7020
201407102113292,KMCDB,51,42,10,701,7010
201407102113278,KMCDB,51,42,10,701,7010
201407102113271,KMCDB,51,42,10,701,7010
201407102113248,KMCDB,51,42,10,701,7010
201407102113422,KMCDB,6,6,10,705,7050
201407102113411,KMCDB,6,6,10,705,7050
201407102113383,KMCDB,6,6,10,705,7050
201407102113375,KMCDB,6,6,10,705,7050
201407102113354,KMCDB,6,6,74,705,52170
201407102113343,KMCDB,6,42,10,705,7050
201407102113455,KMCDB,6,6,10,705,7050
201407102113447,KMCDB,6,6,10,705,7050
201407102113441,KMCDB,6,6,10,705,7050
201407102113431,KMCDB,55,42,10,708,7080
201407102113430,KMCDB,55,42,10,708,7080
201407102113428,KMCDB,6,6,10,705,7050
201407102113531,KMCDB,42,42,10,708,7080
201407102113530,KMCDB,42,42,10,708,7080
201407102113515,KMCDB,6,6,10,705,7050
201407102113497,KMCDB,6,6,10,705,7050
201407102113469,KMCDB,6,6,10,705,7050
201407102113462,KMCDB,6,6,10,705,7050
201407102113632,MBL,32,59,500,571,285500
201407102113631,MBL,32,4,500,571,285500
201407102113628,MBL,32,29,71,571,40541
201407102113369,MBL,19,36,119,571,67949
201407102113344,MBL,20,58,300,565,169500
201407102113234,MBL,22,43,183,570,104310
201407102112807,MBL,17,39,200,570,114000
201407102113026,MBL,17,36,213,570,121410
201407102113016,MBL,19,1,160,571,91360
201407102113000,MBL,13,22,776,572,443872
201407102112974,MBL,5,5,110,572,62920
201407102112972,MBL,53,17,50,575,28750
201407102112854,MBL,39,39,75,571,42825
201407102113649,NBL,32,5,342,405,138510
201407102113550,NBL,44,47,1046,406,424676
201407102113522,NBL,45,19,105,405,42525
201407102113503,NBL,45,4,485,405,196425
201407102113502,NBL,45,8,500,405,202500
201407102113500,NBL,45,4,500,404,202000
201407102112649,NBL,57,32,500,403,201500
201407102113109,NBL,41,10,1000,401,401000
201407102113058,NBL,19,10,500,402,201000
201407102112871,NBL,42,51,500,404,202000
201407102112793,NBL,53,59,1064,397,422408
201407102112724,NBL,13,51,500,401,200500
201407102112688,NBL,56,8,1000,396,396000
201407102113493,NBL,45,8,500,405,202500
201407102113461,NBL,45,1,830,404,335320
201407102113426,NBL,56,14,1051,402,422502
201407102113321,NBL,17,41,1000,401,401000
201407102113188,NBL,21,44,1000,403,403000
201407102113161,NBL,14,49,210,402,84420
201407102113639,NDEP,40,11,10,186,1860
201407102113638,NDEP,40,52,30,185,5550
201407102113539,NDEP,36,52,90,184,16560
201407102113506,NDEP,52,52,240,185,44400
201407102113395,NDEP,21,46,524,183,95892
201407102113359,NDEP,17,46,120,184,22080
201407102112700,NDEP,35,25,500,181,90500
201407102112699,NDEP,36,25,500,181,90500
201407102112863,NDEP,10,13,300,180,54000
201407102112862,NDEP,19,13,200,180,36000
201407102112861,NDEP,19,13,300,180,54000
201407102112850,NDEP,10,45,320,180,57600
201407102112843,NDEP,10,50,1061,180,190980
201407102112764,NDEP,53,45,500,178,89000
201407102113051,NDEP,4,58,300,184,55200
201407102113017,NDEP,4,6,300,184,55200
201407102113013,NDEP,4,25,500,183,91500
201407102112920,NDEP,25,25,500,180,90000
201407102112915,NDEP,25,25,500,180,90000
201407102112864,NDEP,10,50,1034,181,187154
201407102113348,NDEP,45,45,580,183,106140
201407102113331,NDEP,36,36,413,183,75579
201407102113185,NDEP,36,1,213,185,39405
201407102113184,NDEP,36,25,1000,185,185000
201407102113147,NDEP,13,13,64,183,11712
201407102113101,NDEP,8,52,720,184,132480
201407102113611,NHPC,58,32,1000,215,215000
201407102113568,NHPC,28,32,500,216,108000
201407102113523,NHPC,4,32,1000,215,215000
201407102113492,NHPC,4,59,500,216,108000
201407102113481,NHPC,34,3,350,217,75950
201407102113446,NHPC,34,29,1000,215,215000
201407102112761,NHPC,29,29,1000,215,215000
201407102112755,NHPC,19,29,1000,215,215000
201407102112727,NHPC,42,45,500,219,109500
201407102112709,NHPC,52,8,1000,215,215000
201407102112665,NHPC,10,3,1000,215,215000
201407102112944,NHPC,6,4,2500,214,535000
201407102112943,NHPC,43,3,500,217,108500
201407102112924,NHPC,36,3,1000,216,216000
201407102112903,NHPC,36,3,900,216,194400
201407102112825,NHPC,22,8,1000,215,215000
201407102112779,NHPC,29,4,1000,215,215000
201407102113190,NHPC,22,58,1000,215,215000
201407102113176,NHPC,34,58,1000,215,215000
201407102113108,NHPC,41,3,1000,215,215000
201407102113038,NHPC,21,3,1000,215,215000
201407102112968,NHPC,52,3,500,216,108000
201407102112961,NHPC,52,3,500,216,108000
201407102113301,NHPC,17,21,1000,215,215000
201407102113300,NHPC,36,1,500,216,108000
201407102113283,NHPC,58,6,1000,215,215000
201407102113259,NHPC,36,3,500,216,108000
201407102113247,NHPC,6,21,1000,215,215000
201407102113242,NHPC,10,21,1000,215,215000
201407102113656,NICA,42,14,87,950,82650
201407102113647,NICA,50,36,500,955,477500
201407102113633,NICA,8,14,153,951,145503
201407102113620,NICA,8,14,133,954,126882
201407102113619,NICA,8,22,300,953,285900
201407102113614,NICA,11,11,50,952,47600
201407102112778,NICA,54,54,366,941,344406
201407102112683,NICA,10,43,20,940,18800
201407102112679,NICA,10,43,87,940,81780
201407102112678,NICA,10,21,90,938,84420
201407102112670,NICA,13,21,285,932,265620
201407102112908,NICA,36,35,297,945,280665
201407102112875,NICA,44,29,600,941,564600
201407102112874,NICA,6,6,500,942,471000
201407102112848,NICA,44,44,30,940,28200
201407102112814,NICA,18,18,500,938,469000
201407102112803,NICA,53,13,202,940,189880
201407102113059,NICA,53,5,655,949,621595
201407102113048,NICA,53,32,25,950,23750
201407102113047,NICA,53,13,30,950,28500
201407102113007,NICA,44,22,20,940,18800
201407102112983,NICA,6,6,500,949,474500
201407102112969,NICA,10,20,100,945,94500
201407102113324,NICA,47,1,10,940,9400
201407102113239,NICA,44,41,15,940,14100
201407102113222,NICA,44,29,20,940,18800
201407102113179,NICA,7,44,228,945,215460
201407102113134,NICA,44,44,980,927,908460
201407102113119,NICA,40,44,620,945,585900
201407102113505,NICA,40,44,354,949,335946
201407102113499,NICA,40,47,91,948,86268
201407102113485,NICA,40,13,75,947,71025
201407102113437,NICA,57,50,30,949,28470
201407102113423,NICA,50,18,154,942,145068
201407102113335,NICA,57,41,61,945,57645
201407102113609,NICA,43,4,15,950,14250
201407102113606,NICA,44,49,342,951,325242
201407102113546,NICA,46,17,616,950,585200
201407102113534,NICA,43,17,40,950,38000
201407102113528,NICA,40,44,552,949,523848
201407102113517,NICA,40,50,60,949,56940
201407102113585,NMB,19,18,33,514,16962
201407102113144,NMB,36,6,69,514,35466
201407102112847,NMB,36,36,294,504,148176
201407102112791,NMB,36,36,133,503,66899
201407102112773,NMB,36,36,133,502,66766
201407102112762,NMB,36,36,133,502,66766
201407102112757,NMB,21,21,96,503,48288
201407102112740,NMB,50,21,386,501,193386
201407102112792,NNFC,22,4,1000,297,297000
201407102113676,PCBL,36,19,99,575,56925
201407102113646,PCBL,57,45,207,574,118818
201407102113598,PCBL,14,6,53,574,30422
201407102113465,PCBL,11,36,115,570,65550
201407102113439,PCBL,44,29,66,572,37752
201407102113327,PCBL,53,8,110,573,63030
201407102113012,PCBL,43,21,27,566,15282
201407102112845,PCBL,43,57,22,561,12342
201407102112828,PCBL,40,20,290,565,163850
201407102112787,PCBL,53,58,280,560,156800
201407102112730,PCBL,44,8,960,565,542400
201407102112704,PCBL,43,21,100,563,56300
201407102113269,PCBL,1,7,27,565,15255
201407102113256,PCBL,17,7,27,565,15255
201407102113230,PCBL,43,43,106,574,60844
201407102113020,PCBL,43,25,520,572,297440
201407102113015,PCBL,43,6,126,571,71946
201407102113014,PCBL,43,6,13,567,7371
201407102113356,PLIC,6,58,81,1090,88290
201407102113349,PLIC,44,51,120,1099,131880
201407102113095,PLIC,18,59,40,1095,43800
201407102112898,PLIC,14,11,45,1104,49680
201407102112880,PLIC,44,51,120,1103,132360
201407102112717,PLIC,50,45,256,1103,282368
201407102112708,PLIC,44,14,13,1104,14352
201407102112694,PLIC,49,49,1572,1100,1729200
201407102112685,PLIC,18,11,48,1104,52992
201407102113549,SBL,43,43,419,776,325144
201407102113535,SBL,49,33,159,780,124020
201407102113525,SBL,36,50,400,778,311200
201407102113451,SBL,36,18,500,775,387500
201407102113309,SBL,36,5,77,780,60060
201407102113302,SBL,36,33,181,780,141180
201407102112647,SBL,11,13,250,769,192250
201407102112877,SBL,36,19,100,777,77700
201407102112870,SBL,36,18,437,774,338238
201407102112837,SBL,54,14,171,775,132525
201407102112826,SBL,36,14,700,774,541800
201407102112819,SBL,50,21,98,770,75460
201407102112735,SBL,50,21,146,769,112274
201407102113397,SCB,7,44,100,2685,268500
201407102113159,SCB,14,41,35,2680,93800
201407102113139,SCB,14,22,56,2685,150360
201407102113087,SCB,41,22,58,2690,156020
201407102113045,SCB,45,44,100,2679,267900
201407102113040,SCB,8,51,200,2670,534000
201407102112815,SCB,28,28,32,2670,85440
201407102112749,SCB,14,14,120,2670,320400
201407102112726,SCB,36,3,113,2665,301145
201407102112721,SCB,36,22,50,2660,133000
201407102112720,SCB,36,20,52,2655,138060
201407102112712,SCB,14,35,90,2654,238860
201407102112979,SCB,39,20,110,2665,293150
201407102112891,SCB,29,39,29,2667,77343
201407102112838,SCB,14,13,64,2670,170880
201407102112824,SCB,29,1,50,2667,133350
201407102112822,SCB,3,55,15,2691,40365
201407102112818,SCB,3,21,39,2680,104520
201407102113597,SEWA,32,35,69,338,23322
201407102113593,SEWA,43,35,77,338,26026
201407102113285,SEWA,43,51,43,338,14534
201407102112990,SEWA,43,21,30,338,10140
201407102113444,SLICL,44,56,100,725,72500
201407102113440,SLICL,44,50,23,725,16675
201407102113436,SLICL,44,50,23,725,16675
201407102113150,SLICL,50,59,200,725,145000
201407102113149,SLICL,50,25,72,724,52128
201407102113098,SLICL,42,22,34,715,24310
201407102112964,SLICL,55,41,30,725,21750
201407102112950,SLICL,55,41,270,725,195750
201407102112921,SLICL,42,50,23,726,16698
201407102112919,SLICL,44,50,23,727,16721
201407102113086,SLICL,42,22,34,715,24310
201407102113085,SLICL,42,50,23,715,16445
201407102112997,SLICL,17,50,23,711,16353
201407102112996,SLICL,42,50,23,720,16560
201407102112994,SLICL,42,1,485,724,351140
201407102112977,SLICL,55,13,198,725,143550
201407102113662,SRBL,8,40,96,500,48000
201407102113592,SRBL,44,44,500,504,252000
201407102113504,SRBL,44,44,1000,504,504000
201407102113484,SRBL,44,29,91,504,45864
201407102113479,SRBL,44,34,32,503,16096
201407102113326,SRBL,44,1,100,505,50500
201407102112771,SRBL,42,1,123,490,60270
201407102112701,SRBL,47,14,39,483,18837
201407102112660,SRBL,44,13,113,489,55257
201407102112658,SRBL,44,20,843,489,412227
201407102112657,SRBL,22,1,189,486,91854
201407102112653,SRBL,45,1,496,485,240560
201407102113112,SRBL,44,18,10,493,4930
201407102112869,SRBL,36,57,16,484,7744
201407102112859,SRBL,44,57,32,485,15520
201407102112855,SRBL,44,44,40,490,19600
201407102112804,SRBL,44,1,940,492,462480
201407102112788,SRBL,42,1,298,490,146020
201407102113325,SRBL,44,41,32,500,16000
201407102113317,SRBL,13,58,48,496,23808
201407102113303,SRBL,44,20,725,497,360325
201407102113152,SRBL,44,13,200,499,99800
201407102113137,SRBL,14,14,26,495,12870
201407102113124,SRBL,45,51,45,494,22230
201407102113563,SUPRME,10,4,925,169,156325
201407102113555,SUPRME,10,57,468,170,79560
201407102113554,SUPRME,10,14,1000,170,170000
201407102113454,SUPRME,45,45,30,170,5100
201407102113450,SUPRME,45,45,30,170,5100
201407102113379,SUPRME,10,58,160,168,26880
201407102113674,YETI,7,51,90,170,15300
201407102113666,YETI,7,25,30,170,5100
201407102113660,YETI,7,25,30,170,5100
201407102113651,YETI,7,25,30,170,5100
201407102113645,YETI,7,42,30,170,5100
201407102113524,YETI,11,1,70,171,11970
201407102112851,YETI,53,13,360,172,61920
201407102112832,YETI,45,54,20,173,3460
201407102112801,YETI,18,54,11,173,1903
201407102112783,YETI,45,54,63,173,10899
201407102113105,YETI,55,33,60,170,10200
201407102113094,YETI,55,33,60,170,10200
201407102112999,YETI,53,41,23,172,3956
201407102112993,YETI,42,41,23,172,3956
201407102112963,YETI,13,20,2620,171,448020
201407102112902,YETI,57,32,1000,170,170000
201407102113263,YETI,11,39,30,170,5100
201407102113165,YETI,53,41,11,170,1870
201407102113160,YETI,53,39,30,170,5100
201407102113156,YETI,55,41,11,170,1870
201407102113154,YETI,55,39,50,170,8500
201407102113148,YETI,45,32,20,173,3460
201407102113288,YETI,59,41,11,170,1870
201407102113287,YETI,59,39,50,170,8500
201407102113267,YETI,11,41,11,170,1870
201407102113266,YETI,11,39,50,170,8500
201407102113265,YETI,11,39,40,170,6800
201407102113264,YETI,11,39,20,170,3400
201407102113486,YETI,18,1,23,169,3887
201407102113474,YETI,11,1,23,170,3910
201407102113459,YETI,53,1,23,172,3956
201407102113443,YETI,53,22,60,172,10320
201407102113297,YETI,53,43,106,170,18020
201407102113294,YETI,59,41,11,170,1870
201407102112627,ADBL,35,56,980,645,632100
201407102112544,ADBL,11,6,31,650,20150
201407102112530,ADBL,49,49,244,651,158844
201407102112503,ADBL,53,18,161,651,104811
201407102112492,ADBL,43,56,182,651,118482
201407102112486,ADBL,5,52,30,652,19560
201407102112260,ADBL,17,17,190,659,125210
201407102112455,ADBL,5,18,110,652,71720
201407102112443,ADBL,35,35,1500,650,975000
201407102112366,ADBL,14,40,453,658,298074
201407102112350,ADBL,5,1,30,659,19770
201407102112342,ADBL,6,50,500,651,325500
201407102112328,ADBL,5,1,30,655,19650
201407102112559,AHPC,11,11,100,534,53400
201407102112526,AHPC,22,51,300,532,159600
201407102112524,AHPC,11,17,100,533,53300
201407102112522,AHPC,49,34,1000,525,525000
201407102112518,AHPC,56,51,82,532,43624
201407102112510,AHPC,45,51,102,530,54060
201407102112301,AHPC,57,34,500,530,265000
201407102112491,AHPC,21,13,200,532,106400
201407102112407,AHPC,45,50,70,530,37100
201407102112398,AHPC,13,8,200,530,106000
201407102112378,AHPC,45,55,10,530,5300
201407102112374,AHPC,21,47,600,530,318000
201407102112349,AHPC,45,5,200,529,105800
201407102112607,ALICL,36,22,111,1235,137085
201407102112604,ALICL,50,21,201,1234,248034
201407102112587,ALICL,50,51,811,1233,999963
201407102112564,ALICL,36,57,458,1230,563340
201407102112539,ALICL,36,6,500,1224,612000
201407102112502,ALICL,55,25,200,1220,244000
201407102112329,ALICL,44,33,337,1210,407770
201407102112289,ALICL,36,51,825,1234,1018050
201407102112286,ALICL,36,43,43,1234,53062
201407102112255,ALICL,44,22,29,1210,35090
201407102112241,ALICL,44,56,40,1234,49360
201407102112501,ALICL,55,34,30,1220,36600
201407102112440,ALICL,45,45,106,1200,127200
201407102112370,ALICL,42,34,20,1220,24400
201407102112365,ALICL,36,4,326,1210,394460
201407102112353,ALICL,42,17,60,1220,73200
201407102112346,ALICL,33,33,1000,1200,1200000
201407102112629,CBL,11,43,1000,325,325000
201407102112620,CBL,11,42,164,325,53300
201407102112612,CBL,52,57,511,325,166075
201407102112586,CBL,18,17,500,324,162000
201407102112580,CBL,18,41,27,324,8748
201407102112529,CBL,43,43,500,322,161000
201407102112515,CBL,57,43,184,323,59432
201407102112249,CBL,52,42,154,325,50050
201407102112632,CCBL,19,36,31,321,9951
201407102112595,CCBL,19,8,10,321,3210
201407102112594,CCBL,42,6,154,324,49896
201407102112590,CCBL,22,8,11,322,3542
201407102112582,CCBL,43,6,80,322,25760
201407102112565,CCBL,52,10,111,322,35742
201407102112242,CCBL,25,25,40,326,13040
201407102112239,CCBL,13,42,40,320,12800
201407102112238,CCBL,13,42,40,320,12800
201407102112237,CCBL,13,42,10,320,3200
201407102112344,CCBL,7,57,40,325,13000
201407102112325,CCBL,52,43,40,322,12880
201407102112287,CCBL,11,57,40,325,13000
201407102112284,CCBL,43,57,31,325,10075
201407102112246,CCBL,11,57,31,325,10075
201407102112244,CCBL,25,25,40,326,13040
201407102112553,CCBL,7,39,195,323,62985
201407102112509,CCBL,52,6,100,324,32400
201407102112508,CCBL,19,4,1078,324,349272
201407102112450,CCBL,22,57,31,325,10075
201407102112447,CCBL,11,6,30,325,9750
201407102112345,CCBL,7,57,31,325,10075
201407102112589,CHCL,44,49,200,2665,533000
201407102112421,CHCL,45,14,23,2650,60950
201407102112420,CHCL,44,47,20,2670,53400
201407102112412,CHCL,22,14,23,2650,60950
201407102112395,CHCL,49,6,80,2650,212000
201407102112373,CHCL,44,34,280,2670,747600
201407102112263,CHCL,41,19,100,2666,266600
201407102112256,CHCL,33,32,39,2665,103935
201407102112240,CHCL,41,42,36,2670,96120
201407102112605,GBBL,50,22,252,355,89460
201407102112299,GBBL,1,13,108,355,38340
201407102112639,GBIME,36,4,87,628,54636
201407102112630,GBIME,36,4,87,628,54636
201407102112614,GBIME,49,49,500,618,309000
201407102112560,GBIME,50,50,50,623,31150
201407102112547,GBIME,44,50,74,625,46250
201407102112541,GBIME,36,40,16,625,10000
201407102112322,GBIME,36,17,127,627,79629
201407102112277,GBIME,44,47,236,625,147500
201407102112254,GBIME,44,57,85,625,53125
201407102112253,GBIME,44,57,140,625,87500
201407102112252,GBIME,44,57,102,625,63750
201407102112392,GBIME,36,4,500,621,310500
201407102112369,GBIME,52,14,100,625,62500
201407102112361,GBIME,36,14,20,630,12600
201407102112338,GBIME,36,14,90,630,56700
201407102112324,GBIME,36,14,490,630,308700
201407102112323,GBIME,36,41,37,630,23310
201407102112477,GBIME,44,14,379,622,235738
201407102112457,GBIME,44,49,974,621,604854
201407102112431,GBIME,5,34,113,623,70399
201407102112430,GBIME,32,14,10,628,6280
201407102112410,GBIME,36,13,136,625,85000
201407102112396,GBIME,52,13,94,625,58750
201407102112527,GBIME,44,4,160,625,100000
201407102112517,GBIME,36,4,360,622,223920
201407102112498,GBIME,44,7,324,623,201852
201407102112484,GBIME,44,13,255,622,158610
201407102112483,GBIME,49,49,2000,620,1240000
201407102112482,GBIME,44,34,33,621,20493
201407102112275,KMCDB,39,11,10,696,6960
201407102112261,MBL,41,32,265,570,151050
201407102112603,NBL,44,44,1000,400,400000
201407102112581,NBL,17,17,500,399,199500
201407102112568,NBL,41,44,500,398,199000
201407102112543,NBL,21,57,1000,398,398000
201407102112525,NBL,44,14,485,397,192545
201407102112521,NBL,55,34,500,397,198500
201407102112278,NBL,44,39,420,392,164640
201407102112257,NBL,55,50,1000,400,400000
201407102112250,NBL,44,50,1000,400,400000
201407102112481,NBL,17,42,500,392,196000
201407102112444,NBL,55,34,500,394,197000
201407102112422,NBL,44,11,500,395,197500
201407102112400,NBL,22,51,500,392,196000
201407102112390,NBL,32,44,300,393,117900
201407102112279,NBL,44,50,485,392,190120
201407102112601,NDEP,6,25,1000,184,184000
201407102112597,NDEP,6,18,500,183,91500
201407102112588,NDEP,6,4,383,180,68940
201407102112571,NDEP,6,20,516,183,94428
201407102112570,NDEP,6,18,150,181,27150
201407102112561,NDEP,6,50,238,180,42840
201407102112341,NDEP,3,21,119,187,22253
201407102112335,NDEP,17,58,1000,186,186000
201407102112296,NDEP,55,58,91,184,16744
201407102112288,NDEP,55,45,100,184,18400
201407102112272,NDEP,45,45,500,181,90500
201407102112270,NDEP,6,58,11,181,1991
201407102112423,NDEP,1,18,500,183,91500
201407102112417,NDEP,42,18,200,183,36600
201407102112416,NDEP,54,18,100,183,18300
201407102112402,NDEP,55,56,200,186,37200
201407102112393,NDEP,17,25,300,184,55200
201407102112386,NDEP,36,7,127,184,23368
201407102112516,NDEP,19,50,220,180,39600
201407102112513,NDEP,40,7,101,180,18180
201407102112504,NDEP,36,59,800,182,145600
201407102112499,NDEP,36,20,581,183,106323
201407102112476,NDEP,36,58,513,180,92340
201407102112445,NDEP,19,20,500,183,91500
201407102112538,NDEP,14,18,200,178,35600
201407102112537,NDEP,36,10,275,177,48675
201407102112534,NDEP,14,10,300,178,53400
201407102112532,NDEP,19,18,280,180,50400
201407102112531,NDEP,41,18,70,182,12740
201407102112523,NDEP,13,25,53,183,9699
201407102112599,NHPC,10,4,1000,215,215000
201407102112575,NHPC,41,41,500,219,109500
201407102112546,NHPC,10,5,1000,215,215000
201407102112497,NHPC,10,6,1000,215,215000
201407102112494,NHPC,5,6,200,218,43600
201407102112488,NHPC,52,43,500,216,108000
201407102112298,NHPC,33,33,1000,216,216000
201407102112297,NHPC,52,41,500,219,109500
201407102112258,NHPC,49,49,3000,219,657000
201407102112487,NHPC,10,56,1000,217,217000
201407102112456,NHPC,52,35,1000,215,215000
201407102112449,NHPC,44,21,2000,216,432000
201407102112442,NHPC,22,20,1800,215,387000
201407102112409,NHPC,49,8,1000,214,214000
201407102112315,NHPC,52,52,1000,217,217000
201407102112583,NICA,36,13,200,938,187600
201407102112562,NICA,13,50,162,930,150660
201407102112427,NICA,50,39,50,930,46500
201407102112419,NICA,44,5,655,920,602600
201407102112399,NICA,44,40,240,920,220800
201407102112274,NICA,44,43,87,936,81432
201407102112453,NMB,36,6,10,510,5100
201407102112452,NMB,36,25,471,510,240210
201407102112451,NMB,36,32,291,510,148410
201407102112384,NMB,25,50,314,500,157000
201407102112245,NMB,14,32,500,510,255000
201407102112376,NNFC,22,52,168,300,50400
201407102112332,NNFC,22,4,453,300,135900
201407102112281,NNFC,22,42,697,303,211191
201407102112280,NNFC,22,42,550,303,166650
201407102112609,PCBL,43,21,145,569,82505
201407102112576,PCBL,11,41,387,565,218655
201407102112552,PCBL,17,40,632,563,355816
201407102112535,PCBL,36,7,323,562,181526
201407102112339,PCBL,53,8,158,558,88164
201407102112265,PCBL,53,32,500,569,284500
201407102112640,PLIC,18,14,13,1105,14365
201407102112638,PLIC,18,19,24,1105,26520
201407102112631,PLIC,44,51,120,1104,132480
201407102112628,PLIC,18,14,13,1105,14365
201407102112625,PLIC,18,14,13,1105,14365
201407102112429,PLIC,44,57,611,1100,672100
201407102112285,PLIC,34,34,27,1108,29916
201407102112248,PLIC,22,22,60,1130,67800
201407102112247,PLIC,22,22,20,1130,22600
201407102112388,PLIC,44,11,92,1100,101200
201407102112383,PLIC,44,35,1000,1100,1100000
201407102112375,PLIC,18,10,147,1090,160230
201407102112371,PLIC,18,56,120,1085,130200
201407102112340,PLIC,36,21,201,1090,219090
201407102112300,PLIC,44,5,64,1089,69696
201407102112615,SBL,36,14,21,770,16170
201407102112613,SBL,36,52,72,769,55368
201407102112415,SBL,36,6,500,755,377500
201407102112379,SBL,36,14,300,770,231000
201407102112271,SBL,1,19,200,770,154000
201407102112626,SCB,44,44,259,2615,677285
201407102112514,SCB,44,44,305,2614,797270
201407102112506,SCB,8,8,200,2613,522600
201407102112489,SCB,14,39,54,2640,142560
201407102112362,SCB,36,41,94,2639,248066
201407102112319,SCB,36,41,100,2612,261200
201407102112268,SCB,25,25,14,2611,36554
201407102112380,SETI,19,39,23,183,4209
201407102112243,SETI,17,42,151,180,27180
201407102112408,SEWA,53,53,15,338,5070
201407102112394,SEWA,3,3,10,338,3380
201407102112273,SEWA,4,50,92,343,31556
201407102112269,SEWA,4,50,92,343,31556
201407102112262,SEWA,4,50,92,343,31556
201407102112259,SEWA,4,50,92,343,31556
201407102112572,SLICL,44,17,194,721,139874
201407102112454,SLICL,42,39,100,722,72200
201407102112446,SLICL,17,5,410,711,291510
201407102112401,SLICL,59,45,319,720,229680
201407102112397,SLICL,59,5,34,719,24446
201407102112389,SLICL,59,50,23,719,16537
201407102112304,SLICL,42,50,102,720,73440
201407102112303,SLICL,59,50,102,723,73746
201407102112283,SLICL,59,50,102,730,74460
201407102112282,SLICL,59,22,42,730,30660
201407102112251,SLICL,44,22,42,730,30660
201407102112327,SLICL,17,50,23,701,16123
201407102112326,SLICL,17,50,23,701,16123
201407102112320,SLICL,59,50,23,710,16330
201407102112317,SLICL,17,50,23,710,16330
201407102112314,SLICL,44,50,23,716,16468
201407102112313,SLICL,55,50,23,718,16514
201407102112358,SLICL,59,10,253,705,178365
201407102112354,SLICL,55,50,23,715,16445
201407102112348,SLICL,55,13,42,710,29820
201407102112343,SLICL,55,50,23,710,16330
201407102112331,SLICL,59,50,23,701,16123
201407102112330,SLICL,17,50,23,701,16123
201407102112556,SRBL,1,1,989,490,484610
201407102112545,SRBL,10,10,390,484,188760
201407102112542,SRBL,22,39,65,483,31395
201407102112512,SRBL,36,22,193,484,93412
201407102112507,SRBL,10,22,81,485,39285
201407102112475,SRBL,44,8,906,485,439410
201407102112413,SRBL,36,14,200,484,96800
201407102112333,SRBL,44,1,817,490,400330
201407102112276,SRBL,44,1,110,490,53900
201407102112266,SRBL,11,1,81,495,40095
201407102112264,SRBL,11,1,100,495,49500
201407102112548,SUPRME,41,25,472,171,80712
201407102112295,SUPRME,47,22,200,168,33600
201407102112294,SUPRME,47,22,10,168,1680
201407102112293,SUPRME,47,22,10,168,1680
201407102112292,SUPRME,47,22,10,168,1680
201407102112291,SUPRME,47,22,10,168,1680
201407102112290,SUPRME,47,22,10,168,1680
201407102112584,YETI,45,19,60,174,10440
201407102112569,YETI,18,42,30,173,5190
201407102112480,YETI,18,39,60,173,10380
201407102112479,YETI,18,39,60,173,10380
201407102112478,YETI,18,39,60,173,10380
201407102112473,YETI,18,39,60,173,10380
201407102112267,YETI,18,1,11,167,1837
201407102112309,YETI,18,42,70,170,11900
201407102112308,YETI,18,22,20,170,3400
201407102112307,YETI,18,22,20,170,3400
201407102112306,YETI,18,22,20,170,3400
201407102112305,YETI,18,22,20,170,3400
201407102112302,YETI,18,41,23,168,3864
201407102112367,YETI,18,18,5010,172,861720
201407102112363,YETI,18,18,4990,172,858280
201407102112355,YETI,18,1,20,172,3440
201407102112312,YETI,18,42,70,170,11900
201407102112311,YETI,18,42,50,170,8500
201407102112310,YETI,18,42,70,170,11900
201407102112436,YETI,18,39,60,173,10380
201407102112435,YETI,18,39,60,173,10380
201407102112434,YETI,18,39,60,173,10380
201407102112433,YETI,18,39,60,173,10380
201407102112432,YETI,18,39,60,173,10380
201407102112385,YETI,57,45,5855,170,995350
201407102112460,YETI,18,39,60,173,10380
201407102112459,YETI,18,39,60,173,10380
201407102112458,YETI,18,39,60,173,10380
201407102112439,YETI,18,39,60,173,10380
201407102112438,YETI,18,39,60,173,10380
201407102112437,YETI,18,39,60,173,10380
201407102112466,YETI,18,39,60,173,10380
201407102112465,YETI,18,39,60,173,10380
201407102112464,YETI,18,39,60,173,10380
201407102112463,YETI,18,39,60,173,10380
201407102112462,YETI,18,39,60,173,10380
201407102112461,YETI,18,39,60,173,10380
201407102112472,YETI,18,39,60,173,10380
201407102112471,YETI,18,39,60,173,10380
201407102112470,YETI,18,39,60,173,10380
201407102112469,YETI,18,39,60,173,10380
201407102112468,YETI,18,39,60,173,10380
201407102112467,YETI,18,39,60,173,10380
