contract,symbol,buyer,seller,qty,rate,amt
201410212320353,ACEDBL,7,11,100,293,29300
201410212320352,ACEDBL,7,11,50,293,14650
201410212320319,ADBL,28,21,39,506,19734
201410212320125,ADBL,28,6,40,506,20240
201410212319892,ADBL,35,35,30,517,15510
201410212319998,ADBL,4,25,40,508,20320
201410212319997,ADBL,4,25,40,508,20320
201410212319996,ADBL,4,7,40,507,20280
201410212319968,ADBL,4,21,52,507,26364
201410212320103,ADBL,28,6,31,506,15686
201410212320012,ADBL,4,13,111,508,56388
201410212319999,ADBL,4,25,61,508,30988
201410212320354,ALDBL,22,43,10,230,2300
201410212320350,ALDBL,22,43,10,230,2300
201410212320313,ALICL,5,56,84,1195,100380
201410212320161,ALICL,5,54,85,1195,101575
201410212320102,ALICL,5,55,154,1190,183260
201410212320099,ALICL,5,21,222,1190,264180
201410212319967,ALICL,26,26,135,1189,160515
201410212320146,APEX,25,6,20,125,2500
201410212320140,APEX,25,6,20,125,2500
201410212320124,APEX,11,11,141,125,17625
201410212320113,APEX,25,17,20,125,2500
201410212319867,APEX,25,17,20,125,2500
201410212319964,APEX,25,17,20,125,2500
201410212319899,APEX,25,17,20,125,2500
201410212320104,APEX,25,17,20,125,2500
201410212320100,APEX,25,17,20,125,2500
201410212320089,APEX,25,17,20,125,2500
201410212320347,ARDBL,4,4,52,156,8112
201410212320343,ARDBL,4,4,52,156,8112
201410212320333,ARDBL,4,4,52,156,8112
201410212320321,ARDBL,4,4,52,156,8112
201410212320308,ARDBL,4,4,52,156,8112
201410212320295,ARDBL,4,4,52,154,8008
201410212320213,ARDBL,4,4,52,151,7852
201410212319895,ARDBL,17,51,33,150,4950
201410212320207,BGDBL,16,16,10,172,1720
201410212320105,BHBL,25,38,80,150,12000
201410212319904,BHBL,53,36,1000,149,149000
201410212319897,BHBL,42,36,1000,150,150000
201410212320206,BLDBL,49,38,446,455,202930
201410212320196,BLDBL,49,38,47,461,21667
201410212319938,BLDBL,42,25,10,470,4700
201410212319910,BLDBL,42,11,54,464,25056
201410212319890,BLDBL,6,22,77,460,35420
201410212320346,BSBL,29,35,24,275,6600
201410212320132,CBBL,41,18,20,1515,30300
201410212320203,CBL,56,47,26,284,7384
201410212320142,CBL,35,35,11629,279,3244491
201410212320138,CBL,35,35,2000,284,568000
201410212320064,CBL,29,17,135,286,38610
201410212320008,CBL,17,32,135,286,38610
201410212319962,CBL,42,38,108,285,30780
201410212319958,CBL,29,17,153,286,43758
201410212319942,CBL,29,8,144,285,41040
201410212319926,CBL,1,7,68,286,19448
201410212320204,CCBL,17,44,304,281,85424
201410212320198,CCBL,40,44,304,281,85424
201410212319953,CCBL,56,7,61,282,17202
201410212320052,CHCL,42,49,160,1798,287680
201410212319952,CHCL,36,44,200,1790,358000
201410212320293,CNDBL,50,50,20,169,3380
201410212320292,CNDBL,50,50,20,169,3380
201410212320291,CNDBL,50,50,20,169,3380
201410212320290,CNDBL,50,50,20,169,3380
201410212320289,CNDBL,50,50,20,169,3380
201410212320288,CNDBL,50,50,20,169,3380
201410212319988,CNDBL,50,50,20,169,3380
201410212319987,CNDBL,50,50,20,169,3380
201410212319986,CNDBL,50,50,20,169,3380
201410212319985,CNDBL,50,50,20,169,3380
201410212319994,CNDBL,50,50,20,169,3380
201410212319993,CNDBL,50,50,20,169,3380
201410212319992,CNDBL,50,50,20,169,3380
201410212319991,CNDBL,50,50,20,169,3380
201410212319990,CNDBL,50,50,20,169,3380
201410212319989,CNDBL,50,50,20,169,3380
201410212320228,CNDBL,50,50,20,169,3380
201410212320227,CNDBL,50,50,20,169,3380
201410212320226,CNDBL,50,50,20,169,3380
201410212320225,CNDBL,50,50,20,169,3380
201410212320224,CNDBL,50,50,20,169,3380
201410212320223,CNDBL,50,50,20,169,3380
201410212320234,CNDBL,50,50,20,169,3380
201410212320233,CNDBL,50,50,20,169,3380
201410212320232,CNDBL,50,50,20,169,3380
201410212320231,CNDBL,50,50,20,169,3380
201410212320230,CNDBL,50,50,20,169,3380
201410212320229,CNDBL,50,50,20,169,3380
201410212320245,CNDBL,50,50,20,169,3380
201410212320244,CNDBL,50,50,20,169,3380
201410212320243,CNDBL,50,50,20,169,3380
201410212320237,CNDBL,50,50,20,169,3380
201410212320236,CNDBL,50,50,20,169,3380
201410212320235,CNDBL,50,50,20,169,3380
201410212320251,CNDBL,50,50,20,169,3380
201410212320250,CNDBL,50,50,20,169,3380
201410212320249,CNDBL,50,50,20,169,3380
201410212320248,CNDBL,50,50,20,169,3380
201410212320247,CNDBL,50,50,20,169,3380
201410212320246,CNDBL,50,50,20,169,3380
201410212320257,CNDBL,50,50,20,169,3380
201410212320256,CNDBL,50,50,20,169,3380
201410212320255,CNDBL,50,50,20,169,3380
201410212320254,CNDBL,50,50,20,169,3380
201410212320253,CNDBL,50,50,20,169,3380
201410212320252,CNDBL,50,50,20,169,3380
201410212320287,CNDBL,50,50,20,169,3380
201410212320286,CNDBL,50,50,20,169,3380
201410212320285,CNDBL,50,50,20,169,3380
201410212320284,CNDBL,50,50,20,169,3380
201410212320283,CNDBL,50,50,20,169,3380
201410212320282,CNDBL,50,50,20,169,3380
201410212320299,CZBIL,33,32,145,453,65685
201410212320135,CZBIL,33,25,126,454,57204
201410212320134,CZBIL,33,6,70,453,31710
201410212320296,EBL,38,6,20,1920,38400
201410212319886,EBL,38,33,300,1925,577500
201410212319885,EBL,38,17,100,1924,192400
201410212320063,EIC,46,6,50,1020,51000
201410212320368,EKBL,32,32,10,239,2390
201410212320367,EKBL,32,32,10,239,2390
201410212320366,EKBL,32,32,10,239,2390
201410212320181,FFCL,3,32,100,322,32200
201410212320180,FFCL,46,32,200,322,64400
201410212320179,FFCL,53,32,200,323,64600
201410212320178,FFCL,14,32,100,323,32300
201410212320177,FFCL,55,32,300,324,97200
201410212320176,FFCL,43,32,300,325,97500
201410212320175,FFCL,43,32,100,325,32500
201410212320079,FFCL,58,14,1003,323,323969
201410212320022,FFCL,58,58,1000,323,323000
201410212320260,GBBL,56,51,94,366,34404
201410212319871,GBBL,25,51,40,373,14920
201410212320302,GBIME,29,45,242,537,129954
201410212320156,GBIME,28,11,37,540,19980
201410212320143,GBIME,16,26,37,539,19943
201410212320133,GBIME,37,5,50,536,26800
201410212319932,GBIME,34,34,2358,526,1240308
201410212319880,GBIME,51,45,82,536,43952
201410212319878,GBIME,51,45,200,536,107200
201410212320342,GLICL,26,50,53,572,30316
201410212320158,GLICL,45,48,74,571,42254
201410212319981,GLICL,45,18,100,575,57500
201410212319977,GLICL,45,32,15,575,8625
201410212319976,GLICL,45,58,13,575,7475
201410212320365,GRAND,51,8,500,220,110000
201410212320312,GRAND,17,56,1000,219,219000
201410212320258,GRAND,48,56,1000,219,219000
201410212320159,GRAND,49,56,170,221,37570
201410212320150,GRAND,19,7,300,219,65700
201410212319995,GRAND,26,56,1000,219,219000
201410212320123,HBDL,11,52,128,97,12416
201410212319948,HBL,39,25,42,868,36456
201410212319917,HGI,1,43,741,536,397176
201410212320149,IDBL,49,48,300,175,52500
201410212320034,IDBL,50,18,11,176,1936
201410212319955,JBBL,45,43,70,172,12040
201410212319954,JBBL,45,7,30,172,5160
201410212320096,JBNL,6,25,200,275,55000
201410212319883,JBNL,6,19,17,271,4607
201410212320364,KBL,8,18,822,570,468540
201410212320356,KBL,20,55,200,573,114600
201410212320348,KBL,8,46,19,576,10944
201410212320341,KBL,38,53,11,572,6292
201410212320339,KBL,36,18,90,572,51480
201410212320338,KBL,7,18,200,573,114600
201410212319877,KBL,19,29,800,573,458400
201410212319875,KBL,6,6,1200,572,686400
201410212319868,KBL,17,45,30,580,17400
201410212319866,KBL,8,17,200,576,115200
201410212319908,KBL,6,51,560,573,320880
201410212319903,KBL,1,45,63,575,36225
201410212319902,KBL,41,35,36,575,20700
201410212319898,KBL,25,45,93,576,53568
201410212319888,KBL,19,25,121,576,69696
201410212319884,KBL,17,26,100,576,57600
201410212319984,KBL,29,29,250,575,143750
201410212319982,KBL,39,45,180,575,103500
201410212319930,KBL,59,59,228,578,131784
201410212319928,KBL,44,44,1105,574,634270
201410212319914,KBL,29,29,500,574,287000
201410212319909,KBL,6,21,500,574,287000
201410212320033,KBL,36,29,500,573,286500
201410212320030,KBL,8,48,55,576,31680
201410212320017,KBL,19,21,87,576,50112
201410212320014,KBL,35,45,40,580,23200
201410212320005,KBL,35,54,70,580,40600
201410212320004,KBL,39,21,168,575,96600
201410212320045,KBL,58,59,500,574,287000
201410212320044,KBL,58,29,600,573,343800
201410212320040,KBL,36,21,500,572,286000
201410212320038,KBL,25,21,1000,572,572000
201410212320037,KBL,35,48,45,575,25875
201410212320036,KBL,51,45,1000,571,571000
201410212320066,KBL,35,21,463,574,265762
201410212320058,KBL,11,45,100,575,57500
201410212320056,KBL,58,59,666,574,382284
201410212320049,KBL,46,7,231,573,132363
201410212320047,KBL,58,59,482,574,276668
201410212320046,KBL,58,53,1000,574,574000
201410212320095,KBL,50,53,100,580,58000
201410212320091,KBL,13,57,285,573,163305
201410212320083,KBL,50,42,67,580,38860
201410212320078,KBL,22,45,100,576,57600
201410212320075,KBL,42,21,300,575,172500
201410212320070,KBL,8,21,88,576,50688
201410212320117,KBL,58,21,238,575,136850
201410212320116,KBL,56,55,500,574,287000
201410212320115,KBL,51,18,500,571,285500
201410212320111,KBL,25,18,1000,571,571000
201410212320107,KBL,58,44,1000,572,572000
201410212320106,KBL,42,33,232,574,133168
201410212320164,KBL,19,7,140,576,80640
201410212320155,KBL,58,41,500,572,286000
201410212320141,KBL,41,55,17,575,9775
201410212320136,KBL,46,21,631,573,361563
201410212320131,KBL,1,45,114,575,65550
201410212320126,KBL,41,45,30,575,17250
201410212320218,KBL,29,21,342,574,196308
201410212320211,KBL,32,45,363,572,207636
201410212320210,KBL,11,45,100,575,57500
201410212320197,KBL,46,34,1000,574,574000
201410212320172,KBL,6,55,500,574,287000
201410212320171,KBL,6,7,60,576,34560
201410212320264,KBL,17,18,20,575,11500
201410212320263,KBL,39,18,20,575,11500
201410212320262,KBL,39,18,50,575,28750
201410212320261,KBL,6,18,40,576,23040
201410212320240,KBL,19,45,45,576,25920
201410212320221,KBL,8,25,150,576,86400
201410212320270,KBL,58,18,200,575,115000
201410212320269,KBL,58,18,50,575,28750
201410212320268,KBL,41,18,20,575,11500
201410212320267,KBL,58,18,100,575,57500
201410212320266,KBL,41,18,100,575,57500
201410212320265,KBL,35,18,100,575,57500
201410212320278,KBL,11,45,446,573,255558
201410212320275,KBL,8,18,370,574,212380
201410212320274,KBL,6,18,40,574,22960
201410212320273,KBL,22,18,200,574,114800
201410212320272,KBL,41,18,50,574,28700
201410212320271,KBL,4,18,100,574,57400
201410212320335,KBL,45,53,15,573,8595
201410212320329,KBL,8,18,200,574,114800
201410212320328,KBL,1,18,50,576,28800
201410212320320,KBL,11,45,178,574,102172
201410212320315,KBL,58,5,440,572,251680
201410212320304,KBL,58,5,500,572,286000
201410212320307,KDBL,25,21,21,119,2499
201410212319887,KEBL,29,43,17,339,5763
201410212320349,LBL,52,6,900,619,557100
201410212320326,LBL,58,6,395,620,244900
201410212320317,LBL,45,7,500,618,309000
201410212320279,LBL,29,6,300,619,185700
201410212320217,LBL,28,6,400,621,248400
201410212320212,LBL,50,6,500,619,309500
201410212319960,LBL,16,6,100,621,62100
201410212320048,LBL,32,40,200,620,124000
201410212320042,LBL,50,6,40,624,24960
201410212320029,LBL,32,6,200,620,124000
201410212320019,LBL,32,6,50,621,31050
201410212320009,LBL,32,6,50,621,31050
201410212319980,LBL,49,6,440,620,272800
201410212320195,LBL,35,6,200,620,124000
201410212320189,LBL,35,6,300,620,186000
201410212320153,LBL,35,21,500,620,310000
201410212320151,LBL,16,6,100,621,62100
201410212320108,LBL,25,21,33,620,20460
201410212320069,LBL,50,6,40,621,24840
201410212320098,LFLC,7,13,1301,202,262802
201410212320332,LICN,11,49,100,3500,350000
201410212320187,LICN,11,28,50,3468,173400
201410212320186,LICN,11,42,150,3467,520050
201410212320183,LICN,53,14,200,3465,693000
201410212320170,LICN,7,39,60,3468,208080
201410212320109,LICN,38,47,601,3400,2043400
201410212320018,LICN,53,47,93,3420,318060
201410212320192,LUBL,5,17,200,335,67000
201410212319970,MBBL,14,26,100,184,18400
201410212319969,MBBL,14,50,20,184,3680
201410212320303,MBL,35,10,2000,490,980000
201410212320119,MBL,5,21,29,490,14210
201410212320112,MBL,50,55,325,491,159575
201410212319961,MBL,50,22,200,491,98200
201410212319879,MBL,32,32,18,493,8874
201410212319900,MEGA,29,45,31,386,11966
201410212320281,MNBBL,21,47,88,786,69168
201410212319922,MNBBL,32,17,73,785,57305
201410212320101,NABIL,5,22,56,2324,130144
201410212319951,NABIL,50,41,172,2320,399040
201410212319950,NABIL,50,11,100,2316,231600
201410212319949,NABIL,50,11,140,2315,324100
201410212319947,NABIL,50,45,125,2310,288750
201410212320361,NABILP,33,14,100,1596,159600
201410212320191,NABILP,33,10,300,1594,478200
201410212320163,NABILP,33,28,200,1595,319000
201410212320154,NABILP,33,28,200,1595,319000
201410212320336,NBB,25,55,15,592,8880
201410212320305,NBB,25,55,20,581,11620
201410212320216,NBB,26,28,200,576,115200
201410212320215,NBB,26,22,200,575,115000
201410212320194,NBB,54,5,1050,570,598500
201410212320193,NBB,25,5,60,574,34440
201410212319929,NBB,48,5,100,573,57300
201410212319915,NBB,22,5,300,570,171000
201410212319912,NBB,39,5,300,570,171000
201410212319901,NBB,32,5,390,570,222300
201410212319966,NBB,36,5,100,572,57200
201410212319965,NBB,36,5,100,572,57200
201410212319939,NBB,36,33,500,569,284500
201410212319935,NBB,16,5,100,572,57200
201410212319934,NBB,16,5,100,572,57200
201410212319933,NBB,38,5,100,572,57200
201410212320139,NBB,3,33,700,569,398300
201410212320092,NBB,37,55,10,580,5800
201410212319973,NBB,36,5,70,573,40110
201410212319972,NBB,36,5,100,572,57200
201410212319971,NBB,36,5,100,572,57200
201410212320152,NBBL,21,6,100,1630,163000
201410212320118,NBBL,58,18,105,1625,170625
201410212320205,NBL,22,54,900,389,350100
201410212320184,NBL,41,14,200,390,78000
201410212320000,NBL,8,54,1000,390,390000
201410212319870,NBL,22,54,1000,391,391000
201410212320327,NCCB,16,29,500,619,309500
201410212320311,NCCB,16,53,760,619,470440
201410212320190,NCCB,56,53,782,615,480930
201410212320121,NCCB,25,52,210,617,129570
201410212320239,NIB,38,4,191,786,150126
201410212320214,NICA,44,28,655,773,506315
201410212320074,NICL,6,56,100,470,47000
201410212320073,NICL,45,56,100,470,47000
201410212320072,NICL,6,56,200,472,94400
201410212320071,NICL,26,56,100,473,47300
201410212320345,NIL,50,13,11,775,8525
201410212320360,NLBBL,38,59,423,1182,499986
201410212320174,NLIC,50,17,200,4200,840000
201410212319978,NLIC,28,17,200,4200,840000
201410212320127,NLICL,53,51,160,2289,366240
201410212320080,NLICL,57,35,200,2288,457600
201410212320059,NLICL,57,51,200,2285,457000
201410212319889,NLICL,34,49,240,2280,547200
201410212320300,NNFC,41,56,100,272,27200
201410212320002,NNFC,52,13,614,271,166394
201410212320032,NTC,40,22,500,615,307500
201410212320157,NUBL,22,21,99,1556,154044
201410212320016,OHL,11,18,50,699,34950
201410212320363,PCBL,49,56,500,491,245500
201410212320351,PCBL,49,56,97,493,47821
201410212320344,PCBL,1,56,194,494,95836
201410212320337,PCBL,32,11,206,494,101764
201410212320325,PCBL,47,56,27,495,13365
201410212320316,PCBL,6,56,46,495,22770
201410212320294,PCBL,44,56,95,495,47025
201410212320222,PCBL,6,11,140,495,69300
201410212320199,PCBL,49,56,115,496,57040
201410212320129,PCBL,49,56,162,496,80352
201410212320110,PCBL,49,56,284,496,140864
201410212319916,PIC,52,13,39,870,33930
201410212320301,PICL,49,16,160,443,70880
201410212319874,PICL,25,48,16,435,6960
201410212320173,PLIC,14,58,13,1024,13312
201410212320169,PLIC,14,32,14,1023,14322
201410212320094,PLIC,25,56,21,1021,21441
201410212320027,PLIC,53,8,159,1021,162339
201410212319983,PLIC,5,8,200,1021,204200
201410212319927,PLIC,26,20,864,1018,879552
201410212320358,PRDBL,5,47,10,150,1500
201410212320357,PRDBL,5,47,10,150,1500
201410212320185,PURBL,44,1,1000,368,368000
201410212320238,RHPC,17,53,22,575,12650
201410212320137,RHPC,29,48,11,580,6380
201410212320122,RHPC,5,48,11,580,6380
201410212320114,RHPC,5,7,11,579,6369
201410212320010,RHPC,57,48,11,580,6380
201410212320007,RHPC,5,5,10,581,5810
201410212319919,RHPC,57,21,11,579,6369
201410212319918,RHPC,57,21,11,579,6369
201410212319907,RHPC,57,21,11,579,6369
201410212319906,RHPC,57,21,11,579,6369
201410212319893,RHPC,57,21,11,579,6369
201410212319943,RHPC,57,48,11,580,6380
201410212319925,RHPC,57,48,11,580,6380
201410212319924,RHPC,57,48,11,580,6380
201410212319923,RHPC,57,48,11,580,6380
201410212319921,RHPC,57,48,11,580,6380
201410212319920,RHPC,57,48,11,580,6380
201410212320003,RHPC,57,48,11,580,6380
201410212319975,RHPC,5,5,10,581,5810
201410212319957,RHPC,57,51,94,580,54520
201410212319946,RHPC,57,48,11,580,6380
201410212319945,RHPC,57,48,11,580,6380
201410212319944,RHPC,57,48,11,580,6380
201410212319876,RMDC,54,39,33,790,26070
201410212320130,SADBL,48,47,150,315,47250
201410212320128,SADBL,48,47,170,315,53550
201410212320067,SBI,10,33,300,1005,301500
201410212320055,SBI,10,1,134,1007,134938
201410212320006,SBI,8,43,49,1010,49490
201410212319956,SBI,19,22,102,1005,102510
201410212319882,SBI,57,22,167,1005,167835
201410212320309,SBL,17,22,31,615,19065
201410212320276,SCB,49,53,15,2120,31800
201410212320208,SCB,26,25,15,2125,31875
201410212319963,SCB,39,1,40,2129,85160
201410212320318,SEOS,19,39,5000,11,56150
201410212320061,SEOS,5,5,5000,11,55050
201410212320057,SEOS,7,7,5000,11,55300
201410212320054,SEOS,10,39,5000,11,55000
201410212320050,SEOS,10,39,5000,11,55000
201410212320043,SEOS,13,39,5000,11,55000
201410212319979,SEOS,25,39,5000,11,55300
201410212319974,SEOS,7,7,5000,11,55350
201410212319937,SEOS,26,39,5000,11,55250
201410212319931,SEOS,7,7,5000,11,55300
201410212320039,SEOS,13,39,5000,11,55000
201410212320035,SEOS,7,39,5000,11,55250
201410212320026,SEOS,13,39,5000,11,55000
201410212320024,SEOS,7,7,5000,11,55250
201410212320021,SEOS,13,39,5000,11,55000
201410212320013,SEOS,54,39,5000,11,55000
201410212320324,SHINE,57,47,168,368,61824
201410212320323,SHINE,57,47,168,368,61824
201410212320322,SHINE,57,47,168,366,61488
201410212319891,SHINE,14,47,168,365,61320
201410212319872,SHINE,14,47,168,361,60648
201410212320359,SHPC,41,6,200,688,137600
201410212320334,SHPC,41,6,18,687,12366
201410212320310,SHPC,41,6,18,687,12366
201410212320297,SHPC,41,6,18,687,12366
201410212320280,SHPC,41,6,18,687,12366
201410212320242,SHPC,41,6,18,687,12366
201410212319896,SHPC,21,6,18,688,12384
201410212319881,SHPC,26,6,18,687,12366
201410212319873,SHPC,26,49,777,685,532245
201410212320220,SHPC,26,40,18,686,12348
201410212320219,SHPC,41,6,18,687,12366
201410212320209,SHPC,41,6,18,687,12366
201410212320188,SHPC,41,6,18,687,12366
201410212320147,SHPC,41,6,15,687,10305
201410212320145,SHPC,41,6,30,687,20610
201410212320031,SIC,14,11,50,1191,59550
201410212320025,SIC,58,11,91,1180,107380
201410212320023,SIC,37,11,499,1176,586824
201410212320362,SICL,14,11,30,816,24480
201410212320355,SICL,14,29,704,800,563200
201410212320182,SICL,36,33,500,800,400000
201410212320084,SKBBL,34,25,112,1440,161280
201410212320081,SKBBL,41,55,19,1442,27398
201410212320065,SKBBL,41,56,208,1431,297648
201410212319905,SKBBL,46,56,185,1440,266400
201410212320162,SLBBL,55,59,20,2370,47400
201410212320160,SLBBL,37,59,100,2350,235000
201410212320148,SLBBL,38,59,44,2350,103400
201410212320144,SLBBL,56,57,20,2370,47400
201410212320097,SLBBL,52,53,100,2340,234000
201410212319940,SLBBL,38,5,190,2350,446500
201410212319869,SLBBL,55,5,10,2360,23600
201410212320120,SLICL,5,8,500,675,337500
201410212320051,SLICL,5,8,139,675,93825
201410212320020,SLICL,5,8,300,677,203100
201410212320011,SLICL,5,21,45,677,30465
201410212320093,SRBL,18,6,18,390,7020
201410212320090,SRBL,18,1,71,387,27477
201410212320087,SRBL,18,17,78,387,30186
201410212320086,SRBL,18,1,71,385,27335
201410212320085,SRBL,18,1,28,384,10752
201410212320277,SUPRME,54,47,1130,166,187580
201410212320259,SUPRME,40,47,100,168,16800
201410212319959,SUPRME,7,25,100,170,17000
201410212319941,SUPRME,54,16,1000,169,169000
201410212319936,SUPRME,54,47,464,168,77952
201410212320340,SWBBL,37,39,16,1917,30672
201410212320331,SWBBL,37,29,11,1912,21032
201410212320314,SWBBL,10,43,20,1900,38000
201410212320306,SWBBL,37,7,100,1884,188400
201410212320298,SWBBL,37,53,190,1880,357200
201410212320241,SWBBL,18,32,20,1893,37860
201410212320076,SWBBL,37,59,168,1856,311808
201410212320062,SWBBL,10,59,100,1862,186200
201410212320060,SWBBL,26,59,100,1865,186500
201410212320015,SWBBL,45,59,100,1870,187000
201410212320001,TRH,39,39,40,299,11960
201410212320330,YETI,17,4,70,128,8960
201410212320168,YETI,4,4,70,126,8820
201410212320167,YETI,4,4,70,126,8820
201410212320166,YETI,4,4,70,126,8820
201410212320165,YETI,4,4,70,126,8820
201410212320088,YETI,17,4,70,124,8680
201410212320082,YETI,17,4,70,124,8680
201410212320068,YETI,59,4,70,125,8750
201410212320053,YETI,59,4,70,125,8750
201410212320041,YETI,59,4,70,125,8750
201410212320028,YETI,59,4,70,125,8750
201410212319697,ADBL,28,10,40,506,20240
201410212319691,ADBL,28,10,40,506,20240
201410212319459,ADBL,6,40,90,508,45720
201410212319452,ADBL,6,26,50,507,25350
201410212319748,ADBL,17,32,30,507,15210
201410212319701,AHPC,6,14,40,391,15640
201410212319397,AHPC,49,49,42,384,16128
201410212319805,AIC,36,48,63,485,30555
201410212319843,ALDBL,22,56,50,230,11500
201410212319746,ALICL,28,10,310,1185,367350
201410212319723,ALICL,28,20,693,1182,819126
201410212319632,ALICL,21,10,430,1180,507400
201410212319435,ALICL,21,10,340,1180,401200
201410212319859,APEX,25,17,20,125,2500
201410212319855,APEX,25,17,20,125,2500
201410212319854,APEX,25,17,20,125,2500
201410212319803,APEX,25,17,20,125,2500
201410212319801,APEX,25,17,20,125,2500
201410212319789,APEX,25,17,20,125,2500
201410212319436,APEX,25,21,22,124,2728
201410212319625,APEX,25,37,1000,127,127000
201410212319442,APEX,25,21,327,125,40875
201410212319784,APEX,25,17,20,125,2500
201410212319718,APEX,14,21,40,127,5080
201410212319717,APEX,14,21,20,127,2540
201410212319716,APEX,14,21,20,127,2540
201410212319715,APEX,14,21,20,127,2540
201410212319853,ARDBL,7,28,21,153,3213
201410212319754,ARDBL,48,48,21,152,3192
201410212319740,ARDBL,48,48,21,152,3192
201410212319444,BHBL,22,55,110,152,16720
201410212319719,BLDBL,57,50,199,461,91739
201410212319712,BLDBL,19,50,340,460,156400
201410212319556,BSBL,26,26,30,273,8190
201410212319555,BSBL,26,26,30,273,8190
201410212319554,BSBL,26,26,30,273,8190
201410212319671,CBL,8,47,52,287,14924
201410212319668,CBL,8,47,52,287,14924
201410212319663,CBL,8,47,52,287,14924
201410212319542,CBL,21,6,122,286,34892
201410212319405,CBL,29,29,214,285,60990
201410212319387,CBL,29,29,214,285,60990
201410212319371,CBL,46,47,26,287,7462
201410212319721,CCBL,56,53,40,282,11280
201410212319714,CCBL,7,53,40,283,11320
201410212319711,CCBL,7,53,40,283,11320
201410212319562,CCBL,16,44,304,283,86032
201410212319557,CCBL,57,44,31,283,8773
201410212319860,CHCL,21,21,300,1798,539400
201410212319841,CHCL,21,21,90,1798,161820
201410212319837,CHCL,21,45,150,1797,269550
201410212319836,CHCL,21,6,81,1795,145395
201410212319816,CHCL,36,28,332,1793,595276
201410212319645,CHCL,36,28,200,1785,357000
201410212319419,CHCL,33,14,300,1791,537300
201410212319403,CHCL,14,56,42,1798,75516
201410212319392,CHCL,33,14,100,1793,179300
201410212319385,CHCL,16,6,420,1791,752220
201410212319381,CHCL,33,6,200,1793,358600
201410212319376,CHCL,13,6,100,1796,179600
201410212319628,CHCL,5,6,104,1785,185640
201410212319551,CHCL,14,6,104,1785,185640
201410212319516,CHCL,33,14,44,1791,78804
201410212319510,CHCL,16,14,67,1791,119997
201410212319471,CHCL,58,28,100,1790,179000
201410212319462,CHCL,16,28,100,1791,179100
201410212319600,CNDBL,47,50,20,168,3360
201410212319592,CNDBL,50,50,20,169,3380
201410212319591,CNDBL,50,50,20,169,3380
201410212319590,CNDBL,50,50,20,169,3380
201410212319589,CNDBL,50,50,20,169,3380
201410212319588,CNDBL,50,50,20,169,3380
201410212319575,CNDBL,50,50,20,169,3380
201410212319574,CNDBL,50,50,20,169,3380
201410212319573,CNDBL,50,50,20,169,3380
201410212319581,CNDBL,50,50,20,169,3380
201410212319580,CNDBL,50,50,20,169,3380
201410212319579,CNDBL,50,50,20,169,3380
201410212319578,CNDBL,50,50,20,169,3380
201410212319577,CNDBL,50,50,20,169,3380
201410212319576,CNDBL,50,50,20,169,3380
201410212319587,CNDBL,50,50,20,169,3380
201410212319586,CNDBL,50,50,20,169,3380
201410212319585,CNDBL,50,50,20,169,3380
201410212319584,CNDBL,50,50,20,169,3380
201410212319583,CNDBL,50,50,20,169,3380
201410212319582,CNDBL,50,50,20,169,3380
201410212319728,CZBIL,33,11,190,453,86070
201410212319726,CZBIL,33,11,146,452,65992
201410212319722,CZBIL,17,18,21,451,9471
201410212319694,CZBIL,33,26,189,450,85050
201410212319693,CZBIL,33,21,42,450,18900
201410212319374,DDBL,11,29,50,1300,65000
201410212319829,EBL,41,33,300,1925,577500
201410212319598,EBL,38,6,92,1925,177100
201410212319455,EBL,38,25,150,1925,288750
201410212319675,EIC,42,1,100,1015,101500
201410212319814,GBBL,25,6,112,366,40992
201410212319810,GBBL,25,40,500,365,182500
201410212319764,GBBL,35,16,100,365,36500
201410212319603,GBBL,50,40,510,362,184620
201410212319501,GBIME,25,56,2000,531,1062000
201410212319499,GBIME,32,56,488,534,260592
201410212319490,GBIME,32,56,500,534,267000
201410212319477,GBIME,14,6,75,536,40200
201410212319815,GRAND,17,56,1000,219,219000
201410212319787,GRAND,49,56,500,219,109500
201410212319680,GRAND,17,56,1000,219,219000
201410212319489,JBBL,47,48,10,170,1700
201410212319475,JBBL,47,48,10,170,1700
201410212319464,JBBL,47,48,10,170,1700
201410212319458,JBBL,47,48,10,170,1700
201410212319453,JBBL,47,48,10,170,1700
201410212319449,JBBL,47,48,10,170,1700
201410212319380,JBBL,47,48,10,170,1700
201410212319375,JBBL,47,48,10,170,1700
201410212319372,JBBL,47,48,10,170,1700
201410212319428,JBBL,47,48,10,170,1700
201410212319416,JBBL,47,48,10,170,1700
201410212319411,JBBL,47,48,10,170,1700
201410212319406,JBBL,47,48,10,170,1700
201410212319395,JBBL,47,48,10,170,1700
201410212319386,JBBL,47,48,10,170,1700
201410212319741,JFL,22,17,30,640,19200
201410212319673,JFL,49,48,200,632,126400
201410212319846,KBL,26,25,100,577,57700
201410212319821,KBL,48,25,50,580,29000
201410212319799,KBL,14,25,350,576,201600
201410212319798,KBL,6,25,60,576,34560
201410212319797,KBL,16,25,100,576,57600
201410212319796,KBL,40,25,80,578,46240
201410212319369,KBL,17,17,18,576,10368
201410212319415,KBL,8,35,377,574,216398
201410212319412,KBL,8,25,148,575,85100
201410212319402,KBL,8,16,392,575,225400
201410212319391,KBL,8,16,226,575,129950
201410212319390,KBL,8,48,200,574,114800
201410212319384,KBL,8,35,123,574,70602
201410212319517,KBL,8,55,10,580,5800
201410212319498,KBL,16,41,120,576,69120
201410212319485,KBL,40,7,226,575,129950
201410212319445,KBL,8,51,362,574,207788
201410212319427,KBL,8,41,200,575,115000
201410212319426,KBL,8,21,200,575,115000
201410212319631,KBL,41,35,960,574,551040
201410212319569,KBL,48,48,121,576,69696
201410212319566,KBL,46,45,500,575,287500
201410212319553,KBL,18,35,200,575,115000
201410212319547,KBL,40,5,159,576,91584
201410212319539,KBL,40,41,500,575,287500
201410212319734,KBL,6,59,500,576,288000
201410212319703,KBL,17,54,500,575,287500
201410212319679,KBL,44,57,70,578,40460
201410212319676,KBL,44,1,80,578,46240
201410212319649,KBL,41,29,1000,575,575000
201410212319647,KBL,33,49,100,579,57900
201410212319795,KBL,41,25,100,578,57800
201410212319794,KBL,44,25,30,578,17340
201410212319793,KBL,26,25,50,579,28950
201410212319791,KBL,26,26,45,580,26100
201410212319761,KBL,46,57,500,577,288500
201410212319745,KBL,26,7,50,579,28950
201410212319744,KDBL,29,53,63,120,7560
201410212319664,KDBL,41,14,55,118,6490
201410212319644,KDBL,48,53,23,119,2737
201410212319404,KDBL,44,21,42,121,5082
201410212319861,LBL,1,6,100,622,62200
201410212319839,LBL,49,29,500,620,310000
201410212319807,LBL,49,48,150,620,93000
201410212319782,LBL,49,48,173,620,107260
201410212319757,LBL,49,28,600,620,372000
201410212319702,LBL,29,46,218,621,135378
201410212319378,LBL,14,44,300,621,186300
201410212319476,LBL,56,44,500,621,310500
201410212319441,LBL,41,44,200,620,124000
201410212319440,LBL,32,44,400,620,248000
201410212319439,LBL,35,44,150,620,93000
201410212319438,LBL,54,44,200,621,124200
201410212319437,LBL,16,44,30,622,18660
201410212319638,LBL,16,43,652,620,404240
201410212319597,LBL,18,44,200,621,124200
201410212319531,LBL,16,16,600,617,370200
201410212319494,LBL,44,44,200,620,124000
201410212319493,LBL,39,44,150,620,93000
201410212319492,LBL,11,44,200,620,124000
201410212319692,LBL,16,19,92,620,57040
201410212319666,LBL,17,46,270,620,167400
201410212319665,LBL,49,17,270,622,167940
201410212319648,LBL,16,43,1260,621,782460
201410212319639,LBL,17,44,200,620,124000
201410212319572,LGIL,38,38,13,422,5486
201410212319558,LGIL,38,38,13,422,5486
201410212319743,LUBL,45,19,85,334,28390
201410212319446,LUBL,45,17,200,334,66800
201410212319443,LUBL,32,17,100,335,33500
201410212319434,LUBL,1,52,484,335,162140
201410212319751,MBL,50,53,364,490,178360
201410212319742,MBL,49,49,1695,486,823770
201410212319738,MBL,49,49,2960,486,1438560
201410212319724,MBL,50,43,402,490,196980
201410212319681,MBL,50,19,405,490,198450
201410212319620,MBL,50,58,476,490,233240
201410212319614,MBL,50,26,200,489,97800
201410212319609,MBL,50,45,74,489,36186
201410212319599,MBL,48,28,257,485,124645
201410212319733,MEGA,52,17,77,386,29722
201410212319669,MEGA,42,26,192,389,74688
201410212319845,METRO,57,50,120,374,44880
201410212319833,METRO,57,14,21,374,7854
201410212319790,METRO,57,48,83,372,30876
201410212319781,METRO,57,48,21,372,7812
201410212319433,MLBBL,22,7,63,803,50589
201410212319424,MLBBL,17,7,63,805,50715
201410212319850,MMDBL,18,6,23,375,8625
201410212319825,MMDBL,18,6,10,368,3680
201410212319785,MMDBL,18,18,10,361,3610
201410212319783,MMDBL,18,6,10,368,3680
201410212319700,MMDBL,18,18,10,361,3610
201410212319696,MMDBL,18,18,23,366,8418
201410212319546,MMDBL,18,18,10,359,3590
201410212319504,MMDBL,1,1,10,364,3640
201410212319474,MMDBL,32,32,10,364,3640
201410212319467,MMDBL,32,32,10,364,3640
201410212319461,MMDBL,32,32,10,364,3640
201410212319818,MNBBL,49,47,88,780,68640
201410212319774,MNBBL,21,45,200,773,154600
201410212319770,MNBBL,59,45,100,775,77500
201410212319698,MNBBL,49,47,14,780,10920
201410212319713,MTBL,21,16,10,207,2070
201410212319729,NABIL,38,14,110,2314,254540
201410212319608,NABIL,6,17,200,2320,464000
201410212319607,NABIL,6,25,288,2320,668160
201410212319595,NABIL,6,25,212,2319,491628
201410212319725,NABILP,38,1,100,1590,159000
201410212319865,NBB,3,55,750,569,426750
201410212319857,NBB,36,10,100,570,57000
201410212319826,NBB,22,45,100,571,57100
201410212319819,NBB,1,45,200,572,114400
201410212319817,NBB,39,45,500,571,285500
201410212319596,NBB,26,33,355,580,205900
201410212319518,NBF1,56,43,2997,14,42258
201410212319602,NBL,58,58,2000,390,780000
201410212319601,NBL,56,41,1000,390,390000
201410212319524,NBL,49,49,1341,390,522990
201410212319813,NCCB,44,33,2000,612,1224000
201410212319808,NCCB,16,8,500,618,309000
201410212319594,NCCB,18,32,200,620,124000
201410212319530,NCCB,6,6,200,615,123000
201410212319637,NGBL,29,29,200,310,62000
201410212319832,NIB,43,22,88,784,68992
201410212319765,NIB,39,4,32,788,25216
201410212319407,NIB,16,32,27,797,21519
201410212319619,NICA,5,8,300,774,232200
201410212319606,NICA,56,8,500,775,387500
201410212319451,NICA,29,32,67,785,52595
201410212319450,NICA,29,58,60,785,47100
201410212319425,NICA,13,6,50,787,39350
201410212319423,NLBBL,18,18,80,1193,95440
201410212319422,NLBBL,18,47,10,1193,11930
201410212319396,NLBBL,18,47,192,1193,229056
201410212319758,NLG,52,6,60,800,48000
201410212319735,NLG,26,6,60,800,48000
201410212319834,NLIC,28,35,200,4215,843000
201410212319755,NLIC,21,53,200,4200,840000
201410212319487,NLIC,14,17,100,4240,424000
201410212319479,NLIC,14,54,118,4235,499730
201410212319858,NLICL,16,49,200,2280,456000
201410212319709,NLICL,37,41,50,2297,114850
201410212319705,NLICL,16,35,200,2290,458000
201410212319684,NLICL,38,41,50,2296,114800
201410212319525,NLICL,14,35,200,2285,457000
201410212319593,NLICLP,59,33,500,851,425500
201410212319571,NLICLP,59,33,500,835,417500
201410212319511,NNFC,13,13,182,272,49504
201410212319456,NNFC,29,1,500,270,135000
201410212319652,NNLB,26,32,10,750,7500
201410212319830,NTC,40,29,100,615,61500
201410212319828,NTC,40,29,100,615,61500
201410212319827,NTC,13,29,100,615,61500
201410212319635,NUBL,38,17,400,1550,620000
201410212319465,NUBL,11,36,469,1565,733985
201410212319760,OHL,45,45,400,686,274400
201410212319753,OHL,14,45,500,696,348000
201410212319752,OHL,7,45,200,696,139200
201410212319750,OHL,16,45,200,700,140000
201410212319749,OHL,14,45,200,701,140200
201410212319862,PCBL,49,56,500,496,248000
201410212319786,PCBL,6,56,97,498,48306
201410212319780,PCBL,3,6,17,504,8568
201410212319772,PCBL,3,11,88,500,44000
201410212319767,PCBL,17,17,194,498,96612
201410212319720,PCBL,51,6,17,504,8568
201410212319706,PCBL,17,6,35,504,17640
201410212319672,PCBL,51,5,10,504,5040
201410212319633,PCBL,51,40,10,500,5000
201410212319622,PCBL,51,11,66,499,32934
201410212319779,PDBL,13,28,200,225,45000
201410212319624,PFL,32,19,130,238,30940
201410212319812,PLIC,26,41,80,1020,81600
201410212319811,PLIC,26,58,54,1020,55080
201410212319809,PLIC,26,58,54,1020,55080
201410212319806,PLIC,26,32,54,1019,55026
201410212319763,PLIC,5,38,496,1015,503440
201410212319550,PLIC,26,38,297,1015,301455
201410212319509,PLIC,5,38,264,1015,267960
201410212319502,PLIC,53,18,188,1016,191008
201410212319432,PLIC,28,38,500,1016,508000
201410212319708,PRDBL,26,47,10,150,1500
201410212319707,PRDBL,26,47,10,150,1500
201410212319686,PRDBL,5,47,10,150,1500
201410212319685,PRDBL,5,47,10,150,1500
201410212319683,PRDBL,5,47,10,150,1500
201410212319657,PRDBL,5,47,10,150,1500
201410212319656,PRDBL,5,47,10,150,1500
201410212319655,PRDBL,5,47,10,150,1500
201410212319654,PRDBL,5,47,10,150,1500
201410212319653,PRDBL,5,53,40,149,5960
201410212319682,PRDBL,5,47,10,150,1500
201410212319662,PRDBL,5,53,60,150,9000
201410212319661,PRDBL,5,53,40,150,6000
201410212319660,PRDBL,5,47,10,150,1500
201410212319659,PRDBL,5,47,10,150,1500
201410212319658,PRDBL,5,47,10,150,1500
201410212319851,PURBL,40,41,11,365,4015
201410212319849,PURBL,40,41,11,365,4015
201410212319847,PURBL,40,41,11,365,4015
201410212319840,PURBL,40,41,11,365,4015
201410212319838,PURBL,40,41,11,365,4015
201410212319835,PURBL,40,41,11,365,4015
201410212319394,PURBL,21,1,155,365,56575
201410212319548,REDBL,4,14,123,210,25830
201410212319544,REDBL,45,45,17,206,3502
201410212319541,REDBL,45,45,17,206,3502
201410212319540,REDBL,45,45,17,206,3502
201410212319538,REDBL,45,45,17,206,3502
201410212319537,REDBL,45,45,17,206,3502
201410212319473,REDBL,11,45,17,205,3485
201410212319472,REDBL,47,45,17,206,3502
201410212319466,REDBL,58,53,26,206,5356
201410212319382,REDBL,41,51,19,207,3933
201410212319514,REDBL,34,45,17,205,3485
201410212319513,REDBL,11,45,17,205,3485
201410212319508,REDBL,58,45,17,205,3485
201410212319486,REDBL,48,53,26,201,5226
201410212319480,REDBL,48,45,17,205,3485
201410212319478,REDBL,49,53,26,201,5226
201410212319534,REDBL,45,45,17,206,3502
201410212319533,REDBL,45,45,17,206,3502
201410212319532,REDBL,4,45,17,209,3553
201410212319523,REDBL,4,6,38,209,7942
201410212319519,REDBL,48,53,26,206,5356
201410212319515,REDBL,49,45,17,205,3485
201410212319831,RHPC,21,21,11,579,6369
201410212319771,RHPC,16,16,47,577,27119
201410212319766,RHPC,16,16,47,577,27119
201410212319704,RHPC,26,14,94,579,54426
201410212319613,RHPC,16,48,11,580,6380
201410212319612,RHPC,16,48,11,580,6380
201410212319367,RHPC,57,44,11,572,6292
201410212319431,RHPC,28,28,11,570,6270
201410212319418,RHPC,28,28,11,570,6270
201410212319409,RHPC,57,16,400,572,228800
201410212319398,RHPC,28,28,11,570,6270
201410212319373,RHPC,11,44,11,570,6270
201410212319368,RHPC,11,44,11,570,6270
201410212319497,RHPC,28,28,11,570,6270
201410212319488,RHPC,28,28,11,570,6270
201410212319470,RHPC,28,28,11,570,6270
201410212319460,RHPC,40,28,11,570,6270
201410212319454,RHPC,28,28,11,570,6270
201410212319447,RHPC,28,28,11,570,6270
201410212319552,RHPC,28,28,11,575,6325
201410212319549,RHPC,28,28,11,575,6325
201410212319528,RHPC,28,28,11,575,6325
201410212319521,RHPC,16,48,11,580,6380
201410212319520,RHPC,28,28,11,575,6325
201410212319512,RHPC,28,28,11,575,6325
201410212319565,RHPC,16,48,11,580,6380
201410212319564,RHPC,16,48,11,580,6380
201410212319563,RHPC,16,48,11,580,6380
201410212319561,RHPC,16,48,11,580,6380
201410212319560,RHPC,16,48,11,580,6380
201410212319559,RHPC,16,48,11,580,6380
201410212319389,RMDC,14,7,15,791,11865
201410212319379,RMDC,19,7,15,794,11910
201410212319820,SANIMA,41,11,149,494,73606
201410212319802,SANIMA,33,36,400,490,196000
201410212319670,SANIMA,7,36,165,490,80850
201410212319650,SBI,36,22,200,1006,201200
201410212319393,SBI,54,14,89,1012,90068
201410212319388,SBI,8,22,306,1005,307530
201410212319527,SBL,14,29,48,612,29376
201410212319503,SBL,50,29,485,612,296820
201410212319800,SCB,41,25,141,2120,298920
201410212319621,SCB,1,25,150,2120,318000
201410212319688,SEOS,29,35,5000,11,55500
201410212319636,SEOS,16,25,5000,11,55000
201410212319630,SEOS,16,39,5000,11,55000
201410212319627,SEOS,16,39,5000,11,55000
201410212319618,SEOS,16,26,5000,11,55000
201410212319543,SEOS,41,39,5000,11,55000
201410212319536,SEOS,14,39,5000,11,55050
201410212319526,SEOS,7,39,5000,11,55100
201410212319788,SHINE,14,14,3000,365,1095000
201410212319848,SHPC,26,6,18,686,12348
201410212319844,SHPC,26,6,18,686,12348
201410212319792,SHPC,45,49,789,685,540465
201410212319769,SHPC,21,6,18,686,12348
201410212319731,SHPC,6,55,100,685,68500
201410212319505,SHPC,41,7,18,684,12312
201410212319429,SHPC,41,26,36,685,24660
201410212319417,SHPC,41,16,90,685,61650
201410212319401,SHPC,41,26,90,684,61560
201410212319366,SHPC,21,16,18,685,12330
201410212319689,SIC,41,48,222,1200,266400
201410212319687,SIC,28,49,302,1190,359380
201410212319605,SIC,19,13,12,1200,14400
201410212319567,SIC,16,22,35,1195,41825
201410212319732,SICL,38,57,682,795,542190
201410212319678,SIL,42,41,25,795,19875
201410212319468,SIL,14,26,10,800,8000
201410212319463,SIL,14,41,58,795,46110
201410212319864,SKBBL,7,55,19,1442,27398
201410212319822,SKBBL,7,55,19,1442,27398
201410212319804,SKBBL,26,55,19,1442,27398
201410212319778,SKBBL,21,55,19,1445,27455
201410212319777,SKBBL,7,55,19,1447,27493
201410212319776,SKBBL,26,55,19,1447,27493
201410212319410,SKBBL,34,55,19,1450,27550
201410212319408,SKBBL,59,55,19,1450,27550
201410212319399,SKBBL,34,55,19,1450,27550
201410212319383,SKBBL,34,55,19,1450,27550
201410212319377,SKBBL,34,55,19,1450,27550
201410212319370,SKBBL,26,49,25,1448,36200
201410212319775,SKBBL,26,8,19,1447,27493
201410212319773,SKBBL,26,55,19,1447,27493
201410212319759,SKBBL,7,14,100,1447,144700
201410212319430,SKBBL,34,55,19,1450,27550
201410212319421,SKBBL,59,55,19,1450,27550
201410212319414,SKBBL,59,55,19,1450,27550
201410212319737,SLBBL,56,29,47,2350,110450
201410212319535,SLBBL,55,6,22,2345,51590
201410212319457,SLBBL,32,22,102,2325,237150
201410212319863,SRBL,18,29,89,383,34087
201410212319400,SUBBL,14,51,16,285,4560
201410212319507,SUPRME,54,25,417,167,69639
201410212319506,SUPRME,54,51,200,167,33400
201410212319500,SUPRME,54,10,1120,166,185920
201410212319642,SWBBL,18,59,100,1870,187000
201410212319629,SWBBL,38,48,42,1865,78330
201410212319491,SWBBL,17,29,20,1875,37500
201410212319623,TRH,5,38,10,295,2950
201410212319469,TRH,46,50,500,290,145000
201410212319448,TRH,43,19,2450,288,705600
201410212319616,UFIL,22,29,20,154,3080
201410212319615,UFIL,22,29,20,154,3080
201410212319611,UFIL,22,29,20,154,3080
201410212319420,UFIL,22,17,20,154,3080
201410212319413,UFIL,22,17,20,154,3080
201410212319617,UFIL,25,29,20,154,3080
201410212319667,UFL,22,13,117,265,31005
201410212319640,UFL,32,13,468,260,121680
201410212319856,VBBL,25,19,20,124,2480
201410212319496,VBBL,25,45,60,125,7500
201410212319495,VBBL,25,45,60,125,7500
201410212319484,VBBL,25,6,40,123,4920
201410212319483,VBBL,25,49,20,123,2460
201410212319482,VBBL,25,49,80,123,9840
201410212319481,VBBL,25,45,20,123,2460
201410212319824,YETI,29,4,70,126,8820
201410212319823,YETI,29,4,70,126,8820
201410212319768,YETI,59,11,40,125,5000
201410212319762,YETI,59,11,40,125,5000
201410212319756,YETI,59,11,40,125,5000
201410212319747,YETI,59,11,40,125,5000
201410212319570,YETI,17,53,23,126,2898
201410212319568,YETI,7,53,23,127,2921
201410212319522,YETI,7,7,50,128,6400
201410212319643,YETI,4,4,70,126,8820
201410212319641,YETI,4,4,70,126,8820
201410212319634,YETI,4,4,70,126,8820
201410212319626,YETI,4,4,70,126,8820
201410212319610,YETI,52,4,70,126,8820
201410212319604,YETI,52,4,70,126,8820
201410212319695,YETI,4,4,70,126,8820
201410212319690,YETI,4,4,70,126,8820
201410212319677,YETI,4,4,70,126,8820
201410212319674,YETI,4,4,70,126,8820
201410212319651,YETI,4,4,70,126,8820
201410212319646,YETI,4,4,70,126,8820
201410212319739,YETI,59,11,40,125,5000
201410212319736,YETI,4,11,40,126,5040
201410212319730,YETI,4,11,40,126,5040
201410212319727,YETI,4,4,70,126,8820
201410212319710,YETI,4,4,70,126,8820
201410212319699,YETI,4,4,70,126,8820
201410212319103,ADBL,45,26,50,507,25350
201410212318926,ADBL,28,33,194,508,98552
201410212318924,ADBL,6,29,30,506,15180
201410212318914,ADBL,28,40,60,507,30420
201410212318885,ADBL,6,25,30,506,15180
201410212319254,AHPC,17,37,124,389,48236
201410212319253,AHPC,17,41,60,388,23280
201410212319102,AHPC,48,41,264,382,100848
201410212319019,AHPC,21,28,600,375,225000
201410212318873,AHPC,48,28,500,375,187500
201410212319339,ALICL,57,47,32,1183,37856
201410212319334,ALICL,57,18,29,1183,34307
201410212319331,ALICL,57,10,350,1180,413000
201410212319328,ALICL,57,32,56,1179,66024
201410212319277,APEX,25,26,103,123,12669
201410212319295,ARDBL,50,29,21,150,3150
201410212319287,ARDBL,50,29,21,150,3150
201410212319242,ARDBL,48,29,22,150,3300
201410212319058,ARDBL,50,53,73,150,10950
201410212319033,ARDBL,17,53,73,150,10950
201410212319342,BHBL,18,36,1000,150,150000
201410212319341,BHBL,47,42,30,148,4440
201410212318883,BHBL,47,17,80,157,12560
201410212318936,BHBL,47,45,110,154,16940
201410212319131,BHBL,14,45,110,151,16610
201410212319130,BHBL,14,45,110,151,16610
201410212319090,BHBL,16,45,110,151,16610
201410212319089,BHBL,47,45,110,151,16610
201410212319088,BHBL,18,42,500,151,75500
201410212319082,BHBL,18,42,500,151,75500
201410212319232,BHBL,42,42,1000,146,146000
201410212319214,BHBL,42,42,500,148,74000
201410212319135,BHBL,14,45,110,151,16610
201410212319134,BHBL,14,45,110,151,16610
201410212319133,BHBL,14,45,110,151,16610
201410212319132,BHBL,14,45,110,151,16610
201410212318871,BPCL,11,10,500,650,325000
201410212318868,BPCL,49,10,1000,650,650000
201410212318866,BPCL,17,10,500,656,328000
201410212319365,BSBL,13,11,42,275,11550
201410212319239,BSBL,26,17,29,270,7830
201410212319218,BSBL,26,17,29,270,7830
201410212319022,BSBL,26,29,11,270,2970
201410212319361,CBL,46,47,26,287,7462
201410212319286,CBL,56,11,135,286,38610
201410212319032,CBL,32,58,158,283,44714
201410212318901,CBL,14,58,158,285,45030
201410212318890,CBL,14,11,135,284,38340
201410212319337,CCBL,56,41,26,282,7332
201410212319273,CCBL,56,16,40,282,11280
201410212319264,CCBL,56,13,40,281,11240
201410212319263,CCBL,56,13,40,281,11240
201410212319262,CCBL,56,36,40,281,11240
201410212319261,CCBL,56,36,40,281,11240
201410212318942,CCBL,42,36,40,280,11200
201410212318941,CCBL,42,36,40,280,11200
201410212318940,CCBL,42,36,40,280,11200
201410212318952,CCBL,42,36,40,280,11200
201410212318951,CCBL,17,32,16,280,4480
201410212318950,CCBL,42,36,40,280,11200
201410212318948,CCBL,42,36,40,280,11200
201410212318947,CCBL,42,36,40,280,11200
201410212318945,CCBL,42,36,40,280,11200
201410212318957,CCBL,42,36,40,280,11200
201410212319251,CCBL,16,36,40,281,11240
201410212319250,CCBL,16,36,40,281,11240
201410212319196,CCBL,42,13,40,280,11200
201410212319192,CCBL,42,13,40,280,11200
201410212319191,CCBL,42,13,40,280,11200
201410212319348,CHCL,50,56,16,1798,28768
201410212319300,CHCL,4,25,100,1799,179900
201410212319136,CHCL,28,28,200,1799,359800
201410212319078,CHCL,11,56,20,1800,36000
201410212319053,CHCL,5,21,96,1799,172704
201410212319027,CHCL,47,49,154,1799,277046
201410212318978,CHCL,50,49,180,1798,323640
201410212318966,CHCL,36,49,187,1795,335665
201410212318964,CHCL,19,49,94,1797,168918
201410212318916,CHCL,19,45,390,1800,702000
201410212319146,CIT,21,51,128,3050,390400
201410212319111,CNDBL,50,50,20,171,3420
201410212319110,CNDBL,50,50,20,171,3420
201410212319109,CNDBL,50,50,20,171,3420
201410212319108,CNDBL,50,50,20,171,3420
201410212319107,CNDBL,50,50,20,171,3420
201410212319106,CNDBL,50,50,20,171,3420
201410212318987,CNDBL,17,50,20,170,3400
201410212318984,CNDBL,17,50,20,170,3400
201410212319097,CNDBL,50,50,20,171,3420
201410212319096,CNDBL,50,50,20,171,3420
201410212319095,CNDBL,50,50,20,171,3420
201410212319094,CNDBL,50,50,20,171,3420
201410212319093,CNDBL,50,50,20,171,3420
201410212319092,CNDBL,50,50,20,171,3420
201410212319105,CNDBL,50,50,20,171,3420
201410212319104,CNDBL,50,50,20,171,3420
201410212319101,CNDBL,50,50,20,171,3420
201410212319100,CNDBL,50,50,20,171,3420
201410212319099,CNDBL,50,50,20,171,3420
201410212319098,CNDBL,50,50,20,171,3420
201410212318939,CZBIL,5,38,315,450,141750
201410212318915,CZBIL,36,58,105,450,47250
201410212319357,EBL,38,11,82,1920,157440
201410212319356,EBL,38,25,200,1902,380400
201410212319123,EBL,56,45,25,1915,47875
201410212318983,EBL,41,6,10,1910,19100
201410212319238,GBBL,32,26,500,361,180500
201410212319155,GBBL,32,6,26,360,9360
201410212319143,GBBL,32,6,26,360,9360
201410212319046,GBIME,35,11,36,540,19440
201410212319045,GBIME,35,11,40,540,21600
201410212319038,GBIME,35,42,305,538,164090
201410212318965,GBIME,21,25,26,542,14092
201410212319299,GLICL,45,32,28,575,16100
201410212319268,GLICL,25,32,40,575,23000
201410212319243,GLICL,37,32,15,570,8550
201410212319197,GLICL,37,32,80,570,45600
201410212318938,GLICL,26,6,166,570,94620
201410212318930,GLICL,45,26,14,570,7980
201410212318898,GLICL,57,57,41,569,23329
201410212318886,GLICL,57,57,41,569,23329
201410212318881,GLICL,57,57,41,569,23329
201410212319330,GRAND,58,58,1000,218,218000
201410212319280,GRAND,19,1,73,219,15987
201410212319270,GRAND,17,32,1000,219,219000
201410212319269,GRAND,51,39,500,219,109500
201410212318904,GRAND,7,39,500,219,109500
201410212318894,GRAND,33,58,1000,219,219000
201410212319071,GRAND,21,43,502,216,108432
201410212319014,GRAND,21,39,1000,218,218000
201410212318907,GRAND,19,43,502,219,109938
201410212319026,HAMA,4,16,40,135,5400
201410212319031,HAMRO,45,18,300,315,94500
201410212319076,HBDL,26,45,1000,96,96000
201410212319064,HBL,40,32,11,880,9680
201410212319160,IDBL,1,56,253,178,45034
201410212319145,IDBL,1,16,55,178,9790
201410212319138,IDBL,1,16,11,177,1947
201410212319364,JBBL,47,48,10,170,1700
201410212319360,JBBL,47,48,10,170,1700
201410212319320,JBBL,47,48,10,170,1700
201410212319319,JBBL,47,48,10,170,1700
201410212319318,JBBL,47,48,10,170,1700
201410212319317,JBBL,47,48,10,170,1700
201410212318899,JBBL,22,53,380,170,64600
201410212318893,JBBL,22,53,380,170,64600
201410212318870,JBBL,22,48,10,170,1700
201410212319054,JBBL,39,48,10,169,1690
201410212319050,JBBL,39,48,10,169,1690
201410212319036,JBBL,39,48,10,169,1690
201410212318934,JBBL,22,21,110,170,18700
201410212318932,JBBL,22,6,50,170,8500
201410212318929,JBBL,22,6,50,170,8500
201410212319297,JBBL,39,48,10,169,1690
201410212319289,JBBL,39,48,10,169,1690
201410212319282,JBBL,39,48,10,169,1690
201410212319255,JBBL,39,48,10,169,1690
201410212319074,JBBL,39,48,10,169,1690
201410212319057,JBBL,39,48,10,169,1690
201410212319316,JBBL,47,48,10,170,1700
201410212319315,JBBL,47,48,10,170,1700
201410212319314,JBBL,47,48,10,170,1700
201410212319313,JBBL,47,48,10,170,1700
201410212319312,JBBL,47,48,10,170,1700
201410212319311,JBBL,47,48,10,170,1700
201410212319332,JBNL,5,14,120,273,32760
201410212319329,JBNL,5,14,136,273,37128
201410212319326,JBNL,5,14,136,273,37128
201410212319325,JBNL,5,14,120,273,32760
201410212319271,JBNL,59,1,85,270,22950
201410212319206,JBNL,50,38,405,271,109755
201410212319186,JBNL,50,57,300,270,81000
201410212319177,JBNL,50,25,333,270,89910
201410212319081,JBNL,32,52,29,270,7830
201410212319333,KBL,4,48,200,574,114800
201410212319324,KBL,4,16,353,573,202269
201410212319281,KBL,36,35,440,572,251680
201410212319259,KBL,6,45,1000,571,571000
201410212319235,KBL,8,57,500,570,285000
201410212319229,KBL,8,41,446,570,254220
201410212318943,KBL,5,33,281,570,160170
201410212318892,KBL,36,7,189,573,108297
201410212319030,KBL,13,21,435,569,247515
201410212319029,KBL,32,33,415,569,236135
201410212318991,KBL,5,53,387,570,220590
201410212318986,KBL,5,53,500,570,285000
201410212318977,KBL,16,33,280,570,159600
201410212318974,KBL,8,38,818,569,465442
201410212319169,KBL,26,7,508,570,289560
201410212319126,KBL,19,16,500,570,285000
201410212319121,KBL,43,35,329,570,187530
201410212319112,KBL,42,35,240,570,136800
201410212319091,KBL,8,48,300,574,172200
201410212319043,KBL,6,21,359,570,204630
201410212319227,KBL,40,35,367,570,209190
201410212319213,KBL,42,16,20,571,11420
201410212319203,KBL,19,16,100,573,57300
201410212319202,KBL,11,16,100,573,57300
201410212319201,KBL,47,16,100,573,57300
201410212319200,KBL,46,48,200,574,114800
201410212318918,KNBL,45,6,10,189,1890
201410212318917,KNBL,45,6,10,188,1880
201410212319358,LBL,57,17,252,623,156996
201410212319347,LBL,11,44,500,620,310000
201410212319322,LBL,49,44,100,620,62000
201410212319310,LBL,49,44,900,620,558000
201410212319309,LBL,3,44,100,620,62000
201410212319308,LBL,40,44,200,620,124000
201410212318976,LBL,48,37,435,623,271005
201410212318922,LBL,22,44,124,624,77376
201410212318921,LBL,22,44,150,624,93600
201410212318908,LBL,13,13,45,627,28215
201410212318903,LBL,22,53,200,624,124800
201410212318867,LBL,22,45,300,625,187500
201410212319056,LBL,39,43,500,622,311000
201410212319020,LBL,22,6,100,626,62600
201410212319018,LBL,46,46,25,628,15700
201410212319016,LBL,47,44,170,624,106080
201410212319001,LBL,32,38,136,625,85000
201410212318980,LBL,38,6,70,626,43820
201410212319220,LBL,16,54,50,625,31250
201410212319188,LBL,37,54,100,626,62600
201410212319166,LBL,41,7,83,626,51958
201410212319124,LBL,49,6,100,626,62600
201410212319077,LBL,11,6,16,625,10000
201410212319065,LBL,22,43,43,625,26875
201410212319267,LBL,58,17,200,623,124600
201410212319225,LBL,11,54,40,625,25000
201410212319224,LBL,50,54,100,625,62500
201410212319223,LBL,1,54,100,625,62500
201410212319222,LBL,11,54,100,625,62500
201410212319221,LBL,43,54,100,625,62500
201410212319307,LBL,11,44,100,620,62000
201410212319306,LBL,34,44,200,622,124400
201410212319305,LBL,58,44,100,623,62300
201410212319304,LBL,45,44,100,623,62300
201410212319303,LBL,16,44,150,623,93450
201410212319302,LBL,47,44,120,624,74880
201410212319362,LUBL,32,52,200,335,67000
201410212319327,LUBL,3,52,100,334,33400
201410212318925,LUBL,5,49,500,340,170000
201410212319119,MBL,3,41,85,485,41225
201410212319010,MBL,50,28,100,490,49000
201410212319266,MEGA,52,11,40,390,15600
201410212319234,MEGA,1,11,119,390,46410
201410212319209,MEGA,1,11,170,390,66300
201410212319204,MEGA,1,44,32,389,12448
201410212319195,MEGA,1,44,32,389,12448
201410212319184,MEGA,1,44,32,389,12448
201410212319175,MEGA,42,53,51,386,19686
201410212319168,MEGA,32,53,91,387,35217
201410212319118,MEGA,57,29,37,387,14319
201410212318888,MEGA,47,11,2190,380,832200
201410212319291,METRO,25,21,286,374,106964
201410212319283,METRO,25,50,91,373,33943
201410212319228,METRO,25,50,50,374,18700
201410212319129,METRO,25,21,155,372,57660
201410212318989,METRO,57,34,555,369,204795
201410212318875,METRO,25,16,26,369,9594
201410212319257,MIDBL,57,28,90,210,18900
201410212319248,MIDBL,57,41,47,210,9870
201410212318970,MLBBL,22,40,14,803,11242
201410212318891,MMDBL,32,38,10,360,3600
201410212318882,MMDBL,32,32,10,360,3600
201410212318876,MMDBL,32,32,10,360,3600
201410212319301,NABIL,26,22,50,2325,116250
201410212319284,NABIL,4,14,222,2320,515040
201410212319051,NABIL,22,22,10,2361,23610
201410212318960,NABIL,11,17,63,2315,145845
201410212319174,NABILP,17,28,200,1595,319000
201410212319039,NBB,3,41,100,580,58000
201410212319012,NBBL,17,58,10,1630,16300
201410212319158,NBL,42,53,100,390,39000
201410212319340,NCCB,44,26,1140,609,694260
201410212319069,NCCB,51,26,525,617,323925
201410212319037,NCCB,58,47,500,620,310000
201410212319002,NCCB,42,49,42,622,26124
201410212318897,NCCB,36,49,500,620,310000
201410212318880,NCCB,42,40,200,622,124400
201410212319172,NGBL,14,53,43,305,13115
201410212318997,NGBL,14,14,306,308,94248
201410212318996,NGBL,14,19,20,306,6120
201410212319363,NHPC,10,10,3000,141,423000
201410212319157,NICA,17,32,50,784,39200
201410212319156,NICA,17,6,60,784,47040
201410212319142,NICA,17,6,50,783,39150
201410212319141,NICA,17,6,60,783,46980
201410212319140,NICA,17,58,80,782,62560
201410212319122,NICA,17,26,87,780,67860
201410212318972,NICA,35,25,55,782,43010
201410212318919,NLG,29,14,117,795,93015
201410212319321,NLIC,5,54,100,4210,421000
201410212319245,NLIC,56,17,100,4230,423000
201410212319199,NLIC,17,17,50,4240,212000
201410212318981,NLICL,1,17,10,2285,22850
201410212318896,NLICL,54,51,200,2300,460000
201410212318889,NLICL,54,22,56,2302,128912
201410212318877,NLICL,54,26,263,2301,605163
201410212318869,NLICL,54,51,100,2285,228500
201410212319013,NTC,36,22,400,620,248000
201410212318992,NTC,36,48,100,620,62000
201410212319345,NUBL,20,29,20,1560,31200
201410212319344,NUBL,5,45,39,1574,61386
201410212319338,NUBL,5,44,212,1555,329660
201410212319336,NUBL,11,29,42,1560,65520
201410212319011,NUBL,16,41,132,1554,205128
201410212319244,OHL,16,45,500,710,355000
201410212319260,PCBL,25,11,654,495,323730
201410212319179,PCBL,28,13,108,492,53136
201410212319170,PCBL,1,22,205,497,101885
201410212319034,PCBL,29,57,483,496,239568
201410212318994,PCBL,7,6,212,491,104092
201410212318973,PCBL,46,42,159,492,78228
201410212319290,PIC,52,16,49,865,42385
201410212319024,PICL,49,49,1000,427,427000
201410212319237,PLIC,28,58,1131,1016,1149096
201410212319008,PLIC,42,8,100,1020,102000
201410212319007,PLIC,45,8,200,1020,204000
201410212319006,PLIC,36,8,200,1021,204200
201410212319005,PLIC,26,8,50,1021,51050
201410212319004,PLIC,21,8,100,1022,102200
201410212318933,PLIC,25,58,13,1024,13312
201410212318931,PLIC,25,58,13,1023,13299
201410212318928,PLIC,25,58,13,1023,13299
201410212319015,PRDBL,3,22,10,152,1520
201410212319185,PURBL,40,1,493,359,176987
201410212319139,PURBL,21,47,33,356,11748
201410212319084,PURBL,40,53,11,360,3960
201410212319080,PURBL,53,53,11,360,3960
201410212319075,PURBL,40,53,11,364,4004
201410212319226,PURBL,29,53,11,360,3960
201410212318937,REDBL,21,6,38,210,7980
201410212319359,RHPC,57,44,11,572,6292
201410212319343,RHPC,40,41,17,573,9741
201410212319187,RHPC,57,16,10,572,5720
201410212319044,RHPC,57,26,11,572,6292
201410212318995,RHPC,29,53,11,575,6325
201410212318979,RHPC,17,53,11,575,6325
201410212318909,RHPC,29,29,10,580,5800
201410212318887,RHPC,17,17,11,575,6325
201410212318879,RHPC,14,14,14,576,8064
201410212318874,RHPC,49,49,94,575,54050
201410212318872,RHPC,17,17,11,576,6336
201410212318944,RHPC,49,17,11,575,6325
201410212318935,RHPC,17,17,11,575,6325
201410212318913,RHPC,17,17,11,575,6325
201410212318912,RHPC,29,29,10,580,5800
201410212318911,RHPC,29,29,10,580,5800
201410212318910,RHPC,29,29,10,580,5800
201410212318968,RHPC,49,53,11,575,6325
201410212318963,RHPC,17,17,11,576,6336
201410212318962,RHPC,48,45,10,580,5800
201410212318961,RHPC,29,53,11,579,6369
201410212318959,RHPC,48,29,10,579,5790
201410212318958,RHPC,48,29,10,579,5790
201410212319087,SADBL,36,43,150,320,48000
201410212319040,SADBL,36,48,50,320,16000
201410212319072,SANIMA,14,11,15,490,7350
201410212319278,SBI,13,57,520,1010,525200
201410212319275,SBI,13,1,312,1009,314808
201410212319047,SBL,6,6,34,613,20842
201410212319292,SCB,18,17,12,2120,25440
201410212319079,SCB,3,17,53,2112,111936
201410212319061,SCB,29,14,17,2120,36040
201410212319052,SCB,3,48,370,2110,780700
201410212319041,SCB,17,17,103,2102,216506
201410212319003,SCB,3,17,50,2108,105400
201410212318990,SCB,3,7,200,2105,421000
201410212318982,SCB,22,17,100,2104,210400
201410212318905,SCB,5,17,100,2100,210000
201410212318902,SCB,5,40,100,2100,210000
201410212319354,SEOS,41,39,5000,11,55250
201410212319298,SEOS,14,39,5000,11,55200
201410212319279,SEOS,41,39,5000,11,55300
201410212319265,SEOS,26,39,5000,11,55250
201410212319249,SEOS,41,39,5000,11,55400
201410212319246,SEOS,52,39,5000,11,55300
201410212318985,SEOS,7,39,2000,11,22200
201410212318967,SEOS,13,45,5898,11,65468
201410212318906,SEOS,20,39,2000,11,22200
201410212318895,SEOS,20,39,2000,11,22200
201410212318884,SEOS,20,39,2000,11,22200
201410212318878,SEOS,21,39,2000,11,22200
201410212319083,SEOS,13,22,9000,11,99900
201410212319063,SEOS,41,39,5000,11,55750
201410212319023,SEOS,13,39,2000,11,22200
201410212319021,SEOS,13,39,2000,11,22200
201410212319000,SEOS,13,39,2000,11,22200
201410212318988,SEOS,7,39,2000,11,22200
201410212319240,SEOS,14,39,5000,11,55350
201410212319233,SEOS,14,39,5000,11,55350
201410212319215,SEOS,5,5,5000,11,55400
201410212319205,SEOS,5,5,5000,11,55400
201410212319181,SEOS,5,5,5000,11,55400
201410212319125,SEOS,52,5,5000,11,55300
201410212318969,SEWA,48,29,15,395,5925
201410212319335,SHINE,54,47,168,363,60984
201410212319252,SHINE,54,45,28,360,10080
201410212319198,SHINE,14,47,85,362,30770
201410212319194,SHINE,38,45,148,356,52688
201410212319193,SHINE,14,47,85,360,30600
201410212319355,SHPC,28,6,18,688,12384
201410212319352,SHPC,28,6,18,688,12384
201410212319346,SHPC,28,6,18,687,12366
201410212319296,SHPC,21,40,18,686,12348
201410212319294,SHPC,21,6,97,686,66542
201410212319293,SHPC,28,6,18,686,12348
201410212318998,SHPC,42,53,10,682,6820
201410212318993,SHPC,42,53,10,682,6820
201410212318975,SHPC,19,49,500,683,341500
201410212319060,SHPC,45,6,18,684,12312
201410212319055,SHPC,45,6,18,683,12294
201410212319025,SHPC,22,55,500,684,342000
201410212319017,SHPC,53,48,500,681,340500
201410212319009,SHPC,42,53,10,682,6820
201410212318999,SHPC,42,53,10,682,6820
201410212319153,SHPC,41,49,500,684,342000
201410212319085,SHPC,45,6,18,684,12312
201410212319070,SHPC,41,55,282,684,192888
201410212319067,SHPC,45,40,18,685,12330
201410212319066,SHPC,45,6,18,685,12330
201410212319062,SHPC,45,6,18,684,12312
201410212319288,SHPC,21,6,18,686,12348
201410212319285,SHPC,21,40,18,685,12330
201410212319276,SHPC,41,49,500,684,342000
201410212319258,SHPC,21,6,18,685,12330
201410212319173,SHPC,42,48,271,682,184822
201410212319167,SHPC,22,48,1000,681,681000
201410212319113,SIC,57,7,100,1200,120000
201410212318927,SIC,57,7,200,1190,238000
201410212319207,SICL,57,57,500,800,400000
201410212319068,SIL,59,26,13,790,10270
201410212318946,SIL,59,6,30,790,23700
201410212319323,SKBBL,21,26,16,1447,23152
201410212319190,SKBBL,21,40,16,1455,23280
201410212319183,SKBBL,21,6,19,1454,27626
201410212319180,SKBBL,21,6,19,1453,27607
201410212319178,SKBBL,21,6,19,1452,27588
201410212319176,SKBBL,21,47,12,1451,17412
201410212319171,SKBBL,21,6,19,1450,27550
201410212319127,SKBBL,34,17,19,1449,27531
201410212319120,SKBBL,34,38,19,1446,27474
201410212318900,SKBBL,38,38,500,1440,720000
201410212319182,SLBBL,37,14,10,2330,23300
201410212319154,SLBBL,39,22,476,2324,1106224
201410212318971,SLBBL,57,51,10,2370,23700
201410212318949,SLBBL,55,51,11,2375,26125
201410212319256,SLICL,25,58,57,678,38646
201410212319247,SLICL,25,25,34,677,23018
201410212319241,SLICL,25,58,34,676,22984
201410212319219,SLICL,25,58,34,675,22950
201410212319128,SRBL,36,58,77,380,29260
201410212319073,SRBL,29,32,17,382,6494
201410212319035,SRBL,40,54,242,379,91718
201410212319117,SUPRME,17,38,640,167,106880
201410212319116,SUPRME,17,44,300,167,50100
201410212319115,SUPRME,17,44,500,167,83500
201410212319114,SUPRME,17,47,640,166,106240
201410212319048,TRH,46,45,70,285,19950
201410212318956,UFIL,18,17,20,156,3120
201410212318955,UFIL,18,17,20,156,3120
201410212318954,UFIL,18,17,20,156,3120
201410212318953,UFIL,18,26,40,156,6240
201410212318923,UFIL,22,53,40,154,6160
201410212318920,UFIL,22,53,40,154,6160
201410212319236,VBBL,25,49,20,123,2460
201410212319231,VBBL,25,49,30,123,3690
201410212319230,VBBL,25,45,20,123,2460
201410212319189,VBBL,34,45,20,123,2460
201410212319165,VBBL,25,45,40,123,4920
201410212319161,VBBL,34,45,40,123,4920
201410212319144,VBBL,34,45,40,123,4920
201410212319137,VBBL,34,45,40,123,4920
201410212319086,VBBL,59,45,420,124,52080
201410212319217,VBBL,25,49,80,123,9840
201410212319216,VBBL,25,45,20,123,2460
201410212319212,VBBL,25,45,20,123,2460
201410212319211,VBBL,25,49,20,123,2460
201410212319210,VBBL,25,45,20,123,2460
201410212319208,VBBL,25,49,20,123,2460
201410212319274,WDBL,38,45,20,202,4040
201410212319272,WDBL,3,45,20,202,4040
201410212319353,YETI,59,4,70,127,8890
201410212319351,YETI,59,4,70,127,8890
201410212319350,YETI,59,4,70,127,8890
201410212319349,YETI,59,4,70,127,8890
201410212319162,YETI,17,14,11,126,1386
201410212319152,YETI,4,4,70,126,8820
201410212319049,YETI,17,4,70,126,8820
201410212319042,YETI,17,4,70,126,8820
201410212319028,YETI,4,16,11,127,1397
201410212319151,YETI,4,52,150,126,18900
201410212319150,YETI,4,4,70,126,8820
201410212319149,YETI,4,4,70,126,8820
201410212319148,YETI,4,4,70,126,8820
201410212319147,YETI,4,4,70,126,8820
201410212319059,YETI,17,4,70,126,8820
201410212318831,ACEDBL,21,11,93,292,27156
201410212318722,ADBL,45,25,30,507,15210
201410212318533,ADBL,36,51,145,508,73660
201410212318390,ADBL,36,36,30,508,15240
201410212318673,AHPC,8,55,82,375,30750
201410212318655,AHPC,39,55,82,376,30832
201410212318588,AHPC,28,42,21,382,8022
201410212318576,AHPC,4,55,76,389,29564
201410212318510,AHPC,4,28,200,382,76400
201410212318457,AHPC,17,28,200,375,75000
201410212318837,ALICL,36,48,16,1172,18752
201410212318636,ARDBL,6,8,21,153,3213
201410212318841,BSBL,1,45,45,270,12150
201410212318580,BSBL,1,1,61,270,16470
201410212318473,BSBL,5,5,45,271,12195
201410212318807,CBBL,57,45,339,1505,510195
201410212318407,CBBL,26,45,220,1505,331100
201410212318681,CBL,42,32,482,284,136888
201410212318455,CBL,7,11,135,283,38205
201410212318787,CCBL,26,26,40,282,11280
201410212318786,CCBL,26,26,40,282,11280
201410212318785,CCBL,26,26,40,282,11280
201410212318784,CCBL,26,26,40,282,11280
201410212318783,CCBL,26,26,40,282,11280
201410212318486,CCBL,1,1,39,277,10803
201410212318485,CCBL,10,10,20,281,5620
201410212318512,CCBL,29,29,40,277,11080
201410212318509,CCBL,29,29,40,277,11080
201410212318504,CCBL,29,29,40,277,11080
201410212318499,CCBL,29,29,40,277,11080
201410212318496,CCBL,22,29,40,277,11080
201410212318495,CCBL,22,29,40,277,11080
201410212318544,CCBL,50,29,276,277,76452
201410212318543,CCBL,29,49,40,277,11080
201410212318538,CCBL,29,29,276,277,76452
201410212318528,CCBL,29,29,276,277,76452
201410212318520,CCBL,29,29,40,277,11080
201410212318517,CCBL,29,29,40,277,11080
201410212318553,CCBL,29,49,40,277,11080
201410212318552,CCBL,29,49,40,277,11080
201410212318549,CCBL,29,49,40,277,11080
201410212318548,CCBL,29,49,40,277,11080
201410212318546,CCBL,29,16,40,277,11080
201410212318545,CCBL,29,49,40,277,11080
201410212318563,CCBL,16,49,40,278,11120
201410212318561,CCBL,16,49,40,278,11120
201410212318560,CCBL,16,49,40,278,11120
201410212318559,CCBL,16,49,40,277,11080
201410212318557,CCBL,16,16,40,277,11080
201410212318555,CCBL,16,49,40,277,11080
201410212318583,CCBL,16,16,40,278,11120
201410212318578,CCBL,16,16,40,278,11120
201410212318573,CCBL,16,49,40,278,11120
201410212318570,CCBL,16,49,40,278,11120
201410212318568,CCBL,29,29,276,277,76452
201410212318567,CCBL,16,16,40,278,11120
201410212318606,CCBL,16,16,40,278,11120
201410212318599,CCBL,16,16,40,278,11120
201410212318598,CCBL,16,16,40,278,11120
201410212318597,CCBL,16,13,40,278,11120
201410212318591,CCBL,16,16,40,278,11120
201410212318587,CCBL,16,16,40,278,11120
201410212318634,CCBL,16,16,40,278,11120
201410212318633,CCBL,16,16,40,278,11120
201410212318632,CCBL,16,16,40,278,11120
201410212318617,CCBL,16,16,40,278,11120
201410212318614,CCBL,16,16,40,278,11120
201410212318612,CCBL,16,16,40,278,11120
201410212318667,CCBL,16,16,40,278,11120
201410212318660,CCBL,16,16,40,278,11120
201410212318656,CCBL,16,16,40,278,11120
201410212318653,CCBL,16,16,40,278,11120
201410212318645,CCBL,16,16,40,278,11120
201410212318641,CCBL,16,16,40,278,11120
201410212318731,CCBL,26,33,40,277,11080
201410212318729,CCBL,26,33,40,277,11080
201410212318726,CCBL,26,33,40,277,11080
201410212318725,CCBL,26,33,40,277,11080
201410212318679,CCBL,16,16,40,278,11120
201410212318671,CCBL,16,16,40,278,11120
201410212318741,CCBL,26,33,40,277,11080
201410212318740,CCBL,26,33,40,277,11080
201410212318739,CCBL,26,33,40,277,11080
201410212318737,CCBL,26,33,40,277,11080
201410212318736,CCBL,26,33,40,277,11080
201410212318734,CCBL,26,33,40,277,11080
201410212318756,CCBL,42,16,40,278,11120
201410212318755,CCBL,42,16,40,278,11120
201410212318754,CCBL,42,16,40,278,11120
201410212318753,CCBL,42,16,40,278,11120
201410212318752,CCBL,42,16,40,278,11120
201410212318744,CCBL,26,33,40,277,11080
201410212318769,CCBL,42,16,40,280,11200
201410212318765,CCBL,42,16,40,280,11200
201410212318760,CCBL,42,10,40,280,11200
201410212318759,CCBL,42,10,40,280,11200
201410212318758,CCBL,42,10,40,280,11200
201410212318757,CCBL,42,10,40,280,11200
201410212318782,CCBL,26,26,40,282,11280
201410212318781,CCBL,26,26,40,282,11280
201410212318780,CCBL,26,26,40,282,11280
201410212318779,CCBL,26,26,40,282,11280
201410212318778,CCBL,26,26,40,282,11280
201410212318776,CCBL,42,16,40,280,11200
201410212318418,CEDBL,45,1,168,245,41160
201410212318839,CHCL,14,14,22,1805,39710
201410212318836,CHCL,48,14,26,1805,46930
201410212318825,CHCL,33,45,200,1800,360000
201410212318651,CHCL,29,49,290,1796,520840
201410212318637,CHCL,33,49,336,1795,603120
201410212318581,CHCL,36,28,300,1800,540000
201410212318472,CHCL,16,49,50,1806,90300
201410212318438,CHCL,10,36,20,1805,36100
201410212318426,CHCL,16,10,41,1805,74005
201410212318453,CIT,41,11,225,3040,684000
201410212318830,CNDBL,29,50,20,171,3420
201410212318829,CNDBL,29,50,20,171,3420
201410212318828,CNDBL,29,50,20,171,3420
201410212318827,CNDBL,29,50,20,171,3420
201410212318826,CNDBL,29,50,20,171,3420
201410212318804,CNDBL,50,50,20,171,3420
201410212318749,CNDBL,17,50,20,170,3400
201410212318748,CNDBL,17,57,40,170,6800
201410212318747,CNDBL,17,57,40,170,6800
201410212318720,CNDBL,47,50,20,167,3340
201410212318703,CNDBL,47,57,40,170,6800
201410212318797,CNDBL,50,50,20,171,3420
201410212318796,CNDBL,50,50,20,171,3420
201410212318795,CNDBL,50,50,20,171,3420
201410212318774,CNDBL,17,50,20,170,3400
201410212318772,CNDBL,17,50,20,170,3400
201410212318771,CNDBL,17,50,20,170,3400
201410212318803,CNDBL,50,50,20,171,3420
201410212318802,CNDBL,50,50,20,171,3420
201410212318801,CNDBL,50,50,20,171,3420
201410212318800,CNDBL,50,50,20,171,3420
201410212318799,CNDBL,50,50,20,171,3420
201410212318798,CNDBL,50,50,20,171,3420
201410212318838,CZBIL,43,6,168,449,75432
201410212318460,CZBIL,43,50,126,449,56574
201410212318411,CZBIL,49,50,63,448,28224
201410212318515,CZBIL,43,34,315,446,140490
201410212318463,CZBIL,49,5,38,446,16948
201410212318698,EBL,16,45,97,1910,185270
201410212318565,EBL,41,36,36,1911,68796
201410212318430,EKBL,8,43,33,239,7887
201410212318427,EKBL,8,43,33,239,7887
201410212318414,EKBL,8,43,33,239,7887
201410212318605,GBBL,48,26,100,360,36000
201410212318582,GBBL,48,16,500,359,179500
201410212318558,GBBL,48,17,126,358,45108
201410212318500,GBBL,41,17,56,356,19936
201410212318497,GBBL,32,17,33,356,11748
201410212318450,GBBL,32,21,37,356,13172
201410212318431,GBBL,42,17,131,355,46505
201410212318777,GBIME,35,13,23,540,12420
201410212318631,GBIME,11,11,214,540,115560
201410212318589,GBIME,35,51,13,539,7007
201410212318466,GBIME,26,26,27,539,14553
201410212318399,GBIME,35,42,31,535,16585
201410212318393,GBIME,35,42,14,535,7490
201410212318815,GLICL,34,10,90,559,50310
201410212318718,GLICL,3,22,10,558,5580
201410212318701,GLICL,3,11,10,569,5690
201410212318590,GLICL,3,22,10,580,5800
201410212318834,GRAND,57,39,1000,219,219000
201410212318727,GRAND,7,56,500,220,110000
201410212318719,GRAND,22,32,1000,219,219000
201410212318706,GRAND,7,56,500,220,110000
201410212318704,GRAND,19,57,354,219,77526
201410212318445,GRAND,7,56,500,222,111000
201410212318423,GRAND,36,58,1000,219,219000
201410212318372,GRAND,32,58,1000,219,219000
201410212318370,GRAND,42,58,1000,219,219000
201410212318688,GRAND,7,56,500,220,110000
201410212318626,GRAND,5,56,500,220,110000
201410212318501,GRAND,5,56,500,220,110000
201410212318474,GRAND,17,17,127,222,28194
201410212318469,HAMA,29,26,65,133,8645
201410212318821,HAMRO,11,47,500,315,157500
201410212318459,HBDL,16,44,1000,95,95000
201410212318462,HBL,10,10,28,874,24472
201410212318442,HBL,10,10,28,874,24472
201410212318471,ICFC,58,45,701,298,208898
201410212318822,JBBL,22,48,10,170,1700
201410212318817,JBBL,22,48,10,170,1700
201410212318511,JBBL,39,6,50,169,8450
201410212318458,JBBL,5,5,20,166,3320
201410212318434,JBBL,3,41,10,166,1660
201410212318385,JBBL,5,5,20,166,3320
201410212318761,JBNL,38,38,40,267,10680
201410212318863,KBL,43,43,937,568,532216
201410212318767,KBL,42,18,30,571,17130
201410212318764,KBL,18,18,120,571,68520
201410212318693,KBL,22,45,278,568,157904
201410212318691,KBL,1,21,166,570,94620
201410212318677,KBL,13,41,500,569,284500
201410212318374,KBL,29,18,89,575,51175
201410212318369,KBL,22,21,186,575,106950
201410212318368,KBL,28,18,92,575,52900
201410212318392,KBL,29,18,50,575,28750
201410212318389,KBL,40,53,77,575,44275
201410212318388,KBL,39,18,100,575,57500
201410212318382,KBL,53,53,200,571,114200
201410212318380,KBL,45,18,150,574,86100
201410212318376,KBL,26,21,500,572,286000
201410212318409,KBL,39,53,200,570,114000
201410212318406,KBL,5,53,300,570,171000
201410212318404,KBL,45,18,150,571,85650
201410212318401,KBL,39,53,100,571,57100
201410212318396,KBL,39,53,200,571,114200
201410212318394,KBL,16,41,100,575,57500
201410212318422,KBL,48,7,1000,569,569000
201410212318419,KBL,22,18,25,572,14300
201410212318417,KBL,16,7,99,572,56628
201410212318416,KBL,47,41,257,571,146747
201410212318413,KBL,29,18,20,575,11500
201410212318410,KBL,43,18,100,571,57100
201410212318451,KBL,37,18,170,570,96900
201410212318449,KBL,17,53,70,570,39900
201410212318446,KBL,45,53,42,571,23982
201410212318443,KBL,11,53,300,570,171000
201410212318433,KBL,39,11,50,571,28550
201410212318425,KBL,36,41,500,570,285000
201410212318537,KBL,38,38,118,568,67024
201410212318527,KBL,41,53,263,570,149910
201410212318488,KBL,49,53,91,570,51870
201410212318480,KBL,59,41,660,569,375540
201410212318456,KBL,38,18,88,570,50160
201410212318454,KBL,47,18,132,570,75240
201410212318618,KBL,22,45,30,572,17160
201410212318604,KBL,4,37,98,574,56252
201410212318586,KBL,41,7,20,575,11500
201410212318585,KBL,41,7,10,575,5750
201410212318575,KBL,39,38,36,570,20520
201410212318569,KBL,37,38,178,569,101282
201410212318666,KBL,6,51,124,569,70556
201410212318640,KBL,38,14,1000,565,565000
201410212318625,KBL,46,45,100,570,57000
201410212318622,KBL,46,21,200,570,114000
201410212318621,KBL,10,45,100,570,57000
201410212318619,KBL,39,16,500,568,284000
201410212318792,KDBL,4,4,41,119,4879
201410212318766,KDBL,4,4,109,119,12971
201410212318649,KDBL,50,25,384,119,45696
201410212318448,KDBL,36,11,270,120,32400
201410212318447,KDBL,36,11,140,120,16800
201410212318379,KDBL,48,6,55,118,6490
201410212318601,KMCDB,47,42,10,690,6900
201410212318658,KNBL,6,1,54,186,10044
201410212318842,LBL,1,44,51,625,31875
201410212318794,LBL,28,53,105,625,65625
201410212318790,LBL,45,45,200,623,124600
201410212318789,LBL,10,53,700,624,436800
201410212318675,LBL,46,6,50,626,31300
201410212318652,LBL,48,13,400,623,249200
201410212318494,LBL,43,43,900,625,562500
201410212318492,LBL,18,13,100,627,62700
201410212318468,LBL,47,38,210,626,131460
201410212318384,LBL,11,21,500,625,312500
201410212318566,LBL,39,6,100,627,62700
201410212318550,LBL,6,6,200,627,125400
201410212318540,LBL,49,13,225,625,140625
201410212318535,LBL,11,53,300,625,187500
201410212318526,LBL,1,13,500,625,312500
201410212318505,LBL,46,13,150,626,93900
201410212318630,LBL,41,13,150,624,93600
201410212318611,LBL,13,38,200,626,125200
201410212318609,LBL,47,13,100,625,62500
201410212318600,LBL,50,39,79,625,49375
201410212318584,LBL,41,13,100,626,62600
201410212318571,LBL,29,6,50,627,31350
201410212318678,LICN,20,17,86,3400,292400
201410212318820,LUBL,1,6,85,340,28900
201410212318470,LUBL,1,36,380,340,129200
201410212318476,MBL,55,55,266,491,130606
201410212318514,MDBL,58,58,500,177,88500
201410212318646,MEGA,1,58,364,385,140140
201410212318620,MEGA,42,55,32,388,12416
201410212318616,MEGA,42,1,13,388,5044
201410212318603,MEGA,42,17,44,387,17028
201410212318402,MEGA,38,38,28,387,10836
201410212318387,MEGA,38,38,28,387,10836
201410212318377,MEGA,38,38,28,387,10836
201410212318860,METRO,25,14,19,362,6878
201410212318845,METRO,25,11,29,355,10295
201410212318813,METRO,16,48,32,350,11200
201410212318768,METRO,16,25,26,351,9126
201410212318659,METRO,57,48,83,345,28635
201410212318814,MMDBL,18,18,10,359,3590
201410212318644,MMDBL,57,26,23,366,8418
201410212318465,MMDBL,18,18,10,359,3590
201410212318464,MMDBL,18,26,23,366,8418
201410212318444,MMDBL,18,18,10,359,3590
201410212318440,MMDBL,18,6,10,366,3660
201410212318435,MMDBL,18,6,15,366,5490
201410212318648,MNBBL,44,47,14,780,10920
201410212318642,NABIL,29,20,12,2330,27960
201410212318695,NABILP,49,49,200,1595,319000
201410212318694,NABILP,49,49,1000,1595,1595000
201410212318508,NABILP,54,28,200,1598,319600
201410212318751,NBB,1,55,20,591,11820
201410212318629,NBB,32,49,20,603,12060
201410212318491,NCCB,14,18,100,621,62100
201410212318705,NGBL,39,14,40,302,12080
201410212318428,NGBL,16,11,43,300,12900
201410212318424,NGBL,16,11,43,300,12900
201410212318542,NHPC,8,17,1000,143,143000
201410212318702,NICA,35,51,51,780,39780
201410212318529,NICA,6,54,100,772,77200
201410212318522,NICA,56,54,500,775,387500
201410212318489,NICA,16,16,67,778,52126
201410212318475,NICA,16,16,149,778,115922
201410212318467,NICA,42,42,100,776,77600
201410212318524,NICL,26,41,255,475,121125
201410212318441,NICL,29,18,52,476,24752
201410212318432,NICL,29,44,400,469,187600
201410212318421,NICL,17,44,200,467,93400
201410212318415,NICL,17,18,50,474,23700
201410212318403,NICL,40,44,200,473,94600
201410212318373,NICL,17,56,500,470,235000
201410212318668,NLBBL,38,59,200,1170,234000
201410212318596,NLBBL,53,6,11,1175,12925
201410212318400,NLBBL,7,47,80,1170,93600
201410212318378,NLBBL,44,59,100,1170,117000
201410212318375,NLBBL,44,59,47,1170,54990
201410212318498,NLG,29,18,26,800,20800
201410212318713,NLIC,28,47,270,4190,1131300
201410212318712,NLIC,21,47,600,4200,2520000
201410212318711,NLIC,11,47,20,4200,84000
201410212318710,NLIC,19,47,50,4230,211500
201410212318709,NLIC,7,47,30,4260,127800
201410212318708,NLIC,57,47,30,4270,128100
201410212318523,NLIC,28,35,200,4260,852000
201410212318858,NLICL,36,33,100,2270,227000
201410212318853,NLICL,16,26,55,2290,125950
201410212318395,NLICL,17,51,340,2280,775200
201410212318367,NLICL,21,50,500,2281,1140500
201410212318572,NTC,13,17,100,620,62000
201410212318840,NUBL,13,7,187,1550,289850
201410212318770,NUBL,38,26,91,1554,141414
201410212318534,NUBL,7,44,177,1555,275235
201410212318487,NUBL,44,44,717,1555,1114935
201410212318610,OHL,20,18,500,709,354500
201410212318791,PCBL,47,57,20,495,9900
201410212318676,PCBL,36,25,80,491,39280
201410212318592,PCBL,7,25,102,491,50082
201410212318518,PCBL,21,21,53,495,26235
201410212318506,PCBL,6,6,170,498,84660
201410212318503,PCBL,6,7,24,497,11928
201410212318383,PCBL,41,57,208,494,102752
201410212318381,PCBL,49,38,60,490,29400
201410212318439,PCBL,4,59,302,495,149490
201410212318429,PCBL,36,13,264,493,130152
201410212318408,PCBL,56,13,200,494,98800
201410212318398,PCBL,56,42,370,495,183150
201410212318397,PCBL,47,22,63,495,31185
201410212318391,PCBL,56,16,412,493,203116
201410212318437,PFCLL,22,22,10,147,1470
201410212318436,PFCLL,22,22,30,147,4410
201410212318654,PFL,14,19,130,241,31330
201410212318595,PFL,32,19,144,245,35280
201410212318531,PIC,41,13,15,865,12975
201410212318743,PLIC,18,18,27,1022,27594
201410212318738,PLIC,18,18,27,1022,27594
201410212318728,PLIC,18,18,27,1022,27594
201410212318663,PLIC,18,18,27,1022,27594
201410212318657,PLIC,18,18,27,1022,27594
201410212318490,PLIC,49,49,100,1024,102400
201410212318386,PLIC,45,45,550,1015,558250
201410212318843,PURBL,16,47,22,365,8030
201410212318493,PURBL,21,21,55,365,20075
201410212318865,RHPC,49,49,94,575,54050
201410212318862,RHPC,49,49,94,575,54050
201410212318856,RHPC,49,49,94,575,54050
201410212318855,RHPC,17,17,11,576,6336
201410212318854,RHPC,22,48,11,580,6380
201410212318851,RHPC,22,48,11,580,6380
201410212318478,RHPC,45,49,11,579,6369
201410212318477,RHPC,21,46,11,576,6336
201410212318461,RHPC,17,17,11,577,6347
201410212318420,RHPC,17,17,11,577,6347
201410212318412,RHPC,17,17,11,577,6347
201410212318405,RHPC,17,17,11,577,6347
201410212318516,RHPC,48,46,11,575,6325
201410212318484,RHPC,45,49,10,579,5790
201410212318483,RHPC,45,49,10,579,5790
201410212318482,RHPC,45,49,10,579,5790
201410212318481,RHPC,45,49,10,579,5790
201410212318479,RHPC,45,49,11,579,6369
201410212318602,RHPC,17,17,11,574,6314
201410212318536,RHPC,17,17,11,574,6314
201410212318532,RHPC,48,46,11,575,6325
201410212318525,RHPC,11,6,70,570,39900
201410212318521,RHPC,29,46,11,575,6325
201410212318519,RHPC,48,46,11,575,6325
201410212318683,RHPC,17,46,11,575,6325
201410212318674,RHPC,17,46,11,575,6325
201410212318672,RHPC,17,46,11,575,6325
201410212318662,RHPC,17,49,11,575,6325
201410212318635,RHPC,48,32,10,580,5800
201410212318613,RHPC,17,17,11,574,6314
201410212318696,RHPC,17,49,11,575,6325
201410212318692,RHPC,17,49,11,575,6325
201410212318690,RHPC,17,49,11,575,6325
201410212318689,RHPC,17,46,11,575,6325
201410212318685,RHPC,17,46,11,575,6325
201410212318684,RHPC,17,46,11,575,6325
201410212318805,RHPC,17,17,11,574,6314
201410212318775,RHPC,17,17,11,574,6314
201410212318746,RHPC,17,17,11,574,6314
201410212318733,RHPC,17,17,11,574,6314
201410212318700,RHPC,17,49,11,575,6325
201410212318699,RHPC,17,49,11,575,6325
201410212318816,RHPC,45,45,10,575,5750
201410212318811,RHPC,14,49,11,575,6325
201410212318810,RHPC,14,49,11,575,6325
201410212318809,RHPC,17,17,11,574,6314
201410212318808,RHPC,14,49,11,575,6325
201410212318806,RHPC,14,49,11,575,6325
201410212318844,RHPC,17,17,11,575,6325
201410212318835,RHPC,17,17,11,575,6325
201410212318833,RHPC,22,48,11,580,6380
201410212318832,RHPC,22,45,10,575,5750
201410212318824,RHPC,22,48,11,580,6380
201410212318823,RHPC,22,45,10,575,5750
201410212318577,SADBL,26,43,50,320,16000
201410212318624,SBI,35,1,130,1011,131430
201410212318530,SBL,16,16,54,615,33210
201410212318502,SBL,16,16,762,612,466344
201410212318366,SBL,14,44,102,611,62322
201410212318861,SCB,46,38,10,2109,21090
201410212318819,SCB,7,17,67,2105,141035
201410212318818,SCB,7,17,60,2104,126240
201410212318686,SCB,38,20,58,2100,121800
201410212318615,SCB,38,21,200,2100,420000
201410212318607,SCB,35,17,100,2105,210500
201410212318864,SEOS,11,39,2000,11,21760
201410212318857,SEOS,11,39,2000,11,21760
201410212318788,SEOS,21,51,5898,11,62932
201410212318793,SEWA,53,21,186,392,72912
201410212318623,SHINE,38,47,168,361,60648
201410212318852,SHPC,8,49,500,685,342500
201410212318773,SHPC,22,22,285,686,195510
201410212318735,SHPC,19,4,10,677,6770
201410212318707,SHPC,35,25,198,680,134640
201410212318697,SHPC,35,4,10,680,6800
201410212318680,SHPC,41,49,500,685,342500
201410212318670,SHPC,41,6,18,688,12384
201410212318669,SHPC,41,16,10,688,6880
201410212318661,SHPC,41,43,12,686,8232
201410212318594,SHPC,35,16,18,685,12330
201410212318593,SHPC,35,49,500,685,342500
201410212318574,SHPC,19,40,193,680,131240
201410212318628,SIC,57,22,25,1200,30000
201410212318627,SIC,57,6,10,1200,12000
201410212318723,SICL,37,57,500,793,396500
201410212318608,SICL,38,14,500,794,397000
201410212318452,SICL,38,53,480,805,386400
201410212318687,SIL,59,6,15,790,11850
201410212318554,SIL,55,6,15,790,11850
201410212318850,SKBBL,11,38,163,1447,235861
201410212318812,SKBBL,6,6,19,1448,27512
201410212318750,SKBBL,52,14,19,1448,27512
201410212318745,SKBBL,52,14,19,1448,27512
201410212318742,SKBBL,52,49,19,1449,27531
201410212318721,SKBBL,52,49,19,1449,27531
201410212318579,SKBBL,5,5,12,1445,17340
201410212318564,SKBBL,5,5,12,1445,17340
201410212318556,SKBBL,7,14,19,1445,27455
201410212318513,SKBBL,34,14,19,1445,27455
201410212318716,SKBBL,52,14,19,1448,27512
201410212318715,SKBBL,52,14,19,1448,27512
201410212318664,SKBBL,34,14,19,1445,27455
201410212318650,SKBBL,21,49,19,1449,27531
201410212318647,SKBBL,21,49,19,1449,27531
201410212318643,SKBBL,21,14,19,1448,27512
201410212318859,SLICL,36,45,34,670,22780
201410212318849,SLICL,36,45,34,670,22780
201410212318848,SLICL,36,45,34,670,22780
201410212318847,SLICL,36,45,34,670,22780
201410212318846,SLICL,36,45,42,670,28140
201410212318665,SLICL,44,17,94,666,62604
201410212318551,SLICL,36,58,45,673,30285
201410212318541,SLICL,36,6,127,670,85090
201410212318507,SLICL,37,45,82,670,54940
201410212318638,SRBL,50,50,78,379,29562
201410212318682,SUBBL,6,6,16,284,4544
201410212318717,SUPRME,17,47,530,166,87980
201410212318547,SWBBL,26,59,96,1880,180480
201410212318539,SWBBL,26,59,204,1880,383520
201410212318762,SYFL,17,25,2000,92,184000
201410212318371,UFL,17,17,200,260,52000
201410212318562,UNL,6,16,20,15100,302000
201410212318730,VBBL,34,26,160,123,19680
201410212318732,WDBL,14,40,12,206,2472
201410212318724,WDBL,14,40,60,206,12360
201410212318763,YETI,42,7,30,128,3840
201410212318714,YETI,42,7,30,128,3840
201410212318639,YETI,42,1,40,128,5120
201410212318040,ADBL,45,45,200,510,102000
201410212318012,ADBL,49,49,40,514,20560
201410212318011,ADBL,49,49,40,514,20560
201410212318010,ADBL,49,49,40,514,20560
201410212318182,AHPC,55,55,200,373,74600
201410212318124,AHPC,43,43,21,375,7875
201410212318065,AHPC,21,35,100,372,37200
201410212318064,AHPC,21,35,200,372,74400
201410212318061,AHPC,49,35,80,371,29680
201410212318054,AHPC,22,35,100,372,37200
201410212318043,AHPC,26,35,250,375,93750
201410212318309,AIC,32,32,30,485,14550
201410212318113,ALICL,43,43,29,1160,33640
201410212318003,ALICL,51,51,70,1152,80640
201410212318256,ARDBL,50,16,42,150,6300
201410212318253,ARDBL,50,16,42,150,6300
201410212318243,ARDBL,5,16,42,149,6258
201410212318241,ARDBL,5,16,42,149,6258
201410212318208,ARDBL,50,16,42,149,6258
201410212318015,ARDBL,50,48,20,150,3000
201410212318337,BSBL,16,16,49,275,13475
201410212318251,BSBL,21,17,468,280,131040
201410212318320,CBL,11,36,27,282,7614
201410212318285,CBL,16,58,158,284,44872
201410212318250,CBL,19,19,135,283,38205
201410212318234,CBL,19,19,135,283,38205
201410212318210,CBL,16,18,35,282,9870
201410212318197,CBL,11,11,135,282,38070
201410212318118,CBL,29,57,73,282,20586
201410212318059,CBL,36,58,511,282,144102
201410212318036,CBL,42,8,82,284,23288
201410212318332,CCBL,22,18,76,278,21128
201410212318209,CCBL,50,49,40,278,11120
201410212318206,CCBL,50,40,214,278,59492
201410212318136,CCBL,42,10,122,278,33916
201410212318102,CCBL,17,10,40,280,11200
201410212318090,CCBL,17,10,40,280,11200
201410212318071,CCBL,17,17,40,285,11400
201410212318211,CHCL,48,36,48,1811,86928
201410212318179,CHCL,42,43,100,1819,181900
201410212318123,CHCL,48,4,28,1811,50708
201410212318048,CHCL,29,29,52,1812,94224
201410212318024,CHCL,22,43,10,1847,18470
201410212318322,CIT,41,45,50,3020,151000
201410212318115,CNDBL,50,50,50,173,8650
201410212318112,CNDBL,50,50,50,173,8650
201410212318111,CNDBL,50,50,50,173,8650
201410212318110,CNDBL,50,50,20,173,3460
201410212318109,CNDBL,50,50,20,173,3460
201410212318108,CNDBL,50,50,20,173,3460
201410212318094,CNDBL,50,50,30,173,5190
201410212318093,CNDBL,50,50,20,173,3460
201410212318092,CNDBL,50,22,20,170,3400
201410212318100,CNDBL,50,50,20,173,3460
201410212318099,CNDBL,50,50,30,173,5190
201410212318098,CNDBL,50,50,30,173,5190
201410212318097,CNDBL,50,50,30,173,5190
201410212318096,CNDBL,50,50,30,173,5190
201410212318095,CNDBL,50,50,30,173,5190
201410212318107,CNDBL,50,50,20,173,3460
201410212318106,CNDBL,50,50,20,173,3460
201410212318105,CNDBL,50,50,20,173,3460
201410212318104,CNDBL,50,50,30,173,5190
201410212318103,CNDBL,50,50,30,173,5190
201410212318101,CNDBL,50,50,60,173,10380
201410212318293,CZBIL,5,36,21,445,9345
201410212318300,EBL,43,57,96,1920,184320
201410212318212,EBL,38,55,505,1912,965560
201410212318365,EIC,17,6,100,1000,100000
201410212318355,EKBL,43,39,10,241,2410
201410212318031,EKBL,1,1,10,245,2450
201410212318025,EKBL,1,43,33,250,8250
201410212318023,EKBL,1,39,10,250,2500
201410212318018,EKBL,1,39,10,255,2550
201410212318004,EKBL,1,1,10,260,2600
201410212318149,FFCL,32,32,1000,328,328000
201410212318357,GBBL,50,40,130,360,46800
201410212318336,GBBL,42,42,66,366,24156
201410212318325,GBBL,42,42,74,359,26566
201410212318319,GBBL,42,42,74,359,26566
201410212318312,GBBL,42,42,74,359,26566
201410212318304,GBBL,42,42,48,359,17232
201410212318295,GBBL,42,42,26,359,9334
201410212318335,GBIME,32,42,31,535,16585
201410212318324,GBIME,57,6,95,539,51205
201410212318308,GBIME,46,36,227,535,121445
201410212318231,GBIME,32,34,302,537,162174
201410212318194,GBIME,16,33,48,535,25680
201410212318016,GLICL,6,49,14,591,8274
201410212318361,GRAND,36,56,500,221,110500
201410212318358,GRAND,36,56,1000,220,220000
201410212318351,GRAND,29,56,500,220,110000
201410212318350,GRAND,34,56,500,221,110500
201410212318180,GRAND,33,58,1000,221,221000
201410212318062,GRAND,8,8,5000,220,1100000
201410212318047,GRAND,26,8,500,221,110500
201410212318280,HAMA,26,47,500,131,65500
201410212318029,HAMA,26,50,40,133,5320
201410212318027,HAMA,26,50,40,133,5320
201410212318088,HBL,32,32,412,875,360500
201410212318279,IDBL,54,54,45,180,8100
201410212318260,IDBL,54,54,45,180,8100
201410212318232,IDBL,54,54,45,180,8100
201410212318129,IDBL,50,22,11,179,1969
201410212318254,JBBL,36,36,600,165,99000
201410212318218,JBBL,41,40,300,163,48900
201410212318204,JBBL,5,5,20,164,3280
201410212318083,JBBL,3,42,30,162,4860
201410212318033,JBBL,5,5,10,165,1650
201410212318275,JBNL,50,8,33,265,8745
201410212318270,JBNL,14,14,20,266,5320
201410212318261,JBNL,14,14,20,266,5320
201410212318156,KAFIL,7,7,34,227,7718
201410212318364,KBL,39,38,500,570,285000
201410212318362,KBL,39,16,500,570,285000
201410212318359,KBL,17,16,300,570,171000
201410212318356,KBL,41,7,153,575,87975
201410212318331,KBL,37,7,100,576,57600
201410212318330,KBL,13,7,100,576,57600
201410212318013,KBL,17,21,100,576,57600
201410212318056,KBL,17,49,36,580,20880
201410212318046,KBL,36,36,14,591,8274
201410212318041,KBL,42,26,26,590,15340
201410212318032,KBL,54,54,23,591,13593
201410212318028,KBL,38,57,500,580,290000
201410212318014,KBL,38,3,43,587,25241
201410212318178,KBL,16,53,50,581,29050
201410212318148,KBL,36,16,200,576,115200
201410212318135,KBL,16,3,100,580,58000
201410212318119,KBL,41,21,390,575,224250
201410212318087,KBL,17,16,500,570,285000
201410212318058,KBL,51,49,130,580,75400
201410212318240,KBL,45,53,53,577,30581
201410212318224,KBL,47,16,359,574,206066
201410212318213,KBL,45,53,50,580,29000
201410212318201,KBL,16,53,42,581,24402
201410212318193,KBL,36,36,140,579,81060
201410212318183,KBL,45,53,40,580,23200
201410212318278,KBL,41,7,100,577,57700
201410212318272,KBL,38,7,20,578,11560
201410212318267,KBL,36,7,10,579,5790
201410212318263,KBL,7,16,94,577,54238
201410212318257,KBL,22,21,200,576,115200
201410212318255,KBL,37,21,300,573,171900
201410212318329,KBL,22,7,100,576,57600
201410212318323,KBL,55,7,104,576,59904
201410212318314,KBL,41,7,20,577,11540
201410212318290,KBL,40,6,155,577,89435
201410212318287,KBL,45,7,50,577,28850
201410212318286,KBL,39,7,50,577,28850
201410212318181,KDBL,5,5,40,120,4800
201410212318017,KDBL,5,5,40,120,4800
201410212318297,KNBL,16,16,32,185,5920
201410212318215,KNBL,26,43,10,185,1850
201410212318214,KNBL,26,6,10,183,1830
201410212318199,KNBL,6,16,32,182,5824
201410212318120,KNBL,47,22,21,183,3843
201410212318363,LBL,38,54,705,624,439920
201410212318317,LBL,40,6,100,628,62800
201410212318299,LBL,55,6,150,627,94050
201410212318289,LBL,41,6,150,627,94050
201410212318236,LBL,22,14,125,627,78375
201410212318226,LBL,16,58,1000,625,625000
201410212318009,LBL,29,33,23,625,14375
201410212318158,LBL,1,58,441,622,274302
201410212318151,LBL,33,17,200,626,125200
201410212318133,LBL,52,33,198,625,123750
201410212318050,LBL,11,11,142,627,89034
201410212318042,LBL,17,17,115,627,72105
201410212318228,LGIL,38,38,13,417,5421
201410212318328,MBL,59,21,100,493,49300
201410212318192,MDB,7,7,28,470,13160
201410212318347,MEGA,38,38,28,387,10836
201410212318311,MEGA,17,17,10,386,3860
201410212318301,MEGA,41,58,73,386,28178
201410212318230,MEGA,28,28,25,386,9650
201410212318222,MEGA,28,28,32,386,12352
201410212318081,MEGA,57,47,64,385,24640
201410212318008,MEGA,57,44,110,388,42680
201410212318265,METRO,16,10,13,340,4420
201410212318258,MLBBL,22,10,10,801,8010
201410212318252,MLBBL,22,10,10,801,8010
201410212318247,MLBBL,22,10,10,801,8010
201410212318195,MLBBL,22,26,38,816,31008
201410212318326,MMDBL,18,18,10,359,3590
201410212318318,MMDBL,18,18,10,365,3650
201410212318313,MMDBL,18,6,23,372,8556
201410212318310,MMDBL,18,18,10,365,3650
201410212318306,MMDBL,18,18,10,365,3650
201410212318302,MMDBL,18,18,10,365,3650
201410212318298,MMDBL,18,18,10,365,3650
201410212318291,MMDBL,5,6,23,372,8556
201410212318200,MMDBL,5,6,23,365,8395
201410212318153,MMDBL,57,6,23,358,8234
201410212318196,MNBBL,55,55,200,772,154400
201410212318052,MNBBL,44,41,74,780,57720
201410212318345,NABIL,18,42,175,2320,406000
201410212318242,NABILP,17,28,50,1600,80000
201410212318238,NBBL,51,38,10,1610,16100
201410212318237,NBBL,51,38,10,1610,16100
201410212318292,NCCB,22,38,50,628,31400
201410212318338,NICA,36,17,10,790,7900
201410212318344,NICL,34,56,200,467,93400
201410212318343,NICL,17,56,300,467,140100
201410212318276,NICL,39,1,50,466,23300
201410212318184,NICL,39,37,200,466,93200
201410212318127,NICL,17,56,500,465,232500
201410212318070,NIL,45,45,200,775,155000
201410212318162,NNFC,45,45,3373,265,893845
201410212318223,NNLB,22,42,10,745,7450
201410212318144,NUBL,44,44,238,1560,371280
201410212318134,NUBL,11,44,164,1553,254692
201410212318080,NUBL,8,17,23,1581,36363
201410212318079,NUBL,8,17,70,1580,110600
201410212318038,NUBL,8,44,56,1584,88704
201410212318354,PCBL,17,57,437,491,214567
201410212318353,PCBL,53,58,102,490,49980
201410212318339,PCBL,44,57,1591,490,779590
201410212318316,PCBL,43,22,100,490,49000
201410212318305,PCBL,26,57,100,491,49100
201410212318271,PCBL,26,57,300,491,147300
201410212318121,PCBL,36,59,201,487,97887
201410212318067,PCBL,3,20,11,481,5291
201410212318066,PCBL,16,36,497,487,242039
201410212318060,PCBL,39,20,17,482,8194
201410212318021,PCBL,3,47,49,490,24010
201410212318005,PCBL,11,48,92,500,46000
201410212318259,PCBL,44,57,958,490,469420
201410212318245,PCBL,26,40,101,492,49692
201410212318207,PCBL,18,18,80,489,39120
201410212318205,PCBL,18,18,53,489,25917
201410212318163,PCBL,58,58,284,486,138024
201410212318128,PCBL,39,59,27,488,13176
201410212318074,PFL,14,14,130,250,32500
201410212318020,PFL,14,47,40,255,10200
201410212318116,PIC,32,47,21,864,18144
201410212318288,PLIC,18,18,27,1022,27594
201410212318130,PLIC,49,49,1188,1020,1211760
201410212318082,PLIC,57,57,40,1025,41000
201410212318334,PURBL,45,45,22,360,7920
201410212318198,PURBL,21,22,11,358,3938
201410212318069,PURBL,16,47,11,365,4015
201410212318164,REDBL,11,14,59,208,12272
201410212318342,RHPC,21,38,10,576,5760
201410212318341,RHPC,21,38,10,576,5760
201410212318333,RHPC,38,38,10,576,5760
201410212318321,RHPC,17,17,11,575,6325
201410212318315,RHPC,17,17,11,575,6325
201410212318307,RHPC,38,39,19,575,10925
201410212318140,RHPC,17,17,10,571,5710
201410212318139,RHPC,17,17,10,571,5710
201410212318125,RHPC,11,1,20,570,11400
201410212318084,RHPC,11,41,18,575,10350
201410212318057,RHPC,40,40,10,576,5760
201410212318037,RHPC,11,33,10,575,5750
201410212318157,RHPC,17,17,10,571,5710
201410212318154,RHPC,17,17,10,571,5710
201410212318152,RHPC,17,17,10,571,5710
201410212318145,RHPC,17,17,10,571,5710
201410212318143,RHPC,17,17,10,571,5710
201410212318141,RHPC,17,17,10,571,5710
201410212318235,RHPC,17,17,11,576,6336
201410212318229,RHPC,17,17,11,576,6336
201410212318225,RHPC,17,17,11,576,6336
201410212318219,RHPC,17,17,11,576,6336
201410212318203,RHPC,17,17,11,576,6336
201410212318185,RHPC,17,17,11,576,6336
201410212318283,RHPC,29,18,94,577,54238
201410212318282,RHPC,29,18,94,577,54238
201410212318248,RHPC,45,39,10,575,5750
201410212318246,RHPC,45,39,10,575,5750
201410212318244,RHPC,45,39,10,575,5750
201410212318239,RHPC,45,18,10,575,5750
201410212318349,RMDC,19,49,21,800,16800
201410212318147,RMDC,7,7,15,816,12240
201410212318142,RMDC,7,7,15,816,12240
201410212318126,RMDC,29,29,12,800,9600
201410212318233,SANIMA,18,18,60,485,29100
201410212318217,SBBLJ,50,50,401,550,220550
201410212318264,SEOS,26,39,2000,11,21340
201410212318007,SEOS,26,49,4000,11,42680
201410212318006,SEOS,26,49,4000,11,42680
201410212318277,SEWA,53,21,15,397,5955
201410212318274,SEWA,53,32,20,395,7900
201410212318273,SEWA,53,16,50,392,19600
201410212318091,SEWA,7,7,15,391,5865
201410212318085,SEWA,7,7,15,395,5925
201410212318340,SHPC,13,13,18,677,12186
201410212318089,SHPC,16,16,1970,675,1329750
201410212318073,SHPC,5,5,18,675,12150
201410212318068,SHPC,5,5,18,675,12150
201410212318063,SHPC,5,5,18,675,12150
201410212318055,SHPC,5,5,18,675,12150
201410212318026,SHPC,5,5,18,670,12060
201410212318022,SHPC,5,5,18,670,12060
201410212318001,SHPC,44,44,15,670,10050
201410212318049,SHPC,5,5,18,675,12150
201410212318044,SHPC,5,5,18,675,12150
201410212318039,SHPC,5,5,18,675,12150
201410212318035,SHPC,5,5,18,675,12150
201410212318034,SHPC,5,5,18,670,12060
201410212318030,SHPC,5,5,18,670,12060
201410212318281,SIC,14,14,100,1179,117900
201410212318155,SICL,21,21,116,800,92800
201410212318296,SKBBL,5,5,12,1445,17340
201410212318221,SKBBL,26,26,19,1445,27455
201410212318220,SKBBL,26,26,19,1445,27455
201410212318202,SKBBL,29,29,12,1441,17292
201410212318177,SKBBL,38,49,36,1458,52488
201410212318176,SKBBL,38,49,425,1458,619650
201410212318117,SKBBL,5,5,12,1405,16860
201410212318160,SKBBL,5,5,12,1415,16980
201410212318150,SKBBL,5,5,12,1415,16980
201410212318146,SKBBL,5,5,12,1415,16980
201410212318137,SKBBL,5,5,12,1410,16920
201410212318131,SKBBL,7,7,12,1433,17196
201410212318122,SKBBL,7,7,12,1433,17196
201410212318169,SKBBL,38,49,19,1458,27702
201410212318168,SKBBL,38,49,19,1458,27702
201410212318167,SKBBL,38,49,19,1458,27702
201410212318166,SKBBL,38,49,19,1458,27702
201410212318165,SKBBL,38,49,19,1458,27702
201410212318161,SKBBL,34,6,19,1430,27170
201410212318175,SKBBL,38,49,700,1458,1020600
201410212318174,SKBBL,38,49,217,1458,316386
201410212318173,SKBBL,38,49,99,1458,144342
201410212318172,SKBBL,38,49,38,1458,55404
201410212318171,SKBBL,38,49,19,1458,27702
201410212318170,SKBBL,38,49,19,1458,27702
201410212318346,SLBBL,8,6,22,2371,52162
201410212318294,SLBBL,57,22,124,2325,288300
201410212318266,SLBBL,45,6,22,2325,51150
201410212318132,SLBBL,29,22,75,2280,171000
201410212318051,SLBBL,55,22,35,2238,78330
201410212318075,SLICL,57,57,42,675,28350
201410212318072,SLICL,57,57,42,675,28350
201410212318045,SLICL,52,52,180,670,120600
201410212318352,SRBL,40,34,230,379,87170
201410212318348,SRBL,40,18,35,378,13230
201410212318327,SRBL,17,6,26,377,9802
201410212318262,SRBL,18,18,26,378,9828
201410212318053,SRBL,51,7,28,375,10500
201410212318002,SRBL,11,51,81,375,30375
201410212318360,SWBBL,10,59,64,1880,120320
201410212318159,SWBBL,10,13,200,1885,377000
201410212318138,SWBBL,10,7,200,1884,376800
201410212318216,TRH,5,22,500,286,143000
201410212318114,TRH,4,50,10,291,2910
201410212318019,TRH,49,13,10,286,2860
201410212318284,UFIL,22,42,20,154,3080
201410212318086,UFIL,47,55,20,151,3020
201410212318078,UFIL,47,55,10,151,1510
201410212318191,VBBL,48,48,20,125,2500
201410212318190,VBBL,48,48,20,125,2500
201410212318189,VBBL,48,48,20,125,2500
201410212318188,VBBL,48,48,20,125,2500
201410212318187,VBBL,48,48,20,125,2500
201410212318186,VBBL,48,48,20,125,2500
201410212318000,WDBL,41,45,24,210,5040
201410212318303,YETI,26,26,31,129,3999
201410212318269,YETI,4,49,40,127,5080
201410212318268,YETI,4,49,40,127,5080
201410212318249,YETI,17,42,150,125,18750
201410212318227,YETI,17,49,11,127,1397
201410212318077,YETI,50,50,23,125,2875
201410212318076,YETI,50,50,23,125,2875
