contract,symbol,buyer,seller,qty,rate,amt
201412092382919,ADBL,46,39,40,446,17840
201412092382881,ADBL,51,13,50,446,22300
201412092382810,ADBL,49,29,30,450,13500
201412092382809,ADBL,49,29,30,450,13500
201412092382631,ADBL,51,33,20,446,8920
201412092382777,ADBL,40,14,250,448,112000
201412092382773,ADBL,40,45,97,448,43456
201412092382772,ADBL,40,13,50,448,22400
201412092382771,ADBL,40,13,50,448,22400
201412092382876,AHPC,58,41,150,350,52500
201412092382867,AHPC,58,43,100,351,35100
201412092382823,AHPC,6,41,124,350,43400
201412092382630,AHPC,38,19,287,349,100163
201412092382879,ALICL,16,26,100,1064,106400
201412092382878,ALICL,16,26,100,1064,106400
201412092382877,ALICL,16,26,100,1064,106400
201412092382746,ALICL,5,48,15,1052,15780
201412092382714,ALICL,16,49,15,1052,15780
201412092382493,ALICL,16,56,240,1055,253200
201412092382444,ALICL,36,33,194,1050,203700
201412092382842,APEX,41,39,50,118,5900
201412092382836,APEX,41,39,50,118,5900
201412092382755,APEX,47,47,68,116,7888
201412092382722,APEX,32,45,22,115,2530
201412092382765,APEX,32,25,20,118,2360
201412092382760,APEX,47,47,68,116,7888
201412092382555,BLDBL,19,45,442,412,182104
201412092382443,BLDBL,7,58,300,416,124800
201412092382498,BPCL,53,39,100,565,56500
201412092382455,BPCL,53,21,550,565,310750
201412092382533,BSBL,42,16,23,287,6601
201412092382883,BUDBL,28,17,141,170,23970
201412092382754,BUDBL,28,17,45,170,7650
201412092382749,BUDBL,28,17,45,171,7695
201412092382740,BUDBL,28,17,45,170,7650
201412092382729,BUDBL,28,17,45,171,7695
201412092382480,BUDBL,52,17,255,172,43860
201412092382447,BUDBL,28,17,337,172,57964
201412092382939,CBL,43,16,907,246,223122
201412092382894,CBL,21,16,815,248,202120
201412092382854,CBL,47,25,157,250,39250
201412092382853,CBL,47,18,400,249,99600
201412092382852,CBL,47,58,70,248,17360
201412092382851,CBL,47,16,510,247,125970
201412092382506,CBL,1,25,649,246,159654
201412092382596,CBL,45,57,1000,248,248000
201412092382548,CBL,33,39,27,249,6723
201412092382520,CBL,33,58,1000,248,248000
201412092382515,CBL,33,4,135,248,33480
201412092382514,CBL,33,4,300,248,74400
201412092382510,CBL,36,39,81,247,20007
201412092382839,CBL,21,16,510,247,125970
201412092382748,CBL,1,18,500,249,124500
201412092382737,CBL,1,25,54,249,13446
201412092382713,CBL,1,14,316,249,78684
201412092382681,CBL,47,40,295,248,73160
201412092382629,CBL,1,52,133,249,33117
201412092382824,CCBL,38,41,40,250,10000
201412092382730,CCBL,38,41,40,250,10000
201412092382703,CCBL,38,49,61,250,15250
201412092382702,CCBL,38,59,200,250,50000
201412092382694,CCBL,6,49,25,250,6250
201412092382688,CCBL,40,49,61,251,15311
201412092382656,CCBL,38,49,52,252,13104
201412092382620,CCBL,38,49,80,252,20160
201412092382613,CCBL,38,58,40,252,10080
201412092382586,CCBL,40,35,40,251,10040
201412092382888,CDBL,13,26,202,346,69892
201412092382742,CDBL,13,26,250,349,87250
201412092382516,CFCL,26,26,188,141,26508
201412092382844,CHCL,54,4,194,1532,297208
201412092382834,CHCL,26,4,44,1534,67496
201412092382816,CHCL,41,4,71,1539,109269
201412092382801,CHCL,41,58,100,1539,153900
201412092382743,CHCL,17,49,500,1535,767500
201412092382717,CHCL,26,48,98,1536,150528
201412092382473,CHCL,33,49,200,1535,307000
201412092382453,CHCL,33,48,100,1535,153500
201412092382452,CHCL,33,49,500,1535,767500
201412092382627,CHCL,33,45,49,1533,75117
201412092382602,CHCL,47,37,70,1531,107170
201412092382578,CHCL,18,45,94,1531,143914
201412092382545,CHCL,18,48,762,1534,1168908
201412092382508,CHCL,19,48,37,1535,56795
201412092382490,CHCL,7,45,94,1535,144290
201412092382657,CHCL,28,45,48,1535,73680
201412092382653,CHCL,18,43,400,1531,612400
201412092382648,CHCL,28,48,60,1534,92040
201412092382647,CHCL,42,54,94,1534,144196
201412092382646,CHCL,47,58,230,1531,352130
201412092382637,CHCL,10,45,100,1533,153300
201412092382930,CIT,45,47,545,2763,1505835
201412092382847,CIT,6,6,180,2792,502560
201412092382788,CIT,16,6,200,2786,557200
201412092382750,CIT,46,47,85,2794,237490
201412092382733,CIT,57,6,100,2793,279300
201412092382659,CIT,34,6,100,2795,279500
201412092382651,CIT,34,6,50,2794,139700
201412092382517,CIT,17,6,100,2793,279300
201412092382848,CZBIL,48,13,21,391,8211
201412092382843,CZBIL,57,57,42,390,16380
201412092382838,CZBIL,57,57,42,390,16380
201412092382833,CZBIL,57,57,42,390,16380
201412092382898,DDBL,28,55,200,891,178200
201412092382897,DDBL,16,55,50,891,44550
201412092382915,EBL,26,21,82,1740,142680
201412092382794,EBL,58,41,39,1739,67821
201412092382670,EBL,45,19,100,1740,174000
201412092382639,EBL,38,45,59,1735,102365
201412092382649,EDBL,11,4,50,640,32000
201412092382911,EIC,19,13,253,960,242880
201412092382925,EKBL,13,40,34,180,6120
201412092382885,EKBL,13,17,500,181,90500
201412092382758,EKBL,38,17,500,181,90500
201412092382708,EKBL,13,49,32,180,5760
201412092382689,EKBL,19,49,32,180,5760
201412092382683,EKBL,13,49,32,180,5760
201412092382654,EKBL,38,49,32,180,5760
201412092382563,EKBL,38,1,10,180,1800
201412092382547,EKBL,38,17,500,181,90500
201412092382497,EKBL,52,17,500,181,90500
201412092382734,GBIME,18,13,44,484,21296
201412092382530,GBIME,42,25,645,483,311535
201412092382522,GBIME,25,37,37,484,17908
201412092382467,GBIME,25,39,47,484,22748
201412092382896,GLICL,6,22,691,525,362775
201412092382814,GLICL,55,5,28,525,14700
201412092382460,GLICL,36,48,500,525,262500
201412092382456,GLICL,36,57,41,522,21402
201412092382887,GRAND,17,16,85,164,13940
201412092382735,GRAND,19,56,500,166,83000
201412092382666,GRAND,34,13,430,164,70520
201412092382665,GRAND,34,13,360,164,59040
201412092382501,GRAND,33,56,100,165,16500
201412092382850,HBDL,40,5,500,97,48500
201412092382942,HDL,49,49,60,345,20700
201412092382725,HGI,59,59,12,525,6300
201412092382825,IDBL,38,45,300,158,47400
201412092382756,JBBL,26,49,30,148,4440
201412092382690,JBNL,29,22,886,236,209096
201412092382582,JBNL,29,58,38,236,8968
201412092382912,JFL,28,11,150,353,52950
201412092382799,KBL,1,48,300,354,106200
201412092382798,KBL,21,48,250,355,88750
201412092382797,KBL,49,48,10,359,3590
201412092382793,KBL,22,17,43,355,15265
201412092382791,KBL,40,48,1000,351,351000
201412092382727,KBL,49,49,40,358,14320
201412092382940,KCDBL,43,6,17,175,2975
201412092382908,KCDBL,43,6,17,172,2924
201412092382906,KCDBL,43,43,17,169,2873
201412092382811,KCDBL,43,29,271,166,44986
201412092382787,KCDBL,11,29,271,166,44986
201412092382663,KCDBL,43,1,10,169,1690
201412092382538,KCDBL,1,40,10,170,1700
201412092382626,KCDBL,1,6,17,170,2890
201412092382597,KCDBL,43,6,17,173,2941
201412092382584,KCDBL,1,40,10,171,1710
201412092382583,KCDBL,1,40,10,171,1710
201412092382540,KCDBL,1,40,10,170,1700
201412092382539,KCDBL,1,40,10,170,1700
201412092382556,KDBL,48,42,21,112,2352
201412092382902,KEBL,50,26,500,375,187500
201412092382901,KEBL,50,16,400,375,150000
201412092382895,KEBL,50,6,34,374,12716
201412092382889,KEBL,50,50,10,369,3690
201412092382491,KEBL,14,47,217,362,78554
201412092382442,KMCDB,16,29,10,574,5740
201412092382716,KRBL,1,45,10,140,1400
201412092382621,LFLC,14,4,140,192,26880
201412092382934,LGIL,40,25,300,394,118200
201412092382921,LGIL,52,26,13,390,5070
201412092382913,LGIL,52,26,13,390,5070
201412092382907,LGIL,52,26,13,390,5070
201412092382900,LGIL,52,26,13,390,5070
201412092382891,LGIL,52,26,13,390,5070
201412092382882,LGIL,52,26,13,390,5070
201412092382868,LGIL,52,26,13,390,5070
201412092382864,LGIL,52,26,13,390,5070
201412092382855,LGIL,50,45,724,388,280912
201412092382840,LGIL,52,51,272,387,105264
201412092382890,LICN,45,33,192,2990,574080
201412092382858,LICN,22,57,100,2986,298600
201412092382803,LICN,54,21,102,3000,306000
201412092382789,LICN,22,45,15,3001,45015
201412092382763,LICN,22,43,10,2985,29850
201412092382759,LICN,57,21,100,2990,299000
201412092382662,LICN,22,4,21,2990,62790
201412092382655,LICN,22,4,400,2990,1196000
201412092382871,LLBS,29,5,32,580,18560
201412092382870,LLBS,29,40,10,579,5790
201412092382869,LLBS,29,40,10,579,5790
201412092382723,LLBS,29,33,10,575,5750
201412092382478,LLBS,11,33,10,570,5700
201412092382451,LLBS,43,34,10,574,5740
201412092382449,LLBS,43,29,10,572,5720
201412092382481,LUBL,50,32,1000,312,312000
201412092382829,LUBL,33,37,110,317,34870
201412092382790,LUBL,49,17,57,315,17955
201412092382536,LUBL,33,32,1000,314,314000
201412092382534,LUBL,26,54,266,315,83790
201412092382529,LUBL,33,32,1000,315,315000
201412092382528,LUBL,33,19,1000,314,314000
201412092382830,LUBL,33,32,1000,317,317000
201412092382678,MBBL,47,4,20,135,2700
201412092382660,MBBL,14,36,144,133,19152
201412092382933,MBL,22,1,15,491,7365
201412092382550,MBL,34,16,300,485,145500
201412092382923,MEGA,19,38,63,365,22995
201412092382875,MEGA,14,25,32,368,11776
201412092382874,MEGA,14,14,185,368,68080
201412092382863,MEGA,14,22,100,368,36800
201412092382827,MEGA,14,6,912,365,332880
201412092382781,MEGA,13,33,32,364,11648
201412092382610,MEGA,59,11,31,363,11253
201412092382594,MEGA,48,4,19,362,6878
201412092382554,MEGA,7,4,27,361,9747
201412092382512,MEGA,38,32,26,362,9412
201412092382459,MEGA,56,26,373,361,134653
201412092382711,MEGA,56,19,32,364,11648
201412092382697,MEGA,56,33,32,363,11616
201412092382658,MEGA,7,33,32,361,11552
201412092382635,MEGA,59,25,92,365,33580
201412092382632,MEGA,59,11,16,364,5824
201412092382611,MEGA,59,11,31,363,11253
201412092382764,MEGA,19,45,14,363,5082
201412092382757,MEGA,13,45,14,365,5110
201412092382739,MEGA,56,40,32,365,11680
201412092382731,MEGA,56,36,10,365,3650
201412092382721,MEGA,13,21,96,365,35040
201412092382719,MEGA,56,19,32,364,11648
201412092382783,MFL,38,32,198,308,60984
201412092382782,MFL,38,56,200,308,61600
201412092382458,MFL,38,32,200,308,61600
201412092382650,MIDBL,11,18,50,192,9600
201412092382625,MIDBL,11,18,50,195,9750
201412092382644,MLBBL,22,1,10,700,7000
201412092382643,MLBBL,22,42,10,700,7000
201412092382642,MLBBL,22,20,10,699,6990
201412092382641,MLBBL,22,20,10,699,6990
201412092382640,MLBBL,22,20,10,699,6990
201412092382483,MLBBL,49,17,63,698,43974
201412092382503,MMDBL,18,5,15,401,6015
201412092382496,MMDBL,18,5,23,401,9223
201412092382486,MMDBL,18,29,23,408,9384
201412092382686,MNBBL,29,26,100,460,46000
201412092382865,MPFL,11,51,10,100,1000
201412092382862,MPFL,11,51,10,100,1000
201412092382857,MPFL,11,51,10,100,1000
201412092382860,NABIL,42,25,100,1715,171500
201412092382677,NABIL,47,5,205,1709,350345
201412092382667,NABIL,45,13,42,1715,72030
201412092382661,NABIL,53,56,440,1711,752840
201412092382579,NABIL,38,38,18,1714,30852
201412092382562,NABIL,13,38,78,1710,133380
201412092382559,NABIL,41,38,20,1712,34240
201412092382927,NABILP,28,14,400,1199,479600
201412092382819,NABILP,11,14,100,1190,119000
201412092382587,NABILP,42,49,550,1190,654500
201412092382500,NABILP,7,17,200,1200,240000
201412092382880,NBB,50,51,200,417,83400
201412092382835,NBB,25,25,20,423,8460
201412092382696,NBB,19,6,660,415,273900
201412092382685,NBB,54,34,800,414,331200
201412092382652,NBB,22,6,400,415,166000
201412092382634,NBB,38,16,560,415,232400
201412092382845,NBL,45,56,1000,332,332000
201412092382841,NBL,22,54,1000,330,330000
201412092382820,NBL,22,56,1000,331,331000
201412092382551,NBL,46,56,1000,331,331000
201412092382549,NBL,13,56,500,332,166000
201412092382546,NBL,41,5,107,332,35524
201412092382519,NBL,17,56,100,333,33300
201412092382916,NCCB,5,21,127,518,65786
201412092382884,NCCB,6,48,1000,515,515000
201412092382795,NCCB,26,21,430,517,222310
201412092382747,NCCB,10,21,500,515,257500
201412092382724,NCCB,34,29,480,514,246720
201412092382726,NCDB,14,20,48,145,6960
201412092382704,NCDB,13,20,48,146,7008
201412092382701,NCDB,50,20,48,147,7056
201412092382832,NCM,20,5,10,200,2000
201412092382495,NCM,20,19,1057,203,214571
201412092382489,NCM,29,11,173,204,35292
201412092382485,NCM,29,54,239,204,48756
201412092382465,NCM,20,50,180,200,36000
201412092382873,NGBL,14,22,84,246,20664
201412092382622,NGBL,43,22,100,242,24200
201412092382920,NHPC,48,26,880,118,103840
201412092382859,NHPC,22,58,2000,117,234000
201412092382741,NHPC,48,50,1000,117,117000
201412092382720,NHPC,22,6,4000,116,464000
201412092382468,NHPC,33,6,1000,117,117000
201412092382893,NIB,44,33,200,656,131200
201412092382826,NIB,26,25,200,655,131000
201412092382815,NIB,44,25,201,655,131655
201412092382805,NIB,29,25,390,652,254280
201412092382706,NIB,44,25,504,651,328104
201412092382607,NIB,44,25,779,650,506350
201412092382544,NIB,42,33,100,655,65500
201412092382922,NICA,45,39,30,742,22260
201412092382786,NICA,45,40,100,742,74200
201412092382615,NICA,38,19,90,745,67050
201412092382614,NICA,38,48,300,745,223500
201412092382599,NICA,41,19,30,745,22350
201412092382598,NICA,41,16,30,744,22320
201412092382441,NICA,10,54,500,742,371000
201412092382668,NICL,35,44,900,370,333000
201412092382664,NICL,35,26,279,370,103230
201412092382553,NICL,39,45,100,365,36500
201412092382935,NLIC,19,32,50,3790,189500
201412092382932,NLIC,5,32,100,3790,379000
201412092382931,NLIC,49,32,50,3791,189550
201412092382929,NLIC,54,45,100,3795,379500
201412092382928,NLIC,19,45,192,3790,727680
201412092382856,NLIC,49,49,50,3790,189500
201412092382849,NLIC,34,56,229,3789,867681
201412092382628,NLIC,49,49,100,3790,379000
201412092382619,NLIC,49,49,100,3790,379000
201412092382616,NLIC,49,49,100,3790,379000
201412092382462,NLIC,5,45,100,3790,379000
201412092382461,NLIC,5,45,100,3790,379000
201412092382861,NLICL,49,21,41,2050,84050
201412092382595,NLICL,49,11,155,2050,317750
201412092382487,NLICL,39,36,330,2040,673200
201412092382464,NLICL,35,36,100,2040,204000
201412092382450,NLICL,14,36,100,2036,203600
201412092382784,NTC,6,52,320,600,192000
201412092382909,NUBL,21,41,79,1490,117710
201412092382831,NUBL,11,6,200,1484,296800
201412092382807,NUBL,11,21,147,1480,217560
201412092382762,NUBL,7,43,50,1480,74000
201412092382682,NUBL,50,17,100,1480,148000
201412092382558,NUBL,14,21,186,1480,275280
201412092382470,NUBL,13,21,100,1483,148300
201412092382448,NUBL,45,56,292,1471,429532
201412092382445,NUBL,59,45,102,1483,151266
201412092382837,OHL,58,17,40,600,24000
201412092382466,OHL,14,14,500,605,302500
201412092382938,PCBL,57,43,12,495,5940
201412092382937,PCBL,25,34,500,495,247500
201412092382926,PCBL,6,17,543,490,266070
201412092382914,PCBL,47,35,2000,494,988000
201412092382785,PCBL,19,14,12,492,5904
201412092382778,PCBL,46,6,56,493,27608
201412092382513,PCBL,46,16,14,485,6790
201412092382494,PCBL,26,26,92,484,44528
201412092382479,PCBL,46,48,321,492,157932
201412092382474,PCBL,46,44,24,490,11760
201412092382770,PCBL,46,16,85,490,41650
201412092382718,PCBL,29,49,41,485,19885
201412092382705,PCBL,50,7,268,485,129980
201412092382693,PCBL,40,7,73,486,35478
201412092382638,PCBL,50,49,38,485,18430
201412092382633,PCBL,29,49,38,485,18430
201412092382499,PIC,32,45,500,815,407500
201412092382872,PLIC,33,13,10,940,9400
201412092382821,PRDBL,19,47,10,161,1610
201412092382780,PRDBL,32,32,150,158,23700
201412092382744,PRDBL,32,32,40,161,6440
201412092382738,PRDBL,32,32,200,159,31800
201412092382482,PRDBL,32,32,10,155,1550
201412092382475,PRDBL,32,32,10,155,1550
201412092382472,PRDBL,32,32,10,155,1550
201412092382457,PRDBL,59,55,10,153,1530
201412092382567,PRDBL,32,45,10,152,1520
201412092382566,PRDBL,32,45,10,152,1520
201412092382565,PRDBL,32,45,10,152,1520
201412092382564,PRDBL,32,45,10,152,1520
201412092382504,PRDBL,32,32,10,155,1550
201412092382488,PRDBL,32,32,10,155,1550
201412092382573,PRDBL,32,45,10,152,1520
201412092382572,PRDBL,32,57,10,152,1520
201412092382571,PRDBL,32,57,10,152,1520
201412092382570,PRDBL,32,57,10,152,1520
201412092382569,PRDBL,32,57,10,152,1520
201412092382568,PRDBL,32,45,10,152,1520
201412092382588,PRDBL,17,45,10,152,1520
201412092382580,PRDBL,32,57,10,152,1520
201412092382577,PRDBL,32,57,10,152,1520
201412092382576,PRDBL,32,45,10,152,1520
201412092382575,PRDBL,32,57,10,152,1520
201412092382574,PRDBL,32,57,10,152,1520
201412092382603,PRDBL,32,19,10,154,1540
201412092382593,PRDBL,17,17,100,154,15400
201412092382592,PRDBL,17,19,10,154,1540
201412092382591,PRDBL,17,19,10,154,1540
201412092382590,PRDBL,17,45,10,152,1520
201412092382589,PRDBL,17,57,10,152,1520
201412092382675,PRDBL,32,32,10,160,1600
201412092382669,PRDBL,32,32,10,160,1600
201412092382609,PRDBL,32,39,20,159,3180
201412092382608,PRDBL,32,47,20,158,3160
201412092382605,PRDBL,32,32,100,156,15600
201412092382604,PRDBL,32,19,10,154,1540
201412092382715,PRDBL,19,39,30,162,4860
201412092382699,PRDBL,32,32,40,163,6520
201412092382695,PRDBL,19,29,10,162,1620
201412092382679,PRDBL,19,47,20,162,3240
201412092382676,PRDBL,19,39,20,161,3220
201412092382775,RHPC,29,1,11,480,5280
201412092382774,RHPC,29,1,11,480,5280
201412092382768,RMDC,21,47,100,690,69000
201412092382767,RMDC,17,47,100,690,69000
201412092382766,RMDC,13,47,200,690,138000
201412092382542,RMDC,21,16,33,690,22770
201412092382537,RMDC,17,16,33,690,22770
201412092382531,RMDC,22,16,33,692,22836
201412092382527,RMDC,17,16,33,693,22869
201412092382471,RMDC,21,47,100,695,69500
201412092382818,SANIMA,44,14,500,491,245500
201412092382804,SANIMA,43,34,900,490,441000
201412092382684,SANIMA,14,19,1000,487,487000
201412092382585,SANIMA,50,48,644,486,312984
201412092382525,SANIMA,54,54,567,485,274995
201412092382918,SBBLJ,29,4,321,449,144129
201412092382917,SBBLJ,29,39,10,449,4490
201412092382552,SBI,47,44,500,955,477500
201412092382936,SBL,42,4,500,567,283500
201412092382792,SBL,42,22,152,567,86184
201412092382745,SBL,52,22,271,565,153115
201412092382736,SBL,7,44,312,564,175968
201412092382712,SBL,54,44,500,563,281500
201412092382672,SBL,38,22,500,562,281000
201412092382671,SBL,7,22,500,563,281500
201412092382846,SDBLPO,56,33,120250,66,7876375
201412092382941,SETI,21,11,498,181,90138
201412092382761,SETI,13,11,90,184,16560
201412092382687,SETI,21,11,95,182,17290
201412092382581,SETI,16,11,25,182,4550
201412092382560,SETI,25,11,200,182,36400
201412092382454,SETI,40,17,34,185,6290
201412092382557,SFL,26,16,24,128,3072
201412092382617,SHBL,18,16,10,415,4150
201412092382600,SHBL,50,58,64,409,26176
201412092382446,SHBL,45,16,10,408,4080
201412092382476,SHINE,11,26,242,290,70180
201412092382463,SHINE,53,26,550,285,156750
201412092382752,SHL,22,44,500,601,300500
201412092382751,SHL,22,49,500,600,300000
201412092382680,SHL,29,58,200,604,120800
201412092382636,SHL,1,44,500,601,300500
201412092382624,SHL,38,58,100,603,60300
201412092382623,SHL,59,49,500,600,300000
201412092382618,SHL,11,58,100,604,60400
201412092382511,SHL,50,44,500,600,300000
201412092382505,SHL,59,49,500,600,300000
201412092382753,SICL,26,16,63,706,44478
201412092382728,SICL,16,16,63,705,44415
201412092382710,SICL,39,16,63,706,44478
201412092382674,SIL,29,45,13,730,9490
201412092382526,SIL,16,45,30,722,21660
201412092382776,SLBBL,6,50,40,1816,72640
201412092382673,SLBBL,57,50,70,1840,128800
201412092382886,SLICL,6,54,210,627,131670
201412092382698,SLICL,22,16,32,620,19840
201412092382691,SLICL,21,16,16,623,9968
201412092382543,SLICL,21,17,60,623,37380
201412092382541,SLICL,22,17,90,620,55800
201412092382535,SLICL,22,17,90,622,55980
201412092382532,SLICL,41,17,94,628,59032
201412092382524,SLICL,41,17,180,620,111600
201412092382523,SLICL,41,17,180,621,111780
201412092382521,SLICL,36,17,480,620,297600
201412092382492,SLICL,22,14,390,622,242580
201412092382910,SMFDB,22,45,60,1131,67860
201412092382903,SMFDB,22,16,269,1130,303970
201412092382892,SMFDB,22,45,17,1125,19125
201412092382828,SRBL,51,51,64,365,23360
201412092382822,SRBL,51,51,48,365,17520
201412092382817,SRBL,13,42,95,363,34485
201412092382732,SRBL,58,49,43,362,15566
201412092382612,SRBL,22,25,16,366,5856
201412092382606,SRBL,22,54,290,365,105850
201412092382601,SRBL,22,13,111,364,40404
201412092382561,SRBL,58,33,183,362,66246
201412092382518,SRBL,58,33,200,362,72400
201412092382477,SRBL,1,19,31,363,11253
201412092382469,SRBL,58,33,300,362,108600
201412092382779,SUBBL,39,49,33,275,9075
201412092382899,SWBBL,57,48,60,1730,103800
201412092382692,SWBBL,34,48,50,1730,86500
201412092382645,SWBBL,34,45,100,1730,173000
201412092382924,UIC,25,55,500,796,398000
201412092382700,UIC,58,5,10,800,8000
201412092382866,VBBL,25,25,20,126,2520
201412092382813,YETI,17,39,11,113,1243
201412092382812,YETI,39,39,11,113,1243
201412092382808,YETI,17,39,11,114,1254
201412092382806,YETI,17,39,11,114,1254
201412092382802,YETI,5,39,11,114,1254
201412092382800,YETI,54,39,11,114,1254
201412092382796,YETI,25,39,11,114,1254
201412092382769,YETI,39,49,60,115,6900
201412092382509,YETI,17,47,500,117,58500
201412092382507,YETI,17,22,20,116,2320
201412092382087,ADBL,21,21,801,445,356445
201412092381969,ADBL,42,32,281,448,125888
201412092382149,AHPC,36,41,300,350,105000
201412092382145,AHPC,36,17,161,350,56350
201412092381953,AIC,42,29,1100,405,445500
201412092382330,ALDBL,54,29,30,254,7620
201412092382322,ALDBL,29,29,20,250,5000
201412092382291,ALDBL,21,29,100,247,24700
201412092382025,ALDBL,54,56,40,252,10080
201412092381948,ALDBL,21,56,10,254,2540
201412092382006,ALICL,54,14,500,1045,522500
201412092382005,ALICL,6,14,100,1046,104600
201412092382004,ALICL,56,14,100,1050,105000
201412092381998,ALICL,44,14,500,1051,525500
201412092381997,ALICL,36,14,300,1052,315600
201412092381996,ALICL,28,14,50,1055,52750
201412092381995,ALICL,48,14,50,1056,52800
201412092381994,ALICL,25,14,90,1057,95130
201412092382214,ARDBL,18,18,21,136,2856
201412092382209,ARDBL,18,18,21,136,2856
201412092382194,ARDBL,18,18,21,136,2856
201412092382186,ARDBL,18,18,21,136,2856
201412092382174,ARDBL,18,18,21,136,2856
201412092382171,ARDBL,18,18,21,136,2856
201412092382166,ARDBL,18,18,21,136,2856
201412092382251,BHBL,1,29,110,149,16390
201412092382250,BHBL,1,29,100,149,14900
201412092382437,BLDBL,11,58,350,415,145250
201412092382364,BLDBL,16,43,190,421,79990
201412092382335,BLDBL,16,48,10,421,4210
201412092382286,BLDBL,19,57,187,416,77792
201412092382273,BLDBL,7,4,32,417,13344
201412092382058,BLDBL,7,6,160,420,67200
201412092382440,BPCL,16,21,50,565,28250
201412092382061,BPCL,3,21,650,561,364650
201412092382401,BSBL,17,14,201,289,58089
201412092382399,BSBL,17,57,49,288,14112
201412092382397,BSBL,17,57,49,288,14112
201412092382394,BSBL,17,57,37,288,10656
201412092382392,BSBL,17,57,37,288,10656
201412092382270,BUDBL,57,17,339,172,58308
201412092382169,BUDBL,57,17,234,172,40248
201412092382159,BUDBL,57,17,45,170,7650
201412092382234,CBL,48,58,612,246,150552
201412092382232,CBL,48,17,89,246,21894
201412092382229,CBL,48,16,636,245,155820
201412092382183,CBL,45,6,68,244,16592
201412092382176,CBL,47,17,89,246,21894
201412092382124,CBL,1,25,57,245,13965
201412092382118,CBL,11,25,57,245,13965
201412092382114,CBL,21,25,57,245,13965
201412092382037,CCBL,1,1,16,251,4016
201412092382026,CCBL,6,42,10,250,2500
201412092382003,CCBL,6,39,40,250,10000
201412092381999,CCBL,6,33,40,250,10000
201412092381956,CCBL,13,18,24,250,6000
201412092381946,CCBL,17,45,40,252,10080
201412092382121,CDBL,14,26,183,345,63135
201412092382060,CDBL,17,13,20,349,6980
201412092382338,CFCL,4,4,82,142,11644
201412092382332,CFCL,46,4,82,142,11644
201412092382429,CHCL,39,45,198,1530,302940
201412092382391,CHCL,29,14,100,1530,153000
201412092382368,CHCL,7,48,68,1536,104448
201412092382339,CHCL,34,48,493,1535,756755
201412092382331,CHCL,49,49,100,1535,153500
201412092382315,CHCL,21,37,10,1538,15380
201412092381966,CHCL,21,4,89,1535,136615
201412092382300,CHCL,17,49,500,1535,767500
201412092382285,CHCL,33,48,200,1535,307000
201412092382228,CHCL,29,37,47,1536,72192
201412092382226,CHCL,29,45,67,1535,102845
201412092382068,CHCL,52,45,32,1530,48960
201412092381967,CHCL,39,26,100,1540,154000
201412092382388,CIT,50,6,50,2794,139700
201412092382350,CIT,46,47,71,2794,198374
201412092382292,CIT,19,1,70,2792,195440
201412092381979,CIT,28,53,100,2795,279500
201412092382287,CZBIL,21,21,147,390,57330
201412092382155,CZBIL,1,42,21,390,8190
201412092382064,CZBIL,29,36,126,391,49266
201412092381984,CZBIL,29,25,588,398,234024
201412092382362,EBL,26,22,50,1738,86900
201412092382334,EBL,26,25,49,1732,84868
201412092382324,EBL,17,25,16,1740,27840
201412092382031,EBL,54,22,38,1738,66044
201412092381955,EBL,54,35,342,1730,591660
201412092382336,EKBL,13,17,500,181,90500
201412092382299,EKBL,38,17,100,181,18100
201412092382298,EKBL,38,17,100,181,18100
201412092382297,EKBL,38,17,100,181,18100
201412092382296,EKBL,38,17,100,181,18100
201412092382182,EKBL,38,16,33,181,5973
201412092382014,EKBL,13,29,33,182,6006
201412092382011,EKBL,38,29,33,182,6006
201412092382010,EKBL,38,29,33,182,6006
201412092382009,EKBL,38,29,33,182,6006
201412092382007,EKBL,38,29,33,182,6006
201412092381978,EKBL,13,16,33,181,5973
201412092382095,EKBL,38,10,33,182,6006
201412092382094,EKBL,38,16,33,182,6006
201412092382057,EKBL,13,16,33,181,5973
201412092382050,EKBL,13,16,33,182,6006
201412092382039,EKBL,38,29,33,182,6006
201412092382021,EKBL,1,1,27,184,4968
201412092382179,EKBL,38,16,33,181,5973
201412092382100,EKBL,38,10,33,182,6006
201412092382099,EKBL,38,10,33,182,6006
201412092382098,EKBL,38,10,33,182,6006
201412092382097,EKBL,38,10,33,182,6006
201412092382096,EKBL,38,10,33,182,6006
201412092382152,GBBL,6,7,280,271,75880
201412092382366,GBIME,36,36,32,484,15488
201412092382311,GLICL,36,5,361,522,188442
201412092382305,GLICL,36,57,41,522,21402
201412092382127,GRAND,48,56,1000,166,166000
201412092381964,GRAND,34,17,383,165,63195
201412092382150,HAMA,1,1,40,118,4720
201412092382146,HAMA,1,25,490,118,57820
201412092382148,HBDL,6,5,500,96,48000
201412092382425,HBL,42,17,160,680,108800
201412092382417,HBL,45,17,89,685,60965
201412092382280,HBL,45,26,22,690,15180
201412092382063,IDBL,38,44,112,157,17584
201412092382112,INDBL,46,6,500,163,81500
201412092382188,JBBL,39,41,350,150,52500
201412092382187,JBBL,39,29,70,150,10500
201412092382125,JBBL,26,33,10,148,1480
201412092382032,JBBL,26,33,10,148,1480
201412092382029,JBBL,26,33,10,148,1480
201412092382379,JBNL,29,19,113,236,26668
201412092382216,JBNL,38,50,1356,234,317304
201412092381954,JBNL,11,20,1000,235,235000
201412092382047,KBL,39,42,100,357,35700
201412092382013,KBL,33,42,500,355,177500
201412092382406,KCDBL,1,6,17,170,2890
201412092382080,KCDBL,22,34,17,172,2924
201412092382079,KCDBL,22,34,10,172,1720
201412092382036,KCDBL,45,45,17,173,2941
201412092382035,KCDBL,45,45,10,173,1730
201412092382034,KCDBL,45,45,10,173,1730
201412092382033,KCDBL,45,45,10,173,1730
201412092382153,KDBL,25,22,21,111,2331
201412092382041,KDBL,25,38,82,109,8938
201412092382180,KEBL,14,16,220,368,80960
201412092382439,KMCDB,16,29,10,574,5740
201412092382436,KMCDB,16,29,10,574,5740
201412092382421,KMCDB,26,29,10,575,5750
201412092382419,KMCDB,26,29,10,575,5750
201412092382418,KMCDB,26,29,10,575,5750
201412092382412,KMCDB,26,29,10,575,5750
201412092382342,KMCDB,25,57,10,580,5800
201412092382333,KMCDB,17,57,66,575,37950
201412092382410,KMCDB,26,29,10,575,5750
201412092382408,KMCDB,26,29,10,575,5750
201412092382405,KMCDB,26,29,10,575,5750
201412092382402,KMCDB,26,29,10,575,5750
201412092382400,KMCDB,26,29,10,575,5750
201412092382396,KMCDB,26,29,10,575,5750
201412092382040,KRBL,38,42,10,142,1420
201412092382088,LBL,13,19,100,440,44000
201412092382109,LGIL,46,28,81,381,30861
201412092381952,LGIL,48,26,13,383,4979
201412092381951,LGIL,13,26,13,384,4992
201412092382248,LICN,22,14,200,2990,598000
201412092382222,LICN,22,17,10,3030,30300
201412092381985,LICN,21,14,100,3000,300000
201412092382424,LLBS,11,33,10,570,5700
201412092382414,LLBS,11,33,10,570,5700
201412092382407,LLBS,11,33,10,570,5700
201412092382375,LLBS,11,33,10,570,5700
201412092382371,LLBS,11,33,10,570,5700
201412092382367,LLBS,11,33,10,570,5700
201412092381938,LLBS,39,53,41,570,23370
201412092381945,LLBS,19,29,10,572,5720
201412092381944,LLBS,19,29,10,572,5720
201412092381943,LLBS,45,45,10,571,5710
201412092381942,LLBS,45,45,10,571,5710
201412092381941,LLBS,45,45,10,571,5710
201412092381940,LLBS,45,45,10,571,5710
201412092382066,LLBS,45,45,10,569,5690
201412092382027,LLBS,11,33,10,570,5700
201412092381963,LLBS,45,45,10,574,5740
201412092381962,LLBS,45,45,10,574,5740
201412092381959,LLBS,11,33,10,570,5700
201412092381947,LLBS,19,33,10,571,5710
201412092382323,LLBS,22,33,10,567,5670
201412092382318,LLBS,22,33,10,567,5670
201412092382316,LLBS,22,33,10,567,5670
201412092382283,LLBS,22,49,10,567,5670
201412092382279,LLBS,22,33,10,567,5670
201412092382067,LLBS,45,45,10,569,5690
201412092382365,LLBS,11,33,10,570,5700
201412092382359,LLBS,11,33,10,570,5700
201412092382353,LLBS,11,21,10,570,5700
201412092382349,LLBS,26,33,10,566,5660
201412092382347,LLBS,26,33,10,566,5660
201412092382337,LLBS,26,33,10,566,5660
201412092382237,LUBL,40,32,1000,312,312000
201412092382122,LUBL,1,44,179,312,55848
201412092382092,LUBL,52,44,143,316,45188
201412092382048,LUBL,16,39,242,313,75746
201412092382369,MBL,49,40,85,486,41310
201412092382276,MBL,26,22,89,482,42898
201412092382288,MDB,26,26,57,425,24225
201412092382238,MDB,46,42,28,424,11872
201412092382233,MDB,21,21,57,420,23940
201412092382427,MEGA,45,20,347,360,124920
201412092382390,MEGA,45,20,347,360,124920
201412092382320,MEGA,7,20,361,361,130321
201412092382293,MEGA,48,55,160,360,57600
201412092382282,MEGA,43,58,364,360,131040
201412092382275,MEGA,43,41,293,360,105480
201412092382056,MEGA,47,47,37,352,13024
201412092382023,MEGA,46,26,31,355,11005
201412092382018,MEGA,47,26,31,356,11036
201412092381989,MEGA,7,26,31,355,11005
201412092381982,MEGA,43,39,14,358,5012
201412092381957,MEGA,29,26,31,360,11160
201412092382120,MEGA,43,58,361,360,129960
201412092382119,MEGA,43,11,293,359,105187
201412092382117,MEGA,43,38,1992,358,713136
201412092382110,MEGA,43,48,1785,353,630105
201412092382105,MEGA,36,11,183,355,64965
201412092382101,MEGA,36,47,32,355,11360
201412092382162,MEGA,5,16,32,360,11520
201412092382157,MEGA,48,22,228,360,82080
201412092382142,MEGA,43,56,32,359,11488
201412092382140,MEGA,36,16,374,357,133518
201412092382128,MEGA,43,58,361,360,129960
201412092382123,MEGA,43,33,32,360,11520
201412092382272,MEGA,43,58,364,360,131040
201412092382231,MEGA,43,32,26,362,9412
201412092382230,MEGA,43,42,100,362,36200
201412092382198,MEGA,48,58,127,361,45847
201412092382175,MEGA,57,58,364,360,131040
201412092382173,MEGA,57,58,364,360,131040
201412092382433,MIDBL,11,18,30,198,5940
201412092382046,MIDBL,11,18,10,202,2020
201412092382024,MIDBL,11,14,10,202,2020
201412092381970,MIDBL,11,11,90,206,18540
201412092382302,MMDBL,18,29,10,407,4070
201412092382294,MMDBL,50,29,10,408,4080
201412092382289,MMDBL,50,29,10,408,4080
201412092382082,MNBBL,5,26,100,455,45500
201412092382052,MNBBL,21,26,100,451,45100
201412092382044,MNBBL,46,26,200,452,90400
201412092382156,NABIL,47,25,185,1709,316165
201412092382089,NABIL,47,5,171,1708,292068
201412092381977,NABIL,22,25,49,1705,83545
201412092381949,NBB,34,16,500,415,207500
201412092382130,NBBL,56,17,11,1625,17875
201412092382277,NBL,25,49,104,333,34632
201412092382246,NBL,25,56,500,335,167500
201412092382164,NBL,21,57,1000,334,334000
201412092382136,NCCB,17,48,105,518,54390
201412092381965,NCDB,18,18,35,148,5180
201412092382345,NCM,20,11,66,200,13200
201412092382340,NCM,6,54,80,198,15840
201412092382054,NCM,20,54,50,197,9850
201412092381939,NCM,20,56,90,194,17460
201412092382129,NHPC,42,17,500,118,59000
201412092382062,NHPC,33,6,1000,117,117000
201412092382278,NIB,45,13,172,658,113176
201412092382051,NIB,22,36,68,651,44268
201412092382043,NIB,42,36,100,655,65500
201412092382028,NIB,33,25,428,650,278200
201412092382244,NICA,17,46,20,741,14820
201412092382242,NICA,17,46,25,741,18525
201412092382241,NICA,17,46,40,741,29640
201412092382165,NICA,45,36,40,739,29560
201412092381987,NICA,13,33,60,740,44400
201412092382104,NLG,44,39,26,718,18668
201412092382351,NLIC,7,32,30,3800,114000
201412092382190,NLIC,20,45,50,3800,190000
201412092382138,NLIC,13,45,150,3771,565650
201412092382137,NLIC,28,45,100,3771,377100
201412092381981,NLIC,56,56,34,3810,129540
201412092381972,NLIC,16,32,50,3800,190000
201412092381971,NLIC,17,32,150,3800,570000
201412092382389,NLICL,36,21,100,2055,205500
201412092382313,NLICL,26,33,80,2050,164000
201412092382295,NLICL,21,21,100,2040,204000
201412092382227,NLICL,39,33,250,2033,508250
201412092382170,NLICL,40,11,200,2040,408000
201412092382154,NLICL,54,54,155,2041,316355
201412092382126,NLICL,26,26,598,2005,1198990
201412092382111,NLICL,41,33,200,2041,408200
201412092381986,NLICL,19,21,97,2050,198850
201412092381950,NLICL,59,33,200,2050,410000
201412092382240,NTC,17,48,300,600,180000
201412092382135,NTC,17,26,150,600,90000
201412092382134,NTC,17,22,140,600,84000
201412092382133,NTC,17,26,100,600,60000
201412092382132,NTC,17,49,400,600,240000
201412092381980,NTC,3,26,100,600,60000
201412092382422,NUBL,45,45,32,1490,47680
201412092382223,NUBL,45,41,88,1490,131120
201412092382147,NUBL,19,39,26,1485,38610
201412092382131,NUBL,21,28,31,1486,46066
201412092382091,NUBL,17,48,82,1491,122262
201412092382030,NUBL,57,41,25,1495,37375
201412092381990,NUBL,38,41,100,1490,149000
201412092381976,OHL,25,14,500,599,299500
201412092381975,OHL,38,14,500,601,300500
201412092382213,PCBL,46,21,11,485,5335
201412092382211,PCBL,52,48,100,489,48900
201412092382168,PCBL,14,14,31,488,15128
201412092382139,PCBL,13,26,92,484,44528
201412092382426,PIC,32,41,39,810,31590
201412092382352,PLIC,19,19,122,930,113460
201412092381983,PLIC,50,1,54,928,50112
201412092382432,PRDBL,59,32,100,156,15600
201412092382431,PRDBL,59,29,10,155,1550
201412092382430,PRDBL,59,29,10,155,1550
201412092382428,PRDBL,59,55,50,153,7650
201412092382423,PRDBL,59,49,10,150,1500
201412092382420,PRDBL,59,42,10,153,1530
201412092382042,PRDBL,39,39,10,145,1450
201412092382038,PRDBL,39,29,20,147,2940
201412092382022,PRDBL,39,17,10,150,1500
201412092382002,PRDBL,17,39,10,153,1530
201412092382072,PRDBL,17,17,10,146,1460
201412092382071,PRDBL,17,17,10,146,1460
201412092382070,PRDBL,17,17,10,146,1460
201412092382069,PRDBL,17,17,10,146,1460
201412092382065,PRDBL,17,32,40,146,5840
201412092382059,PRDBL,32,32,40,145,5800
201412092382078,PRDBL,6,17,10,146,1460
201412092382077,PRDBL,6,17,10,146,1460
201412092382076,PRDBL,6,17,10,146,1460
201412092382075,PRDBL,6,17,10,146,1460
201412092382074,PRDBL,17,17,10,146,1460
201412092382073,PRDBL,17,17,10,146,1460
201412092382151,PRDBL,32,32,50,148,7400
201412092382143,PRDBL,32,32,50,148,7400
201412092382113,PRDBL,32,32,40,148,5920
201412092382107,PRDBL,32,32,40,148,5920
201412092382081,PRDBL,6,29,10,147,1470
201412092382257,PRDBL,6,17,10,149,1490
201412092382256,PRDBL,6,17,10,149,1490
201412092382255,PRDBL,6,17,10,149,1490
201412092382254,PRDBL,6,17,10,149,1490
201412092382253,PRDBL,6,13,10,149,1490
201412092382158,PRDBL,32,32,10,148,1480
201412092382263,PRDBL,6,17,10,149,1490
201412092382262,PRDBL,6,17,10,149,1490
201412092382261,PRDBL,6,17,10,149,1490
201412092382260,PRDBL,6,17,10,149,1490
201412092382259,PRDBL,6,17,10,149,1490
201412092382258,PRDBL,6,17,10,149,1490
201412092382303,PRDBL,6,17,10,149,1490
201412092382268,PRDBL,6,17,10,149,1490
201412092382267,PRDBL,6,17,10,149,1490
201412092382266,PRDBL,6,17,10,149,1490
201412092382265,PRDBL,6,17,10,149,1490
201412092382264,PRDBL,6,17,10,149,1490
201412092382314,PRDBL,6,17,10,149,1490
201412092382310,PRDBL,6,17,10,149,1490
201412092382309,PRDBL,6,17,10,149,1490
201412092382307,PRDBL,6,17,10,149,1490
201412092382306,PRDBL,6,17,10,149,1490
201412092382304,PRDBL,6,17,10,149,1490
201412092382354,PRDBL,51,58,30,148,4440
201412092382328,PRDBL,6,17,10,149,1490
201412092382327,PRDBL,6,17,10,149,1490
201412092382326,PRDBL,6,17,10,149,1490
201412092382325,PRDBL,6,17,10,149,1490
201412092382317,PRDBL,6,17,10,149,1490
201412092382378,PRDBL,51,49,10,148,1480
201412092382360,PRDBL,51,58,10,148,1480
201412092382358,PRDBL,51,58,10,148,1480
201412092382357,PRDBL,51,58,10,148,1480
201412092382356,PRDBL,51,58,20,148,2960
201412092382355,PRDBL,51,58,10,148,1480
201412092382413,PRDBL,59,49,10,151,1510
201412092382411,PRDBL,59,17,200,151,30200
201412092382403,PRDBL,59,17,10,149,1490
201412092382398,PRDBL,51,49,10,148,1480
201412092382393,PRDBL,51,49,10,148,1480
201412092382387,PRDBL,51,49,10,148,1480
201412092382224,REDBL,5,5,163,177,28851
201412092382221,REDBL,43,44,299,180,53820
201412092382220,REDBL,43,29,98,179,17542
201412092382215,REDBL,43,29,17,177,3009
201412092382212,REDBL,29,29,17,177,3009
201412092382210,REDBL,56,29,17,177,3009
201412092382197,REDBL,56,29,17,177,3009
201412092382193,REDBL,56,29,17,177,3009
201412092382192,REDBL,56,29,17,177,3009
201412092382191,REDBL,56,44,367,175,64225
201412092382184,REDBL,32,32,74,176,13024
201412092382247,RHPC,39,35,11,480,5280
201412092382015,RHPC,39,42,10,480,4800
201412092382409,RMDC,13,16,33,691,22803
201412092382376,RMDC,16,16,33,691,22803
201412092382374,RMDC,11,47,500,690,345000
201412092382343,RMDC,41,47,100,690,69000
201412092382252,RMDC,22,46,99,700,69300
201412092382386,SANIMA,43,36,140,485,67900
201412092382385,SANIMA,25,36,200,485,97000
201412092382384,SANIMA,14,36,100,485,48500
201412092382383,SANIMA,19,36,250,485,121250
201412092382382,SANIMA,49,36,190,486,92340
201412092382381,SANIMA,21,36,100,487,48700
201412092382084,SANIMA,58,48,70,490,34300
201412092382380,SANIMA,49,36,20,490,9800
201412092382373,SANIMA,43,14,500,487,243500
201412092382372,SANIMA,49,48,30,490,14700
201412092382115,SANIMA,49,26,10,486,4860
201412092382086,SANIMA,41,48,200,490,98000
201412092382085,SANIMA,34,48,200,490,98000
201412092382290,SBI,25,56,1500,950,1425000
201412092382284,SBI,28,56,300,951,285300
201412092382185,SBI,28,44,500,955,477500
201412092382167,SBI,6,16,115,958,110170
201412092382163,SBI,6,19,71,956,67876
201412092382438,SBL,17,4,500,565,282500
201412092382416,SBL,43,4,500,566,283000
201412092382415,SBL,38,4,10,566,5660
201412092382271,SBL,17,45,26,567,14742
201412092382269,SBL,20,45,26,570,14820
201412092382102,SCB,38,48,60,1765,105900
201412092382178,SEOS,33,26,1000,10,10450
201412092381988,SEOS,1,1,2100,10,21630
201412092382370,SETI,16,17,172,186,31992
201412092382189,SETI,14,41,207,188,38916
201412092382245,SFL,38,14,24,126,3024
201412092382236,SFL,16,14,24,124,2976
201412092382196,SFL,38,14,24,122,2928
201412092382435,SHBL,50,17,52,410,21320
201412092382434,SHBL,50,16,10,410,4100
201412092382055,SHBL,1,1,10,415,4150
201412092382020,SHBL,18,17,13,415,5395
201412092382019,SHBL,18,17,13,415,5395
201412092382017,SHBL,18,17,13,415,5395
201412092382016,SHBL,18,43,10,412,4120
201412092382008,SHBL,45,17,13,410,5330
201412092382001,SHBL,45,17,13,410,5330
201412092382000,SHBL,45,17,13,410,5330
201412092381991,SHBL,45,17,13,410,5330
201412092382395,SHINE,53,26,500,280,140000
201412092382243,SHINE,58,29,912,275,250800
201412092382219,SHINE,40,26,200,280,56000
201412092382218,SHINE,48,26,500,280,140000
201412092382217,SHINE,54,26,100,285,28500
201412092382177,SHINE,45,29,910,280,254800
201412092382329,SHL,37,58,200,601,120200
201412092382319,SHL,55,58,100,602,60200
201412092382312,SHL,46,58,100,603,60300
201412092382181,SHL,51,44,500,600,300000
201412092382144,SHL,41,58,100,603,60300
201412092382141,SHL,55,58,100,603,60300
201412092382045,SHL,22,44,500,600,300000
201412092381974,SHL,59,49,500,600,300000
201412092381961,SHL,37,49,500,600,300000
201412092381958,SHL,1,49,500,600,300000
201412092382404,SHPC,7,19,12,657,7884
201412092382377,SHPC,59,19,24,657,15768
201412092382208,SHPC,21,36,100,660,66000
201412092382207,SHPC,39,36,20,660,13200
201412092382206,SHPC,39,36,20,660,13200
201412092382205,SHPC,39,36,50,660,33000
201412092382195,SHPC,1,1,2045,664,1357880
201412092382093,SHPC,13,7,270,657,177390
201412092382049,SHPC,26,26,114,662,75468
201412092382012,SHPC,6,36,400,656,262400
201412092381993,SHPC,39,36,500,657,328500
201412092382204,SHPC,39,36,50,660,33000
201412092382203,SHPC,39,36,50,660,33000
201412092382202,SHPC,39,36,50,660,33000
201412092382201,SHPC,39,36,50,660,33000
201412092382200,SHPC,56,36,100,661,66100
201412092382199,SHPC,26,36,80,662,52960
201412092382108,SICL,55,38,130,705,91650
201412092382090,SKBBL,14,44,73,1150,83950
201412092382239,SLBBL,57,16,43,1853,79679
201412092382235,SLBBL,57,50,44,1832,80608
201412092382161,SLBBL,57,50,44,1830,80520
201412092382083,SLBBL,6,50,27,1816,49032
201412092381968,SLBBL,6,41,10,1816,18160
201412092381960,SLBBL,6,41,10,1816,18160
201412092381973,SLICL,50,17,94,625,58750
201412092382249,SRBL,54,19,31,361,11191
201412092382172,SRBL,22,48,101,362,36562
201412092382160,SRBL,22,26,39,359,14001
201412092382225,SWBBL,36,48,40,1740,69600
201412092381992,UFCL,10,17,30,97,2910
201412092382281,VBBL,5,25,30,124,3720
201412092382116,VBBL,5,54,70,122,8540
201412092382106,VBBL,5,26,30,122,3660
201412092382053,YETI,5,5,180,114,20520
201412092381878,ADBL,44,54,147,445,65415
201412092381471,ADBL,58,58,30,448,13440
201412092381765,ADBL,45,21,40,445,17800
201412092381764,ADBL,45,21,40,445,17800
201412092381763,ADBL,45,21,40,445,17800
201412092381762,ADBL,45,41,350,445,155750
201412092381745,ADBL,46,33,20,442,8840
201412092381813,AIC,56,48,112,412,46144
201412092381535,ALDBL,21,58,40,254,10160
201412092381895,ALICL,54,26,153,1065,162945
201412092381893,ALICL,54,26,55,1065,58575
201412092381657,ALICL,16,41,400,1070,428000
201412092381538,ALICL,25,22,16,1076,17216
201412092381534,ALICL,25,41,32,1076,34432
201412092381449,ALICL,33,33,31,1055,32705
201412092381916,APEX,32,16,22,115,2530
201412092381833,APEX,38,42,20,114,2280
201412092381826,APEX,32,26,40,116,4640
201412092381825,APEX,32,26,20,116,2320
201412092381824,APEX,32,26,20,116,2320
201412092381774,APEX,22,25,500,116,58000
201412092381752,ARDBL,18,18,21,136,2856
201412092381748,ARDBL,18,18,21,136,2856
201412092381742,ARDBL,18,18,21,136,2856
201412092381519,ARDBL,22,17,21,136,2856
201412092381667,BLDBL,25,48,10,413,4130
201412092381925,BSBL,42,57,37,288,10656
201412092381924,BSBL,42,57,37,288,10656
201412092381899,BSBL,32,57,37,288,10656
201412092381877,BSBL,42,26,300,288,86400
201412092381858,BSBL,32,28,42,290,12180
201412092381560,BSBL,45,10,60,285,17100
201412092381670,BSBL,32,16,159,290,46110
201412092381593,BSBL,32,17,44,290,12760
201412092381566,BSBL,32,32,718,285,204630
201412092381817,BUDBL,36,10,328,170,55760
201412092381686,CBL,40,58,1000,243,243000
201412092381623,CBL,41,41,27,242,6534
201412092381546,CBL,29,40,2000,242,484000
201412092381543,CBL,13,6,108,244,26352
201412092381540,CBL,42,25,399,242,96558
201412092381536,CBL,13,16,149,243,36207
201412092381507,CBL,33,33,135,243,32805
201412092381487,CBL,29,34,200,242,48400
201412092381468,CBL,29,34,27,240,6480
201412092381457,CBL,11,59,49,240,11760
201412092381445,CBL,48,44,770,244,187880
201412092381908,CCBL,13,18,40,250,10000
201412092381781,CCBL,20,20,10,252,2520
201412092381709,CCBL,13,29,153,250,38250
201412092381664,CCBL,1,1,16,251,4016
201412092381663,CCBL,1,1,16,251,4016
201412092381662,CCBL,1,1,16,251,4016
201412092381525,CCBL,11,29,40,250,10000
201412092381447,CCBL,1,1,91,250,22750
201412092381586,CCBL,11,10,10,250,2500
201412092381574,CCBL,11,10,10,250,2500
201412092381562,CCBL,18,18,61,253,15433
201412092381557,CCBL,18,18,61,253,15433
201412092381542,CCBL,13,22,40,250,10000
201412092381526,CCBL,11,29,39,250,9750
201412092381804,CHCL,42,14,100,1549,154900
201412092381687,CHCL,26,58,100,1540,154000
201412092381685,CHCL,26,4,44,1539,67716
201412092381660,CHCL,26,26,27,1526,41202
201412092381658,CHCL,16,4,19,1530,29070
201412092381635,CHCL,22,4,100,1526,152600
201412092381633,CHCL,6,4,45,1527,68715
201412092381632,CHCL,16,45,15,1530,22950
201412092381589,CHCL,6,4,99,1527,151173
201412092381577,CHCL,6,34,54,1535,82890
201412092381523,CHCL,17,4,19,1530,29070
201412092381520,CHCL,39,4,33,1530,50490
201412092381800,CIT,26,6,100,2790,279000
201412092381799,CIT,50,6,100,2791,279100
201412092381715,CIT,16,6,100,2790,279000
201412092381481,CIT,16,21,60,2810,168600
201412092381863,CNDBL,1,32,20,163,3260
201412092381862,CNDBL,1,32,20,163,3260
201412092381859,CNDBL,1,32,20,163,3260
201412092381659,CNDBL,45,22,20,163,3260
201412092381656,CNDBL,45,22,20,163,3260
201412092381655,CNDBL,45,17,20,166,3320
201412092381599,CNDBL,18,18,20,169,3380
201412092381598,CNDBL,18,18,20,169,3380
201412092381597,CNDBL,18,18,20,169,3380
201412092381605,CNDBL,18,18,20,169,3380
201412092381604,CNDBL,18,18,20,169,3380
201412092381603,CNDBL,18,18,20,169,3380
201412092381602,CNDBL,18,18,20,169,3380
201412092381601,CNDBL,18,18,20,169,3380
201412092381600,CNDBL,18,18,20,169,3380
201412092381648,CNDBL,45,17,20,166,3320
201412092381647,CNDBL,45,17,20,166,3320
201412092381622,CNDBL,45,17,20,166,3320
201412092381615,CNDBL,18,18,20,169,3380
201412092381614,CNDBL,18,18,20,169,3380
201412092381606,CNDBL,18,18,20,169,3380
201412092381654,CNDBL,45,17,20,166,3320
201412092381653,CNDBL,45,17,20,166,3320
201412092381652,CNDBL,45,17,20,166,3320
201412092381651,CNDBL,45,17,20,166,3320
201412092381650,CNDBL,45,17,20,166,3320
201412092381649,CNDBL,45,17,20,166,3320
201412092381815,CZBIL,57,57,42,401,16842
201412092381736,CZBIL,22,13,21,397,8337
201412092381734,CZBIL,22,22,42,396,16632
201412092381718,CZBIL,47,21,147,394,57918
201412092381564,EBL,47,32,325,1725,560625
201412092381528,EBL,38,20,21,1722,36162
201412092381475,EBL,17,22,38,1725,65550
201412092381466,EIC,36,7,16,971,15536
201412092381747,EKBL,52,50,65,178,11570
201412092381714,EKBL,1,1,27,181,4887
201412092381713,EKBL,1,1,27,181,4887
201412092381712,EKBL,1,1,27,181,4887
201412092381613,EKBL,13,48,33,183,6039
201412092381473,FMDBL,42,29,549,760,417240
201412092381467,FMDBL,46,29,99,767,75933
201412092381464,GBBL,48,29,117,275,32175
201412092381865,GBIME,25,17,188,483,90804
201412092381844,GBIME,17,54,421,482,202922
201412092381831,GBIME,57,57,57,488,27816
201412092381761,GBIME,36,16,100,486,48600
201412092381521,GBIME,38,59,285,485,138225
201412092381796,GLICL,35,35,70,532,37240
201412092381937,GRAND,34,17,266,165,43890
201412092381696,GRAND,34,21,1000,166,166000
201412092381823,HDL,43,14,610,345,210450
201412092381756,HDL,11,11,200,339,67800
201412092381738,HDL,14,11,200,333,66600
201412092381506,HDL,26,14,20,327,6540
201412092381498,ICFC,46,17,119,257,30583
201412092381568,INDBL,39,17,106,166,17596
201412092381518,JBNL,38,39,38,236,8968
201412092381856,KCDBL,45,45,17,173,2941
201412092381854,KCDBL,45,45,17,173,2941
201412092381853,KCDBL,45,45,17,173,2941
201412092381852,KCDBL,45,45,17,173,2941
201412092381851,KCDBL,45,45,17,173,2941
201412092381850,KCDBL,45,45,17,173,2941
201412092381693,KCDBL,22,40,10,170,1700
201412092381692,KCDBL,22,40,10,170,1700
201412092381848,KCDBL,45,45,17,173,2941
201412092381847,KCDBL,45,45,10,173,1730
201412092381846,KCDBL,45,45,10,173,1730
201412092381845,KCDBL,45,45,10,173,1730
201412092381695,KCDBL,22,40,10,170,1700
201412092381694,KCDBL,22,40,10,170,1700
201412092381816,KDBL,4,4,76,110,8360
201412092381533,KDBL,25,10,41,110,4510
201412092381513,KDBL,25,44,34,112,3808
201412092381508,KDBL,25,44,21,112,2352
201412092381849,KEBL,14,16,172,361,62092
201412092381503,KEBL,17,16,61,354,21594
201412092381477,KKBL,18,18,10,313,3130
201412092381666,KMCDB,16,20,100,571,57100
201412092381872,KRBL,32,32,10,141,1410
201412092381843,KRBL,32,32,10,141,1410
201412092381834,KRBL,32,32,10,141,1410
201412092381830,KRBL,32,32,10,141,1410
201412092381820,KRBL,32,32,10,141,1410
201412092381750,KRBL,32,32,10,141,1410
201412092381732,KRBL,32,32,10,141,1410
201412092381802,KRBL,32,32,10,141,1410
201412092381795,KRBL,32,32,10,141,1410
201412092381789,KRBL,32,32,10,141,1410
201412092381788,KRBL,32,32,10,141,1410
201412092381782,KRBL,32,32,10,141,1410
201412092381760,KRBL,32,32,10,141,1410
201412092381501,LICN,19,17,11,3040,33440
201412092381936,LLBS,22,53,41,571,23411
201412092381932,LLBS,19,29,10,572,5720
201412092381931,LLBS,19,29,10,572,5720
201412092381930,LLBS,14,29,10,572,5720
201412092381923,LLBS,22,33,10,571,5710
201412092381874,LLBS,19,53,41,572,23452
201412092381701,LLBS,25,33,10,575,5750
201412092381700,LLBS,19,7,10,572,5720
201412092381609,LLBS,11,36,41,570,23370
201412092381465,LLBS,39,33,10,574,5740
201412092381757,LLBS,39,33,10,575,5750
201412092381749,LLBS,19,5,32,572,18304
201412092381741,LLBS,1,1,10,573,5730
201412092381739,LLBS,1,1,10,573,5730
201412092381716,LLBS,19,16,10,572,5720
201412092381702,LLBS,19,7,10,572,5720
201412092381927,LUBL,6,44,100,316,31600
201412092381922,LUBL,17,44,498,315,156870
201412092381794,LUBL,26,26,21,317,6657
201412092381699,LUBL,50,44,120,316,37920
201412092381780,MBBL,47,36,60,135,8100
201412092381837,MBL,38,40,189,480,90720
201412092381928,MEGA,33,11,329,362,119098
201412092381918,MEGA,25,22,30,361,10830
201412092381917,MEGA,25,42,50,361,18050
201412092381915,MEGA,29,42,1000,360,360000
201412092381907,MEGA,29,42,200,360,72000
201412092381906,MEGA,29,42,100,360,36000
201412092381450,MEGA,16,16,32,354,11328
201412092381444,MEGA,16,11,96,352,33792
201412092381443,MEGA,16,16,32,354,11328
201412092381442,MEGA,16,25,32,351,11232
201412092381439,MEGA,43,13,31,348,10788
201412092381438,MEGA,43,50,10,348,3480
201412092381463,MEGA,43,56,73,354,25842
201412092381462,MEGA,43,52,110,354,38940
201412092381460,MEGA,43,19,347,353,122491
201412092381459,MEGA,43,48,110,353,38830
201412092381458,MEGA,43,48,32,352,11264
201412092381451,MEGA,16,25,32,355,11360
201412092381496,MEGA,43,33,32,355,11360
201412092381485,MEGA,43,19,386,355,137030
201412092381484,MEGA,43,22,59,355,20945
201412092381483,MEGA,43,25,32,354,11328
201412092381480,MEGA,43,25,32,354,11328
201412092381478,MEGA,43,25,32,354,11328
201412092381527,MEGA,57,11,32,356,11392
201412092381524,MEGA,57,22,46,355,16330
201412092381522,MEGA,57,33,32,355,11360
201412092381517,MEGA,43,49,13,350,4550
201412092381502,MEGA,43,51,50,355,17750
201412092381500,MEGA,43,50,81,355,28755
201412092381569,MEGA,57,25,32,359,11488
201412092381567,MEGA,57,11,31,358,11098
201412092381559,MEGA,16,48,32,355,11360
201412092381555,MEGA,16,48,32,355,11360
201412092381553,MEGA,16,33,32,355,11360
201412092381530,MEGA,57,33,32,355,11360
201412092381585,MEGA,57,11,251,360,90360
201412092381584,MEGA,57,52,30,359,10770
201412092381581,MEGA,57,11,416,360,149760
201412092381578,MEGA,57,54,23,360,8280
201412092381576,MEGA,57,50,336,360,120960
201412092381571,MEGA,57,33,32,359,11488
201412092381683,MEGA,46,11,64,360,23040
201412092381665,MEGA,57,11,32,360,11520
201412092381620,MEGA,29,29,32,359,11488
201412092381618,MEGA,16,16,252,357,89964
201412092381617,MEGA,14,11,32,360,11520
201412092381611,MEGA,14,49,60,360,21600
201412092381746,MEGA,16,16,32,357,11424
201412092381744,MEGA,16,16,32,357,11424
201412092381737,MEGA,16,16,32,357,11424
201412092381733,MEGA,16,16,32,357,11424
201412092381725,MEGA,6,22,300,356,106800
201412092381698,MEGA,33,21,32,358,11456
201412092381768,MEGA,43,52,44,360,15840
201412092381767,MEGA,43,22,48,360,17280
201412092381759,MEGA,43,11,110,359,39490
201412092381758,MEGA,16,16,32,357,11424
201412092381754,MEGA,16,16,32,357,11424
201412092381751,MEGA,16,16,32,357,11424
201412092381779,MEGA,16,16,32,357,11424
201412092381778,MEGA,43,11,322,361,116242
201412092381776,MEGA,16,16,32,357,11424
201412092381775,MEGA,43,41,32,360,11520
201412092381773,MEGA,43,22,100,360,36000
201412092381772,MEGA,16,16,32,357,11424
201412092381897,MEGA,29,51,32,360,11520
201412092381896,MEGA,29,51,32,360,11520
201412092381894,MEGA,29,38,517,359,185603
201412092381873,MEGA,57,38,1047,359,375873
201412092381790,MEGA,43,51,32,360,11520
201412092381786,MEGA,16,29,25,357,8925
201412092381913,MMDBL,44,21,10,415,4150
201412092381857,MMDBL,18,18,14,415,5810
201412092381871,MNBBL,29,29,56,450,25200
201412092381869,MNBBL,29,29,56,450,25200
201412092381689,MNBBL,29,29,100,451,45100
201412092381914,NABIL,6,6,50,1707,85350
201412092381867,NABIL,13,13,26,1704,44304
201412092381805,NABIL,13,5,130,1704,221520
201412092381769,NABIL,17,38,56,1703,95368
201412092381711,NABIL,7,38,170,1703,289510
201412092381710,NABIL,47,38,202,1702,343804
201412092381629,NABIL,25,25,494,1700,839800
201412092381561,NABIL,3,49,16,1720,27520
201412092381791,NABILP,6,32,550,1200,660000
201412092381902,NBB,50,39,100,415,41500
201412092381612,NBBL,51,26,31,1613,50003
201412092381901,NBL,41,41,500,334,167000
201412092381828,NBL,55,18,1000,331,331000
201412092381822,NBL,22,54,1000,330,330000
201412092381798,NBL,13,44,100,331,33100
201412092381684,NBL,45,54,1000,330,330000
201412092381493,NBSL,16,16,12,326,3912
201412092381494,NCDB,13,34,229,149,34121
201412092381720,NHPC,42,25,20,118,2360
201412092381704,NHPC,29,58,1000,116,116000
201412092381926,NICA,6,29,251,740,185740
201412092381808,NICA,57,57,15,740,11100
201412092381785,NICA,50,44,200,743,148600
201412092381707,NICA,13,44,200,742,148400
201412092381703,NICA,17,45,200,741,148200
201412092381646,NICA,57,57,10,743,7430
201412092381512,NICA,29,45,122,744,90768
201412092381511,NICA,29,42,30,743,22290
201412092381510,NICA,29,44,200,742,148400
201412092381479,NICA,11,33,60,745,44700
201412092381595,NICA,13,44,200,742,148400
201412092381587,NICA,29,44,200,740,148000
201412092381573,NICA,13,13,70,735,51450
201412092381516,NICA,29,44,800,731,584800
201412092381515,NICA,26,44,200,732,146400
201412092381514,NICA,11,44,300,735,220500
201412092381645,NICA,57,57,10,743,7430
201412092381644,NICA,57,57,10,743,7430
201412092381643,NICA,57,57,10,743,7430
201412092381642,NICA,57,57,10,743,7430
201412092381641,NICA,57,57,10,743,7430
201412092381640,NICA,57,57,10,743,7430
201412092381935,NIL,39,17,27,710,19170
201412092381809,NLBBL,6,38,200,855,171000
201412092381807,NLBBL,14,29,50,865,43250
201412092381596,NLBBL,14,29,71,865,61415
201412092381920,NLG,26,36,245,720,176400
201412092381783,NLG,5,21,26,708,18408
201412092381499,NLG,33,33,26,710,18460
201412092381903,NLIC,22,49,50,3805,190250
201412092381898,NLIC,49,49,500,3775,1887500
201412092381891,NLIC,1,49,100,3801,380100
201412092381889,NLIC,49,49,3000,3775,11325000
201412092381806,NLIC,1,49,170,3801,646170
201412092381753,NLIC,1,49,388,3801,1474788
201412092381610,NLIC,21,21,100,3810,381000
201412092381572,NLIC,28,21,100,3810,381000
201412092381544,NLIC,57,21,100,3810,381000
201412092381537,NLIC,20,48,25,3805,95125
201412092381729,NLIC,57,49,400,3801,1520400
201412092381728,NLIC,1,49,200,3801,760200
201412092381722,NLIC,17,28,126,3835,483210
201412092381678,NLIC,44,32,58,3840,222720
201412092381671,NLIC,17,21,76,3830,291080
201412092381669,NLIC,17,32,52,3825,198900
201412092381814,NLICL,7,11,200,2055,411000
201412092381784,NLICL,13,21,200,2054,410800
201412092381777,NLICL,14,33,250,2050,512500
201412092381766,NLICL,34,34,200,2050,410000
201412092381727,NLICL,17,34,200,2053,410600
201412092381724,NLICL,39,5,211,2050,432550
201412092381495,NLICL,41,41,100,2060,206000
201412092381550,NLICL,36,44,100,2050,205000
201412092381549,NLICL,54,44,100,2051,205100
201412092381529,NLICL,41,33,100,2055,205500
201412092381509,NLICL,34,34,200,2050,410000
201412092381504,NLICL,11,36,85,2052,174420
201412092381497,NLICL,41,41,71,2060,146260
201412092381682,NLICL,17,33,165,2050,338250
201412092381677,NLICL,17,21,100,2054,205400
201412092381672,NLICL,41,33,110,2050,225500
201412092381637,NLICL,41,33,100,2045,204500
201412092381591,NLICL,42,36,165,2050,338250
201412092381551,NLICL,39,44,100,2049,204900
201412092381840,NTC,42,42,100,598,59800
201412092381771,NUBL,21,21,63,1487,93681
201412092381770,NUBL,21,28,10,1480,14800
201412092381532,NUBL,13,40,109,1460,159140
201412092381793,PCBL,47,47,19,483,9177
201412092381735,PCBL,21,21,133,483,64239
201412092381706,PCBL,1,29,323,481,155363
201412092381697,PCBL,26,29,47,482,22654
201412092381616,PCBL,1,43,53,481,25493
201412092381594,PCBL,29,10,31,481,14911
201412092381934,PLIC,10,10,500,922,461000
201412092381933,PLIC,59,19,112,934,104608
201412092381688,PLIC,16,10,100,930,93000
201412092381607,PLIC,19,10,13,921,11973
201412092381812,REDBL,20,44,400,178,71200
201412092381811,REDBL,47,44,100,178,17800
201412092381565,REDBL,47,10,38,181,6878
201412092381870,RHPC,18,18,10,473,4730
201412092381691,RHPC,1,1,10,475,4750
201412092381690,RHPC,1,1,10,475,4750
201412092381624,RLFL,6,14,50,147,7350
201412092381608,RLFL,53,34,50,145,7250
201412092381455,RLFL,6,6,50,143,7150
201412092381892,SADBL,13,36,110,278,30580
201412092381890,SADBL,6,36,110,278,30580
201412092381876,SADBL,13,36,110,278,30580
201412092381868,SADBL,6,36,110,278,30580
201412092381558,SANIMA,14,14,150,490,73500
201412092381575,SBI,54,44,500,955,477500
201412092381554,SBI,54,44,500,955,477500
201412092381552,SBI,54,22,147,954,140238
201412092381486,SBI,6,44,3000,949,2847000
201412092381441,SBI,17,39,60,950,57000
201412092381440,SBI,17,39,50,955,47750
201412092381829,SBL,38,29,140,566,79240
201412092381488,SBL,38,59,181,570,103170
201412092381888,SEOS,1,1,2100,10,21630
201412092381887,SEOS,1,1,2100,10,21630
201412092381886,SEOS,1,1,2100,10,21630
201412092381885,SEOS,1,1,2100,10,21630
201412092381884,SEOS,1,1,2100,10,21630
201412092381883,SEOS,1,1,2100,10,21630
201412092381882,SEOS,1,1,2100,10,21630
201412092381881,SEOS,1,1,2100,10,21630
201412092381880,SEOS,1,1,2100,10,21630
201412092381879,SEOS,1,1,2100,10,21630
201412092381842,SETI,14,17,28,188,5264
201412092381841,SETI,14,6,100,188,18800
201412092381819,SETI,16,45,312,187,58344
201412092381818,SETI,16,45,220,187,41140
201412092381810,SETI,16,26,73,187,13651
201412092381708,SETI,40,39,25,185,4625
201412092381705,SETI,21,17,30,187,5610
201412092381548,SETI,21,6,79,185,14615
201412092381679,SFL,29,14,24,120,2880
201412092381628,SFL,25,25,53,119,6307
201412092381668,SHBL,50,58,10,410,4100
201412092381630,SHBL,49,17,13,410,5330
201412092381627,SHBL,49,17,13,410,5330
201412092381626,SHBL,49,17,13,410,5330
201412092381625,SHBL,49,17,13,410,5330
201412092381556,SHBL,50,17,13,407,5291
201412092381472,SHBL,50,17,13,410,5330
201412092381461,SHBL,50,17,13,410,5330
201412092381541,SHBL,50,38,26,408,10608
201412092381539,SHBL,45,17,13,408,5304
201412092381531,SHBL,50,58,10,409,4090
201412092381490,SHBL,45,39,10,408,4080
201412092381476,SHBL,50,17,13,410,5330
201412092381474,SHBL,50,17,13,410,5330
201412092381912,SHINE,39,26,100,285,28500
201412092381911,SHINE,11,26,100,288,28800
201412092381910,SHINE,49,26,100,288,28800
201412092381864,SHINE,48,36,64,288,18432
201412092381860,SHINE,40,36,64,293,18752
201412092381836,SHINE,40,29,70,293,20510
201412092381469,SHINE,40,26,230,298,68540
201412092381454,SHINE,40,29,70,298,20860
201412092381929,SHL,18,58,100,606,60600
201412092381921,SHL,45,58,100,605,60500
201412092381919,SHL,26,58,200,604,120800
201412092381909,SHL,17,58,200,605,121000
201412092381905,SHL,18,58,200,606,121200
201412092381904,SHL,38,38,249,606,150894
201412092381489,SHL,18,44,500,605,302500
201412092381482,SHL,57,44,500,600,300000
201412092381470,SHL,11,33,100,606,60600
201412092381453,SHL,37,44,500,603,301500
201412092381452,SHL,13,33,200,604,120800
201412092381448,SHL,57,44,500,603,301500
201412092381588,SHL,51,58,200,604,120800
201412092381582,SHL,47,58,100,606,60600
201412092381580,SHL,51,58,100,607,60700
201412092381579,SHL,45,45,100,608,60800
201412092381492,SHL,28,49,1000,601,601000
201412092381491,SHL,57,49,2000,600,1200000
201412092381721,SHL,35,58,200,607,121400
201412092381719,SHL,26,58,200,608,121600
201412092381639,SHL,26,49,500,604,302000
201412092381634,SHL,26,44,500,605,302500
201412092381631,SHL,59,58,200,606,121200
201412092381590,SHL,51,58,200,604,120800
201412092381900,SHL,18,58,200,606,121200
201412092381861,SHL,22,44,500,605,302500
201412092381731,SHL,41,58,100,608,60800
201412092381730,SHL,45,58,200,605,121000
201412092381726,SHL,44,58,200,605,121000
201412092381723,SHL,44,58,200,605,121000
201412092381832,SHPC,13,32,236,665,156940
201412092381717,SHPC,36,37,500,664,332000
201412092381674,SHPC,39,32,18,661,11898
201412092381673,SHPC,39,26,18,659,11862
201412092381619,SHPC,6,26,18,658,11844
201412092381583,SHPC,6,26,18,657,11826
201412092381570,SHPC,40,26,18,656,11808
201412092381547,SHPC,40,21,162,658,106596
201412092381545,SHPC,40,38,18,657,11826
201412092381505,SHPC,13,26,18,653,11754
201412092381839,SIC,13,57,256,1100,281600
201412092381755,SIL,50,41,50,736,36800
201412092381827,SKBBL,49,44,200,1140,228000
201412092381563,SKBBL,21,29,16,1150,18400
201412092381797,SLBBL,6,18,10,1853,18530
201412092381743,SLICL,21,48,175,625,109375
201412092381740,SLICL,21,48,12,625,7500
201412092381855,SRBL,38,36,17,359,6103
201412092381621,SRBL,38,25,53,363,19239
201412092381866,SWBBL,26,48,50,1735,86750
201412092381787,SWBBL,33,29,100,1730,173000
201412092381680,UFCL,39,17,30,98,2940
201412092381803,VBBL,5,20,60,122,7320
201412092381801,VBBL,5,20,60,122,7320
201412092381681,VBBL,39,29,100,122,12200
201412092381592,VBBL,39,26,30,124,3720
201412092381875,YETI,54,13,40,114,4560
201412092381838,YETI,54,22,50,114,5700
201412092381835,YETI,54,22,50,114,5700
201412092381821,YETI,42,42,30,115,3450
201412092381676,YETI,42,42,30,114,3420
201412092381675,YETI,42,42,30,114,3420
201412092381638,YETI,25,45,50,114,5700
201412092381636,YETI,25,45,30,114,3420
201412092381446,YETI,28,28,51,115,5865
201412092381375,AHPC,1,1,42,350,14700
201412092381364,AHPC,1,1,42,350,14700
201412092381358,AHPC,1,1,42,350,14700
201412092381350,AHPC,1,1,42,350,14700
201412092381347,AHPC,1,1,42,350,14700
201412092381339,AHPC,1,1,42,350,14700
201412092381338,AHPC,1,1,42,350,14700
201412092381331,AHPC,1,1,42,350,14700
201412092381326,AHPC,1,1,42,350,14700
201412092381320,AHPC,1,1,42,350,14700
201412092381409,GBBL,39,39,91,270,24570
201412092381406,GBBL,39,39,91,270,24570
201412092381405,GBBL,39,39,91,270,24570
201412092381400,GBBL,39,39,91,270,24570
201412092381399,GBBL,39,39,91,270,24570
201412092381366,GBIME,42,42,36,489,17604
201412092381312,GBIME,1,1,51,482,24582
201412092381297,JBBL,39,39,50,150,7500
201412092381296,JBBL,39,39,50,150,7500
201412092381295,JBBL,39,39,50,150,7500
201412092381294,JBBL,39,39,50,150,7500
201412092381293,JBBL,39,39,50,150,7500
201412092381292,JBBL,39,39,50,150,7500
201412092381291,JBBL,39,39,50,150,7500
201412092381290,JBBL,39,39,50,150,7500
201412092381289,JBBL,39,39,50,150,7500
201412092381288,JBBL,39,39,110,150,16500
201412092381287,JBBL,39,39,50,150,7500
201412092381306,KCDBL,1,1,17,168,2856
201412092381305,KCDBL,1,1,17,168,2856
201412092381304,LLBS,1,1,10,585,5850
201412092381437,MEGA,43,16,32,348,11136
201412092381436,MEGA,16,16,32,348,11136
201412092381435,MEGA,16,16,32,348,11136
201412092381434,MEGA,43,16,32,348,11136
201412092381433,MEGA,43,16,32,348,11136
201412092381432,MEGA,43,16,32,348,11136
201412092381282,MEGA,1,1,32,345,11040
201412092381281,MEGA,1,1,32,345,11040
201412092381280,MEGA,1,1,32,345,11040
201412092381299,MEGA,1,1,31,345,10695
201412092381298,MEGA,1,1,31,345,10695
201412092381286,MEGA,1,1,31,345,10695
201412092381285,MEGA,1,1,31,345,10695
201412092381284,MEGA,1,1,31,345,10695
201412092381283,MEGA,1,1,32,345,11040
201412092381311,MEGA,16,16,32,348,11136
201412092381310,MEGA,16,16,32,348,11136
201412092381309,MEGA,16,16,32,348,11136
201412092381308,MEGA,16,39,32,347,11104
201412092381301,MEGA,1,1,31,345,10695
201412092381300,MEGA,1,1,31,345,10695
201412092381318,MEGA,16,16,32,348,11136
201412092381317,MEGA,16,16,32,348,11136
201412092381316,MEGA,16,16,32,348,11136
201412092381315,MEGA,16,16,32,348,11136
201412092381314,MEGA,16,16,32,348,11136
201412092381313,MEGA,16,16,32,348,11136
201412092381325,MEGA,16,16,32,348,11136
201412092381324,MEGA,16,16,32,348,11136
201412092381323,MEGA,16,16,32,348,11136
201412092381322,MEGA,16,16,32,348,11136
201412092381321,MEGA,16,16,32,348,11136
201412092381319,MEGA,16,16,32,348,11136
201412092381333,MEGA,16,16,32,348,11136
201412092381332,MEGA,16,16,32,348,11136
201412092381330,MEGA,16,16,32,348,11136
201412092381329,MEGA,16,16,32,348,11136
201412092381328,MEGA,16,16,32,348,11136
201412092381327,MEGA,16,16,32,348,11136
201412092381341,MEGA,16,16,32,348,11136
201412092381340,MEGA,16,16,32,348,11136
201412092381337,MEGA,16,16,32,348,11136
201412092381336,MEGA,16,22,32,347,11104
201412092381335,MEGA,16,16,32,348,11136
201412092381334,MEGA,16,16,32,348,11136
201412092381349,MEGA,16,16,32,348,11136
201412092381348,MEGA,16,16,32,348,11136
201412092381346,MEGA,16,16,32,348,11136
201412092381345,MEGA,16,16,32,348,11136
201412092381344,MEGA,16,16,32,348,11136
201412092381342,MEGA,16,16,32,348,11136
201412092381356,MEGA,16,16,32,348,11136
201412092381355,MEGA,16,16,32,348,11136
201412092381354,MEGA,16,16,32,348,11136
201412092381353,MEGA,16,16,32,348,11136
201412092381352,MEGA,16,16,32,348,11136
201412092381351,MEGA,16,16,32,348,11136
201412092381363,MEGA,16,50,32,345,11040
201412092381362,MEGA,16,16,32,348,11136
201412092381361,MEGA,16,16,32,348,11136
201412092381360,MEGA,16,16,32,348,11136
201412092381359,MEGA,16,22,23,347,7981
201412092381357,MEGA,16,22,23,347,7981
201412092381372,MEGA,16,16,32,348,11136
201412092381371,MEGA,16,16,32,348,11136
201412092381370,MEGA,16,16,32,348,11136
201412092381368,MEGA,16,16,32,348,11136
201412092381367,MEGA,16,16,32,348,11136
201412092381365,MEGA,16,16,32,348,11136
201412092381380,MEGA,16,16,32,348,11136
201412092381379,MEGA,16,16,32,348,11136
201412092381377,MEGA,16,16,32,348,11136
201412092381376,MEGA,16,16,32,348,11136
201412092381374,MEGA,16,16,32,348,11136
201412092381373,MEGA,16,16,32,348,11136
201412092381386,MEGA,43,7,184,347,63848
201412092381385,MEGA,16,16,32,348,11136
201412092381384,MEGA,16,16,32,348,11136
201412092381383,MEGA,16,16,32,348,11136
201412092381382,MEGA,16,16,32,348,11136
201412092381381,MEGA,16,16,32,348,11136
201412092381393,MEGA,43,16,32,348,11136
201412092381392,MEGA,16,16,32,348,11136
201412092381391,MEGA,43,16,32,348,11136
201412092381390,MEGA,16,16,32,348,11136
201412092381389,MEGA,16,16,32,348,11136
201412092381388,MEGA,16,16,32,348,11136
201412092381401,MEGA,43,16,32,348,11136
201412092381398,MEGA,16,16,32,348,11136
201412092381397,MEGA,43,16,32,348,11136
201412092381396,MEGA,16,16,32,348,11136
201412092381395,MEGA,43,16,32,348,11136
201412092381394,MEGA,16,16,32,348,11136
201412092381410,MEGA,43,16,32,348,11136
201412092381408,MEGA,43,16,32,348,11136
201412092381407,MEGA,16,16,32,348,11136
201412092381404,MEGA,43,16,32,348,11136
201412092381403,MEGA,43,16,32,348,11136
201412092381402,MEGA,16,16,32,348,11136
201412092381417,MEGA,43,16,32,348,11136
201412092381416,MEGA,43,16,32,348,11136
201412092381415,MEGA,43,16,32,348,11136
201412092381414,MEGA,43,16,32,348,11136
201412092381413,MEGA,16,16,32,348,11136
201412092381411,MEGA,16,16,32,348,11136
201412092381423,MEGA,43,16,32,348,11136
201412092381422,MEGA,43,16,32,348,11136
201412092381421,MEGA,43,16,32,348,11136
201412092381420,MEGA,43,16,32,348,11136
201412092381419,MEGA,43,16,32,348,11136
201412092381418,MEGA,43,16,32,348,11136
201412092381431,MEGA,43,16,32,348,11136
201412092381428,MEGA,43,16,32,348,11136
201412092381427,MEGA,43,16,32,348,11136
201412092381426,MEGA,43,16,32,348,11136
201412092381425,MEGA,43,16,32,348,11136
201412092381424,MEGA,43,16,32,348,11136
201412092381387,NGBL,43,22,60,242,14520
201412092381378,PIC,34,34,39,815,31785
201412092381369,PLIC,33,33,27,930,25110
201412092381343,PRDBL,17,17,10,156,1560
201412092381412,SHBL,45,26,10,408,4080
201412092381303,SHBL,1,1,10,415,4150
201412092381302,SHBL,1,1,10,415,4150
201412092381430,SHL,13,44,100,600,60000
201412092381429,SHL,41,44,400,600,240000
201412092381307,SHPC,44,1,10,652,6520
201412092381279,SRBL,39,39,33,363,11979
