contract,symbol,buyer,seller,qty,rate,amt
201410162313038,ACEDBL,13,51,100,292,29200
201410162313304,ADBL,26,52,34,512,17408
201410162313098,ADBL,26,58,40,512,20480
201410162313085,ADBL,26,19,30,512,15360
201410162313031,ADBL,26,41,70,512,35840
201410162313470,AHPC,49,58,200,384,76800
201410162313455,AHPC,49,26,71,382,27122
201410162313161,AHPC,45,45,42,380,15960
201410162313129,ALDBL,17,20,10,234,2340
201410162313398,ALICL,45,45,16,1182,18912
201410162313397,ALICL,45,45,16,1182,18912
201410162313389,ALICL,28,33,29,1181,34249
201410162313245,ALICL,20,16,226,1189,268714
201410162313136,ALICL,32,53,343,1180,404740
201410162313131,ALICL,28,38,360,1181,425160
201410162313050,ALICL,14,17,200,1189,237800
201410162313289,APEX,13,45,300,121,36300
201410162313049,APEX,25,51,45,122,5490
201410162313425,ARDBL,5,59,73,150,10950
201410162313148,ARDBL,5,59,52,150,7800
201410162313019,ARDBL,22,11,42,152,6384
201410162313014,ARDBL,22,11,42,152,6384
201410162313343,BLDBL,45,16,550,454,249700
201410162313394,BPCL,33,52,300,690,207000
201410162313242,BPCL,21,52,80,691,55280
201410162313090,BPCL,19,39,200,680,136000
201410162313284,CBBL,51,44,245,1480,362600
201410162313187,CBBL,28,44,252,1480,372960
201410162313468,CBL,56,47,52,290,15080
201410162313463,CBL,7,7,72,289,20808
201410162313458,CBL,1,7,72,289,20808
201410162313448,CBL,7,7,72,289,20808
201410162313443,CBL,1,7,72,289,20808
201410162313299,CBL,53,47,52,290,15080
201410162313010,CBL,1,47,52,291,15132
201410162313232,CBL,41,25,135,290,39150
201410162313207,CBL,41,25,510,291,148410
201410162313192,CBL,41,17,35,291,10185
201410162313168,CBL,22,25,917,290,265930
201410162313134,CBL,56,16,27,293,7911
201410162313063,CBL,53,17,59,290,17110
201410162313517,CCBL,13,13,40,282,11280
201410162313516,CCBL,13,13,40,282,11280
201410162313515,CCBL,13,13,40,282,11280
201410162313514,CCBL,13,13,40,282,11280
201410162313513,CCBL,13,13,40,282,11280
201410162313512,CCBL,13,13,40,282,11280
201410162313042,CCBL,56,29,20,287,5740
201410162313028,CCBL,13,51,306,285,87210
201410162313022,CCBL,13,52,40,285,11400
201410162313016,CCBL,13,52,40,285,11400
201410162313061,CCBL,45,29,16,285,4560
201410162313060,CCBL,45,29,20,285,5700
201410162313058,CCBL,48,1,40,284,11360
201410162313048,CCBL,13,29,40,285,11400
201410162313046,CCBL,13,29,40,285,11400
201410162313044,CCBL,17,29,20,285,5700
201410162313079,CCBL,45,45,40,285,11400
201410162313078,CCBL,45,45,40,285,11400
201410162313077,CCBL,45,45,40,285,11400
201410162313076,CCBL,45,45,40,285,11400
201410162313074,CCBL,45,45,40,285,11400
201410162313073,CCBL,45,45,40,285,11400
201410162313111,CCBL,54,52,40,284,11360
201410162313089,CCBL,45,52,40,285,11400
201410162313087,CCBL,45,45,40,285,11400
201410162313084,CCBL,45,45,40,285,11400
201410162313082,CCBL,45,45,40,285,11400
201410162313080,CCBL,45,45,40,285,11400
201410162313144,CCBL,54,58,40,284,11360
201410162313137,CCBL,54,58,40,284,11360
201410162313118,CCBL,45,45,40,285,11400
201410162313114,CCBL,45,52,40,285,11400
201410162313113,CCBL,45,45,40,285,11400
201410162313112,CCBL,45,45,40,285,11400
201410162313189,CCBL,35,58,40,281,11240
201410162313184,CCBL,35,58,40,281,11240
201410162313176,CCBL,35,58,40,281,11240
201410162313160,CCBL,32,7,306,283,86598
201410162313154,CCBL,54,58,40,284,11360
201410162313147,CCBL,54,52,40,284,11360
201410162313363,CCBL,25,52,40,280,11200
201410162313313,CCBL,13,7,306,281,85986
201410162313241,CCBL,13,58,40,282,11280
201410162313240,CCBL,13,58,40,282,11280
201410162313239,CCBL,13,58,40,282,11280
201410162313233,CCBL,13,7,306,282,86292
201410162313480,CCBL,1,58,40,282,11280
201410162313479,CCBL,1,58,40,282,11280
201410162313478,CCBL,1,58,40,282,11280
201410162313401,CCBL,25,58,40,280,11200
201410162313370,CCBL,25,52,40,280,11200
201410162313366,CCBL,25,52,40,280,11200
201410162313487,CCBL,13,13,40,282,11280
201410162313486,CCBL,13,13,40,282,11280
201410162313485,CCBL,13,13,40,282,11280
201410162313484,CCBL,13,13,40,282,11280
201410162313483,CCBL,13,13,40,282,11280
201410162313481,CCBL,1,58,40,282,11280
201410162313493,CCBL,13,13,40,282,11280
201410162313492,CCBL,13,13,40,282,11280
201410162313491,CCBL,13,13,40,282,11280
201410162313490,CCBL,13,13,40,282,11280
201410162313489,CCBL,13,13,40,282,11280
201410162313488,CCBL,13,13,40,282,11280
201410162313499,CCBL,13,13,40,282,11280
201410162313498,CCBL,13,13,40,282,11280
201410162313497,CCBL,13,13,40,282,11280
201410162313496,CCBL,13,13,40,282,11280
201410162313495,CCBL,13,13,40,282,11280
201410162313494,CCBL,13,13,40,282,11280
201410162313505,CCBL,13,13,40,282,11280
201410162313504,CCBL,13,13,40,282,11280
201410162313503,CCBL,13,13,40,282,11280
201410162313502,CCBL,13,13,40,282,11280
201410162313501,CCBL,13,13,40,282,11280
201410162313500,CCBL,13,13,40,282,11280
201410162313511,CCBL,13,13,40,282,11280
201410162313510,CCBL,13,13,40,282,11280
201410162313509,CCBL,13,13,40,282,11280
201410162313508,CCBL,13,13,40,282,11280
201410162313507,CCBL,13,13,40,282,11280
201410162313506,CCBL,13,13,40,282,11280
201410162313045,CFCL,17,39,217,153,33201
201410162313438,CHCL,42,14,180,1799,323820
201410162313423,CHCL,42,6,60,1799,107940
201410162313348,CHCL,13,14,500,1785,892500
201410162313315,CHCL,29,6,150,1797,269550
201410162313287,CHCL,19,14,20,1800,36000
201410162313270,CHCL,17,6,100,1798,179800
201410162313138,CHCL,17,54,190,1797,341430
201410162313121,CHCL,25,54,100,1790,179000
201410162313467,CNDBL,51,45,20,171,3420
201410162313422,CNDBL,51,45,20,171,3420
201410162313408,CNDBL,51,45,20,171,3420
201410162313396,CNDBL,51,45,20,171,3420
201410162313388,CNDBL,51,45,20,171,3420
201410162313383,CNDBL,51,45,20,171,3420
201410162313421,CZBIL,41,8,60,453,27180
201410162313373,CZBIL,6,1,100,454,45400
201410162313247,CZBIL,40,26,800,450,360000
201410162313193,CZBIL,45,45,42,455,19110
201410162313083,CZBIL,46,48,500,454,227000
201410162313264,DDBL,28,14,50,1294,64700
201410162313222,DDBL,19,17,84,1310,110040
201410162313392,EBL,43,11,11,1911,21021
201410162313385,EBL,13,11,26,1915,49790
201410162313088,EBL,33,21,60,1923,115380
201410162313030,EBL,7,52,100,1915,191500
201410162313403,GBBL,41,25,60,370,22200
201410162313261,GBBL,10,25,496,366,181536
201410162313476,GBIME,32,38,17,535,9095
201410162313474,GBIME,29,38,25,535,13375
201410162313457,GBIME,14,38,36,536,19296
201410162313418,GBIME,32,38,17,535,9095
201410162313414,GBIME,43,38,25,535,13375
201410162313410,GBIME,21,38,36,537,19332
201410162313149,GBIME,37,38,25,542,13550
201410162313182,GBIME,37,38,25,543,13575
201410162313179,GBIME,37,38,36,543,19548
201410162313162,GBIME,37,38,17,542,9214
201410162313159,GBIME,37,38,25,542,13550
201410162313155,GBIME,37,38,36,542,19512
201410162313151,GBIME,32,38,36,541,19476
201410162313406,GBIME,21,38,36,540,19440
201410162313346,GBIME,32,38,893,540,482220
201410162313328,GBIME,26,26,12,541,6492
201410162313292,GBIME,16,38,17,542,9214
201410162313230,GBIME,16,38,36,544,19584
201410162313186,GBIME,37,26,112,545,61040
201410162313357,GLICL,43,17,46,569,26174
201410162313334,GLICL,42,42,125,567,70875
201410162313309,GLICL,42,42,125,567,70875
201410162313196,GLICL,29,48,121,564,68244
201410162313195,GLICL,29,39,120,563,67560
201410162313157,GLICL,14,58,41,562,23042
201410162313097,GLICL,25,58,68,560,38080
201410162313482,GRAND,1,8,500,223,111500
201410162313456,GRAND,37,49,1000,222,222000
201410162313452,GRAND,37,8,500,222,111000
201410162313430,GRAND,43,8,500,222,111000
201410162313415,GRAND,37,8,1000,222,222000
201410162313057,GRAND,5,8,500,222,111000
201410162313055,GRAND,46,8,500,222,111000
201410162313323,GRAND,55,8,500,221,110500
201410162313072,GRAND,49,43,127,224,28448
201410162313424,HBDL,10,36,1000,97,97000
201410162313450,JBBL,38,13,500,170,85000
201410162313300,JBBL,57,59,300,170,51000
201410162313294,JBBL,57,42,30,170,5100
201410162313351,JBNL,34,40,137,270,36990
201410162313340,JBNL,20,40,271,270,73170
201410162313330,JBNL,32,40,70,271,18970
201410162313135,JBNL,17,17,69,272,18768
201410162313369,KADBL,59,53,343,360,123480
201410162313381,KBBL,45,25,195,410,79950
201410162313359,KBBL,5,25,223,411,91653
201410162313464,KBL,33,57,281,596,167476
201410162313378,KBL,6,32,55,596,32780
201410162313364,KBL,45,57,500,585,292500
201410162313353,KBL,6,16,28,595,16660
201410162313337,KBL,16,32,83,592,49136
201410162313329,KBL,13,36,500,585,292500
201410162313322,KBL,43,19,64,590,37760
201410162313291,KBL,46,32,210,586,123060
201410162313285,KBL,20,57,500,585,292500
201410162313281,KBL,22,57,200,589,117800
201410162313269,KBL,8,45,160,590,94400
201410162313244,KBL,8,57,280,588,164640
201410162313427,KDBL,5,25,10,127,1270
201410162313436,KEBL,55,21,10,333,3330
201410162313096,KMCDB,46,25,10,659,6590
201410162313059,KMCDB,46,19,10,655,6550
201410162313277,KRBL,1,42,40,204,8160
201410162313203,KRBL,55,43,10,203,2030
201410162313199,KRBL,55,43,10,203,2030
201410162313194,KRBL,55,43,10,203,2030
201410162313040,KRBL,55,38,10,203,2030
201410162313024,KRBL,55,38,10,203,2030
201410162313012,KRBL,55,43,60,205,12300
201410162313454,LBL,35,58,500,619,309500
201410162313453,LBL,44,13,1500,616,924000
201410162313439,LBL,41,58,111,620,68820
201410162313433,LBL,36,21,500,615,307500
201410162313386,LBL,13,4,300,615,184500
201410162313358,LBL,57,26,158,617,97486
201410162313102,LBL,41,42,10,622,6220
201410162313101,LBL,26,42,100,623,62300
201410162313100,LBL,43,42,20,623,12460
201410162313037,LBL,28,59,30,623,18690
201410162313021,LBL,26,58,100,623,62300
201410162313108,LBL,19,42,20,621,12420
201410162313107,LBL,25,42,100,621,62100
201410162313106,LBL,19,42,200,622,124400
201410162313105,LBL,38,42,200,622,124400
201410162313104,LBL,32,42,200,622,124400
201410162313103,LBL,17,42,120,622,74640
201410162313218,LBL,32,42,300,621,186300
201410162313217,LBL,32,42,150,621,93150
201410162313216,LBL,29,42,60,621,37260
201410162313215,LBL,36,42,100,622,62200
201410162313115,LBL,29,44,40,621,24840
201410162313109,LBL,29,42,30,621,18630
201410162313298,LBL,41,17,200,620,124000
201410162313262,LBL,28,38,500,615,307500
201410162313237,LBL,37,51,18,620,11160
201410162313221,LBL,32,42,90,620,55800
201410162313220,LBL,39,42,200,620,124000
201410162313219,LBL,6,42,100,620,62000
201410162313267,LGIL,36,43,10,432,4320
201410162313206,LGIL,38,39,49,438,21462
201410162313197,LGIL,36,26,236,430,101480
201410162313332,LICN,14,18,26,3350,87100
201410162313020,LICN,26,44,12,3400,40800
201410162313429,LUBL,32,26,345,337,116265
201410162313362,LUBL,16,8,60,340,20400
201410162313338,LUBL,7,8,20,346,6920
201410162313293,LUBL,22,52,45,342,15390
201410162313039,LUBL,41,42,496,336,166656
201410162313405,MBL,44,14,880,485,426800
201410162313377,MBL,40,25,20,490,9800
201410162313367,MBL,48,25,335,484,162140
201410162313305,MBL,5,25,432,485,209520
201410162313259,MBL,22,26,172,485,83420
201410162313119,MBL,59,32,147,487,71589
201410162313091,MBL,10,1,114,488,55632
201410162313029,MBL,3,11,935,485,453475
201410162313025,MBL,5,32,75,491,36825
201410162313009,MBL,59,51,200,487,97400
201410162313130,MDB,41,49,28,470,13160
201410162313127,MDB,41,49,28,470,13160
201410162313302,MDBL,6,51,510,174,88740
201410162313211,MDBL,7,51,410,171,70110
201410162313128,MDBL,52,50,1000,173,173000
201410162313344,MEGA,56,45,13,395,5135
201410162313062,MEGA,22,17,164,391,64124
201410162313181,MLBBL,41,57,10,851,8510
201410162313123,MLBBL,26,26,63,840,52920
201410162313069,MLBBL,21,29,10,855,8550
201410162313068,MLBBL,21,29,10,855,8550
201410162313067,MLBBL,21,29,10,855,8550
201410162313066,MLBBL,21,29,10,855,8550
201410162313065,MLBBL,21,29,10,855,8550
201410162313064,MLBBL,21,29,10,855,8550
201410162313387,MMDBL,18,18,10,316,3160
201410162313375,MMDBL,18,39,10,321,3210
201410162313258,MMDBL,18,26,48,320,15360
201410162313257,MMDBL,18,26,30,320,9600
201410162313027,MNBBL,18,14,150,801,120150
201410162313204,MPFL,32,16,10,119,1190
201410162313475,MTBL,43,39,97,206,19982
201410162313256,NABIL,41,17,100,2340,234000
201410162313469,NABILP,4,49,200,1595,319000
201410162313451,NBB,50,25,500,580,290000
201410162313246,NBB,50,34,500,582,291000
201410162313094,NBB,50,16,500,580,290000
201410162313056,NBB,17,43,100,581,58100
201410162313376,NBBL,39,39,10,1581,15810
201410162313374,NBBL,39,39,10,1581,15810
201410162313368,NBBL,51,39,10,1580,15800
201410162313361,NBBL,51,39,10,1580,15800
201410162313350,NBBL,50,39,10,1590,15900
201410162313341,NBBL,50,39,10,1590,15900
201410162313321,NBBL,51,39,10,1600,16000
201410162313316,NBBL,51,39,10,1600,16000
201410162313311,NBBL,51,39,10,1600,16000
201410162313307,NBBL,51,39,10,1600,16000
201410162313093,NBF1,1,1,21730,14,308566
201410162313229,NBL,29,45,1000,390,390000
201410162313086,NBL,22,45,500,390,195000
201410162313035,NBL,38,45,127,397,50419
201410162313447,NCCB,13,7,390,623,242970
201410162313324,NCCB,58,21,126,628,79128
201410162313280,NCCB,16,7,39,624,24336
201410162313227,NCCB,32,26,500,620,310000
201410162313214,NCCB,47,26,500,621,310500
201410162313171,NCCB,43,35,42,625,26250
201410162313110,NCCB,16,33,160,624,99840
201410162313043,NCM,6,5,157,173,27161
201410162313314,NGBL,42,59,100,305,30500
201410162313296,NGBL,14,40,40,310,12400
201410162313075,NGBL,14,26,76,305,23180
201410162313477,NHPC,3,50,2000,140,280000
201410162313471,NHPC,5,50,9000,140,1260000
201410162313462,NHPC,3,50,2000,142,284000
201410162313428,NHPC,21,50,1000,144,144000
201410162313404,NHPC,32,50,2000,143,286000
201410162313393,NHPC,38,50,2000,143,286000
201410162313150,NHPC,51,51,500,144,72000
201410162313472,NIB,32,37,281,765,214965
201410162313419,NIB,21,37,296,770,227920
201410162313400,NIB,32,37,285,765,218025
201410162313331,NICA,41,1,25,791,19775
201410162313054,NICA,5,54,500,792,396000
201410162313399,NLG,49,49,2799,805,2253195
201410162313380,NLG,36,14,12,802,9624
201410162313223,NLG,36,43,26,802,20852
201410162313205,NLG,36,40,120,812,97440
201410162313198,NLG,36,33,34,806,27404
201410162313460,NLIC,55,6,13,4184,54392
201410162313459,NLIC,55,26,10,4180,41800
201410162313449,NLIC,32,25,18,4170,75060
201410162313282,NLIC,54,54,200,4150,830000
201410162313279,NLIC,21,42,65,4180,271700
201410162313276,NLIC,21,34,33,4170,137610
201410162313201,NLIC,8,34,25,4170,104250
201410162313172,NLIC,8,40,35,4170,145950
201410162313158,NLIC,8,55,32,4165,133280
201410162313412,NLICL,35,35,643,2294,1475042
201410162313146,NLICL,16,6,331,2271,751701
201410162313139,NLICL,35,6,322,2271,731262
201410162313347,NTC,40,25,345,616,212520
201410162313342,NTC,8,25,100,616,61600
201410162313335,NTC,38,56,100,616,61600
201410162313283,NTC,35,5,310,616,190960
201410162313301,NUBL,32,44,100,1440,144000
201410162313272,NUBL,41,5,112,1450,162400
201410162313271,NUBL,41,47,20,1450,29000
201410162313254,OHL,25,18,500,710,355000
201410162313143,OHL,14,18,200,705,141000
201410162313092,OHL,14,59,500,700,350000
201410162313466,PCBL,59,25,184,512,94208
201410162313420,PCBL,59,7,457,512,233984
201410162313360,PCBL,17,52,16,513,8208
201410162313354,PCBL,25,52,80,512,40960
201410162313319,PCBL,17,21,52,513,26676
201410162313312,PCBL,6,21,115,512,58880
201410162313169,PCBL,33,25,58,514,29812
201410162313152,PCBL,25,11,133,512,68096
201410162313126,PCBL,21,7,457,512,233984
201410162313117,PCBL,44,7,457,513,234441
201410162313099,PDBL,37,48,500,225,112500
201410162313053,PDBL,34,32,145,228,33060
201410162313317,PFIL,47,48,137,155,21235
201410162313365,PICL,7,43,100,445,44500
201410162313275,PICL,53,53,520,451,234520
201410162313274,PICL,53,53,300,450,135000
201410162313273,PICL,53,56,170,449,76330
201410162313431,PLIC,5,49,94,1026,96444
201410162313409,PLIC,5,59,200,1020,204000
201410162313407,PLIC,29,39,27,1021,27567
201410162313395,PLIC,5,17,27,1025,27675
201410162313391,PLIC,5,45,48,1020,48960
201410162313382,PLIC,5,59,200,1020,204000
201410162313288,PLIC,29,58,27,1024,27648
201410162313188,PLIC,45,45,13,1028,13364
201410162313178,PLIC,45,45,13,1028,13364
201410162313167,PLIC,36,16,162,1015,164430
201410162313142,PRDBL,26,26,10,153,1530
201410162313141,PRDBL,26,26,10,153,1530
201410162313140,PRDBL,26,26,10,153,1530
201410162313384,RHPC,26,41,47,575,27025
201410162313325,RHPC,21,16,11,576,6336
201410162313295,RHPC,41,16,11,580,6380
201410162313290,RHPC,41,16,11,580,6380
201410162313286,RHPC,41,16,11,580,6380
201410162313278,RHPC,41,29,11,580,6380
201410162313268,RHPC,41,29,11,580,6380
201410162313263,RHPC,41,29,11,580,6380
201410162313238,RHPC,32,32,10,579,5790
201410162313190,RHPC,11,29,89,580,51620
201410162313180,RHPC,41,51,19,578,10982
201410162313174,RHPC,41,51,10,578,5780
201410162313260,RMDC,55,40,21,800,16800
201410162313255,RMDC,55,40,21,800,16800
201410162313253,RMDC,55,40,21,800,16800
201410162313243,RMDC,55,11,33,795,26235
201410162313402,SADBL,32,1,70,321,22470
201410162313071,SANIMA,11,40,30,490,14700
201410162313070,SANIMA,25,40,70,495,34650
201410162313231,SBI,6,11,304,992,301568
201410162313416,SBL,45,41,59,701,41359
201410162313379,SBL,7,6,202,703,142006
201410162313352,SBL,3,6,248,702,174096
201410162313236,SBL,3,6,488,701,342088
201410162313226,SBL,50,6,480,701,336480
201410162313225,SBL,50,28,500,700,350000
201410162313224,SBL,37,18,109,701,76409
201410162313095,SBL,3,50,420,703,295260
201410162313015,SBL,3,1,500,702,351000
201410162313442,SCB,50,41,77,2095,161315
201410162313441,SCB,50,41,60,2090,125400
201410162313320,SCB,3,41,200,2083,416600
201410162313153,SCB,35,36,500,2081,1040500
201410162313122,SDBL,49,41,10,159,1590
201410162313303,SETI,19,59,66,180,11880
201410162313116,SEWA,17,47,13,400,5200
201410162313349,SHPC,14,6,18,677,12186
201410162313336,SHPC,14,6,18,677,12186
201410162313326,SHPC,14,6,18,677,12186
201410162313318,SHPC,14,6,18,677,12186
201410162313310,SHPC,14,6,18,677,12186
201410162313306,SHPC,14,6,18,677,12186
201410162313132,SHPC,19,43,300,677,203100
201410162313124,SHPC,19,16,18,677,12186
201410162313052,SHPC,19,49,500,675,337500
201410162313051,SHPC,19,49,500,675,337500
201410162313018,SHPC,14,6,18,675,12150
201410162313011,SHPC,14,6,18,675,12150
201410162313235,SHPC,19,22,300,675,202500
201410162313200,SHPC,41,6,18,677,12186
201410162313191,SHPC,41,6,18,677,12186
201410162313183,SHPC,41,6,18,677,12186
201410162313175,SHPC,41,6,18,677,12186
201410162313145,SHPC,41,6,18,677,12186
201410162313177,SIC,42,19,500,1140,570000
201410162313185,SICL,17,55,200,803,160600
201410162313173,SICL,45,55,100,805,80500
201410162313166,SICL,25,55,100,806,80600
201410162313165,SICL,41,55,100,809,80900
201410162313164,SICL,6,55,100,812,81200
201410162313163,SICL,17,55,10,819,8190
201410162313434,SIL,18,8,25,802,20050
201410162313297,SIL,26,11,500,803,401500
201410162313047,SIL,43,18,75,805,60375
201410162313026,SIL,29,16,300,806,241800
201410162313371,SKBBL,11,6,29,1380,40020
201410162313036,SKBBL,41,42,84,1368,114912
201410162313465,SLICL,21,42,34,666,22644
201410162313234,SLICL,7,59,200,670,134000
201410162313228,SLICL,7,44,40,670,26800
201410162313156,SLICL,25,32,394,668,263192
201410162313426,SRBL,18,6,18,390,7020
201410162313417,SRBL,18,6,55,389,21395
201410162313411,SRBL,18,51,22,385,8470
201410162313390,SRBL,32,51,33,385,12705
201410162313345,SRBL,22,39,22,388,8536
201410162313339,SRBL,22,48,47,387,18189
201410162313308,SRBL,32,49,100,385,38500
201410162313266,SRBL,45,45,28,386,10808
201410162313208,SRBL,45,45,14,386,5404
201410162313170,SRBL,45,11,72,385,27720
201410162313120,SRBL,45,39,118,387,45666
201410162313473,SUPRME,32,51,112,167,18704
201410162313333,SUPRME,17,47,20,170,3400
201410162313372,SWBBL,56,17,32,1810,57920
201410162313356,TRH,32,21,450,271,121950
201410162313355,TRH,32,21,500,271,135500
201410162313213,TRH,38,29,10,274,2740
201410162313202,TRH,50,21,500,270,135000
201410162313461,UFIL,26,26,10,154,1540
201410162313327,UFIL,6,16,20,151,3020
201410162313413,UFL,13,56,414,267,110538
201410162313081,UFL,4,56,1000,270,270000
201410162313265,UNL,19,26,30,15003,450090
201410162313041,UNL,3,16,30,15150,454500
201410162313125,VBBL,6,25,20,129,2580
201410162313023,VBBL,20,7,50,127,6350
201410162313013,VBBL,20,7,50,127,6350
201410162313446,YETI,29,11,40,130,5200
201410162313445,YETI,29,17,60,130,7800
201410162313444,YETI,29,1,1370,130,178100
201410162313440,YETI,5,11,40,128,5120
201410162313437,YETI,5,11,40,128,5120
201410162313435,YETI,5,11,40,128,5120
201410162313432,YETI,5,11,40,128,5120
201410162313210,YETI,5,17,60,130,7800
201410162313209,YETI,5,17,60,130,7800
201410162313017,YETI,38,3,30,132,3960
201410162312713,ACEDBL,16,14,500,295,147500
201410162312982,ADBL,45,19,40,511,20440
201410162312977,ADBL,54,26,40,515,20600
201410162312976,ADBL,54,40,70,514,35980
201410162312970,ADBL,54,14,390,514,200460
201410162312946,ADBL,45,17,30,511,15330
201410162312553,ADBL,18,18,30,512,15360
201410162312545,ADBL,18,18,30,512,15360
201410162312544,ADBL,58,58,90,513,46170
201410162312537,ADBL,58,18,30,513,15390
201410162312923,ADBL,45,17,30,511,15330
201410162312825,ADBL,45,41,40,511,20440
201410162312702,ADBL,18,6,40,512,20480
201410162312650,ADBL,41,6,40,511,20440
201410162312630,ADBL,18,18,30,512,15360
201410162312727,AHPC,56,55,100,381,38100
201410162312673,AHPC,16,55,550,380,209000
201410162312672,AHPC,49,55,200,380,76000
201410162312664,AHPC,34,55,300,383,114900
201410162312663,AHPC,50,55,300,383,114900
201410162312662,AHPC,57,55,300,383,114900
201410162312661,AHPC,42,55,100,383,38300
201410162312620,AHPC,42,58,100,383,38300
201410162312658,AIC,36,56,250,494,123500
201410162312710,AIC,50,26,113,485,54805
201410162312614,ALDBL,22,59,80,230,18400
201410162312913,ALICL,28,41,59,1190,70210
201410162312908,ALICL,28,41,29,1190,34510
201410162312890,ALICL,28,22,90,1190,107100
201410162312750,ALICL,57,16,74,1189,87986
201410162312742,ALICL,57,26,46,1188,54648
201410162312741,ALICL,57,22,40,1187,47480
201410162312722,ALICL,26,11,16,1180,18880
201410162312634,ALICL,45,33,805,1176,946680
201410162312573,ALICL,25,44,26,1180,30680
201410162312954,APEX,21,51,354,123,43542
201410162312793,APEX,33,29,45,125,5625
201410162313006,ARDBL,22,11,42,152,6384
201410162312937,ARDBL,46,11,42,152,6384
201410162312829,BLDBL,10,6,135,456,61560
201410162312823,BLDBL,19,6,100,458,45800
201410162312930,BPCL,37,51,100,680,68000
201410162312862,BPCL,11,39,113,690,77970
201410162312511,BPCL,42,39,200,680,136000
201410162312998,CBL,56,11,16,290,4640
201410162312997,CBL,56,11,30,290,8700
201410162312992,CBL,56,11,30,290,8700
201410162312989,CBL,56,38,1018,289,294202
201410162312969,CBL,48,17,35,291,10185
201410162312944,CBL,1,55,436,290,126440
201410162312704,CBL,47,49,1000,290,290000
201410162312515,CBL,51,17,135,292,39420
201410162312925,CBL,41,47,52,290,15080
201410162312921,CBL,53,47,52,290,15080
201410162312869,CBL,7,14,135,291,39285
201410162312833,CBL,28,28,27,292,7884
201410162312816,CBL,7,25,261,291,75951
201410162312924,CCBL,1,59,52,286,14872
201410162312859,CCBL,45,45,39,287,11193
201410162312844,CCBL,45,45,39,287,11193
201410162312841,CCBL,45,45,39,287,11193
201410162312826,CCBL,49,49,120,287,34440
201410162312788,CCBL,49,50,40,287,11480
201410162312724,CCBL,40,54,31,287,8897
201410162312685,CCBL,56,38,40,287,11480
201410162312684,CCBL,56,38,40,287,11480
201410162312647,CCBL,13,13,32,286,9152
201410162312624,CCBL,13,33,32,285,9120
201410162312589,CCBL,1,16,153,286,43758
201410162312786,CCBL,49,21,40,287,11480
201410162312785,CCBL,49,54,40,287,11480
201410162312784,CCBL,49,54,40,287,11480
201410162312783,CCBL,49,17,40,286,11440
201410162312782,CCBL,49,17,40,286,11440
201410162312734,CCBL,40,54,40,287,11480
201410162312701,CEDBL,13,17,36,245,8820
201410162312985,CFCL,32,39,69,150,10350
201410162312993,CHCL,29,28,90,1800,162000
201410162312910,CHCL,29,28,82,1800,147600
201410162312814,CHCL,26,54,210,1802,378420
201410162312654,CHCL,29,51,155,1800,279000
201410162312609,CHCL,29,39,46,1801,82846
201410162312601,CHCL,29,14,90,1800,162000
201410162312595,CHCL,29,39,86,1800,154800
201410162312811,CIT,7,21,45,3100,139500
201410162312751,CIT,46,46,75,3110,233250
201410162313002,CZBIL,14,5,120,451,54120
201410162312873,CZBIL,28,28,63,454,28602
201410162312675,CZBIL,49,41,84,453,38052
201410162312636,CZBIL,41,59,63,454,28602
201410162312555,CZBILP,33,40,25501,135,3442635
201410162312933,EBL,26,57,100,1923,192300
201410162312931,EBL,26,39,21,1921,40341
201410162312733,EBL,1,39,20,1921,38420
201410162312856,EIC,28,52,16,940,15040
201410162312812,EIC,28,16,30,940,28200
201410162312533,FFCL,32,32,40,350,14000
201410162312963,GBBL,10,25,499,373,186127
201410162312884,GBBL,36,14,46,380,17480
201410162312883,GBBL,36,25,26,379,9854
201410162312882,GBBL,36,37,22,373,8206
201410162312874,GBBL,36,42,500,370,185000
201410162313005,GBIME,37,57,400,540,216000
201410162312927,GBIME,44,38,221,535,118235
201410162312905,GBIME,28,28,57,540,30780
201410162312836,GBIME,26,38,36,536,19296
201410162312760,GBIME,29,38,17,536,9112
201410162312745,GBIME,29,38,25,536,13400
201410162312586,GBIME,37,5,89,536,47704
201410162312574,GBIME,32,5,103,537,55311
201410162312891,GLICL,25,48,214,556,118984
201410162312819,GLICL,56,41,28,557,15596
201410162312806,GLICL,36,48,200,560,112000
201410162312805,GLICL,36,50,149,560,83440
201410162312804,GLICL,34,48,100,561,56100
201410162312797,GLICL,36,50,111,560,62160
201410162312678,GLICL,14,50,500,567,283500
201410162312756,GLICL,34,4,31,560,17360
201410162312683,GLICL,25,50,500,564,282000
201410162312682,GLICL,48,50,150,565,84750
201410162312681,GLICL,48,50,150,565,84750
201410162312680,GLICL,29,50,500,565,282500
201410162312679,GLICL,21,50,500,566,283000
201410162312940,GRAND,5,8,500,222,111000
201410162312934,GRAND,32,8,500,222,111000
201410162312928,GRAND,32,8,500,222,111000
201410162312915,GRAND,5,8,500,222,111000
201410162312510,GRAND,46,8,500,223,111500
201410162312509,GRAND,46,8,500,223,111500
201410162312958,HAMA,29,26,100,141,14100
201410162312922,HBDL,10,19,2000,97,194000
201410162312743,HBL,40,8,500,870,435000
201410162312744,HGI,21,43,170,532,90440
201410162312730,ICFC,54,44,41,295,12095
201410162312728,ICFC,58,44,300,290,87000
201410162312527,IDBL,48,1,11,176,1936
201410162312567,JBBL,36,21,50,173,8650
201410162312566,JBBL,36,21,170,173,29410
201410162312565,JBBL,36,21,30,173,5190
201410162312564,JBBL,36,21,170,173,29410
201410162312550,JBBL,57,13,230,170,39100
201410162312542,JBBL,57,26,110,170,18700
201410162312541,JBBL,57,26,270,170,45900
201410162312870,JBNL,29,38,20,274,5480
201410162312863,JBNL,29,38,33,274,9042
201410162312855,JBNL,29,38,48,274,13152
201410162312849,JBNL,8,41,163,272,44336
201410162312845,JBNL,8,52,172,271,46612
201410162312731,JBNL,40,52,137,271,37127
201410162312635,JBNL,49,11,500,270,135000
201410162312571,JBNL,17,17,38,273,10374
201410162312570,JBNL,17,17,38,273,10374
201410162312558,JBNL,17,17,38,273,10374
201410162312809,JEFL,49,51,300,172,51600
201410162312926,JFL,6,6,200,613,122600
201410162312762,JFL,39,17,51,623,31773
201410162313007,KBL,43,33,150,589,88350
201410162312990,KBL,32,53,300,587,176100
201410162312984,KBL,14,53,500,585,292500
201410162312981,KBL,21,45,850,585,497250
201410162312979,KBL,26,5,251,588,147588
201410162312953,KBL,13,45,160,588,94080
201410162312815,KBL,37,57,29,591,17139
201410162312796,KBL,32,56,500,585,292500
201410162312794,KBL,57,57,125,589,73625
201410162312763,KBL,5,29,140,588,82320
201410162312694,KBL,41,1,111,591,65601
201410162312646,KBL,26,57,500,587,293500
201410162312941,KBL,42,45,150,588,88200
201410162312902,KBL,19,33,72,590,42480
201410162312857,KBL,42,45,500,586,293000
201410162312854,KBL,6,6,1600,584,934400
201410162312840,KBL,53,13,51,590,30090
201410162312821,KBL,17,42,14,590,8260
201410162312877,KDBL,36,21,10,125,1250
201410162312737,KEBL,55,42,17,339,5763
201410162312623,KFL,14,19,78,137,10686
201410162312991,KRBL,55,38,10,206,2060
201410162312986,LBL,41,51,14,625,8750
201410162312875,LBL,57,48,367,617,226439
201410162312858,LBL,40,48,70,624,43680
201410162312835,LBL,43,49,265,621,164565
201410162312759,LBL,41,14,75,625,46875
201410162312539,LBL,38,38,256,623,159488
201410162312532,LBL,34,34,1000,619,619000
201410162312932,LGIL,50,51,404,430,173720
201410162312881,LGIL,10,39,15,430,6450
201410162312880,LGIL,10,39,15,430,6450
201410162312879,LGIL,11,39,15,431,6465
201410162312789,LGIL,43,43,49,432,21168
201410162312780,LGIL,21,43,100,433,43300
201410162312967,LICN,21,59,21,3401,71421
201410162312529,LUBL,32,41,103,336,34608
201410162312975,MBL,59,39,200,490,98000
201410162312912,MBL,36,50,728,486,353808
201410162312868,MBL,32,22,200,490,98000
201410162312800,MBL,39,7,264,490,129360
201410162312791,MBL,45,11,402,489,196578
201410162312790,MBL,40,7,300,490,147000
201410162312739,MBL,5,1,200,491,98200
201410162312666,MBL,22,22,35,492,17220
201410162312657,MBL,44,36,940,489,459660
201410162312652,MBL,44,16,565,488,275720
201410162312603,MBL,25,7,202,492,99384
201410162312693,MDB,41,11,48,475,22800
201410162312629,MDB,26,42,236,472,111392
201410162312612,MDB,37,21,86,468,40248
201410162312552,MDB,26,21,20,466,9320
201410162313003,MEGA,21,25,32,391,12512
201410162312974,MEGA,49,51,84,391,32844
201410162312948,MEGA,49,55,10,391,3910
201410162312945,MEGA,49,55,10,391,3910
201410162312943,MEGA,49,55,10,391,3910
201410162312936,MEGA,59,55,32,392,12544
201410162312748,MEGA,59,4,62,392,24304
201410162312695,METRO,25,25,63,336,21168
201410162312688,METRO,25,4,60,330,19800
201410162312606,METRO,25,5,26,327,8502
201410162312901,MLBBL,44,29,10,855,8550
201410162312900,MLBBL,44,29,10,855,8550
201410162312899,MLBBL,44,29,10,855,8550
201410162312898,MLBBL,44,29,10,855,8550
201410162312897,MLBBL,44,29,10,855,8550
201410162312896,MLBBL,44,29,10,855,8550
201410162312895,MLBBL,44,29,10,855,8550
201410162312894,MLBBL,44,29,10,855,8550
201410162312893,MLBBL,44,29,10,855,8550
201410162312892,MLBBL,44,29,10,855,8550
201410162313001,MMDBL,40,36,10,315,3150
201410162312983,MMDBL,5,26,23,320,7360
201410162312980,MMDBL,5,26,23,320,7360
201410162312972,MMDBL,5,26,23,320,7360
201410162312971,MMDBL,5,26,23,320,7360
201410162312965,MMDBL,5,26,23,320,7360
201410162312600,MMDBL,45,45,10,309,3090
201410162312596,MMDBL,45,45,10,309,3090
201410162312584,MMDBL,45,45,10,309,3090
201410162312572,MMDBL,45,45,10,309,3090
201410162312665,MMDBL,45,45,23,310,7130
201410162312653,MMDBL,45,45,23,310,7130
201410162312649,MMDBL,45,45,23,310,7130
201410162312645,MMDBL,45,45,23,310,7130
201410162312619,MMDBL,45,45,10,309,3090
201410162312607,MMDBL,45,45,10,309,3090
201410162312719,MMDBL,45,45,23,315,7245
201410162312698,MMDBL,45,45,23,310,7130
201410162312692,MMDBL,5,42,10,313,3130
201410162312691,MMDBL,45,45,23,310,7130
201410162312687,MMDBL,45,45,23,310,7130
201410162312667,MMDBL,45,45,23,310,7130
201410162312628,MNBBL,46,13,49,802,39298
201410162312599,MPFL,32,42,10,121,1210
201410162312598,MPFL,32,42,10,121,1210
201410162312987,NABIL,49,5,81,2350,190350
201410162312955,NABIL,49,57,43,2360,101480
201410162312951,NABIL,18,45,50,2369,118450
201410162312754,NABIL,57,4,195,2369,461955
201410162312738,NABIL,11,11,60,2360,141600
201410162312939,NABILP,33,33,960,1595,1531200
201410162312938,NABILP,33,38,500,1595,797500
201410162312832,NABILP,33,22,100,1590,159000
201410162312831,NABILP,33,6,100,1589,158900
201410162312906,NBB,50,25,205,580,118900
201410162312903,NBB,5,46,200,584,116800
201410162312889,NBB,50,47,500,582,291000
201410162312888,NBB,50,49,1000,580,580000
201410162312886,NBB,19,25,300,580,174000
201410162312876,NBB,1,25,500,580,290000
201410162312641,NBBL,26,29,11,1630,17930
201410162312640,NBBL,26,1,10,1620,16200
201410162312639,NBBL,26,6,20,1619,32380
201410162312618,NBBL,26,29,11,1605,17655
201410162312617,NBBL,50,29,11,1605,17655
201410162312616,NBBL,50,29,11,1605,17655
201410162312560,NBBL,29,29,11,1605,17655
201410162312559,NBBL,29,29,11,1605,17655
201410162312557,NBBL,29,29,11,1605,17655
201410162312556,NBBL,29,29,11,1605,17655
201410162312575,NBBL,29,29,11,1605,17655
201410162312569,NBBL,29,29,11,1605,17655
201410162312568,NBBL,29,29,11,1605,17655
201410162312563,NBBL,29,29,11,1605,17655
201410162312562,NBBL,29,29,11,1605,17655
201410162312561,NBBL,29,29,11,1605,17655
201410162312581,NBBL,29,29,11,1605,17655
201410162312580,NBBL,29,29,11,1605,17655
201410162312579,NBBL,29,29,11,1605,17655
201410162312578,NBBL,29,29,11,1605,17655
201410162312577,NBBL,29,29,11,1605,17655
201410162312576,NBBL,29,29,11,1605,17655
201410162312615,NBBL,50,29,11,1605,17655
201410162312610,NBBL,26,29,11,1605,17655
201410162312602,NBBL,50,5,10,1600,16000
201410162312597,NBBL,50,5,10,1600,16000
201410162312583,NBBL,29,29,11,1605,17655
201410162312582,NBBL,29,29,11,1605,17655
201410162312765,NBL,29,25,1000,390,390000
201410162312752,NBL,11,52,500,390,195000
201410162312697,NBL,56,56,2000,390,780000
201410162312978,NCCB,13,56,200,624,124800
201410162312872,NCCB,42,55,200,626,125200
201410162312871,NCCB,49,5,42,625,26250
201410162312852,NCCB,48,48,1000,623,623000
201410162312851,NCCB,42,5,42,625,26250
201410162312813,NCCB,11,5,42,625,26250
201410162312764,NCCB,32,48,110,626,68860
201410162312755,NCCB,32,48,100,626,62600
201410162312735,NCCB,17,48,38,627,23826
201410162312707,NCCB,13,48,50,627,31350
201410162312540,NCCB,19,48,50,633,31650
201410162312538,NCCB,56,48,100,630,63000
201410162312808,NCCB,50,5,42,625,26250
201410162312803,NCCB,32,48,40,626,25040
201410162312802,NCCB,48,5,336,624,209664
201410162312792,NCCB,32,48,40,626,25040
201410162312777,NCCB,13,48,30,627,18810
201410162312768,NCCB,32,48,110,626,68860
201410162312723,NGBL,14,59,140,310,43400
201410162312644,NGBL,55,43,60,314,18840
201410162312536,NGBL,29,39,10,315,3150
201410162312753,NHPC,51,10,500,144,72000
201410162312613,NIB,45,5,74,768,56832
201410162312551,NIB,8,5,95,770,73150
201410162312547,NIB,21,5,104,775,80600
201410162312860,NICA,28,28,20,796,15920
201410162312732,NICA,53,49,374,795,297330
201410162312703,NICA,55,55,60,796,47760
201410162312699,NICA,55,55,60,796,47760
201410162312593,NICA,55,55,60,796,47760
201410162312554,NICA,55,55,60,796,47760
201410162312520,NICA,43,17,30,805,24150
201410162312517,NICA,43,34,20,802,16040
201410162312716,NICL,43,41,25,451,11275
201410162312801,NIL,16,13,50,770,38500
201410162312952,NLBBL,45,47,120,1129,135480
201410162312914,NLBBL,35,1,200,1122,224400
201410162312904,NLBBL,35,1,300,1122,336600
201410162312820,NLBBL,17,47,100,1127,112700
201410162312758,NLBBL,19,26,20,1127,22540
201410162312706,NLBBL,35,29,250,1122,280500
201410162312770,NLG,26,33,216,815,176040
201410162312718,NLG,36,17,102,815,83130
201410162312715,NLG,36,29,34,814,27676
201410162312689,NLG,26,37,26,815,21190
201410162312686,NLG,26,32,24,814,19536
201410162312677,NLG,26,21,31,814,25234
201410162312676,NLG,26,40,12,816,9792
201410162312674,NLG,26,8,15,813,12195
201410162312526,NLG,26,45,98,800,78400
201410162312973,NLIC,34,34,172,4155,714660
201410162312818,NLIC,32,39,22,4151,91322
201410162312775,NLIC,32,36,70,4151,290570
201410162312769,NLIC,32,44,150,4170,625500
201410162313000,NLICL,26,33,110,2270,249700
201410162312966,NLICL,35,49,347,2270,787690
201410162312960,NLICL,14,49,200,2280,456000
201410162312959,NLICL,34,6,110,2290,251900
201410162312827,NLICL,59,49,500,2290,1145000
201410162312757,NLICL,54,54,119,2311,275009
201410162312696,NLICL,39,17,20,2325,46500
201410162312659,NLICL,57,54,32,2315,74080
201410162312648,NLICL,33,54,50,2320,116000
201410162312935,NNFC,58,58,721,265,191065
201410162312847,NNLB,22,14,10,750,7500
201410162312834,NNLB,22,14,10,750,7500
201410162312822,NNLB,22,14,10,750,7500
201410162312842,NTC,8,11,160,616,98560
201410162312810,NTC,40,17,100,616,61600
201410162312591,NTC,8,10,200,616,123200
201410162312864,NUBL,40,22,330,1445,476850
201410162312853,NUBL,40,17,60,1445,86700
201410162312530,NUBL,41,47,150,1449,217350
201410162312523,NUBL,40,47,80,1450,116000
201410162312850,PCBL,29,39,66,515,33990
201410162312848,PCBL,36,39,10,518,5180
201410162312817,PCBL,49,17,185,516,95460
201410162312736,PCBL,59,17,297,517,153549
201410162312700,PCBL,29,18,12,518,6216
201410162312594,PCBL,42,42,27,514,13878
201410162312508,PCBL,29,29,110,517,56870
201410162313008,PDBL,43,32,47,232,10904
201410162312655,PFC,13,43,155,280,43400
201410162312918,PFIL,25,40,500,154,77000
201410162312746,PFIL,45,39,330,157,51810
201410162312911,PLIC,45,49,300,1026,307800
201410162312878,PLIC,39,44,289,1022,295358
201410162312861,PLIC,29,29,81,1025,83025
201410162312798,PLIC,32,49,500,1025,512500
201410162312787,PLIC,28,49,1000,1020,1020000
201410162312717,PLIC,42,42,661,1029,680169
201410162312690,PLIC,26,44,194,1025,198850
201410162312671,PLIC,28,44,94,1027,96538
201410162312632,PLIC,28,44,298,1027,306046
201410162312625,PLIC,21,49,500,1023,511500
201410162312590,PLIC,21,26,93,1034,96162
201410162312548,PLIC,29,44,384,1029,395136
201410162312830,PRDBL,32,17,40,150,6000
201410162312778,PRDBL,32,29,10,150,1500
201410162312773,PRDBL,32,29,20,150,3000
201410162312766,PRDBL,32,29,10,150,1500
201410162312705,PRDBL,32,59,80,150,12000
201410162312622,PRDBL,32,42,10,150,1500
201410162312621,PRDBL,32,42,10,150,1500
201410162312909,REDBL,42,45,17,210,3570
201410162312585,REDBL,56,33,74,211,15614
201410162312995,RHPC,21,55,47,576,27072
201410162312920,RHPC,8,29,11,580,6380
201410162312919,RHPC,8,29,80,580,46400
201410162312721,RHPC,22,1,11,580,6380
201410162312712,RHPC,22,16,37,578,21386
201410162312626,SADBL,43,32,20,326,6520
201410162312996,SANIMA,16,5,105,492,51660
201410162312885,SANIMA,11,22,500,490,245000
201410162312828,SANIMA,25,6,24,495,11880
201410162312807,SANIMA,25,36,30,495,14850
201410162312781,SANIMA,21,6,29,500,14500
201410162312772,SANIMA,11,51,470,498,234060
201410162312771,SANIMA,11,22,500,498,249000
201410162312994,SBL,18,42,100,702,70200
201410162312964,SBL,3,50,810,701,567810
201410162312843,SBL,17,36,266,701,186466
201410162312747,SBL,50,50,143,701,100243
201410162312709,SBL,14,6,20,715,14300
201410162312660,SBL,57,5,38,705,26790
201410162312611,SBL,32,47,29,707,20503
201410162312866,SCB,49,59,126,2100,264600
201410162312837,SCB,49,41,226,2100,474600
201410162312779,SCB,56,51,30,2110,63300
201410162312776,SCB,25,41,200,2099,419800
201410162312749,SCB,57,57,300,2100,630000
201410162312942,SDBL,41,41,10,156,1560
201410162312929,SDBL,41,41,10,153,1530
201410162312917,SDBL,41,25,288,150,43200
201410162312916,SDBL,41,14,540,149,80460
201410162312714,SETI,32,59,66,180,11880
201410162312711,SETI,17,59,66,180,11880
201410162312988,SEWA,17,4,10,400,4000
201410162312867,SEWA,36,58,100,408,40800
201410162312846,SEWA,36,47,30,400,12000
201410162312839,SEWA,36,58,96,397,38112
201410162312838,SEWA,36,58,408,395,161160
201410162312761,SEWA,36,47,15,394,5910
201410162312592,SEWA,38,47,30,387,11610
201410162312549,SEWA,38,47,30,387,11610
201410162312726,SEWA,19,47,20,390,7800
201410162312656,SEWA,19,47,30,390,11700
201410162312642,SEWA,19,47,30,390,11700
201410162312638,SEWA,19,47,30,390,11700
201410162312627,SEWA,19,58,15,390,5850
201410162312604,SEWA,38,47,30,387,11610
201410162312957,SHINE,48,52,90,359,32310
201410162313004,SHPC,14,6,18,675,12150
201410162312950,SHPC,14,6,18,675,12150
201410162312907,SHPC,14,16,10,675,6750
201410162312608,SHPC,19,49,1000,675,675000
201410162312528,SHPC,28,56,267,678,181026
201410162312525,SHPC,28,56,148,678,100344
201410162312522,SHPC,45,45,18,675,12150
201410162312521,SHPC,45,45,18,675,12150
201410162312519,SHPC,45,45,18,675,12150
201410162312514,SHPC,45,45,18,675,12150
201410162312512,SHPC,45,45,18,675,12150
201410162312535,SICL,17,14,30,819,24570
201410162312531,SICL,21,21,300,810,243000
201410162312543,SICL,17,14,10,819,8190
201410162312865,SIL,59,39,13,810,10530
201410162312767,SIL,59,4,50,809,40450
201410162312708,SIL,26,4,500,805,402500
201410162312605,SKBBL,46,1,19,1395,26505
201410162312956,SLICL,49,21,42,668,28056
201410162312887,SLICL,25,6,448,660,295680
201410162312795,SLICL,13,33,180,669,120420
201410162312518,SLICL,25,43,251,666,167166
201410162312516,SLICL,18,18,30,668,20040
201410162312513,SLICL,18,18,30,668,20040
201410162312824,SRBL,45,18,99,388,38412
201410162312799,SRBL,36,43,135,384,51840
201410162312740,SRBL,32,58,217,386,83762
201410162312668,SRBL,33,1,81,393,31833
201410162312651,SRBL,18,58,25,393,9825
201410162312633,SRBL,21,26,500,387,193500
201410162312534,SRBL,59,59,78,384,29952
201410162312968,SWBBL,56,59,60,1800,108000
201410162312729,SWBBL,38,53,163,1800,293400
201410162312588,SWBBL,21,44,50,1815,90750
201410162312587,SWBBL,41,44,90,1816,163440
201410162312546,SWBBL,21,21,100,1800,180000
201410162312999,SYFL,56,51,179,94,16826
201410162312643,UFIL,6,20,10,151,1510
201410162312637,UFIL,6,20,10,151,1510
201410162312631,UFIL,6,20,10,151,1510
201410162312725,UIC,14,7,968,930,900240
201410162312720,UIC,14,17,12,930,11160
201410162312670,UIC,5,26,200,929,185800
201410162312669,UIC,5,21,200,928,185600
201410162312774,WDBL,55,41,150,218,32700
201410162312962,YETI,38,3,11,130,1430
201410162312961,YETI,38,56,20,129,2580
201410162312949,YETI,5,29,40,128,5120
201410162312947,YETI,5,13,11,128,1408
201410162312469,ACEDBL,50,57,500,295,147500
201410162312450,ADBL,46,41,50,511,25550
201410162312328,ADBL,41,19,30,511,15330
201410162312162,AIC,39,51,500,485,242500
201410162312148,AIC,25,17,500,480,240000
201410162312396,ALICL,45,35,55,1178,64790
201410162312365,ALICL,42,42,1000,1177,1177000
201410162312308,ALICL,26,26,218,1179,257022
201410162312266,ALICL,28,53,200,1179,235800
201410162312256,ALICL,25,48,100,1180,118000
201410162312180,ALICL,41,41,16,1180,18880
201410162312007,ALICL,1,54,100,1194,119400
201410162312158,ALICL,42,41,16,1180,18880
201410162312154,ALICL,28,59,360,1179,424440
201410162312149,ALICL,41,44,400,1180,472000
201410162312141,ALICL,28,47,16,1180,18880
201410162312125,ALICL,41,41,16,1181,18896
201410162312124,ALICL,49,48,606,1189,720534
201410162312456,APEX,33,42,20,125,2500
201410162312288,APEX,6,14,20,126,2520
201410162312280,APEX,33,54,40,125,5000
201410162312268,APEX,33,54,40,125,5000
201410162312228,ARDBL,46,17,21,152,3192
201410162312227,ARDBL,46,17,21,152,3192
201410162312226,ARDBL,46,17,21,152,3192
201410162312224,ARDBL,46,17,21,152,3192
201410162312223,ARDBL,46,17,21,152,3192
201410162312222,ARDBL,46,17,21,152,3192
201410162312221,ARDBL,46,17,21,152,3192
201410162312220,ARDBL,46,17,21,152,3192
201410162312189,ARDBL,46,16,31,150,4650
201410162312359,BLDBL,57,11,50,461,23050
201410162312354,CBL,7,8,94,291,27354
201410162312277,CBL,57,35,41,290,11890
201410162312259,CBL,7,35,57,291,16587
201410162312255,CBL,29,35,41,291,11931
201410162312207,CBL,28,57,1009,293,295637
201410162312190,CBL,28,13,135,295,39825
201410162312160,CBL,57,16,55,290,15950
201410162312009,CBL,53,16,14,295,4130
201410162312188,CBL,28,47,52,295,15340
201410162312184,CBL,28,47,52,295,15340
201410162312183,CBL,28,47,39,295,11505
201410162312181,CBL,28,7,72,294,21168
201410162312179,CBL,28,26,26,294,7644
201410162312166,CBL,53,16,14,290,4060
201410162312449,CCBL,13,58,31,285,8835
201410162312441,CCBL,13,41,91,285,25935
201410162312348,CCBL,26,26,40,286,11440
201410162312336,CCBL,32,10,38,285,10830
201410162312327,CCBL,17,10,38,285,10830
201410162312059,CCBL,50,41,40,286,11440
201410162312057,CCBL,50,41,40,286,11440
201410162312031,CCBL,50,42,10,286,2860
201410162312023,CCBL,35,26,1921,289,555169
201410162312022,CCBL,35,19,40,288,11520
201410162312316,CCBL,1,10,38,286,10868
201410162312114,CCBL,17,41,40,285,11400
201410162312104,CCBL,6,6,38,288,10944
201410162312074,CCBL,50,41,40,286,11440
201410162312067,CCBL,50,41,40,286,11440
201410162312243,CEDBL,17,19,312,244,76128
201410162312087,CEDBL,34,19,153,243,37179
201410162312485,CHCL,43,14,20,1800,36000
201410162312457,CHCL,50,17,22,1800,39600
201410162312453,CHCL,43,14,80,1800,144000
201410162312451,CHCL,21,14,40,1807,72280
201410162312446,CHCL,5,39,51,1800,91800
201410162312443,CHCL,5,14,200,1800,360000
201410162312421,CHCL,5,54,147,1800,264600
201410162312330,CHCL,46,14,100,1801,180100
201410162312060,CHCL,46,41,47,1805,84835
201410162312039,CHCL,54,16,300,1800,540000
201410162312315,CIT,41,14,99,3105,307395
201410162312122,CIT,41,21,16,3100,49600
201410162312119,CIT,41,21,20,3100,62000
201410162312102,CIT,7,54,100,3100,310000
201410162312420,CNDBL,45,8,20,168,3360
201410162312418,CNDBL,45,8,20,168,3360
201410162312416,CNDBL,45,8,20,168,3360
201410162312412,CNDBL,45,8,20,168,3360
201410162312185,CNDBL,45,16,20,168,3360
201410162312147,CNDBL,45,16,20,168,3360
201410162312140,CNDBL,45,16,20,168,3360
201410162312482,CZBIL,29,29,50,455,22750
201410162312319,CZBIL,45,45,45,455,20475
201410162312174,CZBIL,44,26,73,455,33215
201410162312120,CZBIL,17,41,21,455,9555
201410162312054,CZBIL,36,41,200,450,90000
201410162312247,CZBIL,44,41,63,455,28665
201410162312197,CZBIL,44,26,100,455,45500
201410162312196,CZBIL,44,26,200,455,91000
201410162312388,DDBL,17,58,30,1320,39600
201410162312017,EDBL,42,1,100,709,70900
201410162312065,EIC,17,25,33,940,31020
201410162312352,FFCL,32,32,16,346,5536
201410162312249,FFCL,32,32,150,340,51000
201410162312233,FFCL,40,32,40,341,13640
201410162312164,FFCL,40,32,50,335,16750
201410162312312,GBBL,1,39,300,366,109800
201410162312291,GBBL,34,39,200,367,73400
201410162312211,GBBL,39,39,11,364,4004
201410162312360,GBIME,41,38,88,545,47960
201410162312353,GBIME,45,38,25,545,13625
201410162312346,GBIME,53,38,36,546,19656
201410162312338,GBIME,37,38,221,540,119340
201410162312267,GBIME,45,45,110,545,59950
201410162312131,GBIME,45,42,120,545,65400
201410162312112,GBIME,32,36,257,550,141350
201410162312091,GBIME,45,14,73,551,40223
201410162312021,GBIME,45,36,109,552,60168
201410162312493,GLICL,38,45,41,567,23247
201410162312321,GLICL,25,50,1000,564,564000
201410162312248,GLICL,29,43,94,565,53110
201410162312042,GLICL,38,36,15,572,8580
201410162312034,GLICL,38,50,70,572,40040
201410162312460,GRAND,5,8,500,223,111500
201410162312440,GRAND,5,8,500,223,111500
201410162312297,GRAND,13,51,100,223,22300
201410162312295,GRAND,32,8,1000,223,223000
201410162312029,GRAND,17,8,500,223,111500
201410162312028,GRAND,17,48,1000,223,223000
201410162312101,GRAND,5,8,500,223,111500
201410162312078,GRAND,5,8,500,223,111500
201410162312030,GRAND,17,8,500,223,111500
201410162312257,GRAND,32,8,1000,223,223000
201410162312235,GRAND,32,8,1000,223,223000
201410162312231,GRAND,5,6,500,223,111500
201410162312410,HBDL,55,19,1000,98,98000
201410162312201,HBDL,10,36,1000,98,98000
201410162312118,HBDL,52,42,1000,98,98000
201410162312311,ICFC,22,57,67,285,19095
201410162312398,IDBL,56,1,11,173,1903
201410162312375,IDBL,44,1,11,170,1870
201410162312374,IDBL,44,1,11,170,1870
201410162312370,IDBL,44,1,11,170,1870
201410162312351,IDBL,17,17,22,170,3740
201410162312344,IDBL,17,17,22,170,3740
201410162312090,IDBL,22,45,11,174,1914
201410162312089,IDBL,22,26,11,174,1914
201410162312084,IDBL,22,26,11,174,1914
201410162312340,IDBL,17,17,22,170,3740
201410162312335,IDBL,17,1,11,170,1870
201410162312287,IDBL,17,1,11,170,1870
201410162312251,IDBL,17,58,20,170,3400
201410162312216,IDBL,43,16,22,173,3806
201410162312195,IDBL,43,1,11,176,1936
201410162312411,JBBL,13,21,30,169,5070
201410162312254,JBBL,13,13,70,172,12040
201410162312503,JBNL,55,40,33,276,9108
201410162312479,JBNL,46,16,23,275,6325
201410162312357,JBNL,49,57,1367,271,370457
201410162312490,KBL,22,21,14,591,8274
201410162312464,KBL,48,57,200,590,118000
201410162312432,KBL,58,36,104,590,61360
201410162312428,KBL,18,25,242,588,142296
201410162312426,KBL,13,21,500,587,293500
201410162312417,KBL,7,16,100,591,59100
201410162312066,KBL,52,25,47,589,27683
201410162312063,KBL,46,25,206,587,120922
201410162312010,KBL,52,13,500,588,294000
201410162312005,KBL,16,34,200,590,118000
201410162312317,KBL,29,32,55,590,32450
201410162312217,KBL,29,32,80,590,47200
201410162312146,KBL,45,32,61,590,35990
201410162312134,KBL,50,52,17,590,10030
201410162312110,KBL,5,57,552,585,322920
201410162312097,KBL,5,49,110,587,64570
201410162312269,KDBL,36,17,42,127,5334
201410162312419,KMCDB,34,19,10,650,6500
201410162312385,KMCDB,45,45,10,641,6410
201410162312382,KMCDB,45,45,10,641,6410
201410162312377,KMCDB,45,45,10,641,6410
201410162312116,KMCDB,22,17,10,647,6470
201410162312115,KMCDB,22,17,10,647,6470
201410162312372,KMCDB,45,45,10,641,6410
201410162312368,KMCDB,45,45,10,641,6410
201410162312495,LBL,34,13,1098,619,679662
201410162312491,LBL,41,36,347,620,215140
201410162312477,LBL,40,25,33,622,20526
201410162312437,LBL,22,17,50,623,31150
201410162312391,LBL,38,17,183,623,114009
201410162312061,LBL,3,1,17,630,10710
201410162312052,LBL,3,39,27,630,17010
201410162312142,LBL,41,38,500,620,310000
201410162312132,LBL,29,39,100,630,63000
201410162312082,LBL,36,41,500,620,310000
201410162312079,LBL,29,39,70,628,43960
201410162312075,LBL,38,34,300,624,187200
201410162312064,LBL,13,44,318,622,197796
201410162312300,LBL,38,48,10,635,6350
201410162312293,LBL,26,38,38,625,23750
201410162312260,LBL,46,45,150,625,93750
201410162312258,LBL,54,32,500,622,311000
201410162312204,LBL,49,48,129,624,80496
201410162312175,LBL,41,38,1000,620,620000
201410162312363,LBL,43,38,230,623,143290
201410162312322,LBL,26,48,146,623,90958
201410162312313,LBL,45,48,170,624,106080
201410162312303,LBL,45,48,30,624,18720
201410162312302,LBL,26,48,150,625,93750
201410162312301,LBL,46,48,10,625,6250
201410162312367,LGIL,53,50,200,435,87000
201410162312343,LGIL,43,39,15,443,6645
201410162312076,LICN,26,18,26,3450,89700
201410162312362,LUBL,16,41,37,342,12654
201410162312299,LUBL,32,13,928,340,315520
201410162312439,MBL,25,25,82,492,40344
201410162312387,MBL,40,48,170,490,83300
201410162312371,MBL,5,48,500,491,245500
201410162312364,MBL,22,48,100,492,49200
201410162312219,MBL,55,22,50,495,24750
201410162312012,MBL,55,58,200,495,99000
201410162312347,MDB,28,49,28,457,12796
201410162312337,MDB,28,49,28,457,12796
201410162312323,MDB,28,49,28,457,12796
201410162312121,MDBL,13,29,1000,170,170000
201410162312117,MDBL,13,36,88,170,14960
201410162312476,MEGA,59,58,10,392,3920
201410162312467,MEGA,59,50,32,392,12544
201410162312436,MEGA,59,44,28,391,10948
201410162312424,MEGA,59,16,19,390,7410
201410162312423,MEGA,59,16,10,390,3900
201410162312422,MEGA,59,16,10,390,3900
201410162312414,MEGA,59,8,32,389,12448
201410162312404,MEGA,59,8,32,389,12448
201410162312304,MEGA,38,10,29,386,11194
201410162312285,MEGA,52,10,28,386,10808
201410162312501,METRO,25,5,416,321,133536
201410162312380,METRO,14,50,34,315,10710
201410162312069,METRO,25,1,11,309,3399
201410162312484,MLBBL,44,48,10,840,8400
201410162312483,MLBBL,44,48,10,840,8400
201410162312475,MLBBL,45,45,10,835,8350
201410162312041,MMDBL,40,42,10,308,3080
201410162312478,MNBBL,5,11,18,802,14436
201410162312202,MNBBL,17,42,60,809,48540
201410162312165,MNBBL,18,13,49,802,39298
201410162312153,MNBBL,46,32,67,805,53935
201410162312496,MTBL,43,34,10,202,2020
201410162312480,MTBL,39,34,10,202,2020
201410162312444,MTBL,39,34,10,204,2040
201410162312413,MTBL,43,34,77,200,15400
201410162312389,MTBL,43,34,97,199,19303
201410162312350,NABIL,11,52,100,2345,234500
201410162312236,NABIL,43,43,234,2328,544752
201410162312452,NABILP,53,53,500,1590,795000
201410162312290,NABILP,33,26,100,1595,159500
201410162312186,NABILP,17,32,25,1605,40125
201410162312486,NBBL,50,1,31,1604,49724
201410162312230,NBBL,49,6,10,1619,16190
201410162312229,NBBL,49,6,20,1619,32380
201410162312173,NBBL,50,38,11,1600,17600
201410162312167,NBBL,50,38,11,1600,17600
201410162312161,NBBL,50,38,11,1600,17600
201410162312159,NBBL,50,38,11,1600,17600
201410162312155,NBBL,50,38,11,1600,17600
201410162312150,NBBL,50,38,11,1600,17600
201410162312395,NBF1,26,21,10000,14,140000
201410162312281,NBF1,13,41,1373,14,19085
201410162312283,NBL,1,16,2000,392,784000
201410162312111,NBL,13,46,210,399,83790
201410162312100,NBL,29,17,500,395,197500
201410162312099,NBL,1,17,500,396,198000
201410162312096,NBL,55,17,1000,395,395000
201410162312470,NCCB,37,53,40,635,25400
201410162312435,NCCB,21,55,200,625,125000
201410162312329,NCCB,28,48,46,633,29118
201410162312307,NCCB,22,55,300,626,187800
201410162312292,NCCB,21,55,740,625,462500
201410162312143,NCCB,5,48,100,630,63000
201410162312077,NCCB,41,48,100,630,63000
201410162312071,NCCB,22,48,100,630,63000
201410162312070,NCCB,22,48,100,630,63000
201410162312468,NIB,6,37,298,780,232440
201410162312049,NIB,45,17,27,795,21465
201410162312487,NICA,18,18,22,796,17512
201410162312402,NICA,44,59,21,805,16905
201410162312401,NICA,44,51,800,804,643200
201410162312400,NICA,39,18,120,803,96360
201410162312399,NICA,39,33,70,801,56070
201410162312393,NICA,44,40,100,800,80000
201410162312036,NICA,42,34,35,809,28315
201410162312019,NICA,42,52,110,809,88990
201410162312014,NICA,42,39,160,809,129440
201410162312282,NICA,53,35,15,800,12000
201410162312187,NICA,16,38,500,801,400500
201410162312127,NICA,39,6,10,802,8020
201410162312394,NIL,22,45,14,770,10780
201410162312438,NLBBL,5,47,300,1124,337200
201410162312342,NLBBL,5,47,300,1124,337200
201410162312073,NLG,36,36,43,800,34400
201410162312040,NLG,6,47,159,800,127200
201410162312379,NLIC,32,34,100,4180,418000
201410162312212,NLIC,8,8,653,4189,2735417
201410162312506,NLICL,14,53,200,2301,460200
201410162312481,NLICL,16,36,500,2300,1150000
201410162312473,NLICL,39,49,50,2330,116500
201410162312472,NLICL,28,49,50,2331,116550
201410162312471,NLICL,21,49,50,2331,116550
201410162312462,NLICL,21,21,200,2326,465200
201410162312053,NLICL,14,49,200,2330,466000
201410162312051,NLICL,54,49,100,2332,233200
201410162312048,NLICL,41,49,200,2330,466000
201410162312445,NLICL,21,16,10,2345,23450
201410162312383,NLICL,52,21,98,2326,227948
201410162312279,NLICL,49,49,100,2338,233800
201410162312250,NLICL,16,43,25,2343,58575
201410162312062,NLICL,16,44,356,2330,829480
201410162312055,NLICL,28,49,100,2331,233100
201410162312244,NLICLP,59,33,500,744,372000
201410162312240,NLICLP,59,33,500,730,365000
201410162312234,NLICLP,59,33,500,716,358000
201410162312504,NNLB,22,25,10,750,7500
201410162312298,NTC,38,25,350,616,215600
201410162312275,NTC,40,41,200,616,123200
201410162312043,NTC,40,40,200,616,123200
201410162312454,NUBL,40,45,120,1450,174000
201410162312253,NUBL,40,21,50,1450,72500
201410162312145,OHL,26,17,20,688,13760
201410162312144,OHL,26,17,100,688,68800
201410162312431,PADBL,16,16,10,358,3580
201410162312113,PADBL,25,57,100,352,35200
201410162312429,PCBL,56,36,50,517,25850
201410162312425,PCBL,56,18,53,516,27348
201410162312325,PCBL,17,28,11,512,5632
201410162312261,PCBL,29,18,12,515,6180
201410162312246,PCBL,59,45,143,514,73502
201410162312242,PCBL,44,45,548,511,280028
201410162312151,PCBL,26,26,26,518,13468
201410162312130,PCBL,44,29,520,515,267800
201410162312123,PCBL,44,48,500,518,259000
201410162312103,PCBL,33,41,38,515,19570
201410162312093,PCBL,59,14,266,514,136724
201410162312050,PFCL,22,58,100,142,14200
201410162312163,PFIL,45,29,545,160,87200
201410162312157,PFIL,45,39,96,160,15360
201410162312156,PFIL,45,42,10,160,1600
201410162312194,PIC,22,3,11,826,9086
201410162312494,PICL,14,56,75,450,33750
201410162312324,PICL,14,45,125,450,56250
201410162312286,PICL,22,33,323,450,145350
201410162312492,PLIC,43,43,13,1040,13520
201410162312465,PLIC,43,43,13,1028,13364
201410162312442,PLIC,21,49,180,1027,184860
201410162312434,PLIC,50,49,203,1026,208278
201410162312409,PLIC,21,33,400,1030,412000
201410162312381,PLIC,28,49,128,1028,131584
201410162312032,PLIC,21,29,81,1034,83754
201410162312027,PLIC,14,26,27,1035,27945
201410162312026,PLIC,14,33,500,1035,517500
201410162312376,PLIC,28,49,400,1027,410800
201410162312334,PLIC,19,33,100,1030,103000
201410162312314,PLIC,40,52,27,1037,27999
201410162312306,PLIC,20,16,40,1040,41600
201410162312198,PLIC,14,49,300,1033,309900
201410162312177,PLIC,28,44,500,1035,517500
201410162312199,PRDBL,39,16,30,153,4590
201410162312139,PRDBL,39,16,10,153,1530
201410162312448,PURBL,44,42,11,368,4048
201410162312310,PURBL,40,42,11,370,4070
201410162312474,RBS,6,17,126,4800,604800
201410162312278,REDBL,45,45,20,210,4200
201410162312264,REDBL,21,45,33,211,6963
201410162312206,REDBL,56,16,17,212,3604
201410162312035,REDBL,56,42,17,212,3604
201410162312433,RHPC,39,8,11,570,6270
201410162312430,RHPC,34,8,11,570,6270
201410162312407,RHPC,11,8,11,575,6325
201410162312406,RHPC,11,8,10,575,5750
201410162312405,RHPC,26,8,10,576,5760
201410162312349,RHPC,26,45,10,576,5760
201410162312108,RHPC,50,1,11,580,6380
201410162312107,RHPC,50,1,11,580,6380
201410162312106,RHPC,50,1,11,580,6380
201410162312105,RHPC,50,17,11,580,6380
201410162312098,RHPC,50,16,37,579,21423
201410162312373,RMDC,10,41,21,780,16380
201410162312369,RMDC,25,41,21,781,16401
201410162312345,RMDC,10,41,33,785,25905
201410162312339,RMDC,55,41,33,786,25938
201410162312333,RMDC,25,41,33,786,25938
201410162312390,SADBL,11,59,230,325,74750
201410162312305,SADBL,11,44,100,326,32600
201410162312262,SADBL,11,52,500,325,162500
201410162312225,SADBL,11,52,500,325,162500
201410162312205,SADBL,11,7,500,323,161500
201410162312168,SADBL,5,56,161,325,52325
201410162312080,SADBL,28,13,210,320,67200
201410162312058,SADBL,43,25,110,317,34870
201410162312056,SADBL,43,19,110,318,34980
201410162312038,SADBL,5,22,360,315,113400
201410162312137,SADBL,11,52,500,325,162500
201410162312136,SADBL,11,7,500,323,161500
201410162312128,SADBL,11,52,170,322,54740
201410162312086,SADBL,43,14,50,322,16100
201410162312085,SADBL,43,1,60,321,19260
201410162312081,SADBL,28,1,150,320,48000
201410162312252,SANIMA,11,40,100,505,50500
201410162312245,SANIMA,21,47,161,505,81305
201410162312238,SANIMA,21,47,500,500,250000
201410162312237,SANIMA,21,59,300,500,150000
201410162312109,SANIMA,11,47,500,500,250000
201410162312046,SANIMA,49,49,278,508,141224
201410162312024,SANIMA,28,13,525,499,261975
201410162312016,SANIMA,54,47,500,500,250000
201410162312192,SBBLJ,35,14,1000,569,569000
201410162312191,SBBLJ,35,18,500,565,282500
201410162312309,SBI,19,26,88,1009,88792
201410162312213,SBI,11,26,100,1000,100000
201410162312203,SBI,39,26,100,1005,100500
201410162312178,SBI,41,26,70,1010,70700
201410162312320,SBL,45,13,254,705,179070
201410162312296,SBL,42,52,24,710,17040
201410162312294,SBL,45,45,91,712,64792
201410162312276,SBL,38,29,200,710,142000
201410162312265,SBL,45,16,500,705,352500
201410162312193,SBL,57,39,12,711,8532
201410162312176,SBL,18,18,34,712,24208
201410162312152,SBL,57,29,20,711,14220
201410162312133,SBL,57,29,20,711,14220
201410162312033,SBL,35,50,75,716,53700
201410162312500,SCB,22,41,126,2092,263592
201410162312499,SCB,11,41,81,2100,170100
201410162312403,SCB,41,14,266,2100,558600
201410162312208,SDBL,26,19,500,148,74000
201410162312498,SEWA,38,56,30,387,11610
201410162312497,SEWA,58,58,52,388,20176
201410162312489,SEWA,58,58,52,388,20176
201410162312488,SEWA,58,58,52,388,20176
201410162312083,SEWA,7,37,500,393,196500
201410162312045,SEWA,8,58,15,390,5850
201410162312044,SEWA,8,41,30,389,11670
201410162312013,SHINE,32,44,710,352,249920
201410162312214,SHL,44,49,1000,600,600000
201410162312210,SHL,44,49,1000,600,600000
201410162312505,SHPC,45,45,18,675,12150
201410162312463,SHPC,29,22,126,678,85428
201410162312459,SHPC,29,58,18,675,12150
201410162312458,SHPC,29,58,18,675,12150
201410162312241,SHPC,19,49,1000,670,670000
201410162312232,SHPC,11,10,178,670,119260
201410162312218,SHPC,29,5,18,671,12078
201410162312182,SHPC,55,55,383,677,259291
201410162312072,SHPC,28,29,267,675,180225
201410162312135,SICL,36,47,100,815,81500
201410162312392,SIL,36,39,13,813,10569
201410162312386,SIL,36,39,13,813,10569
201410162312384,SIL,26,17,500,810,405000
201410162312378,SIL,36,39,26,813,21138
201410162312356,SIL,26,41,75,810,60750
201410162312355,SIL,26,21,200,810,162000
201410162312129,SIL,36,6,198,814,161172
201410162312502,SKBBL,11,10,190,1390,264100
201410162312037,SKBBL,21,53,248,1405,348440
201410162312507,SLICL,18,18,30,668,20040
201410162312332,SLICL,26,59,200,674,134800
201410162312331,SLICL,26,18,180,673,121140
201410162312172,SLICL,50,8,500,670,335000
201410162312171,SLICL,48,8,100,670,67000
201410162312170,SLICL,54,8,200,671,134200
201410162312169,SLICL,25,8,500,672,336000
201410162312138,SLICL,25,42,200,677,135400
201410162312126,SLICL,25,59,500,676,338000
201410162312011,SLICL,25,59,300,676,202800
201410162312006,SLICL,20,59,500,675,337500
201410162312020,SMFDB,26,17,19,1010,19190
201410162312018,SMFDB,26,17,19,1010,19190
201410162312015,SMFDB,26,17,19,1010,19190
201410162312008,SMFDB,26,17,19,1010,19190
201410162312239,SRBL,17,52,262,388,101656
201410162312215,SRBL,44,16,14,385,5390
201410162312095,SRBL,44,58,25,386,9650
201410162312092,SRBL,44,58,42,386,16212
201410162312088,SRBL,44,25,68,385,26180
201410162312447,SUPRME,45,45,10,173,1730
201410162312361,SUPRME,41,42,10,170,1700
201410162312200,SUPRME,32,42,750,167,125250
201410162312047,SWBBL,29,14,152,1800,273600
201410162312466,SYFL,17,54,372,93,34596
201410162312094,SYFL,17,42,888,94,83472
201410162312427,TRH,54,21,1000,271,271000
201410162312326,UFCL,8,8,59,141,8319
201410162312318,UFCL,8,11,59,143,8437
201410162312366,UFIL,6,42,20,153,3060
201410162312289,UFIL,6,16,20,156,3120
201410162312068,UIC,43,7,320,920,294400
201410162312341,VBBL,20,45,90,127,11430
201410162312284,VBBL,20,50,80,127,10160
201410162312271,VBBL,48,48,20,127,2540
201410162312270,VBBL,48,48,20,127,2540
201410162312025,WDBL,41,42,36,218,7848
201410162312461,YETI,45,45,11,128,1408
201410162312358,YETI,5,42,11,127,1397
201410162312274,YETI,21,25,40,128,5120
201410162312273,YETI,21,25,40,128,5120
201410162312272,YETI,21,25,40,127,5080
201410162312263,YETI,21,25,41,127,5207
201410162312209,YETI,5,45,30,125,3750
201410162311889,ADBL,41,40,30,511,15330
201410162311856,ADBL,43,37,90,515,46350
201410162311752,ALDBL,22,26,20,230,4600
201410162311746,ALDBL,41,26,40,230,9200
201410162311987,ALICL,45,45,74,1193,88282
201410162311975,ALICL,45,36,584,1190,694960
201410162311897,ALICL,14,21,294,1193,350742
201410162311892,ALICL,14,22,40,1180,47200
201410162311887,ALICL,14,50,973,1185,1153005
201410162311884,ALICL,48,48,90,1177,105930
201410162311543,ALICL,20,55,43,1180,50740
201410162311919,APEX,14,16,30,125,3750
201410162311918,APEX,14,41,20,125,2500
201410162311917,APEX,14,41,20,125,2500
201410162311916,APEX,14,41,20,125,2500
201410162311915,APEX,14,41,20,125,2500
201410162311553,APEX,43,26,206,122,25132
201410162311562,APEX,10,41,20,125,2500
201410162311559,APEX,10,16,22,124,2728
201410162311914,APEX,14,41,20,125,2500
201410162311942,ARDBL,32,17,21,152,3192
201410162311932,ARDBL,4,17,21,152,3192
201410162311834,ARDBL,46,11,40,150,6000
201410162311833,ARDBL,46,11,40,150,6000
201410162311831,ARDBL,4,11,40,152,6080
201410162311830,ARDBL,4,17,45,154,6930
201410162311822,ARDBL,4,21,21,153,3213
201410162311801,ARDBL,4,17,21,152,3192
201410162311795,ARDBL,4,17,21,152,3192
201410162311792,ARDBL,4,17,21,152,3192
201410162311787,ARDBL,4,17,21,152,3192
201410162311758,ARDBL,4,17,21,152,3192
201410162311778,BGDBL,39,10,100,163,16300
201410162311995,BLDBL,57,57,38,460,17480
201410162311764,BLDBL,58,11,92,455,41860
201410162311651,BPCL,11,29,200,678,135600
201410162311585,BSBL,21,50,58,285,16530
201410162311569,BUDBL,59,50,200,200,40000
201410162312000,CBL,53,16,14,295,4130
201410162311993,CBL,53,47,57,294,16758
201410162311986,CBL,53,26,182,293,53326
201410162311980,CBL,53,46,399,292,116508
201410162311974,CBL,53,47,52,292,15184
201410162311959,CBL,53,43,57,291,16587
201410162311737,CBL,51,28,55,287,15785
201410162311622,CBL,56,10,516,290,149640
201410162311571,CBL,56,50,58,290,16820
201410162311568,CBL,7,55,135,286,38610
201410162311958,CCBL,7,7,306,288,88128
201410162311951,CCBL,7,19,40,288,11520
201410162311938,CCBL,7,36,45,287,12915
201410162311906,CCBL,50,40,39,286,11154
201410162311842,CCBL,25,39,91,286,26026
201410162311751,CCBL,41,7,306,289,88434
201410162311523,CCBL,28,28,24,287,6888
201410162311750,CCBL,41,49,40,288,11520
201410162311749,CCBL,41,49,40,288,11520
201410162311748,CCBL,41,49,40,288,11520
201410162311678,CCBL,38,21,31,287,8897
201410162311611,CCBL,38,33,32,287,9184
201410162311552,CCBL,28,28,24,289,6936
201410162311707,CDBL,55,58,15,375,5625
201410162311742,CEDBL,21,19,91,241,21931
201410162311706,CEDBL,21,19,240,241,57840
201410162311566,CEDBL,7,19,290,241,69890
201410162311535,CEDBL,43,25,36,241,8676
201410162311981,CHCL,29,56,95,1815,172425
201410162311891,CHCL,50,10,500,1805,902500
201410162311576,CHCL,29,11,150,1815,272250
201410162311570,CHCL,29,16,274,1814,497036
201410162311873,CIT,44,54,100,3100,310000
201410162311863,CIT,35,50,193,3110,600230
201410162311637,CZBIL,36,1,194,450,87300
201410162311829,EBL,16,51,100,1925,192500
201410162311740,EDBL,1,1,100,708,70800
201410162311781,EIC,1,25,33,922,30426
201410162311582,FFCL,43,32,215,329,70735
201410162311896,GBBL,49,29,334,360,120240
201410162311743,GBBL,49,49,2000,367,734000
201410162311900,GBIME,41,54,45,551,24795
201410162311888,GBIME,3,54,45,555,24975
201410162311851,GBIME,32,26,500,553,276500
201410162311850,GBIME,32,19,500,551,275500
201410162311849,GBIME,32,26,500,550,275000
201410162311839,GBIME,3,52,200,554,110800
201410162311790,GBIME,28,36,35,552,19320
201410162311745,GBIME,34,52,400,549,219600
201410162311676,GBIME,52,52,500,549,274500
201410162311673,GBIME,48,59,88,550,48400
201410162311578,GBIME,36,26,500,545,272500
201410162311808,GLICL,36,26,500,575,287500
201410162311807,GLICL,36,25,100,576,57600
201410162311806,GLICL,36,1,100,571,57100
201410162311805,GLICL,36,39,150,570,85500
201410162311804,GLICL,36,8,31,570,17670
201410162311803,GLICL,36,8,28,568,15904
201410162311784,GLICL,22,6,626,565,353690
201410162311699,GLICL,36,41,14,560,7840
201410162311695,GLICL,36,41,14,560,7840
201410162311691,GLICL,34,41,14,560,7840
201410162311561,GLICL,36,8,58,565,32770
201410162311522,GLICL,36,26,125,560,70000
201410162311934,GRAND,5,8,500,223,111500
201410162311901,GRAND,43,8,500,223,111500
201410162311893,GRAND,5,8,500,223,111500
201410162311875,GRAND,5,8,500,223,111500
201410162311843,GRAND,37,8,500,223,111500
201410162311798,GRAND,46,8,500,223,111500
201410162311591,GRAND,1,8,500,222,111000
201410162311574,GRAND,32,8,500,222,111000
201410162311697,GRAND,51,8,500,223,111500
201410162311671,GRAND,43,8,500,222,111000
201410162311669,GRAND,43,8,500,223,111500
201410162311656,GRAND,26,8,500,222,111000
201410162311648,GRAND,5,44,345,223,76935
201410162311641,GRAND,5,8,500,222,111000
201410162311797,GRAND,46,8,500,223,111500
201410162311777,GRAND,17,8,500,223,111500
201410162311776,GRAND,17,8,500,223,111500
201410162311775,GRAND,17,14,1000,223,223000
201410162311774,GRAND,17,19,1000,223,223000
201410162311767,GRAND,43,8,500,223,111500
201410162311556,HAMA,52,50,50,139,6950
201410162311824,HBL,45,47,40,885,35400
201410162311799,HBL,11,47,99,880,87120
201410162311793,ICFC,22,22,100,290,29000
201410162311657,IDBL,46,51,224,177,39648
201410162311557,IDBL,48,57,20,180,3600
201410162311708,JBBL,41,13,360,175,63000
201410162311684,JBBL,41,11,110,175,19250
201410162311546,JBBL,41,43,100,175,17500
201410162311545,JBBL,41,25,30,174,5220
201410162311990,JBNL,5,11,72,276,19872
201410162311866,JBNL,59,40,37,275,10175
201410162311773,JBNL,41,59,420,275,115500
201410162311765,JBNL,41,38,64,275,17600
201410162311741,JBNL,28,59,33,274,9042
201410162311703,JBNL,59,59,33,274,9042
201410162311560,JBNL,59,59,33,272,8976
201410162311538,JBNL,59,59,33,272,8976
201410162311496,JBNL,59,59,33,272,8976
201410162311692,JBNL,59,59,33,274,9042
201410162311672,JBNL,59,59,17,275,4675
201410162311612,JBNL,46,51,69,273,18837
201410162311602,JBNL,20,54,540,270,145800
201410162311595,JBNL,46,59,50,272,13600
201410162311567,JBNL,59,59,70,271,18970
201410162311800,KADBL,59,16,151,353,53303
201410162311983,KBBL,18,25,200,415,83000
201410162311997,KBL,16,16,23,595,13685
201410162311996,KBL,54,14,1000,587,587000
201410162311979,KBL,16,16,100,591,59100
201410162311971,KBL,45,52,124,590,73160
201410162311904,KBL,58,32,52,591,30732
201410162311871,KBL,16,48,200,590,118000
201410162311624,KBL,32,48,100,594,59400
201410162311616,KBL,39,57,556,590,328040
201410162311592,KBL,52,49,583,592,345136
201410162311630,KBL,13,48,100,591,59100
201410162311629,KBL,59,48,300,592,177600
201410162311628,KBL,59,48,300,592,177600
201410162311627,KBL,14,48,50,592,29600
201410162311626,KBL,37,48,200,593,118600
201410162311625,KBL,45,48,50,593,29650
201410162311636,KBL,17,48,100,590,59000
201410162311635,KBL,29,48,200,590,118000
201410162311634,KBL,47,48,200,590,118000
201410162311633,KBL,28,48,100,590,59000
201410162311632,KBL,28,48,200,590,118000
201410162311631,KBL,19,48,500,591,295500
201410162311768,KBL,29,45,466,590,274940
201410162311761,KBL,35,1,1000,589,589000
201410162311754,KBL,28,38,72,590,42480
201410162311711,KBL,17,57,315,591,186165
201410162311709,KBL,17,59,98,595,58310
201410162311670,KBL,1,45,107,591,63237
201410162311785,KBL,45,45,123,590,72570
201410162311783,KBL,45,45,140,590,82600
201410162311782,KBL,45,45,200,590,118000
201410162311779,KBL,10,7,500,590,295000
201410162311772,KBL,16,59,78,595,46410
201410162311769,KBL,1,45,500,590,295000
201410162311870,KBL,28,48,150,590,88500
201410162311869,KBL,32,48,100,590,59000
201410162311868,KBL,32,48,200,591,118200
201410162311867,KBL,17,48,50,594,29700
201410162311846,KBL,16,34,800,590,472000
201410162311828,KBL,16,57,500,589,294500
201410162311531,KDBL,5,11,30,129,3870
201410162311502,KEBL,29,16,13,345,4485
201410162312001,KMCDB,44,50,10,636,6360
201410162311832,KMCDB,34,26,10,635,6350
201410162311826,KMCDB,34,26,10,635,6350
201410162311819,KMCDB,34,26,10,635,6350
201410162311812,KMCDB,34,26,10,635,6350
201410162311841,KMCDB,34,26,10,635,6350
201410162311837,KMCDB,34,26,10,635,6350
201410162311835,KMCDB,34,26,10,635,6350
201410162311818,KRBL,41,16,20,210,4200
201410162311817,KRBL,41,16,20,210,4200
201410162311816,KRBL,41,28,10,206,2060
201410162311994,LBL,6,49,377,622,234494
201410162311978,LBL,43,54,500,620,310000
201410162311923,LBL,19,54,180,621,111780
201410162311913,LBL,17,14,480,622,298560
201410162311902,LBL,3,14,22,630,13860
201410162311894,LBL,16,45,500,620,310000
201410162311514,LBL,13,44,60,615,36900
201410162311513,LBL,13,44,120,614,73680
201410162311512,LBL,16,44,68,610,41480
201410162311504,LBL,20,44,60,613,36780
201410162311498,LBL,21,44,142,612,86904
201410162311497,LBL,1,45,480,615,295200
201410162311597,LBL,29,17,238,618,147084
201410162311588,LBL,34,47,300,617,185100
201410162311577,LBL,52,59,200,615,123000
201410162311516,LBL,14,44,71,616,43736
201410162311515,LBL,14,37,300,616,184800
201410162311700,LBL,35,6,50,628,31400
201410162311687,LBL,29,44,142,627,89034
201410162311682,LBL,17,57,500,626,313000
201410162311681,LBL,17,45,500,624,312000
201410162311601,LBL,16,6,100,620,62000
201410162311600,LBL,16,48,500,619,309500
201410162311876,LBL,29,36,75,621,46575
201410162311854,LBL,17,17,400,622,248800
201410162311853,LBL,47,40,96,625,60000
201410162311811,LBL,17,37,200,625,125000
201410162311791,LBL,41,49,100,628,62800
201410162311780,LBL,1,49,100,626,62600
201410162311840,LGIL,14,45,245,435,106575
201410162311658,LGIL,43,17,66,431,28446
201410162311654,LGIL,21,17,99,432,42768
201410162311928,LICN,21,22,26,3450,89700
201410162311927,LICN,21,1,10,3442,34420
201410162311685,LICN,48,55,10,3435,34350
201410162311985,MBL,55,26,100,495,49500
201410162311955,MBL,36,6,64,494,31616
201410162311954,MBL,36,25,100,494,49400
201410162311947,MBL,35,35,592,493,291856
201410162311926,MBL,58,58,14,493,6902
201410162311759,MBL,5,44,208,491,102128
201410162311677,MBL,36,22,100,494,49400
201410162311614,MBL,36,44,312,490,152880
201410162311599,MBL,45,44,540,489,264060
201410162311583,MDB,26,28,71,463,32873
201410162311899,MEGA,6,10,532,390,207480
201410162311890,MEGA,6,5,10,390,3900
201410162311878,MEGA,6,5,487,389,189443
201410162311640,MEGA,43,43,219,383,83877
201410162311590,MEGA,41,17,19,390,7410
201410162311701,METRO,57,33,132,303,39996
201410162311847,MLBBL,45,45,10,840,8400
201410162311999,MNBBL,46,34,60,801,48060
201410162311683,MNBBL,41,41,200,800,160000
201410162311563,MNBBL,21,21,14,797,11158
201410162311547,MNBBL,21,21,14,791,11074
201410162311541,MNBBL,46,26,500,795,397500
201410162311533,MNBBL,21,21,14,791,11074
201410162311526,MNBBL,21,21,14,791,11074
201410162311511,MNBBL,21,21,14,790,11060
201410162311499,MNBBL,21,21,14,790,11060
201410162311730,MPFL,4,4,10,123,1230
201410162311729,MPFL,4,4,10,123,1230
201410162311728,MPFL,4,4,10,123,1230
201410162311727,MPFL,4,4,10,123,1230
201410162311726,MPFL,4,4,10,123,1230
201410162311725,MPFL,4,4,10,123,1230
201410162311718,MPFL,4,4,10,123,1230
201410162311717,MPFL,4,4,10,123,1230
201410162311716,MPFL,4,4,10,123,1230
201410162311715,MPFL,4,4,10,123,1230
201410162311714,MPFL,4,4,10,123,1230
201410162311713,MPFL,4,4,10,123,1230
201410162311724,MPFL,4,4,10,123,1230
201410162311723,MPFL,4,4,10,123,1230
201410162311722,MPFL,4,4,10,123,1230
201410162311721,MPFL,4,4,10,123,1230
201410162311720,MPFL,4,4,10,123,1230
201410162311719,MPFL,4,4,10,123,1230
201410162311668,MTBL,50,50,97,200,19400
201410162311988,NABIL,3,17,85,2375,201875
201410162311946,NABIL,3,49,192,2370,455040
201410162311802,NABIL,13,10,199,2370,471630
201410162311620,NABIL,3,36,35,2350,82250
201410162311935,NABILP,4,28,200,1575,315000
201410162311956,NBB,25,41,100,580,58000
201410162311587,NBB,26,54,500,575,287500
201410162311861,NBBL,45,45,10,1600,16000
201410162311860,NBBL,45,45,10,1600,16000
201410162311607,NBL,13,17,500,399,199500
201410162311606,NBL,45,17,500,400,200000
201410162311593,NBL,29,10,1000,395,395000
201410162311883,NCCB,6,48,50,629,31450
201410162311880,NCCB,6,48,100,629,62900
201410162311825,NCCB,6,45,100,629,62900
201410162311815,NCCB,6,45,100,629,62900
201410162311664,NCCB,5,14,84,630,52920
201410162311647,NCCB,50,26,200,625,125000
201410162311643,NCCB,32,26,500,625,312500
201410162311639,NCCB,32,33,2100,626,1314600
201410162311619,NGBL,26,43,20,309,6180
201410162311941,NICA,42,26,150,809,121350
201410162311911,NICA,53,49,266,809,215194
201410162311910,NICA,53,36,110,809,88990
201410162311909,NICA,53,26,100,808,80800
201410162311908,NICA,53,26,300,807,242100
201410162311575,NICA,43,43,50,791,39550
201410162311555,NICA,8,32,20,803,16060
201410162311525,NICA,8,16,20,800,16000
201410162311820,NICA,44,11,50,805,40250
201410162311655,NICA,44,49,1000,805,805000
201410162311649,NICA,44,46,81,805,65205
201410162311645,NICA,44,38,30,804,24120
201410162311642,NICA,8,38,10,801,8010
201410162311615,NICA,53,21,135,800,108000
201410162311852,NIL,26,56,1335,770,1027950
201410162311827,NIL,17,56,1079,770,830830
201410162311813,NIL,48,35,677,770,521290
201410162311521,NIL,22,56,253,769,194557
201410162311618,NIL,17,29,220,770,169400
201410162311617,NIL,17,59,41,755,30955
201410162311613,NIL,42,56,952,770,733040
201410162311584,NIL,6,39,200,769,153800
201410162311540,NIL,17,56,541,770,416570
201410162311537,NIL,17,48,27,769,20763
201410162311739,NIL,48,56,992,770,763840
201410162311710,NIL,55,35,214,769,164566
201410162311694,NIL,42,35,133,770,102410
201410162311650,NIL,55,36,208,770,160160
201410162311644,NIL,55,36,27,770,20790
201410162311638,NIL,43,59,41,770,31570
201410162311862,NLBBL,35,29,370,1120,414400
201410162311838,NLBBL,35,29,500,1120,560000
201410162311705,NLBBL,17,29,250,1130,282500
201410162311679,NLBBL,40,29,408,1135,463080
201410162311653,NLBBL,37,47,100,1147,114700
201410162311581,NLBBL,40,47,500,1140,570000
201410162311573,NLBBL,40,55,50,1125,56250
201410162311972,NLG,21,41,13,790,10270
201410162311698,NLG,26,54,323,800,258400
201410162311572,NLG,17,11,19,800,15200
201410162311510,NLG,17,50,26,800,20800
201410162311733,NLIC,32,42,85,4200,357000
201410162311732,NLIC,32,44,100,4180,418000
201410162311712,NLIC,45,45,14,4100,57400
201410162311693,NLIC,32,17,200,4140,828000
201410162312003,NLICL,14,21,112,2345,262640
201410162311877,NLICL,16,49,200,2343,468600
201410162311874,NLICL,16,26,270,2340,631800
201410162311857,NLICL,41,54,100,2335,233500
201410162311855,NLICL,41,25,71,2330,165430
201410162311702,NLICL,21,14,40,2345,93800
201410162311663,NLICL,16,6,298,2320,691360
201410162311652,NLICL,1,55,33,2340,77220
201410162311621,NLICL,39,39,81,2325,188325
201410162311530,NLICL,42,14,240,2320,556800
201410162311509,NLICL,57,55,50,2319,115950
201410162311564,NNFC,5,11,200,270,54000
201410162311579,NNLB,55,44,10,750,7500
201410162311920,NUBL,40,11,31,1450,44950
201410162311872,NUBL,40,11,25,1450,36250
201410162311864,NUBL,40,11,20,1450,29000
201410162311744,OHL,16,21,140,675,94500
201410162311984,PCBL,35,32,221,519,114699
201410162311982,PCBL,56,41,14,515,7210
201410162311929,PCBL,1,18,101,517,52217
201410162311760,PCBL,22,5,49,520,25480
201410162311952,PFIL,45,39,100,157,15700
201410162311609,PFIL,25,59,400,154,61600
201410162311680,PIC,55,3,13,810,10530
201410162311786,PICL,53,53,763,445,339535
201410162311770,PICL,39,25,110,454,49940
201410162311736,PICL,22,42,250,446,111500
201410162311735,PICL,22,25,30,446,13380
201410162311991,PLIC,1,26,100,1034,103400
201410162311953,PLIC,14,59,300,1030,309000
201410162311905,PLIC,14,17,500,1030,515000
201410162311814,PLIC,1,21,13,1032,13416
201410162311809,PLIC,38,21,300,1030,309000
201410162311686,PLIC,45,51,81,1035,83835
201410162311608,PLIC,28,33,500,1035,517500
201410162311596,PLIC,45,59,300,1035,310500
201410162311594,PLIC,53,26,200,1034,206800
201410162311534,PLIC,40,26,12,1040,12480
201410162312004,PRDBL,39,35,10,153,1530
201410162312002,PRDBL,39,35,10,153,1530
201410162311907,PRDBL,39,44,40,153,6120
201410162311549,PURBL,1,1,264,375,99000
201410162311532,PURBL,1,17,11,372,4092
201410162311589,REDBL,56,50,89,215,19135
201410162311973,RHPC,16,16,11,578,6358
201410162311945,RHPC,16,16,11,578,6358
201410162311921,RHPC,16,16,11,578,6358
201410162311895,RHPC,19,17,11,580,6380
201410162311885,RHPC,19,17,11,580,6380
201410162311865,RHPC,16,16,11,579,6369
201410162311756,RHPC,45,45,11,578,6358
201410162311755,RHPC,45,45,11,578,6358
201410162311845,RHPC,16,17,11,580,6380
201410162311844,RHPC,16,17,10,579,5790
201410162311821,RHPC,44,59,11,575,6325
201410162311796,RHPC,16,17,11,579,6369
201410162311763,RHPC,45,45,10,578,5780
201410162311762,RHPC,45,45,10,578,5780
201410162311623,RMDC,25,55,33,790,26070
201410162311554,RMDC,25,44,500,805,402500
201410162311848,SADBL,45,14,210,316,66360
201410162311757,SADBL,43,1,150,315,47250
201410162311912,SANIMA,54,18,487,500,243500
201410162311992,SBL,35,52,200,716,143200
201410162311957,SBL,59,16,500,712,356000
201410162311948,SBL,59,14,38,710,26980
201410162311937,SBL,32,47,270,707,190890
201410162311936,SBL,59,45,84,710,59640
201410162311930,SBL,59,45,38,710,26980
201410162311886,SBL,38,50,56,710,39760
201410162311836,SBL,19,5,105,711,74655
201410162311810,SBL,59,48,200,715,143000
201410162311610,SBL,41,22,50,718,35900
201410162311766,SCB,22,32,130,2110,274300
201410162311903,SEWA,41,47,15,389,5835
201410162311898,SEWA,41,17,30,389,11670
201410162311939,SHINE,14,36,634,349,221266
201410162311931,SHINE,11,44,500,350,175000
201410162311922,SHINE,1,44,500,351,175500
201410162311771,SHINE,1,19,33,351,11583
201410162311580,SHINE,45,36,878,351,308178
201410162311565,SHL,35,13,1000,599,599000
201410162311976,SHPC,14,49,500,675,337500
201410162311950,SHPC,19,7,18,678,12204
201410162311738,SHPC,5,5,18,670,12060
201410162311598,SIC,7,17,64,1141,73024
201410162311989,SICL,56,21,200,815,163000
201410162311586,SICL,36,36,50,803,40150
201410162311944,SIL,26,16,312,815,254280
201410162311943,SIL,26,26,460,814,374440
201410162311605,SIL,59,17,300,815,244500
201410162311998,SLICL,20,43,100,675,67500
201410162311879,SLICL,56,18,345,672,231840
201410162311859,SLICL,13,41,247,675,166725
201410162311858,SLICL,13,36,140,674,94360
201410162311794,SLICL,16,42,45,677,30465
201410162311789,SLICL,16,52,120,677,81240
201410162311507,SLICL,36,36,34,671,22814
201410162311505,SLICL,36,36,34,671,22814
201410162311503,SLICL,36,36,34,671,22814
201410162311501,SLICL,36,36,34,671,22814
201410162311527,SLICL,36,36,34,671,22814
201410162311524,SLICL,36,36,34,671,22814
201410162311520,SLICL,36,36,34,671,22814
201410162311518,SLICL,36,36,34,671,22814
201410162311517,SLICL,36,36,34,671,22814
201410162311508,SLICL,36,36,34,671,22814
201410162311551,SLICL,36,8,200,675,135000
201410162311550,SLICL,36,26,122,674,82228
201410162311544,SLICL,34,8,42,670,28140
201410162311539,SLICL,34,8,50,670,33500
201410162311536,SLICL,36,36,34,671,22814
201410162311528,SLICL,36,36,34,671,22814
201410162311788,SLICL,16,59,500,677,338500
201410162311747,SLICL,56,33,200,675,135000
201410162311704,SLICL,13,59,300,675,202500
201410162311662,SLICL,22,22,131,675,88425
201410162311604,SLICL,36,59,300,677,203100
201410162311603,SLICL,36,8,15,675,10125
201410162311823,SMFDB,39,17,19,1000,19000
201410162311977,SRBL,59,39,139,385,53515
201410162311753,SRBL,48,39,500,385,192500
201410162311734,SRBL,36,36,368,385,141680
201410162311731,SRBL,36,49,17,384,6528
201410162311696,SRBL,43,43,71,382,27122
201410162311882,SUBBL,17,21,50,292,14600
201410162311949,SUPRME,17,43,30,170,5100
201410162311940,SUPRME,17,43,50,170,8500
201410162311933,SUPRME,43,43,10,168,1680
201410162311690,SUPRME,17,40,10,165,1650
201410162311675,SUPRME,43,26,60,162,9720
201410162311667,SUPRME,43,26,10,162,1620
201410162311661,SUPRME,43,26,10,162,1620
201410162311529,SUPRME,46,39,948,165,156420
201410162311542,SWBBL,10,47,191,1815,346665
201410162311646,SYFL,5,17,60,95,5700
201410162311881,UIC,8,55,500,903,451500
201410162311970,VBBL,48,48,20,127,2540
201410162311969,VBBL,48,48,20,127,2540
201410162311968,VBBL,48,48,20,127,2540
201410162311967,VBBL,48,48,20,127,2540
201410162311966,VBBL,48,48,20,127,2540
201410162311965,VBBL,48,48,20,127,2540
201410162311964,VBBL,48,48,20,127,2540
201410162311963,VBBL,48,48,20,127,2540
201410162311962,VBBL,48,48,20,127,2540
201410162311961,VBBL,48,48,20,127,2540
201410162311960,VBBL,48,58,20,127,2540
201410162311548,YETI,5,39,150,126,18900
201410162311111,ACEDBL,58,58,346,295,102070
201410162311490,ADBL,40,41,50,510,25500
201410162311474,ADBL,40,40,30,510,15300
201410162311469,ADBL,40,49,30,510,15300
201410162311429,ADBL,40,41,50,510,25500
201410162311143,ADBL,43,43,30,501,15030
201410162311255,ADBL,1,55,30,510,15300
201410162311203,ADBL,36,36,101,510,51510
201410162311202,ADBL,36,36,110,510,56100
201410162311201,ADBL,36,36,110,510,56100
201410162311177,ADBL,40,50,30,500,15000
201410162311162,ADBL,49,49,31,502,15562
201410162311270,ADBL,1,36,30,510,15300
201410162311269,ADBL,1,36,30,510,15300
201410162311265,ADBL,1,36,30,510,15300
201410162311264,ADBL,1,36,30,510,15300
201410162311349,AIC,26,38,500,480,240000
201410162311169,AIC,26,39,50,485,24250
201410162311453,ALICL,14,57,209,1173,245157
201410162311452,ALICL,20,8,693,1164,806652
201410162311447,ALICL,20,8,14,1164,16296
201410162311442,ALICL,20,53,21,1164,24444
201410162311339,ALICL,45,58,16,1142,18272
201410162311262,ALICL,25,25,34,1141,38794
201410162311186,ALICL,45,58,29,1150,33350
201410162311465,APEX,51,58,11,123,1353
201410162311457,APEX,51,58,11,123,1353
201410162311411,APEX,51,26,429,123,52767
201410162311356,APEX,51,58,11,123,1353
201410162311459,ARDBL,59,17,21,152,3192
201410162311456,ARDBL,59,17,21,152,3192
201410162311245,ARDBL,29,29,21,153,3213
201410162311241,ARDBL,29,29,21,153,3213
201410162311384,BSBL,25,25,49,290,14210
201410162311353,BSBL,58,58,21,295,6195
201410162311342,BSBL,58,58,27,295,7965
201410162311332,BSBL,58,58,21,295,6195
201410162311182,BSBL,37,17,30,290,8700
201410162311160,BSBL,16,25,65,285,18525
201410162311119,BSBL,16,49,30,285,8550
201410162311396,BUDBL,59,1,200,204,40800
201410162311139,BUDBL,59,20,310,200,62000
201410162311107,BUDBL,1,1,200,201,40200
201410162311436,CCBL,13,50,276,285,78660
201410162311435,CCBL,17,8,40,285,11400
201410162311432,CCBL,13,16,32,285,9120
201410162311430,CCBL,17,16,32,285,9120
201410162311425,CCBL,13,16,32,285,9120
201410162311191,CCBL,29,29,20,280,5600
201410162311189,CCBL,25,25,40,279,11160
201410162311188,CCBL,25,25,40,279,11160
201410162311187,CCBL,25,25,40,279,11160
201410162311184,CCBL,25,16,36,283,10188
201410162311199,CCBL,25,25,40,279,11160
201410162311198,CCBL,25,25,40,279,11160
201410162311197,CCBL,25,25,40,279,11160
201410162311196,CCBL,25,25,40,279,11160
201410162311195,CCBL,25,25,40,279,11160
201410162311193,CCBL,25,25,40,279,11160
201410162311211,CCBL,25,25,40,279,11160
201410162311209,CCBL,25,25,40,279,11160
201410162311208,CCBL,25,25,40,279,11160
201410162311206,CCBL,25,25,40,279,11160
201410162311205,CCBL,25,25,40,279,11160
201410162311204,CCBL,25,25,40,279,11160
201410162311220,CCBL,25,25,40,279,11160
201410162311217,CCBL,25,25,40,279,11160
201410162311216,CCBL,25,25,40,279,11160
201410162311215,CCBL,25,25,40,279,11160
201410162311214,CCBL,25,25,40,279,11160
201410162311212,CCBL,25,25,40,279,11160
201410162311300,CCBL,13,57,40,280,11200
201410162311235,CCBL,13,35,17,280,4760
201410162311234,CCBL,22,8,80,280,22400
201410162311226,CCBL,25,25,40,279,11160
201410162311225,CCBL,25,25,40,279,11160
201410162311222,CCBL,25,25,40,279,11160
201410162311419,CCBL,13,16,32,285,9120
201410162311348,CCBL,16,16,40,283,11320
201410162311315,CCBL,55,55,40,281,11240
201410162311355,CDBL,43,43,15,369,5535
201410162311310,CDBL,1,58,15,376,5640
201410162311221,CEDBL,32,32,108,241,26028
201410162311180,CEDBL,41,58,68,240,16320
201410162311450,CHCL,6,10,98,1811,177478
201410162311448,CHCL,6,16,265,1810,479650
201410162311294,CHCL,25,47,60,1811,108660
201410162311260,CHCL,25,17,40,1810,72400
201410162311171,CHCL,6,25,13,1800,23400
201410162311170,CHCL,6,25,13,1800,23400
201410162311168,CHCL,6,25,13,1800,23400
201410162311167,CHCL,6,25,13,1800,23400
201410162311400,CIT,6,49,85,3150,267750
201410162311395,CIT,6,49,100,3150,315000
201410162311444,CNDBL,41,50,28,170,4760
201410162311414,CNDBL,41,50,20,170,3400
201410162311412,CNDBL,41,50,20,170,3400
201410162311410,CNDBL,41,50,20,170,3400
201410162311408,CNDBL,41,50,20,170,3400
201410162311407,CNDBL,41,50,20,170,3400
201410162311116,CNDBL,41,50,20,170,3400
201410162311135,CNDBL,45,50,20,171,3420
201410162311133,CNDBL,41,50,30,170,5100
201410162311130,CNDBL,41,50,30,170,5100
201410162311129,CNDBL,41,50,30,170,5100
201410162311124,CNDBL,41,50,20,170,3400
201410162311118,CNDBL,41,50,20,170,3400
201410162311155,CNDBL,41,50,20,170,3400
201410162311152,CNDBL,41,50,20,170,3400
201410162311149,CNDBL,45,50,20,171,3420
201410162311141,CNDBL,45,50,20,171,3420
201410162311138,CNDBL,45,50,20,171,3420
201410162311136,CNDBL,45,50,20,171,3420
201410162311219,CNDBL,29,29,20,171,3420
201410162311172,CNDBL,41,50,20,170,3400
201410162311166,CNDBL,41,50,20,170,3400
201410162311163,CNDBL,41,50,20,170,3400
201410162311161,CNDBL,41,50,20,170,3400
201410162311159,CNDBL,41,50,20,170,3400
201410162311277,CNDBL,41,50,20,170,3400
201410162311271,CNDBL,41,50,20,170,3400
201410162311268,CNDBL,41,50,20,170,3400
201410162311261,CNDBL,41,50,20,170,3400
201410162311258,CNDBL,41,50,30,170,5100
201410162311256,CNDBL,41,50,30,170,5100
201410162311293,CNDBL,41,50,20,170,3400
201410162311289,CNDBL,41,50,20,170,3400
201410162311287,CNDBL,41,50,20,170,3400
201410162311286,CNDBL,41,50,20,170,3400
201410162311283,CNDBL,41,50,20,170,3400
201410162311281,CNDBL,41,50,20,170,3400
201410162311308,CNDBL,41,50,20,170,3400
201410162311305,CNDBL,41,50,20,170,3400
201410162311299,CNDBL,41,50,20,170,3400
201410162311297,CNDBL,41,50,20,170,3400
201410162311296,CNDBL,41,50,20,170,3400
201410162311295,CNDBL,41,50,20,170,3400
201410162311322,CNDBL,41,50,20,170,3400
201410162311318,CNDBL,41,50,20,170,3400
201410162311317,CNDBL,41,50,20,170,3400
201410162311316,CNDBL,41,50,20,170,3400
201410162311312,CNDBL,41,50,20,170,3400
201410162311309,CNDBL,41,50,20,170,3400
201410162311361,CNDBL,41,50,20,170,3400
201410162311359,CNDBL,41,50,20,170,3400
201410162311358,CNDBL,41,50,20,170,3400
201410162311337,CNDBL,41,50,20,170,3400
201410162311335,CNDBL,41,50,20,170,3400
201410162311331,CNDBL,41,50,20,170,3400
201410162311381,CNDBL,41,50,20,170,3400
201410162311379,CNDBL,41,50,20,170,3400
201410162311375,CNDBL,41,50,20,170,3400
201410162311371,CNDBL,41,50,20,170,3400
201410162311367,CNDBL,41,50,20,170,3400
201410162311364,CNDBL,41,50,20,170,3400
201410162311394,CNDBL,41,50,20,170,3400
201410162311392,CNDBL,41,50,20,170,3400
201410162311390,CNDBL,41,50,20,170,3400
201410162311389,CNDBL,41,50,20,170,3400
201410162311388,CNDBL,41,50,20,170,3400
201410162311385,CNDBL,41,50,20,170,3400
201410162311405,CNDBL,41,50,20,170,3400
201410162311403,CNDBL,41,50,20,170,3400
201410162311402,CNDBL,41,50,20,170,3400
201410162311401,CNDBL,41,50,20,170,3400
201410162311398,CNDBL,41,50,20,170,3400
201410162311397,CNDBL,41,50,20,170,3400
201410162311248,CZBIL,40,34,189,448,84672
201410162311106,CZBIL,44,44,21,451,9471
201410162311373,EBL,13,13,116,1908,221328
201410162311185,EBL,25,25,100,1901,190100
201410162311366,GBBL,1,1,1228,373,458044
201410162311280,GBBL,14,14,74,373,27602
201410162311282,GBIME,45,55,50,548,27400
201410162311279,GBIME,3,55,132,545,71940
201410162311276,GBIME,6,55,100,546,54600
201410162311272,GBIME,48,55,100,550,55000
201410162311236,GBIME,51,25,179,545,97555
201410162311150,GBIME,43,58,37,550,20350
201410162311132,GBIME,3,43,37,550,20350
201410162311336,GLICL,34,8,31,560,17360
201410162311334,GLICL,34,8,10,560,5600
201410162311181,GLICL,49,49,111,565,62715
201410162311455,GRAND,33,8,500,222,111000
201410162311383,GRAND,20,34,1000,222,222000
201410162311311,GRAND,20,26,664,222,147408
201410162311307,GRAND,45,8,500,221,110500
201410162311257,GRAND,33,44,252,223,56196
201410162311223,GRAND,8,8,186,224,41664
201410162311154,HAMA,16,16,40,141,5640
201410162311148,HAMA,16,16,40,141,5640
201410162311147,HAMA,16,16,40,140,5600
201410162311321,HBDL,28,28,161,100,16100
201410162311302,HBDL,28,28,161,100,16100
201410162311285,HBDL,28,28,161,100,16100
201410162311151,HBL,17,17,202,875,176750
201410162311145,HBL,17,17,206,865,178190
201410162311328,IDBL,22,22,50,183,9150
201410162311284,IDBL,41,57,20,180,3600
201410162311253,IDBL,41,57,20,180,3600
201410162311250,IDBL,41,57,10,180,1800
201410162311126,IDBL,41,41,22,180,3960
201410162311125,IDBL,41,41,22,180,3960
201410162311122,IDBL,41,41,22,180,3960
201410162311484,JBNL,59,59,33,272,8976
201410162311446,JBNL,59,59,33,271,8943
201410162311431,JBNL,59,59,33,271,8943
201410162311418,JBNL,59,59,33,271,8943
201410162311369,JBNL,59,59,33,271,8943
201410162311354,JBNL,59,59,33,271,8943
201410162311347,JBNL,59,59,33,271,8943
201410162311340,JBNL,59,59,33,271,8943
201410162311493,JHBL,58,58,45,311,13995
201410162311491,JHBL,58,58,45,311,13995
201410162311489,JHBL,58,58,45,311,13995
201410162311486,JHBL,58,58,45,311,13995
201410162311437,KBL,35,21,204,597,121788
201410162311428,KBL,17,25,50,600,30000
201410162311427,KBL,17,1,50,599,29950
201410162311391,KBL,8,14,199,597,118803
201410162311377,KBL,20,20,134,598,80132
201410162311301,KBL,41,44,830,590,489700
201410162311173,KBL,44,57,46,591,27186
201410162311097,KBL,16,16,29,580,16820
201410162311298,KBL,13,54,400,591,236400
201410162311259,KBL,49,49,500,589,294500
201410162311233,KBL,45,18,590,586,345740
201410162311213,KBL,50,44,500,590,295000
201410162311207,KBL,32,57,1000,590,590000
201410162311178,KBL,44,22,72,595,42840
201410162311477,KDBL,5,44,42,127,5334
201410162311313,KNBL,6,16,62,189,11718
201410162311485,LBL,1,36,500,614,307000
201410162311476,LBL,16,45,442,612,270504
201410162311454,LBL,36,45,180,610,109800
201410162311443,LBL,16,45,510,611,311610
201410162311441,LBL,36,45,165,610,100650
201410162311439,LBL,46,45,1000,610,610000
201410162311231,LBL,13,45,217,610,132370
201410162311113,LBL,36,11,111,604,67044
201410162311112,LBL,36,11,111,604,67044
201410162311374,LBL,36,45,180,607,109260
201410162311372,LBL,17,45,185,608,112480
201410162311370,LBL,6,41,13,616,8008
201410162311341,LBL,8,17,465,607,282255
201410162311333,LBL,57,45,200,610,122000
201410162311238,LBL,20,14,20,616,12320
201410162311438,LBL,13,45,500,607,303500
201410162311424,LBL,45,45,440,610,268400
201410162311420,LBL,26,45,166,610,101260
201410162311404,LBL,13,37,220,615,135300
201410162311393,LBL,13,54,500,610,305000
201410162311378,LBL,48,45,1000,604,604000
201410162311462,LGIL,21,1,44,429,18876
201410162311461,LGIL,21,58,33,429,14157
201410162311346,METRO,16,21,26,301,7826
201410162311291,MMDBL,18,14,10,307,3070
201410162311200,MMDBL,18,18,10,301,3010
201410162311492,MNBBL,17,21,14,790,11060
201410162311483,MNBBL,21,21,14,790,11060
201410162311481,MNBBL,21,21,14,790,11060
201410162311158,MTBL,39,44,10,198,1980
201410162311157,MTBL,39,16,10,198,1980
201410162311156,MTBL,39,16,10,198,1980
201410162311110,MTBL,43,16,10,195,1950
201410162311482,NBB,57,57,13,586,7618
201410162311475,NBB,26,55,300,575,172500
201410162311466,NBB,26,47,150,575,86250
201410162311434,NGBL,43,11,500,305,152500
201410162311463,NHPC,25,45,1000,142,142000
201410162311494,NICA,42,29,50,790,39500
201410162311473,NICA,49,47,60,780,46800
201410162311480,NIL,44,56,234,754,176436
201410162311409,NIL,6,41,20,740,14800
201410162311399,NIL,11,40,27,726,19602
201410162311343,NIL,22,8,20,712,14240
201410162311273,NIL,10,10,5000,699,3495000
201410162311117,NIL,25,25,6000,686,4116000
201410162311108,NIL,6,3,50,692,34600
201410162311449,NLG,17,49,26,800,20800
201410162311406,NLIC,44,19,20,4140,82800
201410162311478,NLICL,49,49,500,2318,1159000
201410162311472,NLICL,28,55,100,2305,230500
201410162311445,NUBL,41,47,100,1465,146500
201410162311380,NUBL,40,21,36,1451,52236
201410162311376,NUBL,40,11,25,1450,36250
201410162311352,NUBL,41,47,200,1449,289800
201410162311242,NUBL,41,47,234,1445,338130
201410162311229,NUBL,38,47,500,1440,720000
201410162311357,PCBL,16,17,14,520,7280
201410162311338,PCBL,16,14,41,521,21361
201410162311153,PCBL,49,34,152,512,77824
201410162311290,PDBL,34,43,20,228,4560
201410162311244,PFC,55,55,81,285,23085
201410162311426,PIC,22,8,15,795,11925
201410162311458,PICL,55,25,30,438,13140
201410162311330,PICL,49,17,690,430,296700
201410162311327,PICL,49,49,600,430,258000
201410162311326,PICL,49,49,600,430,258000
201410162311325,PICL,49,49,600,430,258000
201410162311324,PICL,49,49,600,430,258000
201410162311246,PICL,53,53,227,427,96929
201410162311218,PICL,49,49,832,427,355264
201410162311488,PLIC,28,33,500,1035,517500
201410162311440,PLIC,49,49,500,1040,520000
201410162311433,PLIC,38,26,202,1041,210282
201410162311423,PLIC,50,49,181,1040,188240
201410162311422,PLIC,50,44,497,1040,516880
201410162311413,PLIC,43,49,13,1042,13546
201410162311210,PLIC,44,58,27,1005,27135
201410162311192,PLIC,44,58,20,1005,20100
201410162311174,PLIC,44,58,10,1005,10050
201410162311123,PLIC,43,43,13,1002,13026
201410162311368,PLIC,38,49,13,1025,13325
201410162311319,PLIC,44,39,56,1025,57400
201410162311314,PLIC,25,25,122,1011,123342
201410162311266,PLIC,25,41,13,1000,13000
201410162311254,PLIC,43,41,13,1004,13052
201410162311240,PLIC,43,41,13,1005,13065
201410162311464,PURBL,1,1,22,370,8140
201410162311365,PURBL,14,14,11,365,4015
201410162311362,PURBL,14,14,11,365,4015
201410162311360,PURBL,14,14,11,365,4015
201410162311323,RHPC,34,17,11,580,6380
201410162311320,RHPC,36,36,11,576,6336
201410162311303,RHPC,34,17,11,580,6380
201410162311288,RHPC,34,17,11,580,6380
201410162311251,RHPC,49,49,10,580,5800
201410162311249,RHPC,49,49,10,580,5800
201410162311093,RHPC,39,39,14,580,8120
201410162311092,RHPC,39,39,14,580,8120
201410162311091,RHPC,39,39,14,580,8120
201410162311100,RHPC,16,16,11,585,6435
201410162311099,RHPC,16,16,11,585,6435
201410162311098,RHPC,44,44,10,583,5830
201410162311096,RHPC,39,39,14,580,8120
201410162311095,RHPC,39,39,14,580,8120
201410162311094,RHPC,39,39,14,580,8120
201410162311243,RHPC,49,49,10,580,5800
201410162311105,RHPC,16,16,10,585,5850
201410162311104,RHPC,16,16,11,585,6435
201410162311103,RHPC,16,16,11,585,6435
201410162311102,RHPC,16,16,11,585,6435
201410162311101,RHPC,16,16,11,585,6435
201410162311239,SANIMA,28,53,500,499,249500
201410162311416,SBBLJ,28,28,417,559,233103
201410162311387,SBBLJ,28,28,417,559,233103
201410162311121,SBBLJ,18,18,500,550,275000
201410162311363,SBL,59,19,181,712,128872
201410162311190,SBL,59,33,1321,705,931305
201410162311115,SCB,22,22,52,2078,108056
201410162311127,SETI,16,16,25,177,4425
201410162311176,SFL,20,20,10,156,1560
201410162311460,SHINE,1,58,168,355,59640
201410162311165,SHL,13,13,316,588,185808
201410162311487,SHPC,29,45,28,666,18648
201410162311451,SHPC,5,5,18,673,12114
201410162311415,SHPC,5,5,18,672,12096
201410162311329,SHPC,5,5,18,671,12078
201410162311306,SHPC,5,5,18,670,12060
201410162311292,SHPC,5,5,18,668,12024
201410162311230,SHPC,5,5,18,665,11970
201410162311183,SHPC,5,5,18,667,12006
201410162311175,SHPC,5,5,18,665,11970
201410162311164,SHPC,5,5,18,665,11970
201410162311144,SICL,36,36,454,802,364108
201410162311179,SIL,36,58,453,810,366930
201410162311479,SLBBL,1,1,10,2035,20350
201410162311351,SLICL,50,8,500,670,335000
201410162311350,SLICL,22,22,200,671,134200
201410162311263,SRBL,14,14,35,379,13265
201410162311232,SRBL,49,39,24,386,9264
201410162311228,SRBL,17,16,14,390,5460
201410162311227,SRBL,17,14,39,388,15132
201410162311224,SRBL,49,49,35,386,13510
201410162311495,SUPRME,46,41,980,168,164640
201410162311386,SUPRME,17,39,100,170,17000
201410162311382,SUPRME,41,41,20,170,3400
201410162311344,SUPRME,41,54,10,170,1700
201410162311275,SUPRME,41,17,40,170,6800
201410162311109,SUPRME,41,16,20,170,3400
201410162311345,TRH,38,17,10,269,2690
201410162311278,TRH,32,13,160,265,42400
201410162311274,TRH,32,13,10,265,2650
201410162311267,TRH,32,13,10,265,2650
201410162311421,UFIL,14,14,40,159,6360
201410162311252,WDBL,29,29,13,219,2847
201410162311470,YETI,5,39,190,125,23750
201410162311304,YETI,5,50,60,123,7380
201410162311247,YETI,57,58,11,122,1342
201410162311237,YETI,50,50,10,123,1230
201410162311194,YETI,29,50,11,123,1353
201410162311146,YETI,49,49,40,121,4840
201410162311120,YETI,49,49,40,121,4840
201410162311114,YETI,49,49,1000,123,123000
201410162311142,YETI,49,49,20,121,2420
201410162311140,YETI,49,49,20,121,2420
201410162311137,YETI,49,49,20,121,2420
201410162311134,YETI,49,49,20,121,2420
201410162311131,YETI,49,49,50,121,6050
201410162311128,YETI,49,49,40,121,4840
