contract,symbol,buyer,seller,qty,rate,amt
201411172356579,ADBL,21,48,31,430,13330
201411172356551,ADBL,41,48,200,430,86000
201411172356524,ADBL,41,14,201,430,86430
201411172356501,ADBL,56,35,200,438,87600
201411172356429,ADBL,49,19,265,430,113950
201411172356303,ADBL,29,16,31,432,13392
201411172356301,ADBL,41,16,31,440,13640
201411172356394,ADBL,21,29,40,430,17200
201411172356473,AHPC,45,48,28,340,9520
201411172356380,AHPC,48,55,418,340,142120
201411172356375,AHPC,43,21,197,343,67571
201411172356231,AHPC,41,21,500,339,169500
201411172356630,AIC,51,16,150,436,65400
201411172356166,ALDBL,52,51,30,238,7140
201411172356550,ALICL,14,13,40,1091,43640
201411172356546,ALICL,14,21,51,1090,55590
201411172356512,ALICL,36,33,134,1085,145390
201411172356405,ALICL,36,29,101,1075,108575
201411172356387,ALICL,59,21,829,1060,878740
201411172356352,ALICL,36,29,24,1072,25728
201411172356328,ALICL,21,41,33,1073,35409
201411172356266,ALICL,25,29,50,1071,53550
201411172356178,ALICL,41,5,50,1070,53500
201411172356159,ALICL,42,33,111,1080,119880
201411172356469,ARDBL,7,55,271,141,38211
201411172356422,ARDBL,22,16,42,141,5922
201411172356299,ARDBL,22,16,42,141,5922
201411172356295,ARDBL,22,16,42,141,5922
201411172356268,ARDBL,22,16,42,141,5922
201411172356224,ARDBL,22,45,31,143,4433
201411172356638,BLDBL,26,58,200,420,84000
201411172356602,BLDBL,17,18,68,424,28832
201411172356527,BLDBL,19,19,70,424,29680
201411172356509,BLDBL,16,18,160,422,67520
201411172356455,BLDBL,47,43,90,421,37890
201411172356411,BLDBL,51,29,100,418,41800
201411172356410,BLDBL,6,29,100,418,41800
201411172356409,BLDBL,32,29,50,418,20900
201411172356408,BLDBL,6,29,100,419,41900
201411172356351,BLDBL,17,19,340,420,142800
201411172356338,BPCL,21,29,61,606,36966
201411172356319,BPCL,3,45,107,618,66126
201411172356235,BPCL,41,48,100,606,60600
201411172356633,BSBL,17,51,37,290,10730
201411172356627,BSBL,14,51,37,292,10804
201411172356570,BSBL,17,49,50,290,14500
201411172356566,BSBL,17,49,1000,290,290000
201411172356563,BSBL,17,49,556,290,161240
201411172356167,BSBL,17,56,135,290,39150
201411172356608,BUDBL,20,5,167,172,28724
201411172356594,BUDBL,28,1,648,173,112104
201411172356459,CBBL,26,45,209,1550,323950
201411172356453,CBBL,22,28,33,1570,51810
201411172356547,CBL,28,36,255,257,65535
201411172356506,CBL,44,6,102,257,26214
201411172356441,CBL,16,40,26,253,6578
201411172356431,CBL,41,40,23,253,5819
201411172356309,CBL,21,28,107,254,27178
201411172356182,CBL,57,17,54,253,13662
201411172356660,CCBL,26,47,10,253,2530
201411172356658,CCBL,26,47,10,253,2530
201411172356654,CCBL,26,47,10,253,2530
201411172356649,CCBL,26,47,10,253,2530
201411172356646,CCBL,26,47,10,253,2530
201411172356623,CCBL,1,32,304,253,76912
201411172356194,CCBL,40,16,46,252,11592
201411172356162,CCBL,41,16,46,252,11592
201411172356254,CCBL,25,16,46,250,11500
201411172356249,CCBL,25,32,304,250,76000
201411172356242,CCBL,40,16,51,250,12750
201411172356240,CCBL,41,16,60,250,15000
201411172356233,CCBL,41,16,337,249,83913
201411172356213,CCBL,38,32,304,248,75392
201411172356564,CCBL,26,16,40,253,10120
201411172356464,CCBL,41,41,40,252,10080
201411172356460,CCBL,41,41,40,252,10080
201411172356454,CCBL,48,16,343,250,85750
201411172356384,CDBL,17,22,140,330,46200
201411172356296,CEDBL,13,7,11,226,2486
201411172356255,CEDBL,37,22,110,227,24970
201411172356202,CEDBL,58,59,624,226,141024
201411172356659,CHCL,6,56,50,1482,74100
201411172356620,CHCL,49,17,65,1480,96200
201411172356614,CHCL,59,1,90,1484,133560
201411172356598,CHCL,6,49,70,1484,103880
201411172356576,CHCL,54,55,100,1484,148400
201411172356571,CHCL,19,1,350,1481,518350
201411172356183,CHCL,29,41,98,1481,145138
201411172356163,CHCL,22,41,77,1482,114114
201411172356205,CHCL,36,54,63,1482,93366
201411172356199,CHCL,18,1,200,1484,296800
201411172356198,CHCL,26,41,30,1480,44400
201411172356197,CHCL,18,41,23,1483,34109
201411172356195,CHCL,17,54,87,1480,128760
201411172356191,CHCL,29,41,41,1481,60721
201411172356292,CHCL,36,34,23,1482,34086
201411172356258,CHCL,14,1,250,1484,371000
201411172356248,CHCL,14,36,216,1483,320328
201411172356241,CHCL,36,54,72,1481,106632
201411172356212,CHCL,26,54,62,1480,91760
201411172356211,CHCL,18,41,37,1482,54834
201411172356567,CHCL,14,5,39,1486,57954
201411172356545,CHCL,18,1,122,1489,181658
201411172356407,CHCL,54,56,37,1492,55204
201411172356334,CHCL,33,54,193,1485,286605
201411172356313,CHCL,29,42,45,1482,66690
201411172356300,CHCL,36,54,14,1481,20734
201411172356498,CIT,36,7,100,2900,290000
201411172356332,CIT,19,21,100,2900,290000
201411172356193,CNDBL,11,5,210,157,32970
201411172356643,CZBIL,49,53,500,390,195000
201411172356637,CZBIL,49,53,500,390,195000
201411172356593,CZBIL,26,53,180,392,70560
201411172356436,CZBIL,1,38,500,391,195500
201411172356640,DDBL,28,16,183,1275,233325
201411172356417,EBL,18,25,32,1688,54016
201411172356406,EBL,49,40,100,1685,168500
201411172356222,EBL,37,1,60,1680,100800
201411172356219,EBL,51,17,100,1662,166200
201411172356419,EDBL,17,43,31,600,18600
201411172356256,EDBL,47,43,31,599,18569
201411172356175,EDBL,47,43,31,611,18941
201411172356164,EKBL,6,6,33,185,6105
201411172356645,GBIME,51,51,26,477,12402
201411172356615,GBIME,18,51,26,478,12428
201411172356569,GBIME,43,16,35,478,16730
201411172356291,GBIME,42,39,95,485,46075
201411172356228,GBIME,42,29,23,483,11109
201411172356227,GBIME,42,29,100,482,48200
201411172356226,GBIME,42,26,290,482,139780
201411172356479,GLICL,34,19,52,513,26676
201411172356541,GRAND,3,59,100,162,16200
201411172356530,GRAND,17,59,100,162,16200
201411172356273,GRAND,42,59,200,162,32400
201411172356253,GRAND,42,59,100,162,16200
201411172356246,GRAND,42,39,69,162,11178
201411172356234,GRAND,52,26,127,162,20574
201411172356229,HBDL,35,22,69,91,6279
201411172356265,HBL,6,7,44,825,36300
201411172356502,HGI,56,6,10,549,5490
201411172356329,IDBL,32,7,195,160,31200
201411172356648,INDBL,28,59,441,165,72765
201411172356257,INDBL,39,59,88,162,14256
201411172356181,INDBL,39,29,53,165,8745
201411172356204,JBBL,7,33,50,159,7950
201411172356528,JBNL,48,46,250,230,57500
201411172356355,JBNL,48,48,172,230,39560
201411172356624,JEFL,28,58,1000,147,147000
201411172356629,KBL,38,26,3400,358,1217200
201411172356427,KBL,17,33,500,365,182500
201411172356321,KBL,45,29,200,360,72000
201411172356320,KBL,45,29,200,362,72400
201411172356203,KDBL,22,7,11,118,1298
201411172356601,KFL,13,28,702,152,106704
201411172356399,KMCDB,55,13,100,610,61000
201411172356356,KMCDB,38,38,10,611,6110
201411172356174,KMCDB,45,13,20,600,12000
201411172356362,KMCDB,38,38,10,611,6110
201411172356361,KMCDB,38,38,10,611,6110
201411172356360,KMCDB,38,38,10,611,6110
201411172356359,KMCDB,38,38,10,611,6110
201411172356358,KMCDB,38,38,10,611,6110
201411172356357,KMCDB,38,38,10,611,6110
201411172356393,KMCDB,38,38,10,611,6110
201411172356392,KMCDB,38,38,10,611,6110
201411172356391,KMCDB,38,38,10,611,6110
201411172356390,KMCDB,38,38,10,611,6110
201411172356363,KMCDB,38,38,10,611,6110
201411172356582,KNBL,14,17,128,187,23936
201411172356468,LBL,37,46,60,475,28500
201411172356423,LFLC,26,14,200,205,41000
201411172356580,LGIL,5,45,18,412,7416
201411172356556,LGIL,43,38,100,412,41200
201411172356548,LGIL,43,38,100,412,41200
201411172356544,LGIL,45,38,200,413,82600
201411172356251,LGIL,45,41,724,410,296840
201411172356177,LICN,36,39,200,3135,627000
201411172356160,LICN,36,32,52,3135,163020
201411172356186,LUBL,50,40,100,305,30500
201411172356647,MBBL,13,39,20,136,2720
201411172356466,MBBL,46,1,200,134,26800
201411172356448,MBBL,46,32,260,134,34840
201411172356326,MBBL,13,39,70,136,9520
201411172356168,MBBL,13,1,100,138,13800
201411172356657,MBL,57,44,1000,496,496000
201411172356613,MBL,49,17,179,494,88426
201411172356562,MBL,5,14,158,493,77894
201411172356504,MBL,38,14,425,491,208675
201411172356503,MBL,1,35,400,492,196800
201411172356499,MBL,11,59,200,493,98600
201411172356386,MBL,45,35,1334,492,656328
201411172356346,MBL,58,29,500,490,245000
201411172356336,MBL,42,17,700,491,343700
201411172356285,MBL,3,40,375,490,183750
201411172356275,MBL,32,22,400,490,196000
201411172356274,MBL,3,22,655,490,320950
201411172356471,MBL,42,35,110,493,54230
201411172356440,MBL,49,17,341,492,167772
201411172356432,MBL,1,17,157,493,77401
201411172356418,MBL,32,36,150,497,74550
201411172356414,MBL,41,14,51,493,25143
201411172356400,MBL,1,29,208,492,102336
201411172356307,MDB,6,3,14,412,5768
201411172356270,MDB,6,3,14,412,5768
201411172356496,MDBL,22,16,26,152,3952
201411172356609,MEGA,56,37,32,340,10880
201411172356599,MEGA,56,58,31,340,10540
201411172356597,MEGA,56,51,121,339,41019
201411172356592,MEGA,56,16,419,335,140365
201411172356517,MEGA,20,26,361,338,122018
201411172356507,MEGA,20,19,347,337,116939
201411172356278,MEGA,42,46,19,338,6422
201411172356179,MEGA,4,42,627,337,211299
201411172356161,MEGA,11,34,181,336,60816
201411172356158,MEGA,56,11,32,336,10752
201411172356500,MEGA,20,19,347,337,116939
201411172356494,MEGA,17,37,32,339,10848
201411172356298,MEGA,56,28,183,333,60939
201411172356290,MEGA,11,28,183,334,61122
201411172356280,MEGA,42,46,60,339,20340
201411172356279,MEGA,42,46,19,338,6422
201411172356538,MMDBL,18,48,23,398,9154
201411172356534,MMDBL,18,48,23,398,9154
201411172356529,MMDBL,18,48,23,398,9154
201411172356525,MMDBL,18,48,23,398,9154
201411172356516,MMDBL,38,38,23,391,8993
201411172356511,MMDBL,38,38,23,391,8993
201411172356339,MMDBL,18,48,10,398,3980
201411172356284,MMDBL,18,48,10,398,3980
201411172356283,MMDBL,18,48,10,398,3980
201411172356282,MMDBL,18,48,10,398,3980
201411172356281,MMDBL,18,48,10,398,3980
201411172356510,MMDBL,38,38,23,391,8993
201411172356508,MMDBL,38,38,23,391,8993
201411172356505,MMDBL,38,38,23,391,8993
201411172356342,MMDBL,18,48,10,398,3980
201411172356341,MMDBL,18,48,10,398,3980
201411172356340,MMDBL,18,48,10,398,3980
201411172356644,NABIL,3,17,84,1635,137340
201411172356554,NABIL,3,17,125,1635,204375
201411172356553,NABIL,3,17,50,1631,81550
201411172356540,NABIL,3,19,224,1630,365120
201411172356539,NABIL,3,17,50,1629,81450
201411172356492,NABIL,20,17,50,1630,81500
201411172356192,NABIL,42,11,100,1630,163000
201411172356190,NABIL,42,19,303,1629,493587
201411172356170,NABIL,3,17,50,1628,81400
201411172356165,NABIL,3,17,50,1625,81250
201411172356470,NABIL,34,1,100,1630,163000
201411172356443,NABIL,20,1,100,1630,163000
201411172356420,NABIL,3,19,173,1630,281990
201411172356389,NABIL,39,17,50,1630,81500
201411172356376,NABIL,37,17,100,1630,163000
201411172356208,NABIL,3,11,75,1640,123000
201411172356653,NBB,1,55,30,463,13890
201411172356652,NBB,6,55,100,463,46300
201411172356651,NBB,8,55,60,463,27780
201411172356650,NBB,1,55,30,463,13890
201411172356639,NBB,29,16,805,459,369495
201411172356631,NBB,1,55,170,463,78710
201411172356173,NBB,21,48,325,465,151125
201411172356156,NBB,49,55,1000,462,462000
201411172356225,NBB,8,55,200,465,93000
201411172356220,NBB,25,1,90,465,41850
201411172356209,NBB,25,17,110,465,51150
201411172356189,NBB,26,55,230,462,106260
201411172356188,NBB,26,55,200,463,92600
201411172356187,NBB,6,55,70,465,32550
201411172356252,NBB,57,39,200,462,92400
201411172356238,NBB,48,1,200,465,93000
201411172356232,NBB,53,1,140,464,64960
201411172356230,NBB,48,55,500,463,231500
201411172356315,NBB,50,13,300,463,138900
201411172356304,NBB,55,55,200,465,93000
201411172356294,NBB,39,39,145,462,66990
201411172356287,NBB,57,55,235,465,109275
201411172356269,NBB,41,48,1300,461,599300
201411172356262,NBB,11,55,125,463,57875
201411172356353,NBB,47,13,200,465,93000
201411172356349,NBB,49,21,550,465,255750
201411172356347,NBB,36,13,100,465,46500
201411172356335,NBB,26,13,200,465,93000
201411172356333,NBB,3,55,264,462,121968
201411172356330,NBB,36,13,100,465,46500
201411172356433,NBB,1,13,110,463,50930
201411172356425,NBB,50,13,110,462,50820
201411172356416,NBB,1,13,130,462,60060
201411172356401,NBB,16,13,110,462,50820
201411172356396,NBB,41,21,1000,460,460000
201411172356382,NBB,50,38,100,462,46200
201411172356481,NBB,28,55,500,462,231000
201411172356463,NBB,1,55,60,463,27780
201411172356462,NBB,14,55,50,464,23200
201411172356461,NBB,16,55,90,465,41850
201411172356447,NBB,44,13,330,460,151800
201411172356437,NBB,29,55,500,462,231000
201411172356557,NBB,33,13,240,461,110640
201411172356543,NBB,49,55,500,463,231500
201411172356533,NBB,8,13,40,463,18520
201411172356522,NBB,50,16,500,461,230500
201411172356513,NBB,26,13,150,461,69150
201411172356482,NBB,41,13,200,461,92200
201411172356585,NBB,44,16,500,460,230000
201411172356584,NBB,49,16,845,460,388700
201411172356578,NBB,49,16,500,461,230500
201411172356572,NBB,49,13,560,460,257600
201411172356565,NBB,33,16,500,461,230500
201411172356626,NBB,49,16,490,460,225400
201411172356612,NBB,49,16,300,460,138000
201411172356611,NBB,26,13,300,460,138000
201411172356606,NBB,28,16,495,460,227700
201411172356604,NBB,41,13,500,460,230000
201411172356590,NBB,41,16,500,460,230000
201411172356635,NBBL,51,26,10,1759,17590
201411172356632,NBBL,51,29,10,1759,17590
201411172356588,NBBL,51,16,10,1725,17250
201411172356587,NBBL,51,16,10,1725,17250
201411172356322,NBBL,43,16,10,1725,17250
201411172356259,NBF1,26,40,2877,13,36969
201411172356223,NBF1,17,17,5513,13,71118
201411172356217,NBF1,17,53,2937,13,37917
201411172356214,NBF1,17,17,2457,13,31744
201411172356206,NBF1,1,17,2937,13,38064
201411172356200,NBF1,17,17,13510,13,174955
201411172356575,NBL,13,43,500,352,176000
201411172356412,NBL,25,43,455,351,159705
201411172356404,NBL,56,17,738,351,259038
201411172356403,NBL,56,17,1000,350,350000
201411172356388,NBL,4,4,1779,347,617313
201411172356337,NBL,33,53,320,354,113280
201411172356288,NBL,20,22,518,351,181818
201411172356172,NBL,49,56,1000,350,350000
201411172356169,NBL,49,56,1000,350,350000
201411172356526,NCCB,56,50,500,520,260000
201411172356515,NCCB,1,35,555,520,288600
201411172356495,NCCB,20,35,500,520,260000
201411172356452,NCCB,51,32,500,525,262500
201411172356434,NCCB,37,26,100,530,53000
201411172356308,NCCB,56,48,1310,515,674650
201411172356289,NCCB,8,5,210,518,108780
201411172356395,NCCB,41,29,200,520,104000
201411172356383,NCCB,21,29,100,518,51800
201411172356381,NCCB,49,29,100,520,52000
201411172356325,NCCB,10,21,500,520,260000
201411172356324,NCCB,10,45,500,520,260000
201411172356316,NCCB,10,5,300,518,155400
201411172356263,NGBL,29,29,10,287,2870
201411172356619,NHPC,1,25,1000,115,115000
201411172356618,NHPC,48,25,1000,115,115000
201411172356617,NHPC,21,25,500,116,58000
201411172356573,NHPC,17,48,1000,116,116000
201411172356560,NHPC,48,25,1000,116,116000
201411172356559,NHPC,48,25,1000,116,116000
201411172356207,NHPC,4,54,1000,116,116000
201411172356385,NHPC,44,56,1500,118,177000
201411172356331,NHPC,55,25,1000,117,117000
201411172356272,NHPC,44,25,1000,118,118000
201411172356261,NHPC,13,59,500,120,60000
201411172356244,NHPC,17,54,1000,118,118000
201411172356218,NHPC,4,26,500,117,58500
201411172356451,NHPC,25,25,200,121,24200
201411172356446,NHPC,38,19,500,119,59500
201411172356445,NHPC,38,29,1000,119,119000
201411172356444,NHPC,38,29,1000,119,119000
201411172356439,NHPC,38,26,1000,118,118000
201411172356438,NHPC,4,25,1000,116,116000
201411172356487,NHPC,14,25,500,115,57500
201411172356486,NHPC,25,25,200,116,23200
201411172356485,NHPC,4,25,500,116,58000
201411172356484,NHPC,26,25,300,116,34800
201411172356475,NHPC,29,25,1000,117,117000
201411172356457,NHPC,38,25,1000,119,119000
201411172356542,NHPC,11,21,570,117,66690
201411172356537,NHPC,51,25,1000,115,115000
201411172356536,NHPC,5,25,1000,115,115000
201411172356490,NHPC,57,25,2000,115,230000
201411172356489,NHPC,4,25,1000,115,115000
201411172356488,NHPC,50,25,500,115,57500
201411172356642,NICA,36,36,10,725,7250
201411172356636,NICA,44,35,334,711,237474
201411172356595,NICA,7,36,15,714,10710
201411172356532,NICA,13,45,51,715,36465
201411172356531,NICA,13,38,100,715,71500
201411172356430,NICA,18,36,15,715,10725
201411172356271,NICA,44,45,394,709,279346
201411172356250,NICA,49,38,100,713,71300
201411172356215,NICA,8,7,30,714,21420
201411172356413,NICA,44,33,646,714,461244
201411172356373,NICA,7,36,15,715,10725
201411172356367,NICA,56,51,139,715,99385
201411172356366,NICA,56,45,43,714,30702
201411172356354,NICA,56,33,473,712,336776
201411172356293,NICA,11,38,95,713,67735
201411172356467,NIL,50,3,48,749,35952
201411172356520,NLBBL,44,17,165,1167,192555
201411172356286,NLIC,44,11,100,4000,400000
201411172356276,NLIC,44,13,315,4000,1260000
201411172356245,NLIC,44,32,73,3960,289080
201411172356605,NLICL,16,16,47,2061,96867
201411172356348,NLICL,36,5,51,2080,106080
201411172356345,NLICL,36,11,154,2080,320320
201411172356201,NLICL,44,34,23,2050,47150
201411172356398,NNFC,41,1,500,267,133500
201411172356185,NTC,8,25,100,595,59500
201411172356184,NTC,8,7,110,594,65340
201411172356243,NTC,18,51,300,596,178800
201411172356239,NTC,18,53,500,595,297500
201411172356586,NTC,18,48,670,591,395970
201411172356180,PADBL,14,48,109,332,36188
201411172356655,PCBL,26,40,230,470,108100
201411172356641,PCBL,26,6,222,469,104118
201411172356574,PCBL,29,17,495,468,231660
201411172356521,PCBL,47,6,13,467,6071
201411172356518,PCBL,29,44,500,469,234500
201411172356456,PCBL,33,44,500,469,234500
201411172356449,PCBL,33,56,522,468,244296
201411172356237,PCBL,33,39,265,468,124020
201411172356236,PCBL,33,49,480,467,224160
201411172356210,PCBL,33,29,112,463,51856
201411172356171,PCBL,21,17,122,465,56730
201411172356583,PIC,32,47,85,770,65450
201411172356634,PLIC,44,28,67,976,65392
201411172356628,PLIC,44,28,70,975,68250
201411172356622,PLIC,44,19,122,959,116998
201411172356476,PLIC,5,1,13,950,12350
201411172356474,PLIC,44,1,12,950,11400
201411172356442,PLIC,5,1,13,945,12285
201411172356435,PLIC,5,1,13,945,12285
201411172356378,PLIC,44,39,40,941,37640
201411172356370,PLIC,44,33,490,940,460600
201411172356365,PLIC,44,38,900,935,841500
201411172356402,PRDBL,47,47,50,150,7500
201411172356458,PURBL,43,51,22,340,7480
201411172356421,PURBL,47,29,30,338,10140
201411172356577,REDBL,56,3,91,193,17563
201411172356589,RHPC,45,45,11,472,5192
201411172356552,RHPC,34,43,75,467,35025
201411172356327,RHPC,52,16,10,466,4660
201411172356317,RHPC,52,16,10,466,4660
201411172356267,RHPC,41,28,47,470,22090
201411172356264,RHPC,13,28,47,470,22090
201411172356621,RMDC,13,38,198,702,138996
201411172356568,RMDC,17,38,198,706,139788
201411172356323,RMDC,49,49,757,700,529900
201411172356318,RMDC,11,16,33,710,23430
201411172356314,RMDC,11,16,33,710,23430
201411172356310,RMDC,11,16,33,710,23430
201411172356277,RMDC,47,16,33,710,23430
201411172356312,SADBL,46,46,323,290,93670
201411172356369,SANIMA,48,35,100,474,47400
201411172356343,SANIMA,19,38,130,475,61750
201411172356625,SBBLJ,32,42,500,474,237000
201411172356426,SBBLJ,17,42,50,476,23800
201411172356607,SBI,43,26,874,925,808450
201411172356491,SBI,22,29,62,918,56916
201411172356306,SBI,43,33,110,920,101200
201411172356600,SBL,14,25,50,581,29050
201411172356549,SBL,54,29,81,570,46170
201411172356415,SBL,17,22,200,575,115000
201411172356596,SEOS,47,55,5000,10,52000
201411172356478,SEOS,26,55,5000,10,51750
201411172356472,SEOS,47,55,5000,10,52000
201411172356196,SHBL,34,6,10,386,3860
201411172356610,SHPC,55,43,18,670,12060
201411172356603,SHPC,45,5,18,665,11970
201411172356591,SHPC,16,5,18,668,12024
201411172356514,SHPC,41,38,108,668,72144
201411172356428,SHPC,5,38,95,668,63460
201411172356397,SHPC,26,6,267,665,177555
201411172356350,SHPC,21,43,59,667,39353
201411172356519,SIC,19,26,216,1137,245592
201411172356555,SICL,11,29,46,762,35052
201411172356523,SICL,16,38,100,771,77100
201411172356465,SICL,13,21,20,777,15540
201411172356157,SIGS1,7,51,1000,15,15010
201411172356497,SKBBL,45,25,25,1160,29000
201411172356480,SKBBL,6,38,166,1147,190402
201411172356379,SKBBL,56,16,12,1150,13800
201411172356377,SKBBL,56,16,12,1150,13800
201411172356374,SKBBL,56,16,12,1150,13800
201411172356372,SKBBL,56,16,12,1150,13800
201411172356371,SKBBL,56,16,12,1150,13800
201411172356368,SKBBL,56,16,12,1150,13800
201411172356364,SKBBL,56,16,12,1150,13800
201411172356297,SKBBL,14,19,19,1148,21812
201411172356656,SLICL,25,17,180,640,115200
201411172356581,SLICL,36,21,300,630,189000
201411172356424,SLICL,13,37,100,625,62500
201411172356311,SLICL,54,18,150,622,93300
201411172356305,SLICL,5,18,200,624,124800
201411172356176,SLICL,42,46,1000,618,618000
201411172356561,SMFDB,16,26,19,1012,19228
201411172356493,SMFDB,38,21,400,1032,412800
201411172356221,SMFDB,21,26,200,1053,210600
201411172356216,SMFDB,6,26,38,1054,40052
201411172356477,SRBL,11,16,89,337,29993
201411172356344,SRBL,42,16,71,340,24140
201411172356260,SRBL,13,7,56,341,19096
201411172356247,SRBL,13,13,48,341,16368
201411172356302,VBBL,19,5,300,126,37800
201411172356117,ADBL,41,7,30,440,13200
201411172356114,ADBL,41,7,30,440,13200
201411172356088,ADBL,41,29,40,440,17600
201411172356079,ADBL,41,29,40,440,17600
201411172356076,ADBL,41,13,150,440,66000
201411172356068,ADBL,38,38,1000,438,438000
201411172355978,ADBL,41,25,40,437,17480
201411172355864,ADBL,41,29,38,437,16606
201411172355776,ADBL,14,21,80,445,35600
201411172355761,ADBL,14,44,40,440,17600
201411172355953,AHPC,8,56,500,333,166500
201411172355811,AHPC,42,56,124,336,41664
201411172355789,AHPC,34,56,199,338,67262
201411172355652,AHPC,26,25,286,337,96382
201411172355712,AIC,38,16,100,439,43900
201411172355711,AIC,26,16,50,439,21950
201411172355706,AIC,26,14,50,439,21950
201411172355847,ALICL,41,21,210,1070,224700
201411172355842,ALICL,54,7,50,1080,54000
201411172355672,ALICL,50,26,25,1060,26500
201411172356136,ARDBL,51,43,21,142,2982
201411172355732,ARDBL,7,56,690,140,96600
201411172355714,ARDBL,22,50,73,141,10293
201411172356153,BLDBL,8,18,176,422,74272
201411172356152,BLDBL,58,19,500,415,207500
201411172356130,BLDBL,11,18,485,416,201760
201411172356121,BLDBL,58,19,200,420,84000
201411172356018,BLDBL,11,10,146,424,61904
201411172355898,BLDBL,47,29,300,420,126000
201411172355726,BLDBL,40,40,165,428,70620
201411172355698,BLDBL,19,40,43,429,18447
201411172355691,BLDBL,19,40,37,429,15873
201411172355683,BLDBL,45,38,400,430,172000
201411172355666,BLDBL,19,45,459,430,197370
201411172355792,BLDBL,22,16,233,422,98326
201411172355790,BLDBL,19,16,170,422,71740
201411172355788,BLDBL,43,16,393,421,165453
201411172355768,BLDBL,42,16,1000,423,423000
201411172355740,BLDBL,19,16,35,426,14910
201411172355737,BLDBL,6,16,170,425,72250
201411172355824,BLDBL,43,29,20,421,8420
201411172355823,BLDBL,43,29,200,421,84200
201411172355822,BLDBL,39,29,30,421,12630
201411172355821,BLDBL,6,29,30,425,12750
201411172355809,BLDBL,6,6,14,426,5964
201411172355807,BLDBL,6,29,100,423,42300
201411172356058,BPCL,17,45,100,618,61800
201411172356057,BPCL,46,45,150,618,92700
201411172356065,BSBL,17,6,180,290,52200
201411172355926,BSBL,17,49,194,290,56260
201411172356095,CBBL,37,45,64,1570,100480
201411172355765,CBBL,52,45,100,1570,157000
201411172355699,CBBL,47,19,50,1580,79000
201411172355688,CBBL,4,48,100,1581,158100
201411172356135,CBL,57,17,153,255,39015
201411172356046,CBL,10,46,588,251,147588
201411172356034,CBL,57,46,460,251,115460
201411172355939,CBL,38,50,339,252,85428
201411172355935,CBL,19,47,26,253,6578
201411172355932,CBL,47,50,26,253,6578
201411172355697,CBL,51,36,55,253,13915
201411172355680,CBL,33,39,328,250,82000
201411172355678,CBL,25,39,408,250,102000
201411172355669,CBL,41,39,270,251,67770
201411172355755,CBL,17,36,55,252,13860
201411172355733,CBL,41,21,570,251,143070
201411172355724,CBL,47,36,27,256,6912
201411172355909,CBL,38,46,2000,252,504000
201411172355906,CBL,21,41,110,253,27830
201411172355866,CBL,29,38,15,255,3825
201411172355856,CBL,38,50,1018,250,254500
201411172355841,CBL,41,16,1000,250,250000
201411172355830,CBL,41,43,1940,250,485000
201411172356093,CCBL,38,52,40,252,10080
201411172356092,CCBL,38,52,40,252,10080
201411172356091,CCBL,38,52,40,252,10080
201411172356090,CCBL,38,51,40,250,10000
201411172355970,CCBL,13,47,10,255,2550
201411172355962,CCBL,50,37,40,250,10000
201411172355803,CCBL,38,44,76,247,18772
201411172355786,CCBL,6,48,40,252,10080
201411172355782,CCBL,38,44,61,253,15433
201411172355780,CCBL,38,8,153,258,39474
201411172355775,CCBL,38,1,33,263,8679
201411172355959,CCBL,50,37,40,250,10000
201411172355925,CCBL,25,59,421,249,104829
201411172355920,CCBL,6,13,32,252,8064
201411172355877,CCBL,36,36,28,253,7084
201411172355857,CCBL,36,36,28,249,6972
201411172355846,CCBL,38,38,786,245,192570
201411172356150,CHCL,16,41,249,1475,367275
201411172356082,CHCL,29,1,170,1481,251770
201411172356063,CHCL,29,1,220,1481,325820
201411172356025,CHCL,28,37,96,1492,143232
201411172355990,CHCL,16,48,392,1475,578200
201411172355966,CHCL,16,16,15,1493,22395
201411172355676,CHCL,19,19,504,1485,748440
201411172355674,CHCL,41,58,200,1490,298000
201411172355656,CHCL,18,36,28,1486,41608
201411172355865,CHCL,22,29,100,1490,149000
201411172355851,CHCL,5,17,108,1490,160920
201411172355763,CHCL,57,6,47,1490,70030
201411172355692,CHCL,26,14,24,1490,35760
201411172355684,CHCL,53,54,86,1490,128140
201411172355677,CHCL,26,14,37,1490,55130
201411172355916,CHCL,49,14,400,1484,593600
201411172355915,CHCL,43,14,50,1485,74250
201411172355914,CHCL,14,14,30,1486,44580
201411172355913,CHCL,53,14,20,1490,29800
201411172355895,CHCL,52,17,68,1484,100912
201411172355869,CHCL,26,17,38,1486,56468
201411172355958,CHCL,22,14,50,1482,74100
201411172355957,CHCL,17,14,100,1483,148300
201411172355956,CHCL,49,14,200,1484,296800
201411172355955,CHCL,36,14,100,1486,148600
201411172355954,CHCL,22,14,50,1490,74500
201411172355927,CHCL,8,17,36,1493,53748
201411172356040,CIT,22,17,30,2895,86850
201411172355838,CIT,45,21,100,2900,290000
201411172356022,CNDBL,11,48,80,157,12560
201411172355993,CNDBL,11,48,20,157,3140
201411172355992,CNDBL,11,48,20,157,3140
201411172355989,CNDBL,11,48,20,157,3140
201411172355985,CNDBL,11,48,20,157,3140
201411172355984,CNDBL,11,48,20,157,3140
201411172355783,CNDBL,47,5,20,157,3140
201411172355778,CNDBL,47,5,20,157,3140
201411172355723,CNDBL,47,36,40,157,6280
201411172355722,CNDBL,47,36,40,157,6280
201411172355802,CNDBL,47,48,30,157,4710
201411172355800,CNDBL,47,48,40,157,6280
201411172355795,CNDBL,47,5,20,157,3140
201411172355793,CNDBL,47,5,20,157,3140
201411172355791,CNDBL,47,5,20,157,3140
201411172355787,CNDBL,47,5,20,157,3140
201411172355983,CNDBL,11,48,20,157,3140
201411172355831,CNDBL,47,48,20,157,3140
201411172355828,CNDBL,47,48,20,157,3140
201411172355819,CNDBL,47,48,20,157,3140
201411172355815,CNDBL,47,48,20,157,3140
201411172355812,CNDBL,47,48,30,157,4710
201411172356129,CZBIL,49,45,1000,390,390000
201411172356078,CZBIL,49,45,210,390,81900
201411172356023,CZBIL,43,45,497,391,194327
201411172355961,CZBIL,49,48,735,390,286650
201411172355735,CZBIL,44,35,90,395,35550
201411172355808,DDBL,36,28,20,1290,25800
201411172356000,EBL,49,16,200,1655,331000
201411172355963,EBL,55,41,20,1656,33120
201411172355721,EBL,22,59,100,1673,167300
201411172355719,EBL,26,59,50,1680,84000
201411172355716,EBL,16,59,100,1680,168000
201411172355695,EBL,21,19,23,1700,39100
201411172355657,EBL,21,21,60,1700,102000
201411172355655,EBL,26,19,150,1680,252000
201411172356066,EDBL,47,43,31,623,19313
201411172356055,EKBL,13,29,33,183,6039
201411172356041,EKBL,5,29,99,183,18117
201411172356024,EKBL,5,29,99,183,18117
201411172355882,EKBL,6,29,33,184,6072
201411172355859,EKBL,19,29,33,185,6105
201411172355818,EKBL,6,29,20,185,3700
201411172355806,EKBL,6,6,33,185,6105
201411172355805,EKBL,13,29,73,185,13505
201411172355804,EKBL,13,6,33,185,6105
201411172355675,EKBL,6,6,33,184,6072
201411172355673,EKBL,5,6,33,184,6072
201411172355662,EKBL,6,22,150,184,27600
201411172356103,GBIME,22,46,200,477,95400
201411172356035,GBIME,56,16,192,480,92160
201411172355923,GBIME,45,17,50,475,23750
201411172355777,GBIME,42,41,37,475,17575
201411172355749,GBIME,45,42,75,475,35625
201411172355742,GBIME,38,38,3465,476,1649340
201411172355794,GLICL,25,1,100,509,50900
201411172355769,GLICL,6,48,14,500,7000
201411172355766,GLICL,43,48,14,500,7000
201411172355762,GLICL,25,48,28,501,14028
201411172355752,GLICL,38,48,28,510,14280
201411172355746,GLICL,5,48,28,510,14280
201411172355730,GLICL,50,1,200,518,103600
201411172355707,GLICL,5,48,14,520,7280
201411172355701,GLICL,25,48,31,520,16120
201411172355693,GLICL,5,48,80,520,41600
201411172355660,GLICL,3,1,10,530,5300
201411172355659,GLICL,25,1,30,530,15900
201411172355852,GMFIL,18,18,68,294,19992
201411172355817,GMFIL,18,18,68,289,19652
201411172355797,GMFIL,18,18,86,284,24424
201411172355713,GRAND,6,59,200,162,32400
201411172355703,GRAND,37,59,200,162,32400
201411172355653,GRAND,17,21,60,162,9720
201411172355651,GRAND,39,21,138,162,22356
201411172355646,GRAND,39,21,200,162,32400
201411172355750,HBDL,6,22,50,92,4600
201411172356007,HBL,5,40,206,815,167890
201411172356005,HBL,5,40,147,815,119805
201411172356072,IDBL,13,39,967,160,154720
201411172355835,IDBL,13,40,280,163,45640
201411172355710,IDBL,13,39,259,166,42994
201411172355709,IDBL,13,56,100,166,16600
201411172355696,IDBL,13,16,359,166,59594
201411172356019,INDBL,25,6,177,168,29736
201411172355881,INDBL,39,6,88,167,14696
201411172355887,JBNL,7,29,150,230,34500
201411172355886,JBNL,50,29,100,231,23100
201411172355876,JBNL,38,29,5000,232,1160000
201411172355863,JBNL,38,5,186,235,43710
201411172355860,JBNL,38,57,640,232,148480
201411172355718,JBNL,47,40,383,230,88090
201411172355668,JBNL,38,38,2033,229,465557
201411172356133,KBL,38,10,570,358,204060
201411172356106,KBL,38,16,1000,365,365000
201411172355981,KBL,46,17,100,368,36800
201411172355976,KBL,8,17,64,369,23616
201411172356146,KDBL,7,7,42,117,4914
201411172355951,KEBL,44,49,13,320,4160
201411172355946,KEBL,19,49,13,322,4186
201411172355937,KMCDB,51,39,100,600,60000
201411172355702,KMCDB,51,40,82,608,49856
201411172356042,KNBL,14,45,54,187,10098
201411172355670,LBL,37,44,34,480,16320
201411172356123,LGIL,50,26,80,410,32800
201411172356119,LGIL,50,26,80,410,32800
201411172356116,LGIL,34,26,80,410,32800
201411172356112,LGIL,43,26,40,411,16440
201411172356110,LGIL,43,26,40,411,16440
201411172356098,LGIL,6,26,40,412,16480
201411172355731,LGIL,38,38,2000,411,822000
201411172356059,LICN,36,1,26,3130,81380
201411172356026,LICN,14,1,26,3117,81042
201411172356017,LICN,21,39,100,3117,311700
201411172356013,LICN,32,39,200,3075,615000
201411172356008,LICN,38,39,500,3071,1535500
201411172356118,LUBL,37,39,42,310,13020
201411172356038,LUBL,49,40,300,306,91800
201411172355905,LUBL,49,49,1330,300,399000
201411172355836,LUBL,52,29,100,306,30600
201411172355825,LUBL,5,29,300,304,91200
201411172356039,MBBL,13,3,11,140,1540
201411172355729,MBBL,39,17,50,142,7100
201411172356149,MBL,18,33,184,491,90344
201411172356124,MBL,42,45,400,488,195200
201411172356109,MBL,42,45,200,492,98400
201411172356105,MBL,14,22,42,492,20664
201411172356099,MBL,32,45,453,486,220158
201411172356097,MBL,39,43,145,494,71630
201411172355671,MBL,44,22,1000,488,488000
201411172355664,MBL,25,37,10,497,4970
201411172355661,MBL,37,7,100,496,49600
201411172355650,MBL,49,22,476,488,232288
201411172355930,MBL,25,59,307,490,150430
201411172355889,MBL,4,45,272,490,133280
201411172355796,MBL,50,59,360,490,176400
201411172355734,MBL,50,48,500,485,242500
201411172355708,MBL,42,57,325,490,159250
201411172355686,MBL,43,48,170,490,83300
201411172356087,MBL,57,45,908,485,440380
201411172356083,MBL,49,45,1205,486,585630
201411172356064,MBL,1,10,117,492,57564
201411172356011,MBL,49,49,244,492,120048
201411172356009,MBL,49,28,671,486,326106
201411172355980,MBL,42,41,500,490,245000
201411172355833,MDB,38,26,49,411,20139
201411172355760,MDB,17,19,124,414,51336
201411172355705,MDB,38,3,14,415,5810
201411172356154,MEGA,22,42,110,336,36960
201411172356070,MEGA,56,42,256,337,86272
201411172356056,MEGA,32,19,21,337,7077
201411172356014,MEGA,38,38,1992,338,673296
201411172355952,MEGA,41,38,32,336,10752
201411172355944,MEGA,11,38,32,337,10784
201411172355843,MEGA,53,48,32,340,10880
201411172355829,MEGA,56,55,1604,342,548568
201411172355685,MEGA,11,52,32,344,11008
201411172355682,MEGA,11,11,32,341,10912
201411172355933,MEGA,38,26,517,338,174746
201411172355928,MEGA,46,46,119,340,40460
201411172355911,MEGA,46,46,100,339,33900
201411172355899,MEGA,46,46,200,340,68000
201411172355872,MEGA,11,11,32,338,10816
201411172355855,MEGA,38,45,1047,340,355980
201411172355785,MLBBL,39,21,31,820,25420
201411172356077,MMDBL,18,5,256,391,100096
201411172355969,MMDBL,57,57,267,398,106266
201411172355945,MMDBL,18,48,10,399,3990
201411172355922,MMDBL,18,48,10,399,3990
201411172355917,MMDBL,18,48,10,399,3990
201411172355912,MMDBL,18,48,10,399,3990
201411172355908,MMDBL,18,57,100,399,39900
201411172355810,MMDBL,18,25,10,399,3990
201411172355727,MMDBL,18,25,23,399,9177
201411172355715,MMDBL,18,25,23,400,9200
201411172356113,MPFL,46,6,10,113,1130
201411172356107,MPFL,46,6,10,113,1130
201411172355875,MPFL,46,41,390,115,44850
201411172356148,NABIL,3,19,246,1624,399504
201411172356126,NABIL,42,17,50,1620,81000
201411172356037,NABIL,29,17,20,1620,32400
201411172356033,NABIL,42,17,40,1620,64800
201411172356031,NABIL,17,17,25,1626,40650
201411172356029,NABIL,7,17,40,1625,65000
201411172355813,NABIL,26,41,188,1615,303620
201411172355801,NABIL,3,41,100,1618,161800
201411172355798,NABIL,32,41,100,1618,161800
201411172355784,NABIL,42,17,50,1630,81500
201411172355741,NABIL,16,41,100,1625,162500
201411172355739,NABIL,26,41,100,1640,164000
201411172356015,NABIL,45,11,60,1619,97140
201411172355950,NABIL,52,41,63,1616,101808
201411172355943,NABIL,22,41,63,1615,101745
201411172355941,NABIL,29,41,85,1611,136935
201411172355870,NABIL,41,41,72,1615,116280
201411172355853,NABIL,41,41,124,1615,200260
201411172356145,NBB,57,55,500,467,233500
201411172356144,NBB,5,55,100,467,46700
201411172356143,NBB,54,55,300,467,140100
201411172356142,NBB,38,55,250,467,116750
201411172356141,NBB,7,55,500,468,234000
201411172356140,NBB,17,55,100,469,46900
201411172355858,NBB,8,48,200,471,94200
201411172355973,NBB,1,43,100,474,47400
201411172355972,NBB,21,43,100,474,47400
201411172355971,NBB,22,43,50,475,23750
201411172355929,NBB,21,25,295,472,139240
201411172355921,NBB,54,25,200,473,94600
201411172355996,NBB,41,43,200,471,94200
201411172355995,NBB,14,43,200,471,94200
201411172355994,NBB,11,43,50,471,23550
201411172355988,NBB,1,43,200,472,94400
201411172355987,NBB,1,43,100,472,47200
201411172355986,NBB,29,43,100,472,47200
201411172356049,NBB,1,43,100,470,47000
201411172356048,NBB,16,43,300,470,141000
201411172356047,NBB,40,43,200,470,94000
201411172356032,NBB,1,48,400,470,188000
201411172356030,NBB,49,48,415,470,195050
201411172356020,NBB,45,43,100,472,47200
201411172356139,NBB,8,55,50,469,23450
201411172356104,NBB,1,1,100,470,47000
201411172356086,NBB,11,43,35,475,16625
201411172356081,NBB,8,25,50,469,23450
201411172356062,NBB,50,42,100,470,47000
201411172356050,NBB,1,43,200,470,94000
201411172355907,NBBL,43,26,10,1760,17600
201411172355902,NBBL,17,26,10,1760,17600
201411172356128,NBF1,37,53,2997,13,38961
201411172356051,NBF1,14,17,2997,13,38931
201411172356120,NBL,49,10,1000,350,350000
201411172356010,NBL,43,56,485,351,170235
201411172356004,NBL,20,56,500,351,175500
201411172355894,NBL,43,56,1000,351,351000
201411172355874,NBL,35,35,1000,350,350000
201411172355767,NBL,35,56,1000,350,350000
201411172355667,NBL,10,10,536,353,189208
201411172355759,NBL,35,4,950,349,331550
201411172355748,NBL,8,19,1000,355,355000
201411172355745,NBL,21,4,50,355,17750
201411172355720,NBL,13,56,531,352,186912
201411172355717,NBL,48,56,300,353,105900
201411172355679,NBL,41,56,500,354,177000
201411172355820,NCCB,43,40,315,510,160650
201411172355816,NCCB,43,7,210,509,106890
201411172355694,NCCB,41,29,52,510,26520
201411172356132,NHPC,1,54,1000,115,115000
201411172356111,NHPC,5,56,1000,115,115000
201411172356061,NHPC,14,49,500,115,57500
201411172356054,NHPC,26,56,1000,115,115000
201411172356036,NHPC,13,48,2000,114,228000
201411172356001,NHPC,13,54,1000,116,116000
201411172355888,NHPC,21,56,1000,115,115000
201411172355844,NHPC,44,32,1000,116,116000
201411172355751,NHPC,29,6,1100,117,128700
201411172355743,NHPC,29,4,1000,117,117000
201411172356127,NIB,47,22,10,695,6950
201411172356122,NIB,22,22,48,682,32736
201411172355960,NIB,6,39,72,679,48888
201411172355897,NIB,42,17,100,680,68000
201411172355891,NIB,8,17,418,680,284240
201411172355883,NIB,56,17,490,681,333690
201411172355880,NIB,44,17,491,682,334862
201411172355948,NICA,29,51,100,712,71200
201411172355947,NICA,29,51,110,712,78320
201411172355924,NICA,42,38,30,710,21300
201411172355901,NICA,11,21,24,711,17064
201411172355764,NICA,42,48,240,710,170400
201411172355736,NICA,13,59,285,710,202350
201411172355728,NICA,22,28,20,712,14240
201411172355704,NICA,13,36,15,718,10770
201411172355687,NICA,52,29,158,710,112180
201411172355658,NICA,10,10,100,712,71200
201411172356028,NLBBL,36,17,200,1145,229000
201411172355982,NLIC,16,32,100,3951,395100
201411172355940,NLIC,28,34,117,3927,459459
201411172355799,NLIC,1,55,404,3930,1587720
201411172356115,NLICL,44,11,150,2050,307500
201411172356043,NLICL,44,59,200,2040,408000
201411172355919,NLICL,36,59,15,2030,30450
201411172355918,NLICL,36,45,150,2030,304500
201411172355892,NLICL,52,45,30,2030,60900
201411172355890,NLICL,22,45,150,2026,303900
201411172355845,NLICL,7,59,150,2050,307500
201411172355885,NTC,13,17,100,598,59800
201411172355873,NTC,13,5,190,598,113620
201411172355756,NTC,38,38,500,599,299500
201411172355949,NTC,8,53,500,597,298500
201411172356073,NUBL,51,26,107,1451,155257
201411172356021,NUBL,45,58,69,1471,101499
201411172356151,PCBL,29,48,79,462,36498
201411172356137,PCBL,33,48,135,463,62505
201411172356125,PCBL,39,40,80,470,37600
201411172356044,PCBL,6,6,26,472,12272
201411172355999,PCBL,45,6,115,468,53820
201411172355977,PCBL,5,49,408,464,189312
201411172355654,PCBL,49,40,500,460,230000
201411172355975,PCBL,45,40,107,464,49648
201411172355974,PCBL,5,18,429,464,199056
201411172355938,PCBL,49,49,212,461,97732
201411172355936,PCBL,49,49,212,461,97732
201411172355878,PCBL,33,16,303,460,139380
201411172355867,PCBL,50,7,209,463,96767
201411172355700,PFIL,6,22,20,140,2800
201411172356075,PLIC,44,33,360,940,338400
201411172356074,PLIC,44,33,126,939,118314
201411172355879,PRDBL,32,39,160,153,24480
201411172355861,PRDBL,32,48,40,153,6120
201411172355647,PURBL,47,3,10,344,3440
201411172355649,PURBL,47,3,10,344,3440
201411172356094,REDBL,13,55,17,191,3247
201411172356089,REDBL,13,55,26,190,4940
201411172355832,REDBL,47,55,17,190,3230
201411172355826,REDBL,13,55,17,191,3247
201411172355862,RHPC,11,25,11,470,5170
201411172356100,RMDC,44,52,500,703,351500
201411172355648,RMDC,47,48,198,717,141966
201411172356138,SANIMA,37,38,95,475,45125
201411172356102,SANIMA,29,35,100,474,47400
201411172356134,SBI,43,17,116,915,106140
201411172356071,SBI,43,1,180,925,166500
201411172356067,SBI,43,38,169,922,155818
201411172356045,SBI,43,16,313,915,286395
201411172355979,SBI,22,25,12,920,11040
201411172355868,SBI,39,39,221,920,203320
201411172356155,SBL,17,17,148,571,84508
201411172356131,SBL,17,48,132,565,74580
201411172356003,SBL,17,48,260,565,146900
201411172355900,SCB,32,3,100,1728,172800
201411172355893,SCB,53,3,300,1727,518100
201411172355871,SCB,22,17,69,1735,119715
201411172355839,SCB,11,17,31,1730,53630
201411172355827,SCB,22,17,11,1735,19085
201411172355850,SEOS,26,22,4000,10,41960
201411172355896,SETI,32,44,25,158,3950
201411172355781,SFL,52,46,132,150,19800
201411172355910,SHBL,5,7,64,386,24704
201411172355904,SHBL,5,6,10,386,3860
201411172355884,SHBL,5,48,10,386,3860
201411172355757,SHPC,41,45,18,668,12024
201411172355690,SHPC,55,38,18,675,12150
201411172355689,SHPC,41,5,18,668,12024
201411172355681,SHPC,17,5,40,670,26800
201411172356084,SIGS1,26,22,1000,15,15000
201411172355967,SIGS1,11,17,12500,15,185625
201411172355779,SIGS1,26,17,18000,15,267300
201411172355725,SIGS1,7,7,150,15,2265
201411172355663,SIGS1,26,56,10000,15,151000
201411172356012,SKBBL,11,46,200,1145,229000
201411172356006,SKBBL,42,46,400,1143,457200
201411172356002,SKBBL,40,46,200,1145,229000
201411172355997,SKBBL,40,46,200,1148,229600
201411172355758,SKBBL,57,51,29,1150,33350
201411172355738,SKBBL,10,21,129,1145,147705
201411172356053,SLICL,13,48,1084,620,672080
201411172355848,SLICL,13,56,561,620,347820
201411172355754,SLICL,42,42,57,621,35397
201411172355753,SLICL,5,42,57,622,35454
201411172356108,SRBL,13,13,48,339,16272
201411172356085,SRBL,13,13,48,340,16320
201411172356080,SRBL,13,13,48,340,16320
201411172356052,SRBL,45,25,57,336,19152
201411172355942,SRBL,13,58,17,336,5712
201411172355931,SRBL,29,38,14,341,4774
201411172356147,UFL,1,13,414,256,105984
201411172355747,UFL,1,22,209,261,54549
201411172355968,UIC,7,38,183,810,148230
201411172355665,UIC,21,45,29,825,23925
201411172355849,UNL,56,14,200,15400,3080000
201411172355998,VBBL,17,25,20,127,2540
201411172355991,VBBL,7,25,30,126,3780
201411172355965,VBBL,38,25,200,124,24800
201411172355903,VBBL,25,25,400,125,50000
201411172355837,VBBL,7,37,431,125,53875
201411172356101,YETI,1,43,11,118,1298
201411172356096,YETI,1,43,20,118,2360
201411172356027,YETI,1,25,20,118,2360
201411172356016,YETI,1,25,20,118,2360
201411172355501,ADBL,14,29,480,445,213600
201411172355500,ADBL,41,29,100,446,44600
201411172355499,ADBL,13,29,20,450,9000
201411172355382,ADBL,18,29,146,447,65262
201411172355377,ADBL,5,39,32,448,14336
201411172355217,ADBL,5,1,40,448,17920
201411172355149,ADBL,13,6,30,450,13500
201411172355306,ADBL,53,36,101,450,45450
201411172355267,ADBL,53,59,200,450,90000
201411172355241,ADBL,53,1,50,450,22500
201411172355235,ADBL,53,35,320,450,144000
201411172355230,ADBL,53,35,292,450,131400
201411172355220,ADBL,36,36,71,449,31879
201411172355581,AHPC,47,49,1000,339,339000
201411172355572,AHPC,21,35,1000,340,340000
201411172355571,AHPC,14,35,100,340,34000
201411172355535,AHPC,5,25,124,342,42408
201411172355526,AHPC,5,38,150,342,51300
201411172355174,AHPC,34,35,200,348,69600
201411172355512,AHPC,34,42,42,340,14280
201411172355506,AHPC,38,42,42,345,14490
201411172355178,AHPC,26,35,500,343,171500
201411172355177,AHPC,47,35,150,344,51600
201411172355176,AHPC,18,35,500,345,172500
201411172355175,AHPC,41,35,100,347,34700
201411172355198,AIC,26,16,200,456,91200
201411172355150,AIC,26,14,138,465,64170
201411172355261,AIC,26,20,37,447,16539
201411172355566,ALDBL,39,17,170,238,40460
201411172355310,ALDBL,39,48,10,242,2420
201411172355305,ALDBL,39,48,20,242,4840
201411172355301,ALDBL,39,48,30,242,7260
201411172355298,ALDBL,39,48,20,242,4840
201411172355294,ALDBL,39,48,50,242,12100
201411172355635,ALICL,14,33,200,1070,214000
201411172355586,ALICL,41,48,18,1075,19350
201411172355565,ALICL,49,49,545,1070,583150
201411172355528,ALICL,49,54,251,1071,268821
201411172355522,ALICL,38,16,100,1083,108300
201411172355344,ALICL,43,33,50,1091,54550
201411172355325,ALICL,5,33,200,1090,218000
201411172355221,ALICL,43,41,74,1110,82140
201411172355455,ARDBL,22,48,193,141,27213
201411172355448,ARDBL,22,39,490,141,69090
201411172355330,BGDBL,47,32,120,150,18000
201411172355573,BLDBL,16,16,259,429,111111
201411172355558,BLDBL,32,16,107,429,45903
201411172355524,BLDBL,32,6,30,429,12870
201411172355503,BLDBL,6,56,50,437,21850
201411172355482,BLDBL,43,56,50,445,22250
201411172355481,BLDBL,51,56,30,445,13350
201411172355228,BLDBL,6,59,20,413,8260
201411172355304,BLDBL,6,16,372,445,165540
201411172355295,BLDBL,6,59,500,445,222500
201411172355281,BLDBL,43,59,20,437,8740
201411172355265,BLDBL,17,59,20,429,8580
201411172355256,BLDBL,14,43,81,421,34101
201411172355253,BLDBL,43,59,20,421,8420
201411172355346,BLDBL,44,43,40,445,17800
201411172355342,BLDBL,51,45,200,445,89000
201411172355339,BLDBL,44,16,500,445,222500
201411172355323,BLDBL,51,25,56,445,24920
201411172355315,BLDBL,6,16,500,445,222500
201411172355313,BLDBL,22,25,100,445,44500
201411172355409,BLDBL,57,57,874,440,384560
201411172355400,BLDBL,6,45,200,445,89000
201411172355366,BLDBL,6,39,301,445,133945
201411172355361,BLDBL,51,26,170,445,75650
201411172355360,BLDBL,6,49,412,445,183340
201411172355352,BLDBL,44,43,40,445,17800
201411172355480,BLDBL,44,56,60,445,26700
201411172355479,BLDBL,44,56,20,445,8900
201411172355470,BLDBL,6,56,1000,439,439000
201411172355467,BLDBL,11,38,328,445,145960
201411172355443,BLDBL,44,45,100,445,44500
201411172355436,BLDBL,6,16,163,445,72535
201411172355547,BSBL,17,42,640,294,188160
201411172355375,BSBL,17,1,77,296,22792
201411172355324,BSBL,17,14,50,300,15000
201411172355285,BSBL,17,10,421,295,124195
201411172355260,BSBL,14,10,135,295,39825
201411172355207,BSBL,17,26,500,297,148500
201411172355619,BUDBL,20,51,222,175,38850
201411172355620,CBBL,39,45,21,1590,33390
201411172355614,CBBL,39,45,20,1590,31800
201411172355380,CBBL,44,44,106,1602,169812
201411172355245,CBBL,34,48,100,1595,159500
201411172355239,CBBL,45,48,58,1581,91698
201411172355223,CBBL,32,48,100,1585,158500
201411172355206,CBBL,47,18,50,1600,80000
201411172355189,CBBL,45,57,200,1581,316200
201411172355163,CBBL,52,48,98,1595,156310
201411172355613,CBL,1,48,203,250,50750
201411172355609,CBL,6,48,135,250,33750
201411172355602,CBL,25,44,135,251,33885
201411172355601,CBL,6,48,135,250,33750
201411172355593,CBL,25,44,255,251,64005
201411172355582,CBL,34,39,153,251,38403
201411172355142,CBL,47,47,26,258,6708
201411172355240,CBL,47,47,26,257,6682
201411172355222,CBL,47,47,26,257,6682
201411172355165,CBL,35,35,15,262,3930
201411172355153,CBL,47,47,26,257,6682
201411172355328,CBL,13,39,22,257,5654
201411172355284,CBL,8,49,135,256,34560
201411172355273,CBL,47,47,26,257,6682
201411172355254,CBL,13,26,135,257,34695
201411172355246,CBL,47,47,26,257,6682
201411172355416,CBL,29,38,57,256,14592
201411172355411,CBL,19,38,81,256,20736
201411172355393,CBL,43,8,918,252,231336
201411172355359,CBL,47,47,26,257,6682
201411172355348,CBL,16,38,150,255,38250
201411172355335,CBL,25,33,135,257,34695
201411172355450,CBL,25,36,44,256,11264
201411172355449,CBL,41,41,135,256,34560
201411172355441,CBL,41,41,135,256,34560
201411172355433,CBL,38,38,57,255,14535
201411172355431,CBL,25,38,57,255,14535
201411172355426,CBL,51,38,57,256,14592
201411172355473,CBL,47,47,26,256,6656
201411172355461,CBL,41,41,135,256,34560
201411172355460,CBL,47,47,26,257,6682
201411172355454,CBL,32,36,17,254,4318
201411172355453,CBL,16,36,27,255,6885
201411172355451,CBL,19,36,27,256,6912
201411172355544,CBL,7,8,713,251,178963
201411172355541,CBL,41,8,713,251,178963
201411172355537,CBL,13,26,255,252,64260
201411172355534,CBL,55,26,276,253,69828
201411172355531,CBL,41,8,1000,251,251000
201411172355510,CBL,25,38,135,254,34290
201411172355576,CBL,25,39,52,251,13052
201411172355575,CBL,25,39,52,252,13104
201411172355567,CBL,25,39,52,251,13052
201411172355563,CBL,25,38,157,253,39721
201411172355559,CBL,25,39,298,252,75096
201411172355549,CBL,14,8,2000,250,500000
201411172355518,CDBL,14,48,44,336,14784
201411172355322,CDBL,18,28,500,342,171000
201411172355321,CDBL,53,28,500,345,172500
201411172355643,CHCL,54,54,200,1485,297000
201411172355634,CHCL,22,41,54,1490,80460
201411172355589,CHCL,29,44,100,1490,149000
201411172355502,CHCL,36,36,105,1496,157080
201411172355493,CHCL,22,48,27,1490,40230
201411172355491,CHCL,57,48,47,1490,70030
201411172355155,CHCL,18,11,300,1500,450000
201411172355145,CHCL,52,33,100,1501,150100
201411172355205,CHCL,52,16,100,1498,149800
201411172355204,CHCL,54,16,207,1498,310086
201411172355190,CHCL,52,33,200,1498,299600
201411172355181,CHCL,38,50,100,1500,150000
201411172355162,CHCL,1,50,100,1501,150100
201411172355156,CHCL,1,50,100,1501,150100
201411172355249,CHCL,53,17,100,1496,149600
201411172355243,CHCL,21,33,50,1497,74850
201411172355225,CHCL,53,16,200,1496,299200
201411172355219,CHCL,3,45,67,1497,100299
201411172355214,CHCL,49,49,3149,1490,4692010
201411172355210,CHCL,3,33,200,1497,299400
201411172355371,CHCL,47,44,100,1498,149800
201411172355353,CHCL,34,44,100,1498,149800
201411172355291,CHCL,20,51,120,1496,179520
201411172355290,CHCL,20,16,200,1495,299000
201411172355259,CHCL,19,50,50,1498,74900
201411172355257,CHCL,59,16,121,1496,181016
201411172355414,CHCL,36,19,51,1495,76245
201411172355405,CHCL,14,55,20,1496,29920
201411172355396,CHCL,20,55,150,1493,223950
201411172355394,CHCL,33,51,300,1495,448500
201411172355381,CHCL,21,36,50,1497,74850
201411172355376,CHCL,47,29,126,1499,188874
201411172355487,CHCL,20,55,16,1493,23888
201411172355477,CHCL,42,36,92,1491,137172
201411172355474,CHCL,42,44,100,1498,149800
201411172355471,CHCL,16,36,92,1491,137172
201411172355446,CHCL,57,57,350,1495,523250
201411172355419,CHCL,36,36,200,1496,299200
201411172355327,CIT,49,49,157,2950,463150
201411172355258,CIVIC,21,13,53,267,14151
201411172355430,CNDBL,11,17,20,160,3200
201411172355429,CNDBL,11,17,20,160,3200
201411172355427,CNDBL,11,17,20,160,3200
201411172355424,CNDBL,11,17,20,160,3200
201411172355423,CNDBL,11,17,20,160,3200
201411172355397,CNDBL,11,58,20,160,3200
201411172355597,CZBIL,49,48,105,390,40950
201411172355159,CZBIL,17,7,90,395,35550
201411172355151,CZBIL,41,7,90,395,35550
201411172355183,CZBIL,43,7,200,393,78600
201411172355237,CZBIL,33,16,654,392,256368
201411172355218,CZBIL,58,40,378,396,149688
201411172355209,CZBIL,33,56,455,392,178360
201411172355624,DDBL,17,5,50,1280,64000
201411172355515,DDBL,17,28,50,1280,64000
201411172355437,DDBL,17,48,100,1287,128700
201411172355432,DDBL,36,48,120,1290,154800
201411172355311,DDBL,36,21,10,1290,12900
201411172355369,EBL,14,16,100,1706,170600
201411172355169,EBL,49,49,600,1740,1044000
201411172355148,EBL,14,48,92,1735,159620
201411172355527,EIC,17,14,33,873,28809
201411172355623,EKBL,13,6,33,185,6105
201411172355195,EKBL,17,14,33,186,6138
201411172355171,EKBL,32,22,300,187,56100
201411172355170,EKBL,19,22,40,188,7520
201411172355640,GBIME,39,26,100,482,48200
201411172355606,GBIME,56,39,216,475,102600
201411172355543,GBIME,42,48,22,475,10450
201411172355542,GBIME,56,56,36,480,17280
201411172355540,GBIME,56,56,36,480,17280
201411172355533,GBIME,45,48,36,475,17100
201411172355279,GBIME,45,26,70,485,33950
201411172355275,GBIME,14,26,20,491,9820
201411172355200,GBIME,45,11,304,485,147440
201411172355199,GBIME,18,44,36,490,17640
201411172355529,GBIME,56,48,63,478,30114
201411172355472,GBIME,8,26,220,480,105600
201411172355469,GBIME,8,29,180,480,86400
201411172355445,GBIME,42,26,200,481,96200
201411172355401,GBIME,22,26,100,481,48100
201411172355303,GBIME,8,26,400,481,192400
201411172355630,GRAND,51,59,100,162,16200
201411172355616,GRAND,13,21,100,162,16200
201411172355507,GRAND,13,40,100,162,16200
201411172355475,GRAND,14,40,25,162,4050
201411172355463,GRAND,26,59,500,162,81000
201411172355147,GRAND,21,59,500,162,81000
201411172355143,GRAND,21,59,500,163,81500
201411172355196,GRAND,51,59,500,162,81000
201411172355182,GRAND,17,39,16,165,2640
201411172355168,GRAND,4,59,500,162,81000
201411172355166,GRAND,52,43,500,162,81000
201411172355161,GRAND,25,39,36,165,5940
201411172355263,GRAND,25,56,82,163,13366
201411172355242,GRAND,51,56,347,162,56214
201411172355238,GRAND,29,59,500,162,81000
201411172355440,GRAND,22,40,200,162,32400
201411172355387,GRAND,59,59,500,162,81000
201411172355345,GRAND,21,59,500,162,81000
201411172355337,GRAND,21,16,548,162,88776
201411172355334,GRAND,51,16,400,162,64800
201411172355271,GRAND,17,16,206,162,33372
201411172355408,HBL,16,17,486,824,400464
201411172355388,HBL,6,40,28,825,23100
201411172355384,HBL,53,40,75,826,61950
201411172355600,HDL,26,46,30,283,8490
201411172355596,HDL,56,46,10,278,2780
201411172355595,HDL,34,46,10,273,2730
201411172355585,HDL,13,46,10,268,2680
201411172355615,INDBL,13,56,97,170,16490
201411172355312,INDBL,25,6,44,171,7524
201411172355519,JBNL,41,41,172,230,39560
201411172355508,JBNL,41,41,172,230,39560
201411172355497,JBNL,41,41,172,230,39560
201411172355490,JBNL,39,22,279,230,64170
201411172355202,JBNL,39,33,38,234,8892
201411172355146,JEFL,25,28,50,149,7450
201411172355379,KAFIL,1,22,300,188,56400
201411172355447,KEBL,28,28,12,324,3888
201411172355496,KKBL,45,45,560,330,184800
201411172355516,KMCDB,11,29,10,620,6200
201411172355269,LBL,42,48,50,476,23800
201411172355370,LFLC,32,14,210,201,42210
201411172355266,LGIL,50,55,24,413,9912
201411172355216,LGIL,35,10,45,417,18765
201411172355193,LGIL,34,45,18,417,7506
201411172355617,LICN,43,1,26,3130,81380
201411172355574,LICN,32,16,150,3120,468000
201411172355604,LUBL,50,11,130,307,39910
201411172355603,LUBL,50,11,254,305,77470
201411172355422,MBBL,32,1,50,144,7200
201411172355627,MBL,49,55,1366,488,666608
201411172355608,MBL,43,22,200,490,98000
201411172355564,MBL,14,48,1000,488,488000
201411172355532,MBL,39,39,500,490,245000
201411172355505,MBL,54,17,198,492,97416
201411172355492,MBL,25,8,300,490,147000
201411172355314,MBL,50,37,13,497,6461
201411172355282,MBL,50,37,100,497,49700
201411172355268,MBL,35,37,134,495,66330
201411172355262,MBL,38,38,3115,494,1538810
201411172355201,MBL,13,45,60,498,29880
201411172355459,MBL,25,22,436,491,214076
201411172355420,MBL,25,48,257,492,126444
201411172355413,MBL,39,48,1000,490,490000
201411172355407,MBL,54,48,300,492,147600
201411172355391,MBL,41,45,54,494,26676
201411172355386,MBL,4,29,576,492,283392
201411172355633,MDB,6,3,14,416,5824
201411172355605,MDBL,6,29,89,155,13795
201411172355599,MEGA,22,48,32,335,10720
201411172355577,MEGA,56,52,32,335,10720
201411172355562,MEGA,42,52,32,335,10720
201411172355536,MEGA,22,44,42,335,14070
201411172355530,MEGA,22,44,32,335,10720
201411172355486,MEGA,52,44,49,330,16170
201411172355319,MEGA,57,1,32,348,11136
201411172355277,MEGA,56,59,235,350,82250
201411172355157,MEGA,22,41,202,347,70094
201411172355404,MEGA,41,41,32,343,10976
201411172355392,MEGA,38,52,32,344,11008
201411172355367,MEGA,57,55,73,350,25550
201411172355350,MEGA,22,55,499,346,172654
201411172355347,MEGA,56,26,446,347,154762
201411172355343,MEGA,39,39,256,348,89088
201411172355434,MEGA,22,26,31,334,10354
201411172355425,MEGA,58,5,13,340,4420
201411172355418,MEGA,41,41,32,342,10944
201411172355412,MEGA,41,41,32,342,10944
201411172355410,MEGA,22,52,32,340,10880
201411172355406,MEGA,45,26,42,341,14322
201411172355336,MLBBL,49,38,10,805,8050
201411172355331,MMDBL,18,19,10,404,4040
201411172355255,MPFL,1,41,40,117,4680
201411172355403,NABIL,26,11,61,1643,100223
201411172355378,NABIL,42,17,468,1643,768924
201411172355250,NABIL,33,11,16,1676,26816
201411172355248,NABIL,28,11,18,1678,30204
201411172355247,NABIL,28,11,30,1678,50340
201411172355229,NABIL,22,11,142,1675,237850
201411172355456,NBB,18,48,300,476,142800
201411172355402,NBB,3,43,10,485,4850
201411172355399,NBB,18,43,200,481,96200
201411172355395,NBB,17,43,200,482,96400
201411172355318,NBB,1,1,100,490,49000
201411172355316,NBB,17,42,15,490,7350
201411172355297,NBB,26,43,100,493,49300
201411172355466,NBBL,43,51,50,1795,89750
201411172355525,NBF1,8,40,4575,13,59841
201411172355488,NBF1,17,40,2997,13,39351
201411172355484,NBF1,42,44,899,13,11957
201411172355308,NBF1,26,46,9149,13,119852
201411172355550,NBL,10,8,500,353,176500
201411172355302,NBL,41,42,352,360,126720
201411172355280,NBL,41,44,100,362,36200
201411172355276,NBL,22,56,500,360,180000
201411172355274,NBL,47,56,500,360,180000
201411172355236,NBL,8,45,177,361,63897
201411172355628,NCCB,54,40,475,505,239875
201411172355546,NCCB,14,45,60,506,30360
201411172355251,NCCB,21,50,410,515,211150
201411172355244,NCCB,11,40,231,520,120120
201411172355194,NCCB,8,14,378,520,196560
201411172355188,NCCB,10,26,500,525,262500
201411172355187,NCCB,41,26,200,526,105200
201411172355180,NCCB,6,26,100,536,53600
201411172355172,NCCB,49,26,100,536,53600
201411172355185,NCM,28,45,100,212,21200
201411172355622,NHPC,59,26,500,119,59500
201411172355539,NHPC,11,8,1000,117,117000
201411172355511,NHPC,34,56,1000,119,119000
201411172355373,NHPC,28,10,1000,119,119000
201411172355338,NHPC,34,59,1000,121,121000
201411172355296,NHPC,3,6,200,123,24600
201411172355283,NHPC,17,48,500,124,62000
201411172355264,NHPC,34,56,1000,123,123000
201411172355444,NIB,17,17,54,687,37098
201411172355442,NIB,33,17,300,687,206100
201411172355438,NIB,52,17,100,688,68800
201411172355435,NIB,22,17,103,690,71070
201411172355374,NIB,17,48,144,690,99360
201411172355234,NIB,47,56,100,695,69500
201411172355184,NIB,1,56,106,695,73670
201411172355639,NICA,22,48,70,712,49840
201411172355625,NICA,41,5,300,717,215100
201411172355610,NICA,1,5,110,712,78320
201411172355591,NICA,26,5,119,710,84490
201411172355561,NICA,22,25,120,712,85440
201411172355560,NICA,44,25,475,709,336775
201411172355372,NICA,17,5,51,715,36465
201411172355167,NICA,52,55,300,715,214500
201411172355160,NICA,1,55,300,716,214800
201411172355154,NICA,44,55,1000,712,712000
201411172355197,NLBBL,28,17,100,1153,115300
201411172355144,NLBBL,29,29,50,1160,58000
201411172355584,NLIC,26,26,100,3995,399500
201411172355592,NLICL,22,19,142,2066,293372
201411172355272,NLICL,14,14,96,2108,202368
201411172355642,NTC,41,48,200,600,120000
201411172355390,OHL,22,16,150,629,94350
201411172355483,PADBL,14,48,148,338,50024
201411172355494,PCBL,13,5,159,459,72981
201411172355485,PCBL,41,41,26,462,12012
201411172355462,PCBL,38,7,190,459,87210
201411172355458,PCBL,32,7,58,461,26738
201411172355457,PCBL,13,42,220,459,100980
201411172355452,PCBL,22,5,159,462,73458
201411172355179,PCBL,20,48,89,475,42275
201411172355307,PCBL,13,45,132,467,61644
201411172355300,PCBL,32,40,55,468,25740
201411172355289,PCBL,25,45,50,470,23500
201411172355233,PCBL,32,5,159,471,74889
201411172355232,PCBL,51,22,100,474,47400
201411172355231,PCBL,25,22,50,475,23750
201411172355618,PIC,32,48,68,770,52360
201411172355421,PLIC,44,35,500,938,469000
201411172355385,PLIC,14,38,21,941,19761
201411172355645,PURBL,47,3,10,344,3440
201411172355644,PURBL,47,3,10,344,3440
201411172355607,REDBL,52,20,1000,191,191000
201411172355356,REDBL,47,42,500,193,96500
201411172355355,REDBL,47,42,500,193,96500
201411172355354,REDBL,40,42,100,194,19400
201411172355351,REDBL,4,42,200,196,39200
201411172355545,RHPC,17,44,14,475,6650
201411172355358,RHPC,38,58,11,475,5225
201411172355349,RHPC,11,58,11,475,5225
201411172355637,RMDC,14,26,33,727,23991
201411172355626,RMDC,13,7,33,731,24123
201411172355498,RMDC,39,11,33,731,24123
201411172355476,RMDC,14,21,33,731,24123
201411172355579,SADBL,47,48,100,285,28500
201411172355468,SADBL,46,45,275,290,79750
201411172355587,SANIMA,7,45,175,475,83125
201411172355580,SANIMA,16,35,80,475,38000
201411172355568,SANIMA,7,29,50,480,24000
201411172355551,SANIMA,14,35,200,472,94400
201411172355509,SANIMA,16,45,20,475,9500
201411172355489,SANIMA,54,16,416,472,196352
201411172355439,SANIMA,33,5,308,472,145376
201411172355383,SANIMA,53,16,500,473,236500
201411172355158,SBBLJ,25,56,34,477,16218
201411172355570,SBI,14,56,108,915,98820
201411172355495,SBI,11,22,101,916,92516
201411172355226,SBI,10,36,200,916,183200
201411172355213,SBI,28,26,471,918,432378
201411172355317,SBL,13,48,64,571,36544
201411172355211,SBL,17,1,288,570,164160
201411172355208,SBL,13,26,200,571,114200
201411172355203,SBL,13,26,230,571,131330
201411172355191,SBL,6,26,50,580,29000
201411172355287,SCB,39,17,18,1735,31230
201411172355365,SDBL,47,29,460,137,63020
201411172355556,SHBL,45,48,10,393,3930
201411172355555,SHBL,45,48,10,393,3930
201411172355554,SHBL,45,48,10,393,3930
201411172355553,SHBL,45,48,10,393,3930
201411172355552,SHBL,45,48,10,393,3930
201411172355292,SHBL,5,11,10,393,3930
201411172355286,SHBL,5,11,10,393,3930
201411172355252,SHBL,45,39,36,394,14184
201411172355224,SHBL,45,39,10,394,3940
201411172355398,SHBL,5,39,20,393,7860
201411172355299,SHBL,5,22,10,393,3930
201411172355293,SHBL,5,11,10,393,3930
201411172355629,SHPC,17,48,10,670,6700
201411172355612,SHPC,19,36,100,671,67100
201411172355521,SHPC,41,44,18,670,12060
201411172355504,SHPC,43,11,18,670,12060
201411172355288,SHPC,6,16,84,668,56112
201411172355270,SHPC,48,38,383,676,258908
201411172355227,SICL,57,16,84,790,66360
201411172355641,SIGS1,26,17,4900,15,73500
201411172355638,SIGS1,26,17,10000,15,150000
201411172355598,SIGS1,26,17,4100,15,61500
201411172355594,SIGS1,26,22,4000,15,60040
201411172355583,SIGS1,26,6,10000,15,150000
201411172355548,SIGS1,26,47,20000,15,300000
201411172355538,SIGS1,26,48,1000,15,15010
201411172355611,SKBBL,6,57,107,1146,122622
201411172355578,SKBBL,11,54,43,1150,49450
201411172355569,SKBBL,17,54,89,1150,102350
201411172355557,SKBBL,14,43,12,1152,13824
201411172355517,SKBBL,11,36,57,1150,65550
201411172355514,SKBBL,42,36,57,1151,65607
201411172355428,SKBBL,17,48,200,1150,230000
201411172355212,SKBBL,17,56,91,1166,106106
201411172355152,SKBBL,43,44,19,1167,22173
201411172355636,SLBBL,56,18,10,1938,19380
201411172355417,SLICL,22,59,190,630,119700
201411172355389,SLICL,13,34,46,637,29302
201411172355340,SLICL,5,22,200,640,128000
201411172355632,SRBL,29,29,390,341,132990
201411172355631,SRBL,45,29,610,341,208010
201411172355590,SRBL,41,39,48,345,16560
201411172355588,SRBL,13,52,89,343,30527
201411172355523,SRBL,13,25,22,345,7590
201411172355341,SRBL,52,10,81,347,28107
201411172355333,SRBL,45,10,390,345,134550
201411172355320,SRBL,53,40,247,346,85462
201411172355192,SRBL,53,29,316,346,109336
201411172355186,SRBL,13,29,200,347,69400
201411172355173,SRBL,14,1,161,350,56350
201411172355364,SUBBL,39,42,100,273,27300
201411172355363,SUBBL,43,42,50,273,13650
201411172355362,SUBBL,16,42,200,274,54800
201411172355520,TRH,39,45,70,280,19600
201411172355368,UIC,48,48,200,841,168200
201411172355357,UIC,25,48,200,850,170000
201411172355215,UIC,43,48,200,855,171000
201411172355513,VBBL,39,5,70,127,8890
201411172355415,VBBL,7,54,970,126,122220
201411172355332,VBBL,39,26,30,127,3810
201411172355329,VBBL,17,26,30,127,3810
201411172355326,VBBL,17,26,30,127,3810
201411172355164,VBBL,49,5,20,128,2560
201411172355309,WDBL,16,17,104,200,20800
201411172355125,ADBL,53,32,350,448,156800
201411172355066,ADBL,53,48,90,448,40320
201411172355018,ADBL,36,36,71,453,32163
201411172355010,ADBL,36,36,145,453,65685
201411172355108,AHPC,26,35,470,350,164500
201411172355107,AHPC,13,35,130,351,45630
201411172355106,AHPC,43,35,100,351,35100
201411172355105,AHPC,19,35,100,352,35200
201411172355104,AHPC,13,35,150,352,52800
201411172355103,AHPC,22,35,50,355,17750
201411172355043,AHPC,45,29,62,354,21948
201411172354920,AHPC,34,51,204,354,72216
201411172354899,AHPC,34,14,124,352,43648
201411172354779,AHPC,11,14,65,350,22750
201411172355015,AIC,26,14,19,474,9006
201411172354778,ALDBL,39,10,20,245,4900
201411172355054,ALICL,14,48,59,1105,65195
201411172355052,ALICL,14,48,20,1105,22100
201411172354953,APEX,7,25,20,129,2580
201411172354952,APEX,7,11,40,129,5160
201411172354951,APEX,7,11,40,129,5160
201411172354994,ARDBL,39,17,31,143,4433
201411172354990,ARDBL,22,48,42,142,5964
201411172354959,ARDBL,22,44,52,142,7384
201411172354957,ARDBL,22,44,52,142,7384
201411172354775,BNT,38,38,100,1825,182500
201411172355094,BSBL,17,56,30,300,9000
201411172355084,BSBL,17,28,782,298,233036
201411172355046,BSBL,17,10,120,298,35760
201411172354719,BSBL,39,39,24,301,7224
201411172354717,BSBL,39,39,49,301,14749
201411172354716,BSBL,39,39,37,301,11137
201411172354715,BSBL,39,39,49,301,14749
201411172354934,BSBL,42,38,30,300,9000
201411172354933,BSBL,17,38,30,300,9000
201411172354926,BSBL,17,38,30,300,9000
201411172354861,BSBL,17,32,853,303,258459
201411172354750,BSBL,17,36,285,300,85500
201411172355003,BSBL,17,7,49,300,14700
201411172355001,BSBL,17,28,19,300,5700
201411172354942,BSBL,17,38,30,300,9000
201411172354941,BSBL,42,38,30,300,9000
201411172354938,BSBL,42,38,30,300,9000
201411172355051,CBBL,47,43,50,1600,80000
201411172354995,CBBL,36,43,32,1600,51200
201411172354989,CBBL,34,33,100,1600,160000
201411172354987,CBBL,50,33,200,1595,319000
201411172354978,CBBL,28,33,200,1596,319200
201411172354972,CBBL,49,49,420,1595,669900
201411172354940,CBBL,11,33,100,1610,161000
201411172354907,CBBL,36,47,158,1610,254380
201411172354904,CBBL,39,33,100,1600,160000
201411172354762,CBBL,45,45,105,1600,168000
201411172354735,CBBL,34,34,100,1600,160000
201411172355133,CBL,16,1,122,256,31232
201411172355130,CBL,8,28,27,257,6939
201411172355128,CBL,25,1,122,256,31232
201411172355098,CBL,1,44,49,257,12593
201411172355077,CBL,17,8,837,254,212598
201411172355068,CBL,13,43,53,257,13621
201411172354758,CBL,41,26,82,259,21238
201411172354791,CBL,11,26,112,258,28896
201411172354790,CBL,25,26,82,259,21238
201411172354787,CBL,34,42,27,260,7020
201411172354774,CBL,35,36,17,265,4505
201411172354766,CBL,25,42,27,260,7020
201411172354764,CBL,35,35,17,264,4488
201411172354855,CBL,13,8,130,255,33150
201411172354844,CBL,52,8,104,256,26624
201411172354838,CBL,25,8,135,256,34560
201411172354833,CBL,25,8,525,256,134400
201411172354830,CBL,25,8,160,256,40960
201411172354815,CBL,10,50,237,260,61620
201411172354903,CBL,16,16,108,254,27432
201411172354894,CBL,16,16,125,254,31750
201411172354890,CBL,16,8,135,255,34425
201411172354870,CBL,32,45,39,255,9945
201411172354862,CBL,25,47,500,255,127500
201411172354859,CBL,13,8,131,255,33405
201411172354981,CBL,17,8,1009,254,256286
201411172354977,CBL,8,8,1000,255,255000
201411172354914,CBL,32,47,1000,255,255000
201411172354911,CBL,18,8,316,255,80580
201411172354906,CBL,25,16,111,255,28305
201411172354905,CCBL,35,35,10,268,2680
201411172354896,CCBL,35,35,10,266,2660
201411172354891,CCBL,35,35,10,263,2630
201411172354886,CCBL,45,42,61,258,15738
201411172354819,CCBL,25,58,10,257,2570
201411172354817,CCBL,25,10,16,256,4096
201411172354792,CCBL,35,58,10,257,2570
201411172354883,CCBL,45,48,80,260,20800
201411172354868,CCBL,35,35,10,265,2650
201411172354857,CCBL,35,35,10,261,2610
201411172354834,CCBL,35,35,10,260,2600
201411172354831,CCBL,50,32,276,255,70380
201411172354822,CCBL,35,35,10,260,2600
201411172354993,CDBL,53,49,17,345,5865
201411172354991,CDBL,53,49,70,345,24150
201411172354915,CDBL,18,42,46,348,16008
201411172354939,CEDBL,47,28,84,228,19152
201411172355136,CHCL,7,17,100,1503,150300
201411172355110,CHCL,5,50,50,1510,75500
201411172355097,CHCL,42,14,60,1510,90600
201411172355079,CHCL,42,17,105,1515,159075
201411172355059,CHCL,8,17,30,1513,45390
201411172355053,CHCL,48,11,110,1509,165990
201411172354973,CHCL,1,17,54,1530,82620
201411172354967,CHCL,14,17,100,1530,153000
201411172354893,CHCL,36,38,14,1535,21490
201411172354828,CHCL,59,59,127,1539,195453
201411172354820,CHCL,36,36,78,1535,119730
201411172354816,CHCL,36,45,98,1540,150920
201411172355023,CHCL,14,50,50,1515,75750
201411172355019,CHCL,44,33,500,1512,756000
201411172355014,CHCL,11,50,30,1520,45600
201411172355013,CHCL,3,50,20,1521,30420
201411172354992,CHCL,14,38,64,1526,97664
201411172354976,CHCL,43,17,50,1530,76500
201411172355021,CIT,14,21,40,2950,118000
201411172354773,CIT,17,49,30,3000,90000
201411172355117,CNDBL,11,17,20,160,3200
201411172355081,CNDBL,11,17,20,160,3200
201411172355078,CNDBL,11,17,20,160,3200
201411172355076,CNDBL,11,17,20,160,3200
201411172355074,CNDBL,11,17,20,160,3200
201411172355067,CNDBL,11,17,20,160,3200
201411172355063,CNDBL,11,17,20,160,3200
201411172355056,CNDBL,11,17,20,160,3200
201411172355049,CNDBL,11,17,20,160,3200
201411172354985,CNDBL,11,17,20,160,3200
201411172355126,CZBIL,43,16,189,400,75600
201411172355121,CZBIL,5,47,21,400,8400
201411172355111,CZBIL,43,22,210,400,84000
201411172354776,CZBIL,43,43,31,400,12400
201411172354769,CZBIL,5,59,175,400,70000
201411172354789,CZBIL,8,45,84,405,34020
201411172354783,CZBIL,8,33,189,405,76545
201411172354780,CZBIL,5,59,180,400,72000
201411172354924,EKBL,32,17,500,190,95000
201411172354889,EKBL,32,17,500,190,95000
201411172354788,EKBL,18,22,33,188,6204
201411172354786,EKBL,18,22,33,188,6204
201411172354785,EKBL,18,22,33,188,6204
201411172354782,EKBL,18,22,33,188,6204
201411172354681,EKBL,58,58,13,186,2418
201411172354687,EKBL,58,58,13,186,2418
201411172354686,EKBL,58,58,13,186,2418
201411172354685,EKBL,58,58,13,186,2418
201411172354684,EKBL,58,58,13,186,2418
201411172354683,EKBL,58,58,13,186,2418
201411172354682,EKBL,58,58,13,186,2418
201411172354710,EKBL,58,58,13,186,2418
201411172354709,EKBL,58,58,13,186,2418
201411172354708,EKBL,58,58,13,186,2418
201411172354707,EKBL,58,58,13,186,2418
201411172354706,EKBL,58,58,13,186,2418
201411172354701,EKBL,58,58,13,186,2418
201411172354720,EKBL,58,58,13,186,2418
201411172354718,EKBL,58,58,13,186,2418
201411172354714,EKBL,58,58,13,186,2418
201411172354713,EKBL,58,58,16,186,2976
201411172354712,EKBL,58,58,13,186,2418
201411172354711,EKBL,58,58,13,186,2418
201411172354726,EKBL,58,58,13,186,2418
201411172354725,EKBL,58,58,13,186,2418
201411172354724,EKBL,58,58,13,186,2418
201411172354723,EKBL,58,58,13,186,2418
201411172354722,EKBL,58,58,13,186,2418
201411172354721,EKBL,58,58,13,186,2418
201411172354781,EKBL,18,22,33,188,6204
201411172354732,EKBL,58,58,13,186,2418
201411172354731,EKBL,58,58,13,186,2418
201411172354730,EKBL,58,58,13,186,2418
201411172354729,EKBL,58,58,13,186,2418
201411172354728,EKBL,58,58,13,186,2418
201411172355083,GBIME,57,50,100,490,49000
201411172355082,GBIME,17,50,50,490,24500
201411172355075,GBIME,16,50,98,490,48020
201411172355020,GBIME,42,38,17,499,8483
201411172354956,GBIME,25,59,65,490,31850
201411172354922,GBIME,45,40,72,490,35280
201411172354908,GBIME,17,26,150,490,73500
201411172354897,GBIME,18,32,500,490,245000
201411172355134,GLICL,6,28,97,540,52380
201411172355138,GRAND,42,59,1000,163,163000
201411172355137,GRAND,45,59,1000,163,163000
201411172355131,GRAND,38,59,500,166,83000
201411172354875,GRAND,17,48,118,174,20532
201411172354827,GRAND,17,43,152,177,26904
201411172354825,GRAND,29,32,300,177,53100
201411172355060,GRAND,42,51,1000,165,165000
201411172354966,GRAND,45,59,500,168,84000
201411172354964,GRAND,22,41,100,171,17100
201411172354948,GRAND,14,14,50,171,8550
201411172354913,GRAND,58,43,100,174,17400
201411172354912,GRAND,17,44,221,171,37791
201411172354892,IDBL,32,29,261,169,44109
201411172354887,IDBL,32,44,336,169,56784
201411172354811,IDBL,29,48,11,167,1837
201411172355129,INDBL,13,32,141,172,24252
201411172354937,INDBL,13,41,88,174,15312
201411172355139,JBNL,7,42,825,235,193875
201411172355086,JBNL,7,44,38,238,9044
201411172355002,JBNL,14,28,69,242,16698
201411172354946,JBNL,14,42,130,242,31460
201411172354884,KADBL,21,21,22,360,7920
201411172354874,KADBL,21,21,22,360,7920
201411172354873,KADBL,21,21,22,360,7920
201411172354871,KADBL,21,21,14,360,5040
201411172355132,KBBL,6,14,50,385,19250
201411172354961,KBBL,32,32,1460,385,562100
201411172354848,KBBL,6,38,100,385,38500
201411172354748,KBBL,14,14,20,390,7800
201411172355109,KBL,41,10,85,375,31875
201411172355069,LFLC,32,25,57,205,11685
201411172354680,LLBS,34,53,10,405,4050
201411172355115,MBBL,32,3,11,146,1606
201411172355124,MBL,42,42,789,499,393711
201411172355119,MBL,42,17,354,497,175938
201411172355065,MBL,25,36,500,497,248500
201411172355044,MBL,17,42,70,500,35000
201411172355041,MBL,17,42,130,500,65000
201411172355040,MBL,34,42,170,500,85000
201411172354771,MBL,17,26,1000,504,504000
201411172354761,MBL,35,35,3533,500,1766500
201411172354757,MBL,58,20,153,502,76806
201411172354753,MBL,34,44,138,503,69414
201411172354864,MBL,36,43,200,504,100800
201411172354852,MBL,41,26,482,500,241000
201411172354851,MBL,49,26,308,501,154308
201411172354850,MBL,36,43,200,504,100800
201411172354835,MBL,51,39,303,504,152712
201411172354809,MBL,36,28,100,504,50400
201411172354971,MBL,34,32,906,500,453000
201411172354960,MBL,1,33,480,500,240000
201411172354954,MBL,48,52,436,502,218872
201411172354944,MBL,13,42,100,505,50500
201411172354943,MBL,17,42,60,505,30300
201411172354867,MBL,20,39,1000,501,501000
201411172355027,MBL,50,42,100,504,50400
201411172355026,MBL,1,42,100,504,50400
201411172355016,MBL,36,7,13,504,6552
201411172355011,MBL,51,32,147,501,73647
201411172354996,MBL,14,43,49,505,24745
201411172354988,MBL,34,28,330,500,165000
201411172355033,MBL,58,42,50,502,25100
201411172355032,MBL,34,42,100,502,50200
201411172355031,MBL,40,42,100,503,50300
201411172355030,MBL,40,42,100,503,50300
201411172355029,MBL,50,42,100,503,50300
201411172355028,MBL,50,42,50,503,25150
201411172355039,MBL,5,42,200,500,100000
201411172355038,MBL,1,42,280,500,140000
201411172355037,MBL,1,42,20,500,10000
201411172355036,MBL,29,42,100,500,50000
201411172355035,MBL,49,42,300,500,150000
201411172355034,MBL,50,42,100,500,50000
201411172354998,MDB,17,3,14,423,5922
201411172354997,MDB,17,3,14,423,5922
201411172355116,MEGA,33,42,20,352,7040
201411172354936,MEGA,35,35,10,359,3590
201411172354923,MEGA,35,35,10,352,3520
201411172354841,MEGA,22,42,32,346,11072
201411172354840,MEGA,22,42,32,346,11072
201411172354836,MEGA,22,42,32,346,11072
201411172354767,MEGA,22,42,32,346,11072
201411172354765,MEGA,22,42,32,346,11072
201411172354763,MEGA,22,42,32,346,11072
201411172354733,MEGA,22,42,32,346,11072
201411172354965,MLBBL,1,1,10,807,8070
201411172355024,MMDBL,18,41,10,410,4100
201411172354930,MMDBL,18,59,10,416,4160
201411172354860,MMDBL,18,49,10,424,4240
201411172354807,MPFL,1,49,40,117,4680
201411172354806,MPFL,1,49,40,117,4680
201411172354805,MPFL,1,49,20,117,2340
201411172354804,MPFL,1,49,40,117,4680
201411172354803,MPFL,1,49,40,117,4680
201411172354802,MPFL,1,49,40,117,4680
201411172354795,MPFL,1,49,20,117,2340
201411172354794,MPFL,1,49,40,117,4680
201411172354801,MPFL,1,49,40,117,4680
201411172354800,MPFL,1,49,20,117,2340
201411172354799,MPFL,1,49,40,117,4680
201411172354798,MPFL,1,49,20,117,2340
201411172354797,MPFL,1,49,20,117,2340
201411172354796,MPFL,1,49,40,117,4680
201411172355093,NBB,43,43,10,503,5030
201411172354980,NBB,43,43,10,513,5130
201411172354770,NBB,25,55,10,523,5230
201411172354768,NBB,25,55,10,523,5230
201411172354756,NBB,25,55,10,513,5130
201411172354755,NBB,25,55,10,513,5130
201411172354752,NBB,25,55,10,503,5030
201411172354751,NBB,25,49,100,502,50200
201411172354986,NBBL,43,55,11,1830,20130
201411172354969,NBBL,26,51,10,1851,18510
201411172354919,NBBL,22,51,100,1815,181500
201411172354777,NBBL,18,16,11,1850,20350
201411172354772,NBBL,18,51,10,1864,18640
201411172354935,NBF1,26,58,1259,13,16808
201411172354856,NBF1,17,10,539,13,7169
201411172354975,NBL,43,59,1000,360,360000
201411172354921,NBL,43,6,1000,360,360000
201411172354918,NBL,48,6,1000,360,360000
201411172354902,NBL,1,1,51,365,18615
201411172354759,NBL,47,16,483,367,177261
201411172355096,NCCB,25,40,20,544,10880
201411172355088,NCCB,28,40,40,544,21760
201411172355080,NCCB,28,40,50,544,27200
201411172355050,NCCB,25,40,80,544,43520
201411172355005,NCCB,8,40,100,546,54600
201411172354793,NCCB,39,17,21,536,11256
201411172354842,NCCB,32,36,25,555,13875
201411172354821,NCCB,8,33,50,555,27750
201411172354814,NCCB,8,17,21,545,11445
201411172354813,NCCB,25,17,52,545,28340
201411172354808,NCCB,10,32,500,535,267500
201411172354869,NCM,55,55,233,216,50328
201411172354970,NHPC,21,54,1000,125,125000
201411172354784,NHPC,10,56,2000,127,254000
201411172354979,NIB,6,45,103,700,72100
201411172354898,NIB,1,45,103,700,72100
201411172355123,NICA,13,13,30,720,21600
201411172355114,NICA,41,48,115,721,82915
201411172355061,NICA,14,42,200,724,144800
201411172355058,NICA,47,35,500,720,360000
201411172355055,NICA,32,42,100,725,72500
201411172354895,NICA,44,55,1000,721,721000
201411172354865,NICA,14,35,10,730,7300
201411172354810,NICA,14,59,120,730,87600
201411172354749,NICA,11,42,22,725,15950
201411172355092,NLG,35,35,13,816,10608
201411172355007,NLG,43,43,13,800,10400
201411172354974,NLG,13,45,26,797,20722
201411172354962,NLG,35,35,13,813,10569
201411172354945,NLG,35,10,13,813,10569
201411172354747,NLG,36,36,26,829,21554
201411172354740,NLG,36,36,26,820,21320
201411172354739,NLG,36,36,26,820,21320
201411172354738,NLG,36,36,26,820,21320
201411172354737,NLG,36,22,13,820,10660
201411172354736,NLG,36,22,14,820,11480
201411172354734,NLG,36,22,13,820,10660
201411172354746,NLG,36,36,26,820,21320
201411172354745,NLG,36,36,26,820,21320
201411172354744,NLG,36,36,26,820,21320
201411172354743,NLG,36,36,26,820,21320
201411172354742,NLG,36,36,26,820,21320
201411172354741,NLG,36,36,26,820,21320
201411172355009,NNLB,8,51,10,725,7250
201411172355008,NNLB,8,7,30,725,21750
201411172355000,NTC,13,47,100,600,60000
201411172355012,NUBL,21,21,100,1480,148000
201411172355100,PADBL,14,14,336,344,115584
201411172355112,PCBL,52,19,19,478,9082
201411172355064,PCBL,44,44,548,477,261396
201411172355045,PCBL,32,59,168,475,79800
201411172355017,PCBL,13,13,22,476,10472
201411172354963,PCBL,20,45,77,475,36575
201411172354928,PCBL,22,45,197,473,93181
201411172354925,PCBL,52,45,17,476,8092
201411172355135,PURBL,17,11,11,350,3850
201411172354900,PURBL,44,11,11,355,3905
201411172354932,REDBL,43,26,553,199,110047
201411172354927,REDBL,43,6,17,198,3366
201411172354949,RHPC,11,47,10,480,4800
201411172354847,RHPC,11,42,11,486,5346
201411172354843,RHPC,11,42,11,486,5346
201411172355095,RLFL,29,29,50,147,7350
201411172355085,RLFL,29,29,50,147,7350
201411172355102,RMDC,13,22,18,735,13230
201411172354705,RMDC,39,39,33,740,24420
201411172354704,RMDC,39,39,33,740,24420
201411172354703,RMDC,39,39,33,740,24420
201411172354702,RMDC,39,39,33,740,24420
201411172354700,RMDC,39,39,33,740,24420
201411172354693,RMDC,39,39,33,740,24420
201411172354692,RMDC,39,39,33,740,24420
201411172354691,RMDC,39,39,33,740,24420
201411172354690,RMDC,39,39,33,740,24420
201411172354689,RMDC,39,39,33,740,24420
201411172354688,RMDC,39,39,33,740,24420
201411172354699,RMDC,39,39,33,740,24420
201411172354698,RMDC,39,39,33,740,24420
201411172354697,RMDC,39,39,33,740,24420
201411172354696,RMDC,39,39,33,740,24420
201411172354695,RMDC,39,39,33,740,24420
201411172354694,RMDC,39,39,33,740,24420
201411172355101,SADBL,46,45,275,290,79750
201411172354909,SANIMA,43,59,92,478,43976
201411172354845,SBL,14,16,148,585,86580
201411172354839,SBL,14,59,50,580,29000
201411172354999,SETI,7,7,20,161,3220
201411172354818,SFFIL,26,14,10,92,920
201411172355141,SHBL,45,39,30,394,11820
201411172355120,SHBL,5,16,10,393,3930
201411172355118,SHBL,5,16,10,393,3930
201411172355113,SHBL,5,16,10,393,3930
201411172355090,SHBL,5,16,10,393,3930
201411172354968,SHBL,5,48,64,401,25664
201411172354849,SHBL,21,36,52,403,20956
201411172354760,SHBL,5,5,10,408,4080
201411172354754,SHBL,22,22,10,400,4000
201411172355025,SHL,57,49,1000,590,590000
201411172355140,SHPC,43,11,18,677,12186
201411172355073,SHPC,58,36,110,680,74800
201411172355072,SHPC,41,36,70,681,47670
201411172355071,SHPC,55,36,300,682,204600
201411172355057,SHPC,53,38,397,680,269960
201411172355022,SHPC,43,33,18,682,12276
201411172354823,SHPC,39,29,18,681,12258
201411172354812,SHPC,58,29,18,680,12240
201411172354846,SHPC,55,6,18,680,12240
201411172354837,SHPC,55,6,10,680,6800
201411172354832,SHPC,5,6,18,680,12240
201411172354829,SHPC,58,6,18,680,12240
201411172354826,SHPC,55,6,18,680,12240
201411172354824,SHPC,39,29,18,681,12258
201411172354885,SHPC,55,6,18,682,12276
201411172354872,SHPC,55,6,18,682,12276
201411172354866,SHPC,41,6,18,681,12258
201411172354863,SHPC,41,6,18,682,12276
201411172354858,SHPC,41,6,10,682,6820
201411172354853,SHPC,41,6,10,681,6810
201411172354984,SHPC,41,36,430,681,292830
201411172354983,SHPC,19,36,70,681,47670
201411172354982,SHPC,41,36,500,682,341000
201411172354929,SHPC,43,17,18,683,12294
201411172354910,SHPC,19,46,10,681,6810
201411172354888,SHPC,55,6,18,683,12294
201411172354947,SICL,28,21,100,786,78600
201411172355070,SKBBL,17,59,80,1166,93280
201411172355048,SKBBL,49,59,44,1170,51480
201411172355047,SKBBL,49,25,19,1185,22515
201411172355042,SKBBL,11,46,16,1184,18944
201411172355099,SLICL,39,22,57,641,36537
201411172355089,SRBL,53,38,706,350,247100
201411172355062,SRBL,53,38,200,350,70000
201411172354931,SRBL,36,36,12,356,4272
201411172354854,SRBL,14,47,129,355,45795
201411172354727,SUBBL,16,16,66,278,18348
201411172355006,SWBBL,39,21,147,1800,264600
201411172355004,SWBBL,11,21,100,1811,181100
201411172354901,SWBBL,56,22,50,1840,92000
201411172354958,TRH,32,32,40,285,11400
201411172354916,UIC,48,35,160,858,137280
201411172354955,UNL,34,34,30,15700,471000
201411172355127,VBBL,7,5,20,128,2560
201411172355122,VBBL,7,46,60,128,7680
201411172355087,VBBL,49,48,120,128,15360
201411172354917,VBBL,17,5,20,127,2540
201411172354950,VBBL,7,5,20,128,2560
201411172355091,WDBL,32,52,56,204,11424
