contract,symbol,buyer,seller,qty,rate,amt
201411052339450,ADBL,50,39,30,490,14700
201411052339192,ADBL,6,49,1000,490,490000
201411052339011,ADBL,48,16,50,493,24650
201411052339003,ADBL,11,49,150,486,72900
201411052339155,ADBL,57,57,32,491,15712
201411052339226,AHPC,22,33,200,366,73200
201411052339098,AHPC,42,42,500,365,182500
201411052339043,AHPC,56,45,500,364,182000
201411052339311,AIC,6,13,37,501,18537
201411052339097,AIC,6,46,217,498,108066
201411052339094,AIC,41,13,37,501,18537
201411052339472,ALICL,16,49,151,1219,184069
201411052339433,ALICL,38,32,45,1222,54990
201411052339413,ALICL,17,18,89,1210,107690
201411052339369,ALICL,17,18,70,1210,84700
201411052339353,ALICL,43,18,56,1210,67760
201411052339055,ALICL,45,16,500,1217,608500
201411052338974,ALICL,21,16,150,1211,181650
201411052339386,APEX,16,17,20,122,2440
201411052339377,APEX,41,14,91,121,11011
201411052339243,APEX,16,6,20,122,2440
201411052339178,APEX,16,6,20,122,2440
201411052339046,APEX,16,6,20,122,2440
201411052339032,APEX,51,6,20,122,2440
201411052339007,APEX,36,34,251,121,30371
201411052338996,APEX,41,34,321,121,38841
201411052339164,APEX,16,6,20,122,2440
201411052339158,APEX,16,6,20,122,2440
201411052339146,APEX,16,6,20,122,2440
201411052339077,APEX,25,29,1000,122,122000
201411052339064,APEX,16,6,20,122,2440
201411052339331,BLDBL,49,49,359,410,147190
201411052339278,BLDBL,16,17,100,418,41800
201411052338987,BLDBL,6,17,112,417,46704
201411052339432,BPCL,29,33,200,648,129600
201411052339425,BPCL,56,33,500,647,323500
201411052339247,BPCL,29,33,200,650,130000
201411052339242,BPCL,29,33,500,648,324000
201411052339156,BPCL,41,10,65,651,42315
201411052339103,BPCL,14,45,500,648,324000
201411052339074,BPCL,41,33,200,652,130400
201411052339071,BPCL,22,33,100,653,65300
201411052339030,BPCL,56,10,500,650,325000
201411052338985,BPCL,13,33,150,651,97650
201411052338982,BPCL,5,33,150,652,97800
201411052339443,BSBL,17,16,500,304,152000
201411052339442,BSBL,17,50,124,302,37448
201411052339236,BSBL,42,26,36,304,10944
201411052339225,BSBL,42,4,24,301,7224
201411052339089,BSBL,17,17,71,300,21300
201411052339183,BSBL,29,13,24,300,7200
201411052339008,BUDBL,56,46,1987,177,351699
201411052339212,CBBL,55,43,310,1530,474300
201411052339159,CBL,28,51,1018,273,277914
201411052339041,CBL,57,50,27,275,7425
201411052338978,CBL,57,13,30,275,8250
201411052339452,CCBL,16,55,40,272,10880
201411052339400,CCBL,11,19,40,275,11000
201411052339060,CCBL,16,25,40,274,10960
201411052339058,CCBL,16,25,40,274,10960
201411052339050,CCBL,16,25,40,274,10960
201411052339070,CCBL,57,47,39,271,10569
201411052339069,CCBL,26,47,39,272,10608
201411052339068,CCBL,26,47,39,272,10608
201411052339066,CCBL,11,47,39,273,10647
201411052339063,CCBL,16,25,40,274,10960
201411052339061,CCBL,16,25,40,274,10960
201411052339085,CCBL,25,47,10,270,2700
201411052339082,CCBL,25,47,10,270,2700
201411052339080,CCBL,49,47,10,270,2700
201411052339078,CCBL,1,47,17,270,4590
201411052339076,CCBL,7,47,17,271,4607
201411052339072,CCBL,29,47,17,272,4624
201411052339114,CCBL,42,39,40,275,11000
201411052339102,CCBL,11,47,10,271,2710
201411052339096,CCBL,11,47,10,271,2710
201411052339091,CCBL,25,47,10,270,2700
201411052339090,CCBL,25,47,10,270,2700
201411052339088,CCBL,25,47,10,270,2700
201411052339144,CCBL,42,25,40,275,11000
201411052339139,CCBL,42,25,40,275,11000
201411052339130,CCBL,42,25,40,275,11000
201411052339127,CCBL,42,25,40,275,11000
201411052339122,CCBL,42,25,40,275,11000
201411052339115,CCBL,42,25,40,275,11000
201411052339238,CCBL,49,47,17,277,4709
201411052339171,CCBL,42,25,40,275,11000
201411052339169,CCBL,42,25,40,275,11000
201411052339165,CCBL,42,25,40,275,11000
201411052339161,CCBL,42,25,40,275,11000
201411052339154,CCBL,42,25,40,275,11000
201411052339172,CEDBL,52,11,103,241,24823
201411052339421,CHCL,13,38,59,1645,97055
201411052339411,CHCL,13,34,165,1639,270435
201411052339405,CHCL,37,21,114,1644,187416
201411052339315,CHCL,21,21,94,1634,153596
201411052339286,CHCL,21,21,94,1633,153502
201411052339279,CHCL,13,18,300,1640,492000
201411052339141,CHCL,37,41,267,1635,436545
201411052339038,CHCL,17,18,300,1635,490500
201411052339035,CHCL,17,14,459,1630,748170
201411052339252,CHCL,13,26,321,1639,526119
201411052339231,CHCL,17,26,23,1630,37490
201411052339220,CHCL,57,26,23,1630,37490
201411052339205,CHCL,14,26,23,1631,37513
201411052339199,CHCL,55,45,87,1639,142593
201411052339147,CHCL,53,41,226,1632,368832
201411052339295,CIT,19,26,50,2999,149950
201411052339364,CNDBL,50,29,20,168,3360
201411052339363,CNDBL,50,50,20,168,3360
201411052339362,CNDBL,50,50,20,168,3360
201411052339361,CNDBL,50,50,20,168,3360
201411052339360,CNDBL,50,50,20,168,3360
201411052339359,CNDBL,50,50,20,168,3360
201411052339358,CNDBL,50,50,20,168,3360
201411052339357,CNDBL,50,50,20,168,3360
201411052339356,CNDBL,50,50,20,168,3360
201411052339355,CNDBL,50,50,20,168,3360
201411052339434,CZBIL,8,56,21,432,9072
201411052339303,DDBL,39,48,132,1300,171600
201411052339184,DDBL,38,1,345,1299,448155
201411052339029,EBL,6,35,200,1840,368000
201411052339012,EBL,7,35,200,1840,368000
201411052339123,EBL,43,5,27,1853,50031
201411052339393,EKBL,52,19,10,178,1780
201411052339280,EKBL,3,3,33,180,5940
201411052339201,EKBL,3,3,33,180,5940
201411052339174,EKBL,3,3,33,180,5940
201411052339113,EKBL,3,3,33,180,5940
201411052339023,EKBL,39,51,33,181,5973
201411052339016,EKBL,39,51,33,181,5973
201411052339015,EKBL,39,51,33,181,5973
201411052338992,EKBL,8,42,98,178,17444
201411052338990,EKBL,3,3,33,180,5940
201411052338980,EKBL,3,3,33,180,5940
201411052339022,EKBL,39,51,33,181,5973
201411052339021,EKBL,39,51,33,181,5973
201411052339020,EKBL,39,51,33,181,5973
201411052339019,EKBL,39,51,33,181,5973
201411052339018,EKBL,39,51,33,181,5973
201411052339017,EKBL,39,51,33,181,5973
201411052339419,GBBL,14,14,42,387,16254
201411052339403,GBBL,54,26,300,383,114900
201411052339397,GBBL,32,7,487,384,187008
201411052339283,GBBL,53,36,500,383,191500
201411052339193,GBBL,20,39,186,387,71982
201411052339186,GBBL,20,39,47,387,18189
201411052338984,GBBL,32,50,74,384,28416
201411052339109,GBBL,54,48,500,380,190000
201411052339105,GBBL,26,29,74,383,28342
201411052339065,GBBL,47,48,500,380,190000
201411052339059,GBBL,34,25,200,384,76800
201411052339006,GBBL,19,50,37,383,14171
201411052338997,GBBL,34,50,37,383,14171
201411052339294,GBIME,8,11,699,510,356490
201411052339293,GBIME,8,25,210,510,107100
201411052339200,GBIME,8,51,648,506,327888
201411052339175,GBIME,22,49,1539,505,777195
201411052339024,GBIME,22,26,37,506,18722
201411052339004,GBIME,1,13,25,508,12700
201411052339001,GBIME,14,26,19,506,9614
201411052339379,GLICL,42,17,28,585,16380
201411052339187,GLICL,42,17,28,585,16380
201411052339167,GLICL,16,17,28,584,16352
201411052339149,GLICL,42,17,28,585,16380
201411052339462,GRAND,57,37,500,209,104500
201411052339431,GRAND,32,37,500,210,105000
201411052339417,GRAND,29,37,500,210,105000
201411052339326,GRAND,35,10,339,210,71190
201411052339309,GRAND,32,10,1000,210,210000
201411052338975,GRAND,43,10,500,210,105000
201411052339240,GRAND,47,25,91,212,19292
201411052339152,GRAND,13,13,146,210,30660
201411052339107,GRAND,39,25,16,210,3360
201411052339092,GRAND,51,25,16,212,3392
201411052339037,GRAND,42,10,500,210,105000
201411052339036,GRAND,6,10,1000,210,210000
201411052339373,HAMA,32,17,40,130,5200
201411052339299,HAMA,3,51,50,131,6550
201411052339241,HAMA,3,51,200,131,26200
201411052339062,HAMA,3,41,260,131,34060
201411052339028,HAMA,4,41,40,131,5240
201411052339009,HAMA,43,41,80,131,10480
201411052338995,HAMA,43,41,80,132,10560
201411052338986,HAMA,4,41,260,131,34060
201411052338970,HAMA,4,41,40,132,5280
201411052339000,HBDL,4,16,161,95,15295
201411052339208,HBL,29,29,208,874,181792
201411052339324,HGI,49,56,400,550,220000
201411052339338,ICFC,40,17,100,284,28400
201411052339337,ICFC,17,17,200,280,56000
201411052339196,ICFC,40,33,500,280,140000
201411052339033,ICFC,59,56,15,284,4260
201411052339437,IDBL,57,38,500,172,86000
201411052339436,IDBL,57,18,400,171,68400
201411052339232,IDBL,19,14,34,172,5848
201411052339206,IDBL,44,49,239,170,40630
201411052339112,IDBL,19,49,79,170,13430
201411052339110,IDBL,19,18,22,172,3784
201411052339108,IDBL,50,49,79,170,13430
201411052339054,IDBL,19,18,11,172,1892
201411052339053,IDBL,19,18,11,172,1892
201411052339052,IDBL,19,18,22,172,3784
201411052339051,IDBL,19,18,11,172,1892
201411052339040,IDBL,19,45,11,171,1881
201411052339010,INDBL,17,38,79,166,13114
201411052338991,INDBL,17,38,79,163,12877
201411052339044,JBBL,48,5,240,155,37200
201411052339039,JBBL,51,5,1000,156,156000
201411052339014,JBBL,6,5,340,157,53380
201411052339288,JFL,55,21,100,635,63500
201411052339287,JFL,55,14,500,635,317500
201411052339471,KAFIL,1,51,206,201,41406
201411052339461,KBL,21,53,400,405,162000
201411052338976,KBL,38,32,100,411,41100
201411052338972,KBL,38,56,188,408,76704
201411052339404,KDBL,21,40,43,124,5332
201411052339365,KNBL,13,14,30,192,5760
201411052339116,LBL,52,59,500,508,254000
201411052339213,LFLC,14,17,148,200,29600
201411052339168,LFLC,32,17,246,200,49200
201411052339406,LGIL,38,8,12,451,5412
201411052339402,LGIL,38,46,100,450,45000
201411052339401,LGIL,38,40,100,445,44500
201411052339344,LGIL,38,47,60,444,26640
201411052339221,LGIL,36,55,177,436,77172
201411052339204,LGIL,38,19,90,444,39960
201411052339188,LGIL,38,43,28,439,12292
201411052339166,LGIL,6,47,24,437,10488
201411052339079,LGIL,8,8,12,437,5244
201411052339463,LICN,38,5,27,3460,93420
201411052339444,LICN,21,5,90,3461,311490
201411052339301,LICN,11,59,50,3465,173250
201411052339263,LICN,21,17,50,3461,173050
201411052339383,LUBL,32,33,500,319,159500
201411052339047,LUBL,32,29,340,321,109140
201411052339138,LUBL,32,5,30,322,9660
201411052339137,LUBL,32,19,1480,322,476560
201411052339330,MBL,10,35,291,505,146955
201411052339298,MBL,49,1,100,509,50900
201411052339297,MBL,49,36,400,507,202800
201411052339290,MBL,49,19,215,505,108575
201411052339281,MBL,49,4,21,508,10668
201411052339218,MBL,40,36,147,506,74382
201411052339194,MBL,29,26,200,505,101000
201411052339190,MBL,28,22,438,505,221190
201411052339182,MBL,29,19,296,504,149184
201411052339026,MBL,29,1,637,503,320411
201411052339163,MDB,17,16,31,463,14353
201411052339387,MDBL,10,14,200,161,32200
201411052339371,MEGA,26,11,168,376,63168
201411052339325,MEGA,5,36,10,377,3770
201411052339031,MEGA,26,38,32,377,12064
201411052339408,MNBBL,56,6,14,782,10948
201411052339384,MNBBL,35,51,38,785,29830
201411052339374,MNBBL,26,51,24,785,18840
201411052339367,MNBBL,44,51,24,790,18960
201411052339469,NABIL,45,17,100,2206,220600
201411052339456,NABIL,5,17,62,2207,136834
201411052339446,NABIL,14,58,300,2205,661500
201411052339332,NABIL,14,54,274,2200,602800
201411052339162,NABIL,3,26,100,2192,219200
201411052339093,NABIL,57,51,293,2195,643135
201411052338971,NABIL,36,22,432,2186,944352
201411052339454,NABILP,6,55,100,1604,160400
201411052339075,NABILP,6,8,570,1600,912000
201411052339467,NBB,33,55,140,552,77280
201411052339465,NBB,33,16,300,552,165600
201411052339464,NBB,33,16,390,552,215280
201411052339440,NBB,8,55,325,550,178750
201411052339392,NBB,28,55,20,550,11000
201411052339121,NBB,6,38,15,552,8280
201411052339254,NBB,34,16,100,551,55100
201411052339253,NBB,34,16,50,551,27550
201411052339227,NBB,28,28,500,550,275000
201411052339180,NBB,1,28,500,550,275000
201411052339153,NBB,1,38,400,550,220000
201411052339128,NBB,1,38,15,551,8265
201411052339260,NBB,14,16,300,546,163800
201411052339259,NBB,29,16,500,546,273000
201411052339258,NBB,28,16,800,550,440000
201411052339257,NBB,1,16,200,550,110000
201411052339256,NBB,29,16,300,550,165000
201411052339255,NBB,1,16,100,550,55000
201411052339346,NBB,28,55,280,550,154000
201411052339345,NBB,28,5,100,550,55000
201411052339296,NBB,49,16,100,550,55000
201411052339262,NBB,1,16,200,545,109000
201411052339261,NBB,32,16,500,545,272500
201411052339470,NBF1,11,11,2516,14,34343
201411052339457,NBF1,11,11,2516,14,34343
201411052339160,NBF1,17,17,480,14,6538
201411052339157,NBF1,51,17,480,14,6533
201411052339151,NBF1,17,1,599,14,8158
201411052339143,NBF1,17,1,599,14,8158
201411052339131,NBF1,17,1,599,14,8158
201411052339125,NBF1,5,38,1498,14,20463
201411052339414,NBL,45,19,283,373,105559
201411052339222,NBL,6,54,1000,374,374000
201411052339013,NBL,5,21,700,376,263200
201411052339002,NBL,48,49,200,377,75400
201411052339458,NCCB,8,43,110,586,64460
201411052339335,NCCB,28,54,1000,575,575000
201411052339312,NCCB,42,8,50,586,29300
201411052339129,NCCB,50,33,1000,577,577000
201411052339118,NCCB,1,45,200,586,117200
201411052339117,NCCB,1,45,200,586,117200
201411052338998,NCDB,4,42,85,156,13260
201411052339385,NGBL,39,29,200,344,68800
201411052339351,NGBL,26,22,20,349,6980
201411052339307,NGBL,10,43,160,343,54880
201411052339251,NGBL,43,5,60,340,20400
201411052339246,NGBL,43,14,220,336,73920
201411052339224,NGBL,10,39,40,340,13600
201411052339197,NGBL,17,22,30,341,10230
201411052339104,NGBL,17,17,23,341,7843
201411052339438,NHPC,28,33,1000,139,139000
201411052339375,NHPC,48,33,1000,139,139000
201411052339372,NHPC,20,28,1000,139,139000
201411052339368,NHPC,19,28,1000,139,139000
201411052339415,NIB,49,25,35,740,25900
201411052339430,NICA,16,16,15,791,11865
201411052339426,NICA,16,16,15,791,11865
201411052339410,NICA,36,14,15,792,11880
201411052339378,NICA,45,10,281,791,222271
201411052339343,NICA,33,55,106,790,83740
201411052339339,NICA,33,10,445,790,351550
201411052339209,NICA,52,10,100,791,79100
201411052339179,NICA,36,1,80,788,63040
201411052339034,NICA,52,36,100,791,79100
201411052338993,NICA,1,18,500,788,394000
201411052339119,NIL,10,43,41,775,31775
201411052339111,NIL,10,17,660,770,508200
201411052339445,NLBBL,38,38,50,1200,60000
201411052339459,NLIC,38,45,150,4269,640350
201411052339418,NLICL,57,5,186,2290,425940
201411052339329,NLICL,38,59,100,2300,230000
201411052339248,NLICL,38,21,110,2295,252450
201411052339215,NLICL,54,28,85,2300,195500
201411052339198,NLICL,52,49,100,2304,230400
201411052339067,NLICL,33,16,100,2308,230800
201411052338988,NLICL,54,59,200,2305,461000
201411052339073,NNFC,17,28,200,270,54000
201411052339416,NTC,52,19,120,610,73200
201411052339342,NTC,6,16,200,609,121800
201411052339211,NUBL,21,21,168,1500,252000
201411052338989,NUBL,35,50,100,1520,152000
201411052339428,PCBL,44,51,60,481,28860
201411052339420,PCBL,44,51,70,481,33670
201411052339399,PCBL,13,1,27,485,13095
201411052339398,PCBL,13,52,130,484,62920
201411052339354,PCBL,17,56,500,482,241000
201411052339313,PCBL,29,39,225,484,108900
201411052339150,PCBL,35,11,101,485,48985
201411052339095,PCBL,21,38,385,486,187110
201411052339084,PCBL,13,48,30,486,14580
201411052339083,PCBL,38,48,200,486,97200
201411052339027,PCBL,51,56,406,486,197316
201411052339449,PIC,37,56,41,810,33210
201411052339207,PIC,17,48,56,812,45472
201411052339284,PICL,38,43,100,465,46500
201411052339424,PLIC,35,33,500,1030,515000
201411052339233,PLIC,7,33,100,1031,103100
201411052339230,PLIC,4,33,120,1030,123600
201411052339176,PLIC,28,33,500,1025,512500
201411052339291,PRDBL,4,48,30,147,4410
201411052339285,PRDBL,4,48,30,147,4410
201411052339276,PRDBL,39,47,40,150,6000
201411052339275,PRDBL,39,47,40,150,6000
201411052339274,PRDBL,39,47,40,150,6000
201411052339228,PRDBL,40,48,30,146,4380
201411052339267,PRDBL,39,14,30,150,4500
201411052339266,PRDBL,39,14,30,150,4500
201411052339265,PRDBL,39,14,30,150,4500
201411052339264,PRDBL,39,47,10,148,1480
201411052339239,PRDBL,40,48,30,146,4380
201411052339234,PRDBL,40,48,30,146,4380
201411052339273,PRDBL,39,47,50,150,7500
201411052339272,PRDBL,39,14,120,150,18000
201411052339271,PRDBL,39,14,30,150,4500
201411052339270,PRDBL,39,14,30,150,4500
201411052339269,PRDBL,39,14,30,150,4500
201411052339268,PRDBL,39,14,30,150,4500
201411052339429,PURBL,48,47,33,362,11946
201411052339427,PURBL,48,47,33,362,11946
201411052339352,PURBL,48,47,130,362,47060
201411052339250,PURBL,48,48,11,362,3982
201411052339133,REDBL,41,16,1000,214,214000
201411052339396,RHPC,29,47,26,520,13520
201411052339388,RHPC,29,47,26,520,13520
201411052339191,RHPC,29,10,47,523,24581
201411052339423,SADBL,5,7,500,301,150500
201411052339409,SADBL,46,18,211,303,63933
201411052339382,SADBL,46,46,50,301,15050
201411052339381,SADBL,46,46,50,301,15050
201411052339380,SADBL,46,46,50,301,15050
201411052339135,SADBL,6,18,211,298,62878
201411052339391,SANIMA,38,38,473,503,237919
201411052339126,SANIMA,14,59,500,508,254000
201411052339081,SANIMA,1,49,151,508,76708
201411052339005,SBI,52,39,36,991,35676
201411052339237,SBL,45,29,10,611,6110
201411052339203,SBL,50,57,183,606,110898
201411052339049,SCB,4,41,100,1842,184200
201411052339048,SCB,4,40,30,1840,55200
201411052339347,SEWA,7,49,128,405,51840
201411052339306,SEWA,7,17,26,402,10452
201411052339292,SEWA,7,41,15,400,6000
201411052339202,SEWA,7,11,46,395,18170
201411052339348,SFL,51,14,215,152,32680
201411052339282,SFL,14,14,257,152,39064
201411052339466,SHINE,47,54,17,371,6307
201411052339460,SHINE,53,47,85,364,30940
201411052339455,SHINE,53,47,85,364,30940
201411052339451,SHINE,53,47,85,364,30940
201411052339448,SHINE,16,37,300,360,108000
201411052338994,SHINE,14,43,282,357,100674
201411052338981,SHINE,16,47,85,355,30175
201411052339140,SHINE,16,47,85,358,30430
201411052339132,SHINE,47,47,85,357,30345
201411052339124,SHINE,16,47,36,360,12960
201411052339120,SHINE,16,6,211,358,75538
201411052339185,SHINE,45,47,85,363,30855
201411052339181,SHINE,45,47,85,363,30855
201411052339177,SHINE,45,47,85,363,30855
201411052339173,SHINE,47,47,85,359,30515
201411052339170,SHINE,47,47,85,360,30600
201411052339142,SHINE,47,47,85,357,30345
201411052339341,SHINE,47,47,85,364,30940
201411052339336,SHINE,16,51,22,358,7876
201411052339334,SHINE,47,47,85,364,30940
201411052339328,SHINE,47,47,85,364,30940
201411052339314,SHINE,47,47,85,364,30940
201411052339229,SHINE,47,47,85,364,30940
201411052339447,SHINE,53,47,85,364,30940
201411052339439,SHINE,53,47,85,364,30940
201411052339412,SHINE,19,47,85,364,30940
201411052339394,SHINE,47,47,85,364,30940
201411052339376,SHINE,47,47,85,364,30940
201411052339366,SHINE,16,51,22,357,7854
201411052339370,SHPC,4,36,315,706,222390
201411052339350,SHPC,4,16,36,707,25452
201411052339305,SHPC,14,16,182,705,128310
201411052339304,SHPC,14,14,50,705,35250
201411052339300,SHPC,29,33,500,700,350000
201411052339289,SHPC,48,33,500,700,350000
201411052339395,SIC,6,58,10,1224,12240
201411052339249,SIC,5,17,181,1210,219010
201411052339223,SIL,59,19,500,795,397500
201411052339219,SIL,59,19,500,795,397500
201411052339214,SIL,49,19,500,790,395000
201411052339210,SIL,49,19,500,790,395000
201411052339310,SKBBL,53,57,100,1350,135000
201411052339277,SKBBL,53,57,39,1350,52650
201411052339245,SKBBL,41,57,60,1352,81120
201411052339244,SKBBL,14,57,100,1353,135300
201411052339468,SLICL,29,53,300,670,201000
201411052339453,SLICL,22,17,100,675,67500
201411052339441,SLICL,22,17,100,675,67500
201411052339435,SLICL,22,17,100,675,67500
201411052339422,SLICL,22,17,100,675,67500
201411052339407,SLICL,47,17,130,675,87750
201411052339106,SLICL,50,44,111,681,75591
201411052339045,SLICL,6,18,165,684,112860
201411052339042,SLICL,6,17,500,683,341500
201411052338979,SLICL,20,17,500,680,340000
201411052339320,SLICL,43,53,100,675,67500
201411052339319,SLICL,52,53,300,676,202800
201411052339318,SLICL,25,53,200,676,135200
201411052339317,SLICL,56,53,100,676,67600
201411052339316,SLICL,5,53,200,677,135400
201411052339302,SLICL,50,48,34,678,23052
201411052339340,SLICL,10,53,500,674,337000
201411052339333,SLICL,50,17,500,675,337500
201411052339327,SLICL,21,17,300,675,202500
201411052339323,SLICL,21,53,700,675,472500
201411052339322,SLICL,29,53,300,675,202500
201411052339321,SLICL,29,53,300,675,202500
201411052338983,SRBL,7,25,1225,380,465500
201411052339056,SUPRME,35,47,500,165,82500
201411052338999,TRH,53,36,500,295,147500
201411052338973,TRH,50,36,110,295,32450
201411052339308,UFIL,6,48,20,146,2920
201411052339189,UNL,3,16,50,15123,756150
201411052339235,VBBL,40,40,40,136,5440
201411052339216,VBBL,43,6,70,135,9450
201411052339087,VBBL,40,40,40,136,5440
201411052339086,VBBL,40,40,40,136,5440
201411052339025,VBBL,20,44,40,137,5480
201411052338977,VBBL,20,19,20,137,2740
201411052339195,VBBL,40,40,40,136,5440
201411052339148,VBBL,37,43,500,135,67500
201411052339145,VBBL,43,19,20,135,2700
201411052339136,VBBL,7,7,4420,134,592280
201411052339134,VBBL,37,43,500,135,67500
201411052339390,YETI,49,48,10,125,1250
201411052339389,YETI,49,5,200,125,25000
201411052339349,YETI,52,25,50,127,6350
201411052338671,ACEDBL,25,21,20,270,5400
201411052338868,ADBL,11,11,40,486,19440
201411052338866,ADBL,11,11,40,486,19440
201411052338701,ADBL,1,14,1000,491,491000
201411052338477,ADBL,29,57,70,491,34370
201411052338476,ADBL,29,57,70,491,34370
201411052338854,AHPC,7,33,500,366,183000
201411052338710,AHPC,52,48,82,366,30012
201411052338932,AIC,20,13,37,499,18463
201411052338703,AIC,39,51,491,490,240590
201411052338692,AIC,6,25,108,499,53892
201411052338541,AIC,6,5,273,490,133770
201411052338510,AIC,5,5,273,490,133770
201411052338490,ALDBL,39,45,80,250,20000
201411052338488,ALDBL,39,57,20,246,4920
201411052338485,ALDBL,39,3,19,249,4731
201411052338484,ALDBL,39,4,140,248,34720
201411052338923,ALICL,38,49,24,1218,29232
201411052338956,BHBL,28,40,11,145,1595
201411052338959,BLDBL,43,39,17,417,7089
201411052338957,BLDBL,57,39,17,418,7106
201411052338940,BLDBL,57,45,200,424,84800
201411052338858,BLDBL,57,32,35,425,14875
201411052338857,BLDBL,57,32,70,425,29750
201411052338822,BLDBL,16,16,252,418,105336
201411052338709,BPCL,34,33,500,648,324000
201411052338628,BPCL,34,33,500,650,325000
201411052338908,BSBL,17,17,361,300,108300
201411052338797,BSBL,17,55,118,300,35400
201411052338788,BSBL,17,49,843,300,252900
201411052338731,BSBL,28,4,24,301,7224
201411052338728,BSBL,28,52,18,301,5418
201411052338673,BSBL,17,49,403,300,120900
201411052338502,BSBL,14,50,120,301,36120
201411052338582,CBBL,6,22,54,1500,81000
201411052338578,CBBL,6,22,54,1500,81000
201411052338572,CBBL,6,22,54,1500,81000
201411052338567,CBBL,6,22,159,1500,238500
201411052338529,CBBL,46,22,54,1500,81000
201411052338501,CBBL,5,19,90,1515,136350
201411052338747,CBL,45,13,30,275,8250
201411052338746,CBL,45,49,27,275,7425
201411052338863,CCBL,16,32,16,274,4384
201411052338785,CCBL,6,32,40,274,10960
201411052338784,CCBL,6,21,32,274,8768
201411052338783,CCBL,6,21,32,274,8768
201411052338782,CCBL,6,32,40,274,10960
201411052338779,CCBL,6,21,32,274,8768
201411052338554,CCBL,38,41,500,270,135000
201411052338518,CCBL,48,21,32,273,8736
201411052338508,CCBL,48,21,32,273,8736
201411052338619,CCBL,29,50,280,272,76160
201411052338605,CCBL,38,41,1000,269,269000
201411052338656,CCBL,11,13,20,273,5460
201411052338649,CCBL,11,21,32,273,8736
201411052338643,CCBL,49,41,1000,271,271000
201411052338636,CCBL,11,21,32,273,8736
201411052338633,CCBL,26,47,10,274,2740
201411052338625,CCBL,1,41,1000,271,271000
201411052338688,CCBL,49,41,1000,270,270000
201411052338687,CCBL,49,41,1000,270,270000
201411052338684,CCBL,49,41,1000,270,270000
201411052338670,CCBL,11,32,40,273,10920
201411052338668,CCBL,26,26,500,271,135500
201411052338663,CCBL,11,32,40,273,10920
201411052338778,CCBL,6,32,40,274,10960
201411052338748,CCBL,11,32,40,273,10920
201411052338706,CCBL,11,13,20,273,5460
201411052338698,CCBL,1,41,500,270,135000
201411052338693,CCBL,49,41,1000,270,270000
201411052338690,CCBL,49,41,1000,270,270000
201411052338761,CEDBL,35,11,240,245,58800
201411052338751,CEDBL,35,11,100,245,24500
201411052338601,CEDBL,35,11,192,246,47232
201411052338579,CFCL,28,22,500,152,76000
201411052338924,CHCL,14,11,81,1637,132597
201411052338910,CHCL,43,26,23,1636,37628
201411052338885,CHCL,14,26,23,1637,37651
201411052338881,CHCL,57,18,200,1640,328000
201411052338681,CHCL,6,10,317,1635,518295
201411052338676,CHCL,6,18,317,1638,519246
201411052338651,CHCL,13,38,150,1634,245100
201411052338581,CHCL,14,26,23,1636,37628
201411052338574,CHCL,49,49,27,1637,44199
201411052338562,CHCL,49,49,40,1637,65480
201411052338559,CHCL,49,49,40,1637,65480
201411052338742,CIT,17,20,130,3000,390000
201411052338615,CIT,38,20,100,3000,300000
201411052338614,CIT,53,20,100,3001,300100
201411052338613,CIT,22,20,50,3010,150500
201411052338612,CIT,21,20,20,3010,60200
201411052338580,CNDBL,11,29,70,165,11550
201411052338568,CNDBL,11,29,70,165,11550
201411052338561,CNDBL,11,29,70,165,11550
201411052338551,CNDBL,11,29,70,165,11550
201411052338548,CNDBL,11,29,70,165,11550
201411052338545,CNDBL,11,50,20,165,3300
201411052338543,CNDBL,11,50,20,165,3300
201411052338542,CNDBL,11,50,20,165,3300
201411052338539,CNDBL,11,50,20,165,3300
201411052338537,CNDBL,47,50,20,165,3300
201411052338536,CNDBL,47,50,20,165,3300
201411052338909,CSDBL,29,11,73,166,12118
201411052338903,CSDBL,29,42,87,165,14355
201411052338902,CSDBL,29,21,14,165,2310
201411052338901,CSDBL,29,21,14,165,2310
201411052338734,CZBIL,5,56,21,440,9240
201411052338496,CZBIL,40,34,270,432,116640
201411052338627,CZBIL,40,21,21,432,9072
201411052338752,DDBL,26,18,30,1300,39000
201411052338647,DDBL,10,59,500,1301,650500
201411052338674,EBL,7,43,341,1845,629145
201411052338958,EKBL,3,3,33,180,5940
201411052338896,EKBL,3,3,33,180,5940
201411052338846,EKBL,3,3,33,180,5940
201411052338844,EKBL,3,3,33,180,5940
201411052338837,EKBL,3,3,33,180,5940
201411052338823,EKBL,3,3,33,180,5940
201411052338513,EKBL,3,3,33,180,5940
201411052338492,EKBL,3,3,33,181,5973
201411052338694,EKBL,3,3,33,180,5940
201411052338689,EKBL,52,55,33,178,5874
201411052338683,EKBL,11,55,33,180,5940
201411052338577,EKBL,3,3,33,180,5940
201411052338557,EKBL,11,3,33,180,5940
201411052338526,EKBL,3,3,33,180,5940
201411052338819,EKBL,3,3,33,180,5940
201411052338800,EKBL,3,3,33,180,5940
201411052338791,EKBL,3,3,33,180,5940
201411052338766,EKBL,3,3,33,180,5940
201411052338740,EKBL,3,3,33,180,5940
201411052338712,EKBL,3,3,33,180,5940
201411052338953,GBBL,14,36,500,383,191500
201411052338882,GBBL,7,39,79,384,30336
201411052338720,GBBL,1,42,250,385,96250
201411052338719,GBBL,40,42,50,385,19250
201411052338718,GBBL,22,42,200,386,77200
201411052338717,GBBL,13,42,120,387,46440
201411052338716,GBBL,13,42,20,388,7760
201411052338704,GBBL,41,44,37,388,14356
201411052338699,GBBL,41,48,100,388,38800
201411052338519,GBBL,13,42,37,390,14430
201411052338516,GBBL,13,50,200,390,78000
201411052338512,GBBL,47,16,500,383,191500
201411052338941,GBIME,52,13,25,507,12675
201411052338662,GBIME,16,44,35,505,17675
201411052338611,GBIME,40,6,199,505,100495
201411052338962,GLICL,25,50,200,585,117000
201411052338603,GLICL,28,41,300,595,178500
201411052338596,GLICL,28,8,400,595,238000
201411052338595,GLICL,28,1,100,595,59500
201411052338594,GLICL,28,17,28,594,16632
201411052338591,GLICL,28,37,127,594,75438
201411052338589,GLICL,28,17,28,594,16632
201411052338585,GLICL,28,17,28,594,16632
201411052338547,GLICL,25,26,10,596,5960
201411052338523,GLICL,25,17,13,594,7722
201411052338966,GRAND,41,10,100,210,21000
201411052338951,GRAND,32,44,251,210,52710
201411052338871,GRAND,54,43,127,210,26670
201411052338773,GRAND,40,1,127,212,26924
201411052338511,GRAND,49,10,1000,210,210000
201411052338500,GRAND,32,10,1000,210,210000
201411052338481,GRAND,13,10,1000,210,210000
201411052338726,GRAND,51,1,127,212,26924
201411052338618,GRAND,37,10,1000,210,210000
201411052338535,GRAND,32,32,1000,210,210000
201411052338532,GRAND,32,21,214,210,44940
201411052338531,GRAND,49,10,1000,210,210000
201411052338948,HAMA,29,41,40,134,5360
201411052338769,HAMA,4,48,40,132,5280
201411052338762,HAMA,4,48,40,132,5280
201411052338756,HAMA,4,48,40,132,5280
201411052338753,HAMA,4,48,40,132,5280
201411052338836,HBDL,3,41,500,96,48000
201411052338884,HGI,58,54,359,560,201040
201411052338856,HGI,58,42,446,558,248868
201411052338772,HGI,58,6,130,558,72540
201411052338792,ICFC,21,17,500,280,140000
201411052338659,ICFC,59,32,1000,275,275000
201411052338658,ICFC,59,17,500,274,137000
201411052338652,ICFC,21,21,101,272,27472
201411052338634,ICFC,21,21,101,272,27472
201411052338935,IDBL,6,25,2130,170,362100
201411052338877,IDBL,45,21,11,167,1837
201411052338867,IDBL,32,25,1429,168,240072
201411052338777,INDB,26,25,140,286,40040
201411052338780,INDBL,17,17,44,160,7040
201411052338771,INDBL,17,17,132,160,21120
201411052338763,INDBL,6,17,44,157,6908
201411052338937,JBBL,42,5,510,158,80580
201411052338916,JBBL,49,5,170,158,26860
201411052338874,JBBL,6,11,30,159,4770
201411052338816,JBBL,49,5,200,158,31600
201411052338664,JBBL,6,5,260,158,41080
201411052338555,JBBL,6,45,580,160,92800
201411052338960,JBNL,50,19,17,264,4488
201411052338738,KAFIL,17,20,96,202,19392
201411052338616,KAFIL,1,21,48,205,9840
201411052338969,KBL,38,32,384,407,156288
201411052338964,KBL,38,53,189,403,76167
201411052338789,KBL,38,53,2000,396,792000
201411052338786,KBL,29,53,500,399,199500
201411052338730,KBL,29,17,200,405,81000
201411052338727,KBL,29,18,118,404,47672
201411052338708,KBL,29,53,200,400,80000
201411052338549,KBL,49,49,960,397,381120
201411052338522,KBL,49,49,500,397,198500
201411052338521,KBL,49,49,500,397,198500
201411052338520,KBL,49,49,500,397,198500
201411052338639,KDBL,21,51,225,124,27900
201411052338598,KMCDB,5,5,10,680,6800
201411052338588,KMCDB,5,26,10,686,6860
201411052338576,KMCDB,5,49,10,686,6860
201411052338735,KNBL,47,26,20,190,3800
201411052338821,LBL,52,6,166,499,82834
201411052338843,LFLC,32,17,197,204,40188
201411052338872,LGIL,8,8,12,431,5172
201411052338862,LGIL,41,8,12,434,5208
201411052338835,LGIL,8,8,12,435,5220
201411052338875,LUBL,43,45,103,320,32960
201411052338870,LUBL,51,45,103,321,33063
201411052338952,MBL,49,48,147,504,74088
201411052338945,MBL,49,44,132,503,66396
201411052338900,MBL,49,22,442,500,221000
201411052338878,MBL,14,45,123,502,61746
201411052338702,MBL,50,26,500,503,251500
201411052338682,MBL,42,14,242,502,121484
201411052338968,MEGA,26,38,32,377,12064
201411052338817,MEGA,4,16,293,381,111633
201411052338770,MEGA,6,38,329,380,125020
201411052338665,MEGA,13,17,32,377,12064
201411052338515,MEGA,17,17,13,378,4914
201411052338514,MEGA,17,17,13,378,4914
201411052338480,MEGA,17,17,13,378,4914
201411052338507,MEGA,17,17,13,378,4914
201411052338506,MEGA,17,17,13,378,4914
201411052338503,MEGA,17,17,13,378,4914
201411052338497,MEGA,17,17,13,378,4914
201411052338493,MEGA,17,17,13,378,4914
201411052338489,MEGA,17,17,13,378,4914
201411052338606,MMDBL,5,38,10,426,4260
201411052338604,MMDBL,5,38,10,426,4260
201411052338602,MMDBL,5,38,10,426,4260
201411052338600,MMDBL,5,38,10,426,4260
201411052338597,MMDBL,5,1,10,426,4260
201411052338895,MNBBL,55,46,18,797,14346
201411052338794,MNBBL,14,14,190,782,148580
201411052338776,MNBBL,14,14,159,781,124179
201411052338556,MNBBL,55,16,120,790,94800
201411052338495,MNBBL,43,25,60,780,46800
201411052338491,MNBBL,56,32,312,775,241800
201411052338483,MNBBL,56,32,213,775,165075
201411052338963,MPFL,46,44,20,119,2380
201411052338955,MPFL,32,44,20,118,2360
201411052338947,MPFL,46,44,20,117,2340
201411052338944,MPFL,46,44,20,117,2340
201411052338936,MPFL,46,44,20,117,2340
201411052338933,MPFL,46,44,20,117,2340
201411052338864,MPFL,39,11,10,117,1170
201411052338824,MPFL,46,11,10,115,1150
201411052338820,MPFL,46,11,10,115,1150
201411052338929,MPFL,46,44,20,117,2340
201411052338922,MPFL,46,44,20,117,2340
201411052338907,MPFL,39,16,10,117,1170
201411052338897,MPFL,39,16,10,117,1170
201411052338890,MPFL,39,16,10,117,1170
201411052338887,MPFL,39,16,10,117,1170
201411052338825,NABIL,43,26,56,2205,123480
201411052338815,NABIL,3,26,120,2190,262800
201411052338814,NABIL,50,26,80,2190,175200
201411052338813,NABIL,58,26,230,2190,503700
201411052338812,NABIL,46,26,30,2195,65850
201411052338811,NABIL,46,26,20,2195,43900
201411052338499,NABIL,6,28,400,2200,880000
201411052338494,NABIL,37,26,320,2199,703680
201411052338804,NABIL,11,26,50,2210,110500
201411052338765,NABIL,52,26,95,2200,209000
201411052338610,NABIL,49,26,47,2205,103635
201411052338608,NABIL,22,26,100,2202,220200
201411052338571,NABIL,54,54,275,2200,605000
201411052338517,NABIL,45,28,400,2210,884000
201411052338810,NABIL,50,26,100,2200,220000
201411052338809,NABIL,39,26,60,2201,132060
201411052338808,NABIL,39,26,60,2201,132060
201411052338807,NABIL,52,26,50,2202,110100
201411052338806,NABIL,22,26,50,2202,110100
201411052338805,NABIL,11,26,50,2210,110500
201411052338967,NABILP,17,55,100,1604,160400
201411052338950,NABILP,4,55,100,1604,160400
201411052338660,NABILP,38,44,200,1613,322600
201411052338479,NABILP,53,49,25,1610,40250
201411052338768,NABILP,6,55,100,1605,160500
201411052338767,NABILP,38,55,100,1606,160600
201411052338774,NBB,34,5,65,552,35880
201411052338759,NBB,50,5,300,552,165600
201411052338736,NBB,14,5,200,551,110200
201411052338723,NBB,17,5,75,553,41475
201411052338686,NBB,1,5,940,551,517940
201411052338677,NBB,21,5,500,552,276000
201411052338586,NBB,50,5,20,560,11200
201411052338565,NBB,56,5,100,555,55500
201411052338560,NBB,49,5,200,555,111000
201411052338841,NBBL,51,6,20,1664,33280
201411052338840,NBBL,51,28,10,1662,16620
201411052338834,NBBL,51,56,41,1661,68101
201411052338826,NBBL,11,11,11,1638,18018
201411052338818,NBBL,11,11,11,1638,18018
201411052338739,NBBL,16,16,10,1606,16060
201411052338648,NBBL,51,16,11,1635,17985
201411052338540,NBBL,21,17,10,1635,16350
201411052338724,NBBL,16,16,11,1602,17622
201411052338711,NBBL,16,16,11,1611,17721
201411052338705,NBBL,51,16,11,1620,17820
201411052338679,NBBL,21,16,11,1615,17765
201411052338667,NBBL,51,16,11,1610,17710
201411052338654,NBBL,21,16,11,1610,17710
201411052338954,NBF1,17,38,1498,14,20448
201411052338949,NBF1,17,38,2398,14,32733
201411052338946,NBF1,17,38,2398,14,32733
201411052338930,NBF1,25,38,2398,14,32661
201411052338743,NBF1,25,38,2398,14,32661
201411052338691,NBF1,25,38,2997,14,40819
201411052338638,NBL,55,19,51,376,19176
201411052338482,NBL,5,54,283,379,107257
201411052338965,NCCB,51,43,1000,577,577000
201411052338961,NCCB,1,56,200,584,116800
201411052338942,NCCB,1,33,1000,578,578000
201411052338852,NCCB,4,21,500,580,290000
201411052338737,NCCB,32,41,500,580,290000
201411052338666,NCCB,50,34,490,581,284690
201411052338621,NCCB,26,45,100,585,58500
201411052338921,NGBL,10,17,20,340,6800
201411052338898,NGBL,10,17,20,340,6800
201411052338894,NGBL,10,17,20,340,6800
201411052338889,NGBL,10,17,20,340,6800
201411052338869,NGBL,10,17,20,340,6800
201411052338861,NGBL,10,17,20,340,6800
201411052338609,NGBL,26,56,11,345,3795
201411052338563,NGBL,10,1,580,342,198360
201411052338553,NGBL,10,6,198,341,67518
201411052338528,NGBL,43,1,20,340,6800
201411052338853,NGBL,10,17,20,340,6800
201411052338850,NGBL,10,17,20,340,6800
201411052338775,NGBL,10,48,11,340,3740
201411052338750,NGBL,52,49,178,340,60520
201411052338745,NGBL,21,21,46,344,15824
201411052338661,NGBL,29,29,49,348,17052
201411052338713,NHPC,21,25,570,140,79800
201411052338498,NIB,37,11,42,747,31374
201411052338906,NICA,1,56,20,790,15800
201411052338905,NICA,1,13,30,790,23700
201411052338904,NICA,1,10,500,790,395000
201411052338744,NICA,16,16,367,790,289930
201411052338642,NICA,8,32,30,791,23730
201411052338641,NICA,8,1,20,790,15800
201411052338928,NIL,55,26,50,775,38750
201411052338927,NIL,55,6,50,774,38700
201411052338938,NLIC,49,17,25,4270,106750
201411052338920,NLIC,49,49,163,4285,698455
201411052338919,NLIC,49,45,100,4280,428000
201411052338918,NLIC,49,45,100,4275,427500
201411052338685,NLIC,6,33,100,4250,425000
201411052338646,NLIC,42,45,200,4250,850000
201411052338645,NLIC,48,45,100,4251,425100
201411052338644,NLIC,22,45,50,4285,214250
201411052338505,NLIC,49,17,306,4270,1306620
201411052338934,NLICL,39,17,50,2300,115000
201411052338880,NLICL,6,49,55,2291,126005
201411052338876,NLICL,14,49,15,2301,34515
201411052338764,NLICL,45,49,21,2330,48930
201411052338471,NLICL,53,16,120,2300,276000
201411052338855,NTC,46,44,210,608,127680
201411052338842,NTC,46,11,310,608,188480
201411052338475,NTC,14,34,100,611,61100
201411052338899,NUBL,55,21,31,1513,46903
201411052338931,OHL,6,17,500,672,336000
201411052338873,OHL,42,28,200,685,137000
201411052338911,PCBL,4,42,364,486,176904
201411052338725,PCBL,40,42,200,486,97200
201411052338888,PICL,38,59,100,459,45900
201411052338865,PICL,38,59,500,450,225000
201411052338700,PICL,38,13,116,451,52316
201411052338697,PICL,38,35,125,450,56250
201411052338696,PICL,38,59,500,450,225000
201411052338925,PLIC,21,50,176,1030,181280
201411052338883,PLIC,7,21,13,1031,13403
201411052338831,PLIC,41,50,13,1032,13416
201411052338790,PLIC,21,43,122,1036,126392
201411052338733,PLIC,4,17,14,1034,14476
201411052338695,PLIC,41,16,50,1032,51600
201411052338564,PLIC,34,38,500,1035,517500
201411052338552,PLIC,6,57,367,1035,379845
201411052338550,PLIC,6,50,54,1034,55836
201411052338546,PLIC,6,59,416,1030,428480
201411052338470,PRDBL,40,7,10,146,1460
201411052338570,PURBL,48,47,22,365,8030
201411052338566,PURBL,48,47,22,365,8030
201411052338558,PURBL,39,48,11,363,3993
201411052338590,PURBL,48,47,33,367,12111
201411052338587,PURBL,48,47,22,367,8074
201411052338583,PURBL,48,47,33,366,12078
201411052338575,PURBL,48,47,22,366,8052
201411052338802,RHPC,22,22,11,533,5863
201411052338799,RHPC,22,22,11,533,5863
201411052338787,RHPC,22,22,11,526,5786
201411052338781,RHPC,22,22,11,526,5786
201411052338754,RHPC,22,22,10,516,5160
201411052338729,RHPC,1,33,500,506,253000
201411052338722,RHPC,53,17,11,515,5665
201411052338721,RHPC,53,17,11,515,5665
201411052338714,RHPC,53,17,11,515,5665
201411052338707,RHPC,53,17,11,515,5665
201411052338617,RHPC,5,33,500,505,252500
201411052338655,RMDC,26,1,30,780,23400
201411052338474,RMDC,40,17,33,770,25410
201411052338915,SADBL,6,25,496,304,150784
201411052338913,SADBL,6,21,500,303,151500
201411052338912,SADBL,6,7,500,302,151000
201411052338892,SADBL,6,22,1066,300,319800
201411052338830,SADBL,14,18,211,296,62456
201411052338828,SADBL,52,18,211,296,62456
201411052338803,SADBL,43,18,211,296,62456
201411052338801,SADBL,5,18,211,297,62667
201411052338793,SADBL,17,29,50,300,15000
201411052338626,SADBL,45,44,150,306,45900
201411052338533,SADBL,39,29,110,301,33110
201411052338530,SADBL,5,29,110,300,33000
201411052338741,SANIMA,42,59,350,510,178500
201411052338657,SANIMA,13,47,756,509,384804
201411052338839,SBBLJ,58,18,120,544,65280
201411052338838,SBBLJ,6,18,1000,545,545000
201411052338848,SBI,45,39,57,990,56430
201411052338544,SBI,39,13,110,988,108680
201411052338573,SBL,14,43,65,600,39000
201411052338504,SCB,37,41,89,1840,163760
201411052338796,SDBL,29,29,894,145,129630
201411052338943,SEWA,11,1,190,392,74480
201411052338914,SEWA,55,46,26,390,10140
201411052338886,SHINE,49,49,15,356,5340
201411052338879,SHINE,49,49,15,356,5340
201411052338859,SHINE,49,49,25,356,8900
201411052338849,SHINE,49,49,15,356,5340
201411052338847,SHINE,49,49,15,356,5340
201411052338845,SHINE,49,49,15,356,5340
201411052338832,SHINE,16,16,25,355,8875
201411052338851,SHPC,21,16,144,705,101520
201411052338827,SHPC,35,33,500,700,350000
201411052338635,SHPC,43,32,18,705,12690
201411052338632,SHPC,43,32,10,705,7050
201411052338631,SHPC,43,32,18,705,12690
201411052338630,SHPC,43,32,18,705,12690
201411052338629,SHPC,43,42,18,705,12690
201411052338623,SHPC,21,21,10,702,7020
201411052338620,SHPC,21,21,10,702,7020
201411052338599,SHPC,11,42,18,705,12690
201411052338527,SHPC,5,16,120,706,84720
201411052338509,SHPC,35,33,500,700,350000
201411052338592,SIC,43,43,14,1201,16814
201411052338534,SIC,11,6,10,1214,12140
201411052338524,SIC,11,48,15,1210,18150
201411052338473,SICL,38,46,384,818,314112
201411052338472,SICL,38,57,270,810,218700
201411052338680,SIL,21,8,13,790,10270
201411052338678,SIL,17,8,13,791,10283
201411052338675,SIL,37,8,66,791,52206
201411052338672,SIL,52,8,66,792,52272
201411052338732,SKBBL,41,57,42,1353,56826
201411052338525,SKBBL,41,1,19,1374,26106
201411052338939,SLICL,18,18,64,676,43264
201411052338917,SLICL,39,17,300,680,204000
201411052338891,SLICL,36,18,625,675,421875
201411052338860,SLICL,42,17,487,675,328725
201411052338715,SLICL,22,22,30,671,20130
201411052338640,SLICL,18,17,200,684,136800
201411052338593,SMFDB,26,6,10,1204,12040
201411052338669,SRBL,7,44,124,385,47740
201411052338624,SRBL,48,34,71,385,27335
201411052338622,SRBL,48,41,125,385,48125
201411052338569,SUBBL,21,22,33,322,10626
201411052338926,SUPRME,1,1,1600,162,259200
201411052338584,SUPRME,50,43,10,165,1650
201411052338538,SUPRME,40,26,112,162,18144
201411052338749,SWBBL,13,33,300,1785,535500
201411052338893,SYFL,51,48,1000,91,91000
201411052338607,SYFL,51,56,200,90,18000
201411052338833,TRH,50,11,10,295,2950
201411052338829,TRH,50,11,10,295,2950
201411052338486,UIC,16,25,10,907,9070
201411052338478,UIC,16,6,15,906,13590
201411052338653,VBBL,43,29,20,135,2700
201411052338798,YETI,49,11,40,125,5000
201411052338760,YETI,49,57,61,125,7625
201411052338758,YETI,49,57,61,125,7625
201411052338757,YETI,49,57,61,125,7625
201411052338755,YETI,49,57,61,125,7625
201411052338650,YETI,59,17,20,124,2480
201411052338637,YETI,59,17,20,124,2480
201411052338284,ADBL,25,25,30,482,14460
201411052338023,ADBL,26,41,40,482,19280
201411052338022,ADBL,26,41,40,482,19280
201411052338021,ADBL,26,41,40,482,19280
201411052338016,ADBL,25,13,102,481,49062
201411052338176,ADBL,52,44,70,489,34230
201411052338171,ADBL,52,38,33,489,16137
201411052338081,ADBL,26,49,145,485,70325
201411052338063,AHPC,21,25,208,370,76960
201411052338028,AHPC,6,26,102,367,37434
201411052337996,AHPC,56,48,82,365,29930
201411052337989,ALDBL,22,48,30,245,7350
201411052337986,ALDBL,22,48,20,245,4900
201411052338369,ALICL,38,41,31,1224,37944
201411052338348,ALICL,43,18,15,1225,18375
201411052338322,ALICL,17,45,160,1220,195200
201411052338286,ALICL,48,42,59,1215,71685
201411052338054,ALICL,25,25,40,1208,48320
201411052338448,APEX,16,48,101,123,12423
201411052338243,APEX,25,19,22,122,2684
201411052338226,APEX,22,48,30,121,3630
201411052338222,APEX,22,48,30,121,3630
201411052338193,APEX,22,48,30,121,3630
201411052338047,APEX,6,40,40,124,4960
201411052338001,APEX,32,48,30,123,3690
201411052338173,APEX,22,48,30,121,3630
201411052338104,APEX,51,19,160,122,19520
201411052338075,APEX,32,19,40,123,4920
201411052338441,ARDBL,47,8,52,145,7540
201411052338434,ARDBL,47,8,52,145,7540
201411052338230,ARDBL,1,48,31,143,4433
201411052338300,BLDBL,18,18,500,425,212500
201411052338293,BLDBL,18,18,500,425,212500
201411052338289,BLDBL,18,18,286,426,121836
201411052338280,BLDBL,18,18,10,434,4340
201411052338372,BPCL,16,33,1000,645,645000
201411052338025,BPCL,11,52,536,649,347864
201411052338464,BSBL,28,44,413,300,123900
201411052338457,BSBL,28,4,24,300,7200
201411052338450,BSBL,28,50,136,298,40528
201411052338235,BSBL,6,48,49,298,14602
201411052338364,BSBL,41,50,150,298,44700
201411052338331,CBL,57,11,98,276,27048
201411052338317,CBL,35,51,1018,275,279950
201411052338299,CBL,35,20,82,275,22550
201411052338212,CBL,26,41,204,274,55896
201411052338160,CBL,17,21,82,274,22468
201411052338158,CBL,17,22,19,274,5206
201411052338155,CBL,17,22,19,274,5206
201411052338152,CBL,17,22,19,274,5206
201411052338126,CBL,35,29,133,274,36442
201411052338125,CBL,35,13,30,273,8190
201411052338466,CCBL,29,21,32,273,8736
201411052338429,CCBL,17,41,1000,272,272000
201411052338234,CCBL,26,21,32,274,8768
201411052338232,CCBL,26,21,32,274,8768
201411052338231,CCBL,26,21,32,274,8768
201411052338221,CCBL,26,32,40,272,10880
201411052337981,CCBL,57,57,40,270,10800
201411052337977,CCBL,57,57,40,270,10800
201411052337975,CCBL,57,8,40,270,10800
201411052337970,CCBL,57,57,40,270,10800
201411052338010,CCBL,57,57,40,271,10840
201411052338005,CCBL,57,44,10,271,2710
201411052338002,CCBL,49,57,40,270,10800
201411052337999,CCBL,49,57,40,270,10800
201411052337987,CCBL,57,57,40,270,10800
201411052337985,CCBL,57,8,40,270,10800
201411052338041,CCBL,57,57,40,271,10840
201411052338037,CCBL,57,57,40,271,10840
201411052338031,CCBL,57,57,40,271,10840
201411052338029,CCBL,57,57,40,271,10840
201411052338024,CCBL,57,32,40,271,10840
201411052338020,CCBL,57,57,40,271,10840
201411052338128,CCBL,25,21,32,273,8736
201411052338124,CCBL,25,32,40,273,10920
201411052338066,CCBL,22,1,40,273,10920
201411052338055,CCBL,49,57,40,270,10800
201411052338051,CCBL,57,57,40,271,10840
201411052338046,CCBL,57,57,40,271,10840
201411052338214,CCBL,26,32,40,272,10880
201411052338188,CCBL,26,32,40,272,10880
201411052338186,CCBL,26,11,28,274,7672
201411052338184,CCBL,26,41,40,274,10960
201411052338182,CCBL,26,21,32,273,8736
201411052338180,CCBL,26,21,32,273,8736
201411052337998,CDBL,55,18,472,393,185496
201411052338347,CEDBL,35,21,269,244,65636
201411052338197,CEDBL,40,40,11,244,2684
201411052338185,CEDBL,40,40,11,244,2684
201411052338181,CEDBL,35,21,108,244,26352
201411052338162,CEDBL,35,21,108,242,26136
201411052338427,CHCL,44,14,500,1630,815000
201411052338383,CHCL,59,14,71,1634,116014
201411052338363,CHCL,18,18,36,1622,58392
201411052338351,CHCL,18,18,36,1621,58356
201411052338350,CHCL,18,18,36,1621,58356
201411052338343,CHCL,18,18,36,1621,58356
201411052337979,CHCL,6,38,60,1618,97080
201411052338335,CHCL,18,18,36,1621,58356
201411052338329,CHCL,18,18,36,1621,58356
201411052338267,CHCL,49,49,27,1620,43740
201411052338229,CHCL,14,38,59,1630,96170
201411052338165,CHCL,44,14,500,1615,807500
201411052337982,CHCL,6,45,104,1620,168480
201411052338469,CIT,42,21,22,3009,66198
201411052338451,CIT,38,26,100,3000,300000
201411052338443,CIT,53,19,50,2999,149950
201411052338396,CNDBL,11,50,20,168,3360
201411052338395,CNDBL,11,50,20,168,3360
201411052338394,CNDBL,11,50,20,168,3360
201411052338393,CNDBL,11,50,20,168,3360
201411052338377,CNDBL,47,50,20,165,3300
201411052338375,CNDBL,47,50,20,165,3300
201411052338050,CNDBL,56,14,60,168,10080
201411052338374,CNDBL,56,50,20,168,3360
201411052338224,CNDBL,56,50,20,170,3400
201411052338218,CNDBL,56,50,20,170,3400
201411052338211,CNDBL,56,50,20,168,3360
201411052338058,CNDBL,47,14,60,165,9900
201411052338053,CNDBL,47,14,60,165,9900
201411052338233,CSDBL,13,21,58,163,9454
201411052338170,CSDBL,13,38,30,163,4890
201411052338164,CSDBL,17,21,14,161,2254
201411052338139,CSDBL,17,16,10,161,1610
201411052338132,CSDBL,17,16,10,161,1610
201411052338088,CSDBL,17,16,10,161,1610
201411052338459,CZBIL,40,56,21,432,9072
201411052338435,CZBIL,6,49,105,432,45360
201411052338431,CZBIL,6,34,105,431,45255
201411052338283,CZBIL,22,22,21,427,8967
201411052338143,CZBIL,55,57,92,427,39284
201411052338274,CZBIL,22,22,21,427,8967
201411052338216,CZBIL,45,44,84,430,36120
201411052338145,CZBIL,55,19,240,427,102480
201411052338179,DDBL,38,16,100,1300,130000
201411052338424,EBL,39,48,35,1850,64750
201411052338209,EBL,7,13,220,1851,407220
201411052338208,EBL,7,25,140,1851,259140
201411052338172,EBL,45,11,143,1850,264550
201411052338397,GBBL,13,16,30,390,11700
201411052338386,GBBL,40,57,102,386,39372
201411052338384,GBBL,32,39,37,385,14245
201411052338344,GBBL,42,13,500,382,191000
201411052338257,GBBL,41,48,300,382,114600
201411052338256,GBBL,7,40,400,384,153600
201411052338026,GBBL,14,37,104,377,39208
201411052338244,GBBL,42,55,500,381,190500
201411052338090,GBBL,21,25,26,383,9958
201411052338087,GBBL,21,46,54,381,20574
201411052338085,GBBL,21,46,47,381,17907
201411052338057,GBBL,41,55,185,380,70300
201411052338043,GBBL,55,37,104,378,39312
201411052338392,GBIME,55,51,500,507,253500
201411052338273,GBIME,29,13,32,505,16160
201411052338196,GBIME,42,13,32,508,16256
201411052338156,GBIME,25,13,47,505,23735
201411052338011,GBIME,19,11,90,508,45720
201411052338004,GBIME,19,11,23,508,11684
201411052337997,GBIME,19,44,35,505,17675
201411052337988,GBIME,19,44,21,504,10584
201411052338419,GLICL,28,48,500,590,295000
201411052338408,GLICL,16,17,28,585,16380
201411052338407,GLICL,16,17,28,585,16380
201411052338399,GLICL,16,17,28,585,16380
201411052338389,GLICL,16,17,28,585,16380
201411052338357,GLICL,21,45,211,585,123435
201411052338356,GLICL,21,38,70,585,40950
201411052338309,GLICL,43,29,27,584,15768
201411052338227,GLICL,54,45,46,580,26680
201411052338146,GLICL,43,43,27,579,15633
201411052338100,GLICL,25,48,149,590,87910
201411052338452,GRAND,7,45,127,210,26670
201411052338414,GRAND,21,10,1000,210,210000
201411052338269,GRAND,35,10,1000,210,210000
201411052338187,GRAND,46,10,500,210,105000
201411052338154,GRAND,57,17,208,207,43056
201411052338379,HAMA,48,1,140,132,18480
201411052338378,HAMA,48,41,150,132,19800
201411052338305,HAMA,32,48,40,130,5200
201411052338301,HAMA,32,48,40,130,5200
201411052338292,HAMA,59,48,40,132,5280
201411052338017,HAMA,21,41,130,134,17420
201411052338003,HAMA,50,41,100,132,13200
201411052338272,HBDL,18,41,500,97,48500
201411052338268,HBDL,18,18,139,97,13483
201411052338251,HBDL,18,18,139,97,13483
201411052338250,HGI,17,44,500,555,277500
201411052338248,HGI,17,13,89,557,49573
201411052338236,HGI,17,37,402,554,222708
201411052338190,HGI,49,26,300,553,165900
201411052338068,HGI,49,13,100,550,55000
201411052338294,ICFC,59,59,1500,270,405000
201411052338252,ICFC,59,35,175,270,47250
201411052338153,ICFC,59,32,331,270,89370
201411052337980,ICFC,19,32,1000,265,265000
201411052338313,IDBL,39,39,1123,165,185295
201411052338035,IDBL,14,25,95,167,15865
201411052338352,JBBL,51,5,330,158,52140
201411052338291,JBBL,41,5,150,155,23250
201411052338288,JBBL,40,46,190,158,30020
201411052338287,JBBL,40,43,10,158,1580
201411052338358,JBNL,59,59,33,264,8712
201411052338255,JBNL,59,59,33,264,8712
201411052338240,JBNL,59,59,33,264,8712
201411052338228,JBNL,59,59,33,264,8712
201411052338207,JBNL,59,59,33,264,8712
201411052338202,JBNL,38,14,153,265,40545
201411052338195,JBNL,59,59,33,264,8712
201411052338183,JBNL,59,59,33,264,8712
201411052338166,JBNL,57,38,85,267,22695
201411052338101,JBNL,50,21,206,265,54590
201411052338069,JFL,41,18,80,635,50800
201411052338279,KBL,58,53,500,400,200000
201411052338276,KBL,58,53,500,400,200000
201411052338135,KBL,50,48,500,400,200000
201411052338134,KBL,51,48,100,400,40000
201411052338045,KBL,35,32,30,405,12150
201411052338039,KBL,50,49,500,400,200000
201411052338072,KDBL,36,44,53,124,6572
201411052338084,KEBL,6,14,40,340,13600
201411052338133,LGIL,3,47,24,442,10608
201411052338123,LGIL,26,8,40,435,17400
201411052338103,LGIL,8,8,40,431,17240
201411052338102,LGIL,8,8,40,431,17240
201411052338065,LGIL,26,8,12,430,5160
201411052338116,LGIL,26,8,40,435,17400
201411052338115,LGIL,26,8,40,435,17400
201411052338109,LGIL,8,8,40,431,17240
201411052338108,LGIL,8,8,40,431,17240
201411052338107,LGIL,8,8,40,431,17240
201411052338106,LGIL,8,8,40,431,17240
201411052338122,LGIL,26,8,40,435,17400
201411052338121,LGIL,26,8,40,435,17400
201411052338120,LGIL,26,8,40,435,17400
201411052338119,LGIL,26,8,40,435,17400
201411052338118,LGIL,26,8,40,435,17400
201411052338117,LGIL,26,8,40,435,17400
201411052338270,LICN,45,45,26,3530,91780
201411052338249,LICN,45,59,50,3520,176000
201411052338246,LICN,38,39,200,3515,703000
201411052338141,LICN,38,1,78,3500,273000
201411052338027,LICN,49,20,200,3468,693600
201411052338006,LICN,38,17,21,3450,72450
201411052338460,LUBL,5,45,207,322,66654
201411052338455,LUBL,5,45,207,322,66654
201411052338382,LUBL,32,32,30,317,9510
201411052338371,LUBL,32,32,30,311,9330
201411052338310,MBL,49,20,300,500,150000
201411052338178,MBL,49,42,177,500,88500
201411052338136,MBL,20,20,500,500,250000
201411052338113,MBL,49,4,72,500,36000
201411052338112,MBL,49,35,850,500,425000
201411052338111,MBL,49,57,478,500,239000
201411052338110,MBL,49,20,366,500,183000
201411052338013,MBL,50,4,79,499,39421
201411052337969,MBL,50,34,200,501,100200
201411052338468,MEGA,17,17,13,378,4914
201411052338437,MEGA,17,17,13,378,4914
201411052338239,MEGA,26,43,274,380,104120
201411052338194,MEGA,26,39,32,378,12096
201411052338192,MEGA,26,39,32,378,12096
201411052338191,MEGA,26,39,32,378,12096
201411052337991,MEGA,6,49,32,374,11968
201411052337990,MEGA,6,49,100,374,37400
201411052338157,MEGA,59,59,10,374,3740
201411052338150,MEGA,59,59,10,374,3740
201411052338137,MEGA,6,13,32,375,12000
201411052338127,MEGA,40,59,10,373,3730
201411052338105,MEGA,59,59,10,373,3730
201411052338089,MEGA,59,59,10,373,3730
201411052338409,MMDBL,18,39,12,430,5160
201411052338404,MMDBL,18,39,19,430,8170
201411052338403,MMDBL,18,39,23,430,9890
201411052338401,MMDBL,18,39,23,430,9890
201411052338400,MMDBL,18,39,23,430,9890
201411052338398,MMDBL,18,39,23,430,9890
201411052338247,MMDBL,5,39,23,426,9798
201411052338361,NABIL,41,26,200,2185,437000
201411052338336,NABIL,6,54,479,2178,1043262
201411052338326,NABIL,54,54,196,2180,427280
201411052338296,NABIL,54,54,65,2177,141505
201411052338266,NABIL,48,26,100,2180,218000
201411052338265,NABIL,58,26,20,2180,43600
201411052338142,NABIL,11,38,200,2201,440200
201411052338040,NABIL,13,26,260,2176,565760
201411052338034,NABIL,11,26,50,2190,109500
201411052338033,NABIL,50,26,100,2190,219000
201411052338032,NABIL,37,26,100,2191,219100
201411052338264,NABIL,54,26,70,2190,153300
201411052338263,NABIL,58,26,10,2190,21900
201411052338262,NABIL,46,26,30,2191,65730
201411052338220,NABIL,49,55,137,2200,301400
201411052338189,NABIL,28,38,117,2206,258102
201411052338174,NABIL,43,6,24,2218,53232
201411052338302,NABILP,37,11,125,1596,199500
201411052338261,NABILP,7,44,200,1595,319000
201411052338036,NABILP,48,43,80,1580,126400
201411052338205,NABILP,13,17,150,1595,239250
201411052338198,NABILP,13,44,200,1594,318800
201411052338175,NABILP,7,44,500,1590,795000
201411052338316,NBB,50,55,60,560,33600
201411052338315,NBB,50,55,150,560,84000
201411052338314,NBB,44,55,50,560,28000
201411052338074,NBB,35,59,500,550,275000
201411052338073,NBB,35,11,1000,550,550000
201411052338070,NBB,42,22,225,555,124875
201411052338167,NBB,42,11,100,561,56100
201411052338147,NBB,14,14,430,561,241230
201411052338130,NBB,44,55,300,560,168000
201411052338129,NBB,44,36,300,560,168000
201411052338114,NBB,44,43,200,560,112000
201411052338080,NBB,35,28,500,552,276000
201411052338308,NBB,14,36,70,561,39270
201411052338258,NBB,50,29,75,562,42150
201411052338225,NBB,44,29,150,560,84000
201411052338169,NBB,42,28,500,562,281000
201411052338168,NBB,42,26,500,561,280500
201411052338298,NBBL,26,11,11,1632,17952
201411052338362,NBF1,5,46,4575,14,62220
201411052338349,NBF1,58,41,1199,14,16366
201411052338340,NBL,33,54,1000,379,379000
201411052338324,NBL,5,41,200,383,76600
201411052338295,NBL,13,53,200,379,75800
201411052338433,NCCB,51,33,1000,579,579000
201411052338391,NCCB,56,20,508,580,294640
201411052338018,NCCB,17,33,800,584,467200
201411052337973,NCCB,44,33,2000,576,1152000
201411052338327,NCDB,4,47,100,159,15900
201411052338333,NCM,39,39,654,224,146496
201411052338332,NCM,39,39,500,223,111500
201411052338304,NGBL,14,49,69,335,23115
201411052338271,NGBL,43,6,60,335,20100
201411052338149,NGBL,57,6,60,330,19800
201411052338446,NHPC,47,43,1000,140,140000
201411052338406,NHPC,41,43,1000,140,140000
201411052338405,NHPC,26,43,500,140,70000
201411052338238,NHPC,45,28,2000,140,280000
201411052338215,NHPC,20,10,500,141,70500
201411052338206,NHPC,56,33,1000,140,140000
201411052338201,NHPC,20,29,3000,139,417000
201411052338086,NHPC,5,33,1000,138,138000
201411052338079,NHPC,5,28,2000,138,276000
201411052337978,NHPC,19,33,1000,137,137000
201411052338330,NIB,33,25,130,740,96200
201411052338328,NIB,33,25,111,740,82140
201411052338320,NIB,33,39,97,739,71683
201411052338319,NIB,33,39,100,739,73900
201411052338465,NICA,38,43,210,785,164850
201411052338463,NICA,36,22,100,789,78900
201411052338447,NICA,36,48,30,788,23640
201411052338428,NICA,50,10,399,785,313215
201411052338411,NICA,26,4,37,784,29008
201411052338410,NICA,26,32,20,783,15660
201411052338338,NICA,17,41,25,783,19575
201411052338337,NICA,36,38,70,780,54600
201411052338334,NICA,17,41,25,783,19575
201411052338278,NICA,16,16,60,780,46800
201411052338277,NICA,16,16,60,780,46800
201411052338213,NIL,25,25,2000,774,1548000
201411052338426,NLBBL,44,37,100,1193,119300
201411052338425,NLBBL,44,58,10,1192,11920
201411052337983,NLBBL,44,14,50,1170,58500
201411052338083,NLG,26,5,13,800,10400
201411052338445,NLIC,11,33,100,4275,427500
201411052338368,NLIC,49,17,214,4270,913780
201411052338177,NLIC,53,45,100,4300,430000
201411052338052,NLIC,50,17,214,4275,914850
201411052338015,NLIC,43,43,100,4216,421600
201411052337995,NLIC,53,26,14,4260,59640
201411052337974,NLIC,44,45,100,4260,426000
201411052337972,NLIC,44,45,100,4255,425500
201411052338461,NLICL,38,16,200,2300,460000
201411052338454,NLICL,16,16,80,2305,184400
201411052338161,NLICL,14,16,100,2320,232000
201411052338059,NLICL,13,13,166,2300,381800
201411052338049,NLICL,34,25,141,2315,326415
201411052338359,NTC,14,14,85,610,51850
201411052338341,NTC,26,36,150,609,91350
201411052338312,NTC,26,11,100,609,60900
201411052338311,NTC,26,20,100,609,60900
201411052338417,NUBL,6,6,200,1484,296800
201411052338444,OHL,6,33,300,675,202500
201411052338442,OHL,26,28,200,680,136000
201411052338370,OHL,6,28,500,680,340000
201411052338365,OHL,6,32,200,675,135000
201411052338355,OHL,6,41,10,672,6720
201411052338354,OHL,6,41,10,672,6720
201411052338423,PCBL,26,52,106,489,51834
201411052338421,PCBL,26,6,22,489,10758
201411052338306,PCBL,17,22,145,488,70760
201411052338303,PCBL,17,1,11,488,5368
201411052338254,PCBL,43,16,86,487,41882
201411052338223,PCBL,55,55,908,478,434024
201411052338077,PCBL,6,29,91,486,44226
201411052338071,PCBL,6,48,66,485,32010
201411052338242,PDBL,57,57,696,222,154512
201411052338219,PDBL,57,57,535,222,118770
201411052338346,PFC,25,25,22,285,6270
201411052338353,PLIC,43,43,81,1031,83511
201411052338307,PLIC,41,13,60,1035,62100
201411052338061,PLIC,4,39,13,1035,13455
201411052338060,PLIC,4,18,100,1032,103200
201411052338056,PLIC,4,38,54,1033,55782
201411052338030,PLIC,34,18,150,1030,154500
201411052338008,PLIC,38,13,121,1030,124630
201411052338000,PLIC,38,25,83,1030,85490
201411052338440,PRDBL,40,36,340,146,49640
201411052338402,PRDBL,40,25,30,146,4380
201411052338390,PRDBL,40,25,10,146,1460
201411052338099,PRDBL,29,29,20,148,2960
201411052338098,PRDBL,29,29,20,148,2960
201411052338097,PRDBL,29,29,40,148,5920
201411052338096,PRDBL,29,29,40,148,5920
201411052338095,PRDBL,29,29,20,148,2960
201411052338094,PRDBL,29,29,40,148,5920
201411052338093,PRDBL,29,29,20,148,2960
201411052338092,PRDBL,29,29,20,148,2960
201411052338091,PRDBL,29,29,20,148,2960
201411052338138,REDBL,38,13,17,215,3655
201411052338042,RHPC,29,47,66,510,33660
201411052338467,RMDC,40,48,33,770,25410
201411052338245,RMDC,44,14,175,765,133875
201411052338237,RMDC,44,41,114,763,86982
201411052338140,RMDC,26,14,566,760,430160
201411052338067,RMDC,46,46,33,769,25377
201411052338062,RMDC,46,46,33,769,25377
201411052337984,RMDC,46,46,33,769,25377
201411052337976,RMDC,46,46,33,769,25377
201411052338038,RMDC,14,42,33,757,24981
201411052338014,RMDC,26,42,33,757,24981
201411052338012,RMDC,26,42,33,757,24981
201411052338009,RMDC,26,42,33,757,24981
201411052337993,RMDC,40,42,33,757,24981
201411052337992,RMDC,46,46,33,769,25377
201411052338325,SADBL,17,29,110,299,32890
201411052337994,SADBL,47,7,500,294,147000
201411052338144,SANIMA,5,44,490,510,249900
201411052338048,SANIMA,42,17,152,508,77216
201411052338318,SBI,39,39,76,988,75088
201411052338321,SBL,41,20,196,595,116620
201411052338151,SBL,50,28,259,591,153069
201411052338082,SBL,51,37,100,601,60100
201411052338204,SCB,14,3,100,1836,183600
201411052338203,SCB,14,11,100,1835,183500
201411052337971,SCB,22,39,25,1830,45750
201411052338436,SEWA,38,1,600,385,231000
201411052338241,SEWA,38,11,15,380,5700
201411052338200,SEWA,10,5,46,381,17526
201411052338078,SEWA,38,48,128,380,48640
201411052338367,SFFIL,17,6,260,91,23660
201411052338360,SFFIL,14,6,10,90,900
201411052338416,SHINE,47,47,85,357,30345
201411052338412,SHINE,47,40,17,355,6035
201411052338380,SHINE,14,39,202,353,71306
201411052338148,SHINE,11,41,33,350,11550
201411052338019,SHINE,47,47,85,354,30090
201411052338281,SHL,37,49,200,596,119200
201411052338044,SHPC,14,58,161,705,113505
201411052338007,SIC,11,13,200,1201,240200
201411052338415,SKBBL,57,21,192,1350,259200
201411052338199,SKBBL,56,7,100,1345,134500
201411052338376,SLICL,17,18,18,696,12528
201411052338290,SMFDB,26,16,50,1182,59100
201411052338458,SRBL,29,40,28,384,10752
201411052338217,SRBL,7,55,516,385,198660
201411052338076,SRBL,13,49,24,379,9096
201411052338064,SRBL,13,22,17,378,6426
201411052338381,SUBBL,21,18,13,317,4121
201411052338342,SUBBL,1,14,255,311,79305
201411052338453,SUPRME,32,25,100,160,16000
201411052338260,SUPRME,28,28,2320,157,364240
201411052338131,SUPRME,47,14,80,157,12560
201411052338462,SWBBL,29,47,500,1780,890000
201411052338430,SWBBL,14,14,134,1800,241200
201411052338388,SWBBL,42,26,101,1790,180790
201411052338387,SWBBL,57,26,262,1785,467670
201411052338323,SWBBL,53,46,110,1770,194700
201411052338253,TRH,50,42,20,295,5900
201411052338366,UIC,7,17,101,900,90900
201411052338456,VBBL,43,38,40,137,5480
201411052338449,VBBL,43,38,40,136,5440
201411052338422,VBBL,56,38,40,134,5360
201411052338285,VBBL,26,17,290,136,39440
201411052338282,VBBL,3,1,40,135,5400
201411052338163,VBBL,56,46,120,134,16080
201411052338420,VBBL,21,7,1000,132,132000
201411052338418,VBBL,56,38,40,134,5360
201411052338413,VBBL,25,7,1000,132,132000
201411052338385,VBBL,26,18,100,134,13400
201411052338297,VBBL,3,11,350,135,47250
201411052338275,WDBL,55,28,300,206,61800
201411052338259,WDBL,55,28,402,205,82410
201411052338159,YETI,25,25,20,124,2480
201411052337822,ACEDBL,6,48,292,265,77380
201411052337847,ADBL,11,16,40,477,19080
201411052337739,ADBL,38,38,145,477,69165
201411052337530,ADBL,10,10,31,485,15035
201411052337733,AHPC,13,13,600,360,216000
201411052337620,AHPC,25,40,140,359,50260
201411052337784,AIC,6,42,100,490,49000
201411052337909,ALICL,14,14,337,1200,404400
201411052337782,ALICL,28,58,70,1210,84700
201411052337720,ALICL,26,52,83,1210,100430
201411052337641,ALICL,28,41,16,1200,19200
201411052337858,APEX,32,56,20,123,2460
201411052337850,APEX,51,56,20,122,2440
201411052337823,APEX,51,56,20,122,2440
201411052337779,APEX,22,56,20,121,2420
201411052337573,APEX,49,49,20,121,2420
201411052337571,APEX,49,49,20,121,2420
201411052337570,APEX,49,49,20,121,2420
201411052337817,APEX,51,56,20,122,2440
201411052337810,APEX,51,56,20,122,2440
201411052337807,APEX,51,56,20,122,2440
201411052337806,APEX,51,56,20,122,2440
201411052337820,ARDBL,49,49,690,141,97290
201411052337811,ARDBL,1,49,20,143,2860
201411052337764,ARDBL,56,11,52,145,7540
201411052337729,ARDBL,18,18,42,143,6006
201411052337649,ARDBL,6,11,73,144,10512
201411052337568,ARDBL,5,48,42,142,5964
201411052337923,BSBL,56,44,300,300,90000
201411052337832,BSBL,42,39,30,304,9120
201411052337798,BSBL,42,39,18,299,5382
201411052337797,BSBL,42,17,100,295,29500
201411052337776,BSBL,42,22,168,294,49392
201411052337749,BSBL,56,19,30,290,8700
201411052337936,CBL,28,28,206,273,56238
201411052337796,CBL,26,11,276,272,75072
201411052337793,CBL,26,43,255,272,69360
201411052337789,CBL,26,39,135,271,36585
201411052337650,CBL,8,42,1018,267,271806
201411052337623,CBL,17,42,960,266,255360
201411052337616,CBL,25,42,1018,265,269770
201411052337609,CBL,37,42,510,266,135660
201411052337544,CBL,49,49,30,270,8100
201411052337540,CBL,49,49,30,270,8100
201411052337515,CBL,49,49,30,274,8220
201411052337966,CCBL,57,57,40,270,10800
201411052337932,CCBL,49,57,40,270,10800
201411052337930,CCBL,57,10,45,269,12105
201411052337926,CCBL,57,57,40,269,10760
201411052337921,CCBL,49,10,91,268,24388
201411052337890,CCBL,49,29,304,270,82080
201411052337507,CCBL,48,48,40,262,10480
201411052337477,CCBL,22,22,40,261,10440
201411052337476,CCBL,40,40,36,264,9504
201411052337469,CCBL,40,40,36,264,9504
201411052337565,CCBL,6,38,91,262,23842
201411052337532,CCBL,48,48,40,262,10480
201411052337528,CCBL,48,48,40,262,10480
201411052337526,CCBL,48,48,40,262,10480
201411052337514,CCBL,48,48,40,262,10480
201411052337512,CCBL,48,48,40,262,10480
201411052337600,CCBL,36,1,32,261,8352
201411052337598,CCBL,13,1,17,265,4505
201411052337588,CCBL,55,1,17,261,4437
201411052337587,CCBL,13,1,32,262,8384
201411052337572,CCBL,39,38,45,261,11745
201411052337569,CCBL,32,38,45,262,11790
201411052337652,CCBL,13,13,36,264,9504
201411052337651,CCBL,48,57,39,265,10335
201411052337603,CCBL,13,1,32,265,8480
201411052337674,CCBL,14,14,10,266,2660
201411052337671,CCBL,14,14,10,266,2660
201411052337670,CCBL,14,14,10,266,2660
201411052337669,CCBL,14,14,16,266,4256
201411052337668,CCBL,22,57,39,265,10335
201411052337657,CCBL,13,13,36,264,9504
201411052337705,CCBL,57,5,10,265,2650
201411052337700,CCBL,57,5,10,265,2650
201411052337693,CCBL,57,5,10,265,2650
201411052337691,CCBL,57,5,10,265,2650
201411052337686,CCBL,57,5,10,265,2650
201411052337676,CCBL,14,14,16,266,4256
201411052337736,CCBL,26,47,10,265,2650
201411052337734,CCBL,57,5,10,265,2650
201411052337731,CCBL,57,5,10,265,2650
201411052337727,CCBL,57,5,10,265,2650
201411052337721,CCBL,26,21,40,265,10600
201411052337714,CCBL,49,21,32,265,8480
201411052337752,CCBL,49,5,10,265,2650
201411052337746,CCBL,26,47,10,265,2650
201411052337742,CCBL,26,47,10,265,2650
201411052337741,CCBL,26,5,10,265,2650
201411052337740,CCBL,26,47,10,265,2650
201411052337738,CCBL,26,47,10,265,2650
201411052337803,CCBL,49,5,10,266,2660
201411052337800,CCBL,49,5,10,266,2660
201411052337769,CCBL,49,5,10,265,2650
201411052337762,CCBL,49,5,10,265,2650
201411052337758,CCBL,49,5,10,265,2650
201411052337755,CCBL,49,5,10,265,2650
201411052337828,CCBL,5,5,10,265,2650
201411052337825,CCBL,5,5,10,265,2650
201411052337819,CCBL,5,5,10,265,2650
201411052337816,CCBL,49,21,32,266,8512
201411052337814,CCBL,49,5,10,266,2660
201411052337805,CCBL,49,5,10,266,2660
201411052337854,CCBL,49,5,10,266,2660
201411052337851,CCBL,49,5,10,266,2660
201411052337842,CCBL,49,5,10,266,2660
201411052337835,CCBL,49,5,10,266,2660
201411052337833,CCBL,49,21,32,266,8512
201411052337830,CCBL,49,21,32,266,8512
201411052337871,CCBL,32,1,17,267,4539
201411052337867,CCBL,49,5,10,266,2660
201411052337864,CCBL,49,5,10,266,2660
201411052337862,CCBL,49,5,10,266,2660
201411052337860,CCBL,49,5,10,266,2660
201411052337856,CCBL,49,5,10,266,2660
201411052337889,CCBL,49,44,40,270,10800
201411052337878,CCBL,54,5,17,266,4522
201411052337877,CCBL,49,5,17,266,4522
201411052337876,CCBL,49,5,10,266,2660
201411052337873,CCBL,32,1,17,267,4539
201411052337872,CCBL,49,5,10,266,2660
201411052337792,CDBL,55,32,807,393,317151
201411052337482,CDBL,41,32,100,400,40000
201411052337696,CEDBL,47,25,96,242,23232
201411052337953,CHCL,59,14,500,1600,800000
201411052337950,CHCL,38,57,104,1600,166400
201411052337947,CHCL,33,57,104,1607,167128
201411052337922,CHCL,34,14,500,1600,800000
201411052337844,CHCL,21,40,47,1615,75905
201411052337829,CHCL,39,39,50,1612,80600
201411052337754,CHCL,22,17,200,1600,320000
201411052337751,CHCL,45,45,58,1608,93264
201411052337737,CHCL,17,39,57,1603,91371
201411052337685,CHCL,17,38,60,1604,96240
201411052337618,CHCL,33,41,94,1603,150682
201411052337824,CHCL,25,39,100,1607,160700
201411052337808,CHCL,39,39,50,1608,80400
201411052337772,CHCL,56,19,413,1605,662865
201411052337766,CHCL,33,57,104,1603,166712
201411052337763,CHCL,45,45,54,1608,86832
201411052337756,CHCL,17,17,100,1603,160300
201411052337917,CNDBL,56,45,80,170,13600
201411052337916,CNDBL,56,45,80,170,13600
201411052337667,CNDBL,50,50,20,168,3360
201411052337666,CNDBL,50,50,20,168,3360
201411052337665,CNDBL,50,13,20,168,3360
201411052337664,CNDBL,50,50,20,168,3360
201411052337495,CNDBL,11,50,20,168,3360
201411052337492,CNDBL,11,50,20,168,3360
201411052337483,CNDBL,49,49,20,169,3380
201411052337480,CNDBL,49,49,20,169,3380
201411052337479,CNDBL,49,49,20,169,3380
201411052337520,CNDBL,11,50,20,168,3360
201411052337513,CNDBL,11,50,20,168,3360
201411052337511,CNDBL,11,50,20,168,3360
201411052337509,CNDBL,11,50,20,168,3360
201411052337500,CNDBL,11,50,20,168,3360
201411052337498,CNDBL,11,50,20,168,3360
201411052337627,CNDBL,11,50,20,165,3300
201411052337626,CNDBL,11,50,30,165,4950
201411052337529,CNDBL,11,50,20,168,3360
201411052337525,CNDBL,11,50,20,168,3360
201411052337524,CNDBL,11,50,20,168,3360
201411052337522,CNDBL,11,50,20,168,3360
201411052337637,CNDBL,11,50,20,165,3300
201411052337636,CNDBL,11,50,20,165,3300
201411052337633,CNDBL,11,50,20,165,3300
201411052337631,CNDBL,11,50,20,165,3300
201411052337629,CNDBL,11,50,20,165,3300
201411052337628,CNDBL,11,50,20,165,3300
201411052337647,CNDBL,50,50,20,168,3360
201411052337646,CNDBL,50,47,100,167,16700
201411052337645,CNDBL,50,50,20,165,3300
201411052337644,CNDBL,50,50,20,165,3300
201411052337643,CNDBL,50,50,20,165,3300
201411052337642,CNDBL,50,50,20,165,3300
201411052337663,CNDBL,50,50,20,168,3360
201411052337662,CNDBL,50,50,20,168,3360
201411052337661,CNDBL,50,50,20,168,3360
201411052337660,CNDBL,50,50,20,168,3360
201411052337659,CNDBL,50,50,20,168,3360
201411052337658,CNDBL,50,50,20,168,3360
201411052337968,CSDBL,13,16,10,160,1600
201411052337956,CSDBL,13,16,10,160,1600
201411052337747,CSDBL,21,21,10,160,1600
201411052337728,CSDBL,21,21,10,160,1600
201411052337722,CSDBL,21,21,10,160,1600
201411052337718,CSDBL,21,21,10,160,1600
201411052337578,CSDBL,21,21,10,162,1620
201411052337577,CSDBL,21,21,10,162,1620
201411052337576,CSDBL,21,21,10,162,1620
201411052337575,CSDBL,21,21,10,162,1620
201411052337584,CSDBL,21,21,10,162,1620
201411052337583,CSDBL,21,21,10,162,1620
201411052337582,CSDBL,21,21,10,162,1620
201411052337581,CSDBL,21,21,10,162,1620
201411052337580,CSDBL,21,21,10,162,1620
201411052337579,CSDBL,21,21,10,162,1620
201411052337708,CSDBL,21,21,10,160,1600
201411052337704,CSDBL,21,21,10,160,1600
201411052337699,CSDBL,21,21,10,160,1600
201411052337692,CSDBL,21,21,10,160,1600
201411052337683,CSDBL,21,21,10,160,1600
201411052337678,CSDBL,21,21,10,160,1600
201411052337875,CZBIL,33,33,1000,426,426000
201411052337640,CZBIL,49,44,105,426,44730
201411052337635,CZBIL,33,41,110,425,46750
201411052337760,EBL,51,42,40,1815,72600
201411052337687,EKBL,22,22,33,178,5874
201411052337510,EKBL,38,38,10,180,1800
201411052337499,EKBL,38,38,10,180,1800
201411052337491,EKBL,38,38,10,180,1800
201411052337965,GBBL,21,57,22,376,8272
201411052337908,GBBL,50,17,56,375,21000
201411052337907,GBBL,40,17,56,375,21000
201411052337906,GBBL,50,17,56,375,21000
201411052337905,GBBL,50,17,56,375,21000
201411052337901,GBBL,50,17,56,375,21000
201411052337885,GBBL,38,17,56,375,21000
201411052337794,GBBL,47,57,1000,374,374000
201411052337701,GBBL,47,55,291,375,109125
201411052337682,GBBL,20,55,94,375,35250
201411052337564,GBBL,6,11,80,375,30000
201411052337558,GBBL,38,57,1000,372,372000
201411052337900,GBIME,44,57,106,500,53000
201411052337894,GBIME,43,46,166,496,82336
201411052337891,GBIME,44,20,604,500,302000
201411052337836,GBIME,42,22,22,500,11000
201411052337702,GBIME,57,57,29,499,14471
201411052337486,GBIME,16,16,264,500,132000
201411052337474,GBIME,49,49,21,503,10563
201411052337473,GBIME,49,49,21,503,10563
201411052337470,GBIME,49,49,21,503,10563
201411052337899,GLICL,34,29,922,585,539370
201411052337893,GLICL,34,13,53,580,30740
201411052337781,GLICL,21,26,434,575,249550
201411052337759,GLICL,21,43,82,580,47560
201411052337611,GLICL,29,26,10,576,5760
201411052337688,GRAND,13,42,48,207,9936
201411052337653,GRAND,7,42,48,207,9936
201411052337566,GRAND,50,42,204,208,42432
201411052337543,GRAND,21,42,204,207,42228
201411052337928,HAMA,43,41,80,130,10400
201411052337898,HAMA,14,41,80,128,10240
201411052337869,HAMA,43,41,40,126,5040
201411052337848,HAMA,39,41,40,124,4960
201411052337501,HAMA,25,44,70,122,8540
201411052337496,HAMA,25,44,40,124,4960
201411052337493,HAMA,25,44,50,126,6300
201411052337490,HAMA,49,49,40,126,5040
201411052337489,HAMA,49,49,40,126,5040
201411052337488,HAMA,49,49,40,126,5040
201411052337787,IDBL,48,48,22,164,3608
201411052337780,IDBL,48,48,22,163,3586
201411052337770,IDBL,48,48,22,164,3608
201411052337767,IDBL,6,43,500,164,82000
201411052337709,IDBL,48,48,22,161,3542
201411052337673,IDBL,41,25,129,162,20898
201411052337655,IDBL,48,48,22,161,3542
201411052337519,IDBL,32,10,60,159,9540
201411052337506,IDBL,49,49,22,160,3520
201411052337502,IDBL,49,49,22,160,3520
201411052337949,JBBL,52,45,200,155,31000
201411052337946,JBBL,52,21,10,155,1550
201411052337621,JBBL,48,45,960,155,148800
201411052337617,JBNL,49,49,38,260,9880
201411052337614,JBNL,49,49,38,260,9880
201411052337610,JBNL,49,49,38,260,9880
201411052337761,KAFIL,17,17,48,203,9744
201411052337745,KBL,57,56,280,405,113400
201411052337632,KDBL,36,40,11,126,1386
201411052337503,KDBL,43,43,28,126,3528
201411052337497,KDBL,43,43,28,128,3584
201411052337485,KDBL,43,43,28,128,3584
201411052337827,KMCDB,46,46,10,700,7000
201411052337818,KMCDB,46,46,10,687,6870
201411052337786,KMCDB,46,46,10,674,6740
201411052337783,KMCDB,46,46,10,661,6610
201411052337843,LBL,44,57,150,490,73500
201411052337615,LBL,17,57,75,490,36750
201411052337768,LGIL,26,8,12,425,5100
201411052337555,LGIL,38,38,26,418,10868
201411052337537,LGIL,53,38,13,426,5538
201411052337484,LGIL,42,42,44,434,19096
201411052337478,LGIL,42,42,22,434,9548
201411052337475,LGIL,42,42,24,434,10416
201411052337471,LGIL,42,42,12,434,5208
201411052337927,LICN,54,39,100,3445,344500
201411052337813,LUBL,44,44,690,305,210450
201411052337925,MBL,26,26,300,500,150000
201411052337481,MDBL,33,33,222,158,35076
201411052337914,MEGA,58,33,13,372,4836
201411052337887,MEGA,50,50,24,375,9000
201411052337886,MEGA,50,50,11,375,4125
201411052337868,MEGA,13,33,13,371,4823
201411052337866,MEGA,54,36,447,373,166731
201411052337859,MEGA,13,13,32,371,11872
201411052337599,MEGA,49,49,32,372,11904
201411052337597,MEGA,49,49,32,372,11904
201411052337521,MEGA,49,49,32,376,12032
201411052337516,MEGA,10,10,10,376,3760
201411052337505,MEGA,42,41,11,375,4125
201411052337855,MEGA,13,16,30,371,11130
201411052337839,MEGA,34,22,16,373,5968
201411052337795,MEGA,34,41,30,373,11190
201411052337713,MEGA,6,5,329,372,122388
201411052337672,MEGA,34,21,31,373,11563
201411052337601,MEGA,49,49,32,372,11904
201411052337508,MLBBL,10,10,10,830,8300
201411052337865,NABIL,16,13,117,2200,257400
201411052337861,NABIL,26,26,63,2185,137655
201411052337732,NABIL,14,48,13,2175,28275
201411052337717,NABIL,39,39,100,2176,217600
201411052337536,NABIL,13,26,390,2170,846300
201411052337892,NBB,59,55,20,550,11000
201411052337706,NBB,59,59,15,561,8415
201411052337698,NBB,59,59,15,561,8415
201411052337689,NBB,59,59,15,561,8415
201411052337680,NBB,59,59,15,561,8415
201411052337748,NBBL,51,1,10,1600,16000
201411052337735,NBBL,51,1,10,1600,16000
201411052337774,NBF1,25,39,2310,14,31532
201411052337933,NBL,55,57,200,372,74400
201411052337883,NBL,22,40,100,372,37200
201411052337785,NCCB,33,45,100,587,58700
201411052337694,NCM,53,54,47,226,10622
201411052337826,NHPC,26,26,1000,137,137000
201411052337821,NHPC,26,26,1000,136,136000
201411052337957,NICA,41,8,22,775,17050
201411052337882,NICA,52,11,45,780,35100
201411052337879,NICA,52,14,40,780,31200
201411052337719,NICA,52,14,100,790,79000
201411052337504,NICA,22,22,30,799,23970
201411052337730,NICL,6,6,75,470,35250
201411052337723,NICL,6,6,212,470,99640
201411052337716,NIL,3,18,10,773,7730
201411052337517,NLBBL,35,26,100,1170,117000
201411052337915,NLIC,45,42,420,4200,1764000
201411052337846,NLIC,49,32,80,4230,338400
201411052337788,NLIC,22,22,43,4175,179525
201411052337944,NLICL,14,6,98,2280,223440
201411052337896,NLICL,33,16,53,2279,120787
201411052337895,NLICL,33,33,100,2278,227800
201411052337715,OHL,57,33,500,670,335000
201411052337542,OHL,57,17,500,680,340000
201411052337541,OHL,57,41,20,680,13600
201411052337639,PCBL,42,16,14,488,6832
201411052337549,PCBL,42,38,26,488,12688
201411052337802,PICL,38,38,30,451,13530
201411052337791,PICL,38,38,910,451,410410
201411052337790,PICL,38,38,500,451,225500
201411052337952,PLIC,26,26,215,1020,219300
201411052337920,PLIC,26,11,54,1025,55350
201411052337880,PLIC,18,42,40,1020,40800
201411052337804,PLIC,38,1,27,1015,27405
201411052337750,PLIC,18,18,13,1013,13169
201411052337743,PLIC,18,18,13,1013,13169
201411052337654,PLIC,28,8,114,1020,116280
201411052337604,PLIC,14,8,500,1010,505000
201411052337964,PRDBL,29,47,50,146,7300
201411052337963,PRDBL,29,47,50,146,7300
201411052337962,PRDBL,29,47,50,146,7300
201411052337961,PRDBL,29,47,30,146,4380
201411052337960,PRDBL,29,47,30,146,4380
201411052337959,PRDBL,29,47,40,146,5840
201411052337548,PRDBL,39,17,10,142,1420
201411052337546,PRDBL,39,17,10,142,1420
201411052337545,PRDBL,39,17,10,142,1420
201411052337535,PRDBL,39,17,10,141,1410
201411052337534,PRDBL,39,17,10,141,1410
201411052337591,PRDBL,22,17,10,144,1440
201411052337590,PRDBL,22,17,10,144,1440
201411052337589,PRDBL,22,17,10,144,1440
201411052337560,PRDBL,39,17,10,142,1420
201411052337557,PRDBL,39,17,10,142,1420
201411052337556,PRDBL,39,17,10,142,1420
201411052337958,PRDBL,29,47,40,146,5840
201411052337595,PRDBL,22,17,10,144,1440
201411052337594,PRDBL,22,17,10,144,1440
201411052337593,PRDBL,22,17,10,144,1440
201411052337592,PRDBL,22,17,10,144,1440
201411052337625,PURBL,49,49,10,356,3560
201411052337624,PURBL,49,49,10,356,3560
201411052337622,PURBL,49,49,10,356,3560
201411052337838,REDBL,41,36,1000,212,212000
201411052337837,REDBL,41,21,17,211,3587
201411052337809,REDBL,41,21,17,211,3587
201411052337725,REDBL,45,34,26,211,5486
201411052337724,REDBL,41,34,26,212,5512
201411052337677,REDBL,45,1,17,212,3604
201411052337552,REDBL,45,1,17,212,3604
201411052337551,REDBL,45,1,17,212,3604
201411052337550,REDBL,45,1,17,212,3604
201411052337531,REDBL,41,34,836,211,176396
201411052337955,RHPC,42,47,56,510,28560
201411052337951,RHPC,25,47,56,511,28616
201411052337712,RHPC,14,14,11,519,5709
201411052337711,RHPC,14,14,10,519,5190
201411052337710,RHPC,14,14,10,519,5190
201411052337707,RHPC,14,14,11,519,5709
201411052337697,RHPC,42,21,10,510,5100
201411052337675,RHPC,42,21,10,510,5100
201411052337945,RMDC,26,10,165,765,126225
201411052337563,RMDC,49,49,30,779,23370
201411052337562,RMDC,49,49,30,779,23370
201411052337561,RMDC,49,49,30,779,23370
201411052337527,RMDC,49,49,30,771,23130
201411052337853,SADBL,17,51,120,300,36000
201411052337849,SADBL,17,51,150,300,45000
201411052337757,SADBL,17,29,160,300,48000
201411052337656,SADBL,48,29,411,300,123300
201411052337943,SANIMA,42,17,100,508,50800
201411052337753,SANIMA,33,44,110,510,56100
201411052337538,SANIMA,33,33,137,508,69596
201411052337518,SANIMA,33,33,137,508,69596
201411052337494,SANIMA,33,47,126,508,64008
201411052337487,SANIMA,33,33,137,508,69596
201411052337472,SANIMA,33,33,137,509,69733
201411052337913,SBI,26,11,42,985,41370
201411052337777,SBL,29,29,10,611,6110
201411052337744,SEOS,29,41,1600,11,16960
201411052337596,SEOS,25,41,1600,11,16800
201411052337884,SEWA,38,50,82,380,31160
201411052337881,SEWA,38,50,68,380,25840
201411052337815,SEWA,38,50,167,380,63460
201411052337771,SEWA,38,1,52,380,19760
201411052337765,SEWA,56,1,77,382,29414
201411052337942,SHINE,47,47,85,349,29665
201411052337941,SHINE,47,47,85,349,29665
201411052337940,SHINE,47,47,85,349,29665
201411052337938,SHINE,47,47,85,349,29665
201411052337778,SHINE,47,47,85,349,29665
201411052337775,SHINE,47,47,140,349,48860
201411052337607,SHINE,47,47,168,349,58632
201411052337606,SHINE,47,47,168,349,58632
201411052337567,SHINE,47,47,168,349,58632
201411052337559,SHINE,47,47,168,349,58632
201411052337539,SHINE,47,47,168,349,58632
201411052337523,SHINE,47,47,85,349,29665
201411052337773,SHINE,47,47,85,349,29665
201411052337684,SHINE,47,47,168,349,58632
201411052337681,SHINE,47,47,168,349,58632
201411052337648,SHINE,47,47,168,349,58632
201411052337613,SHINE,47,47,168,349,58632
201411052337967,SHL,45,11,1000,585,585000
201411052337954,SHPC,46,46,18,711,12798
201411052337948,SHPC,46,46,18,711,12798
201411052337939,SHPC,46,46,18,711,12798
201411052337937,SHPC,56,17,297,706,209682
201411052337934,SHPC,56,32,10,705,7050
201411052337931,SHPC,46,46,18,711,12798
201411052337608,SHPC,17,17,10,687,6870
201411052337605,SHPC,17,17,10,687,6870
201411052337602,SHPC,17,17,10,687,6870
201411052337586,SHPC,5,10,10,690,6900
201411052337554,SHPC,49,49,18,692,12456
201411052337553,SHPC,49,49,18,692,12456
201411052337924,SHPC,46,46,18,711,12798
201411052337912,SHPC,43,25,18,700,12600
201411052337897,SHPC,57,57,18,699,12582
201411052337634,SHPC,53,1,18,693,12474
201411052337630,SHPC,53,44,15,690,10350
201411052337612,SHPC,17,17,10,687,6870
201411052337845,SIL,17,17,25,790,19750
201411052337812,SKBBL,59,19,16,1345,21520
201411052337679,SMFDB,26,5,84,1159,97356
201411052337919,SRBL,21,25,53,377,19981
201411052337918,SRBL,52,44,81,375,30375
201411052337910,SRBL,13,44,64,372,23808
201411052337902,SRBL,13,41,39,371,14469
201411052337888,SRBL,13,14,57,370,21090
201411052337695,SRBL,13,39,171,370,63270
201411052337690,SRBL,25,1,16,368,5888
201411052337638,SRBL,16,16,35,368,12880
201411052337585,SUPRME,32,40,40,158,6320
201411052337547,SUPRME,28,57,500,158,79000
201411052337533,SWBBL,32,33,479,1750,838250
201411052337726,TRH,59,59,10,295,2950
201411052337935,VBBL,56,19,20,134,2680
201411052337904,VBBL,56,25,40,134,5360
201411052337903,VBBL,56,25,40,134,5360
201411052337870,VBBL,26,22,20,133,2660
201411052337834,VBBL,26,58,60,133,7980
201411052337801,VBBL,6,21,20,134,2680
201411052337619,WDBL,32,28,85,206,17510
201411052337929,YETI,40,25,40,122,4880
201411052337911,YETI,58,55,70,120,8400
201411052337874,YETI,58,22,30,120,3600
201411052337863,YETI,58,22,30,120,3600
201411052337857,YETI,18,18,20,120,2400
201411052337852,YETI,18,18,20,120,2400
201411052337841,YETI,18,18,20,120,2400
201411052337840,YETI,18,18,20,120,2400
201411052337831,YETI,18,18,20,120,2400
201411052337703,YETI,6,1,11,118,1298
201411052337574,YETI,6,48,70,118,8260
201411052337455,AHPC,22,22,41,352,14432
201411052337449,AHPC,22,44,420,358,150360
201411052337424,APEX,51,51,22,120,2640
201411052337423,APEX,51,51,30,120,3600
201411052337408,ARDBL,6,44,20,140,2800
201411052337406,ARDBL,6,44,20,140,2800
201411052337412,BHBL,47,25,50,143,7150
201411052337453,CCBL,49,49,40,269,10760
201411052337452,CCBL,49,49,40,269,10760
201411052337451,CCBL,49,49,40,269,10760
201411052337450,CCBL,49,49,40,269,10760
201411052337446,CDBL,36,36,31,400,12400
201411052337444,CDBL,36,36,15,400,6000
201411052337443,CDBL,36,36,15,400,6000
201411052337442,CDBL,36,36,15,400,6000
201411052337441,CDBL,36,36,15,400,6000
201411052337428,CDBL,36,36,15,400,6000
201411052337427,CDBL,36,36,15,400,6000
201411052337426,CDBL,36,36,15,400,6000
201411052337425,CDBL,36,36,15,400,6000
201411052337434,CDBL,36,36,15,400,6000
201411052337433,CDBL,36,36,15,400,6000
201411052337432,CDBL,36,36,15,400,6000
201411052337431,CDBL,36,36,15,400,6000
201411052337430,CDBL,36,36,15,400,6000
201411052337429,CDBL,36,36,15,400,6000
201411052337440,CDBL,36,36,15,400,6000
201411052337439,CDBL,36,36,15,400,6000
201411052337438,CDBL,36,36,15,400,6000
201411052337437,CDBL,36,36,15,400,6000
201411052337436,CDBL,36,36,15,400,6000
201411052337435,CDBL,36,36,15,400,6000
201411052337468,IDBL,6,1,11,160,1760
201411052337463,KEBL,6,25,30,345,10350
201411052337467,LGIL,42,42,24,434,10416
201411052337464,LGIL,42,42,22,434,9548
201411052337456,LGIL,42,42,12,434,5208
201411052337454,NBBL,51,44,10,1630,16300
201411052337399,RHPC,6,44,11,500,5500
201411052337465,SANIMA,33,33,137,510,69870
201411052337448,SKBBL,39,39,19,1325,25175
201411052337447,SKBBL,39,39,19,1325,25175
201411052337445,SKBBL,39,39,19,1325,25175
201411052337466,SLICL,58,58,42,710,29820
201411052337409,SLICL,58,58,125,710,88750
201411052337407,SLICL,58,58,70,710,49700
201411052337405,SLICL,58,58,42,710,29820
201411052337404,SLICL,58,58,42,710,29820
201411052337403,SLICL,58,58,125,710,88750
201411052337402,SLICL,58,58,42,710,29820
201411052337401,SLICL,58,58,55,710,39050
201411052337400,SRBL,16,16,17,366,6222
201411052337462,SUPRME,28,51,20,155,3100
201411052337461,SUPRME,28,44,40,155,6200
201411052337460,SUPRME,28,44,40,155,6200
201411052337459,SUPRME,28,44,40,155,6200
201411052337458,SUPRME,28,44,40,155,6200
201411052337457,SUPRME,28,44,40,155,6200
201411052337416,SUPRME,51,51,20,155,3100
201411052337415,SUPRME,51,51,20,155,3100
201411052337414,SUPRME,51,51,20,155,3100
201411052337413,SUPRME,51,51,20,155,3100
201411052337411,SUPRME,51,51,20,155,3100
201411052337410,SUPRME,51,51,20,155,3100
201411052337422,SUPRME,51,51,20,155,3100
201411052337421,SUPRME,51,51,20,155,3100
201411052337420,SUPRME,51,51,20,155,3100
201411052337419,SUPRME,51,51,20,155,3100
201411052337418,SUPRME,51,44,20,155,3100
201411052337417,SUPRME,51,51,20,155,3100
