contract,symbol,buyer,seller,qty,rate,amt
201406302079408,ALDBL,17,35,60,197,11820
201406302079228,ALDBL,56,45,10,198,1980
201406302079205,ALDBL,56,45,10,198,1980
201406302079191,ALDBL,56,45,10,198,1980
201406302079187,ALDBL,56,45,10,198,1980
201406302079380,ALICL,49,5,280,1160,324800
201406302079377,ALICL,49,26,24,1155,27720
201406302079376,ALICL,49,36,56,1152,64512
201406302079326,ALICL,49,55,50,1151,57550
201406302079320,ALICL,49,26,225,1150,258750
201406302079315,ALICL,49,18,170,1150,195500
201406302078630,ALICL,14,17,193,1134,218862
201406302078862,ALICL,14,11,100,1145,114500
201406302078817,ALICL,54,54,1000,1130,1130000
201406302078719,ALICL,28,55,52,1140,59280
201406302078718,ALICL,28,17,90,1135,102150
201406302078699,ALICL,28,55,42,1135,47670
201406302078698,ALICL,28,17,70,1135,79450
201406302079314,ALICL,49,6,500,1150,575000
201406302079305,ALICL,49,17,43,1148,49364
201406302079087,ALICL,14,22,181,1150,208150
201406302079086,ALICL,28,13,56,1140,63840
201406302079042,ALICL,44,26,61,1150,70150
201406302078994,ALICL,44,18,30,1150,34500
201406302079388,APEX,54,17,200,144,28800
201406302079288,APEX,42,21,20,144,2880
201406302079283,APEX,42,21,20,144,2880
201406302079281,APEX,42,21,20,144,2880
201406302079212,APEX,42,21,20,144,2880
201406302078828,APEX,20,21,60,145,8700
201406302079151,APEX,20,21,20,145,2900
201406302079143,APEX,20,21,20,145,2900
201406302079130,APEX,10,21,20,145,2900
201406302079289,BSBL,16,40,100,266,26600
201406302079282,BSBL,42,36,500,266,133000
201406302079194,BSBL,16,11,20,266,5320
201406302078635,BSBL,51,22,31,267,8277
201406302079318,BUDBL,36,59,651,181,117831
201406302079271,BUDBL,6,41,68,183,12444
201406302078861,BUDBL,56,22,500,183,91500
201406302078834,BUDBL,32,56,100,182,18200
201406302078820,BUDBL,26,56,557,182,101374
201406302078784,BUDBL,26,21,400,182,72800
201406302079382,CBL,18,21,27,294,7938
201406302079370,CBL,25,25,1018,293,298274
201406302079366,CBL,25,58,204,293,59772
201406302079232,CBL,28,28,33,292,9636
201406302079225,CBL,43,56,1009,291,293619
201406302079206,CBL,43,56,1018,290,295220
201406302079046,CBL,42,42,135,291,39285
201406302079008,CBL,40,40,713,289,206057
201406302078940,CBL,51,33,2781,287,798147
201406302078803,CBL,42,56,391,290,113390
201406302078694,CBL,52,49,534,290,154860
201406302079186,CBL,43,22,221,290,64090
201406302079185,CBL,43,21,135,290,39150
201406302079123,CBL,19,36,39,293,11427
201406302079095,CBL,25,56,1104,289,319056
201406302079072,CBL,42,42,135,291,39285
201406302079070,CBL,26,32,165,293,48345
201406302079423,CCBL,29,7,40,318,12720
201406302079407,CCBL,29,7,40,318,12720
201406302079361,CCBL,47,18,306,315,96390
201406302079334,CCBL,47,18,306,315,96390
201406302079220,CCBL,29,32,40,318,12720
201406302079217,CCBL,29,55,40,317,12680
201406302078637,CCBL,38,38,17,317,5389
201406302078623,CCBL,25,34,168,315,52920
201406302078736,CCBL,38,7,40,316,12640
201406302078721,CCBL,26,38,40,315,12600
201406302078715,CCBL,57,34,168,315,52920
201406302078714,CCBL,38,34,168,315,52920
201406302078707,CCBL,40,34,168,315,52920
201406302078646,CCBL,19,49,80,315,25200
201406302078813,CCBL,28,44,40,317,12680
201406302078812,CCBL,28,44,40,317,12680
201406302078811,CCBL,28,44,40,317,12680
201406302078787,CCBL,57,7,40,316,12640
201406302078771,CCBL,57,7,40,316,12640
201406302078760,CCBL,57,38,40,316,12640
201406302078877,CCBL,57,38,40,317,12680
201406302078876,CCBL,57,44,40,317,12680
201406302078873,CCBL,57,55,40,316,12640
201406302078866,CCBL,38,44,40,317,12680
201406302078815,CCBL,28,44,40,317,12680
201406302078814,CCBL,28,44,40,317,12680
201406302078932,CCBL,38,38,40,316,12640
201406302078917,CCBL,26,18,306,314,96084
201406302078914,CCBL,38,38,31,316,9796
201406302078894,CCBL,57,38,32,316,10112
201406302078888,CCBL,57,21,40,316,12640
201406302078880,CCBL,57,55,40,316,12640
201406302078974,CCBL,18,18,306,315,96390
201406302078953,CCBL,38,38,32,316,10112
201406302078951,CCBL,55,45,1000,316,316000
201406302078939,CCBL,57,18,306,314,96084
201406302078934,CCBL,38,38,40,316,12640
201406302078933,CCBL,38,38,40,316,12640
201406302078986,CCBL,38,38,40,316,12640
201406302078985,CCBL,38,38,40,316,12640
201406302078984,CCBL,38,38,40,316,12640
201406302078983,CCBL,38,38,40,316,12640
201406302078982,CCBL,38,38,40,316,12640
201406302078981,CCBL,38,38,40,316,12640
201406302079023,CCBL,26,7,40,317,12680
201406302079022,CCBL,26,7,40,317,12680
201406302079021,CCBL,26,7,40,317,12680
201406302079020,CCBL,26,7,40,317,12680
201406302079019,CCBL,26,7,40,317,12680
201406302079018,CCBL,26,7,40,317,12680
201406302079135,CCBL,26,55,40,315,12600
201406302079102,CCBL,47,32,40,316,12640
201406302079099,CCBL,47,38,40,316,12640
201406302079091,CCBL,38,38,40,316,12640
201406302079068,CCBL,38,32,40,316,12640
201406302079024,CCBL,26,7,40,317,12680
201406302079166,CCBL,38,38,40,316,12640
201406302079163,CCBL,38,38,40,316,12640
201406302079162,CCBL,38,38,40,316,12640
201406302079161,CCBL,38,55,40,316,12640
201406302079155,CCBL,29,55,40,315,12600
201406302079148,CCBL,29,55,40,315,12600
201406302079179,CCBL,38,38,40,316,12640
201406302079177,CCBL,38,38,40,316,12640
201406302079175,CCBL,38,38,40,316,12640
201406302079172,CCBL,38,55,40,316,12640
201406302079171,CCBL,38,38,40,316,12640
201406302079169,CCBL,38,38,40,316,12640
201406302079199,CCBL,29,38,40,317,12680
201406302079197,CCBL,29,32,40,317,12680
201406302079195,CCBL,29,7,40,317,12680
201406302079193,CCBL,38,38,40,316,12640
201406302079184,CCBL,38,38,40,316,12640
201406302079181,CCBL,38,38,40,316,12640
201406302079417,CDBL,29,29,31,383,11873
201406302079416,CDBL,29,29,31,383,11873
201406302079415,CDBL,29,29,31,383,11873
201406302079414,CDBL,29,29,31,383,11873
201406302079413,CDBL,29,29,31,383,11873
201406302079412,CDBL,29,29,31,383,11873
201406302078634,CDBL,48,42,115,377,43355
201406302079036,CDBL,16,16,15,376,5640
201406302078998,CDBL,48,16,15,379,5685
201406302078991,CDBL,48,16,15,380,5700
201406302079411,CDBL,29,29,31,383,11873
201406302079410,CDBL,29,29,31,383,11873
201406302079409,CDBL,29,29,15,383,5745
201406302079074,CDBL,16,16,15,376,5640
201406302079062,CDBL,16,16,15,376,5640
201406302079164,CEDBL,32,49,312,283,88296
201406302079073,CEDBL,1,7,60,285,17100
201406302078977,CEDBL,56,7,200,285,57000
201406302078970,CEDBL,10,7,394,282,111108
201406302079316,CFCL,17,51,500,165,82500
201406302079306,CFCL,28,51,500,165,82500
201406302079270,CFCL,17,51,500,165,82500
201406302079097,CFCL,55,51,500,165,82500
201406302078847,CFCL,26,51,500,165,82500
201406302078841,CFCL,26,51,500,165,82500
201406302078701,CFCL,10,51,500,165,82500
201406302078677,CFCL,39,51,500,166,83000
201406302078632,CFCL,40,51,500,165,82500
201406302078824,CFCL,1,51,500,165,82500
201406302078761,CFCL,40,51,500,165,82500
201406302078748,CFCL,1,51,500,165,82500
201406302078739,CFCL,39,51,500,165,82500
201406302078735,CFCL,29,51,500,166,83000
201406302078712,CFCL,39,51,500,165,82500
201406302079182,CIT,5,19,25,4655,116375
201406302079133,CIT,50,37,44,4622,203368
201406302079111,CIT,11,37,54,4620,249480
201406302079098,CIT,11,19,100,4619,461900
201406302078680,CIT,45,19,100,4590,459000
201406302079356,CNDBL,1,50,11,167,1837
201406302079330,CNDBL,17,50,11,168,1848
201406302079291,GBBL,37,49,39,292,11388
201406302079390,GBIME,43,28,110,587,64570
201406302079359,GBIME,16,28,1000,587,587000
201406302079358,GBIME,35,28,200,587,117400
201406302079351,GBIME,8,28,1000,588,588000
201406302079350,GBIME,51,28,500,588,294000
201406302079349,GBIME,37,28,200,589,117800
201406302078978,GBIME,41,35,1000,594,594000
201406302078651,GBIME,51,35,1000,594,594000
201406302079348,GBIME,36,28,500,592,296000
201406302079325,GBIME,36,42,10,600,6000
201406302079287,GBIME,41,48,720,590,424800
201406302079276,GBIME,38,6,37,590,21830
201406302079264,GBIME,38,19,94,590,55460
201406302079071,GBIME,51,54,57,591,33687
201406302079160,GFCL,11,11,165,163,26895
201406302079274,HBDL,35,28,500,83,41500
201406302079273,HBDL,35,56,1000,83,83000
201406302079272,HBDL,35,56,1000,83,83000
201406302079268,HBDL,35,29,358,83,29714
201406302079267,HBDL,35,6,2500,83,207500
201406302079190,HBDL,26,3,5000,82,410000
201406302079078,HBDL,13,3,5000,81,405000
201406302078886,HBDL,10,4,1000,82,82000
201406302078696,HBDL,18,45,1000,83,83000
201406302078682,HBDL,10,11,500,83,41500
201406302078645,HBDL,4,25,1000,82,82000
201406302078614,HBDL,7,11,500,82,41000
201406302079090,ICFC,19,1,486,270,131220
201406302078846,ICFC,52,5,306,268,82008
201406302078790,ICFC,17,47,50,265,13250
201406302079336,JBBL,28,52,300,180,54000
201406302079333,JBBL,21,52,300,181,54300
201406302079210,JBBL,26,53,490,182,89180
201406302079159,JBBL,48,53,430,182,78260
201406302079140,JBBL,57,53,1000,180,180000
201406302079110,JBBL,48,1,30,182,5460
201406302078775,JBBL,25,22,10,182,1820
201406302078690,JBBL,25,29,170,182,30940
201406302078662,JBBL,48,29,190,181,34390
201406302079085,JBBL,48,22,10,182,1820
201406302078893,JBBL,57,19,230,182,41860
201406302078836,JBBL,25,21,500,181,90500
201406302078785,JBBL,48,22,10,181,1810
201406302078783,JBBL,48,22,10,181,1810
201406302078780,JBBL,28,22,10,181,1810
201406302079338,JBNL,29,17,279,291,81189
201406302079295,JBNL,28,17,167,292,48764
201406302079136,JBNL,28,53,527,293,154411
201406302079352,KBBL,58,58,500,379,189500
201406302079044,KBBL,13,38,500,378,189000
201406302078895,KBBL,58,58,500,379,189500
201406302079243,KMCDB,29,26,102,700,71400
201406302078830,KMCDB,21,18,190,703,133570
201406302078822,KMCDB,21,48,10,703,7030
201406302078919,KMCDB,32,50,164,705,115620
201406302078918,KMCDB,16,14,50,695,34750
201406302078870,KMCDB,21,26,66,709,46794
201406302078856,KMCDB,21,6,82,706,57892
201406302078849,KMCDB,42,6,82,706,57892
201406302078848,KMCDB,42,18,92,705,64860
201406302079011,KMCDB,11,33,83,710,58930
201406302078976,KMCDB,32,43,41,700,28700
201406302078968,KMCDB,16,14,30,695,20850
201406302079432,KNBL,16,16,10,155,1550
201406302079431,KNBL,16,16,10,155,1550
201406302079430,KNBL,16,16,20,155,3100
201406302078971,KRBL,17,17,250,151,37750
201406302078909,KRBL,17,17,100,151,15100
201406302079419,LBL,58,38,300,533,159900
201406302079308,LBL,58,38,1000,533,533000
201406302079296,LBL,58,38,555,535,296925
201406302079279,LBL,1,17,126,535,67410
201406302079257,LBL,26,36,300,536,160800
201406302078943,LBL,32,29,500,537,268500
201406302079221,LFLC,32,26,100,201,20100
201406302079208,LFLC,32,13,108,200,21600
201406302079201,LFLC,32,6,103,200,20600
201406302078779,MBBL,25,58,30,165,4950
201406302078762,MBBL,25,58,30,165,4950
201406302078979,MDB,17,58,12,466,5592
201406302079331,MEGA,35,38,32,425,13600
201406302079328,MEGA,19,38,32,425,13600
201406302079311,MEGA,35,38,32,426,13632
201406302079285,MEGA,11,11,10,428,4280
201406302079280,MEGA,21,38,32,426,13632
201406302079275,MEGA,13,38,32,425,13600
201406302079104,MEGA,49,34,14,429,6006
201406302078987,MEGA,45,59,96,430,41280
201406302078865,MEGA,45,19,32,430,13760
201406302079227,MEGA,20,42,32,427,13664
201406302079222,MEGA,29,45,10,426,4260
201406302079183,MEGA,29,42,32,426,13632
201406302079139,MEGA,20,47,32,427,13664
201406302079128,MEGA,13,42,32,427,13664
201406302079115,MEGA,21,42,32,428,13696
201406302079266,MEGA,13,38,32,425,13600
201406302079260,MEGA,6,38,32,425,13600
201406302079254,MEGA,6,45,10,425,4250
201406302079253,MEGA,19,38,32,425,13600
201406302079244,MEGA,29,38,32,426,13632
201406302079233,MEGA,20,49,997,429,427713
201406302079198,METRO,33,26,49,290,14210
201406302078776,MNBBL,35,42,122,553,67466
201406302078850,MNBBL,35,19,111,565,62715
201406302078844,MNBBL,35,33,423,564,238572
201406302078840,MNBBL,35,19,18,563,10134
201406302078829,MNBBL,35,19,18,563,10134
201406302078823,MNBBL,35,16,278,560,155680
201406302078808,MNBBL,35,48,147,555,81585
201406302078868,MNBBL,35,32,202,566,114332
201406302078867,MNBBL,35,19,18,565,10170
201406302078859,MNBBL,35,25,1000,565,565000
201406302079367,MNBBL,35,59,80,555,44400
201406302079262,NABILP,28,8,700,1500,1050000
201406302079238,NBF1,32,52,2287,14,32704
201406302078952,NBF1,41,6,6862,14,98127
201406302079278,NBL,20,25,389,390,151710
201406302079252,NBL,10,36,1500,388,582000
201406302079242,NBL,17,41,300,390,117000
201406302078950,NBL,6,29,603,387,233361
201406302078946,NBL,48,13,399,388,154812
201406302078908,NBL,45,45,1988,385,765380
201406302078901,NBL,29,49,951,387,368037
201406302078885,NBL,28,28,5000,385,1925000
201406302078852,NBL,56,29,546,387,211302
201406302078752,NBL,39,6,51,391,19941
201406302078730,NBL,16,16,2680,385,1031800
201406302078636,NBL,28,28,10000,380,3800000
201406302079355,NCM,54,29,250,196,49000
201406302079263,NICA,33,42,80,886,70880
201406302079211,NICA,50,25,254,885,224790
201406302079167,NICA,21,47,100,886,88600
201406302079144,NICA,17,17,20,887,17740
201406302079138,NICA,6,25,155,890,137950
201406302079113,NICA,45,10,102,885,90270
201406302078639,NICA,50,59,10,890,8900
201406302078821,NICA,50,25,120,890,106800
201406302078727,NICA,18,18,21,890,18690
201406302078716,NICA,18,28,120,890,106800
201406302078713,NICA,50,1,100,890,89000
201406302078687,NICA,33,34,500,887,443500
201406302078640,NICA,50,5,25,890,22250
201406302079106,NICA,21,10,160,885,141600
201406302079063,NICA,22,28,40,886,35440
201406302079014,NICA,22,21,10,886,8860
201406302078996,NICA,21,36,100,885,88500
201406302078945,NICA,45,33,624,885,552240
201406302078854,NICA,50,48,100,890,89000
201406302079137,NLBBL,14,47,10,1248,12480
201406302078648,NLBBL,33,6,504,1224,616896
201406302078643,NLBBL,33,32,12,1206,14472
201406302078642,NLBBL,33,6,10,1206,12060
201406302079203,NLG,14,22,22,800,17600
201406302079132,NLG,43,42,15,795,11925
201406302079003,NLG,43,42,15,796,11940
201406302078802,NLG,43,6,26,800,20800
201406302078786,NLG,43,6,26,800,20800
201406302078689,NLG,43,6,26,800,20800
201406302079025,NLIC,55,17,21,3900,81900
201406302079049,PDB,43,17,20,169,3380
201406302078944,PDB,43,19,40,169,6760
201406302078924,PDB,43,19,40,169,6760
201406302078903,PDB,43,19,40,169,6760
201406302078897,PDB,43,19,40,169,6760
201406302078879,PDB,43,19,40,169,6760
201406302078975,PLIC,28,28,100,974,97400
201406302078962,PLIC,49,14,100,977,97700
201406302078961,PLIC,49,19,54,976,52704
201406302078960,PLIC,49,25,27,975,26325
201406302078954,PLIC,28,28,200,974,194800
201406302078800,PLIC,44,37,298,974,290252
201406302078926,PLIC,44,45,348,974,338952
201406302078734,PRDBL,26,26,10,147,1470
201406302078733,PRDBL,26,26,10,147,1470
201406302078732,PRDBL,26,26,10,147,1470
201406302078638,PRDBL,40,13,210,147,30870
201406302079323,RMDC,44,57,33,820,27060
201406302079321,RMDC,45,6,33,811,26763
201406302079261,RMDC,45,22,1000,805,805000
201406302079061,RMDC,45,34,21,811,17031
201406302079058,RMDC,45,34,21,811,17031
201406302079053,RMDC,45,34,21,811,17031
201406302078887,RMDC,21,6,33,805,26565
201406302078884,RMDC,46,6,33,806,26598
201406302078789,RMDC,8,38,1000,810,810000
201406302078697,RMDC,56,34,21,807,16947
201406302078626,RMDC,32,38,200,806,161200
201406302078618,RMDC,44,38,1000,803,803000
201406302079029,RMDC,45,6,33,810,26730
201406302079028,RMDC,45,6,33,810,26730
201406302079027,RMDC,45,6,33,810,26730
201406302079026,RMDC,45,6,33,810,26730
201406302078931,RMDC,26,6,33,810,26730
201406302078889,RMDC,55,6,33,804,26532
201406302079218,SBI,53,6,87,1294,112578
201406302079209,SBI,53,16,80,1290,103200
201406302079094,SBI,57,44,345,1288,444360
201406302078807,SBI,6,41,65,1277,83005
201406302078668,SBI,33,38,191,1285,245435
201406302079017,SBL,25,36,450,735,330750
201406302079010,SBL,25,19,520,735,382200
201406302079002,SBL,25,53,325,734,238550
201406302078999,SBL,25,7,67,734,49178
201406302079047,SETI,25,18,22,160,3520
201406302079041,SETI,41,18,22,161,3542
201406302079037,SETI,47,18,22,161,3542
201406302078681,SETI,17,6,25,164,4100
201406302078678,SETI,17,6,25,164,4100
201406302078672,SETI,17,6,14,164,2296
201406302078671,SETI,17,6,25,164,4100
201406302078670,SETI,17,6,25,164,4100
201406302078625,SETI,11,18,22,161,3542
201406302078617,SETI,25,18,22,161,3542
201406302079313,SEWA,40,13,51,329,16779
201406302079249,SEWA,13,13,60,324,19440
201406302079156,SEWA,13,13,152,324,49248
201406302078843,SEWA,13,5,28,318,8904
201406302079403,SHPC,7,38,83,700,58100
201406302079375,SHPC,7,32,100,699,69900
201406302079360,SHPC,7,13,18,695,12510
201406302079265,SHPC,37,51,18,691,12438
201406302079174,SHPC,26,18,18,690,12420
201406302079112,SHPC,19,51,18,691,12438
201406302078804,SHPC,19,58,30,692,20760
201406302078749,SHPC,19,58,18,692,12456
201406302078738,SHPC,6,58,18,691,12438
201406302078928,SHPC,4,38,18,700,12600
201406302078913,SHPC,4,40,18,699,12582
201406302078906,SHPC,4,32,18,698,12564
201406302078857,SHPC,4,17,374,695,259930
201406302078838,SHPC,6,48,18,691,12438
201406302078826,SHPC,19,58,18,692,12456
201406302079067,SHPC,50,51,18,693,12474
201406302079057,SHPC,4,51,18,700,12600
201406302079005,SHPC,4,38,12,700,8400
201406302078995,SHPC,4,38,12,700,8400
201406302078980,SHPC,4,38,12,700,8400
201406302079399,SIGS1,48,51,10000,15,150000
201406302079389,SIGS1,36,51,10000,15,150000
201406302079371,SIGS1,41,51,10000,15,150500
201406302079363,SIGS1,6,51,10000,15,150800
201406302079418,SKBBL,39,59,19,1304,24776
201406302079369,SKBBL,6,7,19,1310,24890
201406302079329,SKBBL,6,7,19,1310,24890
201406302079298,SKBBL,39,6,19,1310,24890
201406302079293,SKBBL,33,58,76,1309,99484
201406302079069,SKBBL,39,14,19,1310,24890
201406302079007,SKBBL,39,34,33,1304,43032
201406302078993,SKBBL,32,22,500,1304,652000
201406302078831,SKBBL,6,16,19,1303,24757
201406302078816,SKBBL,38,40,19,1304,24776
201406302078754,SKBBL,38,22,62,1303,80786
201406302078621,SKBBL,5,16,19,1301,24719
201406302079050,SKBBL,39,28,19,1310,24890
201406302079034,SKBBL,39,54,500,1307,653500
201406302079033,SKBBL,39,16,19,1305,24795
201406302079032,SKBBL,39,16,19,1305,24795
201406302079030,SKBBL,39,16,19,1305,24795
201406302079015,SKBBL,39,16,19,1305,24795
201406302078883,SLBBL,59,39,10,1320,13200
201406302078882,SLBBL,59,6,10,1310,13100
201406302078881,SLBBL,59,6,10,1300,13000
201406302078778,SLBBL,59,57,88,1295,113960
201406302078777,SLBBL,59,6,10,1295,12950
201406302078769,SLBBL,59,8,11,1290,14190
201406302078764,SLBBL,59,8,11,1290,14190
201406302079362,SLICL,35,4,45,630,28350
201406302079294,SLICL,35,50,150,632,94800
201406302079230,SLICL,26,39,30,635,19050
201406302079178,SLICL,26,11,30,628,18840
201406302079176,SLICL,26,40,13,630,8190
201406302079173,SLICL,26,22,34,630,21420
201406302079158,SLICL,35,37,38,628,23864
201406302078927,SLICL,35,38,40,628,25120
201406302078855,SLICL,21,4,34,625,21250
201406302078792,SLICL,29,17,84,625,52500
201406302078791,SLICL,29,22,70,625,43750
201406302078782,SLICL,29,4,45,624,28080
201406302078835,SRBL,14,21,16,435,6960
201406302078669,SRBL,1,21,16,435,6960
201406302079420,SUPRME,22,17,800,161,128800
201406302079394,SUPRME,22,17,820,160,131200
201406302079393,SUPRME,22,42,460,159,73140
201406302079392,SUPRME,22,29,50,158,7900
201406302079386,SUPRME,22,19,500,157,78500
201406302079259,SUPRME,48,22,30,154,4620
201406302078751,SUPRME,36,39,20,150,3000
201406302078746,SUPRME,36,39,20,150,3000
201406302078729,SUPRME,22,39,558,150,83700
201406302079258,SUPRME,48,20,20,154,3080
201406302079255,SUPRME,57,26,105,153,16065
201406302079248,SUPRME,57,53,4526,153,692478
201406302078806,SUPRME,14,21,64,153,9792
201406302078768,SUPRME,36,39,20,150,3000
201406302078763,SUPRME,36,39,20,150,3000
201406302079219,TBBL,47,26,31,272,8432
201406302079064,TBBL,17,49,1300,277,360100
201406302078628,TBBL,17,49,500,277,138500
201406302079146,VBBL,25,6,50,138,6900
201406302079131,VBBL,25,6,60,138,8280
201406302079101,VBBL,25,22,20,138,2760
201406302078799,VBBL,48,48,500,139,69500
201406302078753,VBBL,48,48,500,139,69500
201406302078725,VBBL,48,4,50,139,6950
201406302078724,VBBL,48,4,50,139,6950
201406302078723,VBBL,48,52,60,139,8340
201406302079125,WDBL,58,43,60,192,11520
201406302079100,WDBL,58,13,460,192,88320
201406302079040,WDBL,58,32,89,192,17088
201406302078853,WDBL,58,43,16,190,3040
201406302078631,WDBL,14,43,24,187,4488
201406302079406,YETI,44,49,7268,162,1177416
201406302079372,YETI,18,10,2009,163,327467
201406302079009,YETI,11,29,50,163,8150
201406302079001,YETI,11,21,603,162,97686
201406302078973,YETI,32,50,20,163,3260
201406302078966,YETI,26,50,11,164,1804
201406302078956,YETI,26,50,20,164,3280
201406302078948,YETI,26,50,11,164,1804
201406302078845,YETI,26,8,70,164,11480
201406302078756,YETI,26,19,300,166,49800
201406302078755,YETI,26,19,500,166,83000
201406302078466,ALDBL,17,29,10,197,1970
201406302078541,ALICL,14,58,51,1130,57630
201406302078535,ALICL,14,58,51,1130,57630
201406302078491,ALICL,36,52,170,1129,191930
201406302078422,ALICL,22,1,15,1122,16830
201406302078365,ALICL,38,38,200,1122,224400
201406302077939,ALICL,49,35,1182,1130,1335660
201406302077883,ALICL,36,4,30,1125,33750
201406302077827,APEX,47,17,45,146,6570
201406302077826,APEX,47,40,40,146,5840
201406302077815,APEX,10,58,114,145,16530
201406302078177,APEX,10,53,620,145,89900
201406302078090,APEX,10,50,50,145,7250
201406302077864,APEX,10,17,331,147,48657
201406302077888,ARDBL,28,28,40,162,6480
201406302078179,BSBL,51,36,20,267,5340
201406302078278,CBBL,16,39,31,1162,36022
201406302078613,CBL,20,35,108,292,31536
201406302078597,CBL,11,11,500,290,145000
201406302078573,CBL,11,21,255,290,73950
201406302078518,CBL,38,17,102,290,29580
201406302078435,CBL,25,17,102,290,29580
201406302078339,CBL,11,25,22,290,6380
201406302077935,CBL,32,17,102,290,29580
201406302077913,CBL,25,49,27,290,7830
201406302078097,CBL,6,50,1000,289,289000
201406302078056,CBL,36,49,84,290,24360
201406302078038,CBL,36,17,102,290,29580
201406302078036,CBL,1,17,102,290,29580
201406302077980,CBL,18,42,1630,289,471070
201406302077973,CBL,18,33,2000,289,578000
201406302078317,CBL,11,49,27,290,7830
201406302078299,CBL,36,49,84,290,24360
201406302078298,CBL,36,49,84,290,24360
201406302078295,CBL,11,20,715,289,206635
201406302078282,CBL,16,52,27,289,7803
201406302078276,CBL,36,49,57,290,16530
201406302078607,CCBL,38,38,10,317,3170
201406302078589,CCBL,8,7,40,316,12640
201406302078580,CCBL,8,7,40,316,12640
201406302078577,CCBL,38,38,17,317,5389
201406302078571,CCBL,8,7,40,316,12640
201406302078558,CCBL,8,7,40,316,12640
201406302077800,CCBL,26,44,40,317,12680
201406302077798,CCBL,26,44,40,317,12680
201406302077795,CCBL,26,44,40,317,12680
201406302077793,CCBL,26,44,40,317,12680
201406302077924,CCBL,40,16,10,317,3170
201406302077884,CCBL,10,1,119,315,37485
201406302077871,CCBL,26,26,31,315,9765
201406302077870,CCBL,22,49,61,315,19215
201406302077809,CCBL,26,28,19,317,6023
201406302077802,CCBL,26,44,40,317,12680
201406302077997,CCBL,47,7,40,316,12640
201406302077996,CCBL,47,7,40,316,12640
201406302077995,CCBL,35,45,1000,315,315000
201406302077994,CCBL,35,45,1000,315,315000
201406302077944,CCBL,25,25,10,318,3180
201406302077936,CCBL,26,16,10,317,3170
201406302078003,CCBL,47,7,40,316,12640
201406302078002,CCBL,47,7,40,316,12640
201406302078001,CCBL,47,7,40,316,12640
201406302078000,CCBL,47,7,40,316,12640
201406302077999,CCBL,47,7,40,316,12640
201406302077998,CCBL,47,7,40,316,12640
201406302078009,CCBL,47,7,40,316,12640
201406302078008,CCBL,47,7,40,316,12640
201406302078007,CCBL,47,7,40,316,12640
201406302078006,CCBL,47,7,40,316,12640
201406302078005,CCBL,47,7,40,316,12640
201406302078004,CCBL,47,7,40,316,12640
201406302078297,CCBL,26,49,29,315,9135
201406302078145,CCBL,26,45,40,315,12600
201406302078140,CCBL,26,45,40,315,12600
201406302078133,CCBL,26,45,40,315,12600
201406302078085,CCBL,40,7,40,316,12640
201406302078084,CCBL,40,7,40,316,12640
201406302078392,CCBL,26,28,20,315,6300
201406302078377,CCBL,26,28,17,315,5355
201406302078367,CCBL,40,28,17,316,5372
201406302078363,CCBL,47,1,306,315,96390
201406302078360,CCBL,7,28,10,316,3160
201406302078346,CCBL,26,28,10,317,3170
201406302078493,CCBL,47,7,40,316,12640
201406302078492,CCBL,47,7,40,316,12640
201406302078462,CCBL,47,38,32,316,10112
201406302078461,CCBL,47,7,40,316,12640
201406302078453,CCBL,26,21,20,315,6300
201406302078448,CCBL,26,21,40,315,12600
201406302078551,CCBL,8,7,40,316,12640
201406302078540,CCBL,8,7,40,316,12640
201406302078524,CCBL,8,7,40,316,12640
201406302078496,CCBL,47,26,40,316,12640
201406302078495,CCBL,47,7,40,316,12640
201406302078494,CCBL,47,7,40,316,12640
201406302078602,CDBL,48,55,13,382,4966
201406302077922,CDBL,59,17,77,383,29491
201406302077916,CDBL,59,17,31,383,11873
201406302077915,CDBL,59,17,30,383,11490
201406302077848,CDBL,17,21,77,376,28952
201406302078406,CEDBL,45,52,179,287,51373
201406302078582,CFCL,14,51,500,165,82500
201406302078489,CFCL,22,51,500,165,82500
201406302078468,CFCL,26,51,500,165,82500
201406302078418,CFCL,22,51,500,165,82500
201406302078356,CFCL,32,51,1000,165,165000
201406302078343,CFCL,51,51,500,165,82500
201406302078258,CFCL,1,51,500,165,82500
201406302078211,CFCL,14,51,500,165,82500
201406302078127,CFCL,28,51,500,168,84000
201406302078072,CFCL,28,51,500,171,85500
201406302078022,CFCL,14,21,339,174,58986
201406302078332,CFCL,1,51,500,165,82500
201406302078316,CFCL,22,51,500,165,82500
201406302078314,CFCL,28,51,500,165,82500
201406302078304,CFCL,22,51,500,165,82500
201406302078284,CFCL,28,51,500,165,82500
201406302078270,CFCL,1,51,500,165,82500
201406302078433,CIT,20,41,40,4550,182000
201406302078432,CIT,50,41,441,4520,1993320
201406302078401,CIT,11,14,216,4560,984960
201406302078318,CIT,11,21,110,4545,499950
201406302078267,CIT,19,19,100,4550,455000
201406302078253,CIT,18,16,20,4552,91040
201406302077869,CIT,34,41,191,4545,868095
201406302078125,CIT,13,14,50,4550,227500
201406302078096,CIT,11,14,24,4555,109320
201406302077981,CIT,48,41,294,4550,1337700
201406302077942,CIT,48,19,100,4590,459000
201406302077932,CIT,13,26,55,4550,250250
201406302077878,CIT,50,26,10,4600,46000
201406302078088,GBBL,43,49,56,293,16408
201406302078608,GBIME,41,34,109,594,64746
201406302078574,GBIME,41,4,75,594,44550
201406302078562,GBIME,41,36,171,593,101403
201406302078547,GBIME,41,29,37,592,21904
201406302078456,GBIME,42,42,14,594,8316
201406302078454,GBIME,35,35,1000,592,592000
201406302077841,GBIME,35,35,534,593,316662
201406302077816,GBIME,35,19,442,593,262106
201406302078059,GBIME,57,26,37,590,21830
201406302078024,GBIME,51,42,13,591,7683
201406302077965,GBIME,14,51,36,594,21384
201406302077960,GBIME,14,51,36,594,21384
201406302077948,GBIME,47,46,57,592,33744
201406302077859,GBIME,25,25,35,592,20720
201406302078219,GBIME,34,53,36,590,21240
201406302078215,GBIME,42,26,37,589,21793
201406302078185,GBIME,41,26,37,589,21793
201406302078139,GBIME,48,53,36,590,21240
201406302078137,GBIME,51,53,36,591,21276
201406302078061,GBIME,36,4,20,600,12000
201406302078451,GBIME,42,42,17,594,10098
201406302078447,GBIME,42,42,21,594,12474
201406302078289,GBIME,42,42,171,593,101403
201406302078274,GBIME,14,50,37,590,21830
201406302078251,GBIME,34,53,36,590,21240
201406302078240,GBIME,34,53,36,590,21240
201406302078472,GDBL,36,57,440,225,99000
201406302077818,GFCL,54,11,160,160,25600
201406302078335,HAMA,26,33,1000,139,139000
201406302078256,HAMA,18,25,200,140,28000
201406302078196,HAMA,16,25,150,138,20700
201406302078167,HAMA,16,25,50,138,6900
201406302078484,HBDL,13,25,550,82,45100
201406302078483,HBDL,13,46,2000,82,164000
201406302078195,HBDL,7,14,1000,82,82000
201406302077967,HBDL,17,5,43,83,3569
201406302077952,HBDL,17,41,1500,82,123000
201406302077921,HBDL,33,7,1000,81,81000
201406302077920,HBDL,29,1,743,82,60926
201406302077919,HBDL,29,45,1000,82,82000
201406302077829,HBDL,6,58,500,82,41000
201406302078566,INDB,47,22,332,270,89640
201406302078452,JBBL,48,8,260,181,47060
201406302078342,JBBL,25,34,80,182,14560
201406302078333,JBBL,25,28,10,182,1820
201406302078301,JBBL,25,28,20,182,3640
201406302078273,JBBL,25,28,10,182,1820
201406302078230,JBBL,25,59,90,182,16380
201406302078021,JBBL,45,52,100,183,18300
201406302077992,JBBL,59,52,60,183,10980
201406302077949,JBBL,32,51,450,184,82800
201406302078058,JBBL,59,52,10,183,1830
201406302078048,JBBL,32,52,10,184,1840
201406302078042,JBBL,32,52,20,184,3680
201406302078041,JBBL,4,1,170,182,30940
201406302078035,JBBL,32,52,20,184,3680
201406302078027,JBBL,45,52,150,183,27450
201406302078098,JBBL,25,20,300,182,54600
201406302078095,JBBL,59,52,20,182,3640
201406302078087,JBBL,25,16,190,182,34580
201406302078083,JBBL,59,20,30,182,5460
201406302078075,JBBL,59,52,10,183,1830
201406302078068,JBBL,59,52,10,183,1830
201406302078129,JBBL,25,1,30,182,5460
201406302078121,JBBL,28,33,990,181,179190
201406302078114,JBBL,4,1,10,182,1820
201406302078112,JBBL,59,52,10,182,1820
201406302078109,JBBL,59,1,10,182,1820
201406302078104,JBBL,59,52,10,182,1820
201406302078199,JBBL,48,49,500,181,90500
201406302078184,JBBL,4,1,10,182,1820
201406302078172,JBBL,25,1,30,182,5460
201406302078165,JBBL,25,1,30,182,5460
201406302078151,JBBL,25,1,30,182,5460
201406302078141,JBBL,4,1,10,182,1820
201406302078408,JBNL,10,25,1000,293,293000
201406302078399,JBNL,10,38,515,293,150895
201406302078390,JBNL,10,25,998,293,292414
201406302078373,JBNL,10,49,33,293,9669
201406302078371,JBNL,10,49,33,293,9669
201406302078347,JBNL,29,28,510,291,148410
201406302078191,JBNL,19,17,133,287,38171
201406302078107,KBBL,37,33,128,380,48640
201406302077819,KBBL,53,38,500,382,191000
201406302078576,KMCDB,25,25,82,690,56580
201406302078565,KMCDB,25,25,82,690,56580
201406302078561,KMCDB,25,25,82,690,56580
201406302078550,KMCDB,21,25,81,690,55890
201406302078329,KMCDB,17,6,10,693,6930
201406302078315,KMCDB,39,32,81,690,55890
201406302078049,KMCDB,16,16,10,680,6800
201406302078019,KMCDB,16,16,10,693,6930
201406302077983,KMCDB,16,42,10,707,7070
201406302077943,KRBL,56,16,10,152,1520
201406302078460,LBL,49,38,500,540,270000
201406302078272,LBL,35,22,101,537,54237
201406302078555,LICN,28,28,600,3850,2310000
201406302078152,LICN,54,55,25,3900,97500
201406302078138,LICN,54,7,24,3890,93360
201406302078122,LICN,35,38,500,3850,1925000
201406302078066,LICN,49,38,500,3830,1915000
201406302078057,LICN,57,57,304,3850,1170400
201406302077958,LICN,28,38,500,3800,1900000
201406302077834,LICN,45,45,1000,3726,3726000
201406302077825,LICN,45,45,1000,3726,3726000
201406302078069,MBBL,25,16,10,165,1650
201406302077971,MBBL,25,57,10,165,1650
201406302077839,MBBL,25,25,60,165,9900
201406302078606,MDB,6,19,28,475,13300
201406302078279,MDB,6,49,57,475,27075
201406302078030,MDB,17,8,28,476,13328
201406302078601,MEGA,49,40,32,430,13760
201406302078595,MEGA,49,21,32,429,13728
201406302078594,MEGA,49,21,16,429,6864
201406302078265,MEGA,49,11,14,431,6034
201406302078237,MEGA,49,32,26,430,11180
201406302078236,MEGA,49,48,19,430,8170
201406302077831,MEGA,11,49,10,425,4250
201406302077817,MEGA,19,49,13,425,5525
201406302077811,MEGA,25,25,31,426,13206
201406302078106,MEGA,13,6,219,429,93951
201406302078011,MEGA,35,32,56,429,24024
201406302077991,MEGA,35,40,48,427,20496
201406302077970,MEGA,13,47,194,425,82450
201406302077917,MEGA,13,4,32,425,13600
201406302077905,MEGA,53,57,1167,425,495975
201406302078233,MEGA,49,48,23,430,9890
201406302078232,MEGA,49,48,23,430,9890
201406302078231,MEGA,49,22,32,430,13760
201406302078229,MEGA,49,22,32,430,13760
201406302078227,MEGA,49,17,16,430,6880
201406302078212,MEGA,49,17,16,430,6880
201406302078436,METRO,1,19,256,290,74240
201406302078519,MNBBL,39,48,147,555,81585
201406302078469,MNBBL,39,41,101,560,56560
201406302078266,MNBBL,35,33,500,559,279500
201406302078063,MNBBL,42,33,500,558,279000
201406302078023,MNBBL,35,13,181,555,100455
201406302077946,MNBBL,55,11,80,551,44080
201406302078330,NABB,26,19,24,130,3120
201406302078296,NABB,26,19,31,130,4030
201406302078214,NABB,26,19,41,130,5330
201406302077875,NABB,26,19,61,130,7930
201406302078501,NABILP,55,8,150,1505,225750
201406302078405,NABILP,55,44,200,1505,301000
201406302078388,NABILP,28,8,300,1500,450000
201406302078387,NABILP,32,8,200,1500,300000
201406302078386,NABILP,53,8,100,1500,150000
201406302078385,NABILP,28,8,100,1500,150000
201406302078384,NABILP,19,8,100,1501,150100
201406302078153,NABILP,14,33,153,1507,230571
201406302078143,NABILP,28,26,200,1505,301000
201406302078264,NBBL,51,32,11,596,6556
201406302078382,NBF1,40,55,899,14,12919
201406302077955,NBF1,41,54,4795,14,68808
201406302077938,NBF1,52,52,1798,14,25819
201406302077868,NBF1,52,13,6862,14,98538
201406302077843,NBF1,52,49,11951,14,171497
201406302078505,NBL,16,42,2000,385,770000
201406302078350,NBL,26,25,300,390,117000
201406302078204,NBL,34,38,283,388,109804
201406302078157,NBL,33,11,525,388,203700
201406302078130,NBL,21,52,100,390,39000
201406302078120,NBL,17,17,1000,389,389000
201406302077832,NBL,38,46,205,388,79540
201406302077801,NBL,41,49,200,390,78000
201406302078025,NBL,29,20,455,390,177450
201406302077930,NBL,26,45,237,388,91956
201406302077918,NBL,10,45,25,391,9775
201406302077889,NBL,34,36,500,388,194000
201406302077856,NBL,16,11,631,385,242935
201406302077840,NBL,34,17,780,389,303420
201406302078599,NGBL,39,59,42,243,10206
201406302078522,NICA,50,34,500,885,442500
201406302078503,NICA,49,28,80,886,70880
201406302078502,NICA,49,4,60,886,53160
201406302078307,NICA,50,13,202,887,179174
201406302078306,NICA,50,40,10,887,8870
201406302078206,NICA,18,58,51,884,45084
201406302078146,NICA,50,13,700,887,620900
201406302078089,NICA,17,4,30,888,26640
201406302078062,NICA,17,4,50,888,44400
201406302077912,NICA,17,11,101,889,89789
201406302077891,NICA,33,59,300,883,264900
201406302077846,NICA,50,49,22,886,19492
201406302078545,NLBBL,44,47,50,1200,60000
201406302078464,NLG,43,1,42,800,33600
201406302078409,NLG,6,1,42,800,33600
201406302078190,NLG,43,55,84,800,67200
201406302078189,NLG,43,6,26,800,20800
201406302077822,NLG,19,6,26,801,20826
201406302077803,NLG,28,28,25,798,19950
201406302078586,NLIC,45,45,1493,3846,5742078
201406302078575,NLIC,45,45,1500,3822,5733000
201406302078490,NLIC,49,33,200,3899,779800
201406302078471,NLIC,17,26,20,3900,78000
201406302078463,NLIC,17,50,76,3890,295640
201406302078424,NLIC,32,7,18,3871,69678
201406302078312,NLIC,49,38,100,3890,389000
201406302078064,NLIC,22,16,20,3860,77200
201406302078020,NLIC,17,38,123,3858,474534
201406302077866,NLIC,45,45,2000,3783,7566000
201406302078205,NNLB,29,29,81,884,71604
201406302078201,NNLB,29,29,81,884,71604
201406302078132,PBSL,17,57,20,140,2800
201406302077986,PBSL,17,57,20,138,2760
201406302077885,PBSL,42,17,20,136,2720
201406302078389,PDB,43,58,30,169,5070
201406302078374,PDB,43,58,30,169,5070
201406302078370,PDB,43,58,30,169,5070
201406302077874,PDB,56,1,190,169,32110
201406302077873,PDB,43,29,380,168,63840
201406302077853,PDB,56,29,730,167,121910
201406302077824,PDB,56,29,100,166,16600
201406302077823,PDB,56,29,390,163,63570
201406302077929,PDB,43,29,550,169,92950
201406302077908,PDB,43,43,15,169,2535
201406302077903,PDB,56,43,15,169,2535
201406302078193,PDB,43,1,850,169,143650
201406302078116,PDB,43,21,140,169,23660
201406302078328,PDB,43,7,20,169,3380
201406302078037,PFL,42,16,1000,216,216000
201406302078534,PLIC,44,57,40,965,38600
201406302078455,PLIC,38,45,271,965,261515
201406302078354,PLIC,44,40,13,965,12545
201406302077807,PLIC,29,1,100,960,96000
201406302077808,PLIC,29,34,54,960,51840
201406302078032,PLIC,35,38,1000,960,960000
201406302077904,PLIC,49,38,1000,952,952000
201406302077899,PLIC,33,38,1000,958,958000
201406302078235,PLIC,53,11,13,960,12480
201406302078234,PLIC,53,38,1000,960,960000
201406302078213,PLIC,17,52,113,959,108367
201406302078033,PLIC,35,19,97,960,93120
201406302078353,PLIC,44,50,800,965,772000
201406302078349,PLIC,44,21,67,961,64387
201406302078345,PLIC,17,38,525,960,504000
201406302078341,PLIC,28,11,13,960,12480
201406302078337,PLIC,44,11,13,960,12480
201406302078364,PRDBL,40,4,160,147,23520
201406302078244,PRDBL,40,59,30,147,4410
201406302078101,PRDBL,40,13,100,147,14700
201406302077979,RBS,40,11,50,5538,276900
201406302077972,RBS,40,33,18,5440,97920
201406302078067,RBS,20,11,60,5648,338880
201406302078603,RMDC,41,38,300,807,242100
201406302078585,RMDC,5,21,33,811,26763
201406302078537,RMDC,20,32,378,813,307314
201406302078164,RMDC,29,29,33,813,26829
201406302078163,RMDC,29,29,33,813,26829
201406302078162,RMDC,29,29,33,813,26829
201406302078161,RMDC,29,29,33,813,26829
201406302078160,RMDC,29,29,33,813,26829
201406302078610,SBI,33,44,374,1284,480216
201406302078309,SBI,53,44,357,1284,458388
201406302078092,SBI,6,44,490,1285,629650
201406302077804,SBI,53,48,78,1288,100464
201406302078598,SBL,50,42,100,730,73000
201406302078525,SBL,43,32,293,730,213890
201406302078174,SBL,50,38,163,730,118990
201406302078094,SBL,50,19,1000,730,730000
201406302078046,SBL,43,19,200,730,146000
201406302078045,SBL,32,19,300,731,219300
201406302078044,SBL,52,19,200,731,146200
201406302078043,SBL,53,19,50,735,36750
201406302078034,SBL,17,19,100,736,73600
201406302077966,SBL,17,45,74,740,54760
201406302078609,SETI,33,18,22,164,3608
201406302078216,SETI,33,50,340,164,55760
201406302078128,SETI,17,50,25,162,4050
201406302078504,SEWA,46,13,76,321,24396
201406302078200,SEWA,26,21,52,315,16380
201406302078113,SEWA,58,42,150,312,46800
201406302077975,SEWA,46,21,40,314,12560
201406302078523,SHPC,19,26,54,692,37368
201406302078203,SHPC,6,6,119,691,82229
201406302078173,SHPC,37,16,105,692,72660
201406302077851,SHPC,7,49,59,692,40828
201406302077849,SHPC,42,42,12,695,8340
201406302077925,SIGS1,52,51,10000,15,151000
201406302078592,SKBBL,38,16,19,1305,24795
201406302078564,SKBBL,33,55,37,1310,48470
201406302078553,SKBBL,33,28,19,1310,24890
201406302078509,SKBBL,32,28,19,1310,24890
201406302078457,SKBBL,46,16,19,1310,24890
201406302078407,SKBBL,46,16,16,1311,20976
201406302078357,SKBBL,6,16,16,1303,20848
201406302078348,SKBBL,16,16,19,1304,24776
201406302078319,SKBBL,46,7,19,1310,24890
201406302078310,SKBBL,46,59,57,1309,74613
201406302078300,SKBBL,46,28,19,1305,24795
201406302078288,SKBBL,46,6,19,1305,24795
201406302078393,SKBBL,32,7,31,1313,40703
201406302078383,SKBBL,32,6,19,1312,24928
201406302078376,SKBBL,32,40,38,1311,49818
201406302078368,SKBBL,32,7,19,1310,24890
201406302078366,SKBBL,46,7,19,1310,24890
201406302078361,SKBBL,46,7,19,1310,24890
201406302078477,SLICL,55,52,209,624,130416
201406302078467,SLICL,18,16,121,620,75020
201406302078437,SLICL,19,22,120,618,74160
201406302078340,SLICL,53,20,500,615,307500
201406302078054,SLICL,20,16,114,620,70680
201406302077987,SLICL,53,40,100,620,62000
201406302077893,SLICL,32,37,142,615,87330
201406302077887,SLICL,32,57,57,615,35055
201406302077882,SLICL,32,57,57,615,35055
201406302077877,SLICL,32,17,99,614,60786
201406302077978,SLICL,53,22,50,620,31000
201406302077974,SLICL,32,16,774,616,476784
201406302077964,SLICL,53,17,45,618,27810
201406302077959,SLICL,53,52,42,618,25956
201406302077953,SLICL,53,52,34,617,20978
201406302077898,SLICL,32,32,34,615,20910
201406302078398,SRBL,1,35,500,435,217500
201406302078397,SRBL,26,35,500,436,218000
201406302078396,SRBL,1,35,500,437,218500
201406302077956,SRBL,21,21,30,438,13140
201406302078548,SUPRME,22,52,30,150,4500
201406302078381,SUPRME,22,6,30,153,4590
201406302078380,SUPRME,22,59,30,153,4590
201406302078379,SUPRME,22,59,30,153,4590
201406302078378,SUPRME,22,50,10,153,1530
201406302078431,TBBL,17,38,171,275,47025
201406302078170,TBBL,17,19,204,272,55488
201406302078147,TBBL,17,49,200,277,55400
201406302078126,TBBL,42,21,128,282,36096
201406302078017,TBBL,17,8,51,277,14127
201406302078403,VBBL,6,43,20,141,2820
201406302077897,VBBL,54,4,123,140,17220
201406302077820,VBBL,6,52,70,141,9870
201406302078303,WDBL,22,14,80,184,14720
201406302078605,YETI,11,8,90,163,14670
201406302078512,YETI,32,52,70,163,11410
201406302078498,YETI,11,38,11,165,1815
201406302078487,YETI,11,38,60,165,9900
201406302078440,YETI,11,22,40,168,6720
201406302078439,YETI,11,40,40,167,6680
201406302077833,YETI,26,39,11,158,1738
201406302077830,YETI,26,39,11,158,1738
201406302077863,YETI,13,5,70,163,11410
201406302077862,YETI,13,5,90,163,14670
201406302077861,YETI,13,32,60,162,9720
201406302077860,YETI,13,1,40,161,6440
201406302077842,YETI,44,21,70,160,11200
201406302077836,YETI,26,21,11,160,1760
201406302078222,YETI,52,39,20,161,3220
201406302078221,YETI,52,39,20,161,3220
201406302078181,YETI,18,7,142,161,22862
201406302078166,YETI,13,39,20,161,3220
201406302078154,YETI,13,39,20,161,3220
201406302078102,YETI,18,49,11,162,1782
201406302078242,YETI,52,39,40,161,6440
201406302078228,YETI,52,39,40,161,6440
201406302078226,YETI,52,39,40,161,6440
201406302078225,YETI,52,39,40,161,6440
201406302078224,YETI,52,39,20,161,3220
201406302078223,YETI,52,39,20,161,3220
201406302078438,YETI,11,43,60,166,9960
201406302078292,YETI,26,10,2790,166,463140
201406302078277,YETI,26,40,40,164,6560
201406302078263,YETI,44,26,50,164,8200
201406302078254,YETI,52,39,40,161,6440
201406302078246,YETI,52,39,40,161,6440
201406302077672,ALDBL,17,16,40,197,7880
201406302077459,ALDBL,29,35,20,200,4000
201406302077033,ALDBL,17,22,10,197,1970
201406302077015,ALDBL,17,22,10,197,1970
201406302077011,ALDBL,17,22,30,197,5910
201406302077723,ALICL,36,17,163,1130,184190
201406302077671,ALICL,44,48,812,1125,913500
201406302077670,ALICL,44,17,1170,1125,1316250
201406302077663,ALICL,44,58,43,1124,48332
201406302077658,ALICL,44,52,56,1121,62776
201406302077612,ALICL,47,11,31,1116,34596
201406302077060,ALICL,52,6,100,1116,111600
201406302076980,ALICL,36,10,126,1121,141246
201406302077608,ALICL,44,17,829,1120,928480
201406302077603,ALICL,44,10,1000,1119,1119000
201406302077602,ALICL,44,50,781,1117,872377
201406302077592,ALICL,38,17,100,1117,111700
201406302077357,ALICL,44,38,1100,1103,1213300
201406302077196,ALICL,16,49,15,1116,16740
201406302077771,APEX,41,17,45,146,6570
201406302077741,APEX,14,14,91,147,13377
201406302077499,APEX,47,21,110,146,16060
201406302077243,APEX,25,32,138,146,20148
201406302077151,APEX,28,25,120,148,17760
201406302077070,APEX,28,17,135,147,19845
201406302077001,APEX,56,17,1000,147,147000
201406302077606,BSBL,17,26,20,262,5240
201406302077416,BSBL,26,39,48,265,12720
201406302077307,BSBL,17,41,20,269,5380
201406302077298,BSBL,17,26,21,268,5628
201406302077262,BSBL,50,43,105,263,27615
201406302077506,BUDBL,25,6,500,183,91500
201406302077496,BUDBL,49,37,186,183,34038
201406302077388,CBBL,44,40,373,1145,427085
201406302077528,CBL,25,42,135,290,39150
201406302077527,CBL,56,21,89,290,25810
201406302077435,CBL,7,22,33,293,9669
201406302077429,CBL,7,1,54,289,15606
201406302077384,CBL,10,1,54,289,15606
201406302077367,CBL,25,56,1802,290,522580
201406302076997,CBL,25,1,54,290,15660
201406302077293,CBL,25,7,103,290,29870
201406302077200,CBL,52,17,102,290,29580
201406302077066,CBL,28,36,15,290,4350
201406302077057,CBL,39,36,15,291,4365
201406302077043,CBL,25,36,79,290,22910
201406302077012,CBL,10,1,54,290,15660
201406302077790,CCBL,26,44,40,317,12680
201406302077787,CCBL,26,44,40,317,12680
201406302077786,CCBL,48,32,2000,316,632000
201406302077785,CCBL,26,44,40,317,12680
201406302077781,CCBL,8,39,17,317,5389
201406302077778,CCBL,26,44,40,317,12680
201406302076975,CCBL,6,17,31,315,9765
201406302076989,CCBL,25,42,40,314,12560
201406302076984,CCBL,25,7,40,314,12560
201406302076983,CCBL,25,7,40,314,12560
201406302076982,CCBL,6,17,31,315,9765
201406302076978,CCBL,25,7,40,314,12560
201406302076976,CCBL,25,7,40,314,12560
201406302077030,CCBL,51,7,40,314,12560
201406302077020,CCBL,51,42,40,314,12560
201406302077017,CCBL,51,7,40,314,12560
201406302077016,CCBL,1,38,31,315,9765
201406302077010,CCBL,51,42,40,314,12560
201406302077007,CCBL,51,7,40,314,12560
201406302077083,CCBL,6,38,31,316,9796
201406302077082,CCBL,6,7,40,315,12600
201406302077080,CCBL,6,26,306,316,96696
201406302077075,CCBL,6,7,40,315,12600
201406302077061,CCBL,6,7,40,315,12600
201406302077037,CCBL,51,7,40,314,12560
201406302077132,CCBL,6,7,40,316,12640
201406302077129,CCBL,6,7,40,316,12640
201406302077128,CCBL,6,7,40,316,12640
201406302077126,CCBL,47,7,40,316,12640
201406302077125,CCBL,47,7,40,316,12640
201406302077108,CCBL,6,42,40,315,12600
201406302077188,CCBL,43,57,40,314,12560
201406302077174,CCBL,1,53,39,315,12285
201406302077173,CCBL,1,57,40,315,12600
201406302077168,CCBL,51,53,36,314,11304
201406302077142,CCBL,6,57,276,315,86940
201406302077134,CCBL,6,42,91,316,28756
201406302077218,CCBL,49,53,45,315,14175
201406302077203,CCBL,1,53,39,315,12285
201406302077201,CCBL,43,1,40,314,12560
201406302077195,CCBL,43,57,40,314,12560
201406302077194,CCBL,43,57,40,314,12560
201406302077192,CCBL,43,1,40,314,12560
201406302077303,CCBL,29,1,32,315,10080
201406302077272,CCBL,29,1,32,315,10080
201406302077259,CCBL,29,1,32,315,10080
201406302077239,CCBL,29,1,40,315,12600
201406302077231,CCBL,1,53,64,315,20160
201406302077219,CCBL,1,18,40,314,12560
201406302077345,CCBL,29,1,31,315,9765
201406302077326,CCBL,6,51,153,315,48195
201406302077325,CCBL,29,1,31,315,9765
201406302077322,CCBL,6,33,186,315,58590
201406302077317,CCBL,29,1,32,315,10080
201406302077315,CCBL,6,33,276,315,86940
201406302077387,CCBL,29,7,40,316,12640
201406302077386,CCBL,29,7,40,316,12640
201406302077385,CCBL,29,7,40,316,12640
201406302077383,CCBL,29,53,36,316,11376
201406302077362,CCBL,29,10,40,315,12600
201406302077348,CCBL,47,51,153,315,48195
201406302077405,CCBL,7,7,40,316,12640
201406302077395,CCBL,29,43,40,315,12600
201406302077393,CCBL,29,7,40,316,12640
201406302077392,CCBL,29,7,40,316,12640
201406302077391,CCBL,29,7,40,316,12640
201406302077389,CCBL,29,7,40,316,12640
201406302077442,CCBL,26,43,40,315,12600
201406302077410,CCBL,7,7,40,316,12640
201406302077409,CCBL,7,7,40,316,12640
201406302077408,CCBL,7,7,40,316,12640
201406302077407,CCBL,7,7,40,316,12640
201406302077406,CCBL,7,7,40,316,12640
201406302077617,CCBL,8,44,40,317,12680
201406302077607,CCBL,8,38,31,316,9796
201406302077586,CCBL,29,49,10,319,3190
201406302077575,CCBL,40,21,14,316,4424
201406302077536,CCBL,40,19,16,316,5056
201406302077452,CCBL,6,32,2000,315,630000
201406302077646,CCBL,8,38,40,317,12680
201406302077645,CCBL,8,38,40,317,12680
201406302077640,CCBL,8,38,40,317,12680
201406302077637,CCBL,26,7,40,315,12600
201406302077619,CCBL,8,1,31,317,9827
201406302077618,CCBL,8,44,40,317,12680
201406302077653,CCBL,26,38,40,317,12680
201406302077651,CCBL,8,38,40,317,12680
201406302077650,CCBL,8,38,40,317,12680
201406302077649,CCBL,8,38,40,317,12680
201406302077648,CCBL,8,38,40,317,12680
201406302077647,CCBL,8,38,40,317,12680
201406302077776,CCBL,26,44,40,317,12680
201406302077772,CCBL,8,28,17,317,5389
201406302077703,CCBL,40,1,31,318,9858
201406302077659,CCBL,26,7,40,317,12680
201406302077655,CCBL,26,38,40,317,12680
201406302077654,CCBL,26,38,40,317,12680
201406302077770,CDBL,17,8,29,370,10730
201406302077755,CDBL,17,8,29,370,10730
201406302077742,CDBL,44,8,29,370,10730
201406302077700,CDBL,38,8,29,369,10701
201406302077494,CDBL,17,8,29,376,10904
201406302077453,CDBL,16,8,72,376,27072
201406302077420,CDBL,25,8,72,378,27216
201406302077683,CDBL,17,8,72,375,27000
201406302077652,CDBL,22,47,143,371,53053
201406302077547,CDBL,17,8,72,375,27000
201406302077520,CDBL,59,8,72,375,27000
201406302077713,CEDBL,1,7,170,285,48450
201406302077616,CEDBL,19,16,1920,283,543360
201406302077615,CEDBL,19,16,800,283,226400
201406302077117,CEDBL,1,16,204,284,57936
201406302077081,CEDBL,39,53,34,284,9656
201406302077425,CFCL,5,51,500,177,88500
201406302077768,CIT,21,26,20,4555,91100
201406302077765,CIT,34,19,14,4560,63840
201406302077759,CIT,42,26,60,4550,273000
201406302077636,CIT,26,41,105,4553,478065
201406302077622,CIT,41,41,120,4541,544920
201406302077558,CIT,14,7,19,4560,86640
201406302077330,CIT,18,41,100,4552,455200
201406302077225,CIT,45,1,35,4550,159250
201406302077106,CIT,49,11,21,4535,95235
201406302077073,CIT,26,44,40,4536,181440
201406302077526,CIT,49,41,100,4545,454500
201406302077524,CIT,14,41,85,4552,386920
201406302077371,CIT,55,44,101,4559,460459
201406302077353,CIT,55,19,56,4558,255248
201406302077350,CIT,53,37,100,4558,455800
201406302077338,CIT,34,19,84,4555,382620
201406302077728,CNDBL,17,49,280,171,47880
201406302077691,CNDBL,29,49,430,170,73100
201406302077680,CNDBL,51,49,40,171,6840
201406302077221,CNDBL,51,16,20,171,3420
201406302077160,CNDBL,51,16,40,171,6840
201406302077600,GBBL,47,22,56,295,16520
201406302077590,GBBL,43,26,37,293,10841
201406302077560,GBBL,14,39,15,292,4380
201406302077525,GBBL,6,39,15,292,4380
201406302077523,GBBL,6,39,15,292,4380
201406302077518,GBBL,6,39,15,292,4380
201406302077514,GBBL,6,39,15,292,4380
201406302077511,GBBL,6,39,15,292,4380
201406302077510,GBBL,6,39,30,292,8760
201406302077509,GBBL,6,39,30,292,8760
201406302077751,GBIME,51,50,35,591,20685
201406302077736,GBIME,1,14,62,593,36766
201406302077639,GBIME,1,42,57,594,33858
201406302077554,GBIME,51,33,113,594,67122
201406302077548,GBIME,40,35,19,594,11286
201406302077543,GBIME,40,17,48,594,28512
201406302077351,GBIME,6,8,571,594,339174
201406302077297,GBIME,32,16,57,593,33801
201406302077236,GBIME,6,48,75,592,44400
201406302077029,GBIME,51,35,42,595,24990
201406302077018,GBIME,51,35,194,595,115430
201406302077721,HAMA,50,54,60,140,8400
201406302077604,HAMA,16,16,90,138,12420
201406302077116,HAMA,26,26,100,140,14000
201406302077078,HAMA,16,16,40,138,5520
201406302077067,HAMA,16,16,40,138,5520
201406302077035,HAMA,33,33,60,139,8340
201406302077792,HBDL,40,58,86,82,7052
201406302077675,HBDL,13,3,1000,82,82000
201406302077516,HBDL,38,40,14,82,1148
201406302077423,HBDL,38,11,500,82,41000
201406302077417,HBDL,36,36,1500,81,121500
201406302077171,HBDL,38,17,500,82,41000
201406302077170,HBDL,38,11,500,82,41000
201406302077054,HBDL,17,4,500,81,40500
201406302077310,HBDL,29,25,1288,82,105616
201406302077190,HBDL,38,4,500,82,41000
201406302077189,HBDL,33,59,1000,81,81000
201406302077181,HBDL,38,43,386,82,31652
201406302077150,ICFC,20,1,500,265,132500
201406302077594,JBBL,59,26,10,183,1830
201406302077501,JBBL,59,45,200,183,36600
201406302077500,JBBL,7,14,100,182,18200
201406302077484,JBBL,59,21,20,180,3600
201406302077427,JBBL,21,1,150,180,27000
201406302077414,JBBL,32,57,30,179,5370
201406302077028,JBBL,29,1,170,175,29750
201406302077022,JBBL,29,33,850,176,149600
201406302077009,JBBL,29,3,10,176,1760
201406302076996,JBBL,39,3,10,176,1760
201406302077313,JBBL,21,38,1000,179,179000
201406302077312,JBBL,21,1,50,179,8950
201406302077311,JBBL,50,40,30,178,5340
201406302077302,JBBL,38,38,370,178,65860
201406302077226,JBBL,59,33,860,178,153080
201406302077107,JBBL,29,17,30,176,5280
201406302077396,JBBL,32,57,20,179,3580
201406302077378,JBBL,32,40,50,179,8950
201406302077369,JBBL,32,57,20,179,3580
201406302077342,JBBL,38,38,340,178,60520
201406302077328,JBBL,32,40,50,179,8950
201406302077323,JBBL,21,45,290,180,52200
201406302077688,JBNL,29,16,54,288,15552
201406302077657,JBNL,16,16,54,289,15606
201406302077255,JBNL,6,33,2540,289,734060
201406302077055,JBNL,48,39,38,290,11020
201406302077021,JBNL,48,33,404,290,117160
201406302077008,KAFIL,17,22,96,185,17760
201406302077791,KBBL,32,32,405,383,155115
201406302076971,KMCDB,45,26,82,721,59122
201406302077570,KRBL,29,49,20,154,3080
201406302077569,KRBL,29,49,20,154,3080
201406302077568,KRBL,29,49,20,154,3080
201406302077306,KRBL,17,48,180,154,27720
201406302077556,LBL,48,38,500,540,270000
201406302077503,LBL,45,38,500,540,270000
201406302077643,LICN,32,32,50,3800,190000
201406302077597,LICN,32,32,50,3800,190000
201406302077576,LICN,32,32,50,3800,190000
201406302076979,LICN,54,13,280,3850,1078000
201406302077551,MDB,4,37,123,475,58425
201406302077260,MDB,4,41,86,475,40850
201406302077112,MDB,17,50,880,475,418000
201406302077788,MEGA,13,39,31,425,13175
201406302077777,MEGA,42,42,26,426,11076
201406302077773,MEGA,42,39,10,426,4260
201406302077752,MEGA,33,55,32,426,13632
201406302077714,MEGA,32,38,25,426,10650
201406302077702,MEGA,46,38,13,426,5538
201406302077175,MEGA,46,17,22,425,9350
201406302077053,MEGA,19,26,32,425,13600
201406302077039,MEGA,33,1,25,426,10650
201406302077438,MEGA,32,51,110,428,47080
201406302077437,MEGA,32,51,110,428,47080
201406302077230,MEGA,49,17,16,430,6880
201406302077198,MEGA,46,21,32,426,13632
201406302077177,MEGA,46,50,32,425,13600
201406302077176,MEGA,46,50,32,425,13600
201406302077784,MNBBL,59,59,147,541,79527
201406302077747,MNBBL,59,59,331,539,178409
201406302077104,MNBBL,55,17,20,550,11000
201406302077449,MNBBL,49,11,50,550,27500
201406302077444,MNBBL,49,48,208,555,115440
201406302077105,MNBBL,55,19,63,555,34965
201406302077630,MNBBL,59,59,335,541,181235
201406302077582,MNBBL,59,59,331,541,179071
201406302077775,NABILP,39,44,100,1510,151000
201406302077725,NABILP,17,50,500,1505,752500
201406302077379,NABILP,54,44,200,1506,301200
201406302077041,NABILP,11,11,100,1515,151500
201406302077335,NBBL,51,42,10,585,5850
201406302077113,NBF1,41,13,6862,14,98127
201406302077062,NBF1,41,47,4758,14,67849
201406302077769,NBL,39,17,105,391,41055
201406302077733,NBL,35,36,1000,388,388000
201406302077673,NBL,52,18,100,391,39100
201406302077634,NBL,17,36,1000,388,388000
201406302077595,NBL,46,36,500,387,193500
201406302077439,NBL,57,36,1000,386,386000
201406302077436,NBL,45,45,951,388,368988
201406302077370,NBL,17,19,536,388,207968
201406302077304,NBL,57,45,1000,388,388000
201406302077288,NBL,57,36,485,388,188180
201406302077240,NBL,22,18,475,388,184300
201406302077227,NBL,28,17,220,390,85800
201406302077559,NICA,50,49,20,886,17720
201406302077431,NICA,6,6,40,886,35440
201406302077422,NICA,6,6,40,886,35440
201406302077390,NICA,6,6,20,884,17680
201406302077339,NICA,32,1,22,885,19470
201406302077279,NICA,11,22,168,889,149352
201406302077270,NICA,11,37,25,889,22225
201406302077269,NICA,11,47,50,887,44350
201406302077232,NICA,42,1,80,887,70960
201406302077204,NICA,50,10,81,882,71442
201406302077097,NICA,50,1,80,885,70800
201406302077071,NICA,50,54,20,882,17640
201406302077734,NLG,28,28,23,798,18354
201406302077719,NLG,43,3,13,800,10400
201406302077718,NLG,43,46,30,800,24000
201406302077717,NLG,43,55,31,800,24800
201406302077707,NLG,43,55,26,800,20800
201406302077706,NLG,43,6,26,800,20800
201406302077365,NLG,43,6,26,800,20800
201406302077364,NLG,43,39,21,800,16800
201406302077359,NLG,43,50,26,800,20800
201406302077358,NLG,43,26,12,799,9588
201406302077301,NLG,43,49,426,798,339948
201406302077290,NLG,43,4,21,795,16695
201406302077705,NLG,43,55,26,800,20800
201406302077692,NLG,43,39,26,799,20774
201406302077690,NLG,28,28,23,798,18354
201406302077515,NLG,43,55,26,800,20800
201406302077465,NLG,43,55,26,800,20800
201406302077464,NLG,43,49,67,800,53600
201406302077686,NLIC,54,33,250,3860,965000
201406302077418,NLIC,55,47,10,3860,38600
201406302077404,PDB,56,11,110,166,18260
201406302077403,PDB,56,16,10,166,1660
201406302077402,PDB,56,6,10,166,1660
201406302077111,PDB,43,1,50,160,8000
201406302077110,PDB,43,11,10,160,1600
201406302077088,PDB,56,11,10,158,1580
201406302077401,PDB,56,1,100,165,16500
201406302077400,PDB,56,11,80,165,13200
201406302077399,PDB,56,17,30,163,4890
201406302077166,PDB,43,1,240,163,39120
201406302077165,PDB,43,11,20,163,3260
201406302077079,PFL,42,19,240,220,52800
201406302077583,PLIC,6,42,27,955,25785
201406302077448,PLIC,49,40,10,960,9600
201406302077430,PLIC,10,40,13,951,12363
201406302077047,PLIC,49,49,13,960,12480
201406302077046,PLIC,49,49,13,960,12480
201406302077045,PLIC,49,49,13,960,12480
201406302077000,PLIC,6,52,13,952,12376
201406302076990,PLIC,52,52,13,954,12402
201406302077050,PLIC,49,49,13,960,12480
201406302077049,PLIC,49,49,13,960,12480
201406302077048,PLIC,49,49,13,960,12480
201406302077381,PLIC,53,4,67,959,64253
201406302077572,PRDBL,22,6,10,145,1450
201406302077566,PRDBL,22,13,70,144,10080
201406302077507,PRDBL,32,49,10,142,1420
201406302077318,PRDBL,32,16,10,142,1420
201406302077300,PRDBL,32,16,10,142,1420
201406302077122,PRDBL,6,28,200,142,28400
201406302077059,PRDBL,32,48,10,142,1420
201406302077679,RMDC,21,59,400,816,326400
201406302077621,RMDC,8,14,87,812,70644
201406302077463,RMDC,45,6,33,818,26994
201406302077456,RMDC,45,6,33,818,26994
201406302077446,RMDC,45,21,33,817,26961
201406302077246,RMDC,44,22,1000,815,815000
201406302077005,RMDC,21,1,24,814,19536
201406302076999,RMDC,21,1,24,814,19536
201406302077091,RMDC,26,22,1000,810,810000
201406302077087,RMDC,17,39,30,814,24420
201406302077074,RMDC,17,39,30,814,24420
201406302077069,RMDC,17,16,10,814,8140
201406302077056,RMDC,17,16,10,814,8140
201406302077013,RMDC,21,1,24,814,19536
201406302077235,RMDC,44,39,30,814,24420
201406302077234,RMDC,44,39,30,814,24420
201406302077148,RMDC,5,39,30,814,24420
201406302077147,RMDC,5,39,30,814,24420
201406302077146,RMDC,5,39,30,814,24420
201406302077099,RMDC,41,22,500,811,405500
201406302077767,SBI,43,44,400,1285,514000
201406302077753,SBI,11,49,192,1275,244800
201406302077502,SBI,45,39,14,1288,18032
201406302077739,SBL,17,17,54,740,39960
201406302077738,SBL,17,17,100,740,74000
201406302077737,SBL,17,25,400,740,296000
201406302077732,SBL,17,50,150,738,110700
201406302077731,SBL,17,43,200,738,147600
201406302077708,SBL,17,1,67,736,49312
201406302077579,SBL,17,16,168,735,123480
201406302077564,SBL,16,36,100,735,73500
201406302077533,SBL,16,36,100,735,73500
201406302077457,SBL,45,36,100,738,73800
201406302077101,SBL,36,35,75,739,55425
201406302077085,SBL,36,17,470,735,345450
201406302077237,SETI,17,50,260,163,42380
201406302077349,SEWA,46,3,13,314,4082
201406302076977,SEWA,50,3,27,314,8478
201406302077695,SHPC,7,16,90,692,62280
201406302077550,SHPC,22,44,144,690,99360
201406302077505,SHPC,55,3,119,696,82824
201406302077491,SHPC,29,29,18,695,12510
201406302077490,SHPC,29,29,18,695,12510
201406302077489,SHPC,29,29,18,695,12510
201406302077154,SHPC,55,41,300,693,207900
201406302077130,SHPC,55,16,13,693,9009
201406302077118,SHPC,55,16,14,693,9702
201406302077034,SHPC,37,16,14,693,9702
201406302077467,SHPC,29,29,18,695,12510
201406302077295,SHPC,37,51,144,690,99360
201406302077286,SHPC,6,14,18,691,12438
201406302077285,SHPC,26,29,18,695,12510
201406302077257,SHPC,37,51,72,691,49752
201406302077228,SHPC,7,51,48,692,33216
201406302077473,SHPC,29,29,18,695,12510
201406302077472,SHPC,29,29,18,695,12510
201406302077471,SHPC,29,29,18,695,12510
201406302077470,SHPC,29,29,18,695,12510
201406302077469,SHPC,29,29,18,695,12510
201406302077468,SHPC,29,29,18,695,12510
201406302077480,SHPC,29,29,18,695,12510
201406302077479,SHPC,29,29,18,695,12510
201406302077478,SHPC,29,29,18,695,12510
201406302077477,SHPC,29,29,18,695,12510
201406302077476,SHPC,29,29,18,695,12510
201406302077475,SHPC,29,29,18,695,12510
201406302077488,SHPC,29,29,18,695,12510
201406302077487,SHPC,29,29,18,695,12510
201406302077486,SHPC,29,29,18,695,12510
201406302077485,SHPC,29,29,18,695,12510
201406302077482,SHPC,29,29,18,695,12510
201406302077481,SHPC,29,29,18,695,12510
201406302077052,SICL,43,21,100,865,86500
201406302077308,SIGS1,36,51,10000,15,151000
201406302077252,SIGS1,36,1,1500,15,22665
201406302077251,SIGS1,36,51,10000,15,151000
201406302077250,SIGS1,36,44,100000,15,1508000
201406302077249,SIGS1,36,51,10000,15,150500
201406302077727,SKBBL,7,40,38,1310,49780
201406302077720,SKBBL,46,40,57,1305,74385
201406302077716,SKBBL,7,7,19,1312,24928
201406302077701,SKBBL,7,39,38,1310,49780
201406302077698,SKBBL,7,39,12,1310,15720
201406302077684,SKBBL,7,39,12,1310,15720
201406302077664,SKBBL,6,14,24,1305,31320
201406302077633,SKBBL,38,38,1425,1301,1853925
201406302077360,SKBBL,33,50,323,1315,424745
201406302077299,SKBBL,17,14,12,1308,15696
201406302077644,SLICL,13,57,57,614,34998
201406302077638,SLICL,13,19,34,613,20842
201406302077096,SLICL,36,57,57,611,34827
201406302077421,SMFDB,52,16,17,951,16167
201406302077283,SMFDB,39,38,33,933,30789
201406302077256,SMFDB,6,38,20,915,18300
201406302077761,SRBL,1,36,200,437,87400
201406302077760,SRBL,48,36,200,437,87400
201406302077565,SRBL,1,44,500,442,221000
201406302077549,SRBL,1,21,12,440,5280
201406302077366,SRBL,13,41,100,441,44100
201406302077632,SUPRME,21,16,30,156,4680
201406302077333,SUPRME,53,5,200,153,30600
201406302077224,SUPRME,57,37,448,156,69888
201406302077138,SUPRME,32,28,300,155,46500
201406302077031,SUPRME,21,22,20,156,3120
201406302077722,TBBL,17,49,200,277,55400
201406302077715,TBBL,47,49,60,280,16800
201406302077372,TBBL,26,49,150,285,42750
201406302077282,TBBL,40,49,100,289,28900
201406302077220,TBBL,17,18,120,287,34440
201406302077704,VBBL,6,42,40,141,5640
201406302077693,VBBL,6,42,40,141,5640
201406302077587,VBBL,6,56,120,141,16920
201406302077265,VBBL,16,6,20,140,2800
201406302077699,WDBL,32,11,48,181,8688
201406302077746,YETI,1,50,11,157,1727
201406302077745,YETI,40,50,23,157,3611
201406302077461,YETI,44,32,500,160,80000
201406302077458,YETI,44,49,31,158,4898
201406302077432,YETI,59,25,228,155,35340
201406302077397,YETI,29,49,31,158,4898
201406302077042,YETI,11,49,23,157,3611
201406302077032,YETI,11,3,20,157,3140
201406302076991,YETI,59,49,11,158,1738
201406302077319,YETI,44,16,40,158,6320
201406302077316,YETI,51,42,11,155,1705
201406302077202,YETI,11,40,40,158,6320
201406302077137,YETI,51,57,60,155,9300
201406302077135,YETI,51,57,60,155,9300
201406302077133,YETI,51,57,40,155,6200
201406302076882,ALDBL,8,8,50,197,9850
201406302076521,ALDBL,51,39,50,195,9750
201406302076960,ALICL,44,17,690,1111,766590
201406302076842,ALICL,44,28,418,1115,466070
201406302076762,ALICL,16,16,30,1116,33480
201406302076746,ALICL,11,14,29,1120,32480
201406302076661,ALICL,44,49,808,1114,900112
201406302076657,ALICL,46,10,209,1120,234080
201406302076401,ALICL,36,50,388,1115,432620
201406302076398,ALICL,53,8,200,1118,223600
201406302076372,ALICL,53,50,295,1115,328925
201406302076361,ALICL,53,33,1083,1110,1202130
201406302076651,ALICL,36,49,200,1115,223000
201406302076629,ALICL,44,28,2000,1111,2222000
201406302076620,ALICL,11,11,100,1120,112000
201406302076577,ALICL,13,10,250,1120,280000
201406302076518,ALICL,45,10,240,1120,268800
201406302076493,ALICL,13,17,100,1111,111100
201406302076937,APEX,17,17,500,147,73500
201406302076930,APEX,14,51,100,147,14700
201406302076918,APEX,17,51,199,147,29253
201406302076348,APEX,17,1,114,149,16986
201406302076343,APEX,17,1,500,149,74500
201406302076319,APEX,17,1,400,149,59600
201406302076857,APEX,13,32,228,147,33516
201406302076667,APEX,41,13,22,148,3256
201406302076664,APEX,41,13,160,148,23680
201406302076906,APEX,17,44,690,147,101430
201406302076899,APEX,25,39,100,147,14700
201406302076662,BSBL,44,26,20,260,5200
201406302076729,BUDBL,32,22,300,182,54600
201406302076592,BUDBL,11,37,100,182,18200
201406302076581,BUDBL,32,37,300,182,54600
201406302076563,BUDBL,32,37,200,182,36400
201406302076841,CBBL,32,32,50,1135,56750
201406302076809,CBBL,44,21,125,1154,144250
201406302076712,CBBL,44,21,125,1132,141500
201406302076942,CBL,26,47,531,291,154521
201406302076919,CBL,16,56,62,291,18042
201406302076895,CBL,11,11,87,293,25491
201406302076784,CBL,41,42,346,291,100686
201406302076774,CBL,41,50,1026,290,297540
201406302076736,CBL,25,56,351,290,101790
201406302076189,CBL,48,39,43,292,12556
201406302076178,CBL,39,1,16,292,4672
201406302076168,CBL,39,1,16,292,4672
201406302076160,CBL,48,48,68,292,19856
201406302076143,CBL,48,48,68,292,19856
201406302076282,CBL,19,6,28,292,8176
201406302076281,CBL,48,48,68,292,19856
201406302076262,CBL,25,40,211,290,61190
201406302076228,CBL,48,48,70,292,20440
201406302076222,CBL,48,1,16,292,4672
201406302076191,CBL,36,50,1000,291,291000
201406302076574,CBL,1,17,102,291,29682
201406302076559,CBL,55,17,102,291,29682
201406302076552,CBL,25,57,529,290,153410
201406302076507,CBL,13,57,500,290,145000
201406302076477,CBL,25,57,500,290,145000
201406302076465,CBL,25,57,500,290,145000
201406302076966,CCBL,6,17,31,315,9765
201406302076941,CCBL,52,41,40,314,12560
201406302076939,CCBL,52,42,40,314,12560
201406302076929,CCBL,26,11,153,314,48042
201406302076928,CCBL,52,42,40,314,12560
201406302076771,CCBL,11,11,21,315,6615
201406302076155,CCBL,22,17,61,315,19215
201406302076147,CCBL,40,18,40,316,12640
201406302076186,CCBL,32,18,40,315,12600
201406302076181,CCBL,32,18,40,315,12600
201406302076172,CCBL,32,18,40,315,12600
201406302076170,CCBL,25,17,61,315,19215
201406302076169,CCBL,29,49,40,319,12760
201406302076162,CCBL,40,18,40,316,12640
201406302076241,CCBL,50,18,40,316,12640
201406302076230,CCBL,50,18,40,316,12640
201406302076224,CCBL,50,18,40,316,12640
201406302076211,CCBL,16,18,40,315,12600
201406302076209,CCBL,50,50,304,316,96064
201406302076187,CCBL,32,17,61,315,19215
201406302076264,CCBL,51,51,20,317,6340
201406302076257,CCBL,29,59,39,314,12246
201406302076252,CCBL,16,17,61,315,19215
201406302076249,CCBL,16,18,40,315,12600
201406302076247,CCBL,50,17,61,316,19276
201406302076244,CCBL,50,18,40,316,12640
201406302076286,CCBL,16,18,40,315,12600
201406302076285,CCBL,16,18,40,315,12600
201406302076284,CCBL,50,50,304,314,95456
201406302076283,CCBL,29,49,32,314,10048
201406302076277,CCBL,29,49,24,314,7536
201406302076267,CCBL,29,59,40,314,12560
201406302076293,CCBL,29,49,24,315,7560
201406302076292,CCBL,29,18,40,315,12600
201406302076291,CCBL,29,49,24,315,7560
201406302076290,CCBL,32,50,304,316,96064
201406302076289,CCBL,29,18,40,315,12600
201406302076287,CCBL,16,18,40,315,12600
201406302076334,CCBL,40,5,20,316,6320
201406302076333,CCBL,32,26,306,315,96390
201406302076322,CCBL,16,17,61,315,19215
201406302076318,CCBL,39,16,40,315,12600
201406302076313,CCBL,39,16,40,315,12600
201406302076297,CCBL,39,18,40,315,12600
201406302076366,CCBL,40,19,16,316,5056
201406302076363,CCBL,25,19,106,315,33390
201406302076360,CCBL,25,18,40,315,12600
201406302076352,CCBL,18,18,40,315,12600
201406302076344,CCBL,18,18,40,315,12600
201406302076342,CCBL,18,16,40,315,12600
201406302076460,CCBL,18,18,40,315,12600
201406302076436,CCBL,32,50,153,316,48348
201406302076427,CCBL,18,18,40,315,12600
201406302076426,CCBL,18,18,40,315,12600
201406302076425,CCBL,18,18,40,315,12600
201406302076424,CCBL,18,18,40,315,12600
201406302076540,CCBL,16,48,304,316,96064
201406302076531,CCBL,16,44,40,314,12560
201406302076514,CCBL,16,44,40,314,12560
201406302076484,CCBL,59,59,40,315,12600
201406302076475,CCBL,59,59,40,315,12600
201406302076474,CCBL,41,41,306,315,96390
201406302076675,CCBL,51,42,40,315,12600
201406302076617,CCBL,51,42,40,315,12600
201406302076602,CCBL,26,17,1541,315,485415
201406302076588,CCBL,51,44,40,315,12600
201406302076564,CCBL,25,42,40,314,12560
201406302076548,CCBL,16,44,40,314,12560
201406302076756,CCBL,11,11,21,315,6615
201406302076742,CCBL,52,7,40,314,12560
201406302076721,CCBL,52,7,40,314,12560
201406302076708,CCBL,25,42,40,314,12560
201406302076702,CCBL,47,42,40,315,12600
201406302076690,CCBL,25,42,40,314,12560
201406302076359,CDBL,59,17,50,375,18750
201406302076357,CDBL,59,6,31,375,11625
201406302076354,CDBL,59,6,31,375,11625
201406302076349,CDBL,59,49,31,374,11594
201406302076346,CDBL,59,49,31,374,11594
201406302076886,CEDBL,39,13,272,289,78608
201406302076865,CEDBL,17,21,118,290,34220
201406302076836,CEDBL,56,17,168,290,48720
201406302076795,CEDBL,28,13,312,290,90480
201406302076763,CEDBL,28,13,300,290,87000
201406302076715,CEDBL,17,13,100,291,29100
201406302076196,CEDBL,56,22,96,302,28992
201406302076173,CEDBL,47,22,10,299,2990
201406302076362,CEDBL,13,46,188,293,55084
201406302076347,CEDBL,17,42,172,293,50396
201406302076301,CEDBL,52,46,500,298,149000
201406302076299,CEDBL,13,46,220,299,65780
201406302076253,CEDBL,13,46,200,300,60000
201406302076207,CEDBL,56,47,170,304,51680
201406302076711,CEDBL,56,13,220,292,64240
201406302076659,CEDBL,56,17,60,292,17520
201406302076601,CEDBL,13,38,29,292,8468
201406302076570,CEDBL,58,10,136,292,39712
201406302076567,CEDBL,17,10,880,291,256080
201406302076406,CEDBL,58,17,300,292,87600
201406302076935,CFCL,52,4,130,180,23400
201406302076925,CFCL,52,11,39,180,7020
201406302076576,CFCL,7,7,171,179,30609
201406302076557,CFCL,52,57,41,177,7257
201406302076517,CFCL,52,11,47,180,8460
201406302076948,CIT,49,11,21,4540,95340
201406302076913,CIT,20,32,304,4555,1384720
201406302076539,CIT,1,38,75,4550,341250
201406302076433,CIT,57,44,156,4549,709644
201406302076389,CIT,44,44,160,4506,720960
201406302076381,CIT,26,29,21,4550,95550
201406302076248,CIT,20,44,111,4515,501165
201406302076380,CIT,47,11,13,4565,59345
201406302076373,CIT,20,19,100,4540,454000
201406302076364,CIT,20,17,108,4530,489240
201406302076350,CIT,6,44,103,4515,465045
201406302076317,CIT,21,19,100,4525,452500
201406302076255,CIT,19,44,98,4525,443450
201406302076689,CNDBL,45,16,20,172,3440
201406302076458,CNDBL,29,21,510,170,86700
201406302076296,CNDBL,45,17,30,172,5160
201406302076229,CNDBL,45,49,30,172,5160
201406302076194,CNDBL,45,59,30,172,5160
201406302076677,EIC,37,21,61,778,47458
201406302076663,EIC,14,22,33,778,25674
201406302076656,EIC,38,49,1030,778,801340
201406302076628,EIC,37,33,600,778,466800
201406302076609,EIC,14,22,30,778,23340
201406302076502,EIC,14,21,40,778,31120
201406302076440,EIC,47,14,200,778,155600
201406302076438,EIC,47,56,53,778,41234
201406302076428,EIC,47,33,10,765,7650
201406302076417,EIC,14,33,10,750,7500
201406302076399,EIC,17,33,10,736,7360
201406302076394,EIC,14,33,10,722,7220
201406302076505,GBBL,26,45,184,295,54280
201406302076326,GBBL,43,5,17,290,4930
201406302076185,GBBL,29,59,74,293,21682
201406302076950,GBIME,51,28,132,591,78012
201406302076917,GBIME,13,10,147,592,87024
201406302076880,GBIME,51,4,107,595,63665
201406302076870,GBIME,51,4,560,594,332640
201406302076834,GBIME,41,4,400,594,237600
201406302076833,GBIME,26,4,40,594,23760
201406302076307,GBIME,51,4,116,595,69020
201406302076298,GBIME,51,6,263,594,156222
201406302076259,GBIME,41,17,48,594,28512
201406302076200,GBIME,13,17,237,596,141252
201406302076146,GBIME,36,42,37,600,22200
201406302076591,GBIME,38,19,88,594,52272
201406302076587,GBIME,38,19,88,594,52272
201406302076579,GBIME,38,19,88,594,52272
201406302076377,GBIME,36,42,37,600,22200
201406302076376,GBIME,36,17,37,596,22052
201406302076310,GBIME,51,59,395,595,235025
201406302076750,GBIME,51,1,62,595,36890
201406302076748,GBIME,51,1,62,595,36890
201406302076741,GBIME,51,4,125,595,74375
201406302076739,GBIME,51,26,36,594,21384
201406302076728,GBIME,51,39,37,593,21941
201406302076710,GBIME,45,54,74,590,43660
201406302076944,GDBL,26,22,256,229,58624
201406302076273,GDBL,36,33,405,225,91125
201406302076268,GDBL,37,28,760,224,170240
201406302076254,GDBL,36,22,128,224,28672
201406302076867,HAMA,16,16,90,138,12420
201406302076936,HBDL,33,10,1000,81,81000
201406302076927,HBDL,33,56,2271,81,183951
201406302076783,HBDL,19,22,2055,80,164400
201406302076749,HBDL,50,50,500,81,40500
201406302076734,HBDL,50,55,1000,81,81000
201406302076300,HBDL,28,11,500,81,40500
201406302076179,HBDL,19,19,100,81,8100
201406302076709,HBDL,52,35,1000,81,81000
201406302076660,HBDL,1,32,1500,80,120000
201406302076622,HBDL,29,46,1000,81,81000
201406302076471,HBDL,17,52,1000,81,81000
201406302076405,HBDL,36,44,500,81,40500
201406302076302,HBDL,36,8,2000,81,162000
201406302076855,JBBL,39,16,70,176,12320
201406302076687,JBBL,29,29,50,179,8950
201406302076686,JBBL,29,29,50,179,8950
201406302076685,JBBL,29,29,50,179,8950
201406302076684,JBBL,29,29,50,179,8950
201406302076683,JBBL,29,29,50,179,8950
201406302076188,JBBL,39,39,50,187,9350
201406302076158,JBBL,39,17,40,187,7480
201406302076435,JBBL,39,39,10,181,1810
201406302076423,JBBL,39,39,10,181,1810
201406302076390,JBBL,39,49,20,181,3620
201406302076280,JBBL,39,17,100,184,18400
201406302076275,JBBL,58,17,500,185,92500
201406302076223,JBBL,29,52,100,186,18600
201406302076635,JBBL,29,29,50,178,8900
201406302076634,JBBL,29,29,50,178,8900
201406302076633,JBBL,29,29,50,178,8900
201406302076550,JBBL,52,19,130,178,23140
201406302076511,JBBL,39,38,20,176,3520
201406302076439,JBBL,39,39,50,179,8950
201406302076682,JBBL,29,29,50,179,8950
201406302076681,JBBL,29,29,50,179,8950
201406302076680,JBBL,29,17,20,179,3580
201406302076638,JBBL,29,29,50,178,8900
201406302076637,JBBL,29,29,50,178,8900
201406302076636,JBBL,29,29,50,178,8900
201406302076965,JBNL,57,10,274,286,78364
201406302076921,JBNL,8,26,274,286,78364
201406302076911,JBNL,19,11,153,287,43911
201406302076467,JBNL,6,33,426,290,123540
201406302076466,JBNL,6,33,2000,290,580000
201406302076441,JBNL,29,33,107,290,31030
201406302076341,JBNL,29,33,150,290,43500
201406302076330,JBNL,11,6,17,290,4930
201406302076239,JBNL,29,33,500,290,145000
201406302076410,JFL,26,17,30,384,11520
201406302076957,KMCDB,45,6,10,722,7220
201406302076953,KMCDB,45,6,10,722,7220
201406302076926,KMCDB,45,6,10,722,7220
201406302076876,KMCDB,45,42,10,722,7220
201406302076875,KMCDB,45,22,10,722,7220
201406302076874,KMCDB,45,22,130,722,93860
201406302076907,KMCDB,45,45,20,722,14440
201406302076885,KMCDB,45,40,100,722,72200
201406302076884,KMCDB,45,26,100,722,72200
201406302076877,KMCDB,45,42,10,722,7220
201406302076379,KNBL,29,39,82,155,12710
201406302076561,KRBL,56,56,400,152,60800
201406302076546,KRBL,56,39,10,152,1520
201406302076541,KRBL,56,39,10,152,1520
201406302076537,KRBL,56,39,60,152,9120
201406302076600,LBL,36,42,70,540,37800
201406302076542,LBL,36,17,250,542,135500
201406302076940,LICN,59,17,131,3850,504350
201406302076933,LICN,13,13,200,3802,760400
201406302076831,LICN,32,35,105,3800,399000
201406302076779,LICN,42,42,5500,3775,20762500
201406302076596,LICN,45,45,2500,3725,9312500
201406302076527,MBBL,16,17,100,168,16800
201406302076271,MBBL,16,50,270,168,45360
201406302076164,MBBL,16,50,100,168,16800
201406302076922,MDB,4,50,1000,472,472000
201406302076375,MDB,4,41,115,480,55200
201406302076912,MEGA,21,21,10,430,4300
201406302076818,MEGA,32,55,32,426,13632
201406302076811,MEGA,46,55,32,430,13760
201406302076798,MEGA,26,26,21,431,9051
201406302076788,MEGA,53,55,32,432,13824
201406302076773,MEGA,46,22,1094,430,470420
201406302076212,MEGA,28,20,95,426,40470
201406302076180,MEGA,28,17,22,430,9460
201406302076385,MEGA,36,45,32,431,13792
201406302076384,MEGA,36,57,329,431,141799
201406302076383,MEGA,36,49,32,431,13792
201406302076382,MEGA,36,17,31,430,13330
201406302076365,MEGA,45,6,32,430,13760
201406302076242,MEGA,45,38,100,430,43000
201406302076598,MEGA,21,40,31,425,13175
201406302076582,MEGA,4,40,31,425,13175
201406302076580,MEGA,19,57,38,425,16150
201406302076403,MEGA,44,40,31,425,13175
201406302076396,MEGA,35,40,31,425,13175
201406302076388,MEGA,35,40,40,425,17000
201406302076760,MEGA,46,21,100,430,43000
201406302076752,MEGA,46,19,39,430,16770
201406302076747,MEGA,46,17,31,430,13330
201406302076658,MEGA,7,1,1048,422,442256
201406302076606,MEGA,13,55,37,425,15725
201406302076604,MEGA,56,55,37,424,15688
201406302076938,METRO,32,44,49,285,13965
201406302076869,METRO,32,36,118,290,34220
201406302076251,MNBBL,50,45,220,545,119900
201406302076329,NABB,28,37,82,132,10824
201406302076850,NBF1,32,26,599,14,8548
201406302076204,NBF1,41,22,1798,14,25801
201406302076197,NBF1,41,22,1798,14,25801
201406302076898,NBL,33,50,1000,388,388000
201406302076893,NBL,25,25,485,389,188665
201406302076858,NBL,10,50,1000,388,388000
201406302076840,NBL,28,37,200,390,78000
201406302076402,NBL,55,45,1000,389,389000
201406302076278,NBL,41,45,1000,387,387000
201406302076217,NBL,21,45,500,390,195000
201406302076190,NBL,35,40,200,390,78000
201406302076755,NGBL,17,16,23,239,5497
201406302076969,NICA,33,48,587,883,518321
201406302076958,NICA,41,28,100,880,88000
201406302076778,NICA,50,20,1547,880,1361360
201406302076647,NICA,16,6,40,879,35160
201406302076419,NICA,16,16,15,875,13125
201406302076356,NICA,17,6,21,876,18396
201406302076141,NICA,39,17,30,875,26250
201406302076733,NLBBL,33,6,50,1183,59150
201406302076732,NLBBL,33,49,10,1183,11830
201406302076731,NLBBL,33,49,10,1183,11830
201406302076730,NLBBL,33,32,50,1182,59100
201406302076165,NLG,32,32,236,798,188328
201406302076524,NLIC,19,54,20,3850,77000
201406302076714,PDB,43,43,30,155,4650
201406302076221,PDB,22,42,10,151,1510
201406302076218,PDB,22,42,10,151,1510
201406302076437,PDB,25,11,10,156,1560
201406302076391,PDB,40,39,10,153,1530
201406302076250,PDB,40,29,100,153,15300
201406302076240,PDB,40,42,10,153,1530
201406302076238,PDB,40,42,10,153,1530
201406302076225,PDB,40,42,10,152,1520
201406302076448,PDB,25,50,10,157,1570
201406302076447,PDB,25,50,10,157,1570
201406302076446,PDB,25,50,30,157,4710
201406302076445,PDB,25,50,10,157,1570
201406302076444,PDB,25,50,10,157,1570
201406302076443,PDB,25,50,10,157,1570
201406302076454,PDB,25,22,40,157,6280
201406302076453,PDB,25,22,40,157,6280
201406302076452,PDB,25,50,10,157,1570
201406302076451,PDB,25,50,10,157,1570
201406302076450,PDB,25,50,10,157,1570
201406302076449,PDB,25,50,10,157,1570
201406302076456,PDB,25,22,40,157,6280
201406302076455,PDB,25,25,10,157,1570
201406302076951,PLIC,33,7,222,955,212010
201406302076852,PLIC,18,1,149,953,141997
201406302076802,PLIC,18,7,230,953,219190
201406302076623,PLIC,6,6,240,952,228480
201406302076583,PLIC,49,49,210,960,201600
201406302076535,PLIC,25,14,458,960,439680
201406302076481,PLIC,53,39,27,965,26055
201406302076464,PLIC,53,17,13,960,12480
201406302076457,PLIC,53,17,13,960,12480
201406302076740,PRDBL,32,16,10,142,1420
201406302076722,PRDBL,32,16,10,142,1420
201406302076489,PRDBL,22,22,10,143,1430
201406302076206,PRDBL,32,49,30,142,4260
201406302076195,PRDBL,32,49,30,142,4260
201406302076488,PRDBL,22,22,10,143,1430
201406302076485,PRDBL,22,22,30,143,4290
201406302076480,PRDBL,22,22,30,143,4290
201406302076409,PRDBL,32,39,10,142,1420
201406302076397,PRDBL,32,39,20,142,2840
201406302076243,PRDBL,32,49,30,142,4260
201406302076964,RMDC,8,46,202,812,164024
201406302076500,RMDC,45,11,431,814,350834
201406302076416,RMDC,8,44,1000,814,814000
201406302076323,RMDC,45,44,560,812,454720
201406302076269,RMDC,45,6,33,812,26796
201406302076968,SBI,25,49,84,1275,107100
201406302076956,SBI,25,25,207,1270,262890
201406302076920,SBI,38,28,150,1270,190500
201406302076560,SBI,33,54,1127,1270,1431290
201406302076355,SBI,33,46,1817,1270,2307590
201406302076904,SBL,17,42,62,731,45322
201406302076897,SBL,17,42,70,731,51170
201406302076724,SBL,17,33,708,740,523920
201406302076615,SBL,17,25,788,740,583120
201406302076549,SBL,17,22,190,743,141170
201406302076547,SBL,17,17,523,742,388066
201406302076545,SBL,17,29,325,740,240500
201406302076544,SBL,17,44,500,740,370000
201406302076543,SBL,17,44,500,740,370000
201406302076432,SBL,36,8,106,740,78440
201406302076431,SBL,36,8,108,740,79920
201406302076672,SETI,17,6,25,164,4100
201406302076666,SETI,17,6,25,164,4100
201406302076903,SEWA,58,39,92,315,28980
201406302076513,SEWA,50,39,30,314,9420
201406302076461,SEWA,50,50,77,315,24255
201406302076387,SEWA,16,16,80,319,25520
201406302076215,SEWA,19,14,54,325,17550
201406302076772,SHINE,26,37,14,395,5530
201406302076754,SHINE,26,26,14,392,5488
201406302076896,SHPC,7,16,14,694,9716
201406302076871,SHPC,36,22,479,690,330510
201406302076800,SHPC,55,40,148,693,102564
201406302076707,SHPC,6,1,500,691,345500
201406302076670,SHPC,7,1,1000,695,695000
201406302076595,SHPC,55,48,215,698,150070
201406302076468,SHPC,55,44,294,698,205212
201406302076335,SHPC,6,32,978,697,681666
201406302076192,SHPC,7,36,1488,694,1032672
201406302076167,SHPC,16,3,10,703,7030
201406302076954,SICL,43,45,100,865,86500
201406302076645,SICL,43,17,100,865,86500
201406302076644,SICL,43,48,200,860,172000
201406302076902,SIGS1,41,51,10000,15,150500
201406302076495,SIGS1,41,11,10000,15,150500
201406302076418,SIGS1,16,16,50000,15,750000
201406302076787,SKBBL,14,55,19,1305,24795
201406302076786,SKBBL,14,55,19,1305,24795
201406302076764,SKBBL,38,55,19,1305,24795
201406302076358,SKBBL,16,32,128,1325,169600
201406302076691,SLBBL,38,6,10,1270,12700
201406302076970,SLICL,36,57,57,612,34884
201406302076945,SLICL,7,57,57,611,34827
201406302076934,SLICL,54,57,57,616,35112
201406302076915,SLICL,54,22,125,616,77000
201406302076827,SLICL,42,26,200,616,123200
201406302076753,SLICL,21,21,487,616,299992
201406302076726,SLICL,46,1,68,616,41888
201406302076679,SLICL,46,50,380,616,234080
201406302076640,SLICL,41,5,109,615,67035
201406302076430,SLICL,53,52,300,616,184800
201406302076429,SLICL,53,47,140,616,86240
201406302076288,SLICL,6,22,500,615,307500
201406302076849,SMFDB,45,38,109,907,98863
201406302076407,SRBL,1,16,32,435,13920
201406302076393,SRBL,32,17,64,436,27904
201406302076368,SRBL,1,17,80,435,34800
201406302076367,SRBL,1,16,30,434,13020
201406302076723,SUPRME,21,26,250,156,39000
201406302076261,SUPRME,57,57,971,159,154389
201406302076931,TBBL,29,18,13,292,3796
201406302076860,TBBL,29,35,35,287,10045
201406302076556,TBBL,17,44,252,282,71064
201406302076392,VBBL,16,17,80,140,11200
201406302076555,WDBL,14,39,20,178,3560
201406302076551,WDBL,14,39,40,178,7120
201406302076894,YETI,11,1,40,157,6280
201406302076866,YETI,51,1,40,157,6280
201406302076846,YETI,41,1,42,158,6636
201406302076828,YETI,41,1,40,158,6320
201406302076806,YETI,44,33,1000,160,160000
201406302076801,YETI,44,21,11,160,1760
201406302076578,YETI,41,21,70,158,11060
201406302076573,YETI,41,21,70,158,11060
201406302076568,YETI,41,21,70,158,11060
201406302076562,YETI,41,21,70,158,11060
201406302076184,YETI,44,53,30,160,4800
201406302076607,YETI,41,21,70,158,11060
201406302076603,YETI,41,57,40,158,6320
201406302076599,YETI,41,21,70,158,11060
201406302076594,YETI,41,57,40,158,6320
201406302076590,YETI,41,57,40,158,6320
201406302076585,YETI,41,21,70,158,11060
201406302076794,YETI,44,21,11,160,1760
201406302076793,YETI,44,21,11,160,1760
201406302076792,YETI,44,1,40,160,6400
201406302076625,YETI,44,21,11,160,1760
201406302076616,YETI,41,21,70,158,11060
201406302076610,YETI,41,57,40,158,6320
201406302075985,ALDBL,3,3,10,192,1920
201406302075976,ALDBL,3,3,10,195,1950
201406302075992,CBBL,21,16,40,1116,44640
201406302075972,CBBL,21,21,159,1100,174900
201406302076130,CBL,48,48,68,292,19856
201406302076118,CBL,48,48,68,292,19856
201406302076110,CBL,48,42,27,292,7884
201406302076100,CBL,48,48,68,292,19856
201406302075965,CBL,25,50,27,290,7830
201406302076138,CCBL,40,18,40,316,12640
201406302076135,CCBL,25,17,61,317,19337
201406302076134,CCBL,25,44,40,317,12680
201406302076132,CCBL,25,44,40,317,12680
201406302076131,CCBL,40,18,40,316,12640
201406302076125,CCBL,40,17,61,316,19276
201406302075984,CCBL,43,43,40,317,12680
201406302075982,CCBL,43,43,40,317,12680
201406302075975,CCBL,43,43,40,317,12680
201406302075973,CCBL,43,43,40,317,12680
201406302075969,CCBL,43,43,40,317,12680
201406302076025,CCBL,40,44,40,317,12680
201406302076023,CCBL,50,50,292,317,92564
201406302076018,CCBL,16,44,40,317,12680
201406302076012,CCBL,26,44,40,316,12640
201406302076001,CCBL,26,49,37,319,11803
201406302075999,CCBL,22,44,40,315,12600
201406302076049,CCBL,40,44,40,317,12680
201406302076046,CCBL,40,44,40,317,12680
201406302076044,CCBL,40,44,40,317,12680
201406302076042,CCBL,40,44,40,317,12680
201406302076038,CCBL,40,44,40,317,12680
201406302076031,CCBL,40,44,40,317,12680
201406302076124,CCBL,40,18,40,316,12640
201406302076115,CCBL,26,18,40,316,12640
201406302076090,CCBL,26,18,40,316,12640
201406302076078,CCBL,26,18,40,316,12640
201406302076072,CCBL,40,57,10,317,3170
201406302076068,CCBL,26,18,40,316,12640
201406302075961,CDBL,50,50,15,368,5520
201406302075960,CDBL,50,50,15,368,5520
201406302075959,CDBL,50,50,15,368,5520
201406302075958,CDBL,50,50,15,368,5520
201406302075957,CDBL,50,50,15,368,5520
201406302075956,CDBL,50,50,15,368,5520
201406302075955,CDBL,50,50,15,368,5520
201406302075954,CDBL,50,50,15,368,5520
201406302075953,CDBL,50,50,15,368,5520
201406302076085,CIT,7,17,108,4525,488700
201406302076074,CIT,7,1,65,4550,295750
201406302076058,CIT,7,1,65,4500,292500
201406302076019,CIT,21,45,58,4490,260420
201406302076098,CNDBL,51,32,100,173,17300
201406302076091,CNDBL,29,17,60,170,10200
201406302075996,CNDBL,1,22,20,170,3400
201406302075968,CSDBL,39,39,146,122,17812
201406302075967,CSDBL,39,39,146,122,17812
201406302075966,CSDBL,39,39,146,122,17812
201406302076136,GBIME,35,45,57,595,33915
201406302076035,GBIME,51,45,239,596,142444
201406302076028,GBIME,22,22,57,586,33402
201406302076022,GBIME,22,45,328,595,195160
201406302076017,GBIME,51,45,607,595,361165
201406302076015,GBIME,22,54,297,592,175824
201406302076002,GBIME,50,50,57,593,33801
201406302076047,HAMRO,26,1,47,265,12455
201406302076024,ICFC,10,39,51,262,13362
201406302076034,JBBL,39,49,20,187,3740
201406302076033,JBBL,39,50,30,187,5610
201406302076087,JBNL,11,6,33,290,9570
201406302075952,JBNL,16,16,17,293,4981
201406302076040,KNBL,22,22,54,155,8370
201406302076094,KRBL,56,11,10,153,1530
201406302076093,KRBL,56,11,10,153,1530
201406302076084,KRBL,16,22,10,150,1500
201406302076083,KRBL,16,22,10,150,1500
201406302076082,KRBL,16,22,10,150,1500
201406302076119,MBBL,16,42,10,168,1680
201406302076073,MBBL,16,50,20,168,3360
201406302076061,NABB,28,42,39,130,5070
201406302076056,NABB,28,42,39,130,5070
201406302076000,NABILP,3,11,150,1510,226500
201406302076051,NGBL,39,6,40,235,9400
201406302076050,NGBL,39,52,80,234,18720
201406302076117,NICA,39,39,25,870,21750
201406302076108,NICA,39,39,25,870,21750
201406302076106,NICA,39,39,20,870,17400
201406302076105,NICA,39,39,20,870,17400
201406302076102,NICA,39,39,20,870,17400
201406302076043,NICA,18,10,80,875,70000
201406302076139,PBSL,25,42,10,134,1340
201406302076057,PLIC,16,16,40,951,38040
201406302076129,SBI,39,52,48,1285,61680
201406302076126,SBI,19,52,100,1275,127500
201406302076097,SBI,34,34,867,1250,1083750
201406302076067,SBI,34,34,398,1261,501878
201406302076045,SBI,26,44,500,1286,643000
201406302076088,SEWA,19,1,100,331,33100
201406302076003,SEWA,22,1,30,335,10050
201406302076048,SHINE,14,50,16,392,6272
201406302076123,SHPC,55,16,695,690,479550
201406302076104,SHPC,7,17,18,694,12492
201406302076089,SHPC,7,17,18,694,12492
201406302076065,SHPC,7,17,18,694,12492
201406302076037,SHPC,7,52,38,698,26524
201406302076029,SHPC,7,22,18,699,12582
201406302076021,SHPC,7,49,18,690,12420
201406302076007,SHPC,39,22,18,699,12582
201406302076004,SHPC,39,22,18,699,12582
201406302075983,SHPC,17,17,18,692,12456
201406302075974,SHPC,17,17,18,692,12456
201406302076137,SKBBL,14,49,1000,1335,1335000
201406302076086,SKBBL,14,32,100,1315,131500
201406302076096,SLICL,16,53,15,615,9225
201406302076114,SRBL,1,42,645,435,280575
201406302076113,SRBL,32,17,97,436,42292
201406302076103,SRBL,1,52,32,434,13888
201406302075951,VBBL,16,16,50,140,7000
201406302075950,VBBL,16,16,50,140,7000
201406302076062,YETI,20,25,35,160,5600
201406302076059,YETI,20,53,30,160,4800
201406302076055,YETI,20,53,30,160,4800
201406302076053,YETI,20,53,30,160,4800
201406302076014,YETI,51,39,11,163,1793
