contract,symbol,buyer,seller,qty,rate,amt
201810216606464,ADBL,33,39,471,355,167205
201810216606405,ADBL,56,39,100,355,35500
201810216606404,ADBL,14,39,100,355,35500
201810216606403,ADBL,57,39,500,355,177500
201810216606402,ADBL,49,39,1000,355,355000
201810216606401,ADBL,17,39,50,355,17750
201810216606097,ADBL,17,58,135,358,48330
201810216606400,ADBL,21,39,100,356,35600
201810216606399,ADBL,34,39,28,357,9996
201810216606376,ADBL,37,19,105,356,37380
201810216606217,ADBL,17,39,20,358,7160
201810216606216,ADBL,17,39,65,358,23270
201810216606102,ADBL,34,19,105,357,37485
201810216606347,AHPC,55,19,55,130,7150
201810216606335,AHPC,49,35,500,132,66000
201810216606109,AHPC,6,19,55,131,7205
201810216606353,AKPL,1,19,10,234,2340
201810216606291,AKPL,55,6,13,238,3094
201810216606178,ALICL,28,28,6,592,3552
201810216606381,AMFI,44,44,10,880,8800
201810216606344,AMFI,21,48,10,880,8800
201810216606343,AMFI,11,48,10,882,8820
201810216606342,AMFI,8,48,10,883,8830
201810216606093,AMFI,44,44,10,884,8840
201810216606067,API,45,39,67,230,15410
201810216606064,API,6,6,28,232,6496
201810216606055,API,6,6,29,232,6728
201810216606065,BHBL,4,28,100,153,15300
201810216606098,BOKL,49,49,400,328,131200
201810216606022,BOKL,21,38,66,330,21780
201810216606021,BOKL,21,13,72,330,23760
201810216606491,BPCL,14,39,10,480,4800
201810216606473,BPCL,14,1,30,477,14310
201810216606357,BPCL,1,19,10,469,4690
201810216606114,BPCL,1,19,10,469,4690
201810216606112,BPCL,14,48,10,473,4730
201810216606486,CBL,33,55,10,177,1770
201810216606431,CBL,40,53,1000,176,176000
201810216606430,CBL,40,29,188,176,33088
201810216606407,CBL,36,8,500,175,87500
201810216606358,CBL,36,19,35,175,6125
201810216606198,CBL,47,11,190,176,33440
201810216606197,CBL,49,11,1340,176,235840
201810216606142,CBL,1,59,1000,177,177000
201810216606141,CBL,1,19,75,177,13275
201810216606124,CBL,49,19,160,176,28160
201810216606095,CBL,49,58,500,176,88000
201810216606455,CCBL,49,34,79,194,15326
201810216606454,CCBL,49,25,115,194,22310
201810216606391,CCBL,4,19,137,192,26304
201810216606328,CCBL,4,52,500,193,96500
201810216606308,CCBL,56,28,84,193,16212
201810216606132,CCBL,4,19,221,192,42432
201810216606049,CCBL,21,58,50,193,9650
201810216606010,CCBL,16,58,1000,193,193000
201810216606009,CCBL,32,58,950,193,183350
201810216606307,CFCL,52,39,200,126,25200
201810216606248,CFCL,41,16,487,126,61362
201810216606322,CHCL,11,43,100,715,71500
201810216606321,CHCL,45,43,35,715,25025
201810216606320,CHCL,35,43,50,716,35800
201810216606319,CHCL,21,43,11,717,7887
201810216606183,CHCL,21,46,39,717,27963
201810216606416,CZBIL,34,39,728,249,181272
201810216606251,CZBIL,34,25,200,249,49800
201810216606189,CZBIL,52,39,30,250,7500
201810216606188,CZBIL,35,39,274,250,68500
201810216606187,CZBIL,52,39,10,250,2500
201810216606156,CZBIL,14,14,69,250,17250
201810216606134,CZBIL,35,19,226,250,56500
201810216606003,CZBIL,52,34,10,250,2500
201810216606494,DBBL,21,21,6,139,834
201810216606474,DBBL,21,21,6,139,834
201810216606460,DBBL,21,21,6,139,834
201810216606446,DBBL,21,21,6,139,834
201810216606382,DBBL,21,21,6,139,834
201810216606348,DBBL,21,21,6,139,834
201810216606096,DBBL,21,21,7,139,973
201810216606083,DBBL,21,21,6,139,834
201810216606070,DBBL,26,51,234,141,32994
201810216606336,DBBL,21,21,6,139,834
201810216606309,DBBL,21,21,6,139,834
201810216606245,DBBL,21,21,6,139,834
201810216606139,DBBL,26,19,585,141,82485
201810216606110,DBBL,21,21,6,139,834
201810216606101,DBBL,21,21,5,139,695
201810216606247,DDBL,43,43,45,656,29520
201810216606060,EBL,57,38,178,641,114098
201810216606495,GBBL,17,47,11,183,2013
201810216606263,GBBL,45,34,389,181,70409
201810216606044,GBBL,17,34,11,183,2013
201810216606324,GBIME,33,11,407,318,129426
201810216606323,GBIME,21,11,28,318,8904
201810216606262,GBIME,56,44,10,319,3190
201810216606167,GBIME,33,14,60,318,19080
201810216606121,GBIME,33,42,33,318,10494
201810216606113,GBIME,21,26,91,318,28938
201810216606436,GBLBS,42,41,20,514,10280
201810216606111,GDBL,21,46,24,202,4848
201810216606409,GIMES1,13,19,500,10,4825
201810216606152,GIMES1,42,19,500,10,4850
201810216606168,HBL,17,16,400,552,220800
201810216606155,HBL,35,16,68,555,37740
201810216606154,HBL,45,16,50,556,27800
201810216606153,HBL,17,16,25,557,13925
201810216606465,HGI,37,17,60,415,24900
201810216606417,HGI,13,17,20,415,8300
201810216606214,HGI,1,56,30,415,12450
201810216606411,HIDCL,54,19,28,158,4424
201810216606210,HIDCL,54,49,56,158,8848
201810216606209,HIDCL,54,49,56,158,8848
201810216606159,HIDCL,54,19,28,158,4424
201810216606418,HPPL,34,19,10,241,2410
201810216606169,HPPL,22,19,10,240,2400
201810216606094,HPPL,35,55,60,243,14580
201810216606196,ICFC,55,42,100,156,15600
201810216606412,IGI,55,43,20,780,15600
201810216606177,JBBL,17,19,92,140,12880
201810216606498,JBNL,49,21,200,196,39200
201810216606384,JBNL,28,36,150,195,29250
201810216606383,JBNL,28,32,50,195,9750
201810216606360,JBNL,32,32,500,195,97500
201810216606359,JBNL,32,41,500,195,97500
201810216606246,JBNL,56,32,100,195,19500
201810216606191,JBNL,34,19,407,194,78958
201810216606185,JBNL,55,42,500,195,97500
201810216606269,JFL,8,58,110,178,19580
201810216606240,JFL,8,56,36,178,6408
201810216606164,JFL,8,39,150,178,26700
201810216606131,JFL,8,17,100,178,17800
201810216606270,KBBL,17,43,750,233,174750
201810216606440,KBL,49,49,542,255,138210
201810216606396,KBL,33,53,600,255,153000
201810216606377,KBL,33,53,400,255,102000
201810216606264,KBL,33,50,600,255,153000
201810216606147,KBL,36,38,500,255,127500
201810216606146,KBL,49,38,1500,255,382500
201810216606426,KKHC,41,19,10,100,1000
201810216606195,KKHC,41,19,10,100,1000
201810216606151,KKHC,45,58,36,102,3672
201810216606016,KMFL,56,19,100,1700,170000
201810216606490,KPCL,52,59,10,120,1200
201810216606489,KPCL,52,59,10,120,1200
201810216606488,KPCL,52,7,10,120,1200
201810216606487,KPCL,52,43,10,120,1200
201810216606484,KPCL,52,47,10,119,1190
201810216606483,KPCL,52,47,10,119,1190
201810216606007,KPCL,32,39,10,116,1160
201810216606005,KPCL,32,34,10,116,1160
201810216606004,KPCL,32,29,10,116,1160
201810216606054,KPCL,32,44,10,116,1160
201810216606047,KPCL,32,44,10,116,1160
201810216606020,KPCL,32,41,10,116,1160
201810216606017,KPCL,32,39,10,116,1160
201810216606014,KPCL,32,58,10,116,1160
201810216606008,KPCL,32,44,10,116,1160
201810216606202,KPCL,46,6,10,117,1170
201810216606201,KPCL,46,58,10,117,1170
201810216606200,KPCL,46,58,10,117,1170
201810216606140,KPCL,32,44,10,116,1160
201810216606127,KPCL,32,44,10,116,1160
201810216606073,KPCL,32,39,10,116,1160
201810216606227,KPCL,52,29,10,118,1180
201810216606226,KPCL,52,29,10,118,1180
201810216606225,KPCL,52,29,10,118,1180
201810216606224,KPCL,52,29,10,118,1180
201810216606223,KPCL,52,29,10,118,1180
201810216606222,KPCL,52,29,10,118,1180
201810216606233,KPCL,52,51,10,119,1190
201810216606232,KPCL,52,47,10,119,1190
201810216606231,KPCL,52,47,10,118,1180
201810216606230,KPCL,52,47,10,118,1180
201810216606229,KPCL,52,29,10,118,1180
201810216606228,KPCL,52,29,10,118,1180
201810216606239,KPCL,52,47,110,119,13090
201810216606238,KPCL,52,51,10,119,1190
201810216606237,KPCL,52,51,10,119,1190
201810216606236,KPCL,52,51,10,119,1190
201810216606235,KPCL,52,51,10,119,1190
201810216606234,KPCL,52,51,10,119,1190
201810216606482,KPCL,52,47,10,119,1190
201810216606392,KPCL,46,44,10,117,1170
201810216606281,KPCL,46,44,10,117,1170
201810216606271,KPCL,46,44,10,117,1170
201810216606241,KPCL,46,42,10,117,1170
201810216606434,KRBL,19,19,42,104,4368
201810216606203,KRBL,39,19,42,104,4368
201810216606451,KSBBL,35,19,67,150,10050
201810216606207,KSBBL,1,19,237,149,35313
201810216606457,LBBL,55,19,18,163,2934
201810216606439,LBBL,38,53,10,166,1660
201810216606330,LBBL,33,42,500,165,82500
201810216606329,LBBL,33,11,300,165,49500
201810216606212,LBBL,55,19,27,163,4401
201810216606107,LBBL,35,53,140,165,23100
201810216606072,LBBL,35,55,44,165,7260
201810216606071,LBBL,35,41,16,165,2640
201810216606463,LBL,36,19,28,248,6944
201810216606215,LBL,36,19,12,248,2976
201810216606176,LBL,36,46,414,248,102672
201810216606452,LGIL,10,56,12,524,6288
201810216606166,LGIL,55,46,19,518,9842
201810216606165,LGIL,14,46,81,520,42120
201810216606398,LICN,49,17,20,1581,31620
201810216606213,LLBS,42,49,24,875,21000
201810216606499,MBL,56,29,100,224,22400
201810216606389,MBL,35,39,90,222,19980
201810216606388,MBL,25,39,100,222,22200
201810216606387,MBL,21,39,200,222,44400
201810216606386,MBL,13,39,100,222,22200
201810216606385,MBL,56,39,10,223,2230
201810216605999,MBL,32,44,1000,224,224000
201810216606205,MBL,29,44,1525,223,340075
201810216606162,MBL,29,33,475,223,105925
201810216606161,MBL,5,33,500,223,111500
201810216606160,MBL,29,33,25,223,5575
201810216606135,MBL,29,44,3000,223,669000
201810216606000,MBL,32,55,1000,224,224000
201810216606481,MEGA,32,56,521,207,107847
201810216606480,MEGA,41,56,13,207,2691
201810216606477,MEGA,32,19,34,207,7038
201810216606461,MEGA,35,55,1000,208,208000
201810216606458,MEGA,28,51,100,210,21000
201810216606371,MEGA,39,28,2000,209,418000
201810216606143,MEGA,49,42,168,207,34776
201810216606364,MEGA,39,22,500,208,104000
201810216606363,MEGA,39,4,500,208,104000
201810216606362,MEGA,39,17,50,208,10400
201810216606361,MEGA,39,42,172,208,35776
201810216606346,MEGA,32,48,550,207,113850
201810216606219,MEGA,10,19,34,206,7004
201810216606370,MEGA,39,28,300,209,62700
201810216606369,MEGA,39,28,500,209,104500
201810216606368,MEGA,39,28,500,209,104500
201810216606367,MEGA,39,28,500,209,104500
201810216606366,MEGA,39,57,100,208,20800
201810216606365,MEGA,39,4,200,208,41600
201810216606492,MLBL,32,19,41,178,7298
201810216606244,MLBL,33,19,11,177,1947
201810216606470,MMFDB,58,34,23,1370,31510
201810216606469,MMFDB,5,34,30,1371,41130
201810216606468,MMFDB,34,34,20,1375,27500
201810216606467,MMFDB,43,34,10,1376,13760
201810216606466,MMFDB,21,34,10,1377,13770
201810216606334,MMFDB,42,18,20,1377,27540
201810216606333,MMFDB,10,18,50,1377,68850
201810216606123,MMFDB,43,47,10,1376,13760
201810216606059,MMFDB,43,18,30,1383,41490
201810216606058,MMFDB,45,18,184,1384,254656
201810216606057,MMFDB,29,18,50,1385,69250
201810216606056,MMFDB,48,18,30,1386,41580
201810216606331,MNBBL,28,53,100,402,40200
201810216606199,MNBBL,28,37,42,399,16758
201810216606158,MNBBL,28,52,300,402,120600
201810216606459,NABIL,45,45,50,953,47650
201810216606497,NABILP,42,51,200,742,148400
201810216606476,NABILP,44,51,300,741,222300
201810216606061,NABILP,42,51,135,745,100575
201810216606041,NABILP,42,51,340,745,253300
201810216606040,NABILP,59,51,50,745,37250
201810216606039,NABILP,45,51,500,745,372500
201810216606038,NABILP,17,51,250,746,186500
201810216606037,NABILP,22,51,100,746,74600
201810216606493,NADEP,18,37,10,1532,15320
201810216606435,NADEP,44,44,10,1535,15350
201810216606419,NADEP,18,5,10,1532,15320
201810216606310,NADEP,44,44,10,1535,15350
201810216606282,NADEP,18,51,70,1535,107450
201810216606277,NADEP,1,7,10,1530,15300
201810216606024,NADEP,44,14,10,1535,15350
201810216606002,NADEP,18,19,10,1532,15320
201810216606030,NADEP,44,37,10,1540,15400
201810216606029,NADEP,44,1,10,1540,15400
201810216606028,NADEP,44,1,10,1540,15400
201810216606027,NADEP,44,1,10,1540,15400
201810216606026,NADEP,44,1,10,1540,15400
201810216606025,NADEP,44,22,10,1535,15350
201810216606036,NADEP,44,37,10,1540,15400
201810216606035,NADEP,44,37,10,1540,15400
201810216606034,NADEP,44,37,10,1540,15400
201810216606033,NADEP,44,37,10,1540,15400
201810216606032,NADEP,44,37,10,1540,15400
201810216606031,NADEP,44,37,10,1540,15400
201810216606243,NADEP,44,51,80,1535,122800
201810216606242,NADEP,18,51,50,1536,76800
201810216606157,NADEP,44,29,10,1535,15350
201810216606136,NADEP,44,29,10,1535,15350
201810216606118,NADEP,44,44,10,1538,15380
201810216606423,NBB,32,39,500,216,108000
201810216606422,NBB,48,39,2000,216,432000
201810216606339,NBB,5,51,68,218,14824
201810216606338,NBB,5,45,432,217,93744
201810216606337,NBB,5,45,1568,217,340256
201810216606252,NBB,5,19,61,217,13237
201810216606206,NBB,53,51,50,218,10900
201810216606138,NBB,5,45,371,217,80507
201810216606289,NBBL,17,48,20,933,18660
201810216606267,NBL,17,56,460,311,143060
201810216606256,NBL,58,56,40,311,12440
201810216606261,NCCB,44,19,19,219,4161
201810216606150,NCCB,8,46,11,221,2431
201810216606125,NCCB,28,29,547,218,119246
201810216606106,NCCB,28,29,1000,218,218000
201810216606105,NCCB,16,29,100,218,21800
201810216606104,NCCB,45,29,300,219,65700
201810216606103,NCCB,44,29,1053,219,230607
201810216606100,NCCB,44,42,12,219,2628
201810216606099,NCCB,42,42,40,220,8800
201810216606084,NCCB,42,6,60,220,13200
201810216606272,NGPL,53,19,11,138,1518
201810216606181,NGPL,53,37,33,138,4554
201810216606149,NGPL,53,29,23,138,3174
201810216606148,NGPL,53,29,178,138,24564
201810216606126,NGPL,34,29,500,139,69500
201810216606352,NIB,38,17,31,644,19964
201810216606351,NIB,36,17,57,645,36765
201810216606182,NIB,38,43,57,644,36708
201810216606137,NIB,58,43,10,645,6450
201810216606069,NIB,14,43,50,645,32250
201810216606062,NIB,22,7,189,644,121716
201810216606279,NIBSF1,21,19,1000,10,10150
201810216606108,NIBSF1,21,34,500,10,5100
201810216606485,NICA,48,14,10,450,4500
201810216606479,NICA,58,14,100,450,45000
201810216606478,NICA,58,58,100,449,44900
201810216606420,NICA,11,6,200,449,89800
201810216606341,NICA,40,6,300,449,134700
201810216606305,NICA,40,19,100,449,44900
201810216606253,NICA,44,36,100,448,44800
201810216606078,NICA,44,4,1800,448,806400
201810216606077,NICA,52,4,200,449,89800
201810216606068,NICA,44,47,100,448,44800
201810216606292,NICA,40,19,100,449,44900
201810216606285,NICA,33,14,50,450,22500
201810216606273,NICA,40,32,500,449,224500
201810216606268,NICA,40,45,410,449,184090
201810216606255,NICA,44,36,1860,448,833280
201810216606254,NICA,58,36,40,448,17920
201810216606180,NICL,45,34,1000,539,539000
201810216606019,NIL,21,48,50,534,26700
201810216606018,NIL,34,48,10,534,5340
201810216606496,NLBBL,45,34,60,561,33660
201810216606433,NLIC,43,43,17,936,15912
201810216606288,NLIC,46,19,17,935,15895
201810216606218,NLIC,46,49,17,935,15895
201810216606076,NLIC,35,58,17,939,15963
201810216606445,NMB,49,33,1900,363,689700
201810216606444,NMB,11,33,90,363,32670
201810216606395,NMB,44,37,500,363,181500
201810216606355,NMB,33,14,1000,364,364000
201810216606354,NMB,57,54,1000,364,364000
201810216606349,NMB,45,35,100,364,36400
201810216606327,NMB,14,14,2000,364,728000
201810216606326,NMB,44,56,500,363,181500
201810216606287,NMB,49,14,1500,364,546000
201810216606274,NMB,49,14,2000,364,728000
201810216606208,NMB,33,11,1000,364,364000
201810216606063,NMB,49,46,250,364,91000
201810216606475,PCBL,57,49,1900,337,640300
201810216606447,PCBL,56,56,100,338,33800
201810216606350,PCBL,57,57,100,337,33700
201810216606265,PCBL,16,56,236,338,79768
201810216606250,PCBL,16,53,1000,338,338000
201810216606220,PCBL,16,53,764,338,258232
201810216606042,PCBL,50,28,200,338,67600
201810216606119,PCBL,50,53,236,338,79768
201810216606053,PCBL,50,45,500,338,169000
201810216606052,PCBL,50,25,110,338,37180
201810216606051,PCBL,50,19,54,338,18252
201810216606050,PCBL,50,10,1100,338,371800
201810216606043,PCBL,50,10,400,338,135200
201810216606186,PFL,32,36,100,157,15700
201810216606122,PFL,19,36,100,157,15700
201810216606472,PIC,25,42,11,1068,11748
201810216606471,PIC,50,42,11,1068,11748
201810216606449,PIC,42,42,11,1068,11748
201810216606130,PIC,32,39,89,1070,95230
201810216606129,PIC,37,39,37,1071,39627
201810216606128,PIC,21,39,11,1071,11781
201810216606082,PIC,37,29,13,1071,13923
201810216606286,PICL,28,39,440,720,316800
201810216606204,PICL,48,46,114,720,82080
201810216606406,PLIC,45,25,100,507,50700
201810216606211,PLIC,45,58,20,505,10100
201810216606390,PMHPL,47,34,10,125,1250
201810216606340,PMHPL,42,47,10,124,1240
201810216606332,PMHPL,42,44,10,124,1240
201810216606275,PMHPL,42,44,10,124,1240
201810216606184,PMHPL,42,44,10,124,1240
201810216606172,PMHPL,11,6,10,125,1250
201810216606171,PMHPL,11,41,10,125,1250
201810216606170,PMHPL,11,41,10,125,1250
201810216606145,PMHPL,42,44,10,124,1240
201810216606133,PMHPL,42,44,10,124,1240
201810216606015,PMHPL,42,34,10,124,1240
201810216606001,PMHPL,57,39,10,125,1250
201810216606456,PRVU,38,58,500,249,124500
201810216606453,PRVU,50,34,300,248,74400
201810216606450,PRVU,50,25,117,248,29016
201810216606448,PRVU,50,14,100,248,24800
201810216606432,PRVU,4,25,1261,248,312728
201810216606425,PRVU,50,29,1318,248,326864
201810216606079,PRVU,50,29,2870,247,708890
201810216606075,PRVU,37,29,90,247,22230
201810216606074,PRVU,1,29,40,247,9880
201810216606048,PRVU,1,52,160,247,39520
201810216606013,PRVU,33,17,1203,247,297141
201810216606012,PRVU,33,42,703,247,173641
201810216606259,PRVU,50,28,430,247,106210
201810216606258,PRVU,53,28,50,247,12350
201810216606257,PRVU,40,28,500,247,123500
201810216606221,PRVU,50,58,1700,247,419900
201810216606163,PRVU,50,33,600,247,148200
201810216606294,PRVU,5,29,1750,248,434000
201810216606293,PRVU,33,37,300,247,74100
201810216606290,PRVU,33,29,50,248,12400
201810216606280,PRVU,33,59,50,247,12350
201810216606266,PRVU,57,29,2000,248,496000
201810216606260,PRVU,33,28,4020,247,992940
201810216606311,PRVU,45,51,100,248,24800
201810216606299,PRVU,33,19,155,247,38285
201810216606298,PRVU,33,37,200,247,49400
201810216606297,PRVU,5,51,37,248,9176
201810216606296,PRVU,5,1,200,248,49600
201810216606295,PRVU,5,38,1013,248,251224
201810216606421,PRVU,25,58,100,249,24900
201810216606375,PRVU,29,6,500,248,124000
201810216606374,PRVU,29,10,1000,248,248000
201810216606373,PRVU,29,10,2000,248,496000
201810216606372,PRVU,29,51,863,248,214024
201810216606312,PRVU,20,21,500,248,124000
201810216606306,RADHI,39,19,11,190,2090
201810216606424,RBCLPO,33,51,20,8550,171000
201810216606415,RBCLPO,50,33,10,8525,85250
201810216606414,RBCLPO,20,33,10,8526,85260
201810216606345,RBCLPO,45,28,10,8536,85360
201810216606313,RBCLPO,32,51,10,8550,85500
201810216606380,SANIMA,45,14,10,343,3430
201810216606379,SANIMA,45,25,1000,342,342000
201810216606378,SANIMA,45,42,1000,342,342000
201810216606303,SANIMA,33,26,94,341,32054
201810216606283,SANIMA,33,56,637,340,216580
201810216606144,SANIMA,33,55,400,341,136400
201810216606302,SBBLJ,39,14,140,214,29960
201810216606301,SBBLJ,14,14,100,214,21400
201810216606300,SBBLJ,13,14,20,214,4280
201810216606284,SBBLJ,37,26,1165,214,249310
201810216606438,SBI,6,28,99,490,48510
201810216606437,SBI,6,51,101,490,49490
201810216606278,SBI,58,51,100,490,49000
201810216606249,SBI,35,43,157,489,76773
201810216606092,SBI,8,43,185,488,90280
201810216606091,SBI,14,43,25,488,12200
201810216606090,SBI,1,43,200,488,97600
201810216606089,SBI,37,43,50,488,24400
201810216606088,SBI,42,43,50,488,24400
201810216606087,SBI,45,43,50,488,24400
201810216606086,SBI,29,43,30,489,14670
201810216606085,SBI,21,43,10,490,4900
201810216606429,SBL,53,40,74,340,25160
201810216606428,SBL,53,53,426,340,144840
201810216606356,SBL,45,25,100,339,33900
201810216606304,SBL,45,25,500,339,169500
201810216606276,SBL,45,28,300,339,101700
201810216606192,SBL,33,10,264,338,89232
201810216606190,SBL,33,37,31,338,10478
201810216606175,SBL,33,57,500,338,169000
201810216606117,SBL,42,10,300,339,101700
201810216606116,SBL,7,10,200,339,67800
201810216606115,SBL,45,10,1000,339,339000
201810216606023,SCB,6,6,50,710,35500
201810216606006,SCB,6,6,20,710,14200
201810216606045,SCB,6,6,20,710,14200
201810216606443,SHL,19,37,800,245,196000
201810216606442,SHL,55,37,500,245,122500
201810216606441,SHL,6,37,200,246,49200
201810216606318,SHPC,13,36,20,252,5040
201810216606317,SHPC,42,36,200,252,50400
201810216606316,SHPC,52,36,200,252,50400
201810216606315,SHPC,19,36,300,252,75600
201810216606314,SHPC,39,36,50,252,12600
201810216606011,SHPC,7,51,50,252,12600
201810216606194,SICL,45,37,50,902,45100
201810216606193,SICL,41,37,10,905,9050
201810216606120,SICL,17,34,20,910,18200
201810216606081,SINDU,29,58,50,126,6300
201810216606179,SLBS,43,39,10,1630,16300
201810216606174,SLBS,43,39,10,1630,16300
201810216606173,SLBS,43,39,10,1630,16300
201810216606046,SLBS,49,49,18,1630,29340
201810216606427,SLICL,55,54,90,522,46980
201810216606394,SLICL,34,54,10,525,5250
201810216606325,SLICL,55,19,86,522,44892
201810216606462,SRBL,17,26,60,249,14940
201810216606066,TRH,19,32,100,261,26100
201810216605721,ADBL,34,42,67,357,23919
201810216605805,AHPC,6,19,950,132,125400
201810216605804,AHPC,28,19,50,132,6600
201810216605610,AHPC,6,37,1000,132,132000
201810216605598,AHPC,44,44,887,133,117971
201810216605799,AKPL,45,55,31,237,7347
201810216605720,ALICL,41,6,200,592,118400
201810216605711,ALICL,41,10,100,592,59200
201810216605902,AMFI,44,44,10,884,8840
201810216605734,AMFI,44,44,10,884,8840
201810216605703,AMFI,11,57,10,882,8820
201810216605843,API,36,7,109,232,25288
201810216605842,API,42,7,75,232,17400
201810216605841,API,28,7,100,232,23200
201810216605828,API,50,7,466,235,109510
201810216605827,API,50,42,18,235,4230
201810216605826,API,50,48,266,235,62510
201810216605682,BHBL,4,1,10,150,1500
201810216605825,BOKL,16,25,188,330,62040
201810216605824,BOKL,16,50,500,330,165000
201810216605823,BOKL,16,39,425,330,140250
201810216605798,BOKL,21,25,12,330,3960
201810216605739,BOKL,21,56,23,328,7544
201810216605738,BOKL,42,56,40,328,13120
201810216605916,BPCL,1,44,10,469,4690
201810216605755,BPCL,1,36,40,469,18760
201810216605754,BPCL,1,36,40,469,18760
201810216605746,BPCL,1,44,10,469,4690
201810216605881,CBL,28,58,1000,176,176000
201810216605880,CBL,40,58,1000,176,176000
201810216605872,CBL,6,8,1000,177,177000
201810216605871,CBL,6,6,1690,177,299130
201810216605853,CBL,39,39,3930,176,691680
201810216605834,CBL,16,42,1000,177,177000
201810216605694,CBL,36,8,500,176,88000
201810216605628,CBL,39,39,5000,175,875000
201810216605609,CBL,51,45,53,175,9275
201810216605576,CBL,13,34,1000,175,175000
201810216605814,CBL,41,22,1000,176,176000
201810216605813,CBL,41,29,52,176,9152
201810216605812,CBL,41,29,273,176,48048
201810216605697,CBL,36,25,500,176,88000
201810216605696,CBL,36,17,2500,176,440000
201810216605695,CBL,36,36,295,176,51920
201810216605818,CCBL,32,17,50,193,9650
201810216605626,CCBL,4,42,378,192,72576
201810216605588,CCBL,4,47,1270,192,243840
201810216605587,CCBL,52,47,200,192,38400
201810216605586,CCBL,41,47,80,192,15360
201810216605585,CCBL,45,47,1000,193,193000
201810216605584,CCBL,45,47,1000,193,193000
201810216605583,CCBL,50,47,500,193,96500
201810216605582,CCBL,5,47,150,193,28950
201810216605581,CCBL,17,47,500,194,97000
201810216605580,CCBL,54,47,300,194,58200
201810216605914,CHCL,22,43,50,718,35900
201810216605913,CHCL,57,43,50,718,35900
201810216605518,CIT,13,56,50,2350,117500
201810216605878,CMF1,6,6,500,10,4825
201810216605519,CMF1,6,6,500,10,4825
201810216605801,CMF1,6,6,1000,10,9650
201810216605753,CMF1,6,6,500,10,4825
201810216605625,CMF1,6,6,1000,10,9650
201810216605869,CZBIL,22,28,200,251,50200
201810216605821,CZBIL,14,50,30,250,7500
201810216605749,CZBIL,52,51,10,250,2500
201810216605627,CZBIL,52,54,10,250,2500
201810216605621,CZBIL,14,38,93,250,23250
201810216605551,CZBIL,52,29,10,250,2500
201810216605499,CZBIL,52,29,10,250,2500
201810216605877,DBBL,26,42,49,140,6860
201810216605654,DBBL,57,51,566,141,79806
201810216605540,DBBL,57,1,500,141,70500
201810216605521,DBBL,35,49,200,142,28400
201810216605873,DHPL,47,57,11,99,1089
201810216605765,DHPL,57,57,11,100,1100
201810216605601,DHPL,57,57,11,99,1089
201810216605962,EBL,57,52,80,641,51280
201810216605961,EBL,56,52,20,641,12820
201810216605960,EBL,52,52,100,642,64200
201810216605868,FMDBL,4,28,200,400,80000
201810216605685,FMDBL,4,28,300,400,120000
201810216605675,GBBL,35,47,200,182,36400
201810216605915,GBIME,21,29,131,318,41658
201810216605763,GBIME,21,49,92,318,29256
201810216605762,GBIME,21,54,438,318,139284
201810216605710,GBIME,21,54,532,318,169176
201810216605709,GBIME,42,54,30,318,9540
201810216605700,GBIME,21,25,68,318,21624
201810216605590,GBLBS,59,58,30,511,15330
201810216605520,GBLBS,41,38,10,520,5200
201810216605785,GILB,57,57,12,1150,13800
201810216605608,GILB,57,57,11,1150,12650
201810216605594,GILB,44,44,43,1166,50138
201810216605713,GRDBL,53,42,100,124,12400
201810216605708,GRDBL,53,42,100,124,12400
201810216605745,GUFL,35,35,300,108,32400
201810216605655,GUFL,51,35,100,107,10700
201810216605602,HBL,37,16,40,560,22400
201810216605731,HGI,37,57,40,415,16600
201810216605938,HIDCL,54,49,56,158,8848
201810216605888,HIDCL,6,6,32,159,5088
201810216605876,HIDCL,54,57,56,158,8848
201810216605851,HIDCL,54,52,56,158,8848
201810216605806,HIDCL,6,6,174,159,27666
201810216605796,HIDCL,57,57,56,159,8904
201810216605650,HIDCL,6,6,203,159,32277
201810216605613,HIDCL,57,57,56,159,8904
201810216605612,HIDCL,57,42,46,159,7314
201810216605611,HIDCL,57,6,94,159,14946
201810216605956,JBNL,34,58,1000,194,194000
201810216605948,JBNL,42,32,350,195,68250
201810216605947,JBNL,42,17,50,195,9750
201810216605946,JBNL,42,49,100,195,19500
201810216605884,JBNL,40,49,300,195,58500
201810216605782,JBNL,40,11,1000,195,195000
201810216605554,JBNL,13,47,500,195,97500
201810216605553,JBNL,57,47,1195,195,233025
201810216605562,JBNL,46,47,250,194,48500
201810216605561,JBNL,33,47,1000,194,194000
201810216605560,JBNL,33,47,1000,194,194000
201810216605557,JBNL,50,47,100,195,19500
201810216605556,JBNL,42,47,50,195,9750
201810216605555,JBNL,14,47,150,195,29250
201810216605781,JBNL,40,49,30,195,5850
201810216605760,JBNL,41,11,1000,194,194000
201810216605672,JBNL,21,49,50,195,9750
201810216605671,JBNL,11,49,20,195,3900
201810216605599,JBNL,21,26,200,195,39000
201810216605563,JBNL,41,47,755,194,146470
201810216605954,JFL,28,11,48,179,8592
201810216605907,JFL,28,58,252,179,45108
201810216605839,JFL,28,13,200,179,35800
201810216605858,KBBL,17,52,110,232,25520
201810216605969,KBL,6,38,500,255,127500
201810216605968,KBL,33,38,1000,255,255000
201810216605949,KBL,33,38,661,256,169216
201810216605865,KBL,33,52,100,256,25600
201810216605819,KBL,33,17,50,256,12800
201810216605757,KBL,33,29,100,256,25600
201810216605687,KNBL,1,51,12,127,1524
201810216605998,KPCL,32,41,10,116,1160
201810216605984,KPCL,32,39,10,116,1160
201810216605981,KPCL,32,44,10,116,1160
201810216605976,KPCL,32,44,10,116,1160
201810216605972,KPCL,32,39,10,116,1160
201810216605959,KPCL,42,47,10,117,1170
201810216605527,KPCL,37,58,10,117,1170
201810216605526,KPCL,37,58,10,117,1170
201810216605525,KPCL,37,58,10,117,1170
201810216605522,KPCL,32,42,10,116,1160
201810216605508,KPCL,32,42,10,116,1160
201810216605617,KPCL,42,42,10,117,1170
201810216605604,KPCL,32,1,10,116,1160
201810216605531,KPCL,32,42,10,116,1160
201810216605530,KPCL,37,29,10,117,1170
201810216605529,KPCL,37,58,10,117,1170
201810216605528,KPCL,37,58,10,117,1170
201810216605756,KPCL,42,55,10,117,1170
201810216605747,KPCL,42,44,10,117,1170
201810216605701,KPCL,42,44,10,117,1170
201810216605692,KPCL,42,44,10,117,1170
201810216605664,KPCL,42,42,10,117,1170
201810216605657,KPCL,42,42,10,117,1170
201810216605844,KPCL,42,29,10,117,1170
201810216605838,KPCL,42,29,10,117,1170
201810216605809,KPCL,42,6,10,117,1170
201810216605797,KPCL,42,44,10,117,1170
201810216605779,KPCL,42,44,10,117,1170
201810216605758,KPCL,42,44,10,117,1170
201810216605952,KPCL,42,47,10,117,1170
201810216605940,KPCL,42,44,10,117,1170
201810216605906,KPCL,42,39,10,117,1170
201810216605893,KPCL,42,6,10,117,1170
201810216605889,KPCL,42,39,10,117,1170
201810216605882,KPCL,42,39,10,117,1170
201810216605887,KRBL,59,39,485,105,50925
201810216605890,KSBBL,36,46,1,146,146
201810216605908,LEMF,6,6,1000,9,8570
201810216605820,LEMF,6,6,2500,9,21325
201810216605759,LEMF,6,6,1000,9,8530
201810216605661,LEMF,6,6,5000,9,42550
201810216605535,LEMF,6,6,5000,9,42550
201810216605596,LGIL,14,26,19,520,9880
201810216605673,LICN,49,16,244,1550,378200
201810216605909,MBL,49,51,1500,224,336000
201810216605891,MBL,49,56,500,224,112000
201810216605730,MBL,42,44,1000,224,224000
201810216605645,MBL,13,44,1000,224,224000
201810216605644,MBL,13,43,200,224,44800
201810216605992,MEGA,49,38,475,207,98325
201810216605991,MEGA,39,38,25,207,5175
201810216605977,MEGA,49,57,857,207,177399
201810216605953,MEGA,35,42,20,208,4160
201810216605933,MEGA,39,47,80,207,16560
201810216605918,MEGA,39,38,895,207,185265
201810216605571,MEGA,32,47,500,207,103500
201810216605570,MEGA,35,47,106,207,21942
201810216605569,MEGA,35,25,94,207,19458
201810216605564,MEGA,39,39,500,207,103500
201810216605637,MEGA,49,19,700,207,144900
201810216605636,MEGA,41,19,100,207,20700
201810216605635,MEGA,41,42,200,207,41400
201810216605614,MEGA,10,33,77,206,15862
201810216605573,MEGA,10,47,3649,206,751694
201810216605572,MEGA,44,47,745,206,153470
201810216605883,MEGA,49,38,1470,207,304290
201810216605761,MEGA,49,50,30,207,6210
201810216605737,MEGA,50,42,224,208,46592
201810216605736,MEGA,50,28,276,208,57408
201810216605639,MEGA,49,28,224,208,46592
201810216605638,MEGA,49,28,500,208,104000
201810216605649,MERO,34,44,58,1055,61190
201810216605618,MERO,52,44,20,1055,21100
201810216605859,MNBBL,42,37,100,403,40300
201810216605886,MSMBS,53,57,22,616,13552
201810216605802,MSMBS,57,57,22,616,13552
201810216605958,NABIL,58,58,13,950,12350
201810216605957,NABIL,36,58,67,951,63717
201810216605680,NABIL,36,1,13,951,12363
201810216605567,NABILP,42,17,20,754,15080
201810216605566,NABILP,42,8,50,753,37650
201810216605975,NADEP,33,57,10,1534,15340
201810216605974,NADEP,33,57,10,1534,15340
201810216605973,NADEP,33,57,10,1534,15340
201810216605964,NADEP,33,38,10,1533,15330
201810216605591,NADEP,18,43,10,1530,15300
201810216605659,NADEP,18,43,10,1530,15300
201810216605597,NADEP,18,45,10,1530,15300
201810216605595,NADEP,18,45,10,1530,15300
201810216605593,NADEP,18,39,10,1530,15300
201810216605790,NADEP,44,29,10,1531,15310
201810216605789,NADEP,44,29,10,1531,15310
201810216605786,NADEP,44,29,10,1531,15310
201810216605770,NADEP,44,3,10,1531,15310
201810216605719,NADEP,1,44,10,1530,15300
201810216605944,NADEP,18,37,10,1532,15320
201810216605794,NADEP,44,29,10,1531,15310
201810216605793,NADEP,44,29,10,1531,15310
201810216605792,NADEP,44,29,10,1531,15310
201810216605791,NADEP,44,29,10,1531,15310
201810216605772,NBB,21,51,25,218,5450
201810216605684,NBB,38,51,20,218,4360
201810216605683,NBB,11,51,20,218,4360
201810216605505,NBB,57,57,1500,218,327000
201810216605504,NBB,57,29,500,218,109000
201810216605970,NBL,41,8,320,311,99520
201810216605923,NBL,19,33,100,313,31300
201810216605780,NBL,21,33,25,313,7825
201810216605995,NCCB,21,6,227,220,49940
201810216605994,NCCB,21,4,273,220,60060
201810216605910,NCCB,8,6,13,220,2860
201810216605866,NCCB,44,52,400,219,87600
201810216605822,NCCB,44,17,50,219,10950
201810216605715,NCCB,44,58,485,220,106700
201810216605714,NCCB,44,10,1000,220,220000
201810216605665,NCCB,35,58,50,220,11000
201810216605979,NEF,41,10,10000,9,91300
201810216605978,NEF,41,10,10000,9,91200
201810216605967,NEF,41,57,2414,9,21726
201810216605919,NEF,6,6,1127,9,10278
201810216605829,NEF,6,6,1127,9,10290
201810216605815,NEF,57,57,2414,9,22040
201810216605740,NEF,6,6,2414,9,22040
201810216605733,NEF,6,6,1207,9,11020
201810216605699,NEF,13,10,6666,9,60861
201810216605676,NEF,6,6,1127,9,10301
201810216605623,NEF,57,57,2414,9,22016
201810216605900,NGPL,1,29,100,141,14100
201810216605899,NGPL,51,29,90,141,12690
201810216605507,NGPL,1,10,90,143,12870
201810216605800,NHDL,39,39,50,134,6700
201810216605951,NIB,55,43,83,645,53535
201810216605942,NIB,55,29,72,645,46440
201810216605911,NIB,55,57,37,645,23865
201810216605898,NIB,55,42,58,645,37410
201810216605817,NIB,16,17,62,646,40052
201810216605816,NIB,16,45,38,646,24548
201810216605640,NIB,57,57,37,645,23865
201810216605592,NIB,21,50,35,645,22575
201810216605935,NIBLPF,6,6,505,9,4747
201810216605523,NIBLPF,13,21,505,9,4747
201810216605550,NIBLPF,6,6,1263,9,11872
201810216605688,NIBLPF,6,6,1263,9,11885
201810216605766,NIBLPF,6,6,505,9,4747
201810216605751,NIBLPF,13,58,1500,9,14100
201810216605835,NIBLPF,6,6,1263,9,11872
201810216605982,NICA,35,28,273,449,122577
201810216605943,NICA,17,28,50,449,22450
201810216605922,NICA,52,22,500,448,224000
201810216605903,NICA,40,58,127,447,56769
201810216605718,NICA,11,21,400,447,178800
201810216605717,NICA,47,21,1500,447,670500
201810216605624,NICA,52,56,180,449,80820
201810216605615,NICA,51,56,200,449,89800
201810216605606,NICA,21,56,100,449,44900
201810216605605,NICA,41,56,20,449,8980
201810216605716,NICA,52,21,20,448,8960
201810216605706,NICA,38,28,100,449,44900
201810216605662,NICA,8,21,100,448,44800
201810216605643,NICA,8,21,400,448,179200
201810216605642,NICA,8,21,810,448,362880
201810216605641,NICA,48,21,100,449,44900
201810216605939,NICGF,6,6,500,9,4730
201810216605854,NICGF,6,6,1000,9,9460
201810216605771,NICGF,6,6,500,9,4730
201810216605698,NICGF,6,6,1000,9,9460
201810216605558,NICGF,6,6,500,9,4730
201810216605912,NICL,10,42,10,549,5490
201810216605925,NLG,53,33,200,900,180000
201810216605917,NLIC,35,57,17,939,15963
201810216605830,NLIC,35,57,17,939,15963
201810216605795,NLIC,35,35,27,939,25353
201810216605788,NLIC,35,49,17,939,15963
201810216605646,NLIC,57,57,17,939,15963
201810216605691,NLICL,17,3,50,693,34650
201810216605690,NLICL,17,41,97,693,67221
201810216605689,NLICL,17,38,62,692,42904
201810216605955,NMB,49,46,250,364,91000
201810216605950,NMB,49,57,500,364,182000
201810216605896,NMB,49,28,500,364,182000
201810216605895,NMB,49,55,250,364,91000
201810216605860,NMB,6,6,50,364,18200
201810216605778,NMB,13,51,300,364,109200
201810216605607,NMB,22,50,924,364,336336
201810216605501,NMB,11,28,400,364,145600
201810216605648,NMB,29,38,238,364,86632
201810216605634,NMB,44,14,500,365,182500
201810216605633,NMB,44,35,1000,365,365000
201810216605632,NMB,44,53,1200,365,438000
201810216605631,NMB,44,25,350,365,127750
201810216605630,NMB,44,14,500,365,182500
201810216605777,NMB,29,51,2762,364,1005368
201810216605776,NMB,22,51,76,364,27664
201810216605752,NMB,29,11,1000,364,364000
201810216605744,NMB,14,58,20,365,7300
201810216605732,NMB,56,28,10,366,3660
201810216605729,NMB,56,50,40,365,14600
201810216605988,NMBHF1,6,6,2080,10,20696
201810216605905,NMBHF1,43,42,250,10,2488
201810216605867,NMBHF1,6,6,832,10,8312
201810216605705,NMBHF1,6,6,1577,10,15754
201810216605574,NMBHF1,6,6,2080,10,20779
201810216605537,NMBSF1,33,34,100000,13,1340000
201810216605536,NMBSF1,39,34,5000,13,67100
201810216605990,NNLB,13,38,20,620,12400
201810216605989,NNLB,46,38,50,620,31000
201810216605848,NTC,34,14,10,786,7860
201810216605506,NTC,17,7,170,785,133450
201810216605502,NTC,17,39,30,785,23550
201810216605579,NUBL,49,38,20,960,19200
201810216605578,NUBL,54,38,100,960,96000
201810216605679,PCBL,50,51,100,336,33600
201810216605629,PCBL,50,25,100,337,33700
201810216605565,PCBL,50,43,200,337,67400
201810216605965,PFL,34,29,500,157,78500
201810216605963,PIC,35,7,100,1078,107800
201810216605870,PIC,38,7,11,1080,11880
201810216605728,PIC,56,6,11,1085,11935
201810216605783,PICL,28,39,150,730,109500
201810216605856,PLIC,13,51,20,508,10160
201810216605855,PLIC,45,51,50,508,25400
201810216605993,PMHPL,57,41,10,125,1250
201810216605986,PMHPL,57,41,10,125,1250
201810216605985,PMHPL,57,44,10,125,1250
201810216605983,PMHPL,57,41,10,125,1250
201810216605980,PMHPL,57,39,10,125,1250
201810216605924,PMHPL,57,44,10,125,1250
201810216605509,PMHPL,37,42,10,124,1240
201810216605538,PMHPL,29,29,10,123,1230
201810216605534,PMHPL,39,42,10,122,1220
201810216605524,PMHPL,39,42,10,122,1220
201810216605512,PMHPL,39,42,10,122,1220
201810216605511,PMHPL,37,29,10,124,1240
201810216605510,PMHPL,37,42,10,124,1240
201810216605666,PMHPL,42,42,10,124,1240
201810216605658,PMHPL,42,42,10,124,1240
201810216605651,PMHPL,42,42,10,124,1240
201810216605619,PMHPL,42,1,10,124,1240
201810216605603,PMHPL,39,44,10,122,1220
201810216605568,PMHPL,29,29,10,123,1230
201810216605724,PMHPL,46,39,10,125,1250
201810216605723,PMHPL,46,39,10,125,1250
201810216605722,PMHPL,46,34,1227,125,153375
201810216605681,PMHPL,42,43,10,124,1240
201810216605678,PMHPL,42,43,10,124,1240
201810216605674,PMHPL,42,43,10,124,1240
201810216605784,PMHPL,42,44,10,124,1240
201810216605764,PMHPL,42,44,10,124,1240
201810216605748,PMHPL,42,44,10,124,1240
201810216605727,PMHPL,46,39,10,125,1250
201810216605726,PMHPL,46,39,10,125,1250
201810216605725,PMHPL,46,39,10,125,1250
201810216605901,PMHPL,57,39,10,125,1250
201810216605885,PMHPL,57,6,10,125,1250
201810216605875,PMHPL,57,39,10,125,1250
201810216605847,PMHPL,42,44,10,124,1240
201810216605808,PMHPL,42,6,10,124,1240
201810216605803,PMHPL,42,6,10,124,1240
201810216605934,PRVU,50,42,497,247,122759
201810216605932,PRVU,50,58,503,247,124241
201810216605931,PRVU,40,58,1000,247,247000
201810216605930,PRVU,4,58,1000,247,247000
201810216605929,PRVU,53,58,500,247,123500
201810216605515,PRVU,45,45,200,249,49800
201810216605514,PRVU,45,51,1000,249,249000
201810216605513,PRVU,45,58,500,249,124500
201810216605503,PRVU,45,5,203,248,50344
201810216605541,PRVU,4,29,1000,249,249000
201810216605533,PRVU,4,50,200,249,49800
201810216605532,PRVU,4,48,500,249,124500
201810216605517,PRVU,45,41,100,249,24900
201810216605516,PRVU,45,35,700,249,174300
201810216605547,PRVU,45,39,108,250,27000
201810216605546,PRVU,45,19,250,250,62500
201810216605545,PRVU,45,32,200,250,50000
201810216605544,PRVU,45,39,100,250,25000
201810216605543,PRVU,45,48,500,250,125000
201810216605542,PRVU,45,13,800,250,200000
201810216605616,PRVU,4,37,1166,248,289168
201810216605577,PRVU,58,37,300,249,74700
201810216605552,PRVU,4,37,300,249,74700
201810216605549,PRVU,45,58,2362,250,590500
201810216605548,PRVU,45,8,1780,250,445000
201810216605735,PRVU,10,48,100,248,24800
201810216605707,PRVU,58,58,7000,247,1729000
201810216605660,PRVU,57,57,100,249,24900
201810216605653,PRVU,4,38,280,248,69440
201810216605622,PRVU,51,57,200,249,49800
201810216605773,PRVU,22,19,300,249,74700
201810216605743,PRVU,4,57,282,248,69936
201810216605742,PRVU,10,57,100,248,24800
201810216605741,PRVU,48,57,25,248,6200
201810216605852,PRVU,4,42,100,248,24800
201810216605811,PRVU,4,17,50,248,12400
201810216605810,PRVU,4,58,800,248,198400
201810216605807,PRVU,4,38,3000,248,744000
201810216605774,PRVU,22,58,450,249,112050
201810216605879,PRVU,52,29,100,248,24800
201810216605874,PRVU,49,52,850,247,209950
201810216605864,PRVU,40,38,1500,248,372000
201810216605863,PRVU,52,38,1000,248,248000
201810216605862,PRVU,4,38,1000,248,248000
201810216605861,PRVU,4,38,172,248,42656
201810216605928,PRVU,25,58,500,247,123500
201810216605927,PRVU,8,58,252,247,62244
201810216605921,PRVU,8,39,748,247,184756
201810216605920,PRVU,49,39,1652,247,408044
201810216605894,PRVU,49,58,998,247,246506
201810216605892,PRVU,17,29,100,248,24800
201810216605926,RLFL,1,57,15,122,1830
201810216605846,RLFL,57,57,15,124,1860
201810216605670,RLFL,25,42,16,124,1984
201810216605669,RLFL,25,42,28,124,3472
201810216605668,RLFL,25,42,16,124,1984
201810216605667,RLFL,25,42,16,124,1984
201810216605656,RLFL,57,57,90,122,10980
201810216605850,SADBL,58,29,100,155,15500
201810216605849,SADBL,54,29,500,155,77500
201810216605945,SAEF,6,6,1000,10,9510
201810216605712,SAEF,6,6,1000,10,9510
201810216605575,SAEF,6,6,1000,10,9510
201810216605840,SANIMA,33,55,924,341,315084
201810216605833,SANIMA,22,55,76,341,25916
201810216605787,SANIMA,22,21,250,341,85250
201810216605767,SANIMA,22,42,174,341,59334
201810216605750,SANIMA,17,49,76,340,25840
201810216605937,SBI,53,43,100,490,49000
201810216605702,SBI,19,28,79,492,38868
201810216605677,SBI,36,28,97,492,47724
201810216605663,SBI,51,28,100,492,49200
201810216605647,SBI,41,28,23,492,11316
201810216605600,SBI,37,28,40,492,19680
201810216605837,SBL,42,42,200,340,68000
201810216605836,SBL,11,42,500,340,170000
201810216605769,SBL,21,58,1,341,341
201810216605768,SBL,21,41,24,341,8184
201810216605996,SCB,6,6,20,710,14200
201810216605971,SCB,59,58,263,710,186730
201810216605589,SCB,6,6,20,711,14220
201810216605539,SCB,17,42,120,711,85320
201810216605500,SCB,6,6,20,712,14240
201810216605693,SCB,11,51,10,711,7110
201810216605620,SCB,59,41,440,711,312840
201810216605704,SCB,51,34,20,710,14200
201810216605941,SCB,59,58,100,710,71000
201810216605686,SDESI,35,58,11,680,7480
201810216605997,SHINE,28,58,10,232,2320
201810216605845,SHPC,13,25,200,253,50600
201810216605904,SKBBL,47,46,90,1089,98010
201810216605897,SKBBL,47,41,10,1088,10880
201810216605987,SLBS,49,49,18,1630,29340
201810216605966,SLBS,49,49,18,1630,29340
201810216605832,SLBS,1,14,20,1647,32940
201810216605831,SLBS,53,14,10,1648,16480
201810216605652,SLICL,45,45,30,525,15750
201810216605775,SRBL,21,46,25,250,6250
201810216605559,SRBL,11,46,20,250,5000
201810216605936,WOMI,32,57,25,1021,25525
201810216605857,WOMI,57,57,25,1030,25750
201810216605151,AHPC,28,39,10,134,1340
201810216605299,AKPL,55,7,13,233,3029
201810216605100,AKPL,38,33,13,232,3016
201810216605425,BOKL,50,7,100,327,32700
201810216605388,BOKL,42,29,10,328,3280
201810216605387,BOKL,8,29,190,330,62700
201810216605353,BOKL,8,43,10,330,3300
201810216605336,BOKL,8,49,100,330,33000
201810216605335,BOKL,8,43,200,330,66000
201810216605293,BOKL,41,43,50,330,16500
201810216605155,BPCL,42,36,40,468,18720
201810216605469,CBL,28,42,795,173,137535
201810216605468,CBL,25,42,1000,173,173000
201810216605467,CBL,58,42,500,173,86500
201810216605466,CBL,32,42,500,173,86500
201810216605465,CBL,33,42,2000,174,348000
201810216605464,CBL,49,42,205,175,35875
201810216605158,CBL,55,10,110,175,19250
201810216605157,CBL,55,8,890,175,155750
201810216605023,CBL,39,8,10,175,1750
201810216605004,CBL,51,8,100,175,17500
201810216605298,CBL,58,8,500,175,87500
201810216605297,CBL,58,34,500,175,87500
201810216605281,CBL,6,58,120,175,21000
201810216605280,CBL,6,10,180,175,31500
201810216605234,CBL,32,10,200,175,35000
201810216605209,CBL,38,10,500,175,87500
201810216605434,CBL,49,52,100,175,17500
201810216605409,CBL,49,8,4000,175,700000
201810216605406,CBL,40,8,500,176,88000
201810216605405,CBL,40,34,500,176,88000
201810216605315,CBL,49,58,195,175,34125
201810216605314,CBL,49,8,500,175,87500
201810216605445,CCBL,52,25,164,194,31816
201810216605383,CCBL,21,25,800,194,155200
201810216605382,CCBL,16,25,30,194,5820
201810216605302,CCBL,1,43,100,194,19400
201810216605008,CCBL,43,28,290,194,56260
201810216605283,CCBL,1,58,977,194,189538
201810216605073,CCBL,29,58,300,194,58200
201810216605011,CCBL,43,41,500,194,97000
201810216605010,CCBL,43,50,400,194,77600
201810216605009,CCBL,43,11,50,194,9700
201810216605187,CHCL,37,54,80,710,56800
201810216605150,CHCL,43,56,70,720,50400
201810216605149,CHCL,17,56,200,720,144000
201810216605453,CZBIL,52,29,10,250,2500
201810216605426,CZBIL,22,47,10,250,2500
201810216605381,CZBIL,22,53,10,250,2500
201810216605377,CZBIL,22,53,10,250,2500
201810216605374,CZBIL,22,53,10,250,2500
201810216605368,CZBIL,22,53,10,250,2500
201810216605018,CZBIL,43,1,10,250,2500
201810216605017,CZBIL,43,38,73,250,18250
201810216605176,CZBIL,52,1,10,249,2490
201810216605166,CZBIL,29,29,10,250,2500
201810216605127,CZBIL,52,38,10,249,2490
201810216605120,CZBIL,29,29,10,250,2500
201810216605074,CZBIL,29,29,10,250,2500
201810216605019,CZBIL,43,34,200,250,50000
201810216605364,CZBIL,22,29,10,250,2500
201810216605324,CZBIL,22,29,10,250,2500
201810216605279,CZBIL,22,29,10,250,2500
201810216605276,CZBIL,22,55,10,250,2500
201810216605258,CZBIL,22,29,10,250,2500
201810216605188,CZBIL,52,1,10,249,2490
201810216605301,DBBL,57,42,434,141,61194
201810216605300,DBBL,57,1,500,141,70500
201810216605020,DBBL,51,49,100,142,14200
201810216605367,DHPL,57,57,11,99,1089
201810216605309,EBL,57,51,40,644,25760
201810216605308,EBL,57,43,100,644,64400
201810216605306,EBL,57,17,300,640,192000
201810216605063,FMDBL,51,43,20,407,8140
201810216605007,GBBL,51,34,100,183,18300
201810216605086,GBIME,29,38,51,317,16167
201810216605248,GBLBS,19,33,10,516,5160
201810216605044,GBLBS,41,47,10,525,5250
201810216605043,GBLBS,41,38,10,520,5200
201810216605042,GBLBS,41,38,10,520,5200
201810216605041,GBLBS,41,38,10,520,5200
201810216605040,GBLBS,41,38,10,520,5200
201810216605039,GBLBS,41,38,10,520,5200
201810216605038,GBLBS,41,38,10,520,5200
201810216604999,GDBL,51,42,130,202,26260
201810216605156,GLICL,39,58,15,764,11460
201810216605026,GRDBL,51,29,50,126,6300
201810216605002,HBL,28,41,56,560,31360
201810216605001,HBL,28,42,44,560,24640
201810216604996,HBL,28,42,36,560,20160
201810216605407,HDL,42,14,10,1510,15100
201810216605379,HIDCL,57,57,56,158,8848
201810216605498,JBNL,34,34,2000,195,390000
201810216605495,JBNL,57,42,11,195,2145
201810216605430,JBNL,41,21,200,196,39200
201810216605429,JBNL,22,21,35,196,6860
201810216605404,JBNL,16,8,50,197,9850
201810216605380,JBNL,22,22,15,196,2940
201810216605168,JBNL,4,6,200,195,39000
201810216605132,JBNL,57,25,197,194,38218
201810216605123,JBNL,57,45,214,194,41516
201810216605090,JBNL,57,19,38,194,7372
201810216605025,JBNL,57,38,200,194,38800
201810216605024,JBNL,57,42,15,194,2910
201810216605174,JBNL,4,59,300,195,58500
201810216605173,JBNL,4,39,1000,195,195000
201810216605172,JBNL,4,57,2000,195,390000
201810216605171,JBNL,4,46,1000,195,195000
201810216605170,JBNL,4,4,300,195,58500
201810216605169,JBNL,4,42,2000,195,390000
201810216605257,JBNL,57,45,30,195,5850
201810216605247,JBNL,57,45,100,195,19500
201810216605246,JBNL,56,45,100,195,19500
201810216605230,JBNL,44,17,1000,196,196000
201810216605229,JBNL,44,34,200,196,39200
201810216605228,JBNL,44,32,500,196,98000
201810216605363,JBNL,17,53,100,196,19600
201810216605362,JBNL,17,21,1210,196,237160
201810216605361,JBNL,17,1,400,196,78400
201810216605356,JBNL,16,21,40,196,7840
201810216605323,JBNL,1,21,250,196,49000
201810216605322,JBNL,1,45,250,196,49000
201810216605452,KBL,33,42,128,257,32896
201810216605441,KBL,33,53,300,258,77400
201810216605372,KBL,33,28,521,258,134418
201810216605371,KBL,33,37,100,258,25800
201810216605370,KBL,33,4,500,258,129000
201810216605369,KBL,33,45,40,258,10320
201810216605112,KBL,33,58,300,256,76800
201810216605141,KKHC,45,21,10,101,1010
201810216605473,KPCL,29,58,10,117,1170
201810216605472,KPCL,29,58,10,117,1170
201810216605471,KPCL,29,58,10,117,1170
201810216605449,KPCL,32,10,10,116,1160
201810216605448,KPCL,32,10,10,116,1160
201810216605447,KPCL,32,10,10,116,1160
201810216605060,KPCL,25,42,10,116,1160
201810216605055,KPCL,25,42,10,116,1160
201810216605052,KPCL,25,42,10,116,1160
201810216604998,KPCL,25,38,10,116,1160
201810216604997,KPCL,25,38,10,116,1160
201810216604995,KPCL,25,38,10,116,1160
201810216605076,KPCL,52,1,10,116,1160
201810216605075,KPCL,25,1,10,116,1160
201810216605070,KPCL,25,20,10,116,1160
201810216605067,KPCL,25,42,10,116,1160
201810216605064,KPCL,25,42,10,116,1160
201810216605062,KPCL,25,20,10,116,1160
201810216605099,KPCL,52,20,10,116,1160
201810216605087,KPCL,52,20,10,116,1160
201810216605084,KPCL,52,1,10,116,1160
201810216605082,KPCL,52,20,10,116,1160
201810216605081,KPCL,52,20,10,116,1160
201810216605079,KPCL,52,1,10,116,1160
201810216605129,KPCL,49,20,10,115,1150
201810216605124,KPCL,52,20,10,116,1160
201810216605116,KPCL,52,20,10,116,1160
201810216605113,KPCL,52,20,10,116,1160
201810216605105,KPCL,52,20,10,116,1160
201810216605102,KPCL,52,20,10,116,1160
201810216605175,KPCL,49,20,10,115,1150
201810216605167,KPCL,49,20,10,115,1150
201810216605153,KPCL,49,20,10,115,1150
201810216605142,KPCL,49,20,10,115,1150
201810216605140,KPCL,49,20,10,115,1150
201810216605133,KPCL,49,20,10,115,1150
201810216605202,KPCL,49,20,10,115,1150
201810216605191,KPCL,49,20,10,115,1150
201810216605190,KPCL,49,1,10,115,1150
201810216605186,KPCL,49,20,10,115,1150
201810216605181,KPCL,49,20,10,115,1150
201810216605178,KPCL,49,1,10,115,1150
201810216605255,KPCL,49,20,10,115,1150
201810216605244,KPCL,49,20,10,115,1150
201810216605231,KPCL,49,20,10,115,1150
201810216605226,KPCL,49,20,10,115,1150
201810216605208,KPCL,29,29,10,116,1160
201810216605203,KPCL,49,20,10,115,1150
201810216605321,KPCL,52,58,10,116,1160
201810216605318,KPCL,52,56,10,116,1160
201810216605292,KPCL,29,29,10,116,1160
201810216605277,KPCL,49,55,10,115,1150
201810216605275,KPCL,29,29,10,116,1160
201810216605259,KPCL,49,20,10,115,1150
201810216605416,KPCL,49,55,10,115,1150
201810216605378,KPCL,29,10,10,116,1160
201810216605360,KPCL,49,55,10,115,1150
201810216605354,KPCL,52,58,10,116,1160
201810216605352,KPCL,52,58,10,116,1160
201810216605337,KPCL,52,58,10,116,1160
201810216605440,LEMF,6,6,1000,9,8500
201810216605395,LEMF,6,6,1000,9,8500
201810216605431,MBL,55,7,200,222,44400
201810216605421,MBL,21,43,100,224,22400
201810216605334,MBL,1,44,500,224,112000
201810216605333,MBL,1,52,300,224,67200
201810216605332,MBL,1,28,500,224,112000
201810216605148,MBL,29,44,975,223,217425
201810216605487,MEGA,44,45,200,206,41200
201810216605476,MEGA,41,38,105,207,21735
201810216605415,MEGA,44,34,673,206,138638
201810216605414,MEGA,44,22,382,206,78692
201810216605411,MEGA,44,22,118,206,24308
201810216605410,MEGA,44,33,1882,206,387692
201810216605126,MEGA,41,38,33,204,6732
201810216605115,MEGA,41,38,33,204,6732
201810216605094,MEGA,32,22,500,205,102500
201810216605093,MEGA,32,22,500,205,102500
201810216605092,MEGA,7,22,300,205,61500
201810216605307,MEGA,1,33,50,206,10300
201810216605252,MEGA,56,33,40,206,8240
201810216605177,MEGA,28,28,200,205,41000
201810216605144,MEGA,55,28,800,205,164000
201810216605143,MEGA,55,28,200,205,41000
201810216605130,MEGA,41,28,300,205,61500
201810216605376,MLBL,33,37,200,179,35800
201810216605375,MLBL,33,42,83,179,14857
201810216605396,MSMBS,57,57,22,615,13530
201810216605014,MSMBS,13,34,30,625,18750
201810216605474,NADEP,1,43,10,1530,15300
201810216605457,NADEP,1,37,10,1531,15310
201810216605456,NADEP,1,37,10,1531,15310
201810216605451,NADEP,18,37,10,1532,15320
201810216605450,NADEP,18,37,10,1532,15320
201810216605091,NADEP,42,48,10,1535,15350
201810216605049,NADEP,42,57,10,1535,15350
201810216605320,NADEP,29,29,10,1533,15330
201810216605193,NADEP,1,1,10,1532,15320
201810216605185,NADEP,1,1,10,1532,15320
201810216605101,NADEP,1,48,10,1532,15320
201810216605446,NADEP,18,37,10,1532,15320
201810216605444,NADEP,18,37,10,1532,15320
201810216605443,NADEP,18,37,10,1532,15320
201810216605373,NBB,39,39,500,217,108500
201810216605355,NBL,38,33,13,313,4069
201810216605357,NCCB,8,46,13,221,2873
201810216605291,NCCB,49,25,1000,220,220000
201810216605290,NCCB,49,44,100,220,22000
201810216605289,NCCB,49,17,500,220,110000
201810216605288,NCCB,49,54,500,220,110000
201810216605287,NCCB,49,25,250,220,55000
201810216605286,NCCB,49,54,410,219,89790
201810216605285,NCCB,49,8,864,219,189216
201810216605250,NCCB,33,10,2900,218,632200
201810216605432,NEF,57,57,2414,9,21605
201810216605408,NEF,6,6,1207,9,11008
201810216605351,NEF,6,6,1207,9,11008
201810216605458,NGPL,51,10,10,141,1410
201810216605051,NIB,36,11,20,642,12840
201810216605050,NIB,33,11,20,643,12860
201810216605454,NIBLPF,6,6,505,9,4752
201810216605358,NIBLPF,6,6,505,9,4742
201810216605485,NICA,10,58,433,450,194850
201810216605484,NICA,10,52,276,450,124200
201810216605483,NICA,10,49,100,450,45000
201810216605482,NICA,10,4,91,450,40950
201810216605481,NICA,10,44,1000,450,450000
201810216605480,NICA,10,19,370,450,166500
201810216605479,NICA,10,13,30,450,13500
201810216605478,NICA,10,38,700,450,315000
201810216605260,NICA,41,21,30,449,13470
201810216605118,NICA,32,38,300,450,135000
201810216605460,NICGF,6,6,500,9,4730
201810216605417,NICGF,6,6,500,9,4730
201810216605442,NLIC,57,57,17,940,15980
201810216605422,NLIC,4,42,30,940,28200
201810216605494,NMB,13,28,100,364,36400
201810216605493,NMB,13,11,400,364,145600
201810216605488,NMB,11,58,10,363,3630
201810216605486,NMB,33,58,10,362,3620
201810216605461,NMB,33,58,10,362,3620
201810216605459,NMB,33,58,10,362,3620
201810216605317,NMB,11,29,300,362,108600
201810216605108,NMB,49,29,200,362,72400
201810216605021,NMB,7,28,140,362,50680
201810216605006,NMB,7,22,50,362,18100
201810216605005,NMB,7,22,10,362,3620
201810216605475,NMBHF1,6,6,2080,10,20842
201810216605424,NMBHF1,6,6,2080,10,20862
201810216605420,NTC,49,28,190,784,148960
201810216605053,NTC,51,44,50,789,39450
201810216605282,NUBL,35,38,30,970,29100
201810216605211,NUBL,58,28,100,962,96200
201810216605210,NUBL,33,28,30,962,28860
201810216605492,PCBL,11,37,500,337,168500
201810216605470,PCBL,34,37,1000,336,336000
201810216605278,PCBL,33,39,1313,337,442481
201810216605048,PCBL,33,3,700,337,235900
201810216605047,PCBL,33,28,500,337,168500
201810216605331,PFL,28,14,200,157,31400
201810216605224,PFL,55,42,10,157,1570
201810216605223,PFL,55,42,10,157,1570
201810216605222,PFL,55,42,10,157,1570
201810216605088,PFL,17,33,23,155,3565
201810216605428,PIC,29,29,1,1059,1059
201810216605183,PIC,29,16,1,1059,1059
201810216605139,PIC,56,38,11,1080,11880
201810216605114,PIC,56,56,11,1071,11781
201810216605037,PIC,29,36,1,1049,1049
201810216605423,PLIC,47,56,50,510,25500
201810216605163,PLIC,34,39,10,512,5120
201810216605491,PMHPL,29,55,10,123,1230
201810216605401,PMHPL,46,29,10,124,1240
201810216605400,PMHPL,46,29,10,124,1240
201810216605399,PMHPL,46,29,10,124,1240
201810216605398,PMHPL,46,29,10,124,1240
201810216605397,PMHPL,46,53,496,124,61504
201810216605057,PMHPL,45,20,10,123,1230
201810216605056,PMHPL,45,42,10,123,1230
201810216605054,PMHPL,45,42,10,123,1230
201810216605069,PMHPL,45,42,10,123,1230
201810216605068,PMHPL,45,20,10,123,1230
201810216605066,PMHPL,45,42,10,123,1230
201810216605065,PMHPL,45,48,10,123,1230
201810216605061,PMHPL,45,42,10,123,1230
201810216605058,PMHPL,45,48,10,123,1230
201810216605085,PMHPL,45,20,10,123,1230
201810216605083,PMHPL,45,48,10,123,1230
201810216605078,PMHPL,45,20,10,123,1230
201810216605077,PMHPL,45,48,10,123,1230
201810216605072,PMHPL,45,20,10,123,1230
201810216605071,PMHPL,45,48,10,123,1230
201810216605103,PMHPL,45,20,10,123,1230
201810216605098,PMHPL,45,20,10,123,1230
201810216605097,PMHPL,45,48,10,123,1230
201810216605096,PMHPL,45,20,10,123,1230
201810216605095,PMHPL,45,1,10,123,1230
201810216605089,PMHPL,45,1,10,123,1230
201810216605135,PMHPL,29,53,30,124,3720
201810216605128,PMHPL,45,20,10,123,1230
201810216605125,PMHPL,45,20,10,123,1230
201810216605121,PMHPL,45,20,10,123,1230
201810216605111,PMHPL,45,20,10,123,1230
201810216605110,PMHPL,45,20,10,123,1230
201810216605179,PMHPL,34,20,10,123,1230
201810216605162,PMHPL,34,20,10,123,1230
201810216605152,PMHPL,34,20,10,123,1230
201810216605147,PMHPL,45,20,10,123,1230
201810216605138,PMHPL,45,20,10,123,1230
201810216605137,PMHPL,45,20,10,123,1230
201810216605195,PMHPL,34,20,10,123,1230
201810216605194,PMHPL,34,20,10,123,1230
201810216605192,PMHPL,34,1,10,123,1230
201810216605189,PMHPL,34,20,10,123,1230
201810216605184,PMHPL,34,20,10,123,1230
201810216605180,PMHPL,34,1,10,123,1230
201810216605207,PMHPL,53,37,10,123,1230
201810216605205,PMHPL,53,37,10,123,1230
201810216605204,PMHPL,53,37,10,123,1230
201810216605201,PMHPL,53,37,10,123,1230
201810216605200,PMHPL,53,37,10,123,1230
201810216605196,PMHPL,34,37,10,123,1230
201810216605218,PMHPL,34,37,10,123,1230
201810216605216,PMHPL,34,20,10,123,1230
201810216605215,PMHPL,34,20,10,123,1230
201810216605214,PMHPL,34,37,10,123,1230
201810216605213,PMHPL,34,37,10,123,1230
201810216605212,PMHPL,34,37,10,123,1230
201810216605232,PMHPL,34,37,10,123,1230
201810216605227,PMHPL,34,37,10,123,1230
201810216605225,PMHPL,34,37,10,123,1230
201810216605221,PMHPL,34,37,10,123,1230
201810216605220,PMHPL,34,37,10,123,1230
201810216605219,PMHPL,34,37,10,123,1230
201810216605240,PMHPL,34,37,10,123,1230
201810216605239,PMHPL,34,37,10,123,1230
201810216605237,PMHPL,34,37,10,123,1230
201810216605236,PMHPL,34,37,10,123,1230
201810216605235,PMHPL,34,37,10,123,1230
201810216605233,PMHPL,34,37,10,123,1230
201810216605284,PMHPL,34,55,10,123,1230
201810216605253,PMHPL,34,20,10,123,1230
201810216605251,PMHPL,34,20,10,123,1230
201810216605243,PMHPL,34,37,10,123,1230
201810216605242,PMHPL,34,37,10,123,1230
201810216605241,PMHPL,34,20,10,123,1230
201810216605389,PMHPL,29,29,10,123,1230
201810216605359,PMHPL,39,22,10,122,1220
201810216605350,PMHPL,29,29,10,123,1230
201810216605304,PMHPL,29,29,10,123,1230
201810216605296,PMHPL,39,22,140,122,17080
201810216605295,PMHPL,34,22,260,123,31980
201810216605463,PRVU,13,58,500,249,124500
201810216605462,PRVU,13,51,2000,249,498000
201810216605419,PRVU,6,48,1500,249,373500
201810216605418,PRVU,6,8,90,249,22410
201810216605390,PRVU,10,8,10,249,2490
201810216605012,PRVU,45,28,114,244,27816
201810216605030,PRVU,58,57,84,245,20580
201810216605029,PRVU,58,58,1246,245,305270
201810216605028,PRVU,58,59,500,245,122500
201810216605027,PRVU,58,29,1400,245,343000
201810216605015,PRVU,45,28,1000,244,244000
201810216605013,PRVU,45,28,386,244,94184
201810216605059,PRVU,41,8,100,245,24500
201810216605036,PRVU,58,21,221,245,54145
201810216605034,PRVU,58,46,400,245,98000
201810216605033,PRVU,58,21,2500,245,612500
201810216605032,PRVU,58,8,1000,245,245000
201810216605031,PRVU,58,17,1600,245,392000
201810216605262,PRVU,54,45,100,245,24500
201810216605261,PRVU,52,45,200,245,49000
201810216605249,PRVU,52,42,300,245,73500
201810216605136,PRVU,57,28,250,246,61500
201810216605109,PRVU,58,58,5000,245,1225000
201810216605080,PRVU,8,8,900,245,220500
201810216605268,PRVU,22,42,19,246,4674
201810216605267,PRVU,22,57,2000,246,492000
201810216605266,PRVU,22,29,1000,246,246000
201810216605265,PRVU,22,47,1000,246,246000
201810216605264,PRVU,22,8,1000,246,246000
201810216605263,PRVU,22,28,240,246,59040
201810216605274,PRVU,22,41,100,246,24600
201810216605273,PRVU,22,21,300,246,73800
201810216605272,PRVU,22,51,490,246,120540
201810216605271,PRVU,22,42,270,246,66420
201810216605270,PRVU,22,43,500,246,123000
201810216605269,PRVU,22,25,1023,246,251658
201810216605329,PRVU,13,35,1000,247,247000
201810216605328,PRVU,13,13,1000,247,247000
201810216605327,PRVU,13,46,100,247,24700
201810216605326,PRVU,8,46,900,247,222300
201810216605325,PRVU,8,49,100,247,24700
201810216605294,PRVU,8,38,250,246,61500
201810216605342,PRVU,4,6,50,248,12400
201810216605341,PRVU,4,42,1000,248,248000
201810216605340,PRVU,4,47,300,248,74400
201810216605339,PRVU,4,48,500,248,124000
201810216605338,PRVU,4,45,500,248,124000
201810216605330,PRVU,13,38,400,247,98800
201810216605365,PRVU,13,28,600,248,148800
201810216605346,PRVU,4,21,200,248,49600
201810216605345,PRVU,4,8,1000,248,248000
201810216605344,PRVU,4,59,500,248,124000
201810216605343,PRVU,4,45,100,248,24800
201810216605305,PURBL,16,54,50,165,8250
201810216605303,PURBL,16,33,53,163,8639
201810216605117,PURBL,39,38,16,161,2576
201810216605413,RADHI,10,55,11,193,2123
201810216605412,RADHI,10,55,11,193,2123
201810216605122,RADHI,39,38,11,190,2090
201810216605106,RADHI,55,33,11,191,2101
201810216605046,RADHI,55,4,483,191,92253
201810216605045,RADHI,17,4,17,191,3247
201810216605107,RBCLPO,50,45,10,8600,86000
201810216605455,RLFL,57,57,15,122,1830
201810216605311,SADBL,13,45,300,158,47400
201810216605310,SADBL,13,47,500,158,79000
201810216605489,SAEF,6,6,1000,10,9510
201810216605435,SAEF,6,6,1000,10,9510
201810216605161,SANIMA,33,56,432,340,146880
201810216605160,SANIMA,45,56,500,340,170000
201810216605159,SANIMA,7,56,68,340,23120
201810216605146,SANIMA,10,42,78,341,26598
201810216605145,SANIMA,10,1,255,341,86955
201810216605035,SANIMA,7,53,32,340,10880
201810216605003,SANIMA,45,44,1000,340,340000
201810216605000,SANIMA,33,44,1000,340,340000
201810216605496,SBI,7,28,100,492,49200
201810216605490,SBI,45,28,10,492,4920
201810216605433,SBI,29,7,106,490,51940
201810216605394,SBL,33,41,248,341,84568
201810216605393,SBL,33,48,800,341,272800
201810216605392,SBL,33,1,500,341,170500
201810216605366,SBL,29,48,200,341,68200
201810216605316,SBL,33,57,550,340,187000
201810216605312,SBL,45,43,50,340,17000
201810216605206,SBL,45,54,1000,340,340000
201810216605199,SBL,45,25,91,340,30940
201810216605198,SBL,45,28,300,340,102000
201810216605197,SBL,45,41,903,339,306117
201810216605497,SCB,57,57,20,712,14240
201810216605436,SCB,17,21,10,712,7120
201810216605134,SCB,25,7,30,712,21360
201810216605439,SCB,17,7,30,713,21390
201810216605438,SCB,17,21,10,713,7130
201810216605437,SCB,17,21,10,712,7120
201810216605349,SHPC,7,13,50,252,12600
201810216605348,SHPC,13,13,500,252,126000
201810216605347,SHPC,34,13,50,253,12650
201810216605313,SHPC,10,58,10,256,2560
201810216605022,SHPC,51,48,100,256,25600
201810216605256,SLBS,49,49,1,1648,1648
201810216605245,SLBS,49,49,18,1648,29664
201810216605238,SLBS,49,49,18,1648,29664
201810216605217,SLBS,49,49,18,1648,29664
201810216605165,SLBS,53,53,1,1648,1648
201810216605154,SLBS,49,49,18,1648,29664
201810216605131,SLBS,49,49,18,1648,29664
201810216605119,SLBS,49,49,18,1648,29664
201810216605403,SLICL,45,58,20,525,10500
201810216605402,SLICL,41,58,50,525,26250
201810216605386,SLICL,41,46,250,525,131250
201810216605385,SLICL,39,46,170,527,89590
201810216605384,SLICL,6,46,200,528,105600
201810216605104,SPDL,51,33,15,110,1650
201810216605391,SRBL,52,6,265,250,66250
201810216605319,UMHL,58,55,14,162,2268
201810216605016,UNL,3,56,10,22540,225400
201810216605477,WOMI,57,57,25,1030,25750
201810216604770,ADBL,39,28,368,361,132848
201810216604769,ADBL,39,49,89,361,32129
201810216604768,ADBL,39,45,180,360,64800
201810216604954,AHPC,51,19,100,136,13600
201810216604777,AKPL,38,38,13,232,3016
201810216604760,AKPL,38,38,13,232,3016
201810216604518,AKPL,55,41,100,234,23400
201810216604517,AKPL,55,41,100,234,23400
201810216604515,ALICL,4,4,4,595,2380
201810216604644,AMFI,45,45,10,875,8750
201810216604822,API,45,38,18,234,4212
201810216604801,API,52,38,18,231,4158
201810216604759,API,55,45,150,235,35250
201810216604751,API,55,7,18,234,4212
201810216604712,API,45,39,44,230,10120
201810216604576,BHBL,48,1,10,148,1480
201810216604945,BOKL,21,43,379,330,125070
201810216604618,BOKL,21,42,13,325,4225
201810216604699,BPCL,42,49,10,468,4680
201810216604901,CBL,34,10,1000,174,174000
201810216604900,CBL,21,10,10,174,1740
201810216604839,CBL,45,58,500,175,87500
201810216604838,CBL,45,8,1000,175,175000
201810216604643,CBL,52,41,700,175,122500
201810216604638,CBL,41,41,300,175,52500
201810216604636,CBL,41,52,200,175,35000
201810216604631,CBL,16,8,1000,175,175000
201810216604612,CBL,58,8,1000,175,175000
201810216604605,CBL,4,4,1,177,177
201810216604577,CBL,13,8,1000,175,175000
201810216604934,CCBL,21,28,200,194,38800
201810216604906,CCBL,5,11,100,193,19300
201810216604904,CCBL,5,33,250,193,48250
201810216604720,CCBL,41,34,20,192,3840
201810216604653,CCBL,52,28,400,193,77200
201810216604580,CCBL,39,25,200,192,38400
201810216604579,CCBL,39,39,286,192,54912
201810216604578,CCBL,39,51,171,191,32661
201810216604552,CCBL,4,4,25,190,4750
201810216604525,CCBL,21,4,25,188,4700
201810216604711,CCBL,16,21,530,193,102290
201810216604687,CCBL,33,28,10,194,1940
201810216604671,CCBL,16,39,20,193,3860
201810216604666,CCBL,16,52,300,193,57900
201810216604665,CCBL,16,11,50,193,9650
201810216604664,CCBL,16,28,100,193,19300
201810216604916,CFCL,19,42,100,128,12800
201810216604696,CFCL,53,39,54,128,6912
201810216604941,CZBIL,1,28,255,249,63495
201810216604940,CZBIL,1,11,40,249,9960
201810216604783,CZBIL,51,1,50,247,12350
201810216604782,CZBIL,50,1,50,247,12350
201810216604719,CZBIL,47,29,420,248,104160
201810216604689,CZBIL,55,29,80,248,19840
201810216604670,CZBIL,55,48,73,248,18104
201810216604669,CZBIL,17,48,20,248,4960
201810216604586,CZBIL,33,28,10,249,2490
201810216604565,CZBIL,21,28,25,249,6225
201810216604556,CZBIL,39,28,10,249,2490
201810216604965,DHPL,45,21,10,99,990
201810216604835,DHPL,57,57,11,98,1078
201810216604967,FMDBL,51,41,50,401,20050
201810216604932,GBIME,1,44,428,319,136532
201810216604931,GBIME,1,38,72,318,22896
201810216604749,GBIME,58,38,50,318,15900
201810216604748,GBIME,58,38,100,318,31800
201810216604683,GBIME,33,44,424,318,134832
201810216604646,GBIME,33,52,76,318,24168
201810216604645,GBIME,13,52,81,318,25758
201810216604570,GBIME,13,11,70,319,22330
201810216604569,GBIME,13,51,599,319,191081
201810216604531,GBIME,17,51,361,319,115159
201810216604527,GBIME,13,41,250,318,79500
201810216604800,GBLBS,19,38,10,520,5200
201810216604799,GBLBS,19,38,10,520,5200
201810216604798,GBLBS,19,38,10,520,5200
201810216604797,GBLBS,19,38,10,520,5200
201810216604796,GBLBS,19,38,10,520,5200
201810216604795,GBLBS,19,38,10,520,5200
201810216604718,GBLBS,34,38,10,520,5200
201810216604716,GBLBS,34,38,10,520,5200
201810216604794,GBLBS,19,38,10,520,5200
201810216604793,GBLBS,19,38,10,520,5200
201810216604792,GBLBS,19,38,10,520,5200
201810216604791,GBLBS,19,38,10,520,5200
201810216604790,GBLBS,19,38,10,520,5200
201810216604789,GBLBS,19,38,10,520,5200
201810216604846,GILB,57,57,12,1189,14268
201810216604992,GRDBL,51,37,50,124,6200
201810216604872,GRDBL,4,45,340,122,41480
201810216604871,GRDBL,4,13,40,122,4880
201810216604870,GRDBL,4,53,50,121,6050
201810216604869,GRDBL,4,37,100,121,12100
201810216604868,GRDBL,4,14,500,120,60000
201810216604867,GRDBL,4,1,100,120,12000
201810216604959,HBL,13,28,300,559,167700
201810216604706,HBL,51,42,20,560,11200
201810216604668,HBL,35,54,32,555,17760
201810216604648,HBL,17,45,25,555,13875
201810216604614,HBL,50,16,441,555,244755
201810216604506,HBL,13,48,100,555,55500
201810216604505,HBL,28,48,140,555,77700
201810216604633,HDL,42,58,10,1483,14830
201810216604988,HGI,41,56,50,415,20750
201810216604987,HGI,41,56,50,414,20700
201810216604859,HIDCL,57,57,56,158,8848
201810216604858,HIDCL,57,29,23,158,3634
201810216604857,HIDCL,57,29,10,158,1580
201810216604986,JBNL,33,42,57,194,11058
201810216604985,JBNL,33,33,415,194,80510
201810216604939,JBNL,21,45,200,194,38800
201810216604863,JBNL,33,25,100,194,19400
201810216604862,JBNL,33,33,428,194,83032
201810216604825,JBNL,38,33,100,194,19400
201810216604772,JBNL,13,13,860,194,166840
201810216604715,JBNL,52,34,20,193,3860
201810216604690,JBNL,34,13,2000,194,388000
201810216604661,JBNL,38,40,1000,194,194000
201810216604968,KBL,57,39,753,255,192015
201810216604944,KBL,33,57,500,254,127000
201810216604874,KBL,53,39,500,255,127500
201810216604873,KBL,13,39,67,255,17085
201810216604853,KBL,13,16,333,255,84915
201810216604784,KBL,1,58,200,256,51200
201810216604547,KBL,36,28,500,257,128500
201810216604516,KBL,42,28,10,257,2570
201810216604750,KBL,33,51,500,257,128500
201810216604584,KBL,13,25,100,258,25800
201810216604583,KBL,13,29,500,258,129000
201810216604574,KBL,33,11,100,257,25700
201810216604573,KBL,33,28,69,257,17733
201810216604566,KBL,21,28,25,257,6425
201810216604526,KEBL,4,4,47,314,14758
201810216604655,KKHC,41,45,16,100,1600
201810216604994,KPCL,25,38,10,116,1160
201810216604952,KPCL,25,34,10,116,1160
201810216604948,KPCL,25,34,10,116,1160
201810216604946,KPCL,25,34,10,116,1160
201810216604943,KPCL,53,34,10,116,1160
201810216604938,KPCL,53,34,10,116,1160
201810216604541,KPCL,32,58,10,118,1180
201810216604540,KPCL,32,58,10,118,1180
201810216604494,KPCL,46,16,10,117,1170
201810216604673,KPCL,21,39,10,117,1170
201810216604604,KPCL,21,38,10,117,1170
201810216604603,KPCL,21,38,10,117,1170
201810216604602,KPCL,21,38,10,117,1170
201810216604601,KPCL,32,38,10,118,1180
201810216604590,KPCL,32,39,10,118,1180
201810216604755,KPCL,39,39,10,116,1160
201810216604744,KPCL,39,39,10,116,1160
201810216604740,KPCL,39,39,10,116,1160
201810216604734,KPCL,39,39,10,116,1160
201810216604732,KPCL,39,39,10,116,1160
201810216604686,KPCL,21,39,10,117,1170
201810216604780,KPCL,42,34,10,116,1160
201810216604774,KPCL,42,34,10,116,1160
201810216604773,KPCL,52,39,10,116,1160
201810216604767,KPCL,52,39,10,116,1160
201810216604766,KPCL,52,1,10,116,1160
201810216604765,KPCL,39,39,10,116,1160
201810216604802,KPCL,39,34,10,116,1160
201810216604788,KPCL,39,34,10,116,1160
201810216604787,KPCL,39,1,10,116,1160
201810216604786,KPCL,42,39,10,116,1160
201810216604785,KPCL,42,34,10,116,1160
201810216604781,KPCL,42,39,10,116,1160
201810216604811,KPCL,39,34,10,116,1160
201810216604809,KPCL,39,39,10,116,1160
201810216604808,KPCL,39,34,10,116,1160
201810216604806,KPCL,39,1,10,116,1160
201810216604805,KPCL,39,39,10,116,1160
201810216604804,KPCL,39,34,10,116,1160
201810216604827,KPCL,39,39,10,116,1160
201810216604819,KPCL,39,39,10,116,1160
201810216604816,KPCL,39,34,10,116,1160
201810216604815,KPCL,39,34,10,116,1160
201810216604814,KPCL,39,39,10,116,1160
201810216604813,KPCL,39,34,10,116,1160
201810216604851,KPCL,47,34,10,116,1160
201810216604847,KPCL,39,34,10,116,1160
201810216604845,KPCL,39,34,10,116,1160
201810216604841,KPCL,39,39,10,116,1160
201810216604837,KPCL,39,34,10,116,1160
201810216604833,KPCL,39,39,10,116,1160
201810216604880,KPCL,47,34,10,116,1160
201810216604879,KPCL,47,34,10,116,1160
201810216604866,KPCL,47,34,10,116,1160
201810216604865,KPCL,19,1,10,118,1180
201810216604864,KPCL,19,39,10,117,1170
201810216604860,KPCL,47,34,10,116,1160
201810216604886,KPCL,50,53,20,116,2320
201810216604885,KPCL,17,53,100,116,11600
201810216604884,KPCL,47,53,50,116,5800
201810216604883,KPCL,52,58,10,117,1170
201810216604882,KPCL,52,58,10,117,1170
201810216604881,KPCL,52,58,10,117,1170
201810216604909,KPCL,49,39,10,115,1150
201810216604908,KPCL,49,46,10,115,1150
201810216604905,KPCL,49,39,10,115,1150
201810216604898,KPCL,49,39,10,115,1150
201810216604897,KPCL,49,39,10,115,1150
201810216604889,KPCL,49,39,10,115,1150
201810216604920,KPCL,49,34,10,115,1150
201810216604919,KPCL,52,34,10,116,1160
201810216604918,KPCL,52,34,10,116,1160
201810216604917,KPCL,52,53,60,116,6960
201810216604914,KPCL,49,39,10,115,1150
201810216604913,KPCL,49,46,10,115,1150
201810216604936,KPCL,49,46,10,115,1150
201810216604933,KPCL,49,34,10,115,1150
201810216604927,KPCL,49,46,10,115,1150
201810216604925,KPCL,49,34,10,115,1150
201810216604923,KPCL,49,46,10,115,1150
201810216604921,KPCL,49,39,10,115,1150
201810216604564,KRBL,4,4,1,107,107
201810216604542,KRBL,4,4,1,107,107
201810216604705,KSBBL,59,5,132,148,19536
201810216604663,MBL,38,44,1500,222,333000
201810216604652,MBL,32,44,1000,221,221000
201810216604651,MBL,41,44,100,221,22100
201810216604650,MBL,45,44,200,221,44200
201810216604649,MBL,33,44,1200,221,265200
201810216604572,MBL,21,44,25,223,5575
201810216604529,MBL,32,17,300,222,66600
201810216604504,MBL,38,28,500,221,110500
201810216604984,MEGA,29,22,570,205,116850
201810216604951,MEGA,5,22,430,205,88150
201810216604937,MEGA,5,50,70,205,14350
201810216604747,MEGA,13,7,104,206,21424
201810216604746,MEGA,13,7,75,206,15450
201810216604745,MEGA,13,45,77,206,15862
201810216604571,MEGA,52,51,35,206,7210
201810216604560,MEGA,52,13,60,207,12420
201810216604559,MEGA,52,28,300,207,62100
201810216604558,MEGA,52,17,100,207,20700
201810216604557,MEGA,52,51,35,206,7210
201810216604545,MEGA,4,4,1,210,210
201810216604728,MEGA,58,45,20,206,4120
201810216604657,MEGA,11,45,10,206,2060
201810216604625,MEGA,11,28,11,206,2266
201810216604616,MEGA,25,25,500,205,102500
201810216604615,MEGA,39,39,3110,205,637550
201810216604611,MEGA,4,4,2,210,420
201810216604733,MMFDB,18,47,10,1410,14100
201810216604660,MMFDB,14,33,23,1394,32062
201810216604642,MMFDB,5,33,30,1394,41820
201810216604606,MMFDB,39,48,200,1422,284400
201810216604528,MMFDB,48,48,271,1450,392950
201810216604700,MNBBL,35,48,200,403,80600
201810216604875,MSMBS,57,57,22,613,13486
201810216604834,NABIL,49,58,20,955,19100
201810216604553,NABIL,49,5,30,955,28650
201810216604960,NADEP,21,21,10,1534,15340
201810216604956,NADEP,25,25,10,1534,15340
201810216604953,NADEP,21,21,10,1535,15350
201810216604930,NADEP,21,21,10,1535,15350
201810216604910,NADEP,21,21,10,1535,15350
201810216604635,NADEP,32,28,10,1534,15340
201810216604563,NADEP,52,49,10,1534,15340
201810216604743,NADEP,21,21,10,1536,15360
201810216604741,NADEP,1,57,10,1535,15350
201810216604729,NADEP,21,21,10,1536,15360
201810216604679,NADEP,1,36,10,1535,15350
201810216604641,NADEP,1,7,10,1535,15350
201810216604640,NADEP,1,7,10,1535,15350
201810216604840,NADEP,21,21,10,1536,15360
201810216604828,NADEP,21,21,10,1536,15360
201810216604824,NADEP,21,21,10,1536,15360
201810216604818,NADEP,1,49,10,1535,15350
201810216604817,NADEP,21,21,10,1536,15360
201810216604807,NADEP,21,21,10,1536,15360
201810216604899,NADEP,21,21,10,1535,15350
201810216604887,NADEP,21,21,10,1535,15350
201810216604876,NADEP,21,21,10,1535,15350
201810216604856,NADEP,21,21,10,1535,15350
201810216604854,NADEP,21,33,10,1535,15350
201810216604852,NADEP,21,21,10,1536,15360
201810216604667,NBB,33,41,10,217,2170
201810216604991,NCCB,51,10,100,218,21800
201810216604575,NCCB,21,8,25,219,5475
201810216604567,NCCB,51,51,100,218,21800
201810216604561,NCCB,21,8,100,219,21900
201810216604549,NCCB,51,51,600,218,130800
201810216604548,NCCB,51,34,355,217,77035
201810216604891,NEF,57,57,2414,9,22016
201810216604702,NGPL,53,38,11,139,1529
201810216604694,NGPL,53,38,11,139,1529
201810216604685,NGPL,52,38,11,139,1529
201810216604693,NIB,34,29,30,642,19260
201810216604692,NIB,26,29,50,643,32150
201810216604691,NIB,22,29,70,644,45080
201810216604662,NIB,22,54,30,644,19320
201810216604981,NICA,8,14,50,448,22400
201810216604978,NICA,33,46,50,450,22500
201810216604977,NICA,33,39,226,450,101700
201810216604976,NICA,33,39,250,450,112500
201810216604975,NICA,33,38,1000,450,450000
201810216604974,NICA,33,21,389,450,175050
201810216604496,NICA,58,56,281,451,126731
201810216604495,NICA,58,42,19,450,8550
201810216604521,NICA,35,56,270,452,122040
201810216604520,NICA,35,52,30,452,13560
201810216604519,NICA,35,32,50,452,22600
201810216604503,NICA,48,56,500,452,226000
201810216604502,NICA,48,44,500,452,226000
201810216604501,NICA,58,56,19,451,8569
201810216604627,NICA,45,56,100,448,44800
201810216604600,NICA,45,19,200,450,90000
201810216604534,NICA,55,56,399,453,180747
201810216604533,NICA,55,19,171,453,77463
201810216604532,NICA,55,13,200,453,90600
201810216604524,NICA,55,56,230,452,103960
201810216604722,NICA,48,21,28,446,12488
201810216604698,NICA,39,17,500,448,224000
201810216604697,NICA,39,58,874,448,391552
201810216604656,NICA,48,58,1622,448,726656
201810216604632,NICA,48,33,1000,448,448000
201810216604628,NICA,58,56,1000,448,448000
201810216604830,NICA,55,41,300,450,135000
201810216604829,NICA,55,11,280,450,126000
201810216604726,NICA,39,33,500,450,225000
201810216604725,NICA,39,50,200,450,90000
201810216604724,NICA,39,44,1000,450,450000
201810216604723,NICA,39,13,300,450,135000
201810216604942,NICA,8,53,40,448,17920
201810216604912,NICA,41,53,30,448,13440
201810216604888,NICA,48,28,132,449,59268
201810216604850,NICA,48,58,100,449,44900
201810216604832,NICA,55,11,320,450,144000
201810216604831,NICA,55,11,100,450,45000
201810216604973,NICA,33,48,80,450,36000
201810216604972,NICA,33,6,301,450,135450
201810216604971,NICA,33,43,174,450,78300
201810216604970,NICA,33,11,580,450,261000
201810216604966,NICA,8,22,100,448,44800
201810216604964,NICA,48,58,1500,449,673500
201810216604961,NLIC,21,21,1,913,913
201810216604955,NLIC,21,21,3,913,2739
201810216604935,NLIC,21,21,1,913,913
201810216604915,NLIC,21,21,3,913,2739
201810216604903,NLIC,21,21,3,913,2739
201810216604890,NLIC,21,21,3,913,2739
201810216604735,NLIC,21,21,3,913,2739
201810216604730,NLIC,21,39,3,913,2739
201810216604878,NLIC,21,21,3,913,2739
201810216604861,NLIC,21,21,3,913,2739
201810216604842,NLIC,21,21,3,913,2739
201810216604821,NLIC,21,21,3,913,2739
201810216604810,NLIC,21,21,3,913,2739
201810216604754,NLIC,21,21,3,913,2739
201810216604969,NMB,45,22,40,362,14480
201810216604963,NMB,45,54,960,362,347520
201810216604962,NMB,17,54,40,362,14480
201810216604922,NMB,19,50,76,363,27588
201810216604844,NMB,17,46,460,362,166520
201810216604843,NMB,51,46,40,362,14480
201810216604497,NMB,7,7,50,362,18100
201810216604591,NMB,58,40,290,363,105270
201810216604582,NMB,11,40,300,363,108900
201810216604535,NMB,36,14,1000,361,361000
201810216604500,NMB,7,40,110,363,39930
201810216604499,NMB,7,29,10,363,3630
201810216604498,NMB,7,11,30,362,10860
201810216604820,NMB,51,21,10,362,3620
201810216604619,NMB,33,53,100,364,36400
201810216604617,NMB,11,45,10,365,3650
201810216604613,NMB,11,54,38,364,13832
201810216604595,NMB,58,41,1000,363,363000
201810216604592,NMB,58,17,100,363,36300
201810216604682,PCBL,33,42,23,337,7751
201810216604681,PCBL,33,43,481,337,162097
201810216604659,PCBL,33,13,75,336,25200
201810216604637,PCBL,33,33,200,336,67200
201810216604624,PCBL,4,4,1,343,343
201810216604607,PCBL,33,28,465,337,156705
201810216604585,PCBL,33,28,10,337,3370
201810216604581,PCBL,21,28,25,337,8425
201810216604551,PCBL,48,28,1000,336,336000
201810216604550,PCBL,48,28,300,336,100800
201810216604546,PCBL,4,4,2,335,670
201810216604979,PFL,1,14,100,155,15500
201810216604678,PFL,39,39,3,151,453
201810216604677,PFL,39,39,3,151,453
201810216604674,PFL,39,39,3,151,453
201810216604958,PIC,21,21,1,1049,1049
201810216604949,PIC,21,21,1,1049,1049
201810216604855,PIC,32,38,11,1070,11770
201810216604823,PIC,32,49,11,1070,11770
201810216604739,PIC,21,38,11,1070,11770
201810216604710,PIC,56,38,11,1065,11715
201810216604709,PIC,56,38,11,1065,11715
201810216604704,PIC,39,38,11,1065,11715
201810216604701,PIC,45,38,11,1066,11726
201810216604980,PMHPL,19,53,20,124,2480
201810216604957,PMHPL,45,13,10,123,1230
201810216604929,PMHPL,21,46,10,124,1240
201810216604928,PMHPL,21,53,680,124,84320
201810216604896,PMHPL,46,53,20,124,2480
201810216604892,PMHPL,46,39,10,124,1240
201810216604536,PMHPL,32,16,10,126,1260
201810216604596,PMHPL,22,39,10,125,1250
201810216604589,PMHPL,22,44,10,125,1250
201810216604554,PMHPL,45,44,10,125,1250
201810216604539,PMHPL,32,37,10,127,1270
201810216604538,PMHPL,32,37,10,127,1270
201810216604537,PMHPL,32,37,10,127,1270
201810216604634,PMHPL,22,17,10,125,1250
201810216604610,PMHPL,39,37,10,127,1270
201810216604609,PMHPL,39,37,10,127,1270
201810216604599,PMHPL,22,38,10,125,1250
201810216604598,PMHPL,22,38,10,125,1250
201810216604597,PMHPL,22,38,10,125,1250
201810216604684,PMHPL,46,39,10,124,1240
201810216604680,PMHPL,46,39,10,124,1240
201810216604676,PMHPL,46,39,10,124,1240
201810216604658,PMHPL,46,36,10,124,1240
201810216604654,PMHPL,46,36,10,124,1240
201810216604647,PMHPL,22,34,440,125,55000
201810216604761,PMHPL,45,39,10,124,1240
201810216604753,PMHPL,45,39,10,124,1240
201810216604742,PMHPL,45,39,10,124,1240
201810216604738,PMHPL,45,39,10,124,1240
201810216604731,PMHPL,45,39,10,124,1240
201810216604688,PMHPL,45,39,10,124,1240
201810216604877,PMHPL,46,58,10,124,1240
201810216604836,PMHPL,46,39,10,124,1240
201810216604826,PMHPL,45,39,10,124,1240
201810216604812,PMHPL,45,39,10,124,1240
201810216604803,PMHPL,45,39,10,124,1240
201810216604778,PMHPL,45,39,10,124,1240
201810216604990,PRVU,45,14,100,244,24400
201810216604983,PRVU,45,10,286,244,69784
201810216604982,PRVU,11,10,20,244,4880
201810216604950,PRVU,5,10,200,244,48800
201810216604947,PRVU,45,25,500,244,122000
201810216604895,PRVU,52,10,600,244,146400
201810216604514,PRVU,58,8,1000,245,245000
201810216604513,PRVU,58,17,500,245,122500
201810216604512,PRVU,13,10,900,244,219600
201810216604508,PRVU,41,10,100,244,24400
201810216604507,PRVU,41,50,50,244,12200
201810216604588,PRVU,50,25,100,244,24400
201810216604568,PRVU,50,10,2000,244,488000
201810216604555,PRVU,39,28,10,246,2460
201810216604544,PRVU,58,8,1000,245,245000
201810216604543,PRVU,58,49,1750,245,428750
201810216604530,PRVU,54,8,1000,245,245000
201810216604629,PRVU,54,10,189,245,46305
201810216604626,PRVU,54,4,11,245,2695
201810216604621,PRVU,50,10,2000,245,490000
201810216604620,PRVU,25,10,60,245,14700
201810216604594,PRVU,6,35,200,245,49000
201810216604593,PRVU,6,21,100,245,24500
201810216604713,PRVU,17,48,20,244,4880
201810216604708,PRVU,50,58,1500,245,367500
201810216604695,PRVU,13,58,1200,245,294000
201810216604675,PRVU,13,8,1000,245,245000
201810216604639,PRVU,39,39,5153,245,1262485
201810216604630,PRVU,21,10,50,245,12250
201810216604894,PRVU,45,10,800,244,195200
201810216604849,PRVU,45,46,300,244,73200
201810216604848,PRVU,50,46,200,244,48800
201810216604771,PRVU,50,48,200,244,48800
201810216604737,PRVU,50,34,20,244,4880
201810216604714,PRVU,50,48,980,244,239120
201810216604776,PURBL,16,42,194,163,31622
201810216604775,PURBL,16,54,53,163,8639
201810216604924,RADHI,17,21,11,191,2101
201810216604907,RADHI,17,21,11,191,2101
201810216604893,RADHI,17,21,11,191,2101
201810216604703,RADHI,55,47,11,194,2134
201810216604736,RBCLPO,56,33,10,8575,85750
201810216604902,RLFL,57,57,15,122,1830
201810216604993,SANIMA,33,7,32,340,10880
201810216604523,SANIMA,48,54,500,339,169500
201810216604522,SANIMA,48,44,500,339,169500
201810216604511,SANIMA,48,44,500,339,169500
201810216604510,SANIMA,48,28,300,338,101400
201810216604509,SANIMA,48,11,100,337,33700
201810216604764,SBI,44,28,100,488,48800
201810216604763,SBI,11,28,10,488,4880
201810216604762,SBI,59,28,10,488,4880
201810216604758,SBI,49,28,13,490,6370
201810216604757,SBI,17,28,20,490,9800
201810216604756,SBI,35,28,68,492,33456
201810216604721,SBI,34,28,10,495,4950
201810216604707,SBI,51,28,20,495,9900
201810216604672,SBI,35,54,32,492,15744
201810216604911,SCB,57,57,20,712,14240
201810216604493,SCB,17,49,20,705,14100
201810216604587,SLBS,34,51,10,1680,16800
201810216604989,SPDL,51,58,15,110,1650
201810216604779,SPDL,32,38,15,108,1620
201810216604752,SPDL,32,38,15,108,1620
201810216604727,SPDL,32,58,10,108,1080
201810216604622,SRBL,45,34,59,249,14691
201810216604926,WOMI,57,57,25,1030,25750
201810216604608,WOMI,32,55,90,1030,92700
201810216604562,WOMI,39,55,10,1030,10300
201810216604324,ALICL,4,4,2,595,1190
201810216604447,BHBL,32,1,10,146,1460
201810216604455,CBL,48,8,1000,175,175000
201810216604454,CBL,48,28,1000,175,175000
201810216604434,CBL,28,39,600,174,104400
201810216604349,CBL,58,58,1120,173,193760
201810216604343,CBL,58,58,100,173,17300
201810216604340,CBL,4,4,1,176,176
201810216604325,CBL,4,4,1,175,175
201810216604295,CBL,4,4,1,172,172
201810216604366,CCBL,42,28,25,185,4625
201810216604365,CCBL,19,28,25,186,4650
201810216604351,CCBL,49,28,100,188,18800
201810216604355,CZBIL,45,48,10,245,2450
201810216604341,CZBIL,4,4,10,250,2500
201810216604383,DBBL,57,55,500,140,70000
201810216604391,EBL,54,49,100,640,64000
201810216604332,GBIME,35,17,70,318,22260
201810216604310,GBIME,17,17,389,317,123313
201810216604352,GRDBL,45,13,340,120,40800
201810216604453,HBL,28,34,20,555,11100
201810216604468,HGI,51,6,64,415,26560
201810216604491,JBBL,39,39,11,141,1551
201810216604489,JBBL,39,39,11,141,1551
201810216604369,JBBL,39,39,66,142,9372
201810216604368,JBBL,39,39,66,142,9372
201810216604330,KEBL,4,4,47,316,14852
201810216604306,KEBL,4,4,47,314,14758
201810216604492,KPCL,46,16,10,117,1170
201810216604488,KPCL,46,39,10,117,1170
201810216604487,KPCL,46,16,10,117,1170
201810216604486,KPCL,46,39,10,117,1170
201810216604484,KPCL,46,39,10,117,1170
201810216604476,KPCL,46,16,10,117,1170
201810216604331,KPCL,52,1,10,117,1170
201810216604321,KPCL,52,55,10,117,1170
201810216604320,KPCL,52,55,10,117,1170
201810216604387,KPCL,39,48,10,116,1160
201810216604378,KPCL,39,48,10,116,1160
201810216604377,KPCL,52,34,10,117,1170
201810216604375,KPCL,52,34,10,117,1170
201810216604371,KPCL,52,48,10,117,1170
201810216604354,KPCL,52,48,10,117,1170
201810216604409,KPCL,25,48,10,117,1170
201810216604408,KPCL,25,48,10,117,1170
201810216604397,KPCL,52,34,10,117,1170
201810216604396,KPCL,52,48,10,117,1170
201810216604395,KPCL,52,48,10,117,1170
201810216604388,KPCL,39,48,10,116,1160
201810216604422,KPCL,25,34,10,117,1170
201810216604421,KPCL,25,34,10,117,1170
201810216604416,KPCL,25,48,10,117,1170
201810216604414,KPCL,25,48,10,117,1170
201810216604412,KPCL,25,34,10,117,1170
201810216604410,KPCL,25,34,10,117,1170
201810216604442,KPCL,39,48,10,116,1160
201810216604440,KPCL,39,48,10,116,1160
201810216604436,KPCL,52,34,10,117,1170
201810216604435,KPCL,52,48,10,117,1170
201810216604433,KPCL,25,34,10,117,1170
201810216604423,KPCL,25,48,10,117,1170
201810216604458,KPCL,39,48,10,116,1160
201810216604457,KPCL,39,48,10,116,1160
201810216604452,KPCL,39,48,10,116,1160
201810216604451,KPCL,39,48,10,116,1160
201810216604448,KPCL,39,48,10,116,1160
201810216604445,KPCL,39,48,10,116,1160
201810216604475,KPCL,46,39,10,117,1170
201810216604474,KPCL,46,39,10,117,1170
201810216604473,KPCL,46,34,10,117,1170
201810216604471,KPCL,39,48,10,116,1160
201810216604465,KPCL,39,48,10,116,1160
201810216604462,KPCL,39,48,10,116,1160
201810216604347,KRBL,4,4,1,107,107
201810216604469,MBL,13,44,1000,220,220000
201810216604420,MBL,13,44,500,220,110000
201810216604419,MBL,36,44,200,220,44000
201810216604357,MBL,32,44,1000,220,220000
201810216604323,MBL,48,44,844,220,185680
201810216604333,MEGA,4,4,2,210,420
201810216604311,MEGA,4,4,2,206,412
201810216604316,MERO,34,34,10,1059,10590
201810216604356,MLBL,32,35,500,176,88000
201810216604444,NADEP,48,49,10,1533,15330
201810216604439,NADEP,1,39,10,1532,15320
201810216604438,NADEP,42,36,10,1532,15320
201810216604381,NADEP,39,39,10,1533,15330
201810216604379,NADEP,42,39,10,1532,15320
201810216604374,NADEP,39,39,10,1531,15310
201810216604337,NADEP,50,42,10,1530,15300
201810216604335,NADEP,50,42,10,1530,15300
201810216604334,NADEP,50,49,10,1530,15300
201810216604294,NADEP,26,26,10,1525,15250
201810216604373,NADEP,39,39,10,1529,15290
201810216604370,NADEP,39,39,10,1529,15290
201810216604364,NADEP,39,39,10,1529,15290
201810216604363,NADEP,39,39,10,1529,15290
201810216604342,NADEP,50,36,10,1530,15300
201810216604339,NADEP,50,49,10,1530,15300
201810216604345,NCCB,8,8,11,219,2409
201810216604319,NIB,26,26,1,635,635
201810216604293,NIB,17,17,250,644,161000
201810216604461,NICA,48,56,200,450,90000
201810216604460,NICA,48,44,500,449,224500
201810216604432,NICA,58,16,135,450,60750
201810216604431,NICA,58,19,100,450,45000
201810216604430,NICA,58,17,500,450,225000
201810216604429,NICA,58,53,50,450,22500
201810216604291,NICA,17,17,27,438,11826
201810216604289,NICA,17,17,500,438,219000
201810216604287,NICA,48,48,2000,434,868000
201810216604399,NICA,48,52,50,447,22350
201810216604394,NICA,17,1,77,443,34111
201810216604382,NICA,58,57,190,445,84550
201810216604362,NICA,58,19,180,444,79920
201810216604350,NICA,48,44,1000,444,444000
201810216604292,NICA,48,44,50,442,22100
201810216604405,NICA,48,17,500,449,224500
201810216604404,NICA,48,25,250,449,112250
201810216604403,NICA,48,8,200,449,89800
201810216604402,NICA,48,17,500,448,224000
201810216604401,NICA,48,17,500,448,224000
201810216604400,NICA,48,52,50,447,22350
201810216604428,NICA,58,13,636,450,286200
201810216604427,NICA,58,13,200,450,90000
201810216604426,NICA,58,28,500,449,224500
201810216604425,NICA,58,28,1000,449,449000
201810216604424,NICA,58,28,50,449,22450
201810216604406,NICA,48,28,450,449,202050
201810216604348,NLBBL,4,4,1,582,582
201810216604392,NLIC,39,42,3,913,2739
201810216604389,NLIC,39,42,3,913,2739
201810216604386,NLIC,39,39,1,922,922
201810216604322,NMB,26,26,10,359,3590
201810216604286,NMBHF1,47,47,5000,10,50250
201810216604328,PCBL,48,17,500,333,166500
201810216604327,PCBL,4,4,1,335,335
201810216604318,PCBL,4,4,1,332,332
201810216604466,PFL,54,33,20,154,3080
201810216604464,PFL,54,33,16,154,2464
201810216604372,PIC,39,39,1,1059,1059
201810216604490,PMHPL,56,16,10,126,1260
201810216604485,PMHPL,56,37,10,127,1270
201810216604483,PMHPL,45,37,10,127,1270
201810216604482,PMHPL,45,37,10,127,1270
201810216604481,PMHPL,45,37,10,127,1270
201810216604480,PMHPL,45,37,10,127,1270
201810216604296,PMHPL,56,36,10,128,1280
201810216604290,PMHPL,49,36,10,128,1280
201810216604302,PMHPL,56,59,10,129,1290
201810216604301,PMHPL,56,59,10,129,1290
201810216604300,PMHPL,56,29,10,129,1290
201810216604299,PMHPL,56,59,10,129,1290
201810216604298,PMHPL,56,59,10,129,1290
201810216604297,PMHPL,56,59,10,129,1290
201810216604358,PMHPL,56,48,10,128,1280
201810216604353,PMHPL,56,39,10,128,1280
201810216604315,PMHPL,32,47,10,130,1300
201810216604305,PMHPL,56,59,10,130,1300
201810216604304,PMHPL,56,59,10,129,1290
201810216604303,PMHPL,56,59,10,129,1290
201810216604384,PMHPL,45,48,10,128,1280
201810216604376,PMHPL,45,48,10,128,1280
201810216604367,PMHPL,56,48,10,127,1270
201810216604361,PMHPL,56,59,10,129,1290
201810216604360,PMHPL,56,59,10,129,1290
201810216604359,PMHPL,56,59,10,129,1290
201810216604411,PMHPL,56,48,10,127,1270
201810216604407,PMHPL,56,48,10,127,1270
201810216604398,PMHPL,56,48,10,127,1270
201810216604393,PMHPL,45,48,10,128,1280
201810216604390,PMHPL,45,48,10,128,1280
201810216604385,PMHPL,45,48,10,128,1280
201810216604443,PMHPL,56,48,10,127,1270
201810216604441,PMHPL,56,48,10,127,1270
201810216604437,PMHPL,56,48,10,127,1270
201810216604418,PMHPL,56,48,10,127,1270
201810216604417,PMHPL,56,48,10,127,1270
201810216604413,PMHPL,56,48,10,127,1270
201810216604463,PMHPL,56,48,10,123,1230
201810216604459,PMHPL,56,48,10,124,1240
201810216604456,PMHPL,56,48,10,125,1250
201810216604450,PMHPL,56,48,10,126,1260
201810216604449,PMHPL,56,48,10,126,1260
201810216604446,PMHPL,56,48,10,127,1270
201810216604479,PMHPL,45,37,10,127,1270
201810216604478,PMHPL,45,37,10,127,1270
201810216604477,PMHPL,45,16,10,126,1260
201810216604472,PMHPL,56,48,10,125,1250
201810216604470,PMHPL,56,48,10,123,1230
201810216604467,PMHPL,56,39,10,123,1230
201810216604415,PRVU,36,10,1000,243,243000
201810216604313,PRVU,48,39,200,244,48800
201810216604312,PRVU,48,53,884,244,215696
201810216604288,PRVU,49,53,96,244,23424
201810216604380,RBCL,50,28,10,10050,100500
201810216604329,RBCL,39,39,90,10162,914580
201810216604338,SANIMA,48,17,150,338,50700
201810216604336,SANIMA,46,17,50,335,16750
201810216604308,SANIMA,48,42,1000,341,341000
201810216604307,SANIMA,48,10,30,341,10230
201810216604344,SLBS,34,39,10,1676,16760
201810216604314,SLBS,26,26,1,1645,1645
201810216604346,TRH,34,34,10,266,2660
