contract,symbol,buyer,seller,qty,rate,amt
201601273011333,ACEDBL,32,6,100,350,35000
201601273011171,ACEDBL,32,6,50,350,17500
201601273011009,ACEDBL,45,45,100,350,35000
201601273011170,ACEDBL,19,6,50,350,17500
201601273011122,ACEDBL,32,17,250,350,87500
201601273011349,ADBL,38,33,300,585,175500
201601273011330,ADBL,38,21,40,585,23400
201601273011306,ADBL,41,25,300,582,174600
201601273011165,ADBL,38,6,33,580,19140
201601273011109,ADBL,38,25,500,580,290000
201601273011108,ADBL,41,25,300,580,174000
201601273011107,ADBL,47,25,500,580,290000
201601273011106,ADBL,39,25,100,580,58000
201601273011105,ADBL,58,25,500,582,291000
201601273011104,ADBL,45,25,660,582,384120
201601273011446,ALICL,57,53,20,1266,25320
201601273011439,ALICL,26,53,180,1268,228240
201601273011407,ALICL,26,53,20,1268,25360
201601273011406,ALICL,28,53,200,1269,253800
201601273011405,ALICL,25,53,100,1270,127000
201601273011404,ALICL,40,53,180,1271,228780
201601273011069,ALICL,42,53,100,1270,127000
201601273011413,API,16,6,13,432,5616
201601273011403,API,45,6,26,432,11232
201601273011399,API,43,6,26,433,11258
201601273011304,API,45,44,500,433,216500
201601273011303,API,45,44,100,433,43300
201601273011302,API,45,44,170,433,73610
201601273011301,API,43,6,13,435,5655
201601273011277,API,25,6,13,435,5655
201601273011316,ARDBL,35,38,52,220,11440
201601273011287,ARDBL,35,47,120,220,26400
201601273011115,ARDBL,56,38,20,224,4480
201601273011084,ARDBL,55,26,100,225,22500
201601273011013,CBBL,44,54,500,1766,883000
201601273010966,CBBL,26,45,50,1780,89000
201601273011400,CCBL,37,33,400,325,130000
201601273011362,CCBL,11,33,100,325,32500
201601273011324,CCBL,48,21,100,327,32700
201601273011254,CCBL,8,39,500,327,163500
201601273011119,CCBL,6,42,41,330,13530
201601273011114,CCBL,6,42,41,330,13530
201601273011103,CCBL,6,42,41,330,13530
201601273011102,CCBL,8,34,1000,325,325000
201601273011095,CCBL,6,34,67,329,22043
201601273010979,CCBL,40,41,50,324,16200
201601273010964,CCBL,37,18,1000,324,324000
201601273011235,CHCL,21,6,100,1275,127500
201601273011234,CHCL,43,6,100,1278,127800
201601273011233,CHCL,17,6,100,1280,128000
201601273011232,CHCL,25,6,100,1280,128000
201601273011231,CHCL,44,6,30,1280,38400
201601273010952,CHCL,5,6,40,1289,51560
201601273011116,CNDBL,35,35,5100,207,1055700
201601273011110,CNDBL,35,35,5100,207,1055700
201601273011440,CZBIL,45,17,200,620,124000
201601273011376,CZBIL,11,26,100,619,61900
201601273011375,CZBIL,13,35,100,615,61500
201601273011323,CZBIL,47,58,430,615,264450
201601273011322,CZBIL,39,58,1000,615,615000
201601273011321,CZBIL,43,58,200,615,123000
201601273011006,CZBIL,54,26,65,617,40105
201601273011002,CZBIL,54,26,100,617,61700
201601273011001,CZBIL,17,26,300,618,185400
201601273011000,CZBIL,45,26,100,618,61800
201601273010995,CZBIL,17,58,100,620,62000
201601273010956,CZBIL,17,49,232,618,143376
201601273011320,CZBIL,41,58,20,617,12340
201601273011260,CZBIL,41,26,180,617,111060
201601273011259,CZBIL,25,26,500,617,308500
201601273011258,CZBIL,1,26,100,617,61700
201601273011257,CZBIL,1,26,100,617,61700
201601273011256,CZBIL,51,26,90,618,55620
201601273011037,DDBL,44,7,25,1979,49475
201601273010951,DDBL,7,7,550,1941,1067550
201601273011083,EBL,56,39,70,2327,162890
201601273011082,EBL,17,14,16,2325,37200
201601273011036,EBL,5,5,45,2323,104535
201601273011431,GBBL,56,57,550,323,177650
201601273011365,GBBL,45,57,200,323,64600
201601273011364,GBBL,45,57,200,323,64600
201601273011363,GBBL,45,57,100,323,32300
201601273011341,GBBL,40,13,500,324,162000
201601273011230,GBBL,43,47,100,322,32200
201601273011177,GBBL,6,37,200,321,64200
201601273011169,GBBL,43,47,100,322,32200
201601273010983,GBBL,6,28,60,321,19260
201601273010978,GBBL,43,25,50,322,16100
201601273010955,GBBL,34,25,100,322,32200
201601273011425,GBIME,21,45,53,474,25122
201601273011418,GBIME,32,41,190,474,90060
201601273011417,GBIME,21,26,100,474,47400
201601273011414,GBIME,42,43,270,473,127710
201601273011408,GBIME,58,5,500,474,237000
201601273011339,GBIME,1,21,45,472,21240
201601273011014,GBIME,58,53,21,472,9912
201601273010998,GBIME,49,58,500,474,237000
201601273010972,GBIME,58,39,145,473,68585
201601273010968,GBIME,58,26,53,473,25069
201601273011123,GBIME,42,58,200,471,94200
201601273011087,GBIME,42,35,500,473,236500
201601273011086,GBIME,42,58,1000,473,473000
201601273011085,GBIME,42,50,100,472,47200
201601273011059,GBIME,58,11,100,472,47200
201601273011019,GBIME,58,46,163,473,77099
201601273011129,GBIME,17,58,1000,470,470000
201601273011128,GBIME,39,58,2000,470,940000
201601273011127,GBIME,42,58,200,471,94200
201601273011126,GBIME,42,58,200,471,94200
201601273011125,GBIME,42,58,200,471,94200
201601273011124,GBIME,42,58,200,471,94200
201601273011191,GBIME,42,44,83,470,39010
201601273011190,GBIME,42,44,1750,470,822500
201601273011182,GBIME,17,44,50,470,23500
201601273011132,GBIME,58,58,400,470,188000
201601273011131,GBIME,58,58,1000,470,470000
201601273011130,GBIME,58,58,1000,470,470000
201601273011318,GBIME,32,58,261,473,123453
201601273011299,GBIME,32,49,500,472,236000
201601273011267,GBIME,49,47,448,472,211456
201601273011223,GBIME,58,58,3600,471,1695600
201601273011220,GBIME,58,50,500,471,235500
201601273011193,GBIME,42,58,5816,470,2733520
201601273011381,GDBL,25,56,200,320,64000
201601273011089,GDBL,41,41,100,317,31700
201601273011430,GLICL,19,32,100,676,67600
201601273011421,GLICL,18,28,11,675,7425
201601273011410,GLICL,48,32,50,676,33800
201601273011409,GLICL,18,44,120,675,81000
201601273011394,GLICL,34,32,500,676,338000
201601273011344,GLICL,48,10,100,680,68000
201601273011061,GLICL,48,48,2000,680,1360000
201601273011011,GLICL,18,47,20,683,13660
201601273010987,GLICL,25,16,100,680,68000
201601273011112,GLICL,39,26,413,685,282905
201601273011100,GLICL,39,28,100,685,68500
201601273011099,GLICL,39,18,200,684,136800
201601273011096,GLICL,39,10,300,682,204600
201601273011088,GLICL,33,10,200,680,136000
201601273011074,GLICL,39,48,53,684,36252
201601273011279,GLICL,25,32,50,677,33850
201601273011264,GLICL,25,10,50,677,33850
201601273011226,GLICL,42,48,150,680,102000
201601273011176,GLICL,57,57,323,683,220609
201601273011162,GLICL,57,18,128,682,87296
201601273011113,GLICL,39,44,100,685,68500
201601273011343,GLICL,48,38,100,680,68000
201601273011313,GLICL,18,48,62,675,41850
201601273011309,GLICL,18,48,250,675,168750
201601273011308,GLICL,34,48,300,676,202800
201601273011300,GLICL,58,32,200,677,135400
201601273011280,GLICL,34,32,1000,677,677000
201601273011278,HBL,26,13,100,979,97900
201601273011269,HBL,43,11,10,977,9770
201601273011251,ICFC,52,20,90,231,20790
201601273010953,ICFC,45,44,500,234,117000
201601273011327,ILFCM,40,42,380,1200,456000
201601273011296,ILFCM,45,42,100,1200,120000
201601273011276,ILFCM,45,42,100,1200,120000
201601273011214,ILFCM,34,33,100,1200,120000
201601273011213,ILFCM,39,33,10,1200,12000
201601273011212,ILFCM,25,33,130,1201,156130
201601273011211,ILFCM,14,33,50,1202,60100
201601273010974,ILFCM,25,33,370,1205,445850
201601273010973,ILFCM,1,33,400,1206,482400
201601273011372,KDBL,59,42,200,216,43200
201601273011371,KDBL,59,17,11,216,2376
201601273011361,KDBL,59,25,82,216,17712
201601273011360,KDBL,59,40,50,214,10700
201601273011359,KDBL,59,25,200,214,42800
201601273011354,KDBL,59,25,28,213,5964
201601273011062,KDBL,18,39,20,211,4220
201601273011048,KDBL,18,43,500,211,105500
201601273011353,KDBL,59,1,200,213,42600
201601273011312,KDBL,13,11,54,212,11448
201601273011311,KDBL,13,39,100,212,21200
201601273011206,KDBL,18,17,200,210,42000
201601273011167,KDBL,43,42,200,210,42000
201601273011067,KDBL,18,38,93,212,19716
201601273011447,LBL,58,43,300,584,175200
201601273011248,LBL,8,40,67,585,39195
201601273011218,LBL,58,40,400,585,234000
201601273011189,LBL,8,43,300,585,175500
201601273011041,LBL,8,49,100,585,58500
201601273011038,LBL,11,43,100,585,58500
201601273010991,LBL,8,19,200,585,117000
201601273011030,LBL,17,17,500,585,292500
201601273011010,LBL,58,36,100,584,58400
201601273011004,LBL,8,6,48,586,28128
201601273011003,LBL,8,6,200,586,117200
201601273010993,LBL,8,52,302,585,176670
201601273010992,LBL,8,43,140,585,81900
201601273011298,LGIL,10,11,100,592,59200
201601273011295,LGIL,10,25,49,590,28910
201601273011284,LICN,10,6,150,3520,528000
201601273011022,LICN,26,26,250,3500,875000
201601273011358,MBBL,50,16,50,224,11200
201601273011357,MBBL,50,45,300,224,67200
201601273011356,MBBL,50,8,100,220,22000
201601273011352,MBBL,50,39,69,224,15456
201601273011351,MBBL,50,39,20,224,4480
201601273011350,MBBL,50,28,500,224,112000
201601273011340,MBBL,50,59,500,222,111000
201601273011331,MBBL,50,35,100,220,22000
201601273011310,MBBL,36,41,500,219,109500
201601273011005,MBBL,48,28,71,215,15265
201601273010954,MBBL,1,32,500,218,109000
201601273011297,MDB,38,6,500,606,303000
201601273011283,MDB,32,11,20,610,12200
201601273011163,MDBL,1,38,350,284,99400
201601273011329,MNBBL,1,47,200,835,167000
201601273011328,MNBBL,1,47,200,835,167000
201601273011250,MNBBL,1,33,270,837,225990
201601273011249,MNBBL,1,39,40,837,33480
201601273011210,MSBBL,20,21,80,300,24000
201601273011209,MSBBL,20,17,20,300,6000
201601273011448,NABIL,35,8,50,1885,94250
201601273011445,NABIL,32,11,110,1888,207680
201601273011345,NABIL,50,19,173,1884,325932
201601273010975,NABIL,14,41,16,1884,30144
201601273010963,NABIL,42,45,100,1885,188500
201601273010962,NABIL,14,45,200,1885,377000
201601273010961,NABIL,1,45,500,1886,943000
201601273010960,NABIL,26,45,50,1887,94350
201601273010959,NABIL,56,45,100,1889,188900
201601273010958,NABIL,19,45,100,1890,189000
201601273010957,NABIL,19,45,30,1890,56700
201601273011281,NABILP,49,49,300,1449,434700
201601273011198,NABILP,58,7,500,1450,725000
201601273011197,NABILP,51,7,200,1451,290200
201601273011137,NABILP,39,49,150,1455,218250
201601273011136,NABILP,10,49,50,1456,72800
201601273011444,NBB,14,25,100,489,48900
201601273011347,NBB,14,41,86,486,41796
201601273011215,NBB,14,46,435,487,211845
201601273011203,NBB,41,21,498,486,242028
201601273011057,NBB,14,47,100,485,48500
201601273011056,NBB,14,48,130,485,63050
201601273011055,NBB,14,50,300,485,145500
201601273011054,NBB,14,47,500,485,242500
201601273011402,NBF1,58,42,899,15,13620
201601273011392,NBF1,58,42,300,15,4545
201601273011044,NBF1,36,19,599,15,9045
201601273011039,NBF1,7,19,599,15,9069
201601273011370,NBL,17,8,500,321,160500
201601273011369,NBL,25,8,1000,321,321000
201601273011368,NBL,58,8,500,321,160500
201601273011367,NBL,46,8,300,322,96600
201601273011366,NBL,17,8,100,322,32200
201601273011335,NBL,17,8,400,322,128800
201601273011334,NBL,14,8,100,323,32300
201601273011143,NBL,45,8,1000,324,324000
201601273011142,NBL,58,8,960,324,311040
201601273011141,NBL,7,8,200,325,65000
201601273011021,NBL,58,41,40,324,12960
201601273011020,NBL,42,41,100,325,32500
201601273011035,NCDB,21,14,10,307,3070
201601273011423,NHPC,48,6,900,150,135000
201601273011398,NHPC,46,6,100,153,15300
201601273011377,NHPC,48,26,500,150,75000
201601273011374,NHPC,6,26,500,150,75000
201601273011319,NHPC,44,26,1000,148,148000
201601273011294,NHPC,48,26,1000,146,146000
201601273011092,NHPC,46,26,1000,147,147000
201601273011091,NHPC,26,26,500,147,73500
201601273011017,NHPC,21,38,1000,147,147000
201601273010990,NHPC,41,26,500,149,74500
201601273011181,NHPC,41,8,300,144,43200
201601273011180,NHPC,17,8,200,146,29200
201601273011179,NHPC,21,8,1000,146,146000
201601273011178,NHPC,48,8,500,146,73000
201601273011111,NHPC,48,11,500,146,73000
201601273011093,NHPC,43,26,1000,147,147000
201601273011134,NIB,45,13,144,789,113616
201601273011097,NIB,33,44,73,787,57451
201601273011094,NIB,39,44,500,786,393000
201601273011072,NIB,45,44,200,788,157600
201601273011034,NIB,33,33,200,790,158000
201601273011016,NIB,33,13,200,791,158200
201601273010996,NIB,33,43,116,791,91756
201601273011378,NIBPO,1,44,100,691,69100
201601273011225,NIBPO,1,38,500,688,344000
201601273011202,NIBPO,58,38,500,692,346000
201601273011118,NIBPO,1,44,1000,693,693000
201601273011117,NIBPO,1,44,500,694,347000
201601273011070,NIBPO,1,6,1000,693,693000
201601273011033,NIBPO,8,49,200,695,139000
201601273011052,NIBPO,49,49,3000,695,2085000
201601273011051,NIBPO,49,38,500,695,347500
201601273011050,NIBPO,49,38,200,695,139000
201601273011049,NIBPO,49,49,800,695,556000
201601273010969,NIBSF1,47,42,500,10,4800
201601273011292,NICA,35,33,455,712,323960
201601273011261,NICA,52,33,200,712,142400
201601273011081,NICA,17,48,290,710,205900
201601273011080,NICA,6,48,50,710,35500
201601273011079,NICA,39,48,200,710,142000
201601273011078,NICA,57,48,500,711,355500
201601273011047,NICA,28,44,220,712,156640
201601273011032,NICA,53,44,80,712,56960
201601273011008,NICA,32,44,50,712,35600
201601273011007,NICA,1,44,150,712,106800
201601273010999,NICA,47,48,160,713,114080
201601273010986,NICL,32,47,400,586,234400
201601273011449,NIL,54,28,900,875,787500
201601273011396,NIL,26,28,100,875,87500
201601273011429,NLBBL,32,55,130,2070,269100
201601273011428,NLBBL,54,55,100,2071,207100
201601273011427,NLBBL,34,55,50,2071,103550
201601273011415,NLBBL,11,45,120,2100,252000
201601273011065,NLBBL,32,26,10,2070,20700
201601273011227,NLIC,42,38,60,3291,197460
201601273011064,NLIC,57,28,50,3298,164900
201601273011282,NLICL,49,49,10000,2565,25650000
201601273011243,NLICL,50,35,350,2575,901250
201601273011242,NLICL,11,35,100,2575,257500
201601273011241,NLICL,11,35,100,2575,257500
201601273011240,NLICL,5,35,50,2577,128850
201601273011239,NLICL,47,35,100,2578,257800
201601273011204,NLICL,6,6,2000,2561,5122000
201601273011416,NMB,53,43,500,460,230000
201601273011390,NMB,53,58,900,460,414000
201601273011383,NMB,55,58,100,460,46000
201601273011380,NMB,53,43,500,460,230000
201601273011332,NMB,53,57,300,461,138300
201601273011263,NMB,19,42,235,460,108100
201601273011145,NMB,53,1,508,461,234188
201601273011101,NMB,53,43,500,463,231500
201601273011060,NMB,16,19,93,461,42873
201601273010976,NTC,56,21,750,676,507000
201601273011397,OHL,45,33,100,470,47000
201601273011424,PCBL,48,26,200,507,101400
201601273011348,PCBL,34,26,100,507,50700
201601273011139,PCBL,17,59,50,508,25400
201601273011073,PCBL,51,19,108,506,54648
201601273010997,PCBL,48,39,125,506,63250
201601273010980,PCBL,17,59,40,508,20320
201601273011388,PIC,56,35,500,990,495000
201601273011201,PIC,48,35,700,990,693000
201601273011200,PIC,43,35,200,991,198200
201601273011199,PIC,48,35,500,995,497500
201601273011436,PLIC,36,56,100,1634,163400
201601273011435,PLIC,36,56,100,1633,163300
201601273011305,PLIC,7,6,35,1632,57120
201601273011289,PLIC,36,6,170,1630,277100
201601273011288,PLIC,36,55,20,1629,32580
201601273011224,PLIC,21,19,100,1628,162800
201601273011135,PLIC,35,38,200,1628,325600
201601273011133,PLIC,35,44,500,1625,812500
201601273011373,PRDBL,10,17,800,207,165600
201601273011175,PRDBL,35,47,1080,207,223560
201601273010982,PRDBL,35,21,1660,207,343620
201601273010981,PRDBL,35,47,710,207,146970
201601273011071,PRDBL,21,40,1060,207,219420
201601273011346,RMDC,58,58,28,682,19096
201601273011338,RMDC,58,58,700,682,477400
201601273011337,RMDC,51,58,100,685,68500
201601273011336,RMDC,21,58,100,685,68500
201601273011207,RMDC,11,19,20,685,13700
201601273011098,RMDC,52,8,100,689,68900
201601273011432,SADBL,25,6,10,502,5020
201601273011385,SADBL,25,57,576,493,283968
201601273011384,SADBL,25,6,800,490,392000
201601273011379,SADBL,25,41,76,489,37164
201601273011174,SAFL,6,47,300,218,65400
201601273011173,SAFL,25,47,200,219,43800
201601273011441,SANIMA,45,8,1000,724,724000
201601273011438,SANIMA,38,8,300,724,217200
201601273011325,SANIMA,11,8,50,724,36200
201601273011275,SANIMA,32,59,100,722,72200
201601273011274,SANIMA,47,59,200,722,144400
201601273011273,SANIMA,21,59,500,722,361000
201601273011147,SANIMA,28,25,200,724,144800
201601273011146,SANIMA,40,25,40,724,28960
201601273011045,SANIMA,6,8,1300,725,942500
201601273010994,SANIMA,28,35,700,724,506800
201601273011153,SANIMA,28,25,200,723,144600
201601273011152,SANIMA,56,25,80,723,57840
201601273011151,SANIMA,28,25,200,724,144800
201601273011150,SANIMA,35,25,200,724,144800
201601273011149,SANIMA,43,25,100,724,72400
201601273011148,SANIMA,17,25,30,724,21720
201601273011164,SANIMA,39,39,100,724,72400
201601273011158,SANIMA,32,25,450,723,325350
201601273011157,SANIMA,22,25,3000,723,2169000
201601273011156,SANIMA,33,25,700,723,506100
201601273011155,SANIMA,47,25,100,723,72300
201601273011154,SANIMA,11,25,100,723,72300
201601273011272,SANIMA,56,59,300,722,216600
201601273011271,SANIMA,56,8,300,724,217200
201601273011270,SANIMA,56,25,900,724,651600
201601273011255,SANIMA,45,25,100,724,72400
201601273011172,SANIMA,38,8,100,724,72400
201601273011166,SANIMA,39,8,1100,724,796400
201601273011058,SBI,11,45,130,1265,164450
201601273011046,SBI,19,45,35,1274,44590
201601273011307,SCB,56,28,10,2660,26600
201601273010985,SCB,11,8,31,2645,81995
201601273011433,SEWA,21,45,46,281,12926
201601273011401,SHL,45,53,100,331,33100
201601273011268,SHL,11,45,200,330,66000
201601273011442,SHPC,58,44,500,862,431000
201601273011412,SHPC,58,13,175,860,150500
201601273011252,SHPC,58,45,300,860,258000
201601273010989,SHPC,57,38,200,863,172600
201601273010988,SHPC,57,44,500,862,431000
201601273010984,SHPC,57,36,208,860,178880
201601273011026,SIC,57,34,200,1014,202800
201601273011025,SIC,40,34,500,1016,508000
201601273011024,SIC,37,34,500,1020,510000
201601273011023,SIC,37,34,110,1021,112310
201601273011262,SICL,14,48,330,1480,488400
201601273011253,SICL,14,48,17,1480,25160
201601273011077,SICL,28,38,200,1470,294000
201601273011076,SICL,54,38,10,1470,14700
201601273011075,SICL,10,38,50,1471,73550
201601273011426,SINDU,17,1,300,301,90300
201601273011411,SINDU,1,1,100,301,30100
201601273011382,SKBBL,13,38,100,1410,141000
201601273011293,SKBBL,6,33,580,1405,814900
201601273011291,SKBBL,25,11,70,1415,99050
201601273011247,SKBBL,6,33,200,1410,282000
201601273011196,SKBBL,47,10,130,1415,183950
201601273011195,SKBBL,47,22,50,1414,70700
201601273011192,SKBBL,6,33,100,1400,140000
201601273011063,SLICL,36,28,240,775,186000
201601273011043,SLICL,36,47,34,770,26180
201601273011342,SRBL,56,33,40,430,17200
201601273011266,SRBL,58,50,475,431,204725
201601273011245,SRBL,39,50,100,431,43100
201601273011238,SRBL,56,50,20,430,8600
201601273011237,SRBL,56,50,500,430,215000
201601273011236,SRBL,25,50,480,430,206400
201601273011140,SRBL,33,49,500,431,215500
201601273011027,SRBL,58,45,500,430,215000
201601273011015,SRBL,25,17,20,430,8600
201601273010971,SRBL,33,6,1000,431,431000
201601273011221,SRBL,39,50,100,431,43100
201601273011217,SRBL,39,50,200,431,86200
201601273011216,SRBL,44,50,350,431,150850
201601273011205,SRBL,51,49,1000,432,432000
201601273011186,SRBL,25,55,89,432,38448
201601273011168,SRBL,49,49,5000,430,2150000
201601273011393,SWBBL,44,7,15,2076,31140
201601273011389,SWBBL,44,11,40,2076,83040
201601273011208,SWBBL,44,45,100,2076,207600
201601273011188,SWBBL,44,7,300,2076,622800
201601273011187,SWBBL,34,7,200,2077,415400
201601273011121,SWBBL,34,11,300,2077,623100
201601273011042,SWBBL,14,11,200,2080,416000
201601273011018,SWBBL,55,55,200,2095,419000
201601273011290,SYFL,39,41,169,109,18421
201601273011161,SYFL,40,46,1000,108,108000
201601273011160,SYFL,42,46,500,108,54000
201601273011053,SYFL,17,55,73,109,7957
201601273010970,SYFL,39,41,1400,109,152600
201601273011443,TBBL,25,39,27,280,7560
201601273011434,TBBL,25,43,207,277,57339
201601273011422,TBBL,25,17,31,277,8587
201601273011420,TBBL,25,21,138,276,38088
201601273011419,TBBL,25,25,20,276,5520
201601273011395,TBBL,25,45,500,275,137500
201601273011090,TBBL,45,10,595,275,163625
201601273011222,WDBL,56,14,26,346,8996
201601273011138,WDBL,47,14,26,353,9178
201601273011120,WDBL,47,14,26,354,9204
201601273011012,WDBL,35,47,35,360,12600
201601273011391,YETI,47,18,500,172,86000
201601273011387,YETI,47,58,200,172,34400
201601273011386,YETI,47,43,100,172,17200
201601273011326,YETI,28,43,500,172,86000
201601273011317,YETI,18,43,400,172,68800
201601273011244,YETI,49,57,1000,173,173000
201601273011068,YETI,35,52,100,173,17300
201601273011029,YETI,35,13,80,173,13840
201601273011028,YETI,56,13,210,173,36330
201601273010977,YETI,56,52,601,173,103973
201601273010965,YETI,56,13,290,173,50170
201601273011229,YETI,47,43,500,172,86000
201601273011228,YETI,1,43,820,172,141040
201601273011194,YETI,1,43,180,172,30960
201601273011185,YETI,6,43,150,172,25800
201601273011184,YETI,6,43,150,172,25800
201601273011183,YETI,35,43,20,173,3460
201601273010497,ACEDBL,21,36,500,350,175000
201601273010496,ACEDBL,21,36,500,350,175000
201601273010578,ACEDBL,28,36,1000,349,349000
201601273010577,ACEDBL,28,36,500,349,174500
201601273010576,ACEDBL,28,36,500,350,175000
201601273010575,ACEDBL,32,36,200,350,70000
201601273010839,ADBL,45,49,70,582,40740
201601273010837,ADBL,45,49,40,582,23280
201601273010761,ADBL,25,8,32,588,18816
201601273010710,ADBL,45,49,40,582,23280
201601273010708,ADBL,45,49,70,582,40740
201601273010707,ADBL,45,49,70,582,40740
201601273010695,ADBL,45,49,50,582,29100
201601273010549,ADBL,57,25,500,588,294000
201601273010548,ADBL,56,25,100,588,58800
201601273010547,ADBL,19,25,50,589,29450
201601273010949,ALICL,34,47,92,1269,116748
201601273010920,ALICL,28,53,200,1270,254000
201601273010919,ALICL,25,53,100,1271,127100
201601273010877,ALICL,19,53,200,1270,254000
201601273010876,ALICL,17,53,300,1270,381000
201601273010875,ALICL,28,53,50,1270,63500
201601273010671,ALICL,14,53,150,1270,190500
201601273010670,ALICL,47,53,200,1272,254400
201601273010669,ALICL,40,53,100,1275,127500
201601273010651,API,16,52,16,435,6960
201601273010644,API,16,52,16,435,6960
201601273010639,API,16,52,16,435,6960
201601273010620,API,45,52,16,435,6960
201601273010619,API,45,52,16,435,6960
201601273010541,API,16,16,16,440,7040
201601273010540,API,40,52,16,435,6960
201601273010503,BARUN,7,40,250,312,78000
201601273010557,BPCL,11,26,400,584,233600
201601273010556,BPCL,18,26,200,585,117000
201601273010555,BPCL,1,26,50,585,29250
201601273010896,CCBL,59,6,250,325,81250
201601273010860,CCBL,17,6,50,325,16250
201601273010854,CCBL,13,6,200,325,65000
201601273010803,CCBL,17,6,200,325,65000
201601273010802,CCBL,10,5,401,325,130325
201601273010796,CCBL,58,5,500,326,163000
201601273010627,CCBL,13,17,224,326,73024
201601273010623,CCBL,37,17,322,326,104972
201601273010589,CCBL,21,41,42,328,13776
201601273010584,CCBL,21,41,42,328,13776
201601273010765,CCBL,13,1,961,328,315208
201601273010760,CCBL,13,17,490,327,160230
201601273010759,CCBL,13,39,110,327,35970
201601273010668,CCBL,26,17,10,329,3290
201601273010652,CCBL,11,17,64,327,20928
201601273010650,CCBL,37,17,200,326,65200
201601273010600,CHCL,42,5,200,1292,258400
201601273010463,CHCL,36,10,249,1290,321210
201601273010597,CIT,49,10,60,4350,261000
201601273010638,CNDBL,42,36,20,207,4140
201601273010667,CSDBL,10,11,200,345,69000
201601273010885,CZBIL,25,38,500,618,309000
201601273010873,CZBIL,56,58,300,620,186000
201601273010872,CZBIL,41,58,40,620,24800
201601273010871,CZBIL,17,58,500,620,310000
201601273010870,CZBIL,40,58,80,621,49680
201601273010869,CZBIL,51,58,200,621,124200
201601273010618,CZBIL,40,36,24,623,14952
201601273010614,CZBIL,51,13,180,624,112320
201601273010476,CZBIL,41,58,50,625,31250
201601273010868,CZBIL,45,58,100,621,62100
201601273010867,CZBIL,32,58,30,623,18690
201601273010677,CZBIL,21,34,428,622,266216
201601273010656,CZBIL,21,32,11,623,6853
201601273010648,CZBIL,21,32,100,623,62300
201601273010646,CZBIL,32,32,170,623,105910
201601273010826,DBBL,10,52,1309,231,302379
201601273010754,DBBL,17,17,5000,231,1155000
201601273010734,DBBL,38,1,500,231,115500
201601273010661,DBBL,38,17,1000,231,231000
201601273010641,DBBL,50,17,150,231,34650
201601273010628,DBBL,25,17,1000,231,231000
201601273010452,DBBL,43,1,200,231,46200
201601273010451,DBBL,25,1,200,231,46200
201601273010511,DBBL,21,17,300,231,69300
201601273010470,DBBL,25,1,96,231,22176
201601273010456,DBBL,25,1,280,231,64680
201601273010455,DBBL,25,1,1000,231,231000
201601273010454,DBBL,17,1,500,231,115500
201601273010453,DBBL,25,1,250,231,57750
201601273010517,DBBL,40,17,200,231,46200
201601273010516,DBBL,19,17,100,231,23100
201601273010515,DBBL,50,17,500,231,115500
201601273010514,DBBL,50,17,500,231,115500
201601273010513,DBBL,50,17,500,231,115500
201601273010512,DBBL,7,17,500,231,115500
201601273010625,DBBL,25,17,1000,231,231000
201601273010601,DBBL,25,49,500,231,115500
201601273010585,DBBL,50,38,200,231,46200
201601273010570,DBBL,50,17,500,231,115500
201601273010569,DBBL,50,17,500,231,115500
201601273010519,DBBL,38,38,11337,230,2607510
201601273010936,DDBL,51,7,100,1953,195300
201601273010935,DDBL,39,7,100,1956,195600
201601273010934,DDBL,54,7,200,1957,391400
201601273010933,DDBL,22,7,50,1960,98000
201601273010881,DDBL,28,44,10,1989,19890
201601273010554,DDBL,28,47,20,1989,39780
201601273010865,EBL,33,10,100,2320,232000
201601273010840,EBL,33,50,200,2325,465000
201601273010807,EBL,36,50,500,2325,1162500
201601273010790,EBL,33,11,300,2324,697200
201601273010690,EBL,25,11,100,2324,232400
201601273010806,EIC,38,38,10,912,9120
201601273010683,EIC,32,34,100,930,93000
201601273010911,GBBL,21,21,500,322,161000
201601273010581,GBBL,41,25,300,324,97200
201601273010566,GBBL,41,42,200,324,64800
201601273010565,GBBL,41,43,100,324,32400
201601273010902,GBIME,5,52,194,472,91568
201601273010874,GBIME,17,26,36,471,16956
201601273010835,GBIME,42,48,1500,472,708000
201601273010832,GBIME,42,42,1142,472,539024
201601273010831,GBIME,42,38,42,472,19824
201601273010830,GBIME,42,58,434,472,204848
201601273010647,GBIME,32,57,350,471,164850
201601273010630,GBIME,17,57,500,471,235500
201601273010629,GBIME,47,57,150,471,70650
201601273010521,GBIME,42,47,51,471,24021
201601273010508,GBIME,42,25,200,471,94200
201601273010824,GBIME,42,21,227,472,107144
201601273010805,GBIME,17,35,200,471,94200
201601273010804,GBIME,17,26,20,471,9420
201601273010727,GBIME,32,26,12,471,5652
201601273010717,GBIME,32,26,17,471,8007
201601273010676,GBIME,17,35,350,471,164850
201601273010836,GLICL,18,7,100,688,68800
201601273010828,GLICL,39,28,200,685,137000
201601273010823,GLICL,39,21,28,685,19180
201601273010822,GLICL,39,57,164,684,112176
201601273010820,GLICL,39,21,28,685,19180
201601273010785,GLICL,39,20,200,685,137000
201601273010700,GLICL,39,32,500,678,339000
201601273010631,GLICL,22,47,90,676,60840
201601273010615,GLICL,56,44,500,675,337500
201601273010612,GLICL,56,19,72,675,48600
201601273010604,GLICL,56,22,243,675,164025
201601273010527,GLICL,34,26,400,672,268800
201601273010706,GLICL,39,7,100,683,68300
201601273010705,GLICL,39,48,100,680,68000
201601273010704,GLICL,39,22,200,680,136000
201601273010703,GLICL,39,40,50,680,34000
201601273010702,GLICL,39,43,300,679,203700
201601273010701,GLICL,39,43,200,679,135800
201601273010855,HBL,43,22,60,977,58620
201601273010691,HBL,43,28,300,979,293700
201601273010753,HGI,37,33,320,700,224000
201601273010752,HGI,5,33,500,700,350000
201601273010751,HGI,47,33,50,700,35000
201601273010750,HGI,47,33,50,700,35000
201601273010749,HGI,32,33,120,701,84120
201601273010748,HGI,5,33,200,701,140200
201601273010655,HGI,39,33,20,710,14200
201601273010626,HGI,10,33,20,710,14200
201601273010747,HGI,57,33,150,702,105300
201601273010746,HGI,17,33,100,703,70300
201601273010745,HGI,39,33,100,704,70400
201601273010744,HGI,5,33,200,704,140800
201601273010743,HGI,43,33,150,705,105750
201601273010742,HGI,21,33,20,705,14100
201601273010944,ICFC,45,44,10,237,2370
201601273010598,ICFC,45,20,10,241,2410
201601273010459,ICFC,58,58,150,245,36750
201601273010478,ILFCM,18,33,100,1217,121700
201601273010914,KDBL,55,39,500,208,104000
201601273010912,KDBL,28,43,500,211,105500
201601273010880,KDBL,50,39,80,209,16720
201601273010756,KDBL,6,58,41,210,8610
201601273010637,KDBL,6,53,50,210,10500
201601273010502,KDBL,49,52,100,210,21000
201601273010492,KDBL,50,25,420,209,87780
201601273010464,KDBL,49,49,516,210,108360
201601273010923,LBL,19,43,160,585,93600
201601273010922,LBL,19,11,40,585,23400
201601273010886,LBL,22,11,90,585,52650
201601273010694,LBL,22,40,103,584,60152
201601273010605,LBL,1,5,51,583,29733
201601273010602,LBL,14,5,100,584,58400
201601273010552,LBL,8,11,100,585,58500
201601273010818,LICN,25,38,60,3500,210000
201601273010948,MBBL,36,43,158,217,34286
201601273010947,MBBL,36,39,200,217,43400
201601273010946,MBBL,36,50,320,215,68800
201601273010892,MBBL,49,42,129,213,27477
201601273010901,MNBBL,35,32,195,833,162435
201601273010564,MNBBL,41,39,500,837,418500
201601273010551,MNBBL,58,43,100,836,83600
201601273010471,MSBBL,17,17,20,300,6000
201601273010866,NABIL,26,22,50,1894,94700
201601273010856,NABIL,26,8,62,1890,117180
201601273010486,NABIL,41,45,20,1896,37920
201601273010903,NABILP,43,32,50,1462,73100
201601273010799,NABILP,58,58,800,1458,1166400
201601273010684,NABILP,58,35,200,1460,292000
201601273010592,NABILP,58,48,300,1460,438000
201601273010485,NABILP,5,43,200,1464,292800
201601273010713,NABILP,58,58,200,1460,292000
201601273010712,NABILP,58,32,500,1460,730000
201601273010687,NABILP,8,35,1000,1460,1460000
201601273010686,NABILP,49,35,100,1460,146000
201601273010685,NABILP,5,35,100,1460,146000
201601273010778,NABILP,58,58,700,1460,1022000
201601273010770,NABILP,8,6,700,1456,1019200
201601273010762,NABILP,58,58,500,1460,730000
201601273010735,NABILP,58,58,500,1460,730000
201601273010725,NABILP,39,17,100,1455,145500
201601273010718,NABILP,58,58,500,1460,730000
201601273010904,NBB,14,48,220,485,106700
201601273010879,NBB,14,48,150,485,72750
201601273010878,NBB,14,8,100,485,48500
201601273010857,NBB,14,32,275,485,133375
201601273010461,NBB,41,6,414,482,199548
201601273010613,NBB,47,26,100,481,48100
201601273010591,NBB,40,35,500,481,240500
201601273010550,NBB,14,50,420,482,202440
201601273010524,NBB,47,47,1000,481,481000
201601273010505,NBB,57,50,500,482,241000
201601273010494,NBB,41,50,80,482,38560
201601273010758,NBB,57,55,1000,484,484000
201601273010736,NBB,57,54,2080,483,1004640
201601273010728,NBB,1,39,500,482,241000
201601273010688,NBB,43,54,500,483,241500
201601273010682,NBB,43,54,500,483,241500
201601273010636,NBB,14,39,100,481,48100
201601273010928,NBL,42,38,200,325,65000
201601273010927,NBL,45,38,300,325,97500
201601273010863,NBL,13,56,500,326,163000
201601273010862,NBL,13,56,500,326,163000
201601273010907,NCDB,21,10,200,307,61400
201601273010509,NCDB,48,32,197,313,61661
201601273010943,NHPC,46,38,1000,152,152000
201601273010941,NHPC,46,25,500,151,75500
201601273010940,NHPC,46,55,410,151,61910
201601273010939,NHPC,46,8,1000,151,151000
201601273010924,NHPC,43,26,100,149,14900
201601273010850,NHPC,48,28,1000,148,148000
201601273010538,NHPC,13,19,120,151,18120
201601273010795,NHPC,13,55,30,151,4530
201601273010794,NHPC,21,55,70,151,10570
201601273010642,NHPC,48,21,1000,151,151000
201601273010573,NHPC,48,19,140,151,21140
201601273010572,NHPC,48,19,120,151,18120
201601273010571,NHPC,48,19,160,151,24160
201601273010897,NIB,33,6,170,790,134300
201601273010893,NIB,14,6,130,790,102700
201601273010723,NIB,45,14,470,785,368950
201601273010722,NIB,52,14,300,786,235800
201601273010721,NIB,44,14,200,787,157400
201601273010720,NIB,41,14,30,788,23640
201601273010525,NIB,41,8,120,788,94560
201601273010520,NIB,57,45,387,790,305730
201601273010472,NIB,41,58,50,788,39400
201601273010910,NIBPO,8,6,100,695,69500
201601273010909,NIBPO,42,6,400,695,278000
201601273010825,NIBPO,21,38,100,696,69600
201601273010786,NIBPO,21,11,100,696,69600
201601273010606,NIBPO,1,51,100,698,69800
201601273010950,NICA,47,19,340,713,242420
201601273010908,NICA,1,53,50,712,35600
201601273010858,NICA,42,39,126,713,89838
201601273010816,NICA,1,19,100,714,71400
201601273010815,NICA,39,19,100,714,71400
201601273010814,NICA,39,19,100,714,71400
201601273010813,NICA,42,19,60,714,42840
201601273010800,NICA,49,53,200,715,143000
201601273010596,NICA,57,53,50,715,35750
201601273010499,NICA,39,59,108,714,77112
201601273010792,NICL,32,38,500,575,287500
201601273010539,NIL,54,35,1000,870,870000
201601273010764,NLBBL,28,38,200,2070,414000
201601273010757,NLBBL,54,38,100,2075,207500
201601273010932,NLG,49,35,640,802,513280
201601273010931,NLG,36,35,300,803,240900
201601273010930,NLG,25,35,60,805,48300
201601273010864,NLG,25,8,40,805,32200
201601273010808,NLG,49,33,1000,805,805000
201601273010882,NLIC,41,28,10,3298,32980
201601273010859,NLIC,28,28,40,3293,131720
201601273010845,NLIC,40,28,100,3293,329300
201601273010844,NLIC,51,28,200,3294,658800
201601273010843,NLIC,22,28,200,3295,659000
201601273010842,NLIC,39,28,40,3295,131800
201601273010841,NLIC,10,28,20,3296,65920
201601273010658,NLIC,57,19,100,3300,330000
201601273010611,NLIC,39,53,10,3297,32970
201601273010595,NLIC,47,53,50,3297,164850
201601273010594,NLIC,28,53,100,3298,329800
201601273010593,NLIC,51,17,100,3299,329900
201601273010942,NLICL,52,35,300,2578,773400
201601273010917,NLICL,45,44,100,2580,258000
201601273010906,NLICL,7,35,500,2576,1288000
201601273010895,NLICL,26,6,300,2578,773400
201601273010891,NLICL,26,35,200,2575,515000
201601273010853,NLICL,10,14,16,2561,40976
201601273010849,NLICL,10,14,20,2561,51220
201601273010848,NLICL,10,14,100,2562,256200
201601273010847,NLICL,45,14,200,2565,513000
201601273010846,NLICL,6,14,60,2568,154080
201601273010784,NMB,19,19,326,460,149960
201601273010767,NMB,19,28,282,460,129720
201601273010766,NMB,19,28,1100,460,506000
201601273010726,NMB,53,19,600,459,275400
201601273010663,NMB,25,55,200,457,91400
201601273010588,NMB,48,54,1000,455,455000
201601273010480,NMB,21,46,85,461,39185
201601273010473,NMB,25,58,1000,462,462000
201601273010467,NMB,53,59,1200,463,555600
201601273010466,NMB,39,59,200,464,92800
201601273010465,NMB,50,49,316,464,146624
201601273010462,NMB,50,1,640,464,296960
201601273010587,NMB,25,54,200,456,91200
201601273010582,NMB,25,55,100,456,45600
201601273010523,NMB,51,55,200,457,91400
201601273010500,NMB,21,28,100,460,46000
201601273010484,NMB,45,59,1000,460,460000
201601273010483,NMB,57,59,500,460,230000
201601273010738,NNFC,17,35,23,285,6555
201601273010913,NTC,56,47,100,676,67600
201601273010827,NTC,56,10,30,676,20280
201601273010709,NUBL,28,14,100,1790,179000
201601273010689,OHL,22,33,100,470,47000
201601273010562,OHL,33,33,600,470,282000
201601273010938,PCBL,1,49,260,506,131560
201601273010937,PCBL,26,49,100,507,50700
201601273010829,PCBL,48,28,385,506,194810
201601273010812,PCBL,1,28,200,508,101600
201601273010741,PCBL,47,19,50,508,25400
201601273010740,PCBL,47,44,200,508,101600
201601273010469,PCBL,35,49,362,510,184620
201601273010468,PCBL,57,19,300,511,153300
201601273010696,PCBL,40,44,100,508,50800
201601273010664,PCBL,39,44,200,508,101600
201601273010599,PCBL,35,49,140,510,71400
201601273010507,PCBL,17,43,100,510,51000
201601273010506,PCBL,32,43,150,510,76500
201601273010482,PCBL,41,19,50,511,25550
201601273010788,PIC,48,56,100,1000,100000
201601273010787,PIC,48,47,200,995,199000
201601273010884,PLIC,19,47,27,1625,43875
201601273010834,PLIC,28,53,17,1620,27540
201601273010833,PLIC,28,53,60,1620,97200
201601273010819,PLIC,50,48,148,1621,239908
201601273010809,PLIC,17,48,88,1622,142736
201601273010692,PLIC,28,38,48,1625,78000
201601273010532,PLIC,32,53,50,1630,81500
201601273010531,PLIC,17,53,30,1631,48930
201601273010530,PLIC,19,53,10,1632,16320
201601273010493,PLIC,54,56,100,1635,163500
201601273010929,PRDBL,35,39,55,207,11385
201601273010926,PRDBL,35,40,40,207,8280
201601273010925,PRDBL,35,1,200,207,41400
201601273010916,PRDBL,35,39,23,207,4761
201601273010915,PRDBL,35,39,100,207,20700
201601273010558,PRDBL,56,17,20,207,4140
201601273010501,PRDBL,18,52,175,207,36225
201601273010489,PRDBL,35,39,25,207,5175
201601273010488,PRDBL,35,39,500,207,103500
201601273010567,PRDBL,56,38,44,207,9108
201601273010563,PRDBL,56,47,150,207,31050
201601273010894,PRDBL,35,26,11,206,2266
201601273010890,PRDBL,35,26,11,206,2266
201601273010763,RMDC,58,21,408,690,281520
201601273010535,RMDC,37,53,200,690,138000
201601273010793,SAFL,25,38,500,219,109500
201601273010945,SANIMA,28,52,379,724,274396
201601273010851,SANIMA,26,8,60,725,43500
201601273010791,SANIMA,40,22,10,724,7240
201601273010783,SANIMA,33,22,600,724,434400
201601273010782,SANIMA,6,22,70,724,50680
201601273010781,SANIMA,8,22,50,724,36200
201601273010553,SANIMA,54,52,80,724,57920
201601273010498,SANIMA,47,8,200,725,145000
201601273010481,SANIMA,57,8,300,725,217500
201601273010479,SANIMA,41,8,50,725,36250
201601273010460,SANIMA,43,8,200,725,145000
201601273010780,SANIMA,6,22,100,724,72400
201601273010779,SANIMA,54,22,170,724,123080
201601273010739,SANIMA,39,8,50,725,36250
201601273010732,SANIMA,54,5,100,724,72400
201601273010724,SANIMA,47,8,300,725,217500
201601273010568,SANIMA,26,8,300,725,217500
201601273010737,SBBLJ,45,52,200,347,69400
201601273010583,SBI,1,28,99,1274,126126
201601273010801,SCB,55,39,78,2640,205920
201601273010797,SCB,6,39,60,2645,158700
201601273010675,SCB,10,34,100,2650,265000
201601273010662,SCB,17,35,38,2650,100700
201601273010645,SCB,57,28,60,2660,159600
201601273010477,SCB,38,28,30,2660,79800
201601273010711,SEWA,21,35,500,285,142500
201601273010838,SFL,35,45,50,199,9950
201601273010733,SFL,18,42,50,202,10100
201601273010693,SFL,18,39,200,202,40400
201601273010666,SFL,40,6,200,199,39800
201601273010640,SFL,40,1,30,196,5880
201601273010621,SFL,35,1,20,193,3860
201601273010616,SFL,35,1,20,190,3800
201601273010810,SHL,54,53,500,331,165500
201601273010731,SHL,17,17,100,328,32800
201601273010730,SHL,41,17,200,328,65600
201601273010729,SHL,26,17,200,329,65800
201601273010821,SHPC,10,16,10,855,8550
201601273010719,SHPC,48,53,329,850,279650
201601273010586,SHPC,22,57,148,852,126096
201601273010900,SICL,10,53,200,1471,294200
201601273010899,SICL,6,53,50,1475,73750
201601273010898,SICL,6,53,50,1475,73750
201601273010883,SICL,14,48,330,1480,488400
201601273010777,SICL,45,8,87,1490,129630
201601273010665,SIL,28,14,500,1030,515000
201601273010649,SIL,1,45,100,1045,104500
201601273010495,SIL,40,38,100,1050,105000
201601273010490,SIL,40,34,400,1049,419600
201601273010534,SINDU,17,1,100,307,30700
201601273010716,SKBBL,58,33,200,1400,280000
201601273010715,SKBBL,47,33,50,1400,70000
201601273010714,SKBBL,6,33,120,1401,168120
201601273010699,SKBBL,47,10,50,1405,70250
201601273010698,SKBBL,39,10,70,1406,98420
201601273010697,SKBBL,45,10,50,1410,70500
201601273010817,SRBL,33,44,800,432,345600
201601273010755,SRBL,56,39,225,432,97200
201601273010678,SRBL,25,35,500,430,215000
201601273010660,SRBL,25,35,1000,430,430000
201601273010659,SRBL,49,35,500,430,215000
201601273010574,SRBL,45,34,33,431,14223
201601273010561,SRBL,58,21,120,430,51600
201601273010533,SRBL,48,42,137,430,58910
201601273010888,SWBBL,28,55,100,2100,210000
201601273010887,SWBBL,28,11,60,2100,126000
201601273010643,SWBBL,34,21,100,2100,210000
201601273010609,SWBBL,57,57,50,2100,105000
201601273010608,SWBBL,57,28,100,2100,210000
201601273010607,SWBBL,57,55,100,2099,209900
201601273010603,SWBBL,57,6,57,2098,119586
201601273010580,SWBBL,57,19,42,2095,87990
201601273010579,SWBBL,57,55,100,2090,209000
201601273010536,SWBBL,22,55,15,2080,31200
201601273010918,SYFL,22,41,200,109,21800
201601273010769,SYFL,35,41,1200,108,129600
201601273010768,SYFL,40,41,200,108,21600
201601273010681,SYFL,43,49,300,110,33000
201601273010680,SYFL,43,6,500,110,55000
201601273010679,SYFL,43,52,200,109,21800
201601273010560,SYFL,56,11,200,110,22000
201601273010559,SYFL,56,25,100,109,10900
201601273010543,SYFL,35,49,500,108,54000
201601273010542,SYFL,35,39,10,108,1080
201601273010518,SYFL,39,13,2000,107,214000
201601273010504,SYFL,53,52,200,106,21200
201601273010546,TBBL,39,40,1140,275,313500
201601273010545,TBBL,39,52,500,275,137500
201601273010544,TBBL,39,50,495,275,136125
201601273010537,TBBL,39,26,82,274,22468
201601273010529,TBBL,39,38,200,274,54800
201601273010528,TBBL,39,43,70,273,19110
201601273010617,WDBL,41,41,31,360,11160
201601273010526,WDBL,41,13,100,358,35800
201601273010522,WDBL,41,17,29,355,10295
201601273010921,YETI,37,49,990,172,170280
201601273010905,YETI,57,49,10,172,1720
201601273010889,YETI,57,52,200,172,34400
201601273010861,YETI,1,51,500,173,86500
201601273010811,YETI,58,51,500,173,86500
201601273010798,YETI,57,14,1290,172,221880
201601273010487,YETI,1,42,500,170,85000
201601273010653,YETI,45,51,250,172,43000
201601273010624,YETI,40,51,150,172,25800
201601273010610,YETI,59,59,1000,171,171000
201601273010590,YETI,45,49,1000,171,171000
201601273010510,YETI,45,18,1000,171,171000
201601273010491,YETI,45,37,990,171,169290
201601273010771,YETI,21,13,190,173,32870
201601273010674,YETI,26,49,200,172,34400
201601273010673,YETI,26,5,500,172,86000
201601273010672,YETI,26,51,350,172,60200
201601273010657,YETI,45,51,150,172,25800
201601273010654,YETI,45,51,95,172,16340
201601273010789,YETI,21,51,140,174,24360
201601273010776,YETI,21,14,200,174,34800
201601273010775,YETI,21,5,300,173,51900
201601273010774,YETI,21,40,50,173,8650
201601273010773,YETI,21,25,50,173,8650
201601273010772,YETI,21,42,70,173,12110
201601273010425,ACEDBL,21,22,250,350,87500
201601273010424,ACEDBL,1,22,100,351,35100
201601273010075,ACEDBL,47,35,500,351,175500
201601273010171,ACEDBL,25,47,185,352,65120
201601273010149,ACEDBL,25,47,350,350,122500
201601273010120,ACEDBL,25,25,14,353,4942
201601273010084,ACEDBL,42,35,241,350,84350
201601273010077,ACEDBL,42,35,380,350,133000
201601273010076,ACEDBL,39,35,120,350,42000
201601273010395,ACEDBL,21,45,241,351,84591
201601273010348,ACEDBL,53,22,150,350,52500
201601273010339,ADBL,38,25,100,590,59000
201601273010277,ADBL,38,10,40,590,23600
201601273010216,ADBL,38,50,463,590,273170
201601273010211,AHPC,17,7,20,354,7080
201601273010215,ALICL,26,49,118,1280,151040
201601273010090,ALICL,40,8,25,1271,31775
201601273010026,ALICL,40,53,200,1271,254200
201601273010024,ALICL,40,53,100,1275,127500
201601273010331,API,11,44,500,437,218500
201601273010330,API,41,44,100,437,43700
201601273010329,API,45,44,1000,438,438000
201601273010328,API,22,44,50,439,21950
201601273010390,BARUN,7,52,10,312,3120
201601273010386,BARUN,7,52,10,312,3120
201601273010383,BARUN,7,52,10,312,3120
201601273010382,BARUN,7,52,10,312,3120
201601273010378,BARUN,7,52,10,312,3120
201601273010273,CBBL,53,22,12,1761,21132
201601273010332,CCBL,17,45,254,328,83312
201601273010096,CCBL,35,42,41,330,13530
201601273009988,CCBL,37,59,212,328,69536
201601273010285,CNDBL,42,47,38,207,7866
201601273010214,CNDBL,48,39,30,207,6210
201601273010213,CNDBL,43,39,10,207,2070
201601273010210,CNDBL,40,47,500,207,103500
201601273010176,CNDBL,48,1,270,207,55890
201601273010059,CNDBL,48,17,200,207,41400
201601273010058,CNDBL,48,39,100,207,20700
201601273009999,CNDBL,45,1,16,207,3312
201601273010270,CZBIL,42,42,50,626,31300
201601273010269,CZBIL,42,47,150,626,93900
201601273010268,CZBIL,42,38,200,626,125200
201601273010267,CZBIL,42,47,80,625,50000
201601273010148,CZBIL,47,21,100,625,62500
201601273010147,CZBIL,47,17,50,625,31250
201601273010146,CZBIL,47,47,100,625,62500
201601273010138,CZBIL,56,41,879,624,548496
201601273010129,CZBIL,56,42,493,623,307139
201601273010025,CZBIL,39,50,36,620,22320
201601273010013,CZBIL,21,38,133,621,82593
201601273010450,DBBL,40,1,240,231,55440
201601273010449,DBBL,16,1,30,231,6930
201601273010406,DBBL,25,1,318,231,73458
201601273010297,DBBL,40,52,60,231,13860
201601273010238,DBBL,25,59,649,231,149919
201601273010221,DBBL,16,56,70,231,16170
201601273010060,DBBL,25,47,200,228,45600
201601273010051,DBBL,25,42,1000,227,227000
201601273010050,DBBL,25,42,1000,227,227000
201601273009998,DBBL,58,17,1000,227,227000
201601273009963,DBBL,8,6,1000,226,226000
201601273010099,DBBL,59,41,254,229,58166
201601273010098,DBBL,59,1,200,229,45800
201601273010087,DBBL,58,40,1000,228,228000
201601273010074,DBBL,25,6,54,228,12312
201601273010064,DBBL,25,17,53,228,12084
201601273010061,DBBL,25,39,17,228,3876
201601273010130,DBBL,25,41,200,230,46000
201601273010128,DBBL,25,41,218,230,50140
201601273010122,DBBL,25,17,613,230,140990
201601273010121,DBBL,5,56,1000,229,229000
201601273010101,DBBL,59,11,350,230,80500
201601273010100,DBBL,59,1,200,230,46000
201601273010152,DBBL,25,36,500,231,115500
201601273010151,DBBL,25,57,400,231,92400
201601273010144,DBBL,25,6,97,231,22407
201601273010140,DBBL,25,33,151,230,34730
201601273010137,DBBL,56,6,500,231,115500
201601273010131,DBBL,25,35,200,230,46000
201601273010172,DBBL,5,39,300,231,69300
201601273010165,DBBL,25,1,1100,231,254100
201601273010164,DBBL,56,21,300,231,69300
201601273010155,DBBL,25,52,100,231,23100
201601273010154,DBBL,25,1,900,231,207900
201601273010153,DBBL,25,11,650,231,150150
201601273010219,DBBL,25,20,500,231,115500
201601273010217,DBBL,25,8,1000,231,231000
201601273010195,DBBL,25,36,300,231,69300
201601273010185,DBBL,25,34,161,231,37191
201601273010174,DBBL,25,56,360,231,83160
201601273010173,DBBL,25,1,1000,231,231000
201601273010212,DDBL,28,45,170,1989,338130
201601273010112,DDBL,44,45,30,1989,59670
201601273010440,EBL,48,20,70,2315,162050
201601273010439,EBL,37,20,30,2317,69510
201601273010085,EBL,1,38,200,2317,463400
201601273009978,EBL,33,48,500,2316,1158000
201601273010282,GBBL,42,10,185,321,59385
201601273010111,GBBL,38,47,100,323,32300
201601273010429,GBIME,42,25,100,471,47100
201601273010396,GBIME,42,43,40,471,18840
201601273010350,GBIME,42,22,100,471,47100
201601273010345,GBIME,42,17,500,471,235500
201601273010326,GBIME,17,10,223,470,104810
201601273010294,GBIME,17,41,200,470,94000
201601273009996,GBIME,36,39,50,472,23600
201601273009957,GBIME,36,13,145,472,68440
201601273009956,GBIME,36,41,129,471,60759
201601273010289,GBIME,17,44,530,470,249100
201601273010288,GBIME,17,44,160,470,75200
201601273010287,GBIME,17,44,310,470,145700
201601273010286,GBIME,17,10,340,470,159800
201601273010246,GBIME,17,32,190,470,89300
201601273010245,GBIME,36,32,30,472,14160
201601273010035,GDBL,38,20,200,320,64000
201601273010020,GDBL,19,48,300,319,95700
201601273010004,GDBL,5,48,200,319,63800
201601273010343,GLICL,39,38,190,674,128060
201601273010341,GLICL,39,21,271,673,182383
201601273010218,GLICL,45,21,28,671,18788
201601273010208,GLICL,53,35,1000,672,672000
201601273010207,GLICL,45,21,28,670,18760
201601273010177,GLICL,6,25,500,670,335000
201601273010108,GLICL,17,20,100,671,67100
201601273009975,GLICL,11,33,100,670,67000
201601273009959,GLICL,48,35,1000,669,669000
201601273010247,HAMA,39,39,20,175,3500
201601273010225,HAMA,39,39,20,172,3440
201601273010220,HAMA,29,39,20,169,3380
201601273009967,HBL,35,10,100,964,96400
201601273009966,HBL,11,10,100,965,96500
201601273010346,HGI,5,6,500,709,354500
201601273010145,HGI,57,10,150,702,105300
201601273010393,ICFC,35,20,800,246,196800
201601273010364,ICFC,55,20,200,242,48400
201601273010363,ICFC,55,6,100,242,24200
201601273010362,ICFC,55,22,200,240,48000
201601273010340,ICFC,45,14,20,239,4780
201601273010306,ICFC,55,20,1000,238,238000
201601273010067,ICFC,45,53,616,235,144760
201601273010028,ICFC,45,20,500,232,116000
201601273010187,ILFCM,19,50,130,1241,161330
201601273010133,ILFCM,55,50,10,1241,12410
201601273010089,ILFCM,41,50,50,1241,62050
201601273010248,INDB,5,45,111,420,46620
201601273009986,INDB,5,39,10,426,4260
201601273010405,KDBL,18,25,100,212,21200
201601273010404,KDBL,18,19,866,212,183592
201601273010403,KDBL,18,25,100,212,21200
201601273010402,KDBL,18,39,200,212,42400
201601273010401,KDBL,18,52,100,212,21200
201601273010400,KDBL,18,39,700,210,147000
201601273010114,KDBL,59,39,80,207,16560
201601273010110,KDBL,59,47,41,205,8405
201601273010107,KDBL,59,52,100,204,20400
201601273010088,KDBL,58,42,1000,200,200000
201601273010068,KDBL,58,17,483,201,97083
201601273010118,KDBL,59,25,43,208,8944
201601273010117,KDBL,59,1,150,208,31200
201601273010116,KDBL,59,44,30,208,6240
201601273010115,KDBL,59,39,100,207,20700
201601273010399,KDBL,18,40,80,210,16800
201601273010398,KDBL,18,8,100,210,21000
201601273010397,KDBL,18,10,40,209,8360
201601273010366,KDBL,6,39,100,208,20800
201601273010365,KDBL,6,59,82,206,16892
201601273010428,LBL,1,20,120,583,69960
201601273010427,LBL,33,20,200,583,116600
201601273010426,LBL,17,20,500,584,292000
201601273010301,LBL,16,11,200,585,117000
201601273010291,LBL,40,10,288,584,168192
201601273010209,LBL,40,14,12,584,7008
201601273010191,LBL,16,6,53,587,31111
201601273009974,LBL,41,38,125,585,73125
201601273009970,LBL,26,43,30,586,17580
201601273010206,LBL,40,14,60,584,35040
201601273010205,LBL,17,14,50,585,29250
201601273010204,LBL,22,14,100,585,58500
201601273010203,LBL,41,14,380,585,222300
201601273010202,LBL,19,14,150,585,87750
201601273010201,LBL,13,14,50,586,29300
201601273010272,LGIL,39,22,30,581,17430
201601273010351,LICN,53,57,30,3501,105030
201601273010349,LICN,53,40,20,3500,70000
201601273010198,LICN,49,58,3100,3500,10850000
201601273009961,LICN,21,57,120,3501,420120
201601273009960,LICN,10,57,100,3501,350100
201601273010274,MBBL,49,38,236,216,50976
201601273010293,MDB,32,45,340,612,208080
201601273009983,MDB,38,38,500,605,302500
201601273010361,MNBBL,38,25,50,830,41500
201601273010360,MNBBL,19,25,200,831,166200
201601273010359,MNBBL,22,25,60,832,49920
201601273010358,MNBBL,52,25,30,832,24960
201601273010193,MNBBL,57,25,60,834,50040
201601273010192,MNBBL,57,25,200,834,166800
201601273010184,MNBBL,17,25,100,837,83700
201601273010094,MNBBL,33,25,100,834,83400
201601273010372,NBB,50,50,50,480,24000
201601273010371,NBB,38,50,500,480,240000
201601273010370,NBB,14,50,200,480,96000
201601273010369,NBB,14,50,100,480,48000
201601273010368,NBB,14,50,50,480,24000
201601273010367,NBB,14,50,100,480,48000
201601273010007,NBB,28,54,20,485,9700
201601273010000,NBB,40,42,92,484,44528
201601273010186,NBB,14,47,85,480,40800
201601273010012,NBB,46,54,1000,480,480000
201601273010011,NBB,20,54,100,480,48000
201601273010010,NBB,53,54,200,481,96200
201601273010009,NBB,53,54,100,481,48100
201601273010008,NBB,47,54,500,483,241500
201601273010422,NBL,25,26,1000,327,327000
201601273010416,NBL,25,53,100,325,32500
201601273010357,NBL,25,53,500,325,162500
201601273010356,NBL,17,53,300,325,97500
201601273010355,NBL,58,53,100,326,32600
201601273010194,NBL,17,32,500,325,162500
201601273010160,NBL,17,49,200,325,65000
201601273010123,NBL,56,49,300,326,97800
201601273010354,NCDB,21,32,200,307,61400
201601273010119,NHPC,21,8,1500,151,226500
201601273010113,NHPC,57,8,1500,152,228000
201601273010106,NHPC,57,55,500,153,76500
201601273010092,NHPC,21,44,430,151,64930
201601273010091,NHPC,48,44,500,151,75500
201601273010388,NIB,11,32,100,789,78900
201601273010337,NIB,11,13,200,789,157800
201601273010271,NIB,41,32,100,790,79000
201601273010255,NIB,44,43,100,791,79100
201601273010229,NIB,41,32,200,790,158000
201601273010228,NIB,16,32,500,790,395000
201601273010015,NIB,44,43,500,794,397000
201601273010014,NIB,44,6,800,793,634400
201601273010227,NIB,1,32,100,791,79100
201601273010159,NIB,44,25,72,795,57240
201601273010158,NIB,44,42,100,795,79500
201601273010018,NIB,44,17,100,795,79500
201601273010017,NIB,44,20,500,795,397500
201601273010016,NIB,44,13,200,794,158800
201601273010344,NIBPO,5,38,500,695,347500
201601273010055,NIBPO,45,28,300,700,210000
201601273010054,NIBPO,41,28,300,700,210000
201601273009962,NIBPO,41,47,100,700,70000
201601273010103,NIBPO,45,22,100,700,70000
201601273010102,NIBPO,45,22,810,700,567000
201601273010082,NIBPO,45,44,190,700,133000
201601273010081,NIBPO,32,44,50,700,35000
201601273010080,NIBPO,57,44,110,700,77000
201601273010056,NIBPO,57,28,190,700,133000
201601273010296,NIBPO,42,32,300,700,210000
201601273010105,NIBPO,1,22,200,700,140000
201601273010104,NIBPO,14,22,50,700,35000
201601273010394,NICA,59,59,100,714,71400
201601273010391,NICA,39,59,100,714,71400
201601273010281,NICA,42,28,240,714,171360
201601273010022,NICA,22,28,20,714,14280
201601273009979,NICL,35,35,2526,575,1452450
201601273010415,NIL,14,35,200,870,174000
201601273010414,NIL,47,35,100,870,87000
201601273010413,NIL,33,35,300,872,261600
201601273010412,NIL,46,35,200,873,174600
201601273010411,NIL,17,35,10,875,8750
201601273010410,NIL,17,35,40,875,35000
201601273010409,NIL,45,35,100,876,87600
201601273010408,NIL,14,35,50,877,43850
201601273009952,NIL,39,25,150,880,132000
201601273010279,NLBBL,54,38,200,2065,413000
201601273010275,NLIC,35,11,50,3300,165000
201601273010021,NLIC,19,17,50,3300,165000
201601273010381,NLICL,52,6,240,2559,614160
201601273010380,NLICL,17,6,200,2560,512000
201601273010379,NLICL,40,6,60,2562,153720
201601273009972,NLICL,46,6,293,2580,755940
201601273010442,NMB,45,19,50,465,23250
201601273010438,NMB,45,19,150,465,69750
201601273010347,NMB,45,22,100,465,46500
201601273010240,NMB,45,46,250,465,116250
201601273010200,NMB,39,46,200,465,93000
201601273010199,NMB,19,46,150,466,69900
201601273010126,NMB,50,28,300,467,140100
201601273010125,NMB,41,28,150,467,70050
201601273010063,NMB,53,49,300,468,140400
201601273010023,NMB,41,49,454,468,212472
201601273010423,PCBL,50,13,28,511,14308
201601273010342,PCBL,28,43,200,512,102400
201601273010333,PCBL,36,59,439,512,224768
201601273010323,PCBL,33,49,600,511,306600
201601273010322,PCBL,21,49,100,511,51100
201601273010321,PCBL,39,59,200,512,102400
201601273010170,PCBL,48,48,500,513,256500
201601273010083,PCBL,32,43,250,512,128000
201601273010079,PCBL,32,43,250,512,128000
201601273009954,PCBL,50,38,66,511,33726
201601273009953,PCBL,32,38,850,510,433500
201601273010374,PICL,10,39,200,690,138000
201601273010373,PICL,10,47,500,689,344500
201601273010392,PLIC,32,53,54,1630,88020
201601273010316,PLIC,1,14,67,1632,109344
201601273010313,PLIC,1,1,100,1631,163100
201601273010295,PLIC,40,1,100,1631,163100
201601273010276,PLIC,17,11,113,1630,184190
201601273010258,PLIC,19,40,40,1632,65280
201601273010235,PRDBL,45,39,100,198,19800
201601273010234,PRDBL,45,1,200,198,39600
201601273010233,PRDBL,45,1,200,198,39600
201601273010232,PRDBL,45,39,300,198,59400
201601273010231,PRDBL,45,1,100,197,19700
201601273010230,PRDBL,45,22,200,197,39400
201601273010298,PRDBL,10,36,200,199,39800
201601273010278,PRDBL,48,21,111,198,21978
201601273010260,PRDBL,52,32,50,198,9900
201601273010259,PRDBL,52,32,300,198,59400
201601273010236,PRDBL,45,47,355,198,70290
201601273010311,PRDBL,10,40,60,201,12060
201601273010310,PRDBL,10,40,50,201,10050
201601273010309,PRDBL,10,32,30,201,6030
201601273010308,PRDBL,10,22,200,200,40000
201601273010307,PRDBL,10,39,300,200,60000
201601273010385,PRDBL,18,40,1000,205,205000
201601273010384,PRDBL,18,39,300,205,61500
201601273010375,RMDC,58,53,300,690,207000
201601273010188,RMDC,41,42,72,690,49680
201601273010161,RMDC,41,10,200,690,138000
201601273010062,SADBL,59,59,52,484,25168
201601273010432,SAFL,25,52,300,221,66300
201601273010070,SAFL,5,52,200,217,43400
201601273010447,SANIMA,35,8,400,725,290000
201601273010446,SANIMA,22,8,100,725,72500
201601273010445,SANIMA,50,8,150,725,108750
201601273010444,SANIMA,43,13,300,726,217800
201601273010443,SANIMA,50,59,150,725,108750
201601273010441,SANIMA,45,59,50,725,36250
201601273009951,SANIMA,39,41,332,725,240700
201601273010032,SANIMA,21,8,150,725,108750
201601273010031,SANIMA,32,8,100,725,72500
201601273010019,SANIMA,32,8,100,725,72500
201601273009987,SANIMA,11,11,150,725,108750
201601273009985,SANIMA,25,8,1000,725,725000
201601273009984,SANIMA,11,8,170,725,123250
201601273010043,SANIMA,32,8,50,724,36200
201601273010042,SANIMA,32,8,100,724,72400
201601273010041,SANIMA,32,8,200,724,144800
201601273010040,SANIMA,38,8,100,724,72400
201601273010039,SANIMA,39,8,1000,724,724000
201601273010033,SANIMA,1,8,500,725,362500
201601273010049,SANIMA,32,8,50,724,36200
201601273010048,SANIMA,32,8,100,724,72400
201601273010047,SANIMA,32,8,50,724,36200
201601273010046,SANIMA,32,8,50,724,36200
201601273010045,SANIMA,32,8,50,724,36200
201601273010044,SANIMA,32,8,50,724,36200
201601273010224,SANIMA,21,8,200,725,145000
201601273010109,SANIMA,39,8,100,725,72500
201601273010073,SANIMA,58,8,150,726,108900
201601273010069,SANIMA,26,8,50,727,36350
201601273010066,SANIMA,58,8,50,725,36250
201601273010065,SANIMA,44,8,150,725,108750
201601273010335,SANIMA,49,59,200,725,145000
201601273010315,SANIMA,43,6,22,726,15972
201601273010314,SANIMA,43,6,300,726,217800
201601273010300,SANIMA,49,46,100,725,72500
201601273010299,SANIMA,49,13,200,725,145000
201601273010292,SANIMA,32,8,550,725,398750
201601273010437,SANIMA,6,59,200,725,145000
201601273010431,SANIMA,33,59,500,725,362500
201601273010430,SANIMA,41,59,100,725,72500
201601273010389,SANIMA,41,59,900,725,652500
201601273010376,SANIMA,59,59,100,725,72500
201601273010336,SANIMA,6,59,300,725,217500
201601273010325,SBBLJ,17,14,200,341,68200
201601273010239,SBBLJ,32,14,500,340,170000
201601273010237,SBBLJ,26,14,500,344,172000
201601273010169,SBBLJ,25,45,300,351,105300
201601273010168,SBBLJ,55,45,30,351,10530
201601273010167,SBBLJ,17,45,200,352,70400
201601273010166,SBBLJ,25,45,100,353,35300
201601273010097,SBBLJ,25,14,400,353,141200
201601273010003,SBBLJ,25,14,700,351,245700
201601273010436,SBI,35,25,333,1272,423576
201601273010353,SCB,50,19,200,2659,531800
201601273010280,SCB,7,21,20,2670,53400
201601273010264,SCB,46,19,15,2670,40050
201601273010243,SCB,46,1,65,2660,172900
201601273010242,SCB,46,28,500,2660,1330000
201601273010241,SCB,46,19,200,2659,531800
201601273009982,SCB,45,33,10,2635,26350
201601273010318,SFL,40,57,500,187,93500
201601273010387,SHL,17,22,300,329,98700
201601273010141,SHL,11,53,280,329,92120
201601273009969,SHL,41,53,200,326,65200
201601273009968,SHL,8,53,500,326,163000
201601273010132,SHPC,44,44,1000,855,855000
201601273010421,SICL,10,25,500,1500,750000
201601273010420,SICL,10,48,200,1499,299800
201601273010419,SICL,10,25,340,1495,508300
201601273010418,SICL,10,47,200,1490,298000
201601273010305,SICL,54,14,260,1470,382200
201601273010327,SICL,39,38,27,1479,39933
201601273010417,SICL,10,16,50,1490,74500
201601273010407,SICL,10,19,34,1480,50320
201601273010319,SINDU,5,47,200,307,61400
201601273009971,SINDU,17,57,10,313,3130
201601273010448,SKBBL,32,57,466,1410,657060
201601273010078,SKBBL,45,21,100,1430,143000
201601273010435,SLICL,25,28,500,770,385000
201601273010434,SLICL,41,28,100,770,77000
201601273010433,SLICL,25,28,500,771,385500
201601273010320,SLICL,39,40,290,774,224460
201601273010317,SLICL,22,28,60,775,46500
201601273010312,SLICL,47,28,500,773,386500
201601273010265,SLICL,25,28,100,775,77500
201601273010139,SLICL,17,28,100,775,77500
201601273010352,SRBL,48,59,28,430,12040
201601273010302,SRBL,58,54,216,429,92664
201601273010283,SRBL,44,47,43,429,18447
201601273010266,SRBL,48,41,1200,430,516000
201601273010261,SRBL,44,32,100,429,42900
201601273010254,SRBL,44,32,200,429,85800
201601273009992,SRBL,17,35,100,431,43100
201601273009980,SRBL,58,32,29,431,12499
201601273009958,SRBL,58,35,300,431,129300
201601273009955,SRBL,33,6,465,432,200880
201601273010253,SRBL,17,41,100,430,43000
201601273010244,SRBL,58,41,500,430,215000
201601273010005,SRBL,33,35,100,430,43000
201601273009995,SRBL,25,35,1000,430,430000
201601273009994,SRBL,25,35,1000,430,430000
201601273009993,SRBL,58,35,500,430,215000
201601273010377,SWBBL,28,55,100,2090,209000
201601273010181,SWBBL,28,38,100,2090,209000
201601273010071,SWBBL,34,34,200,2085,417000
201601273010036,SWBBL,34,11,100,2085,208500
201601273009991,SWBBL,34,44,100,2085,208500
201601273010338,SYFL,21,47,484,106,51304
201601273010334,SYFL,43,47,100,107,10700
201601273010304,SYFL,39,52,500,107,53500
201601273010190,SYFL,39,26,666,106,70596
201601273010086,SYFL,57,37,1000,106,106000
201601273010093,TBBL,19,26,10,271,2710
201601273010180,UFCL,36,11,300,124,37200
201601273010179,UFCL,46,11,50,124,6200
201601273010157,UFCL,36,25,100,124,12400
201601273010156,UFCL,36,25,100,124,12400
201601273010142,UFCL,50,25,300,124,37200
201601273010134,UFCL,41,25,100,123,12300
201601273010095,UFCL,53,25,50,121,6050
201601273010057,UFCL,17,25,50,119,5950
201601273010002,UFCL,36,25,50,117,5850
201601273009997,UFCL,36,25,50,115,5750
201601273009989,UFCL,46,25,50,113,5650
201601273010175,UFL,32,33,10,265,2650
201601273010256,UIC,34,34,100,558,55800
201601273010226,UIC,41,34,50,555,27750
201601273010257,UIC,34,10,362,559,202358
201601273010324,YETI,25,25,2000,171,342000
201601273010303,YETI,59,59,2000,171,342000
201601273010263,YETI,26,17,280,170,47600
201601273010262,YETI,6,17,150,170,25500
201601273010223,YETI,25,59,249,170,42330
201601273010222,YETI,25,59,1000,170,170000
201601273010006,YETI,43,59,350,171,59850
201601273009990,YETI,47,42,50,170,8500
201601273009973,YETI,1,59,1000,170,170000
201601273009965,YETI,43,59,530,171,90630
201601273009964,YETI,47,59,120,171,20520
201601273010124,YETI,57,59,350,171,59850
201601273010072,YETI,8,44,100,170,17000
201601273010038,YETI,50,52,500,171,85500
201601273010037,YETI,13,42,50,170,8500
201601273010034,YETI,13,42,50,170,8500
201601273010030,YETI,47,42,50,170,8500
201601273010197,YETI,25,48,360,170,61200
201601273010196,YETI,50,48,1000,170,170000
201601273010189,YETI,6,7,51,170,8670
201601273010183,YETI,6,46,100,170,17000
201601273010182,YETI,8,46,2400,170,408000
201601273010178,YETI,10,59,650,171,111150
201601273009981,YETIPO,34,40,20000,100,2000000
201601273009900,ACEDBL,48,20,1000,353,353000
201601273009874,ACEDBL,39,6,380,352,133760
201601273009847,ACEDBL,42,6,120,351,42120
201601273009841,ACEDBL,1,6,300,350,105000
201601273009840,ACEDBL,1,6,100,350,35000
201601273009679,ACEDBL,6,22,100,350,35000
201601273009747,ACEDBL,19,33,53,351,18603
201601273009714,ACEDBL,16,13,200,357,71400
201601273009713,ACEDBL,16,6,100,357,35700
201601273009710,ACEDBL,7,22,50,357,17850
201601273009670,ADBL,56,6,100,589,58900
201601273009944,ALICL,56,38,300,1281,384300
201601273009895,ALICL,42,53,300,1285,385500
201601273009862,ALICL,42,33,117,1285,150345
201601273009573,ALICL,47,47,131,1280,167680
201601273009728,API,1,44,50,443,22150
201601273009727,API,58,44,70,443,31010
201601273009653,API,7,44,80,445,35600
201601273009597,API,7,45,16,445,7120
201601273009565,API,21,25,50,445,22250
201601273009848,BARUN,11,40,200,318,63600
201601273009758,BPCL,38,38,100,590,59000
201601273009889,CCBL,8,38,14,328,4592
201601273009887,CCBL,26,38,140,329,46060
201601273009851,CCBL,42,21,165,330,54450
201601273009850,CCBL,42,44,300,330,99000
201601273009782,CCBL,8,8,5000,329,1645000
201601273009760,CCBL,52,44,200,330,66000
201601273009734,CCBL,8,39,207,328,67896
201601273009733,CCBL,8,39,100,327,32700
201601273009646,CCBL,11,39,400,324,129600
201601273009645,CCBL,46,39,200,325,65000
201601273009643,CCBL,11,39,118,325,38350
201601273009950,CNDBL,43,16,40,207,8280
201601273009949,CNDBL,41,47,500,207,103500
201601273009888,CNDBL,8,16,500,207,103500
201601273009876,CNDBL,43,45,300,206,61800
201601273009834,CNDBL,40,47,100,207,20700
201601273009820,CNDBL,8,32,350,205,71750
201601273009810,CNDBL,8,45,12,202,2424
201601273009695,CNDBL,50,47,50,201,10050
201601273009657,CNDBL,36,47,50,198,9900
201601273009635,CNDBL,49,47,100,195,19500
201601273009582,CNDBL,17,47,145,192,27840
201601273009819,CNDBL,8,1,200,205,41000
201601273009818,CNDBL,8,39,80,205,16400
201601273009817,CNDBL,8,39,17,205,3485
201601273009816,CNDBL,8,25,100,205,20500
201601273009815,CNDBL,8,47,700,204,142800
201601273009814,CNDBL,8,47,100,203,20300
201601273009872,CZBIL,56,17,300,620,186000
201601273009800,CZBIL,11,14,100,621,62100
201601273009715,CZBIL,39,14,300,621,186300
201601273009927,DBBL,50,49,91,225,20475
201601273009916,DBBL,17,17,500,225,112500
201601273009915,DBBL,41,17,500,225,112500
201601273009904,DBBL,42,19,200,226,45200
201601273009903,DBBL,42,46,550,226,124300
201601273009838,DBBL,37,1,129,224,28896
201601273009581,DBBL,46,33,500,222,111000
201601273009580,DBBL,6,11,279,222,61938
201601273009577,DBBL,35,33,500,218,109000
201601273009574,DBBL,11,58,179,218,39022
201601273009572,DBBL,11,58,10,218,2180
201601273009567,DBBL,37,58,10,214,2140
201601273009650,DBBL,43,33,200,221,44200
201601273009612,DBBL,8,1,200,225,45000
201601273009611,DBBL,8,45,300,225,67500
201601273009592,DBBL,40,45,500,222,111000
201601273009591,DBBL,39,45,200,222,44400
201601273009583,DBBL,39,25,20,226,4520
201601273009683,DBBL,42,17,1000,222,222000
201601273009674,DBBL,42,49,600,224,134400
201601273009673,DBBL,42,55,100,222,22200
201601273009663,DBBL,41,45,300,218,65400
201601273009662,DBBL,11,45,10,218,2180
201601273009651,DBBL,25,33,300,221,66300
201601273009689,DBBL,42,1,1000,224,224000
201601273009688,DBBL,42,50,366,224,81984
201601273009687,DBBL,42,52,500,224,112000
201601273009686,DBBL,42,49,400,224,89600
201601273009685,DBBL,42,45,500,223,111500
201601273009684,DBBL,42,45,26,222,5772
201601273009722,DBBL,6,56,800,224,179200
201601273009703,DBBL,49,49,1000,224,224000
201601273009693,DBBL,42,36,500,225,112500
201601273009692,DBBL,42,18,648,225,145800
201601273009691,DBBL,42,7,500,225,112500
201601273009690,DBBL,42,17,440,225,99000
201601273009771,DBBL,39,43,100,223,22300
201601273009759,DBBL,26,26,200,222,44400
201601273009750,DBBL,25,56,500,224,112000
201601273009749,DBBL,25,17,1000,224,224000
201601273009744,DBBL,48,33,1000,222,222000
201601273009743,DBBL,19,33,100,223,22300
201601273009837,DBBL,56,36,1213,225,272925
201601273009836,DBBL,56,51,300,225,67500
201601273009828,DBBL,21,58,200,224,44800
201601273009799,DBBL,38,49,1000,225,225000
201601273009797,DBBL,5,17,1000,225,225000
201601273009794,DBBL,58,1,120,224,26880
201601273009729,DDBL,44,7,1000,1953,1953000
201601273009926,EBL,14,20,30,2330,69900
201601273009901,EBL,57,20,100,2315,231500
201601273009892,EBL,8,20,500,2316,1158000
201601273009839,EBL,17,38,27,2330,62910
201601273009802,EBL,21,20,10,2335,23350
201601273009735,EBL,17,20,200,2335,467000
201601273009605,EBLCP,26,26,172,1635,281220
201601273009579,EBLCP,26,16,200,1640,328000
201601273009863,GBBL,43,47,200,322,64400
201601273009636,GBBL,42,58,70,316,22120
201601273009946,GBIME,7,41,200,471,94200
201601273009823,GBIME,7,6,500,473,236500
201601273009804,GBIME,7,38,87,472,41064
201601273009801,GBIME,7,38,300,471,141300
201601273009798,GBIME,17,49,57,470,26790
201601273009932,GDBL,13,14,25,318,7950
201601273009907,GLICL,18,33,500,669,334500
201601273009860,GLICL,34,44,320,670,214400
201601273009854,GLICL,11,44,200,670,134000
201601273009812,GLICL,34,33,200,670,134000
201601273009792,GLICL,11,45,134,668,89512
201601273009723,GLICL,6,43,144,665,95760
201601273009886,ILFCM,32,33,15,1266,18990
201601273009885,ILFCM,6,33,40,1263,50520
201601273009881,ILFCM,6,33,160,1263,202080
201601273009877,ILFCM,33,26,20,1284,25680
201601273009783,INDB,17,17,10,418,4180
201601273009905,JEFL,42,40,400,161,64400
201601273009917,LBL,7,11,300,585,175500
201601273009642,LBL,11,11,100,585,58500
201601273009641,LBL,11,11,90,585,52650
201601273009640,LBL,11,11,80,585,46800
201601273009624,LBL,8,21,242,591,143022
201601273009746,LICN,45,36,130,3525,458250
201601273009745,LICN,45,38,70,3520,246400
201601273009701,LICN,54,54,700,3500,2450000
201601273009680,LICN,10,38,200,3510,702000
201601273009570,LICN,14,14,270,3501,945270
201601273009569,LICN,14,14,270,3501,945270
201601273009871,MBBL,58,11,100,220,22000
201601273009870,MBBL,58,45,400,220,88000
201601273009829,MBBL,45,47,23,219,5037
201601273009940,MNBBL,33,25,300,835,250500
201601273009939,MNBBL,33,25,300,836,250800
201601273009751,MNBBL,41,25,100,840,84000
201601273009628,MNBBL,52,42,82,840,68880
201601273009602,MNBBL,25,11,33,840,27720
201601273009793,NABIL,35,1,100,1900,190000
201601273009785,NABIL,42,17,126,1898,239148
201601273009647,NABIL,16,51,42,1897,79674
201601273009609,NABIL,19,45,100,1885,188500
201601273009566,NABIL,8,8,1000,1900,1900000
201601273009849,NABILP,8,48,500,1460,730000
201601273009724,NABILP,49,49,1000,1460,1460000
201601273009935,NBB,28,28,280,485,135800
201601273009890,NBB,21,32,500,485,242500
201601273009762,NBB,14,28,720,485,349200
201601273009696,NBB,14,38,280,485,135800
201601273009769,NBL,25,8,1000,328,328000
201601273009855,NCDB,48,10,461,301,138761
201601273009824,NCDB,48,38,414,299,123786
201601273009883,NIB,14,17,100,794,79400
201601273009878,NIB,14,17,100,793,79300
201601273009803,NIB,50,17,100,790,79000
201601273009726,NIB,39,6,300,794,238200
201601273009709,NIB,14,53,50,787,39350
201601273009700,NIB,52,53,300,787,236100
201601273009632,NIB,44,44,4000,785,3140000
201601273009945,NIBPO,45,42,700,700,490000
201601273009766,NIBPO,41,20,500,700,350000
201601273009757,NIBPO,11,54,150,700,105000
201601273009756,NIBPO,41,54,100,701,70100
201601273009755,NIBPO,6,54,200,701,140200
201601273009578,NIBPO,28,44,500,701,350500
201601273009568,NIBPO,28,51,500,700,350000
201601273009925,NICA,51,28,200,714,142800
201601273009852,NICA,39,28,40,714,28560
201601273009737,NICA,55,52,100,715,71500
201601273009608,NICA,20,44,100,720,72000
201601273009856,NIL,49,49,4000,870,3480000
201601273009920,NLIC,16,58,1360,3300,4488000
201601273009914,NLIC,41,28,50,3300,165000
201601273009913,NLIC,22,28,100,3300,330000
201601273009912,NLIC,56,28,100,3300,330000
201601273009911,NLIC,6,28,100,3300,330000
201601273009910,NLIC,40,28,200,3301,660200
201601273009864,NLIC,40,28,200,3302,660400
201601273009712,NLIC,45,45,203,3300,669900
201601273009678,NLIC,45,45,203,3300,669900
201601273009909,NLIC,51,28,100,3302,330200
201601273009897,NLIC,17,17,50,3305,165250
201601273009896,NLIC,17,17,100,3305,330500
201601273009868,NLIC,22,28,100,3300,330000
201601273009867,NLIC,45,28,100,3300,330000
201601273009865,NLIC,21,28,100,3301,330100
201601273009763,NLICL,6,41,95,2570,244150
201601273009761,NLICL,6,58,99,2570,254430
201601273009741,NMB,55,48,200,470,94000
201601273009844,NTC,22,53,400,680,272000
201601273009843,NTC,45,53,60,680,40800
201601273009738,NTC,45,42,1060,680,720800
201601273009665,NTC,45,47,100,680,68000
201601273009948,PCBL,50,26,55,510,28050
201601273009923,PCBL,46,48,1000,511,511000
201601273009922,PCBL,32,48,170,512,87040
201601273009880,PCBL,32,46,200,512,102400
201601273009879,PCBL,51,46,200,512,102400
201601273009875,PCBL,1,13,120,513,61560
201601273009805,PCBL,32,38,50,512,25600
201601273009790,PCBL,46,52,166,512,84992
201601273009702,PCBL,32,48,300,513,153900
201601273009681,PCBL,32,48,200,512,102400
201601273009675,PCBL,50,49,100,512,51200
201601273009842,PCBL,1,48,81,513,41553
201601273009835,PCBL,26,38,50,514,25700
201601273009809,PCBL,32,38,100,512,51200
201601273009808,PCBL,32,38,50,512,25600
201601273009807,PCBL,32,38,50,512,25600
201601273009806,PCBL,32,38,50,512,25600
201601273009770,PICL,6,8,300,677,203100
201601273009943,PLIC,11,6,100,1631,163100
201601273009942,PLIC,21,6,100,1631,163100
201601273009721,PLIC,16,45,200,1635,327000
201601273009595,PLIC,39,45,60,1630,97800
201601273009589,PLIC,41,45,300,1630,489000
201601273009571,PRDBL,36,22,198,192,38016
201601273009629,PRDBL,49,1,200,195,39000
201601273009623,PRDBL,49,39,105,195,20475
201601273009622,PRDBL,49,32,400,195,78000
201601273009621,PRDBL,49,1,50,195,9750
201601273009620,PRDBL,49,39,200,195,39000
201601273009778,REDBL,25,58,10,312,3120
201601273009776,RMDC,52,8,100,695,69500
201601273009682,RMDC,25,19,10,696,6960
201601273009869,SADBL,59,44,273,484,132132
201601273009784,SADBL,52,59,200,480,96000
201601273009768,SADBL,32,59,800,480,384000
201601273009731,SADBL,32,57,200,479,95800
201601273009634,SADBL,51,25,100,477,47700
201601273009633,SADBL,51,6,20,477,9540
201601273009730,SAFL,39,52,100,221,22100
201601273009947,SANIMA,48,8,830,725,601750
201601273009938,SANIMA,48,8,170,725,123250
201601273009931,SANIMA,57,8,460,725,333500
201601273009930,SANIMA,43,8,100,725,72500
201601273009929,SANIMA,43,8,200,725,145000
201601273009928,SANIMA,22,8,70,725,50750
201601273009637,SANIMA,47,8,180,726,130680
201601273009615,SANIMA,47,58,20,726,14520
201601273009614,SANIMA,46,13,100,727,72700
201601273009654,SANIMA,50,8,500,725,362500
201601273009652,SANIMA,1,8,100,725,72500
201601273009649,SANIMA,14,8,100,725,72500
201601273009648,SANIMA,45,8,100,726,72600
201601273009639,SANIMA,45,8,200,726,145200
201601273009638,SANIMA,45,8,100,726,72600
201601273009664,SANIMA,17,8,150,727,109050
201601273009660,SANIMA,17,8,50,725,36250
201601273009659,SANIMA,19,8,300,725,217500
201601273009658,SANIMA,46,8,150,726,108900
201601273009656,SANIMA,11,8,100,725,72500
201601273009655,SANIMA,1,8,100,725,72500
201601273009711,SANIMA,33,8,500,724,362000
201601273009699,SANIMA,26,22,50,724,36200
201601273009698,SANIMA,22,22,350,724,253400
201601273009697,SANIMA,47,22,100,724,72400
201601273009676,SANIMA,1,8,500,725,362500
201601273009672,SANIMA,19,8,200,725,145000
201601273009754,SANIMA,45,8,200,724,144800
201601273009752,SANIMA,56,34,100,723,72300
201601273009736,SANIMA,45,8,60,724,43440
201601273009720,SANIMA,56,38,620,723,448260
201601273009717,SANIMA,45,8,100,724,72400
201601273009716,SANIMA,39,8,300,724,217200
201601273009845,SANIMA,58,13,300,724,217200
201601273009833,SANIMA,26,13,500,724,362000
201601273009832,SANIMA,26,13,160,724,115840
201601273009826,SANIMA,26,8,40,724,28960
201601273009822,SANIMA,26,8,500,724,362000
201601273009813,SANIMA,26,8,200,724,144800
201601273009924,SANIMA,57,13,540,725,391500
201601273009902,SANIMA,43,8,400,725,290000
201601273009899,SANIMA,43,26,100,726,72600
201601273009894,SANIMA,39,22,1000,725,725000
201601273009893,SANIMA,39,38,600,724,434400
201601273009846,SANIMA,54,13,500,724,362000
201601273009921,SBBLJ,17,39,24,358,8592
201601273009919,SBBLJ,17,14,300,355,106500
201601273009780,SBBLJ,19,14,200,351,70200
201601273009779,SBBLJ,19,52,300,348,104400
201601273009677,SBI,55,41,20,1275,25500
201601273009630,SBI,55,17,79,1275,100725
201601273009853,SETI,39,17,10,219,2190
201601273009791,SETI,39,17,10,215,2150
201601273009725,SETI,16,17,10,211,2110
201601273009708,SHL,17,21,300,326,97800
201601273009707,SHL,13,21,200,327,65400
201601273009906,SHPC,22,38,100,852,85200
201601273009882,SHPC,21,21,426,860,366360
201601273009613,SHPC,38,38,18,866,15588
201601273009795,SICL,10,53,750,1478,1108500
201601273009618,SICL,50,41,294,1478,434532
201601273009604,SICL,16,53,30,1470,44100
201601273009789,SICL,10,38,150,1475,221250
201601273009788,SICL,10,53,500,1470,735000
201601273009610,SIL,34,34,1000,1045,1045000
201601273009586,SIL,28,28,194,1060,205640
201601273009873,SINDU,5,50,200,313,62600
201601273009739,SLICL,50,39,100,780,78000
201601273009898,SRBL,58,6,500,432,216000
201601273009891,SRBL,58,6,500,430,215000
201601273009825,SRBL,41,41,200,431,86200
201601273009787,SRBL,25,41,1000,430,430000
201601273009781,SRBL,25,41,1000,431,431000
201601273009775,SRBL,25,41,300,430,129000
201601273009585,SRBL,32,32,17,427,7259
201601273009584,SRBL,32,32,53,427,22631
201601273009740,SRBL,56,21,119,432,51408
201601273009706,SRBL,58,36,300,430,129000
201601273009705,SRBL,58,45,30,430,12900
201601273009704,SRBL,58,45,30,430,12900
201601273009616,SRBL,32,32,35,428,14980
201601273009596,SRBL,44,11,500,430,215000
201601273009774,SRBL,41,41,500,430,215000
201601273009773,SRBL,48,41,100,430,43000
201601273009772,SRBL,56,41,100,433,43300
201601273009767,SRBL,25,44,1000,435,435000
201601273009764,SRBL,25,34,935,432,403920
201601273009753,SRBL,49,49,5000,430,2150000
201601273009884,SWBBL,22,11,70,2080,145600
201601273009859,SWBBL,36,36,220,2080,457600
201601273009786,TBBL,19,11,100,272,27200
201601273009598,TBBL,25,36,177,270,47790
201601273009594,TBBL,25,36,80,265,21200
201601273009593,TBBL,25,36,70,265,18550
201601273009576,TBBL,49,49,5600,260,1456000
201601273009575,TBBL,47,49,100,265,26500
201601273009564,TBBL,47,16,31,270,8370
201601273009777,TRH,46,41,150,215,32250
201601273009563,UFCL,49,49,800,111,88800
201601273009732,UIC,51,54,200,549,109800
201601273009908,WDBL,47,7,130,351,45630
201601273009941,YETI,42,40,11,172,1892
201601273009937,YETI,42,40,70,172,12040
201601273009934,YETI,42,42,200,172,34400
201601273009933,YETI,42,6,120,172,20640
201601273009918,YETI,22,6,500,172,86000
201601273009861,YETI,57,32,155,170,26350
201601273009587,YETI,45,14,100,169,16900
201601273009603,YETI,49,59,1000,171,171000
201601273009601,YETI,45,51,500,169,84500
201601273009600,YETI,45,44,1400,169,236600
201601273009599,YETI,45,51,200,169,33800
201601273009590,YETI,47,51,73,170,12410
201601273009588,YETI,45,14,200,169,33800
201601273009626,YETI,32,46,500,171,85500
201601273009625,YETI,22,46,500,171,85500
201601273009619,YETI,58,46,500,172,86000
201601273009617,YETI,46,46,900,172,154800
201601273009607,YETI,46,39,100,174,17400
201601273009606,YETI,58,17,520,173,89960
201601273009667,YETI,19,35,500,172,86000
201601273009666,YETI,43,35,100,172,17200
201601273009661,YETI,43,33,220,173,38060
201601273009644,YETI,8,18,220,173,38060
201601273009631,YETI,58,46,90,170,15300
201601273009627,YETI,19,46,1000,170,170000
201601273009719,YETI,44,16,70,173,12110
201601273009718,YETI,44,33,49,173,8477
201601273009694,YETI,43,16,70,171,11970
201601273009671,YETI,6,35,11,173,1903
201601273009669,YETI,43,35,400,171,68400
201601273009668,YETI,28,35,1000,171,171000
201601273009831,YETI,26,6,1500,172,258000
201601273009830,YETI,26,6,500,172,86000
201601273009827,YETI,6,6,190,173,32870
201601273009821,YETI,47,28,18,173,3114
201601273009811,YETI,51,28,1000,173,173000
201601273009742,YETI,11,22,120,173,20760
