contract,symbol,buyer,seller,qty,rate,amt
201601313014664,ACEDBL,49,49,2500,335,837500
201601313014662,ACEDBL,49,49,2500,335,837500
201601313014921,ACEDBL,25,36,300,349,104700
201601313014906,ACEDBL,48,8,35,345,12075
201601313014787,ACEDBL,19,57,300,341,102300
201601313014680,ACEDBL,49,49,2872,335,962120
201601313015123,ADBL,14,40,647,574,371378
201601313015105,ADBL,5,38,19,577,10963
201601313014882,ADBL,50,6,500,573,286500
201601313014851,ADBL,52,40,506,575,290950
201601313014738,ADBL,58,11,100,575,57500
201601313014813,ADBL,39,6,150,575,86250
201601313014809,ADBL,25,1,70,576,40320
201601313014773,ADBL,37,5,42,572,24024
201601313014746,ADBL,58,38,19,575,10925
201601313015125,ALICL,17,16,95,1265,120175
201601313015053,ALICL,17,48,94,1261,118534
201601313014922,ALICL,17,39,304,1261,383344
201601313014852,ALICL,58,53,20,1270,25400
201601313014805,API,6,16,26,432,11232
201601313014740,API,6,16,26,432,11232
201601313014712,API,6,16,26,432,11232
201601313014702,API,6,16,26,432,11232
201601313014888,ARDBL,34,56,200,255,51000
201601313014730,ARDBL,58,38,1000,255,255000
201601313014729,ARDBL,58,17,200,255,51000
201601313014728,ARDBL,58,38,1000,255,255000
201601313014727,ARDBL,58,21,200,255,51000
201601313014726,ARDBL,58,22,200,255,51000
201601313014703,ARDBL,56,56,200,254,50800
201601313014700,ARDBL,56,5,135,254,34290
201601313014687,ARDBL,56,26,14,254,3556
201601313014686,ARDBL,56,17,200,253,50600
201601313014934,BLDBL,1,52,340,332,112880
201601313014933,BLDBL,13,52,180,333,59940
201601313014932,BLDBL,1,52,50,335,16750
201601313014907,BLDBL,1,6,250,335,83750
201601313014741,BLDBL,13,43,390,333,129870
201601313015031,BPCL,19,49,207,588,121716
201601313014644,BPCL,42,19,200,590,118000
201601313014915,CBBL,54,47,500,1824,912000
201601313014734,CBBL,54,47,300,1824,547200
201601313014733,CBBL,54,47,100,1823,182300
201601313014638,CBBL,7,11,100,1820,182000
201601313015094,CCBL,51,43,300,329,98700
201601313015093,CCBL,47,43,100,329,32900
201601313014811,CCBL,29,32,100,330,33000
201601313014795,CCBL,29,49,100,330,33000
201601313014742,CCBL,51,5,104,329,34216
201601313014718,CCBL,29,49,200,330,66000
201601313015065,CHCL,47,5,40,1297,51880
201601313014977,CHCL,20,43,100,1293,129300
201601313014798,CHCL,57,28,140,1292,180880
201601313014756,CHCL,34,6,300,1298,389400
201601313014755,CHCL,34,43,100,1296,129600
201601313015129,CIT,13,39,10,4370,43700
201601313014864,CIT,13,14,30,4360,130800
201601313015077,CNDBL,49,40,500,223,111500
201601313015074,CNDBL,49,39,49,222,10878
201601313015073,CNDBL,49,25,50,222,11100
201601313015062,CNDBL,45,35,3000,221,663000
201601313014993,CNDBL,6,13,219,219,47961
201601313014890,CNDBL,40,59,330,220,72600
201601313014806,CNDBL,42,35,2000,218,436000
201601313014693,CNDBL,49,25,479,218,104422
201601313014692,CNDBL,49,39,50,215,10750
201601313014691,CNDBL,49,47,100,215,21500
201601313014694,CSDBL,10,11,50,372,18600
201601313015001,CZBIL,56,32,50,624,31200
201601313014995,CZBIL,56,20,46,623,28658
201601313014985,CZBIL,56,6,100,622,62200
201601313014983,CZBIL,56,45,26,622,16172
201601313014982,CZBIL,56,19,250,622,155500
201601313014975,CZBIL,56,28,36,622,22392
201601313014961,CZBIL,56,47,500,621,310500
201601313014784,CZBIL,21,55,50,619,30950
201601313014681,CZBIL,21,39,50,619,30950
201601313015130,DBBL,43,29,200,224,44800
201601313015091,DBBL,40,40,228,221,50388
201601313015052,DBBL,5,41,100,222,22200
201601313015004,DBBL,33,51,260,220,57200
201601313014994,DBBL,5,43,328,220,72160
201601313014991,DBBL,5,51,40,220,8800
201601313014823,DBBL,14,32,164,219,35916
201601313014815,DBBL,32,44,170,220,37400
201601313014790,DBBL,22,44,200,220,44000
201601313014719,DBBL,22,40,300,220,66000
201601313014970,DBBL,25,45,550,219,120450
201601313014969,DBBL,5,17,260,220,57200
201601313014952,DBBL,5,17,500,220,110000
201601313014950,DBBL,10,17,300,220,66000
201601313014845,DBBL,35,17,370,220,81400
201601313014836,DBBL,35,44,630,220,138600
201601313015035,DDBL,28,7,100,2015,201500
201601313014976,DDBL,26,7,100,2010,201000
201601313014941,DDBL,28,22,80,2000,160000
201601313015127,EBL,28,59,60,2325,139500
201601313015112,EBL,28,56,100,2325,232500
201601313015111,EBL,28,50,300,2324,697200
201601313015110,EBL,28,59,40,2320,92800
201601313014979,EBL,29,11,100,2315,231500
201601313014978,EBL,41,11,200,2316,463200
201601313014826,EBL,58,59,20,2320,46400
201601313014808,EBL,39,59,40,2320,92800
201601313014807,EBL,6,59,20,2320,46400
201601313014760,EBL,39,11,30,2320,69600
201601313014758,EBL,39,11,30,2320,69600
201601313014928,EBL,48,48,200,2318,463600
201601313014848,EBL,36,59,80,2320,185600
201601313014833,EBL,43,56,240,2316,555840
201601313014832,EBL,36,56,200,2317,463400
201601313014831,EBL,5,56,20,2318,46360
201601313015087,FMDBL,36,6,500,866,433000
201601313015048,FMDBL,36,21,30,883,26490
201601313015047,FMDBL,36,11,100,883,88300
201601313015120,GBBL,40,47,106,327,34662
201601313014901,GBBL,34,42,200,326,65200
201601313015118,GBIME,45,6,44,455,20020
201601313015117,GBIME,45,6,36,455,16380
201601313015116,GBIME,45,28,154,455,70070
201601313015102,GBIME,41,18,30,452,13560
201601313015070,GBIME,53,33,434,452,196168
201601313014996,GBIME,8,35,1066,453,482898
201601313014671,GBIME,43,35,10,453,4530
201601313014670,GBIME,5,35,100,454,45400
201601313014682,GBIME,13,35,90,452,40680
201601313014676,GBIME,1,35,600,452,271200
201601313014675,GBIME,32,35,500,452,226000
201601313014674,GBIME,41,35,200,452,90400
201601313014673,GBIME,11,35,200,453,90600
201601313014672,GBIME,11,35,300,453,135900
201601313014724,GBIME,45,41,44,455,20020
201601313014699,GBIME,45,17,97,455,44135
201601313014698,GBIME,45,58,290,455,131950
201601313014697,GBIME,45,58,610,455,277550
201601313014696,GBIME,45,35,390,455,177450
201601313014689,GBIME,45,11,601,454,272854
201601313014965,GBIME,21,26,59,452,26668
201601313014871,GBIME,13,28,105,452,47460
201601313014867,GBIME,37,41,1000,455,455000
201601313014821,GBIME,37,38,22,453,9966
201601313014789,GBIME,45,35,1000,455,455000
201601313014747,GBIME,45,35,1000,455,455000
201601313014881,GLICL,56,22,50,614,30700
201601313014812,GLICL,43,10,599,612,366588
201601313014749,GLICL,22,7,312,610,190320
201601313014753,HBL,26,7,200,975,195000
201601313014732,HGI,47,14,200,699,139800
201601313014646,HGI,33,40,200,700,140000
201601313015045,ICFC,34,28,362,250,90500
201601313015034,ICFC,34,45,500,249,124500
201601313014870,ICFC,51,28,280,248,69440
201601313014869,ICFC,51,56,230,247,56810
201601313014868,ICFC,51,40,200,246,49200
201601313014677,ICFC,54,45,620,247,153140
201601313014647,ICFC,34,43,200,245,49000
201601313014685,ILFCM,29,40,40,1190,47600
201601313014893,JEFL,45,32,200,165,33000
201601313014874,JEFL,37,32,200,162,32400
201601313014859,JEFL,17,28,200,164,32800
201601313015021,KDBL,16,59,1000,206,206000
201601313015006,KDBL,32,59,1000,208,208000
201601313015005,KDBL,8,59,200,208,41600
201601313014998,KDBL,16,32,100,212,21200
201601313014997,KDBL,16,38,29,211,6119
201601313014986,KDBL,16,29,95,210,19950
201601313014855,KDBL,21,38,50,210,10500
201601313014651,KEBL,7,40,100,517,51700
201601313014959,KMCDB,28,22,50,1650,82500
201601313014958,KMCDB,28,53,100,1650,165000
201601313014783,KMCDB,10,56,180,1645,296100
201601313014782,KMCDB,10,21,100,1645,164500
201601313015103,LBL,26,43,100,582,58200
201601313014964,LBL,1,59,400,580,232000
201601313014963,LBL,32,59,1000,581,581000
201601313014962,LBL,14,59,100,582,58200
201601313014897,LBL,14,46,400,582,232800
201601313014896,LBL,11,46,500,583,291500
201601313014895,LBL,40,46,100,584,58400
201601313014866,LICN,7,57,58,3540,205320
201601313014865,LICN,7,40,20,3540,70800
201601313014953,LLBS,10,39,171,2084,356364
201601313014910,LLBS,21,21,60,2080,124800
201601313014909,LLBS,21,45,10,2080,20800
201601313014814,LLBS,19,33,10,2065,20650
201601313014781,LLBS,10,28,10,2060,20600
201601313015037,MDB,45,45,100,615,61500
201601313014785,MNBBL,11,32,50,832,41600
201601313014752,MNBBL,28,14,40,830,33200
201601313014665,MNBBL,28,56,50,830,41500
201601313014653,MNBBL,28,29,35,830,29050
201601313015121,NABIL,54,45,100,1890,189000
201601313015095,NABIL,17,45,1000,1890,1890000
201601313014884,NABIL,6,45,200,1890,378000
201601313014854,NABIL,56,56,65,1889,122785
201601313014778,NABIL,56,56,65,1889,122785
201601313014754,NABIL,5,51,390,1880,733200
201601313014710,NABILP,29,8,160,1456,232960
201601313014709,NABILP,28,8,300,1456,436800
201601313014708,NABILP,43,8,70,1457,101990
201601313014707,NABILP,32,8,10,1460,14600
201601313014711,NABILP,26,8,400,1455,582000
201601313014914,NABILP,8,8,1000,1455,1455000
201601313015126,NBB,47,22,300,488,146400
201601313015098,NBB,11,22,200,488,97600
201601313015026,NBB,26,22,100,488,48800
201601313015022,NBB,47,34,300,487,146100
201601313014648,NBB,6,16,50,487,24350
201601313014761,NBB,49,17,500,486,243000
201601313014757,NBB,25,13,895,486,434970
201601313014737,NBB,57,36,450,487,219150
201601313014688,NBB,57,17,300,487,146100
201601313014666,NBB,57,16,250,487,121750
201601313014649,NBB,35,16,200,487,97400
201601313014919,NBB,49,28,500,486,243000
201601313014894,NBB,49,36,50,486,24300
201601313014886,NBB,49,36,500,486,243000
201601313014838,NBB,49,38,200,486,97200
201601313014972,NBBL,17,45,10,3790,37900
201601313015025,NBL,25,6,100,321,32100
201601313015007,NBL,25,6,200,321,64200
201601313015003,NBL,22,6,300,321,96300
201601313014999,NBL,25,6,400,321,128400
201601313014989,NBL,56,6,100,321,32100
201601313014987,NBL,22,6,300,321,96300
201601313014973,NBL,22,38,500,320,160000
201601313014908,NBL,33,8,337,321,108177
201601313014830,NBL,43,6,200,321,64200
201601313014828,NBL,17,6,200,321,64200
201601313014827,NBL,48,6,200,321,64200
201601313014940,NHPC,33,19,2000,147,294000
201601313014939,NHPC,33,1,1000,147,147000
201601313014800,NHPC,33,37,1000,146,146000
201601313015084,NIB,5,44,200,825,165000
201601313015083,NIB,33,44,40,825,33000
201601313015040,NIB,33,11,59,825,48675
201601313015015,NIB,14,6,400,823,329200
201601313014990,NIB,50,6,100,823,82300
201601313014913,NIB,59,1,400,824,329600
201601313014695,NIB,57,44,500,819,409500
201601313014748,NIB,21,6,500,819,409500
201601313014721,NIB,36,22,100,820,82000
201601313014715,NIB,36,6,150,816,122400
201601313014714,NIB,6,6,200,816,163200
201601313014713,NIB,6,6,100,817,81700
201601313014706,NIB,36,39,263,820,215660
201601313014804,NIB,5,44,250,820,205000
201601313014803,NIB,50,44,550,820,451000
201601313014802,NIB,50,50,1000,820,820000
201601313014801,NIB,50,44,200,820,164000
201601313014793,NIB,25,6,300,819,245700
201601313014776,NIB,36,6,200,819,163800
201601313014900,NIB,50,43,100,823,82300
201601313014889,NIB,54,44,500,823,411500
201601313014873,NIB,33,6,434,821,356314
201601313014853,NIB,5,52,100,822,82200
201601313014840,NIB,5,43,12,822,9864
201601313014822,NIB,5,38,50,820,41000
201601313014924,NIBPO,48,59,500,726,363000
201601313014850,NIBPO,17,54,500,725,362500
201601313014849,NIBPO,17,32,200,725,145000
201601313014825,NIBPO,16,32,500,722,361000
201601313014824,NIBPO,16,22,500,722,361000
201601313014817,NIBPO,5,54,500,720,360000
201601313014650,NIBPO,52,28,100,718,71800
201601313015024,NICA,32,51,180,709,127620
201601313014966,NICA,47,51,20,709,14180
201601313014797,NICA,6,51,200,710,142000
201601313014779,NICA,7,1,91,710,64610
201601313014643,NICA,50,29,50,707,35350
201601313015041,NICL,32,7,200,604,120800
201601313014931,NICL,32,43,100,605,60500
201601313014772,NICL,32,48,500,604,302000
201601313015043,NIL,52,10,180,875,157500
201601313015039,NIL,51,10,20,875,17500
201601313015038,NIL,51,13,200,875,175000
201601313014960,NIL,52,10,100,875,87500
201601313014780,NIL,50,1,100,874,87400
201601313015071,NLBBL,22,5,25,2170,54250
201601313014911,NLBBL,50,47,50,2160,108000
201601313014786,NLBBL,50,33,20,2160,43200
201601313015079,NLG,36,21,50,805,40250
201601313015078,NLG,36,41,50,805,40250
201601313015008,NLG,36,17,75,800,60000
201601313014920,NLG,29,41,30,805,24150
201601313014736,NLG,21,41,30,800,24000
201601313015133,NLIC,45,58,550,3270,1798500
201601313015132,NLIC,16,58,250,3271,817750
201601313015128,NLIC,56,58,100,3275,327500
201601313014951,NLIC,36,55,100,3280,328000
201601313014946,NLIC,36,58,89,3275,291475
201601313014792,NLIC,45,17,150,3270,490500
201601313014791,NLIC,56,17,200,3270,654000
201601313014751,NLIC,22,17,50,3275,163750
201601313014704,NLIC,6,17,100,3272,327200
201601313014879,NLICL,52,46,440,2600,1144000
201601313014878,NLICL,26,46,400,2601,1040400
201601313014877,NLICL,7,46,100,2602,260200
201601313014876,NLICL,47,46,60,2605,156300
201601313014872,NLICL,16,41,60,2605,156300
201601313014796,NLICL,26,37,100,2601,260100
201601313014657,NLICL,47,16,293,2605,763265
201601313014656,NLICL,47,22,50,2605,130250
201601313014655,NLICL,47,40,30,2604,78120
201601313015090,NMB,28,57,477,454,216558
201601313015046,NMB,6,57,100,453,45300
201601313015036,NMB,6,55,100,453,45300
201601313014731,NMB,17,35,1000,450,450000
201601313014683,NMB,39,35,1000,450,450000
201601313014637,NMB,1,35,650,450,292500
201601313014636,NMB,57,35,250,450,112500
201601313014635,NMB,17,35,500,450,225000
201601313015092,NNLB,20,59,100,1346,134600
201601313015076,NNLB,48,59,300,1350,405000
201601313015013,NTC,56,6,700,675,472500
201601313015012,NTC,51,6,50,676,33800
201601313014818,NTC,51,6,80,677,54160
201601313014777,NTC,56,26,150,675,101250
201601313014775,NTC,13,26,100,676,67600
201601313014774,NTC,13,26,100,676,67600
201601313014770,NTC,56,26,100,677,67700
201601313014769,NTC,56,26,100,677,67700
201601313014820,NTC,56,6,210,675,141750
201601313014819,NTC,13,6,10,676,6760
201601313015108,NUBL,35,35,45,1790,80550
201601313015030,PCBL,52,56,500,503,251500
201601313015023,PCBL,51,56,400,503,201200
201601313014957,PCBL,42,56,200,503,100600
201601313014956,PCBL,51,6,104,502,52208
201601313014942,PCBL,51,6,400,502,200800
201601313014918,PCBL,17,13,343,502,172186
201601313014837,PCBL,51,38,600,502,301200
201601313014722,PCBL,39,32,126,502,63252
201601313014654,PCBL,1,32,126,502,63252
201601313015100,PIC,48,8,70,975,68250
201601313015099,PIC,54,8,130,980,127400
201601313015101,PICL,10,10,200,690,138000
201601313015113,PLIC,58,54,39,1619,63141
201601313015085,PLIC,29,49,10,1620,16200
201601313014816,PLIC,34,44,54,1612,87048
201601313014660,PLIC,51,48,200,1615,323000
201601313015131,PRDBL,45,22,200,206,41200
201601313015124,PRDBL,21,39,500,204,102000
201601313015088,PRDBL,5,26,22,202,4444
201601313014846,PRDBL,43,13,300,202,60600
201601313014810,PRDBL,21,21,133,201,26733
201601313015049,PRDBL,21,18,1000,202,202000
201601313014954,PRDBL,8,47,449,204,91596
201601313014949,PRDBL,8,39,51,204,10404
201601313014948,PRDBL,8,49,300,203,60900
201601313015075,RBBBL,32,47,500,245,122500
201601313015114,RMDC,41,5,100,680,68000
201601313015068,RMDC,41,5,150,680,102000
201601313015067,RMDC,6,5,100,681,68100
201601313015066,RMDC,22,5,50,682,34100
201601313014974,RMDC,22,26,26,681,17706
201601313014739,RMDC,1,41,72,680,48960
201601313015044,SADBL,8,28,250,510,127500
201601313014938,SADBL,8,28,100,505,50500
201601313014937,SADBL,29,28,1000,506,506000
201601313014936,SADBL,32,28,150,508,76200
201601313014935,SADBL,51,28,500,510,255000
201601313014903,SADBL,32,59,150,508,76200
201601313014902,SADBL,19,59,100,508,50800
201601313014887,SADBL,51,52,486,510,247860
201601313014861,SADBL,51,52,500,510,255000
201601313014984,SAFL,29,32,200,244,48800
201601313014927,SAFL,48,49,100,244,24400
201601313014926,SAFL,48,32,200,243,48600
201601313014925,SAFL,48,52,100,243,24300
201601313014768,SAFL,33,25,100,244,24400
201601313014767,SAFL,33,39,50,244,12200
201601313014766,SAFL,33,25,50,244,12200
201601313014765,SAFL,33,32,200,243,48600
201601313014764,SAFL,33,49,100,242,24200
201601313014763,SAFL,33,38,250,241,60250
201601313014762,SAFL,33,43,100,241,24100
201601313015122,SANIMA,11,8,200,720,144000
201601313015097,SANIMA,32,8,370,720,266400
201601313015096,SANIMA,32,8,630,720,453600
201601313015086,SANIMA,42,8,100,720,72000
201601313015042,SANIMA,56,5,1000,719,719000
201601313014980,SANIMA,16,8,200,720,144000
201601313014834,SANIMA,58,8,200,720,144000
201601313014723,SANIMA,6,5,500,719,359500
201601313014659,SANIMA,14,44,500,719,359500
201601313014658,SANIMA,14,59,960,719,690240
201601313014967,SANIMA,16,8,200,720,144000
201601313014916,SANIMA,11,39,100,719,71900
201601313014912,SANIMA,17,8,20,720,14400
201601313014875,SANIMA,17,45,100,719,71900
201601313014839,SANIMA,51,8,200,720,144000
201601313014835,SANIMA,28,8,100,720,72000
201601313015072,SBI,10,39,17,1270,21590
201601313015054,SCB,11,41,18,2660,47880
201601313015029,SCB,32,17,100,2657,265700
201601313015028,SCB,19,17,50,2658,132900
201601313015027,SCB,1,17,50,2660,133000
201601313014750,SCB,19,17,191,2660,508060
201601313015081,SEWA,48,39,20,310,6200
201601313015032,SEWA,48,13,100,310,31000
201601313015020,SEWA,48,29,136,310,42160
201601313015019,SEWA,48,39,30,310,9300
201601313015018,SEWA,48,17,20,310,6200
201601313015017,SEWA,48,39,100,310,31000
201601313014652,SEWA,48,59,1000,305,305000
201601313014880,SEWA,48,38,1000,306,306000
201601313014684,SEWA,48,43,100,306,30600
201601313014679,SEWA,38,44,990,307,303930
201601313014678,SEWA,38,39,10,307,3070
201601313014668,SEWA,38,5,66,307,20262
201601313014661,SEWA,38,19,216,305,65880
201601313015016,SEWA,48,21,500,309,154500
201601313014917,SEWA,40,14,100,308,30800
201601313014899,SEWA,44,38,1116,307,342612
201601313014898,SEWA,11,5,200,307,61400
201601313014892,SEWA,11,13,100,307,30700
201601313014891,SEWA,11,44,10,307,3070
201601313014720,SFL,58,6,500,196,98000
201601313014705,SFL,18,11,100,195,19500
201601313014645,SFL,18,20,94,193,18142
201601313015051,SHL,25,51,300,324,97200
201601313015011,SHL,19,51,500,329,164500
201601313015069,SHPC,41,54,450,860,387000
201601313014992,SHPC,41,26,10,859,8590
201601313014988,SHPC,41,54,50,860,43000
201601313014883,SHPC,41,38,18,860,15480
201601313014863,SHPC,18,37,18,861,15498
201601313014860,SHPC,28,54,100,862,86200
201601313014829,SHPC,18,54,940,861,809340
201601313014799,SHPC,18,52,160,858,137280
201601313014759,SHPC,36,54,60,861,51660
201601313014717,SHPC,36,46,240,861,206640
201601313014716,SHPC,28,46,100,862,86200
201601313014904,SIC,37,38,50,1005,50250
201601313015134,SICL,6,14,440,1470,646800
201601313015107,SICL,45,14,1580,1470,2322600
201601313015106,SICL,16,14,280,1470,411600
201601313014981,SICL,44,44,5000,1455,7275000
201601313014971,SICL,42,48,1200,1480,1776000
201601313014968,SINDU,50,50,2070,296,612720
201601313015080,SRBL,33,56,500,435,217500
201601313015010,SRBL,26,22,269,435,117015
201601313015009,SRBL,26,50,100,434,43400
201601313014856,SRBL,39,14,300,434,130200
201601313014847,SRBL,39,13,243,434,105462
201601313014794,SRBL,51,32,300,433,129900
201601313014667,SRBL,51,54,81,430,34830
201601313014642,SRBL,1,54,64,430,27520
201601313015064,SWBBL,33,55,100,2117,211700
201601313015063,SWBBL,33,47,30,2115,63450
201601313014945,SWBBL,56,55,50,2105,105250
201601313014944,SWBBL,56,55,50,2105,105250
201601313014943,SWBBL,55,55,100,2106,210600
201601313015002,SYFL,25,19,600,108,64800
201601313014929,SYFL,16,36,671,107,71797
201601313014862,SYFL,25,1,500,106,53000
201601313014858,SYFL,17,1,200,107,21400
201601313014857,SYFL,43,1,300,107,32100
201601313015115,TBBL,42,29,500,280,140000
201601313015109,TBBL,42,13,200,279,55800
201601313015055,TBBL,26,26,10,274,2740
201601313015119,UFCL,49,18,288,140,40320
201601313014923,UFCL,49,18,200,140,28000
201601313014905,UFCL,49,13,1806,140,252840
201601313014788,UFL,17,37,10,297,2970
201601313014844,UIC,14,46,300,526,157800
201601313014843,UIC,38,46,1000,531,531000
201601313014842,UIC,47,46,500,532,266000
201601313014841,UIC,41,46,100,535,53500
201601313014701,WDBL,22,29,15,401,6015
201601313014690,WDBL,5,29,15,401,6015
201601313014669,WDBL,5,29,18,401,7218
201601313014663,WDBL,17,29,18,401,7218
201601313015089,YETI,39,29,260,162,42120
201601313015061,YETI,47,29,500,162,81000
201601313015060,YETI,41,29,1000,162,162000
201601313015059,YETI,47,29,500,163,81500
201601313015058,YETI,25,29,200,163,32600
201601313015057,YETI,47,29,500,164,82000
201601313014640,YETI,45,49,160,166,26560
201601313014639,YETI,28,49,100,167,16700
201601313015056,YETI,38,29,240,165,39600
201601313015050,YETI,38,41,260,165,42900
201601313015014,YETI,38,47,103,165,16995
201601313015000,YETI,38,35,511,165,84315
201601313014771,YETI,10,49,480,165,79200
201601313014641,YETI,7,49,260,165,42900
201601313014525,ADBL,48,1,135,578,78030
201601313014628,ALDBL,45,45,10,372,3720
201601313014244,ALICL,53,39,95,1265,120175
201601313014164,ALICL,47,39,95,1260,119700
201601313014509,API,29,5,278,434,120652
201601313014171,API,22,44,50,435,21750
201601313014330,ARDBL,18,57,126,255,32130
201601313014328,ARDBL,18,41,22,255,5610
201601313014295,ARDBL,35,56,450,255,114750
201601313014268,ARDBL,36,56,400,255,102000
201601313014252,ARDBL,56,10,400,255,102000
201601313014247,ARDBL,18,22,500,255,127500
201601313014146,ARDBL,58,7,1680,252,423360
201601313014145,ARDBL,58,40,70,252,17640
201601313014235,ARDBL,56,5,100,255,25500
201601313014234,ARDBL,18,34,500,255,127500
201601313014226,ARDBL,56,56,200,255,51000
201601313014218,ARDBL,56,56,13,255,3315
201601313014211,ARDBL,56,22,50,254,12700
201601313014195,ARDBL,45,28,374,253,94622
201601313014246,ARDBL,18,58,10,255,2550
201601313014243,ARDBL,56,57,33,255,8415
201601313014240,ARDBL,18,57,33,255,8415
201601313014239,ARDBL,56,57,33,255,8415
201601313014238,ARDBL,18,57,33,255,8415
201601313014236,ARDBL,56,57,33,255,8415
201601313014476,BLDBL,13,10,100,332,33200
201601313014457,BLDBL,17,11,100,335,33500
201601313014158,BLDBL,13,39,56,337,18872
201601313014473,CBBL,54,48,1099,1820,2000180
201601313014467,CBBL,54,34,200,1819,363800
201601313014466,CBBL,54,47,300,1815,544500
201601313014489,CCBL,45,49,200,330,66000
201601313014310,CCBL,1,42,200,330,66000
201601313014309,CCBL,1,21,250,330,82500
201601313014296,CCBL,1,49,223,330,73590
201601313014153,CCBL,53,49,1450,330,478500
201601313014196,CHCL,36,7,500,1294,647000
201601313014183,CHCL,36,6,300,1290,387000
201601313014182,CHCL,36,33,65,1288,83720
201601313014154,CHCL,10,5,200,1285,257000
201601313014462,CIT,25,43,100,4350,435000
201601313014410,CIT,25,45,90,4340,390600
201601313014274,CIT,50,35,70,4320,302400
201601313014549,CNDBL,25,25,300,214,64200
201601313014373,CNDBL,1,47,1283,211,270713
201601313014372,CNDBL,40,25,100,212,21200
201601313014371,CNDBL,40,47,100,212,21200
201601313014357,CNDBL,36,37,290,211,61190
201601313014354,CNDBL,40,47,850,211,179350
201601313014291,CNDBL,38,47,100,208,20800
201601313014267,CNDBL,6,41,700,208,145600
201601313014248,CNDBL,6,45,200,208,41600
201601313014180,CNDBL,6,1,100,208,20800
201601313014337,CNDBL,36,25,100,211,21100
201601313014336,CNDBL,36,47,100,210,21000
201601313014329,CNDBL,25,25,1112,209,232408
201601313014308,CNDBL,49,25,200,210,42000
201601313014307,CNDBL,49,21,150,210,31500
201601313014306,CNDBL,49,37,650,209,135850
201601313014567,CSDBL,10,38,500,365,182500
201601313014507,CSDBL,1,11,50,359,17950
201601313014423,CSDBL,10,32,150,358,53700
201601313014403,CSDBL,1,18,31,351,10881
201601313014396,CSDBL,1,32,10,351,3510
201601313014619,CZBIL,22,29,200,620,124000
201601313014618,CZBIL,38,29,200,620,124000
201601313014604,CZBIL,13,50,354,620,219480
201601313014514,CZBIL,38,17,200,620,124000
201601313014458,CZBIL,13,47,400,620,248000
201601313014422,CZBIL,13,17,1200,620,744000
201601313014228,CZBIL,11,17,500,621,310500
201601313014217,CZBIL,11,38,369,621,229149
201601313014216,CZBIL,11,38,200,620,124000
201601313014193,CZBIL,7,1,138,620,85560
201601313014406,CZBIL,13,50,340,620,210800
201601313014377,CZBIL,22,50,500,620,310000
201601313014370,CZBIL,7,50,60,620,37200
201601313014369,CZBIL,47,50,100,620,62000
201601313014368,CZBIL,26,55,150,621,93150
201601313014289,CZBIL,26,45,50,621,31050
201601313014442,DBBL,16,48,800,220,176000
201601313014433,DBBL,14,29,69,219,15111
201601313014340,DBBL,43,48,200,220,44000
201601313014322,DBBL,26,17,500,221,110500
201601313014290,EBL,49,59,10,2325,23250
201601313014179,EBL,17,59,10,2325,23250
201601313014498,EBLCP,10,10,10,1603,16030
201601313014548,GBBL,49,17,100,324,32400
201601313014490,GBBL,49,42,400,320,128000
201601313014480,GBBL,41,11,150,320,48000
201601313014479,GBBL,22,11,500,320,160000
201601313014478,GBBL,17,11,100,320,32000
201601313014477,GBBL,37,11,100,321,32100
201601313014568,GBIME,11,26,204,453,92412
201601313014493,GBIME,41,41,88,452,39776
201601313014441,GBIME,49,57,234,453,106002
201601313014365,GBIME,43,25,90,453,40770
201601313014364,GBIME,42,25,200,453,90600
201601313014363,GBIME,19,25,10,453,4530
201601313014356,GBIME,19,26,80,453,36240
201601313014344,GBIME,1,18,150,454,68100
201601313014321,GBIME,25,18,100,454,45400
201601313014287,GBIME,47,35,2000,453,906000
201601313014229,GBIME,16,58,100,455,45500
201601313014348,GLICL,56,10,200,609,121800
201601313014528,HAMA,14,39,20,187,3740
201601313014460,HBL,26,20,20,968,19360
201601313014459,HBL,58,20,60,970,58200
201601313014334,HBL,11,38,60,975,58500
201601313014219,HBL,29,11,500,974,487000
201601313014184,HBL,42,38,50,972,48600
201601313014320,HGI,47,47,535,700,374500
201601313014297,HGI,29,46,100,704,70400
201601313014293,HGI,29,46,100,704,70400
201601313014631,ICFC,34,28,500,244,122000
201601313014617,ICFC,45,36,200,243,48600
201601313014614,ICFC,45,39,25,244,6100
201601313014610,ICFC,34,36,150,241,36150
201601313014587,ICFC,34,52,500,243,121500
201601313014527,ICFC,34,49,523,243,127089
201601313014432,ICFC,34,28,300,242,72600
201601313014431,ICFC,34,22,150,241,36150
201601313014212,ICFC,8,57,107,241,25787
201601313014425,ILFCM,36,40,200,1190,238000
201601313014424,ILFCM,16,40,50,1195,59750
201601313014409,ILFCM,16,40,200,1196,239200
201601313014355,ILFCM,47,40,60,1208,72480
201601313014227,ILFCM,13,40,50,1210,60500
201601313014209,ILFCM,13,16,60,1210,72600
201601313014208,ILFCM,13,16,50,1210,60500
201601313014207,ILFCM,13,50,100,1210,121000
201601313014206,ILFCM,13,56,150,1205,180750
201601313014181,ILFCM,16,33,200,1207,241400
201601313014169,ILFCM,16,56,15,1192,17880
201601313014481,KDBL,37,11,125,210,26250
201601313014270,KDBL,37,10,21,210,4410
201601313014596,KEBL,53,40,20,507,10140
201601313014452,KEBL,45,40,260,500,130000
201601313014387,KEBL,45,40,40,500,20000
201601313014447,KMCDB,7,33,11,1630,17930
201601313014343,KMCDB,13,19,50,1630,81500
201601313014199,KMCDB,7,29,250,1630,407500
201601313014560,LBL,40,38,177,585,103545
201601313014556,LBL,40,38,78,585,45630
201601313014506,LBL,11,41,60,583,34980
201601313014505,LBL,11,26,30,583,17490
201601313014494,LBL,11,26,100,583,58300
201601313014468,LBL,46,26,100,583,58300
201601313014353,LBL,1,59,150,587,88050
201601313014347,LBL,6,26,20,589,11780
201601313014194,LBL,29,11,200,588,117600
201601313014150,LBL,57,26,300,589,176700
201601313014141,LBL,29,26,100,589,58900
201601313014139,LBL,29,43,300,588,176400
201601313014420,LBL,29,26,1000,583,583000
201601313014419,LBL,14,26,100,584,58400
201601313014418,LBL,29,26,20,585,11700
201601313014413,LBL,1,26,100,586,58600
201601313014412,LBL,26,26,50,586,29300
201601313014411,LBL,1,26,850,587,498950
201601313014358,LICN,6,36,113,3525,398325
201601313014250,LICN,14,14,280,3520,985600
201601313014241,LICN,14,14,190,3520,668800
201601313014590,LLBS,19,43,12,2080,24960
201601313014589,LLBS,19,29,10,2079,20790
201601313014550,LLBS,19,48,20,2070,41400
201601313014472,MBBL,29,13,120,212,25440
201601313014214,MBBL,42,14,100,213,21300
201601313014213,MBBL,51,14,100,214,21400
201601313014495,MDB,5,17,500,615,307500
201601313014391,MDB,5,19,200,610,122000
201601313014531,MDBL,40,34,500,285,142500
201601313014486,MDBL,32,36,44,280,12320
201601313014621,MNBBL,28,35,126,829,104454
201601313014443,MNBBL,22,29,100,825,82500
201601313014251,MNBBL,22,49,640,825,528000
201601313014203,MNBBL,39,49,200,824,164800
201601313014202,MNBBL,55,49,160,825,132000
201601313014192,MNBBL,55,10,40,825,33000
201601313014191,MNBBL,7,10,200,825,165000
201601313014190,MNBBL,22,10,500,826,413000
201601313014189,MNBBL,14,10,60,826,49560
201601313014591,NABIL,36,51,150,1885,282750
201601313014276,NABILP,43,58,80,1457,116560
201601313014508,NBB,6,45,200,487,97400
201601313014450,NBB,6,33,11,487,5357
201601313014292,NBB,6,38,50,487,24350
201601313014204,NBB,20,1,100,488,48800
201601313014178,NBB,47,25,150,488,73200
201601313014584,NBL,29,59,410,322,132020
201601313014542,NBL,29,48,300,321,96300
201601313014360,NBL,17,59,200,322,64400
201601313014359,NBL,22,59,200,322,64400
201601313014543,NCDB,48,17,50,343,17150
201601313014538,NCDB,48,48,58,340,19720
201601313014487,NCDB,44,39,50,338,16900
201601313014571,NHPC,33,36,500,146,73000
201601313014536,NHPC,45,50,1000,145,145000
201601313014325,NHPC,39,36,500,145,72500
201601313014315,NHPC,49,42,6000,143,858000
201601313014314,NHPC,43,42,200,143,28600
201601313014313,NHPC,33,42,2000,143,286000
201601313014144,NHPC,21,49,1000,146,146000
201601313014312,NHPC,50,42,200,144,28800
201601313014311,NHPC,13,42,30,145,4350
201601313014303,NHPC,13,36,970,145,140650
201601313014302,NHPC,48,36,800,145,116000
201601313014301,NHPC,48,36,730,145,105850
201601313014255,NHPC,33,19,700,147,102900
201601313014607,NIB,57,6,50,820,41000
201601313014570,NIB,57,44,300,820,246000
201601313014569,NIB,57,44,100,820,82000
201601313014565,NIB,53,13,500,820,410000
201601313014554,NIB,57,20,200,820,164000
201601313014551,NIB,34,44,800,819,655200
201601313014177,NIB,33,36,190,810,153900
201601313014172,NIB,33,36,300,810,243000
201601313014163,NIB,6,39,20,811,16220
201601313014142,NIB,13,45,100,810,81000
201601313014366,NIB,16,39,200,812,162400
201601313014349,NIB,8,44,100,813,81300
201601313014316,NIB,29,44,100,813,81300
201601313014278,NIB,1,44,100,813,81300
201601313014188,NIB,14,11,150,813,121950
201601313014187,NIB,14,6,50,813,40650
201601313014384,NIB,53,5,360,814,293040
201601313014382,NIB,14,22,20,813,16260
201601313014381,NIB,21,32,100,813,81300
201601313014376,NIB,54,39,330,813,268290
201601313014375,NIB,54,44,200,813,162600
201601313014367,NIB,47,39,100,812,81200
201601313014421,NIB,59,32,113,817,92321
201601313014401,NIB,14,38,200,815,163000
201601313014400,NIB,14,25,50,815,40750
201601313014395,NIB,54,29,13,815,10595
201601313014394,NIB,54,38,500,815,407500
201601313014385,NIB,6,13,200,814,162800
201601313014545,NIB,47,44,200,819,163800
201601313014530,NIB,53,29,56,820,45920
201601313014471,NIB,33,40,251,818,205318
201601313014470,NIB,33,8,250,817,204250
201601313014463,NIB,8,25,70,817,57190
201601313014440,NIB,59,25,30,817,24510
201601313014602,NIBPO,45,8,200,719,143800
201601313014576,NIBPO,52,6,300,718,215400
201601313014563,NIBPO,59,6,200,718,143600
201601313014547,NIBPO,56,8,200,722,144400
201601313014546,NIBPO,56,13,500,720,360000
201601313014521,NIBPO,53,6,300,720,216000
201601313014294,NIBPO,42,48,200,710,142000
201601313014275,NIBPO,17,42,1000,710,710000
201601313014263,NIBPO,17,21,500,709,354500
201601313014262,NIBPO,17,8,300,709,212700
201601313014380,NIBPO,53,54,500,711,355500
201601313014379,NIBPO,11,22,300,711,213300
201601313014351,NIBPO,11,52,200,711,142200
201601313014319,NIBPO,58,8,200,710,142000
201601313014318,NIBPO,58,54,500,710,355000
201601313014317,NIBPO,58,19,300,710,213000
201601313014496,NIBPO,44,11,200,714,142800
201601313014492,NIBPO,21,11,200,714,142800
201601313014488,NIBPO,21,54,500,713,356500
201601313014465,NIBPO,44,34,1000,712,712000
201601313014454,NIBPO,21,22,200,712,142400
201601313014446,NIBPO,26,48,500,712,356000
201601313014520,NIBPO,53,8,200,720,144000
201601313014515,NIBPO,53,8,200,716,143200
201601313014499,NIBPO,44,1,1500,715,1072500
201601313014497,NIBPO,44,22,500,715,357500
201601313014585,NICA,32,38,323,708,228684
201601313014555,NICA,50,36,100,707,70700
201601313014510,NICA,47,19,80,709,56720
201601313014502,NICA,22,48,50,710,35500
201601313014501,NICA,20,48,50,710,35500
201601313014500,NICA,11,48,50,710,35500
201601313014474,NICA,22,28,200,710,142000
201601313014405,NICA,22,38,50,709,35450
201601313014160,NICA,10,10,154,710,109340
201601313014159,NICA,10,21,150,710,106500
201601313014151,NICA,50,38,50,707,35350
201601313014603,NICL,32,38,200,604,120800
201601313014625,NIL,17,56,50,871,43550
201601313014558,NIL,51,56,230,872,200560
201601313014557,NIL,45,56,200,872,174400
201601313014436,NIL,51,10,600,872,523200
201601313014408,NIL,51,20,200,872,174400
201601313014345,NIL,51,18,75,874,65550
201601313014305,NIL,34,33,30,870,26100
201601313014304,NIL,33,33,50,870,43500
201601313014629,NLBBL,10,49,50,2170,108500
201601313014407,NLBBL,10,26,100,2160,216000
201601313014288,NLBBL,28,34,100,2160,216000
201601313014156,NLBBL,28,48,62,2150,133300
201601313014155,NLBBL,50,48,62,2150,133300
201601313014152,NLBBL,28,48,62,2150,133300
201601313014149,NLBBL,50,48,62,2150,133300
201601313014137,NLBBL,56,7,100,2142,214200
201601313014136,NLBBL,56,6,50,2140,107000
201601313014609,NLG,21,17,75,800,60000
201601313014615,NLIC,16,58,1000,3271,3271000
201601313014599,NLIC,41,48,100,3275,327500
201601313014598,NLIC,56,48,100,3276,327600
201601313014533,NLIC,6,58,100,3280,328000
201601313014529,NLIC,37,58,40,3280,131200
201601313014522,NLIC,37,58,60,3280,196800
201601313014517,NLIC,6,11,60,3280,196800
201601313014482,NLIC,56,53,200,3280,656000
201601313014327,NLIC,53,58,160,3280,524800
201601313014254,NLIC,17,58,20,3280,65600
201601313014200,NLIC,50,58,20,3280,65600
201601313014561,NLICL,47,46,203,2604,528612
201601313014534,NLICL,5,34,76,2603,197828
201601313014485,NLICL,16,16,500,2600,1300000
201601313014439,NLICL,42,53,200,2600,520000
201601313014389,NLICL,26,16,210,2600,546000
201601313014350,NLICL,47,35,300,2601,780300
201601313014341,NLICL,38,16,100,2603,260300
201601313014300,NLICL,38,13,100,2600,260000
201601313014299,NLICL,38,16,300,2600,780000
201601313014259,NLICL,26,16,200,2600,520000
201601313014634,NMB,53,35,600,451,270600
201601313014624,NMB,53,59,400,451,180400
201601313014623,NMB,52,59,50,452,22600
201601313014597,NMB,52,8,70,452,31640
201601313014535,NMB,39,35,1000,452,452000
201601313014483,NMB,17,58,1000,451,451000
201601313014461,NMB,17,43,500,451,225500
201601313014399,NMB,17,43,200,451,90200
201601313014398,NMB,17,50,1000,451,451000
201601313014393,NMB,19,43,200,451,90200
201601313014392,NMB,52,43,100,452,45200
201601313014283,NMB,17,35,1000,451,451000
201601313014269,NNFC,45,17,10,312,3120
201601313014513,NUBL,32,7,100,1790,179000
201601313014630,PCBL,32,17,100,504,50400
201601313014586,PCBL,41,56,500,503,251500
201601313014526,PCBL,41,42,32,502,16064
201601313014326,PCBL,51,6,85,504,42840
201601313014140,PCBL,46,10,500,501,250500
201601313014361,PIC,56,56,100,981,98100
201601313014346,PIC,17,56,100,981,98100
201601313014173,PIC,56,56,330,990,326700
201601313014225,PIC,54,10,70,980,68600
201601313014224,PIC,33,10,200,982,196400
201601313014223,PIC,19,10,50,982,49100
201601313014222,PIC,13,10,180,983,176940
201601313014185,PIC,56,56,200,990,198000
201601313014175,PICL,10,8,100,690,69000
201601313014426,PLIC,49,17,248,1610,399280
201601313014333,PLIC,53,51,100,1610,161000
201601313014332,PLIC,34,51,300,1611,483300
201601313014331,PLIC,47,51,100,1612,161200
201601313014143,PLIC,47,44,20,1619,32380
201601313014434,PRDBL,6,48,33,200,6600
201601313014404,PRDBL,8,11,22,198,4356
201601313014390,PRDBL,36,48,66,200,13200
201601313014383,PRDBL,36,48,33,200,6600
201601313014253,PRDBL,44,13,200,202,40400
201601313014532,RLFL,58,26,100,176,17600
201601313014339,RMDC,22,55,80,681,54480
201601313014338,RMDC,17,55,20,682,13640
201601313014582,SADBL,40,59,300,510,153000
201601313014581,SADBL,53,59,100,511,51100
201601313014516,SADBL,40,50,195,510,99450
201601313014335,SADBL,57,50,173,510,88230
201601313014210,SADBL,32,26,500,510,255000
201601313014579,SAFL,29,25,50,241,12050
201601313014578,SAFL,29,43,100,240,24000
201601313014544,SAFL,29,38,250,237,59250
201601313014540,SAFL,57,25,100,237,23700
201601313014539,SAFL,57,32,200,236,47200
201601313014519,SAFL,57,43,109,235,25615
201601313014456,SAFL,16,25,100,233,23300
201601313014455,SAFL,32,47,56,234,13104
201601313014451,SAFL,33,25,100,230,23000
201601313014437,SAFL,33,33,10,226,2260
201601313014577,SANIMA,45,59,70,719,50330
201601313014562,SANIMA,7,36,200,718,143600
201601313014559,SANIMA,26,59,100,719,71900
201601313014537,SANIMA,22,59,20,719,14380
201601313014523,SANIMA,16,5,500,718,359000
201601313014518,SANIMA,16,59,100,719,71900
201601313014256,SANIMA,11,57,350,720,252000
201601313014168,SANIMA,45,36,50,719,35950
201601313014165,SANIMA,36,36,100,719,71900
201601313014148,SANIMA,47,38,200,718,143600
201601313014374,SANIMA,53,59,150,719,107850
201601313014352,SANIMA,55,59,100,719,71900
201601313014285,SANIMA,26,58,400,718,287200
201601313014284,SANIMA,45,58,200,718,143600
201601313014258,SANIMA,11,8,350,720,252000
201601313014257,SANIMA,11,49,300,720,216000
201601313014280,SBI,50,32,94,1274,119756
201601313014273,SBI,39,17,100,1273,127300
201601313014272,SBI,39,43,200,1271,254200
201601313014249,SBI,39,11,500,1270,635000
201601313014245,SBI,39,56,43,1269,54567
201601313014147,SBI,41,38,60,1265,75900
201601313014453,SCB,7,38,50,2655,132750
201601313014197,SCB,49,49,10,2654,26540
201601313014186,SCB,7,49,38,2654,100852
201601313014166,SCB,21,40,90,2655,238950
201601313014627,SEWA,44,38,1200,305,366000
201601313014620,SEWA,44,17,400,305,122000
201601313014616,SEWA,44,43,31,304,9424
201601313014613,SEWA,44,13,500,300,150000
201601313014611,SEWA,44,43,237,303,71811
201601313014606,SEWA,44,21,500,302,151000
201601313014230,SEWA,48,38,1000,300,300000
201601313014221,SEWA,48,8,500,297,148500
201601313014215,SEWA,48,21,38,297,11286
201601313014583,SEWA,21,13,166,296,49136
201601313014469,SEWA,22,28,150,297,44550
201601313014464,SEWA,39,28,100,297,29700
201601313014233,SEWA,48,41,400,301,120400
201601313014232,SEWA,48,43,100,301,30100
201601313014231,SEWA,48,56,300,300,90000
201601313014605,SEWA,44,47,30,301,9030
201601313014601,SEWA,44,13,200,300,60000
201601313014600,SEWA,44,45,100,300,30000
201601313014594,SEWA,44,45,64,300,19200
201601313014593,SEWA,44,42,340,298,101320
201601313014588,SEWA,21,28,250,297,74250
201601313014430,SFL,18,39,20,196,3920
201601313014414,SFL,58,35,256,193,49408
201601313014484,SHPC,10,28,300,864,259200
201601313014449,SHPC,10,44,100,866,86600
201601313014444,SHPC,20,10,54,866,46764
201601313014415,SHPC,20,44,600,866,519600
201601313014378,SHPC,20,47,49,866,42434
201601313014298,SHPC,36,44,500,865,432500
201601313014261,SHPC,51,54,250,863,215750
201601313014162,SHPC,51,7,250,863,215750
201601313014161,SHPC,39,7,250,864,216000
201601313014176,SIC,37,38,50,1002,50100
201601313014626,SICL,44,46,500,1475,737500
201601313014612,SICL,16,26,200,1474,294800
201601313014504,SICL,45,47,320,1470,470400
201601313014503,SICL,45,1,100,1467,146700
201601313014448,SICL,32,42,100,1460,146000
201601313014388,SIL,17,44,12,1030,12360
201601313014386,SIL,17,44,20,1030,20600
201601313014174,SIL,55,17,181,1030,186430
201601313014170,SIL,50,47,704,1030,725120
201601313014633,SKBBL,50,1,100,1420,142000
201601313014632,SKBBL,13,43,19,1415,26885
201601313014608,SKBBL,50,11,35,1420,49700
201601313014266,SKBBL,17,59,400,1424,569600
201601313014220,SKBBL,17,11,100,1420,142000
201601313014201,SKBBL,54,1,500,1418,709000
201601313014198,SKBBL,32,52,19,1419,26961
201601313014157,SKBBL,13,58,150,1415,212250
201601313014512,SLICL,38,34,100,764,76400
201601313014511,SLICL,49,34,200,765,153000
201601313014622,SMFDB,25,26,100,2437,243700
201601313014592,SMFDB,25,21,69,2390,164910
201601313014575,SMFDB,42,7,100,2380,238000
201601313014574,SMFDB,42,26,100,2379,237900
201601313014573,SMFDB,42,1,20,2378,47560
201601313014572,SMFDB,42,45,100,2370,237000
201601313014402,SMFDB,55,45,100,2360,236000
201601313014595,SRBL,48,54,81,430,34830
201601313014580,SRBL,26,54,81,431,34911
201601313014435,SRBL,29,48,50,432,21600
201601313014397,SRBL,1,48,500,432,216000
201601313014135,SRBL,51,40,21,430,9030
201601313014564,SWBBL,33,55,100,2120,212000
201601313014553,SWBBL,55,34,100,2108,210800
201601313014552,SWBBL,55,19,20,2107,42140
201601313014524,SWBBL,55,19,100,2107,210700
201601313014429,SWBBL,56,26,100,2110,211000
201601313014428,SWBBL,56,55,100,2109,210900
201601313014427,SWBBL,56,34,40,2108,84320
201601313014417,SWBBL,28,34,50,2100,105000
201601313014416,SWBBL,55,34,100,2100,210000
201601313014277,SWBBL,55,45,100,2100,210000
201601313014237,SWBBL,55,53,250,2100,525000
201601313014138,SWBBL,55,55,100,2105,210500
201601313014260,SYFL,50,46,1000,109,109000
201601313014167,TBBL,42,34,167,273,45591
201601313014541,UIC,16,40,500,535,267500
201601313014205,UIC,14,36,500,535,267500
201601313014324,WDBL,38,13,42,401,16842
201601313014491,YETI,48,11,60,167,10020
201601313014475,YETI,48,57,1137,165,187605
201601313014438,YETI,48,42,60,167,10020
201601313014342,YETI,48,47,40,167,6680
201601313014323,YETI,48,13,40,167,6680
201601313014281,YETI,45,47,40,166,6640
201601313014271,YETI,45,29,200,166,33200
201601313014264,YETI,7,47,40,164,6560
201601313014132,ACEDBL,11,57,1000,340,340000
201601313014131,ACEDBL,19,57,400,341,136400
201601313014126,ACEDBL,52,57,100,343,34300
201601313013763,ACEDBL,29,53,100,350,35000
201601313013669,ACEDBL,19,57,115,344,39560
201601313014081,ADBL,36,6,500,580,290000
201601313014080,ADBL,36,16,500,579,289500
201601313014078,ADBL,36,48,500,575,287500
201601313014073,ADBL,36,41,40,575,23000
201601313013687,ADBL,29,29,30,575,17250
201601313013932,ADBL,41,48,70,572,40040
201601313013931,ADBL,56,48,200,572,114400
201601313013679,ALDBL,43,45,10,365,3650
201601313014064,ALICL,53,48,252,1260,317520
201601313013954,ALICL,26,7,228,1261,287508
201601313013756,ALICL,53,16,219,1270,278130
201601313014038,API,56,44,300,433,129900
201601313013961,API,6,52,16,432,6912
201601313013862,API,39,6,26,440,11440
201601313013839,API,39,43,20,440,8800
201601313014122,ARDBL,32,17,200,252,50400
201601313014121,ARDBL,32,10,200,252,50400
201601313014120,ARDBL,32,5,100,252,25200
201601313014025,ARDBL,56,21,500,251,125500
201601313014023,ARDBL,56,57,213,248,52824
201601313014016,ARDBL,56,22,200,247,49400
201601313013638,ARDBL,35,17,500,244,122000
201601313013720,ARDBL,58,13,525,248,130200
201601313013719,ARDBL,58,22,50,248,12400
201601313013717,ARDBL,53,34,500,247,123500
201601313013716,ARDBL,53,57,100,245,24500
201601313013701,ARDBL,35,35,1000,244,244000
201601313013671,ARDBL,35,34,500,244,122000
201601313013823,ARDBL,58,58,28,248,6944
201601313013822,ARDBL,58,56,20,248,4960
201601313013819,ARDBL,58,56,30,248,7440
201601313013743,ARDBL,53,36,22,244,5368
201601313013733,ARDBL,58,17,196,248,48608
201601313013728,ARDBL,58,17,93,248,23064
201601313013911,ARDBL,58,29,31,244,7564
201601313013904,ARDBL,56,21,100,240,24000
201601313013889,ARDBL,53,29,33,244,8052
201601313013886,ARDBL,58,19,1000,245,245000
201601313013882,ARDBL,58,21,500,245,122500
201601313013881,ARDBL,49,21,500,246,123000
201601313013945,ARDBL,58,19,451,241,108691
201601313013944,ARDBL,53,57,55,243,13365
201601313013943,ARDBL,53,22,200,243,48600
201601313013929,ARDBL,58,56,200,241,48200
201601313013918,ARDBL,58,22,200,241,48200
201601313013915,ARDBL,58,56,220,241,53020
201601313014004,ARDBL,58,19,55,243,13365
201601313013976,ARDBL,58,29,44,244,10736
201601313013970,ARDBL,58,29,55,244,13420
201601313013969,ARDBL,58,29,33,244,8052
201601313013967,ARDBL,58,29,44,244,10736
201601313013966,ARDBL,58,29,42,244,10248
201601313013705,BLDBL,13,10,100,343,34300
201601313014088,CBBL,43,22,50,1820,91000
201601313014079,CBBL,38,42,300,1815,544500
201601313013919,CBBL,45,45,329,1810,595490
201601313013737,CBBL,38,59,100,1810,181000
201601313013685,CBBL,22,22,50,1800,90000
201601313014124,CCBL,6,49,50,330,16500
201601313014115,CCBL,53,36,162,326,52812
201601313013866,CCBL,53,41,300,328,98400
201601313013860,CCBL,21,38,248,327,81096
201601313013836,CCBL,21,44,45,326,14670
201601313013653,CCBL,45,41,100,326,32600
201601313013652,CCBL,48,41,100,326,32600
201601313014116,CHCL,17,51,43,1285,55255
201601313014013,CHCL,29,43,100,1288,128800
201601313013953,CHCL,6,43,100,1287,128700
201601313013952,CHCL,33,45,100,1285,128500
201601313013863,CHCL,48,14,496,1280,634880
201601313013809,CHCL,14,14,100,1284,128400
201601313013663,CIT,58,58,1500,4300,6450000
201601313014005,CNDBL,6,7,416,207,86112
201601313013712,CNDBL,6,32,300,207,62100
201601313014133,CZBIL,22,38,500,620,310000
201601313013998,CZBIL,26,32,17,620,10540
201601313013991,CZBIL,59,48,500,620,310000
201601313013990,CZBIL,46,32,50,618,30900
201601313013989,CZBIL,55,32,30,620,18600
201601313013980,CZBIL,55,11,20,620,12400
201601313013656,CZBIL,35,16,75,623,46725
201601313013808,CZBIL,22,28,100,620,62000
201601313013807,CZBIL,21,28,100,620,62000
201601313013806,CZBIL,48,28,200,620,124000
201601313013805,CZBIL,14,28,100,620,62000
201601313013787,CZBIL,7,28,200,622,124400
201601313013700,CZBIL,49,55,100,621,62100
201601313013958,CZBIL,55,51,143,619,88517
201601313013946,CZBIL,7,28,300,620,186000
201601313013916,CZBIL,20,28,600,620,372000
201601313013898,CZBIL,10,28,200,620,124000
201601313013861,CZBIL,7,28,100,620,62000
201601313013834,CZBIL,52,28,100,620,62000
201601313013979,CZBIL,59,42,72,620,44640
201601313013978,CZBIL,59,28,100,620,62000
201601313013975,CZBIL,21,32,190,617,117230
201601313013974,CZBIL,17,32,50,617,30850
201601313013973,CZBIL,47,32,100,618,61800
201601313013972,CZBIL,22,32,60,619,37140
201601313013896,DBBL,41,6,130,222,28860
201601313013686,DBBL,35,35,514,220,113080
201601313013672,DBBL,36,45,150,220,33000
201601313013642,DBBL,35,5,500,220,110000
201601313013641,DBBL,35,49,190,219,41610
201601313014040,DDBL,28,14,100,2000,200000
201601313014021,DDBL,50,49,103,1999,205897
201601313013982,EBL,20,11,200,2320,464000
201601313013938,EBL,6,59,100,2320,232000
201601313013681,EBL,21,21,36,2325,83700
201601313013651,EBL,36,59,100,2330,233000
201601313013639,EBL,50,59,100,2330,233000
201601313013765,EIC,17,29,100,938,93800
201601313013741,EIC,39,44,500,930,465000
201601313013732,GBBL,16,49,24,318,7632
201601313013725,GBBL,16,49,400,318,127200
201601313013724,GBBL,43,49,100,319,31900
201601313013723,GBBL,43,49,100,319,31900
201601313014111,GBIME,42,50,500,455,227500
201601313014110,GBIME,42,48,545,455,247975
201601313014109,GBIME,42,42,44,455,20020
201601313014108,GBIME,42,42,44,455,20020
201601313014107,GBIME,42,45,1000,455,455000
201601313014106,GBIME,42,58,499,455,227045
201601313013675,GBIME,37,58,1000,455,455000
201601313013674,GBIME,6,58,100,456,45600
201601313013673,GBIME,26,58,80,456,36480
201601313013662,GBIME,32,39,300,455,136500
201601313013832,GBIME,17,58,120,455,54600
201601313013831,GBIME,37,58,130,455,59150
201601313013830,GBIME,49,58,20,455,9100
201601313013829,GBIME,55,58,100,456,45600
201601313013748,GBIME,29,21,45,456,20520
201601313013683,GBIME,17,58,500,454,227000
201601313013906,GBIME,1,48,1000,453,453000
201601313013905,GBIME,25,48,150,454,68100
201601313013878,GBIME,25,51,500,454,227000
201601313013877,GBIME,17,51,500,454,227000
201601313013853,GBIME,33,33,150,455,68250
201601313013833,GBIME,21,58,50,455,22750
201601313014105,GBIME,42,51,108,455,49140
201601313014104,GBIME,42,26,50,455,22750
201601313014103,GBIME,42,17,300,455,136500
201601313014024,GBIME,54,42,120,454,54480
201601313013956,GBIME,26,42,200,454,90800
201601313013907,GBIME,19,48,60,453,27180
201601313013786,GLICL,43,59,1000,602,602000
201601313014063,HAMA,25,39,20,184,3680
201601313014076,HBL,29,43,153,972,148716
201601313013920,HBL,5,11,176,970,170720
201601313013903,HBL,56,39,100,969,96900
201601313014046,HGI,43,14,100,700,70000
201601313014045,HGI,52,14,90,701,63090
201601313014008,HGI,52,58,11,701,7711
201601313013655,HGI,6,11,100,702,70200
201601313013654,HGI,6,6,100,700,70000
201601313014015,ICFC,54,57,400,241,96400
201601313014014,ICFC,34,57,200,241,48200
201601313013912,ICFC,34,58,200,241,48200
201601313013899,ICFC,34,58,200,241,48200
201601313013894,ICFC,54,44,373,241,89893
201601313013885,ICFC,8,58,200,241,48200
201601313013835,ICFC,54,19,98,242,23716
201601313013764,ICFC,34,28,500,242,121000
201601313014102,ILFCM,6,40,100,1187,118700
201601313014101,ILFCM,43,40,100,1188,118800
201601313014100,ILFCM,47,40,100,1189,118900
201601313014099,ILFCM,47,40,100,1190,119000
201601313014041,ILFCM,44,26,100,1190,119000
201601313013792,ILFCM,38,33,200,1188,237600
201601313014048,KDBL,59,29,63,212,13356
201601313014044,KDBL,59,17,85,210,17850
201601313013994,KDBL,32,42,85,210,17850
201601313013993,KDBL,32,40,100,209,20900
201601313014057,KMCDB,45,26,100,1635,163500
201601313014056,KMCDB,7,26,100,1636,163600
201601313013665,KMCDB,45,6,100,1640,164000
201601313013745,KMCDB,21,22,30,1640,49200
201601313013740,KMCDB,21,43,10,1640,16400
201601313013738,KMCDB,21,43,10,1640,16400
201601313013698,KMCDB,21,21,100,1640,164000
201601313013666,KMCDB,45,21,200,1640,328000
201601313013843,KMCDB,7,56,40,1649,65960
201601313013842,KMCDB,7,19,50,1643,82150
201601313013841,KMCDB,7,19,240,1640,393600
201601313013826,KMCDB,1,19,60,1640,98400
201601313013762,KMCDB,1,48,140,1640,229600
201601313013754,KMCDB,1,22,70,1642,114940
201601313013867,KMCDB,10,22,188,1640,308320
201601313013849,KMCDB,7,22,120,1650,198000
201601313013848,KMCDB,7,53,50,1650,82500
201601313013844,KMCDB,7,56,16,1649,26384
201601313014125,LBL,29,43,300,588,176400
201601313014087,LBL,1,6,82,586,48052
201601313014074,LBL,1,39,193,587,113291
201601313014066,LBL,54,26,195,586,114270
201601313013968,LBL,55,43,300,585,175500
201601313013856,LBL,38,16,509,586,298274
201601313014067,LICN,7,40,20,3520,70400
201601313014006,LICN,36,14,120,3515,421800
201601313013921,LICN,53,1,35,3514,122990
201601313013684,LICN,47,43,81,3505,283905
201601313014112,LLBS,19,37,68,2080,141440
201601313013869,LLBS,45,33,18,2050,36900
201601313013694,LLBS,25,26,300,2070,621000
201601313013668,LLBS,19,38,50,2069,103450
201601313013692,MDBL,19,5,350,280,98000
201601313014084,MFL,41,41,90,285,25650
201601313014077,MFL,18,41,10,281,2810
201601313013999,MFL,39,58,10,276,2760
201601313013803,MNBBL,1,29,200,830,166000
201601313013789,MNBBL,1,6,38,830,31540
201601313013788,MNBBL,1,34,200,829,165800
201601313013785,MNBBL,22,49,200,828,165600
201601313013784,MNBBL,22,26,100,827,82700
201601313013996,NABIL,47,35,100,1895,189500
201601313013977,NABIL,22,29,42,1888,79296
201601313013769,NABIL,25,26,200,1890,378000
201601313013768,NABIL,26,26,130,1890,245700
201601313014003,NABILP,43,28,350,1457,509950
201601313014002,NABILP,26,28,200,1460,292000
201601313014001,NABILP,43,28,150,1461,219150
201601313013987,NABILP,38,43,158,1462,230996
201601313013928,NABILP,28,28,50000,1450,72500000
201601313013722,NABILP,49,32,200,1460,292000
201601313014089,NBB,49,49,1200,488,585600
201601313014086,NBB,29,57,229,489,111981
201601313014085,NBB,29,58,250,489,122250
201601313013635,NBB,50,17,100,486,48600
201601313013755,NBB,1,58,200,489,97800
201601313013704,NBB,29,58,150,489,73350
201601313013636,NBB,25,17,50,486,24300
201601313013703,NBF1,22,42,7000,16,110250
201601313013660,NBF1,7,41,22287,16,351020
201601313014134,NBL,11,16,100,323,32300
201601313014083,NBL,29,8,300,325,97500
201601313014058,NBL,29,21,500,325,162500
201601313014026,NBL,22,44,293,322,94346
201601313013680,NBL,29,21,200,321,64200
201601313013677,NBL,33,21,300,322,96600
201601313013658,NBL,29,39,458,325,148850
201601313013657,NBL,29,29,1000,324,324000
201601313013901,NCDB,18,43,972,337,327564
201601313013900,NCDB,18,17,100,337,33700
201601313013847,NCDB,21,43,300,331,99300
201601313013846,NCDB,21,17,200,330,66000
201601313013925,NHPC,48,35,770,145,111650
201601313013924,NHPC,38,35,30,145,4350
201601313013923,NHPC,50,35,100,145,14500
201601313013922,NHPC,21,35,100,146,14600
201601313013917,NHPC,38,44,1000,145,145000
201601313013758,NHPC,38,44,970,145,140650
201601313014130,NIB,6,6,4500,805,3622500
201601313014123,NIB,35,6,50,810,40500
201601313014119,NIB,10,25,500,813,406500
201601313014118,NIB,10,32,100,813,81300
201601313014117,NIB,10,22,90,812,73080
201601313014113,NIB,33,6,209,810,169290
201601313013697,NIB,40,43,400,809,323600
201601313013690,NIB,22,26,100,809,80900
201601313013689,NIB,22,6,500,809,404500
201601313013661,NIB,36,58,100,809,80900
201601313013731,NIB,33,25,470,810,380700
201601313013730,NIB,33,40,100,810,81000
201601313013726,NIB,33,52,105,810,85050
201601313013721,NIB,33,6,500,810,405000
201601313013707,NIB,11,25,30,810,24300
201601313013706,NIB,11,50,870,810,704700
201601313013840,NIB,22,44,13,808,10504
201601313013838,NIB,42,49,50,810,40500
201601313013837,NIB,42,43,50,810,40500
201601313013818,NIB,1,32,500,810,405000
201601313013782,NIB,11,50,870,809,703830
201601313013771,NIB,42,32,150,810,121500
201601313013887,NIB,14,5,508,810,411480
201601313013880,NIB,41,5,150,809,121350
201601313013868,NIB,45,50,100,809,80900
201601313013864,NIB,45,50,100,809,80900
201601313013851,NIB,22,19,678,809,548502
201601313013850,NIB,19,6,600,808,484800
201601313013910,NIB,33,25,500,811,405500
201601313013909,NIB,14,6,1000,810,810000
201601313013893,NIB,14,50,50,810,40500
201601313013892,NIB,14,49,150,810,121500
201601313013891,NIB,14,6,500,810,405000
201601313013890,NIB,14,17,33,808,26664
201601313013984,NIB,19,32,100,809,80900
201601313013983,NIB,42,32,150,810,121500
201601313013981,NIB,14,52,500,811,405500
201601313013950,NIB,36,19,58,810,46980
201601313013930,NIB,19,22,100,810,81000
201601313013913,NIB,6,6,1000,808,808000
201601313014092,NIB,33,26,100,812,81200
201601313014091,NIB,33,55,200,812,162400
201601313014022,NIB,33,32,259,810,209790
201601313013995,NIB,14,32,60,810,48600
201601313013986,NIB,22,32,190,808,153520
201601313013985,NIB,5,32,500,808,404000
201601313014036,NIBPO,41,14,700,705,493500
201601313014035,NIBPO,5,14,200,705,141000
201601313014034,NIBPO,20,14,500,705,352500
201601313014033,NIBPO,21,14,100,705,70500
201601313014032,NIBPO,20,14,200,706,141200
201601313014031,NIBPO,40,14,100,707,70700
201601313014030,NIBPO,21,14,50,707,35350
201601313013942,NIBPO,21,28,600,707,424200
201601313013934,NIBPO,17,54,500,707,353500
201601313013852,NIBPO,34,34,1000,706,706000
201601313013708,NIBPO,58,34,1000,705,705000
201601313013646,NIBPO,32,14,50,707,35350
201601313014018,NICA,53,51,95,708,67260
201601313014017,NICA,53,51,100,708,70800
201601313013955,NICA,22,40,200,707,141400
201601313013933,NICA,29,51,100,708,70800
201601313013845,NICA,50,8,100,708,70800
201601313013775,NICA,41,49,50,705,35250
201601313013774,NICA,37,49,230,705,162150
201601313013773,NICA,45,49,20,709,14180
201601313013751,NICL,32,57,300,606,181800
201601313013935,NLIC,35,17,70,3290,230300
201601313013820,NLIC,35,21,100,3290,329000
201601313013783,NLIC,49,45,15,3285,49275
201601313013759,NLIC,35,25,100,3280,328000
201601313013753,NLIC,59,7,100,3280,328000
201601313013709,NLIC,6,58,50,3280,164000
201601313013664,NLIC,6,58,150,3280,492000
201601313014050,NLICL,20,53,500,2600,1300000
201601313014049,NLICL,53,53,10,2600,26000
201601313014019,NLICL,42,42,1000,2600,2600000
201601313013865,NLICL,53,40,20,2600,52000
201601313013859,NLICL,57,34,100,2600,260000
201601313013855,NLICL,53,22,20,2600,52000
201601313013825,NLICL,20,53,500,2599,1299500
201601313014000,NMB,33,35,1000,451,451000
201601313013908,NMB,51,41,300,449,134700
201601313013876,NMB,16,35,800,449,359200
201601313013875,NMB,6,35,500,449,224500
201601313013874,NMB,6,35,1000,449,449000
201601313013873,NMB,16,35,100,449,44900
201601313013872,NMB,39,35,100,449,44900
201601313013871,NMB,51,35,300,450,135000
201601313013870,NMB,42,35,200,451,90200
201601313014075,NTC,38,38,800,678,542400
201601313013957,NTC,38,38,960,679,651840
201601313013927,NTC,38,26,150,680,102000
201601313013926,NTC,38,53,650,680,442000
201601313013688,NTC,56,36,300,677,203100
201601313013667,NTC,56,53,1000,680,680000
201601313013963,NUBL,28,45,400,1800,720000
201601313013962,NUBL,28,1,111,1795,199245
201601313013960,NUBL,35,35,1500,1762,2643000
201601313013959,NUBL,50,35,400,1780,712000
201601313013939,NUBL,35,35,2500,1765,4412500
201601313013799,PCBL,17,53,150,500,75000
201601313013798,PCBL,1,53,200,500,100000
201601313013797,PCBL,38,53,20,500,10000
201601313013796,PCBL,6,53,200,500,100000
201601313013795,PCBL,51,53,200,501,100200
201601313013794,PCBL,1,53,150,501,75150
201601313013793,PCBL,14,53,100,502,50200
201601313013682,PCBL,1,19,50,501,25050
201601313014012,PIC,13,25,100,990,99000
201601313014011,PIC,13,22,150,990,148500
201601313013988,PIC,13,22,65,985,64025
201601313013781,PICL,29,16,1000,690,690000
201601313013780,PICL,29,53,500,690,345000
201601313013779,PICL,29,10,300,689,206700
201601313014082,PLIC,34,57,354,1618,572772
201601313014020,PLIC,22,19,100,1619,161900
201601313013761,PLIC,49,49,50,1620,81000
201601313013645,PLIC,34,29,200,1615,323000
201601313014093,PRDBL,21,40,1000,200,200000
201601313014029,PRDBL,39,13,200,198,39600
201601313013750,PRDBL,45,22,161,196,31556
201601313013749,PRDBL,45,39,50,196,9800
201601313013693,PRDBL,29,40,1000,195,195000
201601313013640,PRDBL,45,40,80,193,15440
201601313013951,PRDBL,29,6,11,197,2167
201601313013949,PRDBL,43,51,22,196,4312
201601313013948,PRDBL,29,6,22,197,4334
201601313013937,PRDBL,29,6,33,197,6501
201601313014090,RMDC,44,13,150,690,103500
201601313014065,RMDC,44,13,200,690,138000
201601313014096,SADBL,8,52,100,515,51500
201601313014095,SADBL,8,50,100,510,51000
201601313014061,SADBL,46,50,50,510,25500
201601313014060,SADBL,36,50,50,511,25550
201601313013936,SADBL,29,49,142,505,71710
201601313013752,SADBL,19,54,200,497,99400
201601313013744,SADBL,6,54,100,497,49700
201601313013742,SADBL,40,54,200,497,99400
201601313013718,SADBL,29,26,100,505,50500
201601313013715,SADBL,8,26,100,505,50500
201601313013676,SADBL,8,7,100,515,51500
201601313013670,SADBL,36,7,50,516,25800
201601313014053,SANIMA,35,36,50,719,35950
201601313014052,SANIMA,29,36,100,719,71900
201601313013914,SANIMA,53,53,150,716,107400
201601313013821,SANIMA,36,57,200,720,144000
201601313013817,SANIMA,54,59,500,715,357500
201601313013816,SANIMA,41,59,200,715,143000
201601313013659,SANIMA,35,44,100,720,72000
201601313013648,SANIMA,42,44,500,720,360000
201601313013804,SANIMA,45,42,277,719,199163
201601313013770,SANIMA,56,57,200,720,144000
201601313013757,SANIMA,22,57,100,720,72000
201601313013739,SANIMA,29,57,100,720,72000
201601313013711,SANIMA,33,57,50,720,36000
201601313013710,SANIMA,33,44,150,720,108000
201601313013815,SANIMA,44,59,400,715,286000
201601313013814,SANIMA,6,59,200,716,143200
201601313013813,SANIMA,58,59,300,716,214800
201601313013812,SANIMA,56,59,200,717,143400
201601313013811,SANIMA,35,59,500,718,359000
201601313013810,SANIMA,45,59,200,719,143800
201601313013736,SBI,45,45,10,1274,12740
201601313013702,SBI,17,53,10,1280,12800
201601313014097,SCB,21,59,110,2655,292050
201601313014042,SCB,13,17,200,2654,530800
201601313013947,SCB,13,36,150,2654,398100
201601313013828,SCB,21,44,14,2655,37170
201601313013760,SEWA,21,48,10,296,2960
201601313014069,SFL,41,42,15,193,2895
201601313013827,SFL,45,43,24,190,4560
201601313013766,SHL,41,53,500,330,165000
201601313014129,SHPC,45,44,100,865,86500
201601313014128,SHPC,36,44,50,866,43300
201601313013802,SHPC,41,44,350,870,304500
201601313013801,SHPC,5,44,50,870,43500
201601313013800,SHPC,41,44,100,870,87000
201601313013790,SHPC,48,44,30,871,26130
201601313013714,SHPC,41,45,100,870,87000
201601313013965,SICL,21,47,120,1460,175200
201601313013964,SICL,50,47,60,1460,87600
201601313013854,SICL,50,41,40,1460,58400
201601313014127,SIL,50,59,300,1030,309000
201601313013888,SIL,50,7,110,1030,113300
201601313013884,SIL,50,38,306,1030,315180
201601313013883,SIL,49,49,200,1025,205000
201601313013678,SIL,49,49,100,1025,102500
201601313013772,SINDU,44,16,500,300,150000
201601313014068,SRBL,49,49,2000,435,870000
201601313014051,SRBL,1,33,300,435,130500
201601313013997,SRBL,1,49,200,435,87000
201601313013941,SRBL,44,13,100,436,43600
201601313013940,SRBL,44,13,500,436,218000
201601313013767,SRBL,39,25,100,434,43400
201601313013735,SRBL,39,16,200,432,86400
201601313013734,SRBL,39,28,100,432,43200
201601313013727,SRBL,39,8,100,430,43000
201601313013695,SRBL,1,45,17,428,7276
201601313013637,SRBL,39,17,100,430,43000
201601313014072,SWBBL,21,55,100,2106,210600
201601313014071,SWBBL,21,55,50,2105,105250
201601313014070,SWBBL,21,45,50,2100,105000
201601313014043,SWBBL,55,17,50,2090,104500
201601313014037,SWBBL,55,29,25,2090,52250
201601313013971,SWBBL,44,5,50,2088,104400
201601313013902,SWBBL,55,49,36,2080,74880
201601313013897,SWBBL,5,33,10,2085,20850
201601313013858,SWBBL,33,5,100,2080,208000
201601313013857,SWBBL,33,41,50,2075,103750
201601313013879,SYFL,8,40,50,109,5450
201601313013729,SYFL,29,21,60,107,6420
201601313013650,SYFL,49,49,8575,105,900375
201601313014098,TRH,25,56,500,220,110000
201601313014027,TRH,1,25,90,216,19440
201601313013747,TRH,52,53,200,217,43400
201601313013746,TRH,28,53,300,218,65400
201601313014094,UFCL,19,10,70,140,9800
201601313014062,UFCL,42,10,700,138,96600
201601313014055,UFCL,49,10,200,140,28000
201601313013699,UFCL,19,46,63,141,8883
201601313013647,UFCL,25,39,100,143,14300
201601313013644,UFCL,25,58,200,142,28400
201601313013643,UFCL,25,21,100,142,14200
201601313014047,UFL,39,43,10,295,2950
201601313014039,UFL,17,43,10,290,2900
201601313014007,UFL,42,42,23,285,6555
201601313013992,UFL,50,42,10,280,2800
201601313013691,UFL,39,50,27,275,7425
201601313014059,YETI,47,29,1000,163,163000
201601313014054,YETI,47,57,91,163,14833
201601313013895,YETI,40,29,300,160,48000
201601313013824,YETI,25,29,650,160,104000
201601313013791,YETI,47,35,82,161,13202
201601313013778,YETI,47,35,420,161,67620
201601313013777,YETI,8,35,500,162,81000
201601313013776,YETI,14,35,80,163,13040
201601313013696,YETI,14,45,20,163,3260
201601313013207,ADBL,41,41,40,590,23600
201601313013305,ADBL,29,59,400,571,228400
201601313013291,ADBL,51,59,100,579,57900
201601313013286,ADBL,29,6,500,580,290000
201601313013395,ALDBL,29,45,10,358,3580
201601313013390,ALDBL,41,45,10,351,3510
201601313013377,ALDBL,25,41,10,345,3450
201601313013437,ALICL,56,38,300,1260,378000
201601313013342,API,39,44,20,435,8700
201601313013264,API,22,39,50,434,21700
201601313013579,ARDBL,35,16,500,245,122500
201601313013537,ARDBL,35,22,100,244,24400
201601313013536,ARDBL,35,58,200,243,48600
201601313013435,ARDBL,36,22,50,240,12000
201601313013425,ARDBL,32,54,105,236,24780
201601313013422,ARDBL,58,16,44,240,10560
201601313013348,ARDBL,58,48,550,235,129250
201601313013421,ARDBL,58,16,500,240,120000
201601313013420,ARDBL,35,22,275,240,66000
201601313013419,ARDBL,7,41,210,239,50190
201601313013414,ARDBL,7,16,308,239,73612
201601313013396,ARDBL,58,58,500,238,119000
201601313013349,ARDBL,58,11,100,236,23600
201601313013592,BLDBL,13,19,78,350,27300
201601313013481,CBBL,38,53,100,1810,181000
201601313013480,CBBL,38,47,100,1809,180900
201601313013224,CBBL,44,44,400,1769,707600
201601313013415,CBBL,38,41,24,1802,43248
201601313013407,CBBL,38,41,350,1800,630000
201601313013388,CBBL,45,53,400,1800,720000
201601313013249,CBBL,55,47,100,1800,180000
201601313013247,CBBL,38,47,10,1795,17950
201601313013227,CBBL,44,44,388,1760,682880
201601313013498,CCBL,17,10,200,326,65200
201601313013497,CCBL,51,10,300,326,97800
201601313013469,CCBL,17,46,84,327,27468
201601313013313,CCBL,22,49,200,330,66000
201601313013287,CCBL,22,49,300,330,99000
201601313013226,CCBL,53,49,1000,330,330000
201601313013563,CZBIL,22,38,500,622,311000
201601313013562,CZBIL,22,16,500,621,310500
201601313013341,CZBIL,32,29,50,620,31000
201601313013267,CZBIL,26,17,100,621,62100
201601313013266,CZBIL,51,17,300,622,186600
201601313013265,CZBIL,56,17,300,623,186900
201601313013219,CZBIL,17,17,500,615,307500
201601313013197,CZBIL,26,28,25,617,15425
201601313013189,CZBIL,48,19,130,615,79950
201601313013187,CZBIL,48,44,24,615,14760
201601313013582,DBBL,29,49,200,217,43400
201601313013581,DBBL,22,49,110,218,23980
201601313013574,DBBL,49,49,500,219,109500
201601313013555,DBBL,33,6,50,222,11100
201601313013554,DBBL,26,6,20,224,4480
201601313013527,DBBL,49,58,473,220,104060
201601313013157,DBBL,16,16,54,216,11664
201601313013163,DBBL,16,16,91,216,19656
201601313013162,DBBL,16,16,91,216,19656
201601313013161,DBBL,16,16,54,216,11664
201601313013160,DBBL,16,16,54,216,11664
201601313013159,DBBL,16,16,54,216,11664
201601313013158,DBBL,16,16,91,216,19656
201601313013169,DBBL,16,16,54,216,11664
201601313013168,DBBL,16,16,54,216,11664
201601313013167,DBBL,16,16,91,216,19656
201601313013166,DBBL,16,16,54,216,11664
201601313013165,DBBL,16,16,54,216,11664
201601313013164,DBBL,16,16,54,216,11664
201601313013175,DBBL,16,16,91,216,19656
201601313013174,DBBL,16,16,54,216,11664
201601313013173,DBBL,16,16,54,216,11664
201601313013172,DBBL,16,16,54,216,11664
201601313013171,DBBL,16,16,54,216,11664
201601313013170,DBBL,16,16,54,216,11664
201601313013511,DBBL,33,42,150,222,33300
201601313013495,DBBL,22,10,889,220,195580
201601313013242,DBBL,41,43,10,224,2240
201601313013213,DBBL,41,40,11,220,2420
201601313013177,DBBL,47,47,36,220,7920
201601313013176,DBBL,47,47,36,220,7920
201601313013514,EBL,59,59,60,2320,139200
201601313013248,EBL,33,33,500,2300,1150000
201601313013580,EIC,57,44,500,920,460000
201601313013567,GBBL,42,11,200,321,64200
201601313013558,GBBL,52,11,200,322,64400
201601313013551,GBBL,17,11,100,324,32400
201601313013622,GBIME,43,33,50,457,22850
201601313013601,GBIME,6,33,200,458,91600
201601313013553,GBIME,17,1,137,458,62746
201601313013547,GBIME,17,29,80,457,36560
201601313013507,GBIME,37,19,878,457,401246
201601313013477,GBIME,6,33,200,455,91000
201601313013239,GBIME,43,41,200,460,92000
201601313013193,GBIME,21,1,200,462,92400
201601313013302,GBIME,34,33,200,458,91600
201601313013271,GBIME,21,55,202,458,92516
201601313013244,GBIME,10,35,610,460,280600
201601313013243,GBIME,10,41,390,460,179400
201601313013241,GBIME,29,41,250,460,115000
201601313013240,GBIME,49,41,100,460,46000
201601313013476,GBIME,43,33,100,455,45500
201601313013462,GBIME,26,41,12,456,5472
201601313013434,GBIME,21,33,500,458,229000
201601313013343,GBIME,21,58,570,457,260490
201601313013312,GBIME,11,33,200,459,91800
201601313013304,GBIME,21,33,100,459,45900
201601313013188,HBL,46,49,200,965,193000
201601313013576,HGI,59,40,200,695,139000
201601313013591,ICFC,45,28,200,242,48400
201601313013586,ICFC,34,58,96,243,23328
201601313013523,ICFC,57,25,800,239,191200
201601313013508,ICFC,45,44,500,238,119000
201601313013387,ICFC,34,40,245,235,57575
201601313013294,ICFC,37,25,500,235,117500
201601313013588,ILFCM,47,36,95,1200,114000
201601313013479,ILFCM,47,58,110,1210,133100
201601313013399,ILFCM,42,16,10,1206,12060
201601313013300,ILFCM,42,26,10,1183,11830
201601313013236,ILFCM,47,33,200,1160,232000
201601313013223,ILFCM,47,33,200,1155,231000
201601313013204,ILFCM,47,33,200,1144,228800
201601313013198,ILFCM,14,26,25,1122,28050
201601313013624,KEBL,29,40,50,498,24900
201601313013292,KEBL,29,40,20,498,9960
201601313013619,KMCDB,1,22,200,1640,328000
201601313013608,KMCDB,40,22,100,1630,163000
201601313013587,KMCDB,7,21,200,1640,328000
201601313013575,KMCDB,34,21,100,1640,164000
201601313013570,KMCDB,34,48,100,1640,164000
201601313013569,KMCDB,34,53,100,1639,163900
201601313013235,KMCDB,7,38,200,1652,330400
201601313013234,KMCDB,7,11,60,1650,99000
201601313013483,KMCDB,29,29,100,1640,164000
201601313013465,KMCDB,11,21,41,1646,67486
201601313013454,KMCDB,11,21,41,1645,67445
201601313013500,LGIL,43,28,127,572,72644
201601313013220,LICN,53,53,176,3510,617760
201601313013397,LLBS,14,49,50,2040,102000
201601313013394,LLBS,14,48,28,2069,57932
201601313013393,LLBS,14,5,10,2050,20500
201601313013360,LLBS,14,48,400,2029,811600
201601313013359,LLBS,14,21,10,1990,19900
201601313013270,LLBS,19,29,10,1990,19900
201601313013466,MDBL,40,42,97,285,27645
201601313013464,MDBL,40,41,47,282,13254
201601313013416,MMFDB,44,29,30,2864,85920
201601313013382,MMFDB,7,6,10,2818,28180
201601313013354,MMFDB,44,6,10,2763,27630
201601313013322,MMFDB,6,29,10,2709,27090
201601313013306,MMFDB,6,29,10,2656,26560
201601313013618,MNBBL,11,6,520,828,430560
201601313013433,MNBBL,16,16,170,821,139570
201601313013225,MNBBL,47,16,230,829,190670
201601313013632,NABIL,26,20,100,1895,189500
201601313013369,NABIL,57,37,290,1900,551000
201601313013368,NABIL,57,10,120,1900,228000
201601313013367,NABIL,57,49,190,1899,360810
201601313013366,NABIL,57,34,150,1898,284700
201601313013237,NABIL,44,49,10,1900,19000
201601313013449,NABILP,26,38,200,1465,293000
201601313013634,NBB,32,17,50,487,24350
201601313013595,NBB,57,53,500,488,244000
201601313013515,NBB,53,53,500,488,244000
201601313013506,NBB,6,6,500,487,243500
201601313013461,NBB,11,8,300,485,145500
201601313013256,NBB,47,49,100,489,48900
201601313013255,NBB,49,49,100,489,48900
201601313013448,NBB,11,44,500,485,242500
201601313013439,NBB,57,40,1000,486,486000
201601313013386,NBB,29,29,800,484,387200
201601313013385,NBB,40,29,200,484,96800
201601313013384,NBB,39,29,200,485,97000
201601313013340,NBBL,55,29,15,3800,57000
201601313013625,NBF1,56,11,10000,16,157600
201601313013621,NBF1,56,41,1199,16,18824
201601313013585,NBF1,7,7,13724,16,215467
201601313013510,NBL,33,10,400,322,128800
201601313013509,NBL,43,10,100,324,32400
201601313013432,NBL,5,32,110,326,35860
201601313013338,NBL,45,32,100,324,32400
201601313013337,NBL,45,32,90,324,29160
201601313013216,NCDB,49,43,500,325,162500
201601313013617,NHPC,38,19,100,147,14700
201601313013616,NHPC,33,11,1000,146,146000
201601313013611,NHPC,40,19,200,147,29400
201601313013468,NHPC,49,49,1500,146,219000
201601313013451,NHPC,5,49,400,147,58800
201601313013296,NHPC,49,49,5000,146,730000
201601313013620,NIB,33,6,500,809,404500
201601313013612,NIB,11,6,500,809,404500
201601313013549,NIB,13,13,200,807,161400
201601313013540,NIB,45,50,100,810,81000
201601313013538,NIB,45,50,100,810,81000
201601313013534,NIB,33,25,13,810,10530
201601313013200,NIB,41,11,300,800,240000
201601313013196,NIB,14,25,571,800,456800
201601313013190,NIB,50,29,1000,798,798000
201601313013185,NIB,44,58,99,802,79398
201601313013221,NIB,41,29,785,805,631925
201601313013210,NIB,29,58,100,807,80700
201601313013206,NIB,48,48,1498,795,1190910
201601313013203,NIB,57,44,100,808,80800
201601313013202,NIB,20,48,179,802,143558
201601313013201,NIB,20,14,100,802,80200
201601313013273,NIB,48,6,200,800,160000
201601313013272,NIB,41,6,228,801,182628
201601313013269,NIB,41,1,180,801,144180
201601313013268,NIB,26,1,130,802,104260
201601313013257,NIB,22,47,500,805,402500
201601313013238,NIB,10,6,400,807,322800
201601313013315,NIB,14,22,100,805,80500
201601313013308,NIB,14,19,200,804,160800
201601313013303,NIB,17,17,500,801,400500
201601313013301,NIB,59,14,1600,804,1286400
201601313013275,NIB,48,6,200,800,160000
201601313013274,NIB,13,6,200,800,160000
201601313013339,NIB,33,58,100,806,80600
201601313013325,NIB,33,21,200,806,161200
201601313013321,NIB,33,39,300,805,241500
201601313013318,NIB,14,17,165,805,132825
201601313013317,NIB,14,39,20,805,16100
201601313013316,NIB,14,52,100,805,80500
201601313013361,NIB,11,44,400,808,323200
201601313013355,NIB,33,1,416,807,335712
201601313013352,NIB,11,22,27,807,21789
201601313013347,NIB,14,1,150,805,120750
201601313013346,NIB,36,1,50,805,40250
201601313013345,NIB,14,1,300,805,241500
201601313013486,NIB,41,43,50,808,40400
201601313013444,NIB,22,6,250,808,202000
201601313013443,NIB,22,26,100,808,80800
201601313013442,NIB,22,46,150,807,121050
201601313013406,NIB,54,32,400,806,322400
201601313013362,NIB,11,25,200,808,161600
201601313013517,NIB,38,17,200,809,161800
201601313013516,NIB,38,22,50,809,40450
201601313013491,NIB,41,22,200,809,161800
201601313013489,NIB,41,22,200,809,161800
201601313013488,NIB,41,1,100,809,80900
201601313013487,NIB,41,22,50,809,40450
201601313013525,NIB,17,6,500,810,405000
201601313013522,NIB,38,16,75,810,60750
201601313013521,NIB,38,20,300,810,243000
201601313013520,NIB,38,48,30,810,24300
201601313013519,NIB,38,19,200,810,162000
201601313013518,NIB,38,6,50,810,40500
201601313013533,NIB,33,25,370,810,299700
201601313013532,NIB,17,25,70,810,56700
201601313013531,NIB,38,25,100,810,81000
201601313013529,NIB,17,25,800,810,648000
201601313013528,NIB,17,6,200,810,162000
201601313013526,NIB,17,1,435,810,352350
201601313013631,NIBPO,44,44,8000,700,5600000
201601313013623,NIBPO,19,28,500,706,353000
201601313013589,NIBPO,54,28,300,705,211500
201601313013541,NIBPO,19,42,100,704,70400
201601313013530,NIBPO,56,28,200,705,141000
201601313013459,NIBPO,50,22,300,705,211500
201601313013283,NIBPO,20,29,500,710,355000
201601313013205,NIBPO,42,28,500,710,355000
201601313013458,NIBPO,20,22,420,705,296100
201601313013423,NIBPO,20,29,480,705,338400
201601313013405,NIBPO,20,13,100,705,70500
201601313013383,NIBPO,34,34,1000,706,706000
201601313013285,NIBPO,20,48,400,710,284000
201601313013284,NIBPO,20,25,900,710,639000
201601313013372,NICA,45,29,100,700,70000
201601313013371,NICA,17,29,200,701,140200
201601313013370,NICA,41,29,100,705,70500
201601313013288,NICA,36,21,50,710,35500
201601313013504,NICL,32,19,500,608,304000
201601313013503,NICL,32,40,50,607,30350
201601313013502,NICL,32,28,500,607,303500
201601313013501,NICL,32,40,50,606,30300
201601313013344,NIL,29,10,100,880,88000
201601313013324,NIL,29,25,120,880,105600
201601313013307,NIL,29,34,30,875,26250
201601313013598,NLBBL,10,53,100,2100,210000
201601313013597,NLBBL,47,53,100,2105,210500
201601313013513,NLIC,56,45,100,3285,328500
201601313013409,NLIC,56,48,200,3290,658000
201601313013398,NLIC,34,53,100,3285,328500
201601313013277,NLIC,56,17,100,3290,329000
201601313013276,NLIC,56,19,10,3285,32850
201601313013191,NLIC,8,8,32,3272,104704
201601313013593,NLICL,42,5,100,2594,259400
201601313013441,NLICL,34,53,400,2590,1036000
201601313013440,NLICL,34,38,120,2585,310200
201601313013278,NLICL,45,53,100,2595,259500
201601313013260,NLICL,52,22,20,2600,52000
201601313013214,NLICL,44,22,10,2600,26000
201601313013212,NLICL,44,17,60,2600,156000
201601313013209,NLICL,47,17,142,2600,369200
201601313013630,NMB,25,25,200,449,89800
201601313013471,NMB,16,36,300,450,135000
201601313013392,NMB,6,10,188,450,84600
201601313013378,NMB,6,21,347,453,157191
201601313013376,NMB,51,35,370,450,166500
201601313013375,NMB,16,35,1000,450,450000
201601313013251,NMB,53,20,400,450,180000
201601313013374,NMB,39,35,50,450,22500
201601313013373,NMB,13,35,580,451,261580
201601313013319,NMB,25,10,38,450,17100
201601313013311,NMB,38,10,100,451,45100
201601313013310,NMB,39,10,50,452,22600
201601313013289,NMB,16,16,147,451,66297
201601313013573,NNLB,48,38,100,1373,137300
201601313013445,NNLB,48,38,100,1380,138000
201601313013427,NNLB,48,44,100,1390,139000
201601313013456,NTC,56,56,900,677,609300
201601313013353,NTC,14,53,100,680,68000
201601313013222,NTC,13,17,700,680,476000
201601313013447,NTC,13,53,290,680,197200
201601313013391,PCBL,46,19,71,501,35571
201601313013389,PCBL,46,1,150,500,75000
201601313013381,PCBL,32,44,125,500,62500
201601313013380,PCBL,32,21,240,499,119760
201601313013365,PCBL,38,20,500,499,249500
201601313013298,PCBL,51,6,100,498,49800
201601313013232,PICL,10,10,450,680,306000
201601313013231,PICL,10,10,250,680,170000
201601313013379,PLIC,21,29,53,1618,85754
201601313013633,PRDBL,45,39,20,193,3860
201601313013603,PRDBL,45,40,50,196,9800
201601313013455,PRDBL,45,40,50,200,10000
201601313013460,RBBBL,22,39,10,248,2480
201601313013450,RBBBL,22,39,10,244,2440
201601313013263,RHPC,22,38,10,354,3540
201601313013615,SADBL,45,26,100,525,52500
201601313013614,SADBL,6,26,100,525,52500
201601313013613,SADBL,36,26,100,526,52600
201601313013590,SADBL,8,49,38,525,19950
201601313013568,SADBL,58,59,500,527,263500
201601313013557,SADBL,19,28,100,530,53000
201601313013357,SADBL,36,59,200,536,107200
201601313013323,SADBL,8,49,100,541,54100
201601313013320,SADBL,6,49,200,542,108400
201601313013314,SADBL,45,16,100,545,54500
201601313013211,SADBL,41,28,200,545,109000
201601313013552,SADBL,36,28,300,531,159300
201601313013548,SADBL,36,52,200,531,106200
201601313013499,SADBL,19,16,400,530,212000
201601313013467,SADBL,19,28,500,535,267500
201601313013463,SADBL,19,33,172,535,92020
201601313013358,SADBL,8,59,200,535,107000
201601313013609,SANIMA,52,53,200,719,143800
201601313013606,SANIMA,42,44,100,720,72000
201601313013550,SANIMA,1,44,100,720,72000
201601313013546,SANIMA,47,44,100,720,72000
201601313013545,SANIMA,25,44,300,720,216000
201601313013544,SANIMA,57,44,100,720,72000
201601313013262,SANIMA,45,8,80,725,58000
201601313013261,SANIMA,29,47,100,728,72800
201601313013259,SANIMA,5,8,200,724,144800
201601313013258,SANIMA,11,8,200,725,145000
201601313013229,SANIMA,26,19,50,724,36200
201601313013228,SANIMA,38,38,650,721,468650
201601313013327,SANIMA,52,57,100,722,72200
201601313013326,SANIMA,32,57,50,722,36100
201601313013309,SANIMA,41,8,100,723,72300
201601313013297,SANIMA,56,8,200,723,144600
201601313013295,SANIMA,33,59,552,723,399096
201601313013293,SANIMA,32,57,100,724,72400
201601313013333,SANIMA,42,57,200,720,144000
201601313013332,SANIMA,29,57,630,721,454230
201601313013331,SANIMA,35,57,1000,721,721000
201601313013330,SANIMA,6,57,200,722,144400
201601313013329,SANIMA,39,57,200,722,144400
201601313013328,SANIMA,55,57,200,722,144400
201601313013543,SANIMA,45,44,400,720,288000
201601313013542,SANIMA,47,44,150,720,108000
201601313013494,SANIMA,42,38,500,722,361000
201601313013336,SANIMA,41,57,300,720,216000
201601313013335,SANIMA,38,57,400,720,288000
201601313013334,SANIMA,48,57,300,720,216000
201601313013539,SBI,17,38,40,1270,50800
201601313013535,SBI,17,26,29,1265,36685
201601313013492,SBI,58,58,30,1260,37800
201601313013430,SBI,58,26,130,1260,163800
201601313013429,SBI,36,26,150,1261,189150
201601313013428,SBI,55,26,120,1261,151320
201601313013626,SCB,39,39,49,2670,130830
201601313013400,SCB,35,17,50,2670,133500
201601313013299,SCB,11,17,200,2670,534000
201601313013629,SEWA,50,41,100,292,29200
201601313013628,SEWA,50,48,10,292,2920
201601313013602,SEWA,22,1,280,291,81480
201601313013600,SEWA,22,21,1000,290,290000
201601313013594,SEWA,22,26,100,290,29000
201601313013250,SEWA,22,47,16,287,4592
201601313013610,SHPC,48,34,369,872,321768
201601313013578,SHPC,48,44,170,872,148240
201601313013572,SHPC,48,44,330,872,287760
201601313013571,SHPC,41,42,123,870,107010
201601313013564,SHPC,48,54,200,871,174200
201601313013561,SHPC,41,59,10,870,8700
201601313013560,SHPC,41,59,10,870,8700
201601313013559,SHPC,41,59,10,870,8700
201601313013556,SHPC,48,44,500,870,435000
201601313013505,SHPC,58,44,5000,865,4325000
201601313013417,SHPC,39,29,148,870,128760
201601313013290,SICL,21,41,175,1460,255500
201601313013208,SICL,16,16,844,1456,1228864
201601313013179,SICL,58,58,200,1455,291000
201601313013178,SICL,58,58,200,1460,292000
201601313013584,SRBL,39,36,860,430,369800
201601313013583,SRBL,39,16,50,430,21500
201601313013408,SRBL,39,29,10,424,4240
201601313013404,SRBL,32,29,500,425,212500
201601313013403,SRBL,45,29,40,425,17000
201601313013402,SRBL,25,29,250,426,106500
201601313013364,SRBL,1,29,300,427,128100
201601313013363,SRBL,49,29,100,428,42800
201601313013230,SRBL,1,11,1500,424,636000
201601313013577,SUBBL,45,39,100,371,37100
201601313013605,SYFL,39,14,60,105,6300
201601313013604,SYFL,46,14,500,105,52500
201601313013245,SYFL,28,28,100,103,10300
201601313013431,TBBL,29,29,500,275,137500
201601313013186,TBBL,17,17,10,278,2780
201601313013401,TRH,28,8,310,220,68200
201601313013599,UFCL,49,10,600,140,84000
201601313013566,UFCL,49,10,500,140,70000
201601313013565,UFCL,49,36,700,139,97300
201601313013475,UFCL,25,25,50,139,6950
201601313013474,UFCL,25,25,60,139,8340
201601313013473,UFCL,25,25,200,139,27800
201601313013199,UFCL,25,10,150,140,21000
201601313013195,UFCL,25,10,50,140,7000
201601313013194,UFCL,25,36,50,140,7000
201601313013192,UFCL,39,10,50,138,6900
201601313013279,UFCL,25,46,100,140,14000
201601313013254,UFCL,49,1,50,142,7100
201601313013253,UFCL,49,39,20,142,2840
201601313013252,UFCL,49,36,50,142,7100
201601313013218,UFCL,32,10,100,140,14000
201601313013217,UFCL,32,10,30,140,4200
201601313013356,UFCL,49,10,800,140,112000
201601313013351,UFCL,49,1,100,140,14000
201601313013350,UFCL,49,10,100,140,14000
201601313013282,UFCL,16,10,400,138,55200
201601313013281,UFCL,39,10,250,138,34500
201601313013280,UFCL,25,1,100,140,14000
201601313013446,UIC,14,6,100,535,53500
201601313013233,UNL,13,49,10,25988,259880
201601313013184,VLBS,58,44,20,1373,27460
201601313013183,VLBS,41,44,20,1349,26980
201601313013182,VLBS,16,44,20,1323,26460
201601313013181,VLBS,39,44,20,1298,25960
201601313013180,VLBS,16,44,20,1273,25460
201601313013627,WDBL,38,29,200,401,80200
201601313013607,WDBL,38,45,35,401,14035
201601313013524,WDBL,14,41,355,401,142355
201601313013496,WDBL,29,1,262,401,105062
201601313013490,WDBL,47,41,122,401,48922
201601313013484,WDBL,14,10,122,401,48922
201601313013436,WDBL,47,6,10,386,3860
201601313013426,WDBL,47,6,10,379,3790
201601313013215,WDBL,43,47,10,372,3720
201601313013482,WDBL,14,16,100,401,40100
201601313013478,WDBL,38,16,94,401,37694
201601313013472,WDBL,14,58,23,401,9223
201601313013470,WDBL,29,39,99,401,39699
201601313013457,WDBL,29,16,10,400,4000
201601313013452,WDBL,14,16,10,393,3930
201601313013485,YETI,25,28,42,160,6720
201601313013438,YETI,25,21,211,163,34393
201601313013418,YETI,45,29,50,166,8300
201601313013413,YETI,45,29,200,166,33200
201601313013412,YETI,25,29,100,166,16600
201601313013411,YETI,41,29,400,166,66400
201601313013410,YETI,58,29,500,167,83500
