contract,symbol,buyer,seller,qty,rate,amt
201601283013078,ACEDBL,25,45,265,350,92750
201601283012837,ACEDBL,25,25,93,351,32643
201601283012827,ACEDBL,25,36,800,348,278400
201601283012826,ACEDBL,1,36,1000,348,348000
201601283013075,ADBL,50,39,891,582,518562
201601283012689,ADBL,47,43,100,578,57800
201601283012761,ADBL,52,36,20,576,11520
201601283012742,ADBL,56,36,200,576,115200
201601283012741,ADBL,52,36,200,577,115400
201601283012701,ADBL,58,43,200,576,115200
201601283012691,ADBL,58,43,300,576,172800
201601283012690,ADBL,47,43,100,577,57700
201601283012856,ADBL,28,6,500,577,288500
201601283012985,ADBL,5,10,190,580,110200
201601283012982,ADBL,5,1,171,580,99180
201601283012892,ADBL,5,16,80,579,46320
201601283013036,AHPC,55,22,10,341,3410
201601283013015,AHPC,55,40,34,347,11798
201601283013098,ALICL,32,49,100,1272,127200
201601283012960,ALICL,56,22,60,1270,76200
201601283012950,ALICL,14,14,100,1271,127100
201601283012920,ALICL,28,22,240,1271,305040
201601283012909,ALICL,28,38,260,1271,330460
201601283012908,ALICL,22,38,40,1272,50880
201601283012703,ALICL,22,45,16,1272,20352
201601283013068,API,40,44,500,430,215000
201601283012725,API,57,26,1179,435,512865
201601283012724,API,57,44,310,434,134540
201601283012712,API,37,44,100,434,43400
201601283013123,ARDBL,35,22,160,232,37120
201601283013122,ARDBL,35,5,40,232,9280
201601283013069,ARDBL,52,38,500,229,114500
201601283012838,ARDBL,35,38,198,225,44550
201601283012808,ARDBL,52,38,300,225,67500
201601283012807,ARDBL,56,38,100,226,22600
201601283012806,ARDBL,32,38,300,227,68100
201601283012692,ARDBL,36,22,200,228,45600
201601283013100,BARUN,21,47,300,320,96000
201601283013088,BARUN,21,40,30,318,9540
201601283012833,BPCL,35,17,100,584,58400
201601283012805,CBBL,21,22,100,1805,180500
201601283012804,CBBL,21,45,10,1800,18000
201601283013032,CCBL,6,32,30,330,9900
201601283012649,CCBL,42,48,42,329,13818
201601283012648,CCBL,42,44,1000,329,329000
201601283013018,CHCL,47,17,28,1284,35952
201601283012957,CHCL,13,43,100,1281,128100
201601283012956,CHCL,13,13,200,1280,256000
201601283012784,CHCL,13,10,90,1272,114480
201601283012750,CHCL,47,10,250,1273,318250
201601283012907,CIT,46,17,20,4310,86200
201601283012850,CIT,19,17,30,4310,129300
201601283012685,CIT,32,16,81,4305,348705
201601283013089,CNDBL,35,47,200,207,41400
201601283013001,CNDBL,35,35,800,207,165600
201601283012992,CNDBL,35,35,1000,207,207000
201601283012991,CNDBL,42,35,1000,207,207000
201601283012947,CNDBL,35,35,2000,207,414000
201601283012939,CNDBL,42,47,3360,207,695520
201601283012797,CNDBL,35,21,60,206,12360
201601283012758,CNDBL,35,35,230,205,47150
201601283012861,CZBIL,22,48,1000,615,615000
201601283012775,CZBIL,42,10,48,615,29520
201601283012774,CZBIL,56,38,68,618,42024
201601283012767,CZBIL,42,14,100,615,61500
201601283012766,CZBIL,1,14,500,615,307500
201601283013110,DBBL,38,17,900,220,198000
201601283013058,DBBL,17,8,500,217,108500
201601283013025,DBBL,38,45,176,218,38368
201601283013013,DBBL,6,38,300,220,66000
201601283012994,DBBL,21,38,100,220,22000
201601283012970,DBBL,7,38,13,218,2834
201601283012882,DBBL,50,45,100,220,22000
201601283012881,DBBL,21,45,100,221,22100
201601283012880,DBBL,19,45,100,221,22100
201601283012832,DBBL,18,40,138,223,30774
201601283012722,DBBL,25,17,1000,220,220000
201601283012702,DBBL,19,14,400,221,88400
201601283012966,DBBL,7,38,30,218,6540
201601283012963,DBBL,56,38,300,219,65700
201601283012962,DBBL,47,38,20,219,4380
201601283012941,DBBL,47,45,180,219,39420
201601283012902,DBBL,6,19,454,219,99426
201601283012883,DBBL,50,45,100,220,22000
201601283013124,DDBL,44,42,20,1999,39980
201601283013117,DDBL,44,44,300,1998,599400
201601283013004,DDBL,53,13,50,1970,98500
201601283012927,DDBL,54,13,50,1960,98000
201601283012917,DDBL,44,5,50,1975,98750
201601283012916,DDBL,44,7,50,1970,98500
201601283013121,EBL,6,5,150,2315,347250
201601283012785,EBL,59,5,150,2310,346500
201601283012751,EBL,6,25,200,2305,461000
201601283012911,EBL,6,41,149,2313,344637
201601283012910,EBL,6,17,300,2310,693000
201601283012886,EBL,39,54,100,2300,230000
201601283012854,EBL,39,19,100,2300,230000
201601283013012,GBBL,43,17,50,324,16200
201601283012986,GBBL,18,51,100,324,32400
201601283012951,GBBL,21,25,200,323,64600
201601283012858,GBBL,43,21,112,324,36288
201601283012687,GBBL,43,41,20,321,6420
201601283012686,GBBL,43,41,100,321,32100
201601283013146,GBIME,41,16,300,462,138600
201601283013145,GBIME,45,16,400,462,184800
201601283013144,GBIME,43,16,50,463,23150
201601283013035,GBIME,43,50,100,463,46300
201601283013033,GBIME,19,16,200,464,92800
201601283013031,GBIME,45,50,100,462,46200
201601283012662,GBIME,42,46,200,466,93200
201601283012661,GBIME,28,46,220,466,102520
201601283012711,GBIME,17,6,300,465,139500
201601283012710,GBIME,45,6,500,465,232500
201601283012709,GBIME,25,6,210,465,97650
201601283012704,GBIME,38,57,405,466,188730
201601283012675,GBIME,43,46,100,466,46600
201601283012663,GBIME,41,46,300,466,139800
201601283012819,GBIME,51,16,1000,462,462000
201601283012818,GBIME,58,16,200,462,92400
201601283012817,GBIME,28,16,500,463,231500
201601283012816,GBIME,28,16,500,463,231500
201601283012815,GBIME,43,16,50,464,23200
201601283012796,GBIME,17,46,143,463,66209
201601283013016,GBIME,17,44,367,462,169554
201601283013003,GBIME,54,50,433,461,199613
201601283012953,GBIME,22,16,500,462,231000
201601283012952,GBIME,11,16,40,464,18560
201601283012867,GBIME,11,17,161,464,74704
201601283012820,GBIME,8,16,1000,462,462000
201601283013143,GDBL,19,38,200,316,63200
201601283013142,GDBL,1,38,300,317,95100
201601283013141,GDBL,47,38,100,318,31800
201601283013034,GDBL,19,7,76,320,24320
201601283013040,GLICL,6,35,200,610,122000
201601283013039,GLICL,6,35,500,610,305000
201601283012745,HBL,17,44,234,966,226044
201601283013076,ICFC,45,45,330,231,76230
201601283012821,ICFC,52,45,170,235,39950
201601283012664,ICFC,52,45,30,235,7050
201601283012853,ILFCM,45,26,60,1100,66000
201601283013081,KDBL,28,52,27,207,5589
201601283012717,KDBL,32,59,100,206,20600
201601283012716,KDBL,10,59,840,206,173040
201601283012852,KDBL,21,16,100,204,20400
201601283012792,KDBL,22,11,100,202,20200
201601283012770,KDBL,32,52,1000,205,205000
201601283012756,KEBL,17,40,20,489,9780
201601283013129,KMCDB,1,38,100,1620,162000
201601283013128,KMCDB,1,25,500,1620,810000
201601283013086,KMCDB,1,49,50,1605,80250
201601283013045,KMCDB,1,33,200,1624,324800
201601283013038,KMCDB,1,56,110,1621,178310
201601283012877,KMCDB,10,50,200,1580,316000
201601283012788,KMCDB,33,26,300,1571,471300
201601283012787,KMCDB,7,26,200,1573,314600
201601283012786,KMCDB,21,26,50,1575,78750
201601283012778,KMCDB,21,50,196,1575,308700
201601283013028,KMCDB,1,19,100,1610,161000
201601283012936,KMCDB,1,26,448,1590,712320
201601283012934,KMCDB,1,7,100,1589,158900
201601283013118,LBL,58,6,703,584,410552
201601283012876,LBL,38,48,1000,585,585000
201601283012875,LBL,58,48,1000,585,585000
201601283012874,LBL,16,48,200,585,117000
201601283012847,LBL,6,43,100,586,58600
201601283012762,LBL,6,41,84,586,49224
201601283012748,LBL,14,36,30,587,17610
201601283012734,LBL,6,6,114,586,66804
201601283012688,LBL,58,19,505,585,295425
201601283012672,LBL,42,6,70,586,41020
201601283012655,LBL,6,36,100,587,58700
201601283012652,LBL,25,36,100,587,58700
201601283012839,LGIL,50,35,2949,582,1716318
201601283013085,LICN,17,54,30,3510,105300
201601283013064,LICN,47,57,69,3501,241569
201601283013023,LLBS,57,45,50,1995,99750
201601283013126,MDBL,18,56,400,285,114000
201601283013111,MDBL,18,56,106,285,30210
201601283012919,MDBL,18,42,90,285,25650
201601283012899,MDBL,18,38,176,285,50160
201601283012732,MDBL,49,13,200,284,56800
201601283012728,MDBL,49,38,574,283,162442
201601283012673,MDBL,40,45,1086,282,306252
201601283012954,MFL,16,58,10,271,2710
201601283012864,MSBBL,18,21,420,300,126000
201601283012863,MSBBL,18,16,40,300,12000
201601283013048,NABIL,17,45,80,1890,151200
201601283012933,NABIL,13,45,100,1890,189000
201601283012851,NABIL,21,45,100,1880,188000
201601283012848,NABIL,26,45,100,1881,188100
201601283012843,NABIL,51,45,200,1882,376400
201601283012721,NABIL,26,41,30,1885,56550
201601283012720,NABIL,26,22,50,1885,94250
201601283012700,NABIL,17,5,20,1880,37600
201601283013087,NABILP,58,7,12,1460,17520
201601283013080,NABILP,58,7,560,1460,817600
201601283013079,NABILP,33,7,100,1460,146000
201601283013059,NABILP,58,7,300,1460,438000
201601283013047,NABILP,58,19,100,1460,146000
201601283012814,NABILP,58,11,89,1458,129762
201601283013046,NABILP,58,11,200,1460,292000
201601283012822,NABILP,58,6,531,1458,774198
201601283013096,NBB,34,17,100,490,49000
201601283013095,NBB,34,39,100,490,49000
201601283013094,NBB,34,32,200,490,98000
201601283013093,NBB,34,17,200,490,98000
201601283013092,NBB,34,17,200,490,98000
201601283013091,NBB,34,22,500,490,245000
201601283012713,NBB,25,19,500,490,245000
201601283012706,NBB,57,1,805,489,393645
201601283012698,NBB,45,49,100,488,48800
201601283012768,NBB,28,5,711,488,346968
201601283012740,NBB,13,5,400,489,195600
201601283012739,NBB,41,5,400,489,195600
201601283012719,NBB,25,17,279,490,136710
201601283012715,NBB,25,25,1000,490,490000
201601283012714,NBB,25,17,1000,490,490000
201601283012879,NBB,25,19,160,490,78400
201601283012878,NBB,25,19,160,490,78400
201601283012871,NBB,25,1,100,490,49000
201601283012841,NBB,25,48,500,490,245000
201601283013090,NBB,34,50,200,490,98000
201601283013083,NBB,34,6,955,490,467950
201601283013082,NBB,34,19,80,489,39120
201601283013062,NBB,48,19,200,489,97800
201601283013011,NBB,25,1,1000,489,489000
201601283013051,NBBL,32,32,10,3745,37450
201601283012651,NBF1,54,5,2310,15,35690
201601283013115,NBL,19,40,200,324,64800
201601283013114,NBL,19,56,1000,324,324000
201601283013104,NBL,19,21,833,324,269892
201601283012996,NBL,25,22,500,322,161000
201601283012977,NBL,18,22,100,323,32300
201601283012891,NBL,22,22,300,323,96900
201601283012671,NBL,25,21,85,322,27370
201601283012670,NBL,25,51,1000,322,322000
201601283012888,NBL,54,22,500,321,160500
201601283012887,NBL,37,22,100,321,32100
201601283012802,NBL,37,46,400,321,128400
201601283012694,NBL,58,46,500,321,160500
201601283012693,NBL,25,46,500,321,160500
201601283012674,NBL,25,25,2000,323,646000
201601283013113,NHPC,33,36,2000,147,294000
201601283013112,NHPC,33,28,250,147,36750
201601283013010,NHPC,42,28,500,147,73500
201601283013009,NHPC,17,28,250,147,36750
201601283012824,NHPC,45,28,1000,147,147000
201601283012809,NHPC,45,56,1000,147,147000
201601283012776,NHPC,33,36,1000,147,147000
201601283013044,NIB,14,33,1000,787,787000
201601283013024,NIB,50,33,104,788,81952
201601283013008,NIB,50,33,500,790,395000
201601283012988,NIB,14,37,80,790,63200
201601283012984,NIB,50,48,39,790,30810
201601283012938,NIB,35,48,200,790,158000
201601283012937,NIB,13,48,300,791,237300
201601283012912,NIB,40,6,100,793,79300
201601283012893,NIB,35,43,100,790,79000
201601283012857,NIB,14,25,100,792,79200
201601283012811,NIB,21,41,19,789,14991
201601283013014,NIBPO,44,38,90,700,63000
201601283012965,NIBPO,44,55,140,700,98000
201601283012964,NIBPO,44,41,200,700,140000
201601283012932,NIBPO,44,19,500,700,350000
201601283012931,NIBPO,44,50,200,698,139600
201601283012868,NIBPO,44,17,438,700,306600
201601283012699,NIBPO,44,42,1000,700,700000
201601283012678,NIBPO,44,59,50,700,35000
201601283012677,NIBPO,44,32,100,700,70000
201601283012668,NIBPO,44,37,600,700,420000
201601283012659,NIBPO,50,37,300,700,210000
201601283012658,NIBPO,50,52,200,700,140000
201601283012866,NIBPO,44,42,1000,700,700000
201601283012844,NIBPO,44,17,900,700,630000
201601283012840,NIBPO,56,17,100,700,70000
201601283012831,NIBPO,56,45,100,701,70100
201601283012828,NIBPO,42,17,1000,700,700000
201601283013043,NICA,36,21,170,710,120700
201601283012930,NICA,52,38,100,708,70800
201601283012929,NICA,52,38,100,708,70800
201601283012928,NICA,41,38,50,709,35450
201601283012800,NICA,41,49,550,709,389950
201601283012799,NICA,43,49,400,709,283600
201601283012798,NICA,32,49,50,709,35450
201601283012757,NICA,42,21,200,710,142000
201601283012755,NICA,43,1,100,709,70900
201601283012654,NICA,32,58,150,709,106350
201601283013063,NIL,52,1,100,872,87200
201601283012884,NIL,21,34,300,870,261000
201601283012869,NIL,34,34,1000,870,870000
201601283012752,NIL,54,35,945,870,822150
201601283012735,NIL,50,26,100,870,87000
201601283013097,NLBBL,57,57,250,2142,535500
201601283012949,NLBBL,56,45,44,2120,93280
201601283012948,NLBBL,56,55,14,2119,29666
201601283012944,NLBBL,56,13,12,2118,25416
201601283012915,NLBBL,10,16,200,2105,421000
201601283013084,NLG,41,20,200,800,160000
201601283013099,NLIC,14,8,24,3272,78528
201601283013072,NLIC,16,8,90,3271,294390
201601283013071,NLIC,34,8,500,3271,1635500
201601283013070,NLIC,41,8,10,3275,32750
201601283013057,NLIC,41,5,90,3275,294750
201601283013056,NLIC,34,5,110,3275,360250
201601283012780,NLIC,16,28,100,3285,328500
201601283012733,NLIC,6,58,100,3290,329000
201601283012997,NLIC,16,49,270,3284,886680
201601283012969,NLIC,6,28,200,3281,656200
201601283012835,NLIC,53,53,50,3281,164050
201601283012801,NLIC,22,58,50,3290,164500
201601283012782,NLIC,6,28,140,3280,459200
201601283012781,NLIC,59,28,100,3280,328000
201601283013055,NLIC,25,5,50,3275,163750
201601283013054,NLIC,22,5,50,3276,163800
201601283013017,NLIC,16,48,120,3280,393600
201601283013000,NLIC,53,48,50,3280,164000
201601283012999,NLIC,14,48,200,3281,656200
201601283012998,NLIC,16,48,230,3284,755320
201601283013119,NLICL,52,37,100,2585,258500
201601283012943,NLICL,55,36,77,2590,199430
201601283012942,NLICL,55,28,50,2588,129400
201601283012914,NLICL,53,36,100,2585,258500
201601283012855,NLICL,6,8,50,2585,129250
201601283012845,NLICL,10,8,100,2586,258600
201601283012810,NLICL,34,5,78,2590,202020
201601283012676,NLICL,57,33,100,2586,258600
201601283012926,NMB,53,14,286,451,128986
201601283012897,NMB,54,14,500,450,225000
201601283012896,NMB,6,14,600,451,270600
201601283012895,NMB,54,14,500,451,225500
201601283012894,NMB,13,14,300,452,135600
201601283012890,NMB,53,14,1000,453,453000
201601283012889,NMB,39,14,300,453,135900
201601283012846,NMB,21,14,100,455,45500
201601283012731,NMB,54,14,600,455,273000
201601283012730,NMB,21,14,300,455,136500
201601283012729,NMB,39,14,200,456,91200
201601283012653,NTC,11,1,760,680,516800
201601283012872,NTC,35,26,595,680,404600
201601283012842,NTC,35,25,100,681,68100
201601283012959,NTC,35,38,400,680,272000
201601283013073,NUBL,44,41,134,1790,239860
201601283013067,NUBL,44,16,100,1780,178000
201601283013120,PCBL,49,45,200,500,100000
201601283012987,PCBL,51,17,610,500,305000
201601283012975,PCBL,51,17,300,501,150300
201601283012974,PCBL,52,17,90,501,45090
201601283012772,PCBL,52,59,410,501,205410
201601283012771,PCBL,51,59,500,501,250500
201601283012769,PCBL,19,10,49,501,24549
201601283012679,PIC,54,10,95,987,93765
201601283012903,PLIC,54,54,500,1618,809000
201601283012777,PLIC,54,32,299,1620,484380
201601283012823,PRDBL,49,11,10,203,2030
201601283013065,RBBBL,32,47,340,240,81600
201601283012760,RBBBL,32,14,10,240,2400
201601283012667,RBBBL,1,47,300,241,72300
201601283013127,RMDC,26,21,44,679,29876
201601283013125,RMDC,26,21,44,679,29876
201601283013106,RMDC,41,21,44,678,29832
201601283013030,RMDC,47,25,100,680,68000
201601283013027,RMDC,45,41,200,680,136000
201601283012803,RMDC,26,13,200,682,136400
201601283012682,RMDC,49,25,100,681,68100
201601283012779,RMDC,49,6,56,684,38304
201601283012773,RMDC,49,21,29,685,19865
201601283012737,RMDC,22,25,50,680,34000
201601283012736,RMDC,51,25,110,681,74910
201601283012684,RMDC,22,25,500,680,340000
201601283012683,RMDC,49,25,1000,680,680000
201601283012744,SADBL,25,14,300,552,165600
201601283012743,SADBL,25,52,200,552,110400
201601283012738,SADBL,25,49,315,552,173880
201601283012666,SADBL,54,26,100,552,55200
201601283013052,SAFL,33,52,50,222,11100
201601283013138,SANIMA,45,8,150,720,108000
201601283013137,SANIMA,36,8,2000,720,1440000
201601283013136,SANIMA,22,8,1000,720,720000
201601283013135,SANIMA,25,8,200,720,144000
201601283013134,SANIMA,28,8,500,720,360000
201601283013133,SANIMA,14,8,100,720,72000
201601283012836,SANIMA,28,59,50,723,36150
201601283012830,SANIMA,5,59,100,723,72300
201601283012791,SANIMA,47,7,86,723,62178
201601283012790,SANIMA,47,55,200,723,144600
201601283012789,SANIMA,47,8,430,723,310890
201601283012718,SANIMA,22,36,84,722,60648
201601283012990,SANIMA,41,8,100,723,72300
201601283012972,SANIMA,19,8,100,723,72300
201601283012968,SANIMA,5,8,650,723,469950
201601283012967,SANIMA,5,59,350,723,253050
201601283012918,SANIMA,25,25,1000,722,722000
201601283012849,SANIMA,38,59,500,723,361500
201601283013132,SANIMA,28,8,200,721,144200
201601283013049,SANIMA,55,8,200,723,144600
201601283013007,SANIMA,6,25,1000,722,722000
201601283013006,SANIMA,7,25,200,722,144400
201601283013005,SANIMA,43,25,100,722,72200
201601283012995,SANIMA,43,8,200,723,144600
201601283013140,SBI,43,58,40,1270,50800
201601283013116,SBI,41,13,113,1269,143397
201601283013061,SBI,55,45,100,1264,126400
201601283012935,SBI,54,38,100,1268,126800
201601283012727,SBI,38,41,100,1265,126500
201601283012726,SBI,38,41,100,1266,126600
201601283012656,SBI,38,47,100,1278,127800
201601283013074,SCB,21,28,100,2650,265000
201601283013066,SCB,21,28,110,2650,291500
201601283012925,SCB,57,57,80,2645,211600
201601283012924,SCB,26,57,100,2646,264600
201601283012923,SCB,19,57,50,2646,132300
201601283012922,SCB,6,57,50,2649,132450
201601283012759,SCB,33,6,886,2640,2339040
201601283012921,SCB,19,57,20,2649,52980
201601283012901,SCB,1,11,148,2645,391460
201601283012812,SCB,7,28,50,2650,132500
201601283013020,SEWA,21,17,200,282,56400
201601283012976,SEWA,21,45,60,285,17100
201601283012971,SEWA,21,43,476,284,135184
201601283012940,SEWA,32,45,111,285,31635
201601283012870,SEWA,21,43,500,284,142000
201601283012862,SEWA,21,43,300,284,85200
201601283012749,SEWA,34,43,500,284,142000
201601283012885,SFL,41,45,50,193,9650
201601283012697,SHL,42,22,100,330,33000
201601283013109,SHPC,36,32,18,863,15534
201601283013107,SHPC,36,32,18,860,15480
201601283013029,SHPC,10,21,10,855,8550
201601283013131,SICL,6,48,50,1480,74000
201601283013103,SICL,6,54,10,1480,14800
201601283013101,SICL,45,58,200,1475,295000
201601283013019,SICL,42,58,200,1475,295000
201601283012958,SICL,14,41,185,1474,272690
201601283012660,SICL,58,44,3000,1460,4380000
201601283012681,SICL,21,14,200,1479,295800
201601283012680,SICL,21,14,300,1475,442500
201601283013130,SIL,55,20,300,1025,307500
201601283013077,SKBBL,45,43,19,1405,26695
201601283013060,SKBBL,53,43,19,1405,26695
201601283013042,SKBBL,45,43,19,1405,26695
201601283013026,SKBBL,22,43,36,1405,50580
201601283012865,SLICL,22,8,87,762,66294
201601283012794,SMFDB,25,45,100,2334,233400
201601283012793,SMFDB,26,45,50,2335,116750
201601283012905,SMFDB,44,45,58,2350,136300
201601283012904,SMFDB,44,7,40,2348,93920
201601283012795,SMFDB,44,45,50,2333,116650
201601283013105,SRBL,58,6,500,429,214500
201601283012765,SRBL,48,47,100,429,42900
201601283012764,SRBL,39,47,200,430,86000
201601283012763,SRBL,39,47,200,430,86000
201601283012723,SWBBL,22,5,50,2065,103250
201601283012913,SYFL,39,36,2000,105,210000
201601283012707,SYFL,44,44,5000,103,515000
201601283012696,SYFL,41,44,300,105,31500
201601283012695,SYFL,43,44,200,105,21000
201601283013102,TBBL,48,13,100,278,27800
201601283012705,TBBL,59,53,200,280,56000
201601283013037,UFCL,50,10,1100,136,149600
201601283013022,UFCL,50,10,400,136,54400
201601283013021,UFCL,54,10,500,136,68000
201601283013002,UFCL,54,10,400,136,54400
201601283012993,UFCL,50,10,500,136,68000
201601283012973,UFCL,41,10,100,136,13600
201601283012946,UFCL,43,10,100,136,13600
201601283012945,UFCL,16,10,1000,136,136000
201601283013053,UIC,39,44,500,545,272500
201601283012981,UIC,39,44,450,545,245250
201601283012980,UIC,39,44,500,545,272500
201601283012906,UIC,39,44,150,545,81750
201601283012900,UIC,39,44,200,545,109000
201601283012898,UIC,39,44,150,545,81750
201601283012829,UIC,39,44,100,545,54500
201601283012825,UIC,39,44,400,545,218000
201601283012647,UNL,13,6,10,25479,254790
201601283012983,WDBL,35,41,50,365,18250
201601283012873,WDBL,49,49,1460,364,531440
201601283012834,WDBL,38,44,563,365,205495
201601283012708,WDBL,49,44,600,365,219000
201601283012669,WDBL,17,45,22,364,8008
201601283012665,WDBL,17,21,65,363,23595
201601283012657,WDBL,21,21,65,362,23530
201601283012650,WDBL,21,21,65,362,23530
201601283012989,YETI,19,1,1060,169,179140
201601283012813,YETI,6,17,80,167,13360
201601283012783,YETI,22,22,200,168,33600
201601283012754,YETI,8,1,171,169,28899
201601283012753,YETI,8,16,500,169,84500
201601283012747,YETI,8,21,51,169,8619
201601283012746,YETI,8,5,30,169,5070
201601283012526,ACEDBL,1,22,1000,355,355000
201601283012457,ACEDBL,21,22,100,351,35100
201601283012393,ACEDBL,28,39,50,350,17500
201601283012392,ACEDBL,28,22,400,350,140000
201601283012381,ACEDBL,28,52,124,348,43152
201601283012601,ADBL,56,6,100,579,57900
201601283012586,ADBL,49,6,10,580,5800
201601283012154,ADBL,25,25,200,580,116000
201601283012263,ADBL,56,21,42,582,24444
201601283012261,ADBL,56,1,42,580,24360
201601283012328,ADBL,56,14,100,579,57900
201601283012313,ADBL,49,25,90,580,52200
201601283012276,ALICL,52,1,19,1275,24225
201601283012215,ALICL,42,49,166,1275,211650
201601283012177,ALICL,53,51,100,1274,127400
201601283012321,API,38,44,90,434,39060
201601283012198,API,6,44,500,439,219500
201601283012610,ARDBL,52,34,1000,228,228000
201601283012607,ARDBL,52,26,52,227,11804
201601283012606,ARDBL,52,38,500,226,113000
201601283012581,ARDBL,36,57,200,225,45000
201601283012576,ARDBL,35,57,500,225,112500
201601283012564,ARDBL,35,39,377,224,84448
201601283012525,ARDBL,56,38,400,222,88800
201601283012431,ARDBL,19,21,33,221,7293
201601283012312,ARDBL,49,39,500,222,111000
201601283012300,ARDBL,17,38,100,223,22300
201601283012299,ARDBL,21,38,250,223,55750
201601283012472,BARUN,28,40,50,312,15600
201601283012467,BARUN,47,40,245,312,76440
201601283012592,CBBL,39,11,300,1805,541500
201601283012590,CBBL,39,22,16,1804,28864
201601283012577,CBBL,39,40,100,1800,180000
201601283012378,CBBL,56,10,200,1770,354000
201601283012329,CBBL,39,5,100,1765,176500
201601283012217,CBBL,43,28,400,1750,700000
201601283012212,CBBL,43,28,300,1750,525000
201601283012211,CBBL,32,28,20,1750,35000
201601283012210,CBBL,53,28,80,1755,140400
201601283012185,CBBL,45,6,73,1755,128115
201601283012645,CCBL,6,21,70,328,22960
201601283012544,CCBL,19,10,51,328,16728
201601283012350,CCBL,54,21,206,325,66950
201601283012315,CCBL,40,39,70,323,22610
201601283012292,CCBL,40,11,100,323,32300
201601283012360,CHCL,48,17,28,1282,35896
201601283012600,CIT,22,56,100,4310,431000
201601283012598,CIT,14,56,100,4315,431500
201601283012593,CIT,19,56,40,4325,173000
201601283012147,CIT,26,28,125,4325,540625
201601283012295,CNDBL,42,39,20,203,4060
201601283012284,CNDBL,42,45,40,206,8240
201601283012477,CZBIL,54,58,500,616,308000
201601283012476,CZBIL,26,58,70,617,43190
201601283012475,CZBIL,6,58,20,617,12340
201601283012474,CZBIL,26,58,100,617,61700
201601283012473,CZBIL,21,58,240,618,148320
201601283012453,CZBIL,21,45,18,619,11142
201601283012452,CZBIL,21,36,250,619,154750
201601283012370,CZBIL,39,36,200,619,123800
201601283012293,CZBIL,26,26,11,617,6787
201601283012199,CZBIL,41,36,50,619,30950
201601283012190,CZBIL,48,58,200,620,124000
201601283012189,CZBIL,48,17,200,619,123800
201601283012605,DBBL,21,26,296,220,65120
201601283012568,DBBL,6,50,450,220,99000
201601283012559,DBBL,56,50,500,220,110000
201601283012558,DBBL,41,50,100,220,22000
201601283012557,DBBL,56,50,200,220,44000
201601283012505,DBBL,25,36,300,220,66000
201601283012236,DBBL,5,35,1000,228,228000
201601283012232,DBBL,5,35,1000,228,228000
201601283012203,DBBL,5,41,200,228,45600
201601283012369,DBBL,54,32,440,226,99440
201601283012368,DBBL,7,32,60,227,13620
201601283012319,DBBL,1,49,326,227,74002
201601283012283,DBBL,40,39,500,227,113500
201601283012279,DBBL,54,39,1000,226,226000
201601283012271,DBBL,54,35,1000,228,228000
201601283012433,DBBL,50,46,500,223,111500
201601283012432,DBBL,1,46,500,224,112000
201601283012407,DBBL,11,10,200,225,45000
201601283012406,DBBL,6,10,500,225,112500
201601283012405,DBBL,54,10,60,226,13560
201601283012388,DBBL,5,7,500,227,113500
201601283012504,DBBL,21,36,100,220,22000
201601283012454,DBBL,51,46,35,220,7700
201601283012439,DBBL,51,46,600,220,132000
201601283012436,DBBL,25,46,900,221,198900
201601283012435,DBBL,56,46,300,222,66600
201601283012434,DBBL,57,46,1000,222,222000
201601283012317,DDBL,44,7,617,1945,1200065
201601283012646,EBL,8,8,661,2297,1518317
201601283012596,EBL,6,45,200,2305,461000
201601283012595,EBL,25,45,81,2300,186300
201601283012543,EBL,26,45,50,2305,115250
201601283012528,EBL,37,45,200,2300,460000
201601283012527,EBL,26,45,50,2305,115250
201601283012386,EBL,33,47,80,2303,184240
201601283012385,EBL,26,47,20,2305,46100
201601283012338,EBL,39,17,100,2301,230100
201601283012331,EBL,50,17,100,2305,230500
201601283012419,EBL,37,45,100,2300,230000
201601283012418,EBL,13,45,105,2300,241500
201601283012416,EBL,50,45,200,2300,460000
201601283012399,EBL,36,45,100,2301,230100
201601283012398,EBL,36,45,150,2302,345300
201601283012397,EBL,33,45,20,2303,46060
201601283012430,EBL,49,25,100,2300,230000
201601283012429,EBL,37,25,100,2300,230000
201601283012644,GBIME,32,46,100,467,46700
201601283012635,GBIME,28,46,180,466,83880
201601283012634,GBIME,40,46,300,467,140100
201601283012633,GBIME,50,46,420,467,196140
201601283012631,GBIME,50,21,60,467,28020
201601283012629,GBIME,50,21,422,467,197074
201601283012221,GBIME,16,48,64,469,30016
201601283012186,GBIME,57,45,212,469,99428
201601283012157,GBIME,41,45,1000,468,468000
201601283012333,GBIME,1,6,100,469,46900
201601283012332,GBIME,32,6,10,469,4690
201601283012314,GBIME,1,6,100,469,46900
201601283012302,GBIME,16,6,119,469,55811
201601283012289,GBIME,47,25,495,470,232650
201601283012286,GBIME,47,49,538,469,252322
201601283012366,GBIME,47,5,400,466,186400
201601283012354,GBIME,25,5,300,466,139800
201601283012337,GBIME,16,6,200,468,93600
201601283012336,GBIME,22,6,300,468,140400
201601283012335,GBIME,17,6,390,468,182520
201601283012334,GBIME,40,6,200,469,93800
201601283012533,GBIME,40,16,500,467,233500
201601283012404,GBIME,25,6,490,465,227850
201601283012403,GBIME,25,6,500,465,232500
201601283012402,GBIME,1,6,200,465,93000
201601283012401,GBIME,42,6,1000,465,465000
201601283012400,GBIME,49,6,100,466,46600
201601283012248,GDBL,53,13,204,325,66300
201601283012247,GDBL,53,8,400,325,130000
201601283012246,GDBL,53,13,100,324,32400
201601283012202,HAMA,56,39,100,181,18100
201601283012148,HAMA,50,39,100,178,17800
201601283012282,HGI,42,17,500,690,345000
201601283012281,HGI,42,21,143,689,98527
201601283012259,HGI,55,33,326,688,224288
201601283012303,ICFC,26,22,200,238,47600
201601283012209,ICFC,45,58,100,239,23900
201601283012192,ICFC,1,44,500,238,119000
201601283012152,ICFC,45,44,500,235,117500
201601283012613,ILFCM,14,56,15,1100,16500
201601283012542,ILFCM,41,47,100,1080,108000
201601283012541,ILFCM,6,47,100,1086,108600
201601283012540,ILFCM,32,47,300,1088,326400
201601283012539,ILFCM,40,47,300,1090,327000
201601283012498,ILFCM,32,44,200,1088,217600
201601283012251,ILFCM,41,33,100,1120,112000
201601283012250,ILFCM,43,33,10,1121,11210
201601283012497,ILFCM,41,44,50,1088,54400
201601283012496,ILFCM,21,44,100,1090,109000
201601283012495,ILFCM,8,44,50,1090,54500
201601283012494,ILFCM,43,44,10,1092,10920
201601283012297,ILFCM,42,33,100,1110,111000
201601283012296,ILFCM,39,33,10,1111,11110
201601283012561,KDBL,10,6,110,209,22990
201601283012560,KDBL,10,11,50,209,10450
201601283012567,KMCDB,7,41,180,1565,281700
201601283012566,KMCDB,47,41,70,1570,109900
201601283012565,KMCDB,7,41,200,1571,314200
201601283012532,KMCDB,7,33,200,1596,319200
201601283012172,KMCDB,16,21,400,1596,638400
201601283012171,KMCDB,16,55,200,1595,319000
201601283012167,KMCDB,16,7,346,1594,551524
201601283012166,KMCDB,16,33,200,1593,318600
201601283012249,KMCDB,36,22,100,1615,161500
201601283012244,KMCDB,7,45,46,1615,74290
201601283012225,KMCDB,7,55,200,1610,322000
201601283012205,KMCDB,33,33,2124,1590,3377160
201601283012531,KMCDB,33,33,619,1590,984210
201601283012365,KMCDB,36,48,200,1610,322000
201601283012364,KMCDB,6,48,380,1611,612180
201601283012363,KMCDB,36,48,50,1615,80750
201601283012524,LBL,8,5,500,585,292500
201601283012438,LBL,58,42,288,585,168480
201601283012417,LBL,58,5,500,585,292500
201601283012415,LBL,40,34,97,585,56745
201601283012306,LBL,38,5,440,586,257840
201601283012305,LBL,17,5,50,586,29300
201601283012235,LBL,58,22,118,587,69266
201601283012234,LBL,58,36,500,587,293500
201601283012233,LBL,17,45,271,586,158806
201601283012176,LBL,38,17,64,586,37504
201601283012268,LBL,58,36,500,587,293500
201601283012255,LBL,8,58,500,589,294500
201601283012242,LBL,58,50,275,588,161700
201601283012241,LBL,58,43,300,588,176400
201601283012240,LBL,58,5,50,588,29400
201601283012239,LBL,58,1,500,588,294000
201601283012224,LGIL,39,39,12,581,6972
201601283012322,LICN,56,45,65,3510,228150
201601283012616,LLBS,26,39,10,2035,20350
201601283012603,LLBS,21,16,50,2050,102500
201601283012630,MDBL,45,45,600,281,168600
201601283012352,MDBL,13,56,200,280,56000
201601283012318,MDBL,13,17,80,280,22400
201601283012285,MDBL,52,38,727,280,203560
201601283012597,MNBBL,57,37,61,825,50325
201601283012538,MNBBL,32,39,529,824,435896
201601283012345,MNBBL,19,42,100,824,82400
201601283012174,MNBBL,39,14,180,820,147600
201601283012164,MNBBL,25,14,300,820,246000
201601283012163,MNBBL,57,14,50,820,41000
201601283012162,MNBBL,17,14,100,821,82100
201601283012161,MNBBL,1,14,200,821,164200
201601283012160,MNBBL,42,14,150,826,123900
201601283012159,MNBBL,32,14,20,827,16540
201601283012578,NABIL,32,45,100,1880,188000
201601283012536,NABIL,1,1,200,1889,377800
201601283012523,NABIL,19,45,18,1885,33930
201601283012330,NABIL,57,45,500,1890,945000
201601283012327,NABIL,32,45,100,1890,189000
201601283012311,NABIL,49,45,100,1890,189000
201601283012301,NABIL,13,6,100,1894,189400
201601283012243,NABIL,50,43,100,1894,189400
201601283012214,NABILP,56,55,30,1459,43770
201601283012213,NABILP,56,26,220,1455,320100
201601283012509,NABILP,47,38,500,1458,729000
201601283012508,NABILP,47,52,20,1457,29140
201601283012441,NABILP,8,6,531,1459,774729
201601283012440,NABILP,8,7,400,1458,583200
201601283012594,NBB,49,49,1000,490,490000
201601283012550,NBB,25,41,388,490,190120
201601283012546,NBB,14,54,1000,489,489000
201601283012545,NBB,14,6,100,489,48900
201601283012535,NBB,14,39,723,487,352101
201601283012534,NBB,14,39,36,486,17496
201601283012195,NBB,57,17,160,482,77120
201601283012149,NBB,45,42,239,483,115437
201601283012359,NBB,25,44,1000,483,483000
201601283012355,NBB,14,44,500,483,241500
201601283012349,NBB,55,44,500,483,241500
201601283012348,NBB,14,48,322,485,156170
201601283012206,NBB,57,17,840,482,404880
201601283012501,NBB,25,49,100,485,48500
201601283012463,NBB,25,54,1000,485,485000
201601283012391,NBB,25,54,250,481,120250
201601283012384,NBB,40,54,1000,481,481000
201601283012383,NBB,45,54,750,482,361500
201601283012380,NBB,57,10,400,486,194400
201601283012478,NBBL,55,10,15,3690,55350
201601283012307,NBBL,22,37,10,3715,37150
201601283012608,NBL,26,5,200,321,64200
201601283012575,NBL,58,22,500,321,160500
201601283012574,NBL,58,22,500,321,160500
201601283012421,NBL,41,6,100,321,32100
201601283012420,NBL,44,6,700,321,224700
201601283012396,NBL,5,38,500,322,161000
201601283012395,NBL,44,38,100,322,32200
201601283012353,NBL,50,43,1000,323,323000
201601283012216,NBL,45,45,36,323,11628
201601283012584,NHPC,33,36,900,148,133200
201601283012643,NIB,14,25,500,790,395000
201601283012642,NIB,14,45,100,790,79000
201601283012641,NIB,14,22,100,790,79000
201601283012640,NIB,14,8,500,790,395000
201601283012639,NIB,14,21,550,789,433950
201601283012609,NIB,14,25,400,787,314800
201601283012484,NIB,39,25,200,787,157400
201601283012357,NIB,45,45,30,789,23670
201601283012310,NIB,50,33,800,788,630400
201601283012291,NIB,50,22,157,790,124030
201601283012583,NIB,50,5,40,788,31520
201601283012579,NIB,50,33,68,788,53584
201601283012500,NIB,21,34,65,786,51090
201601283012493,NIB,21,34,300,786,235800
201601283012492,NIB,45,34,130,786,102180
201601283012491,NIB,49,34,170,786,133620
201601283012520,NIBPO,44,32,100,700,70000
201601283012519,NIBPO,44,6,100,700,70000
201601283012518,NIBPO,44,17,200,700,140000
201601283012517,NIBPO,44,11,100,700,70000
201601283012516,NIBPO,44,44,100,700,70000
201601283012515,NIBPO,44,19,500,699,349500
201601283012514,NIBPO,44,7,200,699,139800
201601283012620,NICA,57,51,100,709,70900
201601283012588,NICA,43,51,100,709,70900
201601283012549,NICA,55,51,100,709,70900
201601283012470,NICA,32,10,200,708,141600
201601283012469,NICA,52,10,100,708,70800
201601283012468,NICA,32,10,200,708,141600
201601283012173,NICA,42,21,70,710,49700
201601283012168,NICA,42,21,150,710,106500
201601283012466,NICA,39,51,200,709,141800
201601283012413,NICA,49,49,2000,707,1414000
201601283012326,NICA,52,21,100,710,71000
201601283012298,NICA,39,21,50,710,35500
201601283012288,NICA,52,21,100,710,71000
201601283012238,NICA,17,21,60,710,42600
201601283012637,NICL,32,43,20,597,11940
201601283012461,NIL,54,7,200,870,174000
201601283012460,NIL,54,35,1000,870,870000
201601283012200,NIL,38,35,500,872,436000
201601283012194,NIL,54,35,500,872,436000
201601283012553,NLBBL,44,42,192,2100,403200
201601283012587,NLG,44,21,15,800,12000
201601283012458,NLIC,16,58,104,3290,342160
201601283012377,NLIC,22,48,50,3280,164000
201601283012376,NLIC,36,48,160,3280,524800
201601283012375,NLIC,6,48,200,3282,656400
201601283012374,NLIC,28,48,40,3285,131400
201601283012373,NLIC,11,48,50,3285,164250
201601283012372,NLIC,34,48,20,3290,65800
201601283012254,NLIC,56,48,30,3290,98700
201601283012253,NLIC,22,48,50,3290,164500
201601283012252,NLIC,45,48,100,3290,329000
201601283012218,NLIC,34,48,15,3291,49365
201601283012563,NLICL,57,49,40,2590,103600
201601283012522,NLICL,11,49,100,2590,259000
201601283012513,NLICL,47,49,200,2590,518000
201601283012512,NLICL,51,49,200,2590,518000
201601283012511,NLICL,42,49,30,2598,77940
201601283012510,NLICL,42,49,30,2598,77940
201601283012346,NLICL,45,49,60,2600,156000
201601283012339,NLICL,45,49,200,2595,519000
201601283012628,NMB,42,14,1000,455,455000
201601283012627,NMB,48,14,500,456,228000
201601283012626,NMB,51,14,500,456,228000
201601283012625,NMB,53,14,1000,456,456000
201601283012624,NMB,8,14,1500,457,685500
201601283012623,NMB,39,14,300,457,137100
201601283012622,NMB,19,14,100,457,45700
201601283012621,NMB,28,14,1200,460,552000
201601283012562,NMB,8,17,500,457,228500
201601283012277,NMB,47,45,1200,460,552000
201601283012201,NMB,39,45,71,458,32518
201601283012548,NNFC,45,45,50,306,15300
201601283012219,NNFC,45,45,80,300,24000
201601283012196,NNFC,45,45,20,300,6000
201601283012304,NTC,13,19,300,679,203700
201601283012156,NUBL,22,45,100,1750,175000
201601283012619,PCBL,14,5,200,502,100400
201601283012569,PCBL,40,57,425,502,213350
201601283012451,PCBL,49,53,480,500,240000
201601283012450,PCBL,50,53,100,500,50000
201601283012449,PCBL,47,53,300,500,150000
201601283012448,PCBL,47,53,120,500,60000
201601283012256,PCBL,14,17,50,501,25050
201601283012245,PCBL,1,17,500,500,250000
201601283012237,PCBL,51,17,500,500,250000
201601283012170,PCBL,11,17,100,501,50100
201601283012316,PCBL,52,56,89,503,44767
201601283012287,PCBL,48,17,1000,501,501000
201601283012262,PCBL,39,17,200,500,100000
201601283012260,PCBL,45,17,43,502,21586
201601283012258,PCBL,1,17,100,500,50000
201601283012257,PCBL,55,17,150,501,75150
201601283012437,PCBL,1,53,80,501,40080
201601283012428,PCBL,1,53,120,501,60120
201601283012427,PCBL,21,53,80,501,40080
201601283012422,PCBL,43,53,200,501,100200
201601283012394,PCBL,52,53,200,503,100600
201601283012325,PCBL,52,6,100,503,50300
201601283012447,PCBL,1,53,200,500,100000
201601283012446,PCBL,42,53,100,500,50000
201601283012445,PCBL,43,53,100,500,50000
201601283012444,PCBL,43,53,100,500,50000
201601283012443,PCBL,1,53,100,500,50000
201601283012442,PCBL,51,53,1000,501,501000
201601283012182,PCBLP,58,10,10000,280,2800000
201601283012547,PIC,6,6,100,989,98900
201601283012507,PIC,33,6,20,989,19780
201601283012503,PIC,33,6,10,989,9890
201601283012343,PLIC,36,17,200,1620,324000
201601283012342,PLIC,32,21,500,1620,810000
201601283012270,PLIC,46,6,950,1621,1539950
201601283012269,PLIC,11,6,100,1622,162200
201601283012223,PLIC,40,17,27,1622,43794
201601283012275,RBBBL,17,42,45,241,10845
201601283012585,RMDC,22,22,99,681,67419
201601283012580,RMDC,22,25,200,684,136800
201601283012490,RMDC,43,25,200,680,136000
201601283012489,RMDC,49,25,1000,680,680000
201601283012488,RMDC,22,25,100,680,68000
201601283012487,RMDC,41,25,50,680,34000
201601283012486,RMDC,16,25,700,681,476700
201601283012485,RMDC,11,25,20,681,13620
201601283012506,SADBL,25,44,190,550,104500
201601283012414,SADBL,51,26,11,552,6072
201601283012323,SADBL,25,57,206,552,113712
201601283012320,SADBL,8,13,97,552,53544
201601283012278,SADBL,26,44,90,552,49680
201601283012231,SADBL,25,47,500,552,276000
201601283012229,SADBL,25,47,485,552,267720
201601283012228,SADBL,25,47,192,552,105984
201601283012227,SADBL,25,35,1000,552,552000
201601283012226,SADBL,25,46,10,551,5510
201601283012150,SADBL,26,47,100,552,55200
201601283012614,SANIMA,28,55,100,722,72200
201601283012554,SANIMA,21,17,106,720,76320
201601283012530,SANIMA,37,55,50,722,36100
201601283012529,SANIMA,45,55,50,722,36100
201601283012471,SANIMA,21,11,200,720,144000
201601283012341,SANIMA,45,38,50,722,36100
201601283012183,SANIMA,55,59,100,722,72200
201601283012340,SANIMA,45,1,100,721,72100
201601283012309,SANIMA,33,1,200,721,144200
201601283012308,SANIMA,42,1,200,721,144200
201601283012294,SANIMA,5,17,113,722,81586
201601283012230,SANIMA,57,8,159,720,114480
201601283012184,SANIMA,35,59,600,722,433200
201601283012618,SBBLJ,17,52,219,353,77307
201601283012573,SBI,55,22,100,1278,127800
201601283012502,SBI,45,47,20,1278,25560
201601283012358,SBI,1,48,254,1270,322580
201601283012356,SBI,1,44,84,1270,106680
201601283012351,SBI,1,47,100,1270,127000
201601283012591,SCB,17,28,50,2650,132500
201601283012208,SCB,45,45,10,2649,26490
201601283012426,SCB,59,28,180,2650,477000
201601283012371,SCB,26,5,24,2647,63528
201601283012347,SCB,28,28,80,2650,212000
201601283012344,SCB,28,20,21,2650,55650
201601283012425,SEWA,21,56,59,286,16874
201601283012424,SEWA,21,36,640,285,182400
201601283012423,SEWA,21,43,31,284,8804
201601283012367,SFL,58,42,26,196,5096
201601283012379,SHL,41,26,100,330,33000
201601283012411,SICL,54,48,300,1456,436800
201601283012410,SICL,50,48,200,1456,291200
201601283012409,SICL,14,48,500,1457,728500
201601283012408,SICL,57,48,100,1465,146500
201601283012197,SICL,54,58,200,1470,294000
201601283012158,SICL,14,14,1253,1475,1848175
201601283012632,SKBBL,6,45,19,1405,26695
201601283012617,SKBBL,6,25,33,1415,46695
201601283012615,SKBBL,6,55,100,1410,141000
201601283012612,SKBBL,6,33,531,1410,748710
201601283012611,SKBBL,6,11,100,1409,140900
201601283012602,SKBBL,6,22,145,1405,203725
201601283012599,SKBBL,6,14,212,1400,296800
201601283012482,SLICL,39,39,42,763,32046
201601283012481,SLICL,39,39,42,763,32046
201601283012480,SLICL,39,39,42,763,32046
201601283012537,SMFDB,25,45,100,2334,233400
201601283012479,SMFDB,44,45,120,2334,280080
201601283012465,SMFDB,47,45,100,2335,233500
201601283012464,SMFDB,25,45,130,2335,303550
201601283012462,SMFDB,25,45,70,2335,163450
201601283012412,SMFDB,44,28,200,2334,466800
201601283012362,SMFDB,45,45,200,2340,468000
201601283012638,SRBL,48,50,50,429,21450
201601283012589,SRBL,44,17,89,429,38181
201601283012551,SRBL,44,50,1600,429,686400
201601283012455,SRBL,58,50,400,430,172000
201601283012274,SRBL,58,58,88,431,37928
201601283012222,SRBL,25,48,126,429,54054
201601283012220,SRBL,39,28,149,429,63921
201601283012207,SRBL,25,42,500,430,215000
201601283012180,SRBL,25,58,200,430,86000
201601283012179,SRBL,25,16,300,429,128700
201601283012178,SRBL,6,16,200,429,85800
201601283012390,SWBBL,56,38,100,2081,208100
201601283012389,SWBBL,56,55,100,2080,208000
201601283012556,SYFL,45,44,500,105,52500
201601283012361,SYFL,58,44,500,105,52500
201601283012456,TBBL,49,49,1800,279,502200
201601283012273,TBBL,11,39,50,275,13750
201601283012272,TBBL,19,39,90,277,24930
201601283012267,TBBL,49,49,1000,279,279000
201601283012191,TBBL,49,49,800,279,223200
201601283012188,TBBL,49,52,100,275,27500
201601283012187,TBBL,49,6,20,274,5480
201601283012181,TBBL,49,6,86,278,23908
201601283012483,TRH,32,53,1000,216,216000
201601283012382,TRH,7,53,100,219,21900
201601283012636,UFCL,41,41,500,136,68000
201601283012521,UFCL,17,1,100,136,13600
201601283012290,UFCL,10,25,100,136,13600
201601283012266,UFCL,10,1,150,136,20400
201601283012265,UFCL,10,41,200,136,27200
201601283012264,UFCL,10,39,50,136,6800
201601283012552,UFL,39,33,10,270,2700
201601283012604,UIC,40,21,100,548,54800
201601283012204,UIC,14,44,800,545,436000
201601283012387,WDBL,45,7,102,364,37128
201601283012155,WDBL,13,55,200,362,72400
201601283012555,YETI,32,32,35,167,5845
201601283012459,YETI,10,5,500,169,84500
201601283012280,YETI,21,5,200,167,33400
201601283012193,YETI,21,48,500,167,83500
201601283012175,YETI,32,6,200,167,33400
201601283012153,YETI,45,11,100,166,16600
201601283012151,YETI,45,5,11,166,1826
201601283012012,ACEDBL,26,55,57,345,19665
201601283011888,ACEDBL,56,53,500,345,172500
201601283011887,ACEDBL,26,53,100,346,34600
201601283012137,ADBL,25,25,500,580,290000
201601283012136,ADBL,56,25,100,580,58000
201601283012064,ADBL,25,50,500,580,290000
201601283012000,ADBL,25,25,500,580,290000
201601283011999,ADBL,1,25,500,580,290000
201601283011998,ADBL,45,25,500,580,290000
201601283011741,ADBL,56,45,42,580,24360
201601283011752,ADBL,56,17,50,585,29250
201601283011751,ADBL,56,51,60,584,35040
201601283011747,ADBL,56,25,36,583,20988
201601283012063,API,41,44,500,436,218000
201601283012061,API,45,44,500,438,219000
201601283012060,API,14,44,200,438,87600
201601283011974,API,35,44,500,445,222500
201601283011766,API,38,43,10,442,4420
201601283011765,API,38,44,400,440,176000
201601283011757,API,19,44,100,440,44000
201601283012105,ARDBL,45,42,44,225,9900
201601283012104,ARDBL,45,26,52,224,11648
201601283011826,ARDBL,21,38,200,220,44000
201601283011823,ARDBL,35,38,1000,221,221000
201601283011799,ARDBL,36,38,16,222,3552
201601283011793,ARDBL,36,38,140,222,31080
201601283011792,ARDBL,32,38,500,223,111500
201601283011791,ARDBL,52,38,100,224,22400
201601283011790,ARDBL,21,38,250,225,56250
201601283011774,ARDBL,10,13,338,226,76388
201601283011771,ARDBL,10,39,21,225,4725
201601283011686,BARUN,42,42,10,318,3180
201601283011685,BARUN,42,42,10,318,3180
201601283011684,BARUN,42,52,10,318,3180
201601283011683,BARUN,42,42,10,315,3150
201601283011825,BLDBL,41,19,100,350,35000
201601283011876,BPCL,36,38,200,573,114600
201601283011891,CBBL,36,45,10,1745,17450
201601283011886,CBBL,21,45,100,1745,174500
201601283011800,CBBL,56,28,100,1750,175000
201601283011781,CBBL,56,28,200,1750,350000
201601283011780,CBBL,44,28,300,1752,525600
201601283011746,CBBL,44,42,100,1752,175200
201601283011720,CBBL,47,33,216,1765,381240
201601283012017,CCBL,28,58,100,322,32200
201601283012016,CCBL,22,58,300,322,96600
201601283012010,CCBL,47,58,200,324,64800
201601283011928,CCBL,42,42,1000,324,324000
201601283011839,CCBL,6,6,200,325,65000
201601283011836,CCBL,34,6,244,325,79300
201601283011776,CCBL,26,39,229,325,74425
201601283011665,CCBL,8,47,32,325,10400
201601283012019,CHCL,48,43,100,1282,128200
201601283012018,CHCL,48,13,200,1280,256000
201601283011653,CHCL,17,13,200,1275,255000
201601283011963,CNDBL,40,32,160,210,33600
201601283011962,CNDBL,41,32,70,210,14700
201601283011898,CNDBL,41,36,430,210,90300
201601283011869,CNDBL,21,50,50,211,10550
201601283011866,CNDBL,35,50,5000,207,1035000
201601283011659,CNDBL,50,49,90,211,18990
201601283011656,CNDBL,50,25,230,211,48530
201601283011651,CNDBL,50,6,150,211,31650
201601283011650,CNDBL,50,6,140,211,29540
201601283012068,CZBIL,36,55,500,615,307500
201601283012067,CZBIL,28,55,1450,615,891750
201601283012066,CZBIL,14,55,650,615,399750
201601283012065,CZBIL,10,55,200,616,123200
201601283012054,CZBIL,45,58,450,620,279000
201601283012029,CZBIL,41,58,48,619,29712
201601283011922,CZBIL,55,58,500,621,310500
201601283011921,CZBIL,26,58,100,621,62100
201601283011920,CZBIL,56,58,50,622,31100
201601283011877,CZBIL,38,42,358,622,222676
201601283011719,CZBIL,13,58,500,625,312500
201601283012020,CZBIL,13,58,10,620,6200
201601283012003,CZBIL,13,58,390,620,241800
201601283011955,CZBIL,28,58,550,620,341000
201601283011925,CZBIL,38,58,200,620,124000
201601283011924,CZBIL,17,58,500,620,310000
201601283011923,CZBIL,17,58,100,620,62000
201601283012130,DBBL,55,41,300,228,68400
201601283012127,DBBL,55,11,100,228,22800
201601283012098,DBBL,55,47,116,228,26448
201601283012015,DBBL,5,21,500,228,114000
201601283011908,DBBL,26,1,200,228,45600
201601283011902,DBBL,56,42,50,229,11450
201601283011671,DBBL,42,49,300,220,66000
201601283011711,DBBL,40,49,870,224,194880
201601283011708,DBBL,40,6,48,224,10752
201601283011707,DBBL,41,49,40,224,8960
201601283011706,DBBL,41,43,10,224,2240
201601283011673,DBBL,56,49,100,220,22000
201601283011672,DBBL,42,49,200,220,44000
201601283011881,DBBL,46,40,100,228,22800
201601283011880,DBBL,46,43,10,228,2280
201601283011879,DBBL,47,57,172,228,39216
201601283011867,DBBL,47,46,852,227,193404
201601283011847,DBBL,54,21,500,226,113000
201601283011810,DBBL,34,56,89,226,20114
201601283011884,DDBL,39,45,100,1940,194000
201601283011822,DDBL,53,7,60,1951,117060
201601283011819,DDBL,32,7,20,1955,39100
201601283011773,DDBL,28,41,100,1975,197500
201601283012002,EBL,25,55,293,2310,676830
201601283011927,EBL,25,55,40,2300,92000
201601283011926,EBL,42,55,40,2300,92000
201601283011916,EBL,57,28,300,2310,693000
201601283011824,EBL,54,28,100,2300,230000
201601283011745,EBL,25,19,105,2300,241500
201601283011733,EIC,32,21,33,911,30063
201601283012092,GBIME,32,25,90,469,42210
201601283012091,GBIME,5,25,100,469,46900
201601283011895,GBIME,47,6,410,470,192700
201601283011894,GBIME,47,44,500,470,235000
201601283011893,GBIME,47,50,200,470,94000
201601283011874,GBIME,5,36,200,469,93800
201601283011724,GBIME,36,25,37,470,17390
201601283011723,GBIME,48,49,605,469,283745
201601283011695,GBIME,17,34,300,468,140400
201601283011652,GBIME,11,42,10,468,4680
201601283011783,GBIME,41,32,400,469,187600
201601283011782,GBIME,39,45,137,470,64390
201601283011755,GBIME,17,58,310,468,145080
201601283011754,GBIME,32,58,200,468,93600
201601283011753,GBIME,11,58,40,468,18720
201601283011726,GBIME,48,48,3823,469,1792987
201601283011853,GBIME,5,46,39,469,18291
201601283011821,GBIME,25,25,450,470,211500
201601283011818,GBIME,21,25,50,470,23500
201601283011789,GBIME,39,6,200,470,94000
201601283011788,GBIME,39,49,200,470,94000
201601283011787,GBIME,39,50,570,470,267900
201601283011779,GDBL,39,8,100,325,32500
201601283011994,GLICL,56,50,111,608,67488
201601283011967,GLICL,22,1,200,609,121800
201601283011966,GLICL,43,1,100,610,61000
201601283011965,GLICL,56,1,200,611,122200
201601283011657,GLICL,56,41,166,610,101260
201601283011947,HBL,11,34,500,970,485000
201601283011946,HBL,26,34,100,970,97000
201601283011945,HBL,20,34,200,970,194000
201601283011944,HBL,21,34,30,971,29130
201601283012112,HGI,33,33,100,687,68700
201601283012111,HGI,44,33,100,687,68700
201601283012078,HGI,44,33,100,687,68700
201601283012057,HGI,54,33,200,685,137000
201601283011950,HGI,5,33,100,685,68500
201601283011949,HGI,53,33,500,685,342500
201601283011948,HGI,47,33,50,685,34250
201601283011675,HGI,53,33,850,686,583100
201601283011674,HGI,55,33,450,690,310500
201601283011837,ILFCM,41,47,50,1142,57100
201601283011812,ILFCM,26,33,40,1165,46600
201601283011796,ILFCM,26,14,20,1165,23300
201601283012024,KDBL,48,55,91,209,19019
201601283012005,KDBL,48,59,50,206,10300
201601283011917,KDBL,59,59,1065,202,215130
201601283011910,KDBL,59,10,11,202,2222
201601283011896,KDBL,59,10,64,202,12928
201601283011861,KDBL,1,59,200,206,41200
201601283011814,KDBL,17,19,34,208,7072
201601283011743,KMCDB,7,41,160,1580,252800
201601283011742,KMCDB,7,33,100,1580,158000
201601283011738,KMCDB,7,25,19,1575,29925
201601283011737,KMCDB,7,32,200,1571,314200
201601283011648,KMCDB,36,33,300,1552,465600
201601283011914,KMCDB,6,55,200,1595,319000
201601283011759,KMCDB,7,32,100,1595,159500
201601283011750,KMCDB,7,38,44,1583,69652
201601283012132,LBL,43,45,110,586,64460
201601283012128,LBL,42,45,70,586,41020
201601283012123,LBL,58,26,500,585,292500
201601283012038,LBL,42,58,30,586,17580
201601283012037,LBL,42,55,25,586,14650
201601283012014,LBL,6,47,100,587,58700
201601283011820,LBL,6,52,200,590,118000
201601283011772,LBL,58,58,359,590,211810
201601283011736,LBL,38,52,500,590,295000
201601283011735,LBL,38,36,250,590,147500
201601283011734,LBL,38,43,300,589,176700
201601283011889,LBL,39,25,100,589,58900
201601283011885,LBL,39,25,400,589,235600
201601283011883,LBL,55,22,100,590,59000
201601283011855,LBL,26,37,41,590,24190
201601283011846,LBL,6,8,100,590,59000
201601283011845,LBL,6,55,100,590,59000
201601283011984,LBL,38,17,295,587,173165
201601283011982,LBL,11,47,240,587,140880
201601283011959,LBL,35,49,200,588,117600
201601283011956,LBL,11,43,300,587,176100
201601283011936,LBL,38,53,50,588,29400
201601283011905,LBL,38,39,300,588,176400
201601283012138,LICN,49,49,3000,3500,10500000
201601283012113,LICN,47,14,93,3510,326430
201601283011907,LICN,49,57,192,3500,672000
201601283011694,LICN,49,49,865,3500,3027500
201601283012030,MBBL,36,38,328,216,70848
201601283011997,MBBL,36,38,10,220,2200
201601283011989,MBBL,36,38,20,220,4400
201601283011878,MIDBL,57,43,10,187,1870
201601283011856,MIDBL,25,57,10,184,1840
201601283012118,MNBBL,42,14,50,826,41300
201601283011775,MNBBL,11,47,100,820,82000
201601283011748,MNBBL,19,19,235,823,193405
201601283011744,MNBBL,25,41,150,825,123750
201601283011718,MNBBL,57,41,100,825,82500
201601283011717,MNBBL,32,41,50,826,41300
201601283011666,MNBBL,47,47,577,830,478910
201601283012050,NABIL,36,43,18,1899,34182
201601283011993,NABIL,6,48,114,1894,215916
201601283011987,NABIL,36,17,20,1890,37800
201601283012121,NABILP,44,38,500,1450,725000
201601283012120,NABILP,36,38,100,1450,145000
201601283011969,NABILP,28,11,200,1455,291000
201601283011740,NABILP,28,28,25000,1450,36250000
201601283012110,NBB,14,8,200,481,96200
201601283012109,NBB,41,8,200,481,96200
201601283012108,NBB,51,8,200,482,96400
201601283012107,NBB,47,8,500,482,241000
201601283012106,NBB,14,8,50,483,24150
201601283011979,NBB,47,5,811,482,390902
201601283011875,NBB,39,10,500,483,241500
201601283011709,NBB,52,14,15,482,7230
201601283011705,NBB,20,14,150,483,72450
201601283011703,NBB,47,14,220,481,105820
201601283011701,NBB,52,14,350,482,168700
201601283011935,NBBL,17,7,10,3712,37120
201601283011841,NBBL,7,26,20,3640,72800
201601283012059,NBL,58,33,200,323,64600
201601283012058,NBL,58,19,300,323,96900
201601283011906,NBL,7,36,300,323,96900
201601283011873,NBL,44,21,300,321,96300
201601283011850,NBL,26,56,72,323,23256
201601283011801,NBL,44,38,500,322,161000
201601283011749,NBL,44,25,500,322,161000
201601283011728,NBL,56,56,1000,323,323000
201601283012135,NHPC,45,36,1000,148,148000
201601283012134,NHPC,39,36,100,148,14800
201601283012086,NHPC,39,36,1900,148,281200
201601283012085,NHPC,5,36,500,148,74000
201601283012084,NHPC,6,36,600,149,89400
201601283012083,NHPC,48,36,1000,149,149000
201601283011762,NHPC,1,26,100,150,15000
201601283011756,NHPC,52,26,500,148,74000
201601283011670,NHPC,38,35,1500,150,225000
201601283011669,NHPC,10,35,500,150,75000
201601283011668,NHPC,33,35,1000,150,150000
201601283011842,NHPC,33,19,1000,151,151000
201601283011835,NHPC,59,35,500,150,75000
201601283011804,NHPC,59,44,1000,150,150000
201601283011785,NHPC,45,26,1000,149,149000
201601283011764,NHPC,43,26,500,147,73500
201601283011763,NHPC,43,26,500,148,74000
201601283012082,NHPC,45,36,2000,149,298000
201601283011937,NHPC,25,35,1000,150,150000
201601283011901,NHPC,33,26,1000,150,150000
201601283011892,NHPC,59,21,500,150,75000
201601283011857,NHPC,41,56,100,150,15000
201601283011854,NHPC,33,56,900,150,135000
201601283012122,NIB,49,8,30,786,23580
201601283012103,NIB,50,22,150,789,118350
201601283012090,NIB,50,17,59,789,46551
201601283011983,NIB,50,5,449,785,352465
201601283011958,NIB,26,19,75,786,58950
201601283011739,NIB,40,42,33,789,26037
201601283011954,NIBPO,53,17,70,700,49000
201601283011904,NIBPO,57,44,600,691,414600
201601283011903,NIBPO,57,32,200,690,138000
201601283011899,NIBPO,50,50,300,689,206700
201601283011833,NIBPO,1,32,100,687,68700
201601283011832,NIBPO,42,32,200,687,137400
201601283012096,NICA,22,21,300,710,213000
201601283012062,NICA,44,21,100,710,71000
201601283011964,NICA,36,16,130,710,92300
201601283011957,NICA,22,16,150,710,106500
201601283011852,NICA,52,21,250,709,177250
201601283011786,NICA,47,21,100,709,70900
201601283011784,NICA,52,58,120,708,84960
201601283011777,NICA,41,16,20,710,14200
201601283011767,NICA,36,16,500,710,355000
201601283011758,NICA,42,16,100,710,71000
201601283011722,NICA,6,16,100,710,71000
201601283011911,NIL,44,25,248,862,213776
201601283012102,NLBBL,10,36,100,2100,210000
201601283012101,NLBBL,10,7,100,2090,209000
201601283012100,NLBBL,10,38,50,2088,104400
201601283012099,NLBBL,10,25,50,2085,104250
201601283012097,NLBBL,10,38,37,2080,76960
201601283011971,NLBBL,32,1,258,2065,532770
201601283011970,NLBBL,32,1,200,2060,412000
201601283011961,NLBBL,32,13,50,2070,103500
201601283012129,NLIC,16,16,207,3295,682065
201601283012089,NLIC,1,48,100,3295,329500
201601283012069,NLIC,19,55,19,3295,62605
201601283012056,NLIC,19,55,30,3295,98850
201601283012055,NLIC,42,55,40,3296,131840
201601283011977,NLIC,6,48,20,3299,65980
201601283011976,NLIC,6,25,69,3299,227631
201601283011938,NLIC,19,48,50,3299,164950
201601283011795,NLIC,21,35,100,3299,329900
201601283011794,NLIC,21,58,100,3299,329900
201601283011654,NLIC,51,58,100,3299,329900
201601283011647,NLIC,51,58,100,3299,329900
201601283012093,NLICL,59,58,42,2600,109200
201601283012044,NLICL,49,49,8400,2565,21546000
201601283011973,NLICL,11,25,100,2585,258500
201601283011843,NMB,36,39,50,463,23150
201601283012028,NNFC,19,52,700,295,206500
201601283011890,NUBL,28,45,100,1750,175000
201601283011827,NUBL,35,47,140,1755,245700
201601283012117,PCBL,5,53,176,502,88352
201601283012094,PCBL,55,55,64,504,32256
201601283011863,PCBL,1,17,200,505,101000
201601283011862,PCBL,50,17,150,505,75750
201601283011858,PCBL,52,17,200,506,101200
201601283011848,PCBL,6,50,380,507,192660
201601283011808,PCBL,6,21,120,507,60840
201601283011807,PCBL,32,21,80,507,40560
201601283011806,PCBL,32,21,100,507,50700
201601283011805,PCBL,39,21,200,507,101400
201601283011729,PICL,49,50,100,685,68500
201601283011710,PICL,53,50,20,677,13540
201601283011688,PICL,33,33,3000,685,2055000
201601283012125,PLIC,46,14,500,1621,810500
201601283012009,PLIC,1,14,600,1623,973800
201601283012008,PLIC,53,14,150,1624,243600
201601283012007,PLIC,28,14,500,1624,812000
201601283012006,PLIC,32,14,50,1625,81250
201601283011919,PLIC,40,20,54,1625,87750
201601283011732,PLIC,32,14,450,1623,730350
201601283011731,PLIC,50,14,500,1625,812500
201601283011730,PLIC,16,14,50,1630,81500
201601283011660,PRDBL,10,6,100,207,20700
201601283011658,PRDBL,32,38,45,210,9450
201601283011655,PRDBL,13,38,1000,206,206000
201601283011649,PRDBL,21,48,186,208,38688
201601283011661,PRDBL,10,6,100,207,20700
201601283012034,RBBBL,1,47,300,241,72300
201601283011699,RBBBL,22,11,10,245,2450
201601283011996,RMDC,41,54,500,681,340500
201601283011995,RMDC,42,54,20,685,13700
201601283011978,RMDC,41,38,107,681,72867
201601283011829,RMDC,41,58,200,685,137000
201601283011828,RMDC,41,45,200,685,137000
201601283012126,SADBL,25,35,1000,552,552000
201601283012124,SADBL,26,52,12,552,6624
201601283012116,SADBL,51,26,100,552,55200
201601283012114,SADBL,51,52,500,552,276000
201601283012095,SADBL,51,1,200,552,110400
201601283012070,SADBL,51,26,150,552,82800
201601283011932,SADBL,25,26,11,521,5731
201601283011930,SADBL,25,1,51,520,26520
201601283011929,SADBL,25,16,20,519,10380
201601283012036,SADBL,56,49,69,545,37605
201601283012027,SADBL,56,49,702,545,382590
201601283012023,SADBL,8,26,100,544,54400
201601283011988,SADBL,26,1,100,535,53500
201601283011940,SADBL,36,17,110,525,57750
201601283011934,SADBL,25,32,100,522,52200
201601283012115,SANIMA,16,13,100,722,72200
201601283012077,SANIMA,45,13,200,720,144000
201601283012076,SANIMA,13,13,500,720,360000
201601283012075,SANIMA,58,13,400,720,288000
201601283012074,SANIMA,43,13,200,720,144000
201601283012073,SANIMA,43,13,500,720,360000
201601283011682,SANIMA,45,53,150,724,108600
201601283011676,SANIMA,45,58,50,724,36200
201601283011667,SANIMA,55,58,100,724,72400
201601283011664,SANIMA,52,58,150,724,108600
201601283011697,SANIMA,39,45,300,722,216600
201601283011696,SANIMA,39,45,300,722,216600
201601283011693,SANIMA,6,45,200,723,144600
201601283011692,SANIMA,5,45,500,723,361500
201601283011691,SANIMA,17,45,50,723,36150
201601283011690,SANIMA,55,53,300,724,217200
201601283011798,SANIMA,49,8,100,724,72400
201601283011797,SANIMA,21,8,800,724,579200
201601283011778,SANIMA,21,53,1500,724,1086000
201601283011721,SANIMA,36,53,50,724,36200
201601283011700,SANIMA,32,45,51,722,36822
201601283011698,SANIMA,32,45,150,722,108300
201601283011871,SANIMA,38,42,600,723,433800
201601283011870,SANIMA,6,8,130,724,94120
201601283011816,SANIMA,36,8,500,724,362000
201601283011815,SANIMA,38,50,600,723,433800
201601283011811,SANIMA,59,50,100,723,72300
201601283011809,SANIMA,11,8,100,724,72400
201601283011918,SANIMA,41,8,70,723,50610
201601283011913,SANIMA,35,8,900,723,650700
201601283011912,SANIMA,41,8,100,723,72300
201601283011909,SANIMA,35,10,500,723,361500
201601283011882,SANIMA,41,21,132,723,95436
201601283011872,SANIMA,41,42,100,723,72300
201601283012047,SANIMA,45,58,100,722,72200
201601283012046,SANIMA,36,58,300,722,216600
201601283011986,SANIMA,45,47,100,722,72200
201601283011943,SANIMA,7,25,200,722,144400
201601283011942,SANIMA,20,25,700,722,505400
201601283011941,SANIMA,6,25,500,722,361000
201601283012072,SANIMA,16,13,500,720,360000
201601283012071,SANIMA,6,13,100,721,72100
201601283012053,SANIMA,6,58,400,721,288400
201601283012052,SANIMA,51,58,100,721,72100
201601283012049,SANIMA,51,58,200,721,144200
201601283012048,SANIMA,28,58,400,721,288400
201601283011831,SBI,55,39,180,1263,227340
201601283011830,SBI,21,39,20,1264,25280
201601283011761,SBI,17,17,100,1263,126300
201601283012035,SCB,45,28,90,2650,238500
201601283011990,SCB,25,28,80,2650,212000
201601283011985,SCB,25,28,10,2650,26500
201601283011980,SCB,36,28,20,2650,53000
201601283011933,SCB,36,32,50,2650,132500
201601283011900,SCB,38,28,200,2650,530000
201601283011727,SCB,38,33,500,2650,1325000
201601283011689,SCB,11,11,110,2640,290400
201601283011725,SETI,49,17,10,227,2270
201601283012045,SHL,22,22,993,330,327690
201601283011716,SHL,57,22,200,330,66000
201601283011715,SHL,41,22,100,330,33000
201601283011714,SHL,17,22,100,331,33100
201601283012079,SHPC,58,26,16,851,13616
201601283011897,SHPC,44,44,100,862,86200
201601283012043,SICL,14,53,100,1465,146500
201601283012042,SICL,14,14,595,1470,874650
201601283012041,SICL,14,44,200,1470,294000
201601283012040,SICL,14,17,58,1465,84970
201601283012039,SICL,14,38,42,1464,61488
201601283012013,SICL,50,38,200,1456,291200
201601283011991,SICL,14,17,80,1460,116800
201601283011939,SICL,6,53,100,1460,146000
201601283011760,SIL,49,14,137,1029,140973
201601283012021,SKBBL,6,11,150,1402,210300
201601283012011,SKBBL,25,55,100,1405,140500
201601283011953,SKBBL,25,25,100,1429,142900
201601283011663,SLICL,16,14,20,760,15200
201601283011981,SRBL,35,1,300,430,129000
201601283011968,SRBL,33,1,200,430,86000
201601283011951,SRBL,6,13,17,431,7327
201601283011851,SRBL,35,35,2000,430,860000
201601283011849,SRBL,35,25,55,430,23650
201601283011844,SRBL,35,35,2000,430,860000
201601283011838,SRBL,35,32,150,430,64500
201601283011834,SRBL,35,32,56,430,24080
201601283011817,SRBL,56,42,105,430,45150
201601283011813,SRBL,13,32,200,429,85800
201601283011992,SWBBL,28,53,100,2060,206000
201601283011803,SWBBL,17,53,10,2041,20410
201601283011802,SWBBL,22,53,50,2045,102250
201601283011770,SWBBL,58,53,60,2050,123000
201601283011769,SWBBL,44,53,100,2051,205100
201601283011768,SYFL,58,32,500,107,53500
201601283012119,TBBL,49,49,2000,279,558000
201601283011931,TBBL,13,6,100,275,27500
201601283012144,UFCL,10,1,100,136,13600
201601283012142,UFCL,10,35,1069,136,145384
201601283012141,UFCL,10,39,50,136,6800
201601283012140,UFCL,10,25,100,136,13600
201601283012139,UFCL,10,39,100,135,13500
201601283012088,UFCL,10,39,49,134,6566
201601283011662,UFCL,10,25,100,124,12400
201601283011960,UFCL,17,14,200,128,25600
201601283011713,UFCL,41,25,50,130,6500
201601283011712,UFCL,41,39,100,130,13000
201601283011702,UFCL,10,39,100,128,12800
201601283011679,UFCL,16,47,103,126,12978
201601283011678,UFCL,16,25,50,126,6300
201601283012087,UFCL,10,1,50,134,6700
201601283012033,UFCL,10,39,50,132,6600
201601283012032,UFCL,10,13,20,132,2640
201601283012031,UFCL,10,25,100,132,13200
201601283012026,UFCL,10,25,100,130,13000
201601283012025,UFCL,10,14,150,129,19350
201601283011865,UIC,51,10,200,548,109600
201601283011864,UIC,41,10,100,548,54800
201601283011859,UNL,11,6,10,24980,249800
201601283012146,WDBL,13,57,156,360,56160
201601283012145,WDBL,13,45,500,359,179500
201601283012131,WDBL,13,45,300,358,107400
201601283011975,WDBL,40,38,188,354,66552
201601283011972,WDBL,13,38,97,355,34435
201601283011868,WDBL,13,55,147,355,52185
201601283011840,WDBL,56,25,39,359,14001
201601283011687,WDBL,50,44,400,366,146400
201601283011677,WDBL,22,44,100,359,35900
201601283012080,YETI,10,26,35,164,5740
201601283012051,YETI,10,40,40,164,6560
201601283011860,YETI,39,5,11,163,1793
201601283011467,ACEDBL,25,25,502,344,172688
201601283011539,API,18,52,16,439,7024
201601283011639,ARDBL,56,26,52,222,11544
201601283011544,ARDBL,35,39,1000,224,224000
201601283011628,CHCL,48,45,150,1275,191250
201601283011564,CIT,25,44,20,4300,86000
201601283011626,CNDBL,36,49,10,214,2140
201601283011614,CNDBL,36,25,180,214,38520
201601283011613,CNDBL,17,16,200,215,43000
201601283011607,CNDBL,36,40,310,214,66340
201601283011606,CNDBL,21,40,180,215,38700
201601283011603,CNDBL,40,40,10,218,2180
201601283011532,CNDBL,40,40,100,222,22200
201601283011518,CNDBL,40,1,100,218,21800
201601283011517,CNDBL,46,16,20,219,4380
201601283011494,CNDBL,21,16,20,215,4300
201601283011466,CNDBL,40,16,40,211,8440
201601283011632,DBBL,50,38,500,220,110000
201601283011605,DBBL,41,56,300,220,66000
201601283011604,DBBL,50,56,100,220,22000
201601283011598,DBBL,41,36,200,220,44000
201601283011567,DBBL,41,46,500,224,112000
201601283011566,DBBL,50,46,100,224,22400
201601283011493,DBBL,49,38,10,239,2390
201601283011486,DBBL,49,38,10,235,2350
201601283011510,DBBL,11,56,100,231,23100
201601283011509,DBBL,45,49,100,235,23500
201601283011507,DBBL,34,49,600,235,141000
201601283011501,DBBL,34,49,400,235,94000
201601283011500,DBBL,1,49,500,236,118000
201601283011499,DBBL,6,49,100,236,23600
201601283011533,DBBL,34,6,500,232,116000
201601283011529,DBBL,34,17,1000,234,234000
201601283011528,DBBL,50,6,200,235,47000
201601283011527,DBBL,50,38,300,235,70500
201601283011521,DBBL,19,49,1000,236,236000
201601283011511,DBBL,10,49,300,235,70500
201601283011556,DBBL,10,57,364,228,82992
201601283011541,DBBL,56,17,200,230,46000
201601283011540,DBBL,43,53,9421,229,2157409
201601283011538,DBBL,38,52,500,231,115500
201601283011536,DBBL,38,17,100,234,23400
201601283011535,DBBL,38,49,2000,234,468000
201601283011587,EBL,54,45,26,2300,59800
201601283011502,EIC,38,38,10,894,8940
201601283011560,GBIME,16,16,45,471,21195
201601283011559,GBIME,16,16,45,471,21195
201601283011555,GBIME,42,44,7000,470,3290000
201601283011551,GBIME,42,39,20,470,9400
201601283011548,GBIME,17,33,988,471,465348
201601283011547,GBIME,42,44,3000,470,1410000
201601283011452,GBIME,49,49,500,480,240000
201601283011451,GBIME,56,49,200,480,96000
201601283011458,GBIME,25,49,350,483,169050
201601283011457,GBIME,47,11,65,484,31460
201601283011456,GBIME,47,11,350,483,169050
201601283011455,GBIME,25,49,97,483,46851
201601283011454,GBIME,25,49,200,480,96000
201601283011453,GBIME,25,22,100,480,48000
201601283011472,GBIME,17,44,1000,474,474000
201601283011469,GBIME,41,44,500,475,237500
201601283011462,GBIME,47,59,80,483,38640
201601283011461,GBIME,25,59,420,483,202860
201601283011460,GBIME,25,6,500,483,241500
201601283011459,GBIME,25,49,150,483,72450
201601283011487,GBIME,13,49,400,471,188400
201601283011485,GBIME,45,50,20,473,9460
201601283011481,GBIME,41,49,100,474,47400
201601283011478,GBIME,13,6,200,476,95200
201601283011477,GBIME,37,49,100,475,47500
201601283011473,GBIME,41,44,200,475,95000
201601283011512,GBIME,45,44,50,470,23500
201601283011497,GBIME,47,49,80,471,37680
201601283011492,GBIME,11,32,100,468,46800
201601283011490,GBIME,17,44,500,470,235000
201601283011489,GBIME,42,44,1000,470,470000
201601283011488,GBIME,13,49,200,471,94200
201601283011546,GBIME,42,44,10000,470,4700000
201601283011545,GBIME,42,44,7000,470,3290000
201601283011525,GBIME,32,49,20,470,9400
201601283011524,GBIME,32,44,780,470,366600
201601283011523,GBIME,11,44,20,470,9400
201601283011513,GBIME,1,44,150,470,70500
201601283011554,GDBL,19,36,200,320,64000
201601283011553,HBL,11,38,50,961,48050
201601283011552,HBL,32,38,150,965,144750
201601283011516,HGI,55,17,50,690,34500
201601283011508,HGI,21,6,35,695,24325
201601283011520,ILFCM,37,47,100,1177,117700
201601283011519,ILFCM,46,47,50,1185,59250
201601283011506,ILFCM,37,47,100,1201,120100
201601283011505,ILFCM,46,47,50,1210,60500
201601283011483,ILFCM,46,16,50,1225,61250
201601283011465,ILFCM,42,47,50,1224,61200
201601283011615,KDBL,38,59,1000,212,212000
201601283011637,KMCDB,7,5,10,1583,15830
201601283011479,KMCDB,7,41,40,1615,64600
201601283011475,KMCDB,7,45,10,1615,16150
201601283011463,KMCDB,7,16,50,1625,81250
201601283011550,LICN,14,14,270,3500,945000
201601283011549,LICN,14,14,270,3500,945000
201601283011526,MFL,16,58,10,266,2660
201601283011474,MMFDB,14,21,10,2604,26040
201601283011641,NBBL,7,5,15,3640,54600
201601283011581,NBBL,56,56,13,3637,47281
201601283011601,NBL,38,11,283,325,91975
201601283011595,NBL,44,25,900,322,289800
201601283011593,NBL,58,25,500,320,160000
201601283011572,NBL,7,25,100,322,32200
201601283011491,NBL,18,48,105,320,33600
201601283011631,NCDB,44,43,110,331,36410
201601283011630,NCDB,44,17,200,331,66200
201601283011629,NCDB,44,43,10,331,3310
201601283011583,NCDB,44,17,200,325,65000
201601283011571,NCDB,48,43,10,319,3190
201601283011495,NCDB,18,43,10,313,3130
201601283011646,NHPC,5,44,1000,151,151000
201601283011597,NHPC,13,44,1000,152,152000
201601283011515,NHPC,33,10,1500,150,225000
201601283011504,NHPC,37,10,1000,153,153000
201601283011503,NHPC,13,10,500,153,76500
201601283011482,NHPC,17,49,1000,156,156000
201601283011476,NHPC,44,36,100,156,15600
201601283011468,NHPC,49,36,100,153,15300
201601283011594,NIB,40,13,100,789,78900
201601283011591,NIB,35,8,200,790,158000
201601283011590,NIB,35,8,200,790,158000
201601283011589,NIB,35,8,70,790,55300
201601283011568,NIB,35,43,130,790,102700
201601283011558,NIBPO,6,44,100,678,67800
201601283011557,NIBPO,58,44,200,681,136200
201601283011634,NICA,34,21,103,710,73130
201601283011633,NICA,34,26,20,708,14160
201601283011625,NICA,51,28,164,707,115948
201601283011592,NICA,49,49,100,711,71100
201601283011586,NICA,49,49,500,711,355500
201601283011574,NICA,52,21,92,710,65320
201601283011573,NICA,52,58,100,710,71000
201601283011636,NLIC,45,56,50,3299,164950
201601283011537,NLIC,41,46,12,3265,39180
201601283011531,NLIC,32,11,10,3300,33000
201601283011534,NNFC,17,52,500,290,145000
201601283011570,PCBL,32,45,222,507,112554
201601283011563,PCBL,16,16,252,508,128016
201601283011588,PLIC,16,42,54,1635,88290
201601283011643,PRDBL,36,39,200,210,42000
201601283011638,PRDBL,10,49,550,211,116050
201601283011618,PRDBL,10,48,200,212,42400
201601283011577,PRDBL,32,11,150,214,32100
201601283011576,PRDBL,32,39,300,214,64200
201601283011575,PRDBL,32,25,90,213,19170
201601283011565,PRDBL,10,13,250,211,52750
201601283011542,PRDBL,36,39,300,210,63000
201601283011642,SADBL,51,52,10,512,5120
201601283011640,SADBL,51,26,11,511,5621
201601283011624,SANIMA,56,25,500,725,362500
201601283011623,SANIMA,52,1,50,724,36200
201601283011622,SANIMA,45,1,50,724,36200
201601283011621,SANIMA,41,1,100,725,72500
201601283011617,SANIMA,41,25,100,725,72500
201601283011609,SANIMA,41,25,100,725,72500
201601283011480,SANIMA,35,59,200,725,145000
201601283011471,SANIMA,35,59,200,725,145000
201601283011470,SANIMA,40,59,500,725,362500
201601283011464,SANIMA,32,59,1000,730,730000
201601283011608,SANIMA,6,58,3000,724,2172000
201601283011602,SANIMA,36,25,300,725,217500
201601283011585,SANIMA,45,58,150,724,108600
201601283011578,SANIMA,6,58,50,726,36300
201601283011530,SANIMA,58,58,300,728,218400
201601283011514,SANIMA,39,59,100,725,72500
201601283011580,SBI,55,38,100,1260,126000
201601283011522,SETI,21,17,10,223,2230
201601283011562,SHPC,56,58,10,846,8460
201601283011561,SHPC,56,58,10,846,8460
201601283011484,SIL,59,49,118,1050,123900
201601283011599,SMFDB,7,45,200,2367,473400
201601283011596,SMFDB,44,14,200,2368,473600
201601283011579,SMFDB,44,45,200,2380,476000
201601283011543,SMFDB,7,45,61,2415,147315
201601283011498,SMFDB,44,45,200,2400,480000
201601283011584,SRBL,49,49,450,434,195300
201601283011582,SRBL,49,54,65,430,27950
201601283011635,TRH,47,53,100,219,21900
201601283011569,WDBL,13,44,100,352,35200
201601283011645,YETI,39,26,70,160,11200
201601283011644,YETI,39,26,110,160,17600
201601283011627,YETI,39,26,110,163,17930
201601283011620,YETI,47,59,200,166,33200
201601283011619,YETI,39,59,200,166,33200
201601283011612,YETI,39,5,200,169,33800
201601283011611,YETI,22,59,500,170,85000
201601283011610,YETI,13,59,150,170,25500
201601283011600,YETI,45,58,50,171,8550
