contract,symbol,buyer,seller,qty,rate,amt
201602153042223,ACEDBL,49,11,638,338,215644
201602153041961,ACEDBL,11,55,100,344,34400
201602153042173,ADBL,56,47,278,590,164020
201602153042172,ADBL,56,56,504,582,293328
201602153042165,ADBL,56,32,53,581,30793
201602153042164,ADBL,56,17,530,580,307400
201602153042147,ADBL,6,56,200,580,116000
201602153042142,ADBL,29,45,35,570,19950
201602153042121,ADBL,14,11,50,579,28950
201602153042112,ADBL,14,38,54,579,31266
201602153042104,ADBL,14,4,117,578,67626
201602153042235,AHPC,17,35,100,298,29800
201602153042234,AHPC,19,35,100,298,29800
201602153042180,AHPC,17,47,29,300,8700
201602153041779,AHPC,6,35,300,299,89700
201602153041759,AHPC,6,35,200,299,59800
201602153041807,AHPC,19,35,200,298,59600
201602153041806,AHPC,38,35,100,299,29900
201602153041805,AHPC,17,35,200,299,59800
201602153041793,AHPC,45,35,500,299,149500
201602153041780,AHPC,19,35,200,298,59600
201602153042175,AHPC,17,41,92,300,27600
201602153042188,ALICL,21,58,100,1328,132800
201602153041993,ALICL,33,36,365,1325,483625
201602153041986,ALICL,33,57,89,1324,117836
201602153041985,ALICL,33,4,100,1320,132000
201602153042242,API,41,5,50,485,24250
201602153042243,ARDBL,38,38,50,270,13500
201602153042218,ARDBL,38,38,20,265,5300
201602153042145,ARDBL,58,25,700,260,182000
201602153042101,ARDBL,32,25,1000,261,261000
201602153042046,ARDBL,32,13,100,261,26100
201602153041951,ARDBL,58,17,100,261,26100
201602153041758,ARDBL,26,38,94,256,24064
201602153041950,ARDBL,58,21,500,260,130000
201602153041947,ARDBL,58,48,536,260,139360
201602153041943,ARDBL,58,5,203,259,52577
201602153041939,ARDBL,58,38,94,258,24252
201602153041938,ARDBL,58,21,1000,257,257000
201602153041884,ARDBL,58,10,500,255,127500
201602153042089,BFCL,5,17,28,154,4312
201602153042083,BPCL,29,19,200,608,121600
201602153041946,BPCL,26,19,50,608,30400
201602153042012,CBBL,44,59,329,1840,605360
201602153041989,CBBL,28,45,150,1830,274500
201602153041959,CBBL,54,45,200,1826,365200
201602153041958,CBBL,29,45,100,1827,182700
201602153041957,CBBL,22,45,200,1828,365600
201602153041956,CBBL,43,45,50,1830,91500
201602153041836,CBBL,22,45,161,1828,294308
201602153041784,CBBL,54,34,18,1825,32850
201602153042133,CCBL,44,37,21,342,7182
201602153042130,CCBL,33,45,119,339,40341
201602153042015,CCBL,33,4,14,340,4760
201602153041790,CCBL,33,29,64,340,21760
201602153042155,CHCL,35,32,460,1384,636640
201602153042122,CHCL,17,32,30,1384,41520
201602153042088,CHCL,29,53,100,1385,138500
201602153041870,CIT,13,16,10,4343,43430
201602153042004,CNDBL,17,45,400,216,86400
201602153041937,CNDBL,22,47,300,215,64500
201602153042128,CSDBL,36,56,30,401,12030
201602153042227,CZBIL,42,17,200,619,123800
201602153042203,CZBIL,49,17,400,620,248000
201602153042192,CZBIL,49,4,900,620,558000
201602153042191,CZBIL,14,4,100,620,62000
201602153042077,CZBIL,26,17,23,618,14214
201602153042032,CZBIL,49,44,56,619,34664
201602153041992,CZBIL,53,47,58,620,35960
201602153041931,CZBIL,38,47,100,620,62000
201602153041901,CZBIL,36,36,128,620,79360
201602153041833,CZBIL,26,39,28,620,17360
201602153042231,DBBL,56,6,150,224,33600
201602153042230,DBBL,43,6,100,224,22400
201602153042229,DBBL,7,6,100,225,22500
201602153042228,DBBL,43,6,200,225,45000
201602153042194,DBBL,51,51,182,226,41132
201602153042091,DBBL,25,6,100,227,22700
201602153041809,DBBL,29,6,5000,227,1135000
201602153042149,DDBL,25,29,30,2099,62970
201602153042144,DDBL,25,22,50,2060,103000
201602153042064,DDBL,25,4,225,2040,459000
201602153042030,DDBL,25,19,100,2040,204000
201602153041911,DDBL,25,11,20,2020,40400
201602153042186,EBL,58,48,500,2370,1185000
201602153042176,EBL,13,25,100,2365,236500
201602153041983,EBL,17,48,500,2370,1185000
201602153042095,EIC,14,39,40,1005,40200
201602153042087,EIC,14,48,230,1005,231150
201602153042082,EIC,14,14,30,999,29970
201602153042169,FMDBL,19,39,100,925,92500
201602153041770,FMDBL,41,34,75,925,69375
201602153042174,GBBL,29,37,500,342,171000
201602153041767,GBBL,40,53,13,342,4446
201602153042209,GBIME,36,17,30,455,13650
201602153042129,GBIME,45,25,300,456,136800
201602153041926,GBIME,36,36,69,458,31602
201602153041889,GBIME,33,29,58,456,26448
201602153042044,GLICL,22,28,200,655,131000
201602153042001,GLICL,54,56,300,654,196200
201602153042221,HBL,26,11,100,1035,103500
201602153042220,HBL,26,5,100,1035,103500
201602153041982,HBL,26,14,100,1020,102000
201602153041892,HBL,7,25,147,1020,149940
201602153041886,HBL,7,46,425,1015,431375
201602153041832,HBL,58,49,694,1010,700940
201602153041824,HBL,58,49,694,1010,700940
201602153041798,HBL,33,49,694,1010,700940
201602153041786,HBL,33,39,200,1009,201800
201602153041769,HBL,33,1,200,1009,201800
201602153041766,HBL,46,22,15,1005,15075
201602153042103,HGI,52,14,500,755,377500
201602153042102,HGI,52,58,300,752,225600
201602153042166,ICFC,26,4,100,253,25300
201602153042080,ILFCM,32,6,50,1009,50450
201602153042071,ILFCM,6,6,50,1010,50500
201602153042070,ILFCM,47,6,40,1012,40480
201602153041952,ILFCM,26,59,100,1013,101300
201602153041921,ILFCM,40,59,200,1005,201000
201602153041906,ILFCM,13,59,500,1010,505000
201602153041883,ILFCM,41,59,200,1015,203000
201602153041882,ILFCM,22,59,100,1016,101600
201602153041789,ILFCM,38,59,500,1015,507500
201602153042047,KADBL,42,21,320,375,120000
201602153041872,KCDBL,51,22,500,214,107000
201602153041871,KCDBL,16,22,50,215,10750
201602153042148,KDBL,51,51,50,227,11350
201602153041754,KDBL,47,13,33,230,7590
201602153041753,KDBL,47,28,200,230,46000
201602153041749,KDBL,47,17,192,230,44160
201602153041916,KMCDB,7,17,190,1609,305710
201602153041915,KMCDB,7,21,100,1605,160500
201602153041898,KMCDB,45,45,80,1600,128000
201602153042248,LBL,26,51,100,611,61100
201602153042067,LBL,17,7,100,610,61000
201602153042009,LBL,5,51,100,611,61100
201602153042000,LBL,7,51,100,611,61100
201602153041963,LBL,47,51,100,611,61100
201602153041918,LBL,32,51,60,611,36660
201602153041815,LBL,25,19,500,611,305500
201602153041813,LBL,32,45,53,611,32383
201602153041808,LBL,32,45,160,611,97760
201602153041751,LBL,40,45,100,612,61200
201602153042202,LGIL,43,43,500,655,327500
201602153042094,LGIL,52,43,550,655,360250
201602153041802,LGIL,44,25,115,648,74520
201602153041783,LGIL,44,50,800,648,518400
201602153041782,LGIL,43,50,700,649,454300
201602153041885,LLBS,16,40,10,2000,20000
201602153042138,MBBL,58,28,200,230,46000
201602153042017,MBBL,52,48,10,226,2260
201602153041930,MBBL,48,48,6324,222,1403928
201602153041878,MBBL,52,43,100,226,22600
201602153041834,MBBL,29,43,50,230,11500
201602153041801,MBBL,29,52,107,234,25038
201602153042037,MDB,32,45,200,610,122000
201602153042019,MDB,32,52,52,610,31720
201602153041968,MDB,45,43,100,610,61000
201602153041967,MDB,45,47,100,609,60900
201602153042217,MDBL,45,32,100,355,35500
201602153042216,MDBL,45,45,400,355,142000
201602153042215,MDBL,45,1,90,355,31950
201602153041893,MDBL,1,45,62,350,21700
201602153042053,MDBL,6,40,400,354,141600
201602153042005,MDBL,14,26,290,353,102370
201602153041977,MDBL,7,47,200,350,70000
201602153041925,MDBL,25,52,271,351,95121
201602153041924,MDBL,25,40,100,351,35100
201602153041917,MDBL,1,25,690,350,241500
201602153042127,MDBL,25,56,350,354,123900
201602153042097,MDBL,45,40,300,354,106200
201602153042086,MDBL,45,40,700,354,247800
201602153042085,MDBL,45,16,100,354,35400
201602153042084,MDBL,45,40,200,354,70800
201602153042096,MNBBL,16,1,100,827,82700
201602153042045,MNBBL,45,32,100,825,82500
201602153042168,NABIL,29,17,50,1900,95000
201602153042057,NABIL,43,17,100,1900,190000
201602153042003,NABIL,22,17,150,1900,285000
201602153042002,NABIL,22,26,200,1900,380000
201602153041999,NABIL,22,17,100,1900,190000
201602153042114,NABILP,6,20,400,1481,592400
201602153041894,NABILP,11,11,70,1490,104300
201602153041849,NABILP,11,11,100,1490,149000
201602153042163,NBB,49,14,1000,485,485000
201602153042157,NBB,37,5,280,485,135800
201602153042143,NBB,37,41,400,485,194000
201602153042132,NBB,37,57,100,485,48500
201602153042131,NBB,37,42,220,484,106480
201602153041996,NBB,8,38,200,484,96800
201602153041776,NBB,51,25,500,482,241000
201602153041775,NBB,21,25,500,482,241000
201602153041960,NBBL,14,32,80,3490,279200
201602153042124,NBF1,49,34,109737,16,1744818
201602153042184,NBL,57,10,742,345,255990
201602153042154,NBL,28,25,1000,346,346000
201602153042106,NBL,51,10,30,347,10410
201602153042105,NBL,51,40,70,346,24220
201602153042073,NBL,57,49,500,345,172500
201602153041811,NBL,28,10,500,345,172500
201602153041810,NBL,28,45,1500,345,517500
201602153041972,NBL,56,10,127,344,43688
201602153041969,NBL,33,10,650,344,223600
201602153041828,NBL,33,25,1000,344,344000
201602153041821,NBL,56,50,500,341,170500
201602153041820,NBL,56,50,500,341,170500
201602153041812,NBL,28,21,100,345,34500
201602153041919,NCDB,41,10,300,357,107100
201602153041785,NCDB,21,21,210,358,75180
201602153042212,NHPC,44,47,100,166,16600
201602153042200,NHPC,35,19,4000,167,668000
201602153042177,NHPC,44,17,500,166,83000
201602153041997,NHPC,47,48,1000,167,167000
201602153041881,NHPC,41,13,1500,168,252000
201602153041867,NHPC,41,45,500,168,84000
201602153041755,NHPC,53,29,200,164,32800
201602153041866,NHPC,41,46,1000,168,168000
201602153041865,NHPC,41,16,2000,167,334000
201602153041847,NHPC,25,46,100,168,16800
201602153041778,NHPC,44,26,6000,165,990000
201602153041757,NHPC,33,29,800,163,130400
201602153041756,NHPC,21,29,1000,164,164000
201602153042226,NIB,42,38,400,934,373600
201602153042225,NIB,42,14,300,934,280200
201602153042224,NIB,42,22,100,934,93400
201602153042205,NIB,21,39,14,930,13020
201602153042201,NIB,45,39,100,930,93000
201602153042031,NIB,16,13,100,930,93000
201602153041858,NIB,1,41,100,926,92600
201602153041781,NIB,28,55,200,931,186200
201602153041864,NIB,45,13,100,930,93000
201602153041863,NIB,38,41,850,923,784550
201602153041862,NIB,45,41,200,923,184600
201602153041861,NIB,45,41,500,924,462000
201602153041860,NIB,1,41,200,924,184800
201602153041859,NIB,33,41,150,925,138750
201602153042028,NIB,22,46,120,922,110640
201602153042027,NIB,38,46,150,923,138450
201602153041948,NIB,49,41,22,926,20372
201602153041933,NIB,45,34,1000,925,925000
201602153041923,NIB,45,41,380,924,351120
201602153041899,NIB,41,41,370,925,342250
201602153042246,NIBPO,28,44,400,831,332400
201602153042245,NIBPO,45,44,100,832,83200
201602153041827,NIBPO,48,44,250,834,208500
201602153041826,NIBPO,48,44,50,834,41700
201602153041803,NIBPO,28,42,100,831,83100
201602153042010,NIBPO,28,11,300,833,249900
201602153041971,NIBPO,54,34,500,833,416500
201602153041912,NIBPO,38,11,100,833,83300
201602153041857,NIBPO,8,11,100,833,83300
201602153041841,NIBPO,53,11,50,833,41650
201602153042158,NIBPO,29,44,100,834,83400
201602153042153,NIBPO,54,44,500,832,416000
201602153042152,NIBPO,1,44,200,832,166400
201602153042151,NIBPO,53,44,50,833,41650
201602153042109,NIBPO,32,34,500,833,416500
201602153042099,NIBSF1,8,56,2000,11,22100
201602153042038,NIBSF1,8,14,4347,11,47817
201602153042241,NICA,29,37,304,718,218272
201602153042189,NICA,40,28,200,716,143200
201602153042187,NICA,29,16,29,718,20822
201602153042137,NICA,52,45,44,718,31592
201602153041998,NICA,38,55,12,719,8628
201602153041991,NICA,38,55,420,719,301980
201602153041990,NICA,11,55,50,720,36000
201602153041855,NICA,38,8,100,721,72100
201602153041854,NICA,38,56,260,721,187460
201602153041838,NICA,13,56,100,721,72100
201602153041825,NICA,42,56,40,721,28840
201602153042134,NICL,38,40,98,686,67228
201602153042219,NIL,59,1,50,1010,50500
201602153042159,NIL,59,17,50,1010,50500
201602153042156,NIL,59,38,118,1009,119062
201602153042141,NIL,33,1,50,1006,50300
201602153042072,NIL,56,41,51,1006,51306
201602153042024,NIL,33,39,150,1006,150900
201602153041875,NIL,44,32,1000,1007,1007000
201602153041874,NIL,44,10,500,1006,503000
201602153041873,NIL,44,36,300,1006,301800
201602153041822,NIL,38,44,50,1000,50000
201602153041768,NIL,54,35,100,1000,100000
201602153042232,NLBBL,21,32,172,2250,387000
201602153042233,NLG,22,13,100,922,92200
201602153042043,NLG,38,53,70,924,64680
201602153042041,NLG,38,53,20,924,18480
201602153042039,NLG,38,53,200,924,184800
201602153042035,NLG,38,36,66,920,60720
201602153041887,NLG,43,39,17,927,15759
201602153041879,NLG,38,49,188,920,172960
201602153041979,NLG,38,39,100,920,92000
201602153041978,NLG,38,36,30,920,27600
201602153041964,NLG,38,36,70,920,64400
201602153041962,NLG,38,36,100,920,92000
201602153041949,NLG,38,53,100,924,92400
201602153042161,NLIC,49,57,500,3176,1588000
201602153042160,NLIC,32,57,100,3180,318000
201602153042076,NLIC,19,17,100,3199,319900
201602153042075,NLIC,19,56,100,3199,319900
201602153041848,NLIC,45,44,90,3200,288000
201602153041837,NLIC,45,7,110,3198,351780
201602153042239,NLICL,18,45,100,2595,259500
201602153042197,NLICL,22,45,50,2615,130750
201602153042196,NLICL,11,45,20,2615,52300
201602153042167,NLICL,34,44,100,2615,261500
201602153041980,NLICL,42,19,60,2615,156900
201602153041913,NLICL,11,38,100,2610,261000
201602153041890,NLICL,16,45,10,2600,26000
201602153041853,NLICL,16,45,40,2600,104000
201602153041852,NLICL,16,45,20,2600,52000
201602153041839,NLICL,16,35,60,2600,156000
201602153041831,NLICL,22,45,30,2600,78000
201602153042162,NMB,6,41,50,510,25500
201602153042135,NMB,59,13,500,513,256500
201602153042123,NMB,59,58,100,513,51300
201602153042081,NMB,50,41,400,512,204800
201602153042079,NMB,45,13,500,511,255500
201602153042060,NMB,45,1,50,514,25700
201602153041804,NMB,14,49,30,510,15300
201602153041794,NMB,13,49,200,510,102000
201602153041792,NMB,13,45,211,510,107610
201602153041787,NMB,10,38,135,509,68715
201602153041920,NMB,45,26,90,510,45900
201602153041908,NMB,45,4,100,510,51000
201602153041907,NMB,45,39,50,510,25500
201602153041897,NMB,45,32,26,510,13260
201602153041896,NMB,45,49,70,510,35700
201602153041895,NMB,45,36,300,510,153000
201602153042042,NMB,58,58,5000,505,2525000
201602153041975,NMB,16,47,157,514,80698
201602153041945,NMB,45,13,500,512,256000
201602153041944,NMB,45,25,750,512,384000
201602153041940,NMB,14,10,218,513,111834
201602153041929,NMB,16,52,75,512,38400
201602153041988,NNFC,49,4,610,321,195810
201602153042199,NTC,42,22,300,700,210000
201602153042198,NTC,42,26,220,700,154000
201602153042066,NTC,42,18,300,699,209700
201602153042093,PCBL,21,29,80,515,41200
201602153042048,PCBL,11,39,18,515,9270
201602153042040,PCBL,6,46,192,514,98688
201602153042006,PCBL,32,17,28,515,14420
201602153041973,PCBL,13,40,100,517,51700
201602153041868,PCBL,13,36,100,517,51700
201602153042208,PIC,48,6,50,1100,55000
201602153042207,PIC,45,6,500,1100,550000
201602153042206,PIC,33,6,150,1102,165300
201602153042008,PIC,58,58,159,1101,175059
201602153041955,PIC,33,6,500,1105,552500
201602153041851,PIC,33,16,35,1100,38500
201602153041850,PIC,33,33,300,1100,330000
201602153042171,PICL,49,49,593,750,444750
201602153042170,PICL,49,47,100,750,75000
201602153042063,PICL,39,37,90,756,68040
201602153041974,PICL,10,53,160,750,120000
201602153041942,PICL,46,53,200,750,150000
201602153041941,PICL,53,53,140,752,105280
201602153041796,PICL,53,10,60,752,45120
201602153042247,PLIC,47,41,200,1635,327000
201602153042179,PLIC,34,34,580,1632,946560
201602153042111,PLIC,38,46,500,1633,816500
201602153042013,PLIC,34,45,230,1630,374900
201602153041981,PLIC,34,45,500,1629,814500
201602153041880,PLIC,47,13,84,1633,137172
201602153041840,PLIC,34,40,150,1630,244500
201602153042136,PRDBL,49,43,11,215,2365
201602153042126,PRDBL,49,39,200,213,42600
201602153042125,PRDBL,49,43,33,215,7095
201602153042117,PRDBL,49,5,127,215,27305
201602153041994,PRDBL,21,21,100,210,21000
201602153042026,PRDBL,21,21,600,208,124800
201602153042025,PRDBL,50,21,200,210,42000
201602153042018,PRDBL,11,21,100,210,21000
201602153041995,PRDBL,21,21,200,210,42000
201602153042116,PRDBL,49,48,250,214,53500
201602153042110,PRDBL,49,43,222,213,47286
201602153042108,PRDBL,49,21,900,213,191700
201602153042107,PRDBL,49,26,400,212,84800
201602153042100,PRDBL,49,6,132,212,27984
201602153042098,PRDBL,49,39,93,211,19623
201602153041936,PROFL,6,21,1000,154,154000
201602153041935,PROFL,6,21,700,154,107800
201602153041934,PROFL,39,21,40,154,6160
201602153041869,PROFL,6,21,300,154,46200
201602153042140,RLFL,16,28,10,240,2400
201602153042078,RLFL,16,16,290,240,69600
201602153042022,RLFL,21,16,100,237,23700
201602153042021,RLFL,21,10,500,236,118000
201602153041970,RLFL,55,28,100,235,23500
201602153041823,RLFL,21,26,120,231,27720
201602153042185,RMDC,29,29,37,835,30895
201602153041750,SAFL,33,25,20,275,5500
201602153042195,SANIMA,14,32,280,725,203000
201602153042190,SANIMA,29,32,50,725,36250
201602153042150,SANIMA,50,55,100,723,72300
201602153042113,SANIMA,14,25,450,724,325800
201602153042014,SANIMA,11,25,50,724,36200
201602153041856,SANIMA,53,37,130,726,94380
201602153042139,SBI,58,17,201,1421,285621
201602153042036,SBI,26,51,100,1420,142000
201602153041900,SBI,16,17,500,1420,710000
201602153041891,SBI,28,6,500,1415,707500
201602153041765,SBI,16,6,250,1425,356250
201602153041764,SBI,16,16,100,1421,142100
201602153042069,SCB,14,41,29,2690,78010
201602153042056,SEWA,21,17,400,312,124800
201602153042055,SEWA,21,28,245,310,75950
201602153041984,SEWA,25,38,118,306,36108
201602153041976,SEWA,25,52,1272,305,387960
201602153041954,SEWA,56,29,200,304,60800
201602153041910,SEWA,22,29,300,302,90600
201602153041909,SEWA,22,29,500,303,151500
201602153042211,SHPC,28,19,370,865,320050
201602153042210,SHPC,6,19,30,866,25980
201602153042011,SHPC,28,17,18,865,15570
201602153041829,SHPC,22,26,89,869,77341
201602153041819,SHPC,41,41,18,865,15570
201602153041818,SHPC,41,41,18,865,15570
201602153041814,SHPC,10,37,18,867,15606
201602153041774,SHPC,22,22,10,863,8630
201602153042238,SIC,49,36,250,1120,280000
201602153042237,SIC,49,47,100,1117,111700
201602153042204,SIC,49,22,100,1100,110000
201602153042029,SIC,41,17,293,1080,316440
201602153041987,SIC,40,26,250,1090,272500
201602153041928,SIC,57,40,200,1090,218000
201602153041927,SIC,29,40,50,1090,54500
201602153042178,SICL,21,36,500,1695,847500
201602153041797,SICL,51,44,10,1694,16940
201602153041763,SICL,39,39,22,1686,37092
201602153041762,SICL,39,39,22,1686,37092
201602153041953,SICL,57,44,400,1696,678400
201602153041932,SICL,59,44,100,1696,169600
201602153041835,SICL,14,6,520,1694,880880
201602153041830,SICL,57,44,290,1692,490680
201602153042092,SICL,29,44,49,1696,83104
201602153042033,SICL,57,44,500,1696,848000
201602153042120,SIL,38,33,70,1190,83300
201602153042119,SIL,38,33,80,1190,95200
201602153042118,SIL,53,33,300,1190,357000
201602153042068,SIL,38,28,150,1188,178200
201602153042062,SIL,17,28,150,1188,178200
201602153042061,SIL,51,28,100,1188,118800
201602153041914,SIL,38,28,100,1188,118800
201602153041905,SIL,38,28,80,1188,95040
201602153041904,SIL,38,28,200,1188,237600
201602153041903,SIL,38,28,150,1188,178200
201602153041902,SIL,38,28,100,1188,118800
201602153041816,SIL,29,19,94,1188,111672
201602153041788,SINDU,11,50,500,336,168000
201602153041752,SKBBL,56,1,50,1529,76450
201602153042214,SLICL,18,21,30,800,24000
201602153042213,SLICL,18,56,50,800,40000
201602153042182,SLICL,18,43,200,800,160000
201602153042181,SLICL,18,25,100,800,80000
201602153041922,SLICL,6,50,100,793,79300
201602153042020,SLICL,18,22,200,798,159600
201602153042146,SMFDB,14,25,100,2520,252000
201602153042058,SMFDB,43,25,50,2490,124500
201602153041761,SMFDB,14,22,50,2500,125000
201602153041760,SMFDB,14,16,50,2500,125000
201602153042193,SRBL,41,32,100,438,43800
201602153042007,SRBL,14,39,16,438,7008
201602153041773,SRBL,19,49,190,430,81700
201602153041772,SRBL,19,17,100,430,43000
201602153041771,SRBL,19,37,71,429,30459
201602153042065,SWBBL,21,43,100,2094,209400
201602153042059,SWBBL,21,43,100,2092,209200
201602153041877,SWBBL,29,11,10,2082,20820
201602153041799,SWBBL,26,55,50,2095,104750
201602153041777,SWBBL,26,43,200,2095,419000
201602153041846,SYFL,39,44,510,110,56100
201602153042240,TBBL,33,26,740,295,218300
201602153042222,TBBL,33,26,591,294,173754
201602153042183,UIC,39,6,200,658,131600
201602153042115,UIC,38,53,150,652,97800
201602153042090,VLBS,43,50,300,1370,411000
201602153042074,VLBS,43,20,100,1365,136500
201602153042052,WDBL,5,5,21,410,8610
201602153042051,WDBL,5,20,400,410,164000
201602153042016,WDBL,11,20,100,410,41000
201602153041966,WDBL,25,14,500,408,204000
201602153041965,WDBL,19,14,100,409,40900
201602153041845,WDBL,19,20,400,410,164000
201602153041844,WDBL,13,20,400,410,164000
201602153041843,WDBL,25,20,10,410,4100
201602153041842,WDBL,11,20,10,410,4100
201602153041795,YETI,47,59,20,168,3360
201602153041791,YETI,47,47,16,167,2672
201602153041304,ACEDBL,11,26,100,344,34400
201602153041513,ADBL,29,43,10,579,5790
201602153041457,ADBL,14,21,900,570,513000
201602153041251,ADBL,14,43,96,565,54240
201602153041338,ADBL,4,41,600,568,340800
201602153041337,ADBL,4,17,300,565,169500
201602153041456,ADBL,14,14,500,569,284500
201602153041648,AHPC,42,35,300,299,89700
201602153041532,AHPC,57,35,500,297,148500
201602153041531,AHPC,13,35,500,297,148500
201602153041530,AHPC,1,35,500,298,149000
201602153041343,AHPC,6,39,65,299,19435
201602153041544,ALDBL,55,56,20,479,9580
201602153041394,ALDBL,55,5,10,479,4790
201602153041552,ALICL,49,54,23,1310,30130
201602153041455,ALICL,33,34,1000,1302,1302000
201602153041389,ALICL,34,33,11,1302,14322
201602153041649,API,48,36,100,490,49000
201602153041645,API,48,5,200,490,98000
201602153041614,API,48,36,200,490,98000
201602153041596,API,26,5,50,489,24450
201602153041580,API,46,53,200,482,96400
201602153041553,BARUN,25,33,100,345,34500
201602153041539,BFCL,5,55,50,157,7850
201602153041367,BPCL,22,22,100,600,60000
201602153041536,CBBL,53,45,89,1830,162870
201602153041529,CBBL,54,45,100,1826,182600
201602153041256,CBBL,53,45,43,1826,78518
201602153041569,CCBL,33,45,42,338,14196
201602153041564,CCBL,41,41,42,341,14322
201602153041562,CCBL,41,41,42,341,14322
201602153041559,CCBL,41,41,42,341,14322
201602153041477,CCBL,6,47,100,340,34000
201602153041476,CCBL,6,47,200,340,68000
201602153041473,CCBL,6,21,256,340,87040
201602153041307,CCBL,56,17,300,339,101700
201602153041652,CHCL,14,32,110,1385,152350
201602153041647,CHCL,17,32,170,1380,234600
201602153041621,CHCL,48,49,419,1370,574030
201602153041420,CHCL,6,32,200,1367,273400
201602153041568,CIT,48,7,16,4360,69760
201602153041314,CIT,25,25,115,4300,494500
201602153041274,CIT,19,41,100,4320,432000
201602153041716,CNDBL,40,22,20,212,4240
201602153041625,CSDBL,29,39,10,394,3940
201602153041581,CSDBL,29,45,50,402,20100
201602153041743,CZBIL,40,22,14,620,8680
201602153041715,CZBIL,40,6,50,620,31000
201602153041657,CZBIL,50,25,109,620,67580
201602153041585,CZBIL,26,42,24,620,14880
201602153041584,CZBIL,26,38,40,619,24760
201602153041578,CZBIL,41,41,28,618,17304
201602153041424,CZBIL,34,42,800,620,496000
201602153041423,CZBIL,34,38,200,620,124000
201602153041414,CZBIL,42,57,200,619,123800
201602153041259,CZBIL,53,42,25,619,15475
201602153041577,CZBIL,41,41,28,618,17304
201602153041555,CZBIL,25,4,200,620,124000
201602153041554,CZBIL,47,4,800,620,496000
201602153041550,CZBIL,47,45,200,620,124000
201602153041427,CZBIL,34,11,500,620,310000
201602153041425,CZBIL,34,38,274,620,169880
201602153041747,DBBL,56,14,66,224,14784
201602153041742,DBBL,56,14,300,224,67200
201602153041741,DBBL,56,14,500,224,112000
201602153041740,DBBL,43,14,200,224,44800
201602153041739,DBBL,19,14,500,225,112500
201602153041738,DBBL,16,14,500,226,113000
201602153041597,DBBL,37,50,364,226,82264
201602153041586,DBBL,20,6,1000,224,224000
201602153041437,DBBL,52,26,121,224,27104
201602153041426,DBBL,26,36,300,225,67500
201602153041405,DBBL,20,6,1000,224,224000
201602153041640,DDBL,35,29,340,2018,686120
201602153041639,DDBL,35,56,30,2005,60150
201602153041638,DDBL,35,43,10,2000,20000
201602153041724,EBL,29,22,16,2360,37760
201602153041290,EBL,53,21,82,2360,193520
201602153041280,EBL,29,1,12,2357,28284
201602153041271,EBL,29,6,18,2356,42408
201602153041257,EBL,29,57,231,2355,544005
201602153041722,EIC,14,35,100,980,98000
201602153041737,FMDBL,19,34,75,930,69750
201602153041707,FMDBL,41,10,100,933,93300
201602153041635,FMDBL,48,43,100,932,93200
201602153041634,FMDBL,48,21,100,930,93000
201602153041465,FMDBL,44,10,100,915,91500
201602153041464,FMDBL,44,1,900,912,820800
201602153041382,FMDBL,11,1,100,912,91200
201602153041375,FMDBL,36,10,150,910,136500
201602153041374,FMDBL,36,36,100,910,91000
201602153041303,FMDBL,44,52,500,901,450500
201602153041673,GBBL,34,49,200,343,68600
201602153041598,GBBL,48,52,250,342,85500
201602153041704,GBIME,47,29,18,455,8190
201602153041637,GBIME,10,42,77,455,35035
201602153041574,GBIME,25,45,21,455,9555
201602153041379,GBIME,43,10,400,455,182000
201602153041378,GBIME,43,21,300,454,136200
201602153041570,GLICL,25,56,200,648,129600
201602153041454,GLICL,47,56,16,650,10400
201602153041447,GLICL,47,56,150,650,97500
201602153041446,GLICL,25,56,200,650,130000
201602153041433,GLICL,6,56,100,651,65100
201602153041352,GLICL,6,56,100,651,65100
201602153041661,HBL,28,42,350,1010,353500
201602153041642,HBL,28,6,149,1012,150788
201602153041575,HBL,33,41,475,1008,478800
201602153041572,HBL,33,5,532,1007,535724
201602153041571,HBL,33,32,100,1005,100500
201602153041528,HBL,1,45,31,1005,31155
201602153041484,HBL,21,5,100,1002,100200
201602153041463,HGI,26,49,100,750,75000
201602153041664,ICFC,26,45,170,250,42500
201602153041627,ICFC,26,56,30,250,7500
201602153041726,ILFCM,40,50,100,1030,103000
201602153041400,KCDBL,51,22,500,216,108000
201602153041398,KCDBL,7,22,300,217,65100
201602153041386,KCDBL,7,53,90,221,19890
201602153041339,KCDBL,7,1,18,223,4014
201602153041331,KCDBL,7,1,18,223,4014
201602153041633,KDBL,28,32,33,226,7458
201602153041626,KDBL,28,57,76,226,17176
201602153041609,KDBL,51,32,140,224,31360
201602153041608,KDBL,25,32,200,224,44800
201602153041500,KDBL,52,25,68,225,15300
201602153041471,KDBL,25,22,85,224,19040
201602153041366,KDBL,25,39,100,225,22500
201602153041593,KMCDB,48,21,400,1600,640000
201602153041592,KMCDB,48,7,100,1599,159900
201602153041498,KMCDB,45,21,50,1580,79000
201602153041474,KMCDB,29,29,10,1576,15760
201602153041287,KMCDB,29,29,10,1575,15750
201602153041278,KMCDB,29,29,10,1575,15750
201602153041261,KMCDB,29,29,10,1575,15750
201602153041255,KMCDB,29,29,10,1575,15750
201602153041249,KMCDB,29,29,10,1575,15750
201602153041321,KMCDB,29,29,10,1575,15750
201602153041316,KMCDB,29,29,10,1575,15750
201602153041301,KMCDB,29,29,10,1575,15750
201602153041300,KMCDB,29,29,10,1575,15750
201602153041384,KMCDB,29,29,10,1575,15750
201602153041380,KMCDB,29,29,10,1575,15750
201602153041377,KMCDB,29,29,10,1575,15750
201602153041372,KMCDB,29,29,10,1575,15750
201602153041351,KMCDB,29,29,10,1575,15750
201602153041725,LBL,48,52,200,612,122400
201602153041694,LBL,48,55,300,612,183600
201602153041644,LBL,17,55,190,612,116280
201602153041611,LBL,17,49,50,612,30600
201602153041551,LBL,17,29,250,612,153000
201602153041545,LBL,17,45,11,612,6732
201602153041521,LBL,19,47,100,611,61100
201602153041510,LBL,19,39,156,610,95160
201602153041509,LBL,19,58,400,610,244000
201602153041497,LBL,11,57,300,609,182700
201602153041458,LBL,46,44,91,608,55328
201602153041676,LGIL,40,25,100,650,65000
201602153041675,LGIL,17,25,100,651,65100
201602153041499,LGIL,40,45,100,650,65000
201602153041388,LGIL,46,49,100,647,64700
201602153041329,LGIL,44,26,499,647,322853
201602153041748,LICN,49,55,50,3500,175000
201602153041745,LICN,49,16,50,3495,174750
201602153041567,LICN,53,1,97,3500,339500
201602153041475,MDBL,7,57,500,350,175000
201602153041469,MDBL,7,17,145,350,50750
201602153041416,MDBL,55,4,460,349,160540
201602153041517,MNBBL,57,49,180,825,148500
201602153041516,MNBBL,57,21,470,824,387280
201602153041668,MSBBL,5,25,100,316,31600
201602153041723,NABIL,17,17,50,1900,95000
201602153041682,NABIL,43,16,100,1890,189000
201602153041434,NABIL,54,29,60,1890,113400
201602153041315,NABIL,39,45,50,1880,94000
201602153041669,NABILP,17,6,100,1490,149000
201602153041653,NABILP,17,17,100,1490,149000
201602153041588,NABILP,16,17,100,1485,148500
201602153041687,NBB,37,38,500,482,241000
201602153041686,NBB,22,38,100,482,48200
201602153041685,NBB,1,38,200,482,96400
201602153041684,NBB,41,38,150,482,72300
201602153041683,NBB,41,38,500,486,243000
201602153041656,NBB,1,48,204,487,99348
201602153041401,NBB,41,40,100,482,48200
201602153041599,NBB,6,21,500,483,241500
201602153041583,NBB,19,17,962,481,462722
201602153041404,NBB,37,13,461,482,222202
201602153041403,NBB,41,22,100,482,48200
201602153041402,NBB,41,39,150,482,72300
201602153041622,NBB,8,57,2000,485,970000
201602153041620,NBB,21,57,500,485,242500
201602153041619,NBB,21,36,500,485,242500
201602153041618,NBB,21,14,1000,484,484000
201602153041600,NBB,6,17,500,483,241500
201602153041670,NBBL,32,32,60,3561,213660
201602153041658,NBBL,17,26,50,3620,181000
201602153041502,NBBL,55,17,40,3600,144000
201602153041714,NBL,58,17,1000,345,345000
201602153041713,NBL,58,25,500,345,172500
201602153041712,NBL,58,17,1000,345,345000
201602153041711,NBL,58,40,500,345,172500
201602153041710,NBL,58,46,500,344,172000
201602153041709,NBL,58,21,1000,344,344000
201602153041478,NBL,21,22,200,342,68400
201602153041276,NBL,56,50,100,344,34400
201602153041275,NBL,56,6,500,343,171500
201602153041266,NBL,56,4,200,342,68400
201602153041265,NBL,56,55,300,342,102600
201602153041602,NBL,44,6,2000,340,680000
201602153041594,NBL,58,46,1000,341,341000
201602153041591,NBL,58,6,1051,341,358391
201602153041563,NBL,21,57,800,342,273600
201602153041488,NBL,21,58,500,342,171000
201602153041667,NBL,36,5,150,340,51000
201602153041607,NBL,58,6,2000,340,680000
201602153041606,NBL,21,6,700,340,238000
201602153041605,NBL,21,6,300,340,102000
201602153041604,NBL,58,6,500,340,170000
201602153041603,NBL,21,6,500,340,170000
201602153041697,NBL,33,16,800,342,273600
201602153041696,NBL,33,29,500,342,171000
201602153041695,NBL,33,35,1000,342,342000
201602153041690,NBL,44,6,250,341,85250
201602153041689,NBL,44,10,400,341,136400
201602153041688,NBL,44,10,1000,341,341000
201602153041654,NHPC,44,26,1000,165,165000
201602153041490,NHPC,57,58,1000,166,166000
201602153041472,NHPC,21,54,1000,165,165000
201602153041450,NHPC,53,38,1000,165,165000
201602153041449,NHPC,53,36,200,165,33000
201602153041448,NHPC,53,5,600,164,98400
201602153041393,NHPC,44,44,4000,163,652000
201602153041719,NIB,42,17,35,927,32445
201602153041717,NIB,26,39,200,928,185600
201602153041651,NIB,29,56,150,932,139800
201602153041650,NIB,17,56,30,932,27960
201602153041643,NIB,29,6,350,933,326550
201602153041579,NIB,5,32,100,933,93300
201602153041291,NIB,42,56,100,916,91600
201602153041289,NIB,33,34,500,917,458500
201602153041288,NIB,33,1,500,916,458000
201602153041365,NIB,5,22,100,920,92000
201602153041358,NIB,5,18,26,918,23868
201602153041354,NIB,42,34,1000,917,917000
201602153041345,NIB,33,1,100,916,91600
201602153041328,NIB,34,34,2000,911,1822000
201602153041292,NIB,14,56,200,915,183000
201602153041440,NIB,22,22,30,924,27720
201602153041438,NIB,38,6,18,922,16596
201602153041431,NIB,33,29,219,922,201918
201602153041408,NIB,17,34,1000,921,921000
201602153041391,NIB,45,29,500,920,460000
201602153041387,NIB,42,34,1000,919,919000
201602153041461,NIB,22,50,130,925,120250
201602153041460,NIB,22,54,600,925,555000
201602153041444,NIB,57,50,400,925,370000
201602153041443,NIB,22,50,70,925,64750
201602153041442,NIB,22,13,500,925,462500
201602153041441,NIB,22,47,30,925,27750
201602153041494,NIB,48,42,73,930,67890
201602153041492,NIB,48,10,101,929,93829
201602153041491,NIB,48,44,200,929,185800
201602153041487,NIB,48,32,163,927,151101
201602153041486,NIB,48,25,200,927,185400
201602153041466,NIB,36,34,1000,926,926000
201602153041721,NIBPO,38,44,300,834,250200
201602153041708,NIBPO,38,11,200,836,167200
201602153041703,NIBPO,8,51,100,835,83500
201602153041702,NIBPO,8,42,850,835,709750
201602153041701,NIBPO,8,42,280,835,233800
201602153041700,NIBPO,8,11,100,834,83400
201602153041258,NIBPO,6,26,50,830,41500
201602153041385,NIBPO,32,1,100,834,83400
201602153041296,NIBPO,32,44,500,835,417500
201602153041281,NIBPO,57,44,200,835,167000
201602153041273,NIBPO,57,5,200,835,167000
201602153041272,NIBPO,57,11,100,835,83500
201602153041264,NIBPO,28,44,500,834,417000
201602153041679,NIBPO,21,34,500,833,416500
201602153041678,NIBPO,21,51,100,832,83200
201602153041646,NIBPO,44,40,500,830,415000
201602153041445,NIBPO,44,42,500,830,415000
201602153041407,NIBPO,32,44,400,834,333600
201602153041406,NIBPO,39,44,300,835,250500
201602153041636,NIBSF1,8,17,1000,11,11000
201602153041630,NIBSF1,8,17,1000,11,11000
201602153041623,NIBSF1,8,17,500,11,5500
201602153041418,NICA,1,8,200,719,143800
201602153041417,NICA,1,56,300,719,215700
201602153041370,NICA,14,8,100,718,71800
201602153041342,NICA,14,26,200,718,143600
201602153041302,NICA,26,48,140,718,100520
201602153041279,NICA,38,32,71,717,50907
201602153041270,NICA,38,32,200,717,143400
201602153041250,NICA,52,28,76,717,54492
201602153041523,NIL,44,34,500,1000,500000
201602153041518,NIL,46,40,267,998,266466
201602153041506,NIL,21,45,1000,990,990000
201602153041505,NIL,54,32,1000,995,995000
201602153041504,NIL,54,36,900,994,894600
201602153041467,NIL,42,36,200,992,198400
201602153041395,NIL,54,34,1000,996,996000
201602153041357,NIL,36,4,100,995,99500
201602153041356,NIL,36,32,200,995,199000
201602153041349,NIL,44,58,122,990,120780
201602153041294,NIL,44,58,500,990,495000
201602153041293,NIL,33,58,300,990,297000
201602153041534,NLBBL,56,41,12,2230,26760
201602153041526,NLBBL,56,1,187,2220,415140
201602153041525,NLBBL,56,17,100,2220,222000
201602153041524,NLBBL,56,26,10,2215,22150
201602153041547,NLG,49,45,100,910,91000
201602153041546,NLG,49,41,300,910,273000
201602153041543,NLG,49,28,55,908,49940
201602153041346,NLG,19,58,300,905,271500
201602153041335,NLG,33,38,300,907,272100
201602153041334,NLG,33,58,300,901,270300
201602153041333,NLG,43,58,50,901,45050
201602153041332,NLG,32,58,500,902,451000
201602153041295,NLG,49,49,2000,902,1804000
201602153041632,NLIC,45,38,43,3199,137557
201602153041468,NLIC,45,28,550,3194,1756700
201602153041397,NLIC,53,38,69,3192,220248
201602153041381,NLIC,53,38,69,3190,220110
201602153041330,NLIC,45,25,50,3185,159250
201602153041746,NLICL,18,54,123,2598,319554
201602153041459,NLICL,26,44,235,2595,609825
201602153041422,NLICL,40,38,100,2590,259000
201602153041421,NLICL,40,53,150,2589,388350
201602153041565,NMB,6,45,67,507,33969
201602153041514,NMB,58,6,600,509,305400
201602153041495,NMB,6,14,420,509,213780
201602153041483,NMB,14,49,500,508,254000
201602153041482,NMB,14,51,183,508,92964
201602153041481,NMB,14,58,500,508,254000
201602153041286,NMB,14,28,200,505,101000
201602153041480,NMB,14,28,45,508,22860
201602153041362,NMB,6,6,186,508,94488
201602153041361,NMB,6,49,200,508,101600
201602153041360,NMB,6,6,93,507,47151
201602153041355,NMB,6,7,36,507,18252
201602153041299,NMB,16,16,45,504,22680
201602153041305,NNFC,49,45,200,320,64000
201602153041735,NNLB,36,45,81,1486,120366
201602153041350,NTC,44,28,100,699,69900
201602153041263,NTC,55,57,140,701,98140
201602153041503,NTC,42,42,100,692,69200
201602153041601,NTC,42,42,100,694,69400
201602153041348,NUBL,18,29,340,1724,586160
201602153041347,NUBL,18,40,60,1720,103200
201602153041641,PCBL,39,14,500,517,258500
201602153041631,PCBL,32,25,20,515,10300
201602153041561,PCBL,52,45,114,514,58596
201602153041439,PCBL,25,14,64,515,32960
201602153041409,PCBL,25,26,216,515,111240
201602153041262,PCBL,50,25,50,513,25650
201602153041617,PIC,11,33,200,1100,220000
201602153041732,PICL,29,6,250,753,188250
201602153041396,PICL,45,4,100,758,75800
201602153041341,PICL,10,53,500,748,374000
201602153041340,PICL,10,53,500,746,373000
201602153041699,PLIC,34,29,27,1628,43956
201602153041671,PLIC,34,39,130,1628,211640
201602153041666,PLIC,44,17,100,1625,162500
201602153041663,PLIC,11,7,13,1627,21151
201602153041616,PLIC,38,7,13,1627,21151
201602153041587,PLIC,38,7,13,1627,21151
201602153041582,PLIC,38,7,13,1627,21151
201602153041515,PLIC,38,57,81,1625,131625
201602153041411,PLIC,32,7,13,1620,21060
201602153041319,PLIC,32,17,40,1620,64800
201602153041318,PLIC,52,17,50,1621,81050
201602153041317,PLIC,38,17,10,1625,16250
201602153041519,PRDBL,21,39,200,210,42000
201602153041285,PRDBL,8,21,200,209,41800
201602153041432,PRDBL,21,43,504,210,105840
201602153041720,RBBBL,39,22,10,233,2330
201602153041557,REDBL,39,45,400,340,136000
201602153041254,RHPC,11,40,300,401,120300
201602153041693,RLFL,7,14,10,235,2350
201602153041556,RLFL,18,26,100,233,23300
201602153041429,RLFL,21,16,300,237,71100
201602153041428,RLFL,18,16,100,237,23700
201602153041705,RMDC,45,1,100,840,84000
201602153041692,RMDC,29,6,72,831,59832
201602153041691,RMDC,29,34,59,830,48970
201602153041576,RMDC,51,49,200,825,165000
201602153041496,RMDC,29,18,36,820,29520
201602153041493,RMDC,29,18,36,820,29520
201602153041268,RMDC,6,35,400,814,325600
201602153041267,RMDC,51,35,500,815,407500
201602153041260,RMDC,51,32,22,825,18150
201602153041489,RMDC,29,18,36,820,29520
201602153041373,RMDC,53,1,29,820,23780
201602153041368,RMDC,53,49,200,819,163800
201602153041364,RMDC,29,41,109,816,88944
201602153041313,RMDC,51,49,100,815,81500
201602153041269,RMDC,51,35,100,814,81400
201602153041681,SAFL,33,39,23,270,6210
201602153041680,SAFL,33,25,50,270,13500
201602153041674,SAFL,38,58,500,265,132500
201602153041573,SAFL,33,19,250,265,66250
201602153041549,SAFL,38,33,500,260,130000
201602153041336,SAFL,32,28,121,255,30855
201602153041629,SANIMA,53,32,100,726,72600
201602153041628,SANIMA,53,52,350,726,254100
201602153041538,SANIMA,50,45,200,722,144400
201602153041537,SANIMA,45,45,200,722,144400
201602153041383,SANIMA,16,49,150,721,108150
201602153041369,SANIMA,16,49,200,721,144200
201602153041363,SANIMA,49,49,150,721,108150
201602153041344,SANIMA,38,32,600,720,432000
201602153041327,SANIMA,6,52,729,720,524880
201602153041322,SANIMA,6,35,509,720,366480
201602153041277,SANIMA,53,32,50,720,36000
201602153041733,SBI,41,7,150,1420,213000
201602153041677,SBI,41,16,100,1421,142100
201602153041595,SBI,25,6,50,1425,71250
201602153041590,SBI,13,6,200,1425,285000
201602153041589,SBI,22,22,900,1420,1278000
201602153041298,SBI,13,17,75,1420,106500
201602153041297,SBI,13,49,100,1415,141500
201602153041660,SCB,38,7,42,2675,112350
201602153041659,SCB,38,28,50,2674,133700
201602153041655,SCB,38,21,100,2660,266000
201602153041624,SEWA,21,26,500,303,151500
201602153041451,SEWA,43,26,40,304,12160
201602153041325,SFL,58,18,500,211,105500
201602153041324,SFL,43,18,200,212,42400
201602153041734,SHL,4,28,113,320,36160
201602153041727,SHL,4,17,150,320,48000
201602153041613,SHPC,10,37,18,866,15588
201602153041612,SHPC,10,51,10,865,8650
201602153041610,SHPC,21,42,12,862,10344
201602153041560,SHPC,56,59,18,862,15516
201602153041542,SHPC,21,59,18,862,15516
201602153041511,SHPC,34,42,12,862,10344
201602153041326,SHPC,22,26,200,863,172600
201602153041665,SICL,53,44,200,1695,339000
201602153041662,SICL,53,25,49,1690,82810
201602153041615,SICL,53,44,22,1695,37290
201602153041462,SICL,51,44,490,1694,830060
201602153041453,SICL,57,21,400,1692,676800
201602153041323,SICL,51,28,20,1681,33620
201602153041320,SICL,51,28,20,1681,33620
201602153041392,SICL,39,39,22,1681,36982
201602153041390,SICL,39,39,22,1681,36982
201602153041376,SICL,57,59,22,1690,37180
201602153041359,SICL,51,28,22,1681,36982
201602153041353,SICL,57,21,300,1690,507000
201602153041541,SIL,44,38,100,1189,118900
201602153041744,SKBBL,7,14,50,1527,76350
201602153041736,SKBBL,44,57,319,1525,486475
201602153041470,SKBBL,33,7,100,1520,152000
201602153041436,SKBBL,58,52,100,1515,151500
201602153041435,SKBBL,44,35,300,1513,453900
201602153041410,SKBBL,33,36,100,1512,151200
201602153041399,SKBBL,45,36,200,1508,301600
201602153041306,SKBBL,17,35,200,1510,302000
201602153041566,SRBL,39,45,20,421,8420
201602153041540,SRBL,29,16,14,423,5922
201602153041535,SRBL,49,49,9500,417,3961500
201602153041520,SRBL,29,49,10,423,4230
201602153041512,SRBL,43,25,100,430,43000
201602153041508,SRBL,53,49,100,425,42500
201602153041507,SRBL,47,49,200,428,85600
201602153041501,SRBL,43,42,47,430,20210
201602153041452,SRBL,47,39,11,428,4708
201602153041430,SRBL,29,28,248,428,106144
201602153041419,SRBL,14,58,79,429,33891
201602153041253,SRBL,53,19,20,427,8540
201602153041558,SWBBL,44,11,350,2085,729750
201602153041479,SWBBL,38,11,100,2085,208500
201602153041415,SWBBL,44,32,500,2085,1042500
201602153041522,TRH,13,17,70,220,15400
201602153041413,UFCL,4,58,180,132,23760
201602153041698,UFL,32,58,300,342,102600
201602153041252,UIC,39,38,1000,648,648000
201602153041672,VLBS,44,20,100,1356,135600
201602153041485,VLBS,44,50,72,1340,96480
201602153041371,VLBS,44,50,96,1330,127680
201602153041312,VLBS,46,20,10,1330,13300
201602153041311,VLBS,20,20,30,1330,39900
201602153041310,VLBS,51,20,100,1331,133100
201602153041309,VLBS,5,20,100,1332,133200
201602153041308,VLBS,20,20,50,1335,66750
201602153041191,ACEDBL,11,55,136,343,46648
201602153041180,ACEDBL,11,1,86,342,29412
201602153041146,ACEDBL,16,1,100,340,34000
201602153040799,ACEDBL,43,4,60,339,20340
201602153040798,ACEDBL,6,4,40,340,13600
201602153041028,ACEDBL,16,16,200,340,68000
201602153041011,ACEDBL,16,38,20,335,6700
201602153041010,ACEDBL,43,38,90,339,30510
201602153041190,ADBL,14,43,96,565,54240
201602153041058,ADBL,6,40,65,560,36400
201602153040998,ADBL,6,51,500,560,280000
201602153041189,ADBL,14,43,96,565,54240
201602153041075,ADBL,49,49,1347,557,750279
201602153041068,ADBL,49,49,1500,555,832500
201602153041244,AHPC,45,35,200,298,59600
201602153040782,AHPC,1,17,450,300,135000
201602153040771,AHPC,1,45,200,300,60000
201602153040760,AHPC,1,19,550,300,165000
201602153040759,AHPC,1,19,50,300,15000
201602153040867,AHPC,41,46,350,299,104650
201602153040866,AHPC,6,46,200,299,59800
201602153040865,AHPC,1,46,270,299,80730
201602153040844,AHPC,1,10,180,299,53820
201602153040872,AHPC,41,46,16,299,4784
201602153040969,AHPC,26,26,313,299,93587
201602153040949,AHPC,13,21,1000,297,297000
201602153040932,AHPC,1,35,1000,298,298000
201602153041167,ALICL,42,18,571,1314,750294
201602153041166,ALICL,42,38,100,1314,131400
201602153041162,ALICL,53,52,100,1310,131000
201602153041160,ALICL,53,49,100,1309,130900
201602153041027,ALICL,33,22,500,1310,655000
201602153041019,ALICL,33,55,427,1310,559370
201602153041014,ALICL,33,50,29,1309,37961
201602153040970,ALICL,28,22,50,1301,65050
201602153040863,ALICL,42,18,100,1310,131000
201602153041080,API,17,53,200,476,95200
201602153041079,API,34,53,200,476,95200
201602153041078,API,39,53,200,477,95400
201602153041077,API,22,53,50,478,23900
201602153041076,API,22,53,50,478,23900
201602153040959,API,39,43,150,481,72150
201602153040803,API,33,53,300,473,141900
201602153040958,API,39,36,20,481,9620
201602153040935,API,17,53,536,475,254600
201602153040843,API,44,53,950,470,446500
201602153040842,API,39,53,50,470,23500
201602153040805,API,17,53,100,472,47200
201602153040804,API,41,53,180,472,84960
201602153041098,ARDBL,58,58,178,260,46280
201602153041097,ARDBL,58,1,200,258,51600
201602153041094,ARDBL,58,38,76,256,19456
201602153040980,BARUN,53,33,10,339,3390
201602153040954,BARUN,53,21,10,339,3390
201602153040953,BARUN,53,21,10,339,3390
201602153040952,BARUN,53,21,10,339,3390
201602153040950,BARUN,53,21,10,339,3390
201602153040947,BARUN,53,21,10,339,3390
201602153041202,BGDBL,45,17,10,239,2390
201602153040808,BPCL,39,19,90,600,54000
201602153041186,CBBL,53,47,35,1835,64225
201602153040937,CBBL,44,16,500,1828,914000
201602153041107,CCBL,37,52,276,338,93288
201602153041101,CCBL,55,8,91,336,30576
201602153041099,CCBL,58,8,91,336,30576
201602153041061,CCBL,25,8,91,337,30667
201602153041035,CCBL,25,8,91,337,30667
201602153041026,CCBL,6,8,91,337,30667
201602153040968,CCBL,13,45,196,335,65660
201602153040933,CCBL,19,38,166,333,55278
201602153041013,CCBL,6,50,500,337,168500
201602153041012,CCBL,58,8,40,336,13440
201602153041005,CCBL,56,55,200,336,67200
201602153041003,CCBL,13,8,91,335,30485
201602153040997,CCBL,13,6,10,335,3350
201602153040971,CCBL,6,45,200,335,67000
201602153041199,CHCL,48,47,38,1360,51680
201602153040753,CHCL,45,32,100,1365,136500
201602153040752,CHCL,6,32,30,1366,40980
201602153040957,CIT,13,29,10,4350,43500
201602153040767,CIT,39,45,38,4300,163400
201602153040861,CNDBL,29,29,31,212,6572
201602153040802,CNDBL,42,47,50,215,10750
201602153041248,CZBIL,47,10,500,619,309500
201602153041247,CZBIL,47,32,1000,619,619000
201602153041204,CZBIL,53,6,60,617,37020
201602153041133,CZBIL,21,7,200,616,123200
201602153041105,CZBIL,42,37,268,616,165088
201602153040911,CZBIL,26,32,49,612,29988
201602153040896,CZBIL,26,32,20,612,12240
201602153040895,CZBIL,39,32,500,613,306500
201602153040894,CZBIL,25,32,80,614,49120
201602153040887,CZBIL,25,4,400,614,245600
201602153040886,CZBIL,49,4,100,615,61500
201602153040770,CZBIL,14,38,200,616,123200
201602153041132,DBBL,59,47,500,222,111000
201602153041131,DBBL,26,47,500,222,111000
201602153041088,DBBL,20,41,500,223,111500
201602153041059,DBBL,52,6,200,224,44800
201602153041031,DBBL,20,6,300,224,67200
201602153041182,EBL,4,6,350,2353,823550
201602153041181,EBL,4,32,280,2352,658560
201602153041172,EBL,6,32,30,2352,70560
201602153041168,EBL,4,32,88,2352,206976
201602153041086,EBL,58,17,30,2350,70500
201602153040900,EBL,56,50,100,2343,234300
201602153040899,EBL,43,50,50,2345,117250
201602153040898,EBL,43,50,50,2345,117250
201602153040897,EBL,6,50,100,2345,234500
201602153040825,EBL,28,6,100,2350,235000
201602153040824,EBL,49,6,50,2350,117500
201602153041175,GBBL,40,49,100,342,34200
201602153040854,GBBL,40,25,360,342,123120
201602153040853,GBBL,5,25,100,343,34300
201602153040852,GBBL,51,25,40,345,13800
201602153041150,GBIME,43,47,162,450,72900
201602153041090,GBIME,7,34,96,450,43200
201602153041046,GBIME,58,17,490,451,220990
201602153041045,GBIME,8,17,1100,451,496100
201602153041044,GBIME,52,17,500,451,225500
201602153041043,GBIME,37,17,500,452,226000
201602153041042,GBIME,54,17,310,452,140120
201602153041018,GBIME,40,17,41,453,18573
201602153040993,GBIME,42,22,494,452,223288
201602153041203,GDBL,47,34,194,327,63438
201602153040836,HAMA,29,29,40,189,7560
201602153040775,HAMA,19,29,100,190,19000
201602153040930,HBL,33,22,200,1000,200000
201602153041007,HGI,26,43,50,754,37700
201602153040996,HGI,26,43,50,740,37000
201602153040983,HGI,44,46,1000,745,745000
201602153040982,HGI,44,6,200,745,149000
201602153040976,HGI,10,14,500,740,370000
201602153040941,HGI,44,26,100,739,73900
201602153040862,HGI,44,46,500,733,366500
201602153040857,HGI,16,46,35,735,25725
201602153040815,HGI,19,17,235,733,172255
201602153040794,HGI,10,26,50,739,36950
201602153041213,KCDBL,7,1,36,223,8028
201602153041062,KCDBL,7,56,12,223,2676
201602153040944,KCDBL,51,39,100,219,21900
201602153040774,KCDBL,39,39,50,215,10750
201602153041100,KDBL,59,16,28,226,6328
201602153041245,KMCDB,29,29,10,1575,15750
201602153041230,KMCDB,29,29,10,1575,15750
201602153041210,KMCDB,29,29,10,1575,15750
201602153041205,KMCDB,29,29,10,1575,15750
201602153041200,KMCDB,29,29,10,1575,15750
201602153040988,KMCDB,7,22,100,1570,157000
201602153040987,KMCDB,19,22,100,1570,157000
201602153040986,KMCDB,55,22,100,1570,157000
201602153040985,KMCDB,26,22,100,1571,157100
201602153041184,KMCDB,29,29,10,1575,15750
201602153041174,KMCDB,29,29,10,1575,15750
201602153041156,KMCDB,7,19,60,1570,94200
201602153041239,LBL,11,41,94,607,57058
201602153041187,LBL,25,25,500,608,304000
201602153041173,LBL,11,6,100,609,60900
201602153041161,LBL,37,20,400,608,243200
201602153041145,LBL,37,52,235,608,142880
201602153041136,LBL,37,55,83,608,50464
201602153040915,LBL,29,20,100,606,60600
201602153040914,LBL,26,20,100,606,60600
201602153040913,LBL,19,20,100,607,60700
201602153040864,LBL,34,6,243,608,147744
201602153040812,LBL,25,1,500,606,303000
201602153040781,LBL,45,7,100,606,60600
201602153041135,LBL,5,56,21,607,12747
201602153041134,LBL,37,20,50,608,30400
201602153041122,LBL,37,21,148,608,89984
201602153041015,LBL,29,20,50,608,30400
201602153040922,LBL,29,20,17,606,10302
201602153040792,LGIL,43,34,366,635,232410
201602153040780,LGIL,48,47,84,636,53424
201602153041126,LLBS,16,41,100,1980,198000
201602153040920,LLBS,16,55,200,1990,398000
201602153040917,LLBS,16,17,10,1989,19890
201602153040916,LLBS,16,40,10,1985,19850
201602153041242,MDBL,21,58,230,345,79350
201602153041241,MDBL,16,58,100,345,34500
201602153041240,MDBL,38,58,170,347,58990
201602153041074,MDBL,21,52,200,345,69000
201602153041071,MDBL,38,52,22,347,7634
201602153040810,MDBL,36,1,10,353,3530
201602153040851,MDBL,58,56,100,350,35000
201602153040811,MDBL,6,1,200,352,70400
201602153040879,MDBL,21,14,300,347,104100
201602153040878,MDBL,25,14,500,349,174500
201602153040877,MDBL,20,14,1000,350,350000
201602153040876,MDBL,58,14,200,350,70000
201602153040870,MDBL,58,56,400,350,140000
201602153041066,MDBL,16,52,300,345,103500
201602153041065,MDBL,25,52,500,345,172500
201602153041064,MDBL,32,52,200,346,69200
201602153041049,MNBBL,1,49,20,821,16420
201602153040936,MNBBL,1,21,30,826,24780
201602153040847,MNBBL,41,13,600,825,495000
201602153040845,MNBBL,11,16,310,825,255750
201602153040829,MNBBL,11,42,100,825,82500
201602153040828,MNBBL,11,14,180,824,148320
201602153041084,NABIL,11,17,500,1875,937500
201602153041083,NABIL,29,17,100,1880,188000
201602153041082,NABIL,49,17,50,1880,94000
201602153040816,NABIL,11,48,43,1875,80625
201602153040806,NABIL,26,48,100,1876,187600
201602153040758,NABIL,26,14,100,1880,188000
201602153040757,NABIL,26,14,300,1880,564000
201602153041144,NABILP,11,38,10,1470,14700
201602153041151,NBB,28,38,300,480,144000
201602153041091,NBB,28,17,500,481,240500
201602153041087,NBB,8,1,200,481,96200
201602153041056,NBB,40,17,150,480,72000
201602153041041,NBB,6,10,356,480,170880
201602153040831,NBB,6,17,100,478,47800
201602153040830,NBB,14,17,100,478,47800
201602153040834,NBB,36,17,1000,477,477000
201602153040833,NBB,39,17,100,477,47700
201602153040832,NBB,22,17,500,478,239000
201602153041040,NBB,53,17,50,480,24000
201602153041017,NBB,53,17,187,480,89760
201602153041183,NBBL,55,17,20,3600,72000
201602153041243,NBL,28,10,1000,341,341000
201602153041227,NBL,44,46,1000,340,340000
201602153041226,NBL,44,6,500,340,170000
201602153041153,NBL,36,5,500,340,170000
201602153041152,NBL,39,5,100,340,34000
201602153041147,NBL,36,5,500,340,170000
201602153040934,NBL,44,38,1000,339,339000
201602153040912,NBL,21,57,1200,338,405600
201602153040826,NBL,44,7,450,336,151200
201602153041024,NBL,44,1,500,341,170500
201602153041023,NBL,44,25,100,341,34100
201602153041022,NBL,44,25,100,341,34100
201602153041021,NBL,44,7,500,341,170500
201602153041020,NBL,44,39,200,341,68200
201602153040951,NBL,36,11,500,340,170000
201602153041124,NBL,39,32,900,340,306000
201602153041123,NBL,17,32,100,340,34000
201602153041073,NBL,39,16,500,342,171000
201602153041034,NBL,36,48,500,342,171000
201602153041033,NBL,36,25,500,342,171000
201602153041032,NBL,36,42,1000,342,342000
201602153040977,NCDB,35,43,94,361,33934
201602153040787,NHPC,44,36,1800,165,297000
201602153040786,NHPC,44,8,1000,165,165000
201602153040785,NHPC,44,41,1000,165,165000
201602153040784,NHPC,44,1,200,165,33000
201602153040783,NHPC,44,49,1000,164,164000
201602153040779,NHPC,44,1,614,164,100696
201602153040778,NHPC,44,8,500,163,81500
201602153041236,NIB,59,34,500,914,457000
201602153041233,NIB,33,32,250,915,228750
201602153041177,NIB,41,1,500,915,457500
201602153041169,NIB,14,34,500,915,457500
201602153041143,NIB,34,34,3000,910,2730000
201602153041142,NIB,10,44,500,915,457500
201602153040835,NIB,33,33,964,917,883988
201602153040961,NIB,38,20,200,917,183400
201602153040956,NIB,45,19,200,915,183000
201602153040945,NIB,59,34,500,915,457500
201602153040888,NIB,42,21,100,917,91700
201602153040880,NIB,22,54,500,918,459000
201602153040841,NIB,59,7,129,915,118035
201602153040967,NIB,42,20,1000,910,910000
201602153040966,NIB,42,20,1000,911,911000
201602153040965,NIB,26,20,200,911,182200
201602153040964,NIB,22,20,600,912,547200
201602153040963,NIB,34,20,100,912,91200
201602153040962,NIB,43,20,200,913,182600
201602153041141,NIB,29,7,500,915,457500
201602153041130,NIB,59,34,500,914,457000
201602153041104,NIB,39,56,50,915,45750
201602153041103,NIB,39,56,50,915,45750
201602153041001,NIB,50,34,500,910,455000
201602153040974,NIB,49,49,352,916,322432
201602153041206,NIBPO,28,11,100,833,83300
201602153041157,NIBPO,55,50,200,832,166400
201602153041119,NIBPO,6,17,200,830,166000
201602153041063,NIBPO,44,34,2000,830,1660000
201602153041055,NIBPO,44,49,200,830,166000
201602153041009,NIBPO,44,34,500,830,415000
201602153040981,NIBPO,28,11,100,828,82800
201602153040827,NIBPO,44,36,500,832,416000
201602153040796,NIBPO,44,42,200,830,166000
201602153040768,NIBPO,44,43,789,832,656448
201602153040946,NICA,40,55,300,717,215100
201602153040903,NICA,47,51,230,718,165140
201602153040902,NICA,47,49,30,718,21540
201602153040869,NICA,7,36,29,717,20793
201602153040868,NICA,7,14,20,715,14300
201602153040773,NICA,14,38,29,714,20706
201602153041089,NIL,44,52,100,990,99000
201602153041085,NIL,46,38,200,990,198000
201602153041030,NIL,54,34,500,989,494500
201602153041029,NIL,54,40,200,987,197400
201602153040994,NIL,54,36,150,985,147750
201602153040948,NIL,5,36,50,980,49000
201602153040860,NIL,38,36,88,976,85888
201602153041159,NLG,49,36,203,900,182700
201602153041155,NLG,49,36,400,900,360000
201602153041154,NLG,29,36,100,900,90000
201602153041148,NLG,43,53,15,901,13515
201602153041008,NLG,53,21,289,905,261545
201602153040859,NLG,5,28,60,900,54000
201602153040858,NLG,5,28,100,900,90000
201602153040821,NLG,21,21,100,909,90900
201602153040929,NLICL,49,49,2850,2555,7281750
201602153040918,NLICL,18,56,100,2570,257000
201602153041232,NMB,14,54,500,506,253000
201602153041231,NMB,14,53,500,506,253000
201602153041228,NMB,49,49,197,501,98697
201602153041225,NMB,14,53,110,506,55660
201602153041223,NMB,14,53,290,506,146740
201602153041222,NMB,14,32,100,505,50500
201602153040776,NMB,26,4,100,503,50300
201602153040772,NMB,14,50,90,504,45360
201602153040756,NMB,56,50,200,504,100800
201602153040818,NMB,49,20,100,501,50100
201602153040814,NMB,59,57,400,502,200800
201602153040813,NMB,8,57,200,502,100400
201602153040809,NMB,49,49,1100,503,553300
201602153040807,NMB,26,57,85,503,42755
201602153040793,NMB,49,21,477,503,239931
201602153041052,NMB,52,39,500,501,250500
201602153041051,NMB,6,39,300,501,150300
201602153041050,NMB,38,39,200,501,100200
201602153040921,NMB,53,35,115,500,57500
201602153040873,NMB,50,34,500,500,250000
201602153040819,NMB,25,20,400,501,200400
201602153041215,NMB,14,26,50,503,25150
201602153041102,NMB,6,17,229,501,114729
201602153041093,NMB,6,58,654,501,327654
201602153041070,NMB,6,39,200,501,100200
201602153041054,NMB,33,39,500,500,250000
201602153041053,NMB,25,39,300,500,150000
201602153041221,NMB,14,58,710,505,358550
201602153041220,NMB,14,58,290,505,146450
201602153041219,NMB,14,33,100,504,50400
201602153041218,NMB,14,50,710,504,357840
201602153041217,NMB,14,22,114,503,57342
201602153041216,NMB,14,22,50,503,25150
201602153041164,NNFC,49,19,700,322,225400
201602153041163,NNFC,49,39,50,322,16100
201602153040769,NNFC,32,46,387,316,122292
201602153041067,NNLB,36,20,30,1495,44850
201602153041125,NTC,42,58,870,700,609000
201602153040791,NTC,42,22,100,702,70200
201602153040927,NTC,42,7,500,700,350000
201602153040856,NTC,42,38,1000,700,700000
201602153040855,NTC,42,22,310,700,217000
201602153041025,NTC,44,52,390,699,272610
201602153040960,NTC,58,58,40,700,28000
201602153040955,NTC,42,58,90,700,63000
201602153040928,NTC,42,51,110,700,77000
201602153040800,NUBL,16,16,15,1691,25365
201602153041121,PCBL,50,58,100,513,51300
201602153041120,PCBL,33,58,200,514,102800
201602153040989,PCBL,17,45,17,513,8721
201602153040848,PCBL,51,17,666,510,339660
201602153041201,PICL,20,53,624,746,465504
201602153041198,PICL,20,40,50,746,37300
201602153041197,PICL,20,47,100,746,74600
201602153041185,PICL,34,5,150,738,110700
201602153040883,PICL,38,53,500,732,366000
201602153040882,PICL,54,53,200,732,146400
201602153040797,PICL,49,49,500,734,367000
201602153040790,PICL,29,53,200,733,146600
201602153040789,PICL,41,53,100,733,73300
201602153041176,PLIC,38,28,94,1620,152280
201602153040984,PLIC,38,35,300,1625,487500
201602153040885,PLIC,38,58,250,1630,407500
201602153040884,PLIC,38,58,70,1630,114100
201602153040849,PLIC,38,57,54,1625,87750
201602153040919,PRDBL,45,59,175,209,36575
201602153040889,PRDBL,29,29,33,210,6930
201602153040973,PRDBL,32,47,25,211,5275
201602153041072,PRDBL,21,43,500,208,104000
201602153040943,PROFL,39,21,10,154,1540
201602153041178,RBBBL,51,46,13,229,2977
201602153040978,RBBBL,39,1,200,232,46400
201602153041081,RLFL,7,16,10,241,2410
201602153040762,RLFL,41,16,200,245,49000
201602153041237,RMDC,33,22,140,816,114240
201602153040940,RMDC,51,51,191,813,155283
201602153041212,SANIMA,7,32,100,720,72000
201602153041158,SANIMA,59,32,100,720,72000
201602153041060,SANIMA,16,32,200,720,144000
201602153041002,SANIMA,28,28,315,719,226485
201602153040991,SANIMA,25,32,50,720,36000
201602153040901,SANIMA,6,57,200,718,143600
201602153040893,SANIMA,28,32,300,720,216000
201602153040892,SANIMA,28,1,200,720,144000
201602153040871,SANIMA,53,25,50,719,35950
201602153040823,SANIMA,53,25,100,719,71900
201602153040820,SANIMA,53,25,100,719,71900
201602153040817,SANIMA,53,25,100,719,71900
201602153040992,SBI,28,45,200,1405,281000
201602153040939,SBI,22,45,300,1405,421500
201602153040905,SBI,14,39,50,1410,70500
201602153040904,SBI,11,39,30,1412,42360
201602153040777,SBI,22,35,230,1415,325450
201602153041129,SCB,29,52,50,2631,131550
201602153041128,SCB,11,52,100,2631,263100
201602153041127,SCB,21,52,50,2631,131550
201602153041006,SEOS,29,16,182,11,1982
201602153041211,SEWA,42,1,1000,301,301000
201602153040942,SEWA,48,38,1300,300,390000
201602153040891,SEWA,21,38,240,304,72960
201602153040751,SEWA,21,5,60,306,18360
201602153040750,SEWA,21,49,200,305,61000
201602153040837,SHPC,41,29,600,861,516600
201602153040795,SHPC,34,29,500,865,432500
201602153041238,SICL,54,33,300,1690,507000
201602153041179,SICL,42,44,10,1698,16980
201602153041170,SICL,58,44,2000,1680,3360000
201602153040999,SICL,54,21,95,1699,161405
201602153040995,SICL,54,5,50,1698,84900
201602153040990,SICL,54,7,82,1698,139236
201602153040938,SICL,42,59,22,1698,37356
201602153041095,SICL,39,39,22,1681,36982
201602153041092,SICL,39,39,22,1681,36982
201602153041137,SIL,17,38,10,1173,11730
201602153040910,SIL,38,14,200,1172,234400
201602153040909,SIL,57,14,50,1173,58650
201602153040908,SIL,38,14,500,1175,587500
201602153040907,SIL,17,14,100,1177,117700
201602153040906,SIL,26,14,200,1178,235600
201602153040881,SINDU,1,18,500,330,165000
201602153041246,SKBBL,36,36,500,1501,750500
201602153041234,SKBBL,56,35,500,1510,755000
201602153041188,SKBBL,6,36,200,1509,301800
201602153041235,SRBL,39,19,34,425,14450
201602153041229,SRBL,39,20,95,425,40375
201602153041208,SRBL,39,32,13,426,5538
201602153041192,SRBL,51,45,71,422,29962
201602153041118,SRBL,53,49,89,424,37736
201602153041117,SRBL,53,49,17,424,7208
201602153041110,SRBL,53,49,17,424,7208
201602153041000,SRBL,51,51,110,424,46640
201602153040754,SRBL,51,22,117,420,49140
201602153041069,SUBBL,13,6,83,315,26145
201602153040874,SWBBL,33,38,173,2065,357245
201602153041214,UFCL,4,21,50,134,6700
201602153041171,UFCL,45,55,88,132,11616
201602153040975,UFIL,13,6,100,194,19400
201602153041057,UFL,32,13,50,340,17000
201602153040979,UFL,28,33,500,340,170000
201602153040972,UFL,28,16,50,336,16800
201602153041207,UIC,10,10,950,637,605150
201602153041108,UIC,41,47,50,640,32000
201602153041016,UIC,39,35,100,643,64300
201602153041004,UIC,38,50,500,640,320000
201602153040766,UIC,8,55,200,631,126200
201602153040765,UIC,10,55,500,631,315500
201602153040764,UIC,41,55,200,632,126400
201602153040763,UIC,41,55,100,633,63300
201602153040755,UIC,38,49,102,639,65178
201602153040850,VLBS,41,20,80,1357,108560
201602153041096,WDBL,25,56,190,410,77900
201602153040931,WDBL,25,44,99,410,40590
201602153040749,WDBL,25,42,25,417,10425
201602153040748,WDBL,25,6,50,417,20850
201602153041109,YETI,39,52,200,164,32800
201602153040926,YETI,25,38,50,161,8050
201602153040925,YETI,48,38,500,162,81000
201602153040924,YETI,19,38,200,163,32600
201602153040923,YETI,29,29,40,165,6600
201602153040890,YETI,29,51,332,166,55112
201602153040875,YETI,29,1,400,165,66000
201602153040725,ACEDBL,6,51,107,340,36380
201602153040720,ACEDBL,6,51,50,340,17000
201602153040719,ACEDBL,10,51,300,340,102000
201602153040718,ACEDBL,56,51,50,340,17000
201602153040695,ACEDBL,49,11,638,340,216920
201602153040512,ACEDBL,16,16,129,340,43860
201602153040504,ACEDBL,56,28,100,340,34000
201602153040557,ADBL,25,56,500,560,280000
201602153040556,ADBL,32,56,30,560,16800
201602153040555,ADBL,25,56,200,560,112000
201602153040554,ADBL,47,56,100,560,56000
201602153040553,ADBL,58,56,400,561,224400
201602153040430,ADBL,16,35,20,564,11280
201602153040330,ADBL,58,34,500,563,281500
201602153040290,ADBL,58,1,420,565,237300
201602153040532,ADBL,58,13,100,561,56100
201602153040438,ADBL,58,35,16,562,8992
201602153040433,ADBL,25,35,130,560,72800
201602153040432,ADBL,13,35,300,561,168300
201602153040431,ADBL,52,35,40,563,22520
201602153040717,AHPC,1,13,200,300,60000
201602153040624,AHPC,1,11,50,304,15200
201602153040452,ALDBL,36,6,100,478,47800
201602153040735,ALICL,22,22,66,1291,85206
201602153040690,ALICL,42,18,500,1310,655000
201602153040666,ALICL,40,40,255,1289,328695
201602153040664,ALICL,28,28,37,1301,48137
201602153040632,ALICL,28,28,37,1301,48137
201602153040602,ALICL,47,43,500,1315,657500
201602153040583,ALICL,47,43,66,1310,86460
201602153040562,ALICL,53,17,114,1305,148770
201602153040584,API,57,5,15,472,7080
201602153040575,API,41,5,15,480,7200
201602153040496,API,49,5,11,481,5291
201602153040490,API,21,5,11,481,5291
201602153040339,API,32,53,500,490,245000
201602153040338,API,17,53,200,490,98000
201602153040292,API,20,53,60,500,30000
201602153040648,BFCL,5,55,50,160,8000
201602153040684,BPCL,47,40,50,603,30150
201602153040579,BPCL,20,40,50,603,30150
201602153040572,CBBL,20,5,10,1850,18500
201602153040489,CBBL,20,21,20,1850,37000
201602153040638,CCBL,59,32,1400,330,462000
201602153040631,CCBL,51,4,500,328,164000
201602153040621,CCBL,13,32,400,330,132000
201602153040573,CCBL,13,32,160,330,52800
201602153040571,CCBL,1,32,40,330,13200
201602153040570,CCBL,47,32,500,330,165000
201602153040253,CCBL,19,32,324,339,109836
201602153040392,CCBL,51,35,350,337,117950
201602153040391,CCBL,13,35,300,337,101100
201602153040390,CCBL,47,35,50,338,16900
201602153040374,CCBL,47,40,117,338,39546
201602153040337,CCBL,56,35,200,339,67800
201602153040287,CCBL,47,21,70,338,23660
201602153040552,CCBL,10,32,76,335,25460
201602153040551,CCBL,51,26,500,333,166500
201602153040550,CCBL,56,26,100,333,33300
201602153040460,CCBL,11,32,42,332,13944
201602153040402,CCBL,1,35,259,337,87283
201602153040395,CCBL,51,35,92,337,31004
201602153040569,CCBL,43,32,200,331,66200
201602153040568,CCBL,51,32,500,332,166000
201602153040567,CCBL,8,32,400,332,132800
201602153040566,CCBL,14,32,300,333,99900
201602153040565,CCBL,14,32,100,333,33300
201602153040564,CCBL,10,32,900,335,301500
201602153040732,CHCL,6,36,20,1370,27400
201602153040685,CHCL,36,36,30,1370,41100
201602153040674,CHCL,37,37,125,1367,170875
201602153040662,CHCL,37,37,125,1367,170875
201602153040342,CHCL,16,53,50,1375,68750
201602153040508,CIT,48,6,14,4350,60900
201602153040469,CIT,48,29,10,4310,43100
201602153040344,CIT,17,14,50,4300,215000
201602153040726,CNDBL,25,26,100,214,21400
201602153040539,CSDBL,1,38,500,410,205000
201602153040517,CSDBL,10,26,500,410,205000
201602153040721,CZBIL,49,45,86,615,52890
201602153040527,CZBIL,49,26,24,613,14712
201602153040518,CZBIL,39,32,660,615,405900
201602153040481,CZBIL,39,29,100,614,61400
201602153040404,CZBIL,29,32,60,615,36900
201602153040370,CZBIL,56,42,240,611,146640
201602153040311,CZBIL,51,50,394,612,241128
201602153040295,CZBIL,32,21,200,612,122400
201602153040294,CZBIL,32,21,100,612,61200
201602153040285,CZBIL,21,32,150,615,92250
201602153040284,CZBIL,56,32,130,616,80080
201602153040309,DBBL,20,47,500,226,113000
201602153040308,DBBL,33,47,240,227,54480
201602153040271,DBBL,14,32,200,230,46000
201602153040270,DBBL,14,20,300,230,69000
201602153040520,DDBL,44,52,200,1979,395800
201602153040442,DDBL,44,36,25,2019,50475
201602153040733,EBL,49,33,50,2350,117500
201602153040715,EBL,8,33,50,2350,117500
201602153040699,EBL,8,33,140,2350,329000
201602153040698,EBL,51,33,100,2351,235100
201602153040688,EBL,49,49,450,2357,1060650
201602153040634,EBL,8,45,210,2350,493500
201602153040633,EBL,28,45,90,2350,211500
201602153040603,EBL,28,20,113,2350,265550
201602153040507,EBL,26,28,51,2350,119850
201602153040506,EBL,26,41,50,2350,117500
201602153040345,EBL,41,41,50,2351,117550
201602153040453,EDBL,11,20,100,637,63700
201602153040559,EIC,45,11,200,980,196000
201602153040637,FMDBL,41,45,100,900,90000
201602153040616,FMDBL,56,45,30,892,26760
201602153040502,FMDBL,50,45,22,875,19250
201602153040346,FMDBL,43,45,100,892,89200
201602153040612,GBBL,51,46,260,345,89700
201602153040611,GBBL,1,46,100,345,34500
201602153040461,GBBL,59,6,33,347,11451
201602153040372,GBBL,56,6,10,341,3410
201602153040350,GBBL,58,6,10,335,3350
201602153040728,GBIME,54,44,190,452,85880
201602153040727,GBIME,25,44,50,452,22600
201602153040708,GBIME,52,44,60,453,27180
201602153040689,GBIME,49,44,200,453,90600
201602153040661,GBIME,26,5,69,453,31257
201602153040644,GBIME,25,44,80,452,36160
201602153040458,GBIME,48,38,20,460,9200
201602153040437,GBIME,48,48,100,460,46000
201602153040436,GBIME,48,26,80,460,36800
201602153040435,GBIME,52,29,80,456,36480
201602153040434,GBIME,29,29,20,460,9200
201602153040275,GBIME,29,6,15,460,6900
201602153040643,GBIME,26,44,100,452,45200
201602153040642,GBIME,49,44,100,452,45200
201602153040641,GBIME,25,44,700,453,317100
201602153040640,GBIME,52,44,20,456,9120
201602153040604,GBIME,25,4,300,455,136500
201602153040538,GBIME,52,39,41,456,18696
201602153040613,GDBL,14,45,200,333,66600
201602153040630,HBL,21,38,100,991,99100
201602153040498,ICFC,39,39,324,255,82620
201602153040393,ILFCM,50,59,20,1029,20580
201602153040459,JEFL,32,39,150,175,26250
201602153040739,KCDBL,51,39,10,211,2110
201602153040686,KMCDB,26,55,50,1570,78500
201602153040491,KMCDB,26,11,150,1600,240000
201602153040730,LBL,20,28,205,607,124435
201602153040711,LBL,29,28,928,606,562368
201602153040680,LBL,11,50,400,601,240400
201602153040679,LBL,57,50,500,601,300500
201602153040678,LBL,19,50,100,602,60200
201602153040677,LBL,22,50,100,602,60200
201602153040268,LBL,11,40,100,607,60700
201602153040328,LBL,38,38,600,602,361200
201602153040299,LBL,11,17,150,605,90750
201602153040298,LBL,6,17,100,606,60600
201602153040297,LBL,40,17,200,606,121200
201602153040296,LBL,11,17,50,607,30350
201602153040276,LBL,5,4,100,607,60700
201602153040510,LBL,45,21,57,605,34485
201602153040475,LBL,11,14,200,605,121000
201602153040421,LBL,45,50,75,606,45450
201602153040400,LBL,5,4,100,606,60600
201602153040347,LBL,45,25,200,606,121200
201602153040331,LBL,48,28,25,608,15200
201602153040598,LBL,11,4,531,601,319131
201602153040563,LBL,22,4,400,602,240800
201602153040546,LBL,43,38,500,602,301000
201602153040545,LBL,11,38,250,602,150500
201602153040544,LBL,48,38,100,603,60300
201602153040543,LBL,17,38,100,604,60400
201602153040669,LGIL,48,48,500,641,320500
201602153040561,LGIL,47,39,200,650,130000
201602153040560,LGIL,44,39,90,650,58500
201602153040523,LGIL,44,49,410,650,266500
201602153040542,LICN,14,14,280,3500,980000
201602153040737,LLBS,5,46,500,1996,998000
201602153040422,LLBS,43,25,10,2034,20340
201602153040323,LLBS,43,20,50,2050,102500
201602153040450,MDB,16,45,180,610,109800
201602153040703,MDBL,14,4,100,358,35800
201602153040702,MDBL,14,26,200,358,71600
201602153040701,MDBL,14,28,242,357,86394
201602153040667,MDBL,50,28,500,352,176000
201602153040652,MDBL,38,48,590,357,210630
201602153040387,MDBL,49,49,1500,358,537000
201602153040352,MDBL,45,40,500,355,177500
201602153040351,MDBL,50,40,500,355,177500
201602153040252,MDBL,36,56,250,357,89250
201602153040615,MDBL,20,45,1000,356,356000
201602153040576,MDBL,36,52,150,353,52950
201602153040541,MDBL,36,45,840,353,296520
201602153040540,MDBL,34,40,800,354,283200
201602153040533,MDBL,34,52,200,354,70800
201602153040479,MLBBL,11,17,13,1685,21905
201602153040474,MLBBL,6,17,50,1685,84250
201602153040713,MNBBL,1,43,44,823,36212
201602153040687,MNBBL,1,7,100,820,82000
201602153040319,MNBBL,45,8,100,820,82000
201602153040250,MNBBL,45,8,300,820,246000
201602153040249,MNBBL,29,8,100,821,82100
201602153040663,NBB,57,10,500,480,240000
201602153040629,NBB,22,10,500,480,240000
201602153040628,NBB,14,10,200,480,96000
201602153040627,NBB,8,10,700,480,336000
201602153040626,NBB,57,10,300,480,144000
201602153040625,NBB,14,10,100,482,48200
201602153040368,NBB,57,57,1000,480,480000
201602153040367,NBB,25,57,40,481,19240
201602153040493,NBB,52,13,100,481,48100
201602153040492,NBB,52,13,100,481,48100
201602153040408,NBB,8,32,800,480,384000
201602153040407,NBB,41,32,200,481,96200
201602153040405,NBB,8,33,500,480,240000
201602153040369,NBB,8,57,1000,480,480000
201602153040574,NBB,36,10,1000,481,481000
201602153040516,NBB,6,55,300,480,144000
201602153040515,NBB,48,55,300,481,144300
201602153040495,NBB,6,13,200,480,96000
201602153040494,NBB,14,13,100,481,48100
201602153040443,NBBL,55,7,50,3600,180000
201602153040376,NBBL,32,57,80,3635,290800
201602153040724,NBL,59,57,1000,336,336000
201602153040723,NBL,48,57,300,336,100800
201602153040722,NBL,44,57,1000,337,337000
201602153040671,NBL,36,8,500,337,168500
201602153040599,NBL,36,14,21,337,7077
201602153040500,NBL,28,8,100,338,33800
201602153040386,NBL,58,25,100,339,33900
201602153040366,NBL,28,4,500,338,169000
201602153040587,NBL,59,50,1000,340,340000
201602153040586,NBL,59,54,500,340,170000
201602153040585,NBL,59,44,500,340,170000
201602153040578,NBL,59,43,525,340,178500
201602153040577,NBL,59,5,1350,339,457650
201602153040501,NBL,34,8,100,337,33700
201602153040412,NBSL,14,6,10,277,2770
201602153040320,NBSL,14,5,10,272,2720
201602153040303,NBSL,6,14,10,267,2670
201602153040712,NHPC,44,11,1000,163,163000
201602153040488,NHPC,41,40,200,162,32400
201602153040416,NHPC,33,48,2000,159,318000
201602153040415,NHPC,50,48,100,160,16000
201602153040399,NHPC,33,38,200,162,32400
201602153040327,NHPC,8,46,100,163,16300
201602153040326,NHPC,33,46,300,163,48900
201602153040315,NHPC,33,17,700,163,114100
201602153040654,NIB,58,33,100,923,92300
201602153040639,NIB,14,26,93,915,85095
201602153040635,NIB,14,26,200,915,183000
201602153040499,NIB,22,44,900,925,832500
201602153040497,NIB,41,32,60,928,55680
201602153040470,NIB,45,32,500,930,465000
201602153040388,NIB,28,8,150,932,139800
201602153040343,NIB,22,49,348,932,324336
201602153040429,NIB,22,29,100,925,92500
201602153040420,NIB,41,39,124,930,115320
201602153040413,NIB,41,56,500,930,465000
201602153040406,NIB,33,50,900,931,837900
201602153040396,NIB,33,41,100,931,93100
201602153040389,NIB,41,8,100,931,93100
201602153040742,NIBPO,4,17,100,830,83000
201602153040741,NIBPO,4,58,150,829,124350
201602153040716,NIBPO,44,42,500,828,414000
201602153040706,NIBPO,6,39,100,829,82900
201602153040705,NIBPO,6,36,500,828,414000
201602153040657,NIBPO,44,36,400,827,330800
201602153040269,NIBPO,44,43,750,828,621000
201602153040247,NIBPO,33,14,80,830,66400
201602153040304,NIBPO,44,43,750,826,619500
201602153040291,NIBPO,44,6,500,826,413000
201602153040288,NIBPO,44,14,20,830,16600
201602153040279,NIBPO,44,43,50,828,41400
201602153040273,NIBPO,44,10,200,828,165600
201602153040359,NIBPO,28,43,750,825,618750
201602153040340,NIBPO,44,42,230,826,189980
201602153040332,NIBPO,44,43,300,826,247800
201602153040317,NIBPO,6,6,750,827,620250
201602153040314,NIBPO,44,11,220,826,181720
201602153040424,NIBPO,44,29,700,824,576800
201602153040423,NIBPO,44,4,300,823,246900
201602153040378,NIBPO,47,56,100,823,82300
201602153040377,NIBPO,54,56,150,824,123600
201602153040371,NIBPO,28,43,50,825,41250
201602153040360,NIBPO,28,25,200,825,165000
201602153040457,NIBPO,57,39,450,821,369450
201602153040456,NIBPO,59,39,500,821,410500
201602153040455,NIBPO,32,39,50,821,41050
201602153040451,NIBPO,32,56,250,821,205250
201602153040440,NIBPO,59,47,500,821,410500
201602153040425,NIBPO,32,56,200,821,164200
201602153040485,NIBPO,44,43,450,825,371250
201602153040484,NIBPO,44,6,200,824,164800
201602153040467,NIBPO,57,8,150,820,123000
201602153040466,NIBPO,44,8,750,820,615000
201602153040464,NIBPO,44,8,250,820,205000
201602153040463,NIBPO,57,8,50,821,41050
201602153040589,NIBPO,54,8,1000,824,824000
201602153040588,NIBPO,54,17,100,823,82300
201602153040580,NIBPO,44,42,310,819,253890
201602153040487,NIBPO,44,42,270,826,223020
201602153040486,NIBPO,44,6,100,825,82500
201602153040656,NIBPO,44,21,200,827,165400
201602153040655,NIBPO,44,43,250,826,206500
201602153040653,NIBPO,6,7,1000,822,822000
201602153040651,NIBPO,4,17,100,825,82500
201602153040650,NIBPO,4,8,100,824,82400
201602153040601,NIBPO,6,41,1200,821,985200
201602153040375,NIBSF1,8,38,3000,11,33000
201602153040745,NICA,59,14,400,715,286000
201602153040744,NICA,6,14,300,716,214800
201602153040743,NICA,6,14,60,716,42960
201602153040738,NICA,6,41,20,716,14320
201602153040704,NICA,6,38,100,716,71600
201602153040649,NICA,6,28,23,717,16491
201602153040472,NICA,57,49,70,718,50260
201602153040448,NICA,48,49,138,720,99360
201602153040365,NICA,39,56,100,720,72000
201602153040278,NICL,25,42,10,700,7000
201602153040480,NIL,44,35,100,961,96100
201602153040454,NIL,56,35,100,961,96100
201602153040358,NIL,54,26,100,970,97000
201602153040357,NIL,21,26,500,975,487500
201602153040356,NIL,44,26,1000,975,975000
201602153040355,NIL,21,26,340,975,331500
201602153040354,NIL,54,26,500,976,488000
201602153040353,NIL,56,26,50,976,48800
201602153040513,NLG,49,41,15,900,13500
201602153040301,NLG,49,26,50,900,45000
201602153040537,NLIC,16,59,80,3145,251600
201602153040536,NLIC,41,59,70,3155,220850
201602153040535,NLIC,51,59,50,3160,158000
201602153040740,NLICL,16,42,56,2565,143640
201602153040503,NLICL,40,45,200,2570,514000
201602153040478,NLICL,26,10,176,2575,453200
201602153040636,NMB,25,58,1000,506,506000
201602153040549,NMB,25,57,220,504,110880
201602153040548,NMB,6,17,100,504,50400
201602153040477,NMB,6,39,100,504,50400
201602153040362,NMB,38,38,600,506,303600
201602153040335,NMB,47,5,222,504,111888
201602153040266,NMB,42,14,100,509,50900
201602153040258,NMB,55,49,100,510,51000
201602153040255,NMB,55,53,130,510,66300
201602153040254,NMB,55,53,70,510,35700
201602153040283,NMB,42,7,800,507,405600
201602153040282,NMB,46,7,400,507,202800
201602153040281,NMB,53,7,160,507,81120
201602153040280,NMB,53,48,340,507,172380
201602153040274,NMB,45,49,200,508,101600
201602153040267,NMB,45,14,880,509,447920
201602153040321,NMB,6,53,100,505,50500
201602153040318,NMB,42,32,200,506,101200
201602153040310,NMB,25,59,122,505,61610
201602153040306,NMB,6,5,100,505,50500
201602153040300,NMB,34,32,800,506,404800
201602153040286,NMB,25,7,290,507,147030
201602153040256,NTC,5,59,100,703,70300
201602153040525,NTC,41,47,900,701,630900
201602153040409,PCBL,17,41,58,513,29754
201602153040683,PICL,38,6,100,730,73000
201602153040682,PICL,57,6,200,730,146000
201602153040681,PICL,38,6,200,731,146200
201602153040665,PICL,49,53,1000,732,732000
201602153040623,PICL,57,57,400,730,292000
201602153040610,PICL,57,57,195,731,142545
201602153040594,PICL,10,17,300,735,220500
201602153040471,PICL,10,10,400,727,290800
201602153040731,PLIC,5,17,200,1626,325200
201602153040694,PLIC,5,52,100,1626,162600
201602153040672,PLIC,38,36,96,1625,156000
201602153040670,PLIC,38,36,50,1625,81250
201602153040668,PLIC,5,33,200,1625,325000
201602153040528,PLIC,38,34,50,1618,80900
201602153040696,PRDBL,45,39,200,210,42000
201602153040410,PRDBL,10,32,11,209,2299
201602153040394,PRDBL,45,32,11,210,2310
201602153040414,PRDBL,50,39,200,209,41800
201602153040449,PRDBL,50,39,100,209,20900
201602153040595,PRDBL,55,39,50,210,10500
201602153040691,PROFL,39,39,10,153,1530
201602153040609,PROFL,39,39,10,150,1500
201602153040534,PROFL,39,39,10,148,1480
201602153040526,PROFL,39,39,10,146,1460
201602153040509,PROFL,39,39,10,144,1440
201602153040505,PROFL,10,39,10,142,1420
201602153040476,REDBL,49,25,500,336,168000
201602153040401,RHPC,34,40,40,401,16040
201602153040263,RMDC,58,35,1000,815,815000
201602153040262,RMDC,6,35,500,815,407500
201602153040261,RMDC,29,35,100,816,81600
201602153040260,RMDC,51,35,300,818,245400
201602153040259,RMDC,28,35,300,818,245400
201602153040620,SANIMA,5,32,200,718,143600
201602153040619,SANIMA,53,32,100,718,71800
201602153040618,SANIMA,26,32,200,719,143800
201602153040617,SANIMA,14,32,200,719,143800
201602153040593,SANIMA,14,26,100,719,71900
201602153040522,SANIMA,20,25,50,720,36000
201602153040277,SANIMA,25,32,49,726,35574
201602153040381,SANIMA,32,32,100,721,72100
201602153040380,SANIMA,44,32,100,722,72200
201602153040349,SANIMA,44,42,400,722,288800
201602153040348,SANIMA,45,42,100,725,72500
201602153040334,SANIMA,25,52,50,726,36300
201602153040333,SANIMA,32,52,100,726,72600
201602153040521,SANIMA,33,25,100,721,72100
201602153040468,SANIMA,38,32,600,720,432000
201602153040385,SANIMA,36,32,300,720,216000
201602153040384,SANIMA,6,32,1000,720,720000
201602153040383,SANIMA,53,32,300,720,216000
201602153040382,SANIMA,55,32,600,721,432600
201602153040693,SBI,51,38,75,1416,106200
201602153040659,SBI,51,39,100,1416,141600
201602153040658,SBI,16,39,100,1420,142000
201602153040614,SBI,1,36,200,1425,285000
201602153040710,SCB,19,28,48,2631,126288
201602153040647,SCB,32,45,20,2635,52700
201602153040646,SCB,11,45,30,2635,79050
201602153040734,SEWA,11,53,234,300,70200
201602153040607,SHPC,34,51,110,865,95150
201602153040606,SHPC,22,51,190,865,164350
201602153040597,SHPC,22,38,10,865,8650
201602153040582,SHPC,17,51,100,870,87000
201602153040581,SHPC,34,51,100,870,87000
201602153040519,SHPC,34,21,400,870,348000
201602153040439,SHPC,20,58,12,870,10440
201602153040714,SIC,11,40,60,1070,64200
201602153040707,SIC,11,35,193,1090,210370
201602153040700,SIC,40,40,10,1092,10920
201602153040341,SICL,38,38,170,1671,284070
201602153040293,SICL,54,5,300,1695,508500
201602153040251,SICL,50,1,76,1695,128820
201602153040446,SICL,47,49,100,1670,167000
201602153040445,SICL,39,49,500,1671,835500
201602153040444,SICL,19,49,100,1680,168000
201602153040419,SICL,53,1,40,1685,67400
201602153040418,SICL,29,1,20,1690,33800
201602153040511,SICL,53,33,19,1689,32091
201602153040465,SICL,42,49,50,1668,83400
201602153040447,SICL,14,49,250,1668,417000
201602153040676,SICL,49,49,1000,1670,1670000
201602153040673,SICL,39,44,21,1672,35112
201602153040608,SICL,6,14,500,1690,845000
201602153040600,SICL,53,6,50,1688,84400
201602153040514,SICL,53,1,16,1689,27024
201602153040361,SIGS1,7,14,500,18,8975
201602153040316,SIGS1,26,26,1200,18,21120
201602153040558,SIL,57,45,200,1173,234600
201602153040473,SIL,38,40,100,1195,119500
201602153040660,SINDU,16,41,300,328,98400
201602153040622,SKBBL,44,32,850,1508,1281800
201602153040605,SKBBL,45,47,50,1508,75400
201602153040596,SKBBL,41,32,150,1500,225000
201602153040592,SKBBL,20,39,50,1500,75000
201602153040441,SKBBL,56,11,100,1501,150100
201602153040403,SKBBL,44,45,608,1505,915040
201602153040312,SLICL,42,43,80,800,64000
201602153040313,SLICL,42,43,66,800,52800
201602153040547,SLICL,39,50,500,790,395000
201602153040675,SRBL,25,44,38,419,15922
201602153040364,SRBL,51,32,500,420,210000
201602153040363,SRBL,47,32,100,421,42100
201602153040305,SRBL,33,11,500,420,210000
201602153040397,SWBBL,33,11,200,2070,414000
201602153040747,SYFL,47,46,950,109,103550
201602153040746,SYFL,39,46,50,109,5450
201602153040257,SYFL,45,26,250,111,27750
201602153040736,UFCL,4,25,50,134,6700
201602153040729,UFCL,4,19,38,134,5092
201602153040272,UFCL,49,19,250,132,33000
201602153040248,UFIL,13,6,10,201,2010
201602153040307,UFIL,13,16,60,197,11820
201602153040524,UFL,32,26,50,340,17000
201602153040373,UFL,33,33,100,340,34000
201602153040325,UFL,32,33,100,340,34000
201602153040709,UIC,19,50,500,631,315500
201602153040591,UIC,6,7,220,636,139920
201602153040590,UIC,41,7,220,636,139920
201602153040428,UIC,41,34,30,636,19080
201602153040427,UIC,14,34,500,636,318000
201602153040426,UIC,56,34,20,642,12840
201602153040398,UIC,39,34,500,636,318000
201602153040462,VLBS,41,47,18,1357,24426
201602153040336,VLBS,20,16,53,1383,73299
201602153040329,VLBS,20,16,100,1383,138300
201602153040322,VLBS,51,16,100,1385,138500
201602153040302,VLBS,44,44,1000,1400,1400000
201602153040483,YETI,8,38,2000,163,326000
201602153040265,YETI,45,38,2650,166,439900
201602153040264,YETI,17,38,700,167,116900
201602153040244,ADBL,58,49,74,568,42032
201602153040143,ADBL,58,20,32,569,18208
201602153040076,ADBL,38,10,33,570,18810
201602153040074,AHPC,49,47,50,306,15300
201602153040121,AHPC,6,58,45,310,13950
201602153040103,API,36,36,30,510,15300
201602153040050,API,28,36,100,500,50000
201602153040194,CCBL,6,38,42,341,14322
201602153040086,CCBL,51,44,42,342,14364
201602153040219,CHCL,1,53,50,1380,69000
201602153040243,CNDBL,25,17,30,216,6480
201602153040246,CZBIL,56,48,70,616,43120
201602153040245,CZBIL,52,48,30,617,18510
201602153040234,EBL,8,38,100,2351,235100
201602153040231,EBL,19,38,100,2355,235500
201602153040209,FMDBL,43,16,75,910,68250
201602153040229,GBBL,58,58,10,329,3290
201602153040029,GBBL,5,53,13,323,4199
201602153040028,GBBL,33,53,79,329,25991
201602153040025,GBBL,33,53,13,335,4355
201602153040018,GBBL,1,53,13,341,4433
201602153040206,HGI,44,53,500,742,371000
201602153040205,HGI,18,53,150,743,111450
201602153040239,LBL,22,50,100,609,60900
201602153040198,LBL,11,8,50,607,30350
201602153040185,LBL,6,1,99,608,60192
201602153040149,LBL,19,28,100,608,60800
201602153040148,LBL,19,28,100,608,60800
201602153040147,LBL,48,28,300,608,182400
201602153040060,LBL,6,58,300,609,182700
201602153040059,LBL,17,58,100,609,60900
201602153040058,LBL,28,58,100,610,61000
201602153040146,LBL,11,28,100,608,60800
201602153040145,LBL,36,28,70,609,42630
201602153040144,LBL,38,28,100,609,60900
201602153040118,LBL,6,58,100,610,61000
201602153040100,LBL,25,19,1000,610,610000
201602153040064,LBL,19,58,250,609,152250
201602153040047,LVF1,17,17,500,10,5100
201602153040167,MDB,16,16,20,620,12400
201602153040190,MDBL,17,26,200,357,71400
201602153040181,MDBL,49,49,87,356,30972
201602153040176,MDBL,50,14,500,355,177500
201602153040166,MDBL,25,49,860,355,305300
201602153040164,MDBL,50,49,311,355,110405
201602153040163,MDBL,49,49,139,355,49345
201602153040037,MDBL,48,21,50,366,18300
201602153040036,MDBL,48,48,300,366,109800
201602153040035,MDBL,21,48,500,359,179500
201602153040032,MDBL,17,48,177,352,62304
201602153040031,MDBL,17,49,10,352,3520
201602153040030,MDBL,17,56,50,350,17500
201602153040045,MDBL,25,21,300,380,114000
201602153040044,MDBL,25,56,150,379,56850
201602153040042,MDBL,25,26,48,373,17904
201602153040041,MDBL,25,1,100,373,37300
201602153040040,MDBL,25,21,50,373,18650
201602153040039,MDBL,25,48,200,373,74600
201602153040055,MDBL,11,48,666,370,246420
201602153040053,MDBL,54,40,500,375,187500
201602153040052,MDBL,25,39,300,375,112500
201602153040049,MDBL,46,21,50,380,19000
201602153040048,MDBL,34,39,200,375,75000
201602153040046,MDBL,25,49,37,380,14060
201602153040070,MDBL,48,48,660,367,242220
201602153040069,MDBL,10,56,85,366,31110
201602153040068,MDBL,10,21,400,366,146400
201602153040066,MDBL,11,48,340,367,124780
201602153040065,MDBL,48,34,252,367,92484
201602153040062,MDBL,49,49,1500,371,556500
201602153040088,MDBL,36,49,500,360,180000
201602153040087,MDBL,54,49,200,360,72000
201602153040077,MDBL,49,49,1100,366,402600
201602153040075,MDBL,48,42,340,367,124780
201602153040072,MDBL,54,45,500,370,185000
201602153040114,MDBL,10,49,1000,350,350000
201602153040106,MDBL,17,49,100,350,35000
201602153040105,MDBL,46,49,100,351,35100
201602153040104,MDBL,34,49,100,352,35200
201602153040099,MDBL,48,22,100,353,35300
201602153040096,MDBL,21,22,100,353,35300
201602153040162,MDBL,58,14,300,350,105000
201602153040157,MDBL,36,42,250,351,87750
201602153040129,MDBL,25,49,100,350,35000
201602153040119,MDBL,55,49,140,357,49980
201602153040115,MDBL,48,49,300,350,105000
201602153040110,MNBBL,29,29,200,821,164200
201602153040241,NBB,25,45,163,485,79055
201602153040175,NBB,29,10,30,488,14640
201602153040240,NBBL,16,26,10,3564,35640
201602153040238,NBL,28,46,200,337,67400
201602153040215,NBL,58,7,500,340,170000
201602153040210,NBL,44,46,431,340,146540
201602153040202,NBL,44,50,720,340,244800
201602153040156,NBL,28,39,200,339,67800
201602153040135,NBL,13,39,200,338,67600
201602153040122,NBL,17,50,90,340,30600
201602153040084,NBL,17,58,200,340,68000
201602153040073,NBL,22,22,600,342,205200
201602153040111,NBSL,14,6,10,262,2620
201602153040043,NBSL,6,14,10,257,2570
201602153040218,NIB,22,41,594,931,553014
201602153040211,NIB,28,11,388,932,361616
201602153040201,NIB,41,47,140,933,130620
201602153040200,NIB,22,47,350,935,327250
201602153040199,NIB,33,47,10,935,9350
201602153040155,NIB,17,32,190,940,178600
201602153040153,NIB,17,50,10,940,9400
201602153040138,NIB,59,50,140,940,131600
201602153040136,NIB,57,4,134,939,125826
201602153040132,NIB,33,11,90,937,84330
201602153040117,NIB,35,50,350,940,329000
201602153040216,NIBPO,33,43,100,830,83000
201602153040213,NIBPO,33,8,10,830,8300
201602153040208,NIBPO,33,8,10,830,8300
201602153040026,NICA,47,35,500,725,362500
201602153040225,NIL,21,34,660,975,643500
201602153040224,NIL,56,34,50,977,48850
201602153040223,NIL,56,34,50,978,48900
201602153040222,NIL,41,34,50,978,48900
201602153040221,NIL,41,34,190,980,186200
201602153040212,NIL,41,41,10,980,9800
201602153040191,NIL,41,41,50,978,48900
201602153040067,NIL,41,36,500,990,495000
201602153040183,NLG,22,59,14,902,12628
201602153040150,NLIC,45,48,20,3175,63500
201602153040242,NMB,55,53,100,510,51000
201602153040232,NMB,42,5,1116,510,569160
201602153040227,NMB,55,53,500,510,255000
201602153040226,NMB,55,38,900,510,459000
201602153040197,NMB,55,49,169,511,86359
201602153040182,NMB,55,32,72,511,36792
201602153040024,NMB,53,59,118,503,59354
201602153040023,NMB,11,5,200,512,102400
201602153040019,NMB,26,5,200,510,102000
201602153040095,NMB,59,53,424,513,217512
201602153040094,NMB,59,32,800,513,410400
201602153040093,NMB,59,13,500,512,256000
201602153040063,NMB,19,32,100,513,51300
201602153040038,NMB,50,5,50,513,25650
201602153040034,NMB,38,5,800,512,409600
201602153040180,NMB,38,25,1000,510,510000
201602153040152,NMB,8,53,250,510,127500
201602153040151,NMB,6,53,100,510,51000
201602153040133,NMB,38,58,1000,510,510000
201602153040098,NMB,59,5,1000,514,514000
201602153040097,NMB,59,5,800,514,411200
201602153040237,NTC,41,41,100,701,70100
201602153040137,OHL,47,16,100,440,44000
201602153040196,PICL,20,53,300,735,220500
201602153040193,PICL,6,53,20,740,14800
201602153040171,PLIC,38,39,100,1640,164000
201602153040128,PLIC,38,36,150,1644,246600
201602153040127,PLIC,38,1,50,1643,82150
201602153040116,PLIC,38,53,80,1645,131600
201602153040109,PLIC,38,1,10,1645,16450
201602153040108,PLIC,38,1,60,1644,98640
201602153040107,PLIC,38,16,50,1644,82200
201602153040204,PRDBL,21,21,1000,213,213000
201602153040203,PRDBL,21,48,10,213,2130
201602153040179,PRDBL,47,48,50,209,10450
201602153040186,REDBL,17,59,17,337,5729
201602153040051,RLFL,7,16,10,249,2490
201602153040195,RMDC,51,59,12,820,9840
201602153040217,SANIMA,17,32,80,728,58240
201602153040165,SANIMA,17,1,500,728,364000
201602153040159,SANIMA,17,36,20,728,14560
201602153040141,SANIMA,29,32,20,733,14660
201602153040120,SANIMA,59,59,200,734,146800
201602153040188,SBI,47,35,50,1435,71750
201602153040187,SBI,19,35,200,1435,287000
201602153040082,SCB,17,7,50,2650,132500
201602153040081,SCB,11,7,200,2650,530000
201602153040080,SCB,11,7,10,2685,26850
201602153040170,SHPC,22,35,100,873,87300
201602153040169,SHPC,34,35,100,873,87300
201602153040168,SHPC,22,35,50,875,43750
201602153040022,SHPC,36,44,18,890,16020
201602153040189,SICL,53,5,160,1685,269600
201602153040184,SICL,50,46,100,1700,170000
201602153040061,SICL,53,59,22,1692,37224
201602153040056,SICL,53,59,22,1726,37972
201602153040021,SICL,39,39,22,1761,38742
201602153040092,SICL,53,49,500,1700,850000
201602153040091,SICL,5,49,200,1701,340200
201602153040090,SICL,19,49,50,1702,85100
201602153040089,SICL,39,39,22,1703,37466
201602153040085,SICL,39,39,22,1703,37466
201602153040071,SICL,53,58,22,1700,37400
201602153040131,SICL,53,58,22,1700,37400
201602153040130,SICL,39,39,171,1690,288990
201602153040126,SICL,53,58,22,1700,37400
201602153040125,SICL,50,58,22,1700,37400
201602153040112,SICL,53,58,22,1700,37400
201602153040102,SICL,39,39,22,1690,37180
201602153040177,SICL,50,44,22,1700,37400
201602153040172,SICL,50,45,200,1700,340000
201602153040161,SICL,32,21,100,1700,170000
201602153040160,SICL,50,21,100,1700,170000
201602153040134,SICL,50,59,22,1700,37400
201602153040236,SIGS1,49,34,250000,18,4375000
201602153040158,SIL,44,33,300,1172,351600
201602153040142,SIL,44,44,7500,1195,8962500
201602153040230,SRBL,17,32,200,425,85000
201602153040192,SRBL,33,45,500,425,212500
201602153040233,SUBBL,13,26,500,319,159500
201602153040101,SYFL,32,10,56,113,6328
201602153040207,TRH,25,25,20,219,4380
201602153040235,UFIL,13,6,50,201,10050
201602153040214,UFIL,13,6,10,205,2050
201602153040228,UIC,39,6,130,645,83850
201602153040140,UIC,39,43,370,645,238650
201602153040139,UIC,41,43,200,646,129200
201602153040083,UIC,39,17,55,655,36025
201602153040079,UIC,41,6,200,660,132000
201602153040078,UIC,42,6,150,660,99000
201602153040124,VLBS,51,58,20,1411,28220
201602153040123,VLBS,51,22,10,1411,14110
201602153040113,VLBS,46,22,10,1411,14110
201602153040057,WDBL,26,39,26,425,11050
201602153040020,WDBL,16,16,500,417,208500
201602153040220,YETI,40,40,30,168,5040
201602153040178,YETI,17,28,195,168,32760
201602153040174,YETI,40,40,30,169,5070
201602153040154,YETI,17,19,100,169,16900
201602153040054,YETI,17,58,136,169,22984
201602153040033,YETI,40,40,30,171,5130
201602153040027,YETI,40,40,30,172,5160
