contract,symbol,buyer,seller,qty,rate,amt
201604113171753,ACEDBL,19,33,1000,375,375000
201604113171873,ACEDBL,43,7,150,374,56100
201604113171783,ACEDBL,19,33,1000,375,375000
201604113171943,ACEDBL,35,33,422,375,158250
201604113171942,ACEDBL,35,33,1000,375,375000
201604113171988,ADBL,29,6,10,576,5760
201604113171854,ADBL,56,41,144,572,82368
201604113171647,ADBL,56,54,200,572,114400
201604113171646,ADBL,29,54,200,572,114400
201604113171641,ADBL,52,6,300,573,171900
201604113171756,AHPC,5,32,400,309,123600
201604113171872,ALDBL,45,39,23,550,12650
201604113171796,ALDBL,45,40,10,540,5400
201604113171766,ALDBL,45,45,10,532,5320
201604113171944,ALICL,28,13,151,1352,204152
201604113171643,ALICL,40,57,95,1355,128725
201604113171995,API,41,11,26,675,17550
201604113171983,API,41,39,68,674,45832
201604113171975,API,41,58,287,670,192290
201604113171867,API,32,32,10,671,6710
201604113171841,API,32,36,15,672,10080
201604113171600,API,7,29,26,670,17420
201604113171599,API,41,29,26,670,17420
201604113171596,API,32,50,28,668,18704
201604113171579,API,32,48,16,668,10688
201604113171578,API,32,29,26,670,17420
201604113171577,API,32,29,26,670,17420
201604113171576,API,32,48,16,668,10688
201604113171910,ARDBL,32,39,33,257,8481
201604113171906,ARDBL,34,7,1000,259,259000
201604113171893,ARDBL,34,26,500,260,130000
201604113171880,ARDBL,34,55,22,260,5720
201604113171879,ARDBL,34,55,33,260,8580
201604113171878,ARDBL,34,55,22,260,5720
201604113171877,ARDBL,34,25,500,260,130000
201604113171876,ARDBL,34,39,39,259,10101
201604113171875,ARDBL,34,42,22,259,5698
201604113171874,ARDBL,34,7,100,258,25800
201604113171689,ARDBL,32,11,200,257,51400
201604113171637,ARDBL,32,47,500,257,128500
201604113171601,BHBL,28,17,200,341,68200
201604113171607,CBBL,21,47,35,1809,63315
201604113171909,CCBL,16,38,1000,370,370000
201604113171856,CCBL,16,53,162,370,59940
201604113171857,CHCL,34,41,180,1315,236700
201604113171725,CHCL,17,41,20,1315,26300
201604113171724,CHCL,41,41,200,1320,264000
201604113171613,CHCL,17,44,80,1315,105200
201604113171612,CHCL,52,44,40,1315,52600
201604113171739,CIT,39,56,10,4300,43000
201604113171531,CIT,11,47,59,4300,253700
201604113171682,CNDBL,25,40,31,210,6510
201604113171676,CNDBL,25,40,31,210,6510
201604113171669,CNDBL,36,14,927,210,194670
201604113171903,CSDBL,21,26,10,390,3900
201604113172009,CZBIL,33,42,5000,720,3600000
201604113171960,CZBIL,29,53,260,724,188240
201604113171952,CZBIL,29,53,40,724,28960
201604113171930,CZBIL,29,42,460,724,333040
201604113171929,CZBIL,1,42,40,724,28960
201604113171902,CZBIL,7,42,500,724,362000
201604113171558,CZBIL,33,42,500,724,362000
201604113171557,CZBIL,33,42,500,724,362000
201604113171626,CZBIL,37,53,190,723,137370
201604113171625,CZBIL,6,53,100,723,72300
201604113171624,CZBIL,6,53,120,723,86760
201604113171623,CZBIL,1,53,20,723,14460
201604113171622,CZBIL,16,53,50,724,36200
201604113171699,CZBIL,47,58,200,724,144800
201604113171692,CZBIL,19,26,100,723,72300
201604113171645,CZBIL,46,33,164,724,118736
201604113171644,CZBIL,46,42,500,724,362000
201604113171636,CZBIL,46,53,12,723,8676
201604113171635,CZBIL,46,53,220,723,159060
201604113171822,CZBIL,38,37,50,725,36250
201604113171821,CZBIL,14,37,80,725,58000
201604113171758,CZBIL,38,55,100,725,72500
201604113171711,CZBIL,33,42,5000,720,3600000
201604113171704,CZBIL,47,42,500,724,362000
201604113171701,CZBIL,13,58,240,724,173760
201604113171892,CZBIL,1,42,60,724,43440
201604113171891,CZBIL,13,42,10,724,7240
201604113171890,CZBIL,6,42,30,725,21750
201604113171865,CZBIL,7,42,500,724,362000
201604113171861,CZBIL,33,42,5000,720,3600000
201604113171824,CZBIL,6,37,20,725,14500
201604113171981,DBBL,41,44,200,225,45000
201604113171947,DBBL,43,44,100,225,22500
201604113171945,DBBL,49,42,200,224,44800
201604113171911,DBBL,41,44,1800,225,405000
201604113171896,DBBL,6,44,200,225,45000
201604113171866,DBBL,6,44,800,225,180000
201604113171855,DBBL,43,44,200,225,45000
201604113171550,DDBL,28,28,50,2620,131000
201604113172003,EBL,50,34,200,2799,559800
201604113171976,EBL,29,57,100,2795,279500
201604113171973,EBL,13,17,44,2790,122760
201604113171657,EBL,50,13,50,2790,139500
201604113171786,EBL,45,25,20,2795,55900
201604113171785,EBL,45,58,100,2795,279500
201604113171784,EBL,45,8,70,2794,195580
201604113171700,EBL,50,43,100,2790,279000
201604113171971,EBL,50,17,50,2790,139500
201604113171957,EBL,10,5,18,2800,50400
201604113171831,EBL,35,28,250,2799,699750
201604113171809,EBL,13,17,100,2790,279000
201604113171788,EBL,45,25,400,2798,1119200
201604113171787,EBL,45,57,100,2795,279500
201604113171823,EBLCP,17,32,20,1536,30720
201604113171998,FBBL,21,36,500,395,197500
201604113171805,FMDBL,56,19,500,1159,579500
201604113171802,FMDBL,56,7,50,1155,57750
201604113171789,FMDBL,56,5,41,1154,47314
201604113171763,FMDBL,25,40,183,1142,208986
201604113171754,FMDBL,36,36,1000,1150,1150000
201604113171723,FMDBL,34,40,500,1139,569500
201604113171722,FMDBL,41,40,200,1140,228000
201604113171721,FMDBL,41,40,200,1140,228000
201604113171720,FMDBL,29,40,50,1141,57050
201604113171719,FMDBL,41,40,200,1142,228400
201604113171629,FMDBL,39,5,50,1155,57750
201604113171955,GBBL,32,5,100,343,34300
201604113171826,GBBL,37,34,200,342,68400
201604113171798,GBBL,37,25,40,342,13680
201604113171797,GBBL,37,25,40,342,13680
201604113171593,GBBL,47,13,100,345,34500
201604113171592,GBBL,47,21,300,345,103500
201604113171573,GBBL,43,49,120,341,40920
201604113171525,GBBL,32,49,500,341,170500
201604113171524,GBBL,57,49,380,342,129960
201604113171962,GBIME,5,37,200,477,95400
201604113171953,GBIME,45,45,44,478,21032
201604113171846,GBIME,5,52,400,477,190800
201604113171845,GBIME,48,52,100,477,47700
201604113171844,GBIME,25,52,100,478,47800
201604113171843,GBIME,26,52,700,479,335300
201604113171685,GBIME,19,49,242,480,116160
201604113171662,GBIME,28,42,244,480,117120
201604113171639,GBIME,26,22,123,479,58917
201604113171627,GBIME,26,5,11,479,5269
201604113171586,GBIME,26,25,150,479,71850
201604113171559,GBIME,25,11,200,478,95600
201604113171764,GBIME,42,55,1450,479,694550
201604113171695,GBIME,19,51,40,480,19200
201604113171694,GBIME,19,40,20,480,9600
201604113171693,GBIME,19,13,200,480,96000
201604113171691,GBIME,28,40,500,480,240000
201604113171687,GBIME,28,32,198,480,95040
201604113171972,GDBL,32,19,200,355,71000
201604113171680,GLICL,6,57,100,670,67000
201604113171679,GLICL,6,57,200,672,134400
201604113171678,GLICL,6,57,200,672,134400
201604113171656,GMFIL,41,45,100,330,33000
201604113172006,HBL,55,58,10,1281,12810
201604113171978,HBL,42,33,500,1290,645000
201604113171977,HBL,42,39,200,1289,257800
201604113171842,HBL,55,39,500,1285,642500
201604113171611,HBL,42,52,500,1291,645500
201604113171542,HBL,42,54,1191,1290,1536390
201604113171660,HGI,59,49,200,890,178000
201604113171914,ICFC,47,58,114,250,28500
201604113171863,ICFC,25,51,150,249,37350
201604113171506,ICFC,13,58,300,250,75000
201604113171949,ILFCM,40,33,15,1175,17625
201604113171781,ILFCM,26,1,100,1180,118000
201604113171581,ILFCM,26,41,10,1170,11700
201604113171565,ILFCM,26,58,10,1170,11700
201604113171931,KDBL,47,42,210,248,52080
201604113171708,KDBL,28,40,298,248,73904
201604113171620,KDBL,29,36,10,250,2500
201604113171561,KDBL,47,34,41,248,10168
201604113171534,KDBL,21,36,300,250,75000
201604113171526,KDBL,28,21,200,248,49600
201604113171686,KEBL,21,40,20,610,12200
201604113171769,KMCDB,25,1,20,1630,32600
201604113171560,KMCDB,26,58,10,1625,16250
201604113171546,KMCDB,26,58,10,1625,16250
201604113171939,KNBL,21,39,10,318,3180
201604113171990,LBL,5,57,200,639,127800
201604113171780,LBL,17,39,100,639,63900
201604113171648,LBL,19,22,113,638,72094
201604113171552,LBL,37,21,150,640,96000
201604113171532,LBL,43,21,30,640,19200
201604113171851,LFLC,5,1,20,243,4860
201604113171806,LFLC,39,1,10,241,2410
201604113171782,LFLC,39,1,10,237,2370
201604113171574,LFLC,5,1,10,233,2330
201604113171992,LGIL,53,35,500,730,365000
201604113171991,LGIL,39,35,100,732,73200
201604113171885,LGIL,50,58,550,735,404250
201604113171881,LICN,56,6,100,3651,365100
201604113171997,LLBS,42,47,20,2375,47500
201604113171530,LLBS,58,11,10,2370,23700
201604113171521,LLBS,58,47,30,2360,70800
201604113171642,MIDBL,21,28,100,465,46500
201604113171858,MNBBL,33,7,500,880,440000
201604113171852,MNBBL,52,7,500,880,440000
201604113171515,MNBBL,41,36,109,879,95811
201604113171514,MNBBL,41,36,500,879,439500
201604113171951,MSMBS,17,51,20,1570,31400
201604113171771,MSMBS,28,32,10,1570,15700
201604113171760,MSMBS,28,32,10,1570,15700
201604113171618,MSMBS,49,36,10,1575,15750
201604113171598,MSMBS,28,54,10,1570,15700
201604113171982,NABIL,3,44,86,2100,180600
201604113171888,NABIL,29,13,100,2095,209500
201604113171887,NABIL,3,56,532,2094,1114008
201604113171853,NABIL,3,28,669,2090,1398210
201604113171840,NABIL,3,35,11,2089,22979
201604113171768,NABIL,42,35,290,2088,605520
201604113171655,NABIL,26,51,71,2095,148745
201604113171654,NABIL,26,51,100,2095,209500
201604113171634,NABIL,33,1,19,2090,39710
201604113171583,NABIL,1,37,100,2089,208900
201604113171528,NABIL,3,6,137,2090,286330
201604113171518,NABIL,17,1,100,2090,209000
201604113171742,NABIL,42,44,400,2088,835200
201604113171707,NABIL,47,44,200,2088,417600
201604113171706,NABIL,21,44,100,2089,208900
201604113171705,NABIL,1,44,150,2089,313350
201604113171698,NABIL,7,44,100,2090,209000
201604113171697,NABIL,6,44,50,2090,104500
201604113172008,NABILP,21,28,21,1575,33075
201604113172004,NABILP,3,17,100,1575,157500
201604113171996,NABILP,3,44,500,1574,787000
201604113171671,NABILP,3,17,730,1570,1146100
201604113171538,NABILP,13,28,31,1562,48422
201604113171732,NABILP,36,8,200,1561,312200
201604113171731,NABILP,4,8,100,1562,156200
201604113171849,NBB,46,53,111,550,61050
201604113171833,NBB,33,29,200,551,110200
201604113171804,NBB,28,44,29,550,15950
201604113171801,NBB,28,44,30,550,16500
201604113171800,NBB,36,44,170,551,93670
201604113171799,NBB,16,44,100,552,55200
201604113171556,NBB,49,32,100,556,55600
201604113171555,NBB,49,40,100,555,55500
201604113171529,NBB,46,57,523,550,287650
201604113171779,NBB,36,10,330,551,181830
201604113171778,NBB,26,10,70,551,38570
201604113171777,NBB,46,10,100,552,55200
201604113171617,NBB,49,39,50,555,27750
201604113171562,NBB,49,48,125,557,69625
201604113171630,NBBL,47,5,13,3200,41600
201604113171993,NBL,51,14,450,408,183600
201604113171950,NBL,43,7,80,408,32640
201604113171886,NBL,48,58,200,409,81800
201604113171816,NBL,43,45,250,408,102000
201604113171815,NBL,29,45,250,408,102000
201604113171761,NBL,29,16,150,408,61200
201604113171568,NBL,25,40,200,407,81400
201604113171567,NBL,25,26,100,407,40700
201604113171540,NBL,25,25,91,407,37037
201604113171539,NBL,25,25,3770,407,1534390
201604113171703,NBL,29,7,100,408,40800
201604113171675,NBL,51,25,200,408,81600
201604113171621,NBL,25,59,50,407,20350
201604113171591,NBL,33,53,495,408,201960
201604113171590,NBL,33,36,500,408,204000
201604113171589,NBL,33,14,100,408,40800
201604113171594,NHPC,42,33,400,175,70000
201604113171533,NHPC,42,26,100,175,17500
201604113171884,NIB,25,42,100,1090,109000
201604113171883,NIB,5,42,100,1092,109200
201604113171834,NIB,49,28,250,1090,272500
201604113171619,NIB,3,25,884,1094,967096
201604113171536,NIB,57,33,39,1091,42549
201604113171535,NIB,57,45,200,1090,218000
201604113171513,NIB,6,25,50,1089,54450
201604113171958,NIBPO,56,21,100,930,93000
201604113171813,NIBPO,56,22,50,930,46500
201604113171812,NIBPO,56,56,850,929,789650
201604113171811,NIBPO,56,49,200,928,185600
201604113171810,NIBPO,56,6,30,927,27810
201604113171759,NIBPO,44,44,1050,923,969150
201604113171717,NIBPO,49,49,2000,922,1844000
201604113171688,NIBPO,49,49,2278,922,2100316
201604113171638,NIBPO,49,49,1500,922,1383000
201604113171999,NICA,29,39,190,776,147440
201604113171918,NICA,7,56,340,777,264180
201604113171917,NICA,51,56,50,777,38850
201604113171913,NICA,7,48,350,777,271950
201604113171820,NICA,51,52,150,777,116550
201604113171819,NICA,58,52,500,778,389000
201604113171818,NICA,16,52,100,778,77800
201604113171817,NICA,32,52,150,779,116850
201604113171696,NICA,16,29,50,778,38900
201604113171673,NICA,22,50,200,779,155800
201604113172001,NICL,6,13,350,691,241850
201604113171986,NICL,6,25,550,691,380050
201604113171985,NICL,47,25,200,691,138200
201604113171984,NICL,47,25,150,692,103800
201604113171889,NIL,35,39,50,1072,53600
201604113171712,NIL,11,45,300,1080,324000
201604113171690,NIL,35,29,42,1072,45024
201604113171585,NIL,10,45,300,1075,322500
201604113171882,NLIC,35,28,50,3600,180000
201604113171870,NLIC,53,39,150,3600,540000
201604113171659,NLIC,59,36,144,3604,518976
201604113171517,NLIC,33,45,50,3600,180000
201604113171956,NLICL,53,25,50,2670,133500
201604113171925,NLICL,8,50,200,2672,534400
201604113171850,NLICL,45,8,100,2672,267200
201604113171772,NLICL,6,57,100,2675,267500
201604113171748,NLICL,41,50,75,2673,200475
201604113171713,NLICL,3,6,88,2672,235136
201604113171966,NMB,6,19,45,605,27225
201604113171938,NMB,51,14,22,604,13288
201604113171848,NMB,6,40,200,605,121000
201604113171847,NMB,6,21,50,605,30250
201604113171839,NMB,6,38,59,605,35695
201604113171838,NMB,6,21,1000,605,605000
201604113171512,NMB,6,7,500,603,301500
201604113171511,NMB,6,7,500,603,301500
201604113171509,NMB,35,44,229,603,138087
201604113171508,NMB,35,6,300,603,180900
201604113171507,NMB,35,38,200,603,120600
201604113171652,NMB,47,53,140,602,84280
201604113171651,NMB,47,53,1000,602,602000
201604113171650,NMB,33,53,60,603,36180
201604113171640,NMB,57,59,61,602,36722
201604113171608,NMB,6,1,173,603,104319
201604113171605,NMB,6,1,114,603,68742
201604113171837,NMB,6,47,100,605,60500
201604113171836,NMB,6,22,50,605,30250
201604113171835,NMB,47,36,128,604,77312
201604113171808,NMB,47,52,500,604,302000
201604113171807,NMB,47,50,220,604,132880
201604113171653,NMB,1,44,276,604,166704
201604113171674,NMBSF1,6,40,2500,11,28375
201604113171670,NMBSF1,6,40,2500,11,28375
201604113171544,NTC,13,52,720,711,511920
201604113171543,NTC,13,52,380,711,270180
201604113171522,NTC,53,1,500,712,356000
201604113171575,NTC,3,1,960,712,683520
201604113171702,NUBL,41,45,100,1800,180000
201604113172007,PCBL,43,57,130,561,72930
201604113171989,PCBL,17,26,100,561,56100
201604113171970,PCBL,50,53,390,560,218400
201604113171969,PCBL,43,53,160,560,89600
201604113171961,PCBL,29,57,200,561,112200
201604113171904,PCBL,38,53,410,562,230420
201604113171681,PCBL,43,36,1040,561,583440
201604113171564,PCBL,21,36,200,561,112200
201604113171803,PCBL,38,53,90,562,50580
201604113171776,PCBL,17,5,90,561,50490
201604113171730,PCBL,43,14,140,560,78400
201604113171729,PCBL,46,14,1500,560,840000
201604113171728,PCBL,43,14,10,561,5610
201604113171684,PCBL,22,53,50,562,28100
201604113171965,PFL,32,17,350,314,109900
201604113171964,PFL,21,17,200,315,63000
201604113171963,PFL,29,17,500,316,158000
201604113171832,PICL,55,45,100,800,80000
201604113171734,PICL,11,45,100,795,79500
201604113171932,PLIC,35,7,100,1674,167400
201604113171924,PLIC,52,34,67,1675,112225
201604113171871,PLIC,35,47,100,1674,167400
201604113171825,PLIC,19,47,84,1674,140616
201604113171767,PLIC,35,14,100,1670,167000
201604113171588,PLIC,35,21,200,1670,334000
201604113171587,PLIC,35,17,60,1670,100200
201604113171750,PRIN,55,40,108,740,79920
201604113171672,PRIN,5,50,200,733,146600
201604113171665,PROFL,39,45,50,153,7650
201604113171755,RBBBL,50,29,26,237,6162
201604113171974,REDBL,38,26,100,383,38300
201604113171927,REDBL,38,26,900,383,344700
201604113171926,REDBL,38,33,500,382,191000
201604113171745,REDBL,36,33,200,382,76400
201604113171715,REDBL,36,26,1000,382,382000
201604113171714,REDBL,36,33,800,381,304800
201604113171614,REDBL,21,33,200,382,76400
201604113171916,RMDC,33,32,150,968,145200
201604113171537,SADBL,1,48,59,343,20237
201604113171937,SANIMA,33,26,190,800,152000
201604113171936,SANIMA,55,26,50,800,40000
201604113171935,SANIMA,45,26,130,800,104000
201604113171934,SANIMA,52,26,250,800,200000
201604113171933,SANIMA,10,26,200,801,160200
201604113171922,SANIMA,17,26,70,801,56070
201604113171604,SANIMA,45,16,70,803,56210
201604113171572,SANIMA,51,29,140,802,112280
201604113171571,SANIMA,13,29,50,802,40100
201604113171549,SANIMA,25,16,70,803,56210
201604113171548,SANIMA,11,16,150,803,120450
201604113171547,SANIMA,14,16,10,803,8030
201604113171667,SANIMA,42,53,61,801,48861
201604113171664,SANIMA,17,53,60,801,48060
201604113171663,SANIMA,42,53,150,801,120150
201604113171633,SANIMA,51,53,360,802,288720
201604113171632,SANIMA,40,53,500,803,401500
201604113171631,SANIMA,45,53,30,803,24090
201604113171921,SANIMA,17,26,40,801,32040
201604113171908,SANIMA,47,17,144,801,115344
201604113171907,SANIMA,47,42,200,801,160200
201604113171770,SANIMA,47,41,100,801,80100
201604113171740,SANIMA,32,19,520,802,417040
201604113171736,SANIMA,52,19,100,802,80200
201604113172000,SBI,55,38,100,1543,154300
201604113171968,SBI,55,28,100,1540,154000
201604113171967,SBI,8,28,200,1540,308000
201604113171859,SBI,8,55,300,1542,462600
201604113171814,SBI,55,28,100,1540,154000
201604113171795,SBI,55,28,100,1540,154000
201604113171554,SBI,55,55,100,1542,154200
201604113171553,SBI,55,28,400,1542,616800
201604113171519,SBI,45,28,100,1542,154200
201604113171794,SBI,6,28,200,1540,308000
201604113171793,SBI,36,28,60,1540,92400
201604113171792,SBI,11,28,50,1540,77000
201604113171791,SBI,41,28,100,1540,154000
201604113171790,SBI,5,28,100,1541,154100
201604113171765,SBI,42,55,100,1542,154200
201604113172005,SCB,6,32,30,3190,95700
201604113171920,SCB,57,3,50,3180,159000
201604113171919,SCB,54,3,100,3180,318000
201604113171901,SCB,54,57,100,3180,318000
201604113171900,SCB,55,57,30,3180,95400
201604113171899,SCB,38,57,60,3180,190800
201604113171828,SCB,26,40,100,3186,318600
201604113171827,SCB,26,40,50,3187,159350
201604113171775,SCB,14,32,10,3190,31900
201604113171602,SCB,57,16,71,3185,226135
201604113171584,SCB,26,3,100,3186,318600
201604113171580,SCB,11,8,190,3189,605910
201604113171898,SCB,25,57,10,3185,31850
201604113171895,SCB,25,39,90,3185,286650
201604113171894,SCB,25,39,60,3185,191100
201604113171862,SCB,14,52,197,3189,628233
201604113171830,SCB,25,40,40,3185,127400
201604113171829,SCB,32,40,10,3185,31850
201604113171749,SEOS,6,58,20000,11,218000
201604113171658,SEOS,6,58,20000,11,218000
201604113171940,SETI,51,29,55,325,17875
201604113171606,SEWA,57,40,55,343,18865
201604113171683,SHPC,13,13,200,866,173200
201604113171628,SHPC,13,25,130,866,112580
201604113171570,SHPC,13,50,20,866,17320
201604113171994,SICL,58,44,22,1760,38720
201604113171980,SICL,58,44,22,1760,38720
201604113171979,SICL,58,44,22,1760,38720
201604113171959,SICL,36,39,13,1751,22763
201604113171948,SICL,36,39,13,1751,22763
201604113171946,SICL,48,44,22,1760,38720
201604113171733,SICL,28,44,22,1760,38720
201604113171727,SICL,28,44,22,1760,38720
201604113171726,SICL,28,44,22,1760,38720
201604113171718,SICL,28,44,22,1760,38720
201604113171716,SICL,28,44,22,1760,38720
201604113171709,SICL,28,44,22,1760,38720
201604113171751,SICL,28,44,22,1760,38720
201604113171744,SICL,28,44,22,1760,38720
201604113171743,SICL,28,44,22,1760,38720
201604113171741,SICL,28,44,22,1760,38720
201604113171737,SICL,28,44,22,1760,38720
201604113171905,SICL,40,44,22,1761,38742
201604113171869,SICL,58,44,22,1760,38720
201604113171868,SICL,58,44,22,1760,38720
201604113171860,SICL,40,44,22,1760,38720
201604113171941,SICL,17,17,19,1770,33630
201604113171928,SICL,48,44,22,1760,38720
201604113171915,SICL,58,44,22,1760,38720
201604113171912,SICL,58,44,22,1760,38720
201604113171773,SKBBL,28,51,110,1795,197450
201604113171677,SKBBL,35,55,500,1788,894000
201604113171569,SKBBL,42,55,500,1780,890000
201604113171566,SKBBL,42,17,136,1780,242080
201604113171551,SKBBL,42,1,10,1775,17750
201604113171987,SRBL,51,33,100,542,54200
201604113171897,SRBL,43,53,200,541,108200
201604113171762,SRBL,56,1,100,543,54300
201604113171757,SRBL,56,52,71,542,38482
201604113171752,SRBL,56,5,57,541,30837
201604113171735,SRBL,56,5,57,541,30837
201604113171668,SRBL,56,11,35,541,18935
201604113171597,SRBL,45,36,104,540,56160
201604113171864,SWBBL,47,6,60,2396,143760
201604113171710,SWBBL,42,56,100,2400,240000
201604113171582,SWBBL,42,21,300,2400,720000
201604113171545,SWBBL,47,40,20,2405,48100
201604113171616,TBBL,43,49,140,310,43400
201604113171615,TBBL,10,49,200,310,62000
201604113171774,UIC,53,49,100,817,81700
201604113171747,UIC,5,49,150,817,122550
201604113171746,UIC,32,49,50,818,40900
201604113171738,UIC,5,5,350,817,285950
201604113171520,UIC,40,49,100,820,82000
201604113171541,UIC,6,6,334,819,273546
201604113171523,UIC,5,49,100,820,82000
201604113172002,VLBS,32,26,200,1350,270000
201604113171610,VLBS,26,26,41,1345,55145
201604113171609,VLBS,26,41,10,1344,13440
201604113171954,YETI,46,29,11,195,2145
201604113171923,YETI,46,29,100,195,19500
201604113171603,YETI,4,21,800,196,156800
201604113171381,ACEDBL,35,38,1000,380,380000
201604113171336,ACEDBL,34,34,118,375,44250
201604113171331,ACEDBL,8,33,1000,374,374000
201604113171380,ACEDBL,35,52,100,379,37900
201604113171324,ADBL,6,49,59,575,33925
201604113171340,AHPC,39,39,90,308,27720
201604113171146,AHPC,42,56,440,305,134200
201604113171107,AHPC,7,38,140,305,42700
201604113171106,AHPC,1,38,200,306,61200
201604113171105,AHPC,32,38,100,308,30800
201604113171473,API,41,29,26,670,17420
201604113171462,API,43,29,26,671,17446
201604113171455,API,41,29,26,670,17420
201604113171443,API,17,29,26,671,17446
201604113171433,API,17,29,200,671,134200
201604113171424,API,17,29,26,671,17446
201604113171013,API,5,34,42,675,28350
201604113171008,API,5,20,16,674,10784
201604113171006,API,5,20,16,674,10784
201604113171175,API,52,45,500,676,338000
201604113171174,API,32,11,26,675,17550
201604113171170,API,32,13,26,675,17550
201604113171164,API,32,21,16,675,10800
201604113171160,API,32,21,16,675,10800
201604113171018,API,5,52,16,675,10800
201604113171357,API,20,36,16,672,10752
201604113171352,API,32,36,16,672,10752
201604113171327,API,21,58,26,675,17550
201604113171311,API,17,58,26,675,17550
201604113171307,API,21,58,26,675,17550
201604113171216,API,43,11,26,675,17550
201604113171417,API,17,36,16,672,10752
201604113171416,API,17,36,16,672,10752
201604113171413,API,17,36,16,672,10752
201604113171412,API,41,29,26,670,17420
201604113171411,API,17,36,16,672,10752
201604113171395,API,13,49,54,671,36234
201604113171226,BGDBL,11,6,200,317,63400
201604113171047,BPCL,11,38,212,608,128896
201604113171461,CBBL,21,34,18,1801,32418
201604113171303,CBBL,58,6,100,1806,180600
201604113171062,CBBL,41,6,100,1800,180000
201604113171499,CCBL,58,38,500,370,185000
201604113171453,CCBL,34,14,322,371,119462
201604113171335,CCBL,36,29,94,372,34968
201604113171129,CCBL,36,52,398,371,147658
201604113171274,CHCL,34,21,100,1320,132000
201604113171265,CHCL,34,16,75,1319,98925
201604113171252,CHCL,34,39,478,1319,630482
201604113171251,CHCL,34,13,100,1318,131800
201604113171250,CHCL,34,17,300,1317,395100
201604113171035,CHCL,52,49,90,1315,118350
201604113171142,CIT,32,34,96,4310,413760
201604113171139,CIT,32,38,94,4309,405046
201604113171137,CIT,32,19,68,4305,292740
201604113171214,CNDBL,40,45,200,211,42200
201604113171485,CZBIL,16,58,150,724,108600
201604113171483,CZBIL,48,29,14,723,10122
201604113171472,CZBIL,16,58,500,724,362000
201604113171470,CZBIL,10,58,150,724,108600
201604113171468,CZBIL,17,58,200,724,144800
201604113171436,CZBIL,37,29,810,724,586440
201604113171260,CZBIL,7,49,500,723,361500
201604113171209,CZBIL,6,58,300,724,217200
201604113171136,CZBIL,40,58,250,724,181000
201604113171100,CZBIL,20,26,53,723,38319
201604113171431,CZBIL,1,26,80,723,57840
201604113171402,CZBIL,33,29,70,724,50680
201604113171399,CZBIL,29,14,694,722,501068
201604113171343,CZBIL,33,58,30,724,21720
201604113171342,CZBIL,29,58,100,724,72400
201604113171264,CZBIL,20,58,150,724,108600
201604113171498,DBBL,57,44,1000,225,225000
201604113171309,DBBL,41,39,180,224,40320
201604113171189,DBBL,49,44,2000,225,450000
201604113171188,DBBL,43,44,200,225,45000
201604113171187,DBBL,39,44,100,226,22600
201604113171173,DBBL,45,44,300,228,68400
201604113171167,DBBL,49,25,546,227,123942
201604113171110,DBBL,45,59,1000,228,228000
201604113171495,EBL,50,32,30,2788,83640
201604113171369,EBL,50,4,131,2789,365359
201604113171163,EBLCP,10,17,30,1567,47010
201604113171083,EBLCP,10,17,10,1537,15370
201604113171021,EBLCP,10,26,20,1507,30140
201604113171145,EDBL,33,37,700,560,392000
201604113171190,EIC,41,47,33,1221,40293
201604113171093,EIC,41,29,380,1221,463980
201604113171092,EIC,32,29,100,1230,123000
201604113171091,EIC,10,29,20,1235,24700
201604113171295,FBBL,22,42,347,392,136024
201604113171060,FBBL,11,21,500,398,199000
201604113171059,FBBL,11,52,500,398,199000
201604113171405,FMDBL,41,13,59,1150,67850
201604113171391,FMDBL,35,50,400,1149,459600
201604113171162,FMDBL,45,36,500,1140,570000
201604113171161,FMDBL,7,36,100,1141,114100
201604113171379,GBBL,32,6,100,346,34600
201604113171378,GBBL,32,56,400,345,138000
201604113171359,GBBL,58,55,300,345,103500
201604113171358,GBBL,58,39,168,344,57792
201604113171291,GBBL,16,55,100,343,34300
201604113171290,GBBL,14,55,200,343,68600
201604113171050,GBBL,36,17,450,344,154800
201604113171049,GBBL,41,17,50,345,17250
201604113171258,GBBL,14,22,500,343,171500
201604113171241,GBBL,29,22,200,344,68800
201604113171240,GBBL,36,22,340,344,116960
201604113171227,GBBL,36,39,60,344,20640
201604113171108,GBBL,43,40,72,345,24840
201604113171085,GBBL,43,32,60,345,20700
201604113171497,GBIME,26,29,205,479,98195
201604113171448,GBIME,25,38,100,478,47800
201604113171356,GBIME,28,6,479,479,229441
201604113171355,GBIME,28,6,500,479,239500
201604113171320,GBIME,6,6,1000,479,479000
201604113171289,GBIME,49,11,38,480,18240
201604113171111,GBIME,46,46,11,479,5269
201604113171086,GBIME,26,17,170,478,81260
201604113171069,GBIME,6,6,3000,476,1428000
201604113171204,GBIME,5,4,191,480,91680
201604113171201,GBIME,42,19,492,479,235668
201604113171200,GBIME,42,19,615,479,294585
201604113171172,GBIME,28,22,370,478,176860
201604113171171,GBIME,28,6,650,478,310700
201604113171140,GBIME,26,22,130,478,62140
201604113171288,GBIME,49,11,180,480,86400
201604113171287,GBIME,49,34,150,480,72000
201604113171286,GBIME,49,51,20,480,9600
201604113171273,GBIME,49,39,86,479,41194
201604113171219,GBIME,5,51,80,480,38400
201604113171218,GBIME,5,19,20,480,9600
201604113171481,HBL,42,42,450,1290,580500
201604113171480,HBL,42,1,50,1290,64500
201604113171479,HBL,58,48,204,1290,263160
201604113171478,HBL,58,54,900,1290,1161000
201604113171467,HBL,42,39,185,1289,238465
201604113171466,HBL,42,47,200,1289,257800
201604113171465,HBL,42,54,300,1288,386400
201604113171221,HBL,57,17,195,1285,250575
201604113171220,HBL,57,54,200,1285,257000
201604113171505,ILFCM,26,22,10,1170,11700
201604113171360,ILFCM,43,56,10,1164,11640
201604113171159,ILFCM,6,56,10,1164,11640
201604113171079,ILFCM,1,1,10,1152,11520
201604113171077,ILFCM,1,1,10,1152,11520
201604113171074,ILFCM,43,1,10,1155,11550
201604113171072,ILFCM,43,1,10,1155,11550
201604113171215,JEFL,29,40,100,189,18900
201604113171207,JEFL,29,39,50,189,9450
201604113171206,JEFL,29,17,50,189,9450
201604113171205,JEFL,29,55,500,189,94500
201604113171156,JEFL,29,17,50,186,9300
201604113171155,JEFL,29,11,100,186,18600
201604113171154,JEFL,29,25,200,186,37200
201604113171153,JEFL,29,37,500,185,92500
201604113171118,JEFL,28,55,500,184,92000
201604113171117,JEFL,28,1,200,184,36800
201604113171430,KCDBL,17,17,40,218,8720
201604113171429,KCDBL,39,17,20,218,4360
201604113171428,KCDBL,22,17,50,219,10950
201604113171451,KDBL,41,36,200,250,50000
201604113171440,KDBL,21,22,30,248,7440
201604113171415,KDBL,45,36,500,250,125000
201604113171409,KDBL,45,36,150,250,37500
201604113171375,KDBL,47,55,292,249,72708
201604113171317,KDBL,22,36,50,250,12500
201604113171257,KDBL,6,20,50,252,12600
201604113171151,KDBL,29,20,10,253,2530
201604113171477,LBL,45,21,40,640,25600
201604113171476,LBL,45,59,200,640,128000
201604113171475,LBL,45,11,60,640,38400
201604113171474,LBL,45,22,200,639,127800
201604113171414,LBL,48,43,41,636,26076
201604113171469,LFLC,39,1,10,229,2290
201604113171435,LFLC,20,1,10,225,2250
201604113171333,LGIL,17,58,450,735,330750
201604113171194,LLBS,57,26,10,2350,23500
201604113171193,LLBS,57,48,10,2350,23500
201604113171192,LLBS,57,48,10,2350,23500
201604113171191,LLBS,57,5,30,2340,70200
201604113171231,LVF1,45,10,5000,11,52700
201604113171225,LVF1,6,10,19297,11,203583
201604113171090,MBBL,48,48,143,316,45188
201604113171084,MBBL,48,39,14,316,4424
201604113171014,MBBL,48,50,250,305,76250
201604113171010,MBBL,48,29,71,301,21371
201604113171030,MBBL,48,39,100,312,31200
201604113171024,MBBL,48,35,629,312,196248
201604113171023,MBBL,48,16,100,312,31200
201604113171020,MBBL,48,39,50,306,15300
201604113171019,MBBL,48,5,500,306,153000
201604113171302,MIDBL,7,18,500,474,237000
201604113171301,MIDBL,7,26,54,474,25596
201604113171157,MIDBL,7,39,80,474,37920
201604113171057,MIDBL,7,39,40,473,18920
201604113171056,MIDBL,7,39,100,472,47200
201604113171055,MIDBL,7,26,10,471,4710
201604113171138,MNBBL,13,26,500,880,440000
201604113171125,MNBBL,48,29,110,876,96360
201604113171124,MNBBL,19,29,100,877,87700
201604113171123,MNBBL,33,29,190,878,166820
201604113171122,MNBBL,41,29,50,880,44000
201604113171121,MNBBL,41,29,50,880,44000
201604113171120,MNBBL,41,14,150,880,132000
201604113171452,NABIL,47,38,100,2088,208800
201604113171447,NABIL,47,20,190,2088,396720
201604113171439,NABIL,47,20,22,2088,45936
201604113171434,NABIL,3,56,184,2087,384008
201604113171420,NABIL,8,20,300,2087,626100
201604113171419,NABIL,1,20,110,2088,229680
201604113171370,NABIL,1,52,40,2094,83760
201604113171152,NABIL,29,56,39,2086,81354
201604113171503,NABILP,3,35,500,1579,789500
201604113171184,NABILP,40,28,23,1560,35880
201604113171181,NABILP,4,47,55,1565,86075
201604113171423,NBB,49,45,250,552,138000
201604113171325,NBB,5,11,182,557,101374
201604113171066,NBB,49,17,1570,545,855650
201604113171061,NBB,49,22,455,545,247975
201604113171048,NBB,54,45,20,544,10880
201604113171038,NBB,54,45,500,544,272000
201604113171032,NBB,54,45,500,544,272000
201604113171127,NBB,54,21,200,550,110000
201604113171114,NBB,38,6,100,550,55000
201604113171109,NBB,5,34,100,550,55000
201604113171101,NBB,5,26,18,548,9864
201604113171080,NBB,13,21,200,547,109400
201604113171067,NBB,49,17,1000,545,545000
201604113171144,NBB,5,34,900,553,497700
201604113171141,NBB,5,25,27,552,14904
201604113171133,NBB,5,22,200,550,110000
201604113171131,NBB,5,6,50,550,27500
201604113171130,NBB,10,6,200,550,110000
201604113171128,NBB,54,6,343,550,188650
201604113171294,NBB,54,5,26,558,14508
201604113171244,NBB,13,17,100,555,55500
201604113171243,NBB,13,32,180,555,99900
201604113171228,NBB,13,19,226,555,125430
201604113171247,NBBL,17,17,20,3200,64000
201604113171158,NBBL,47,39,13,3200,41600
201604113171371,NBF1,26,26,2398,16,37769
201604113171029,NBF1,13,21,1797,16,28123
201604113171365,NBL,33,25,2000,407,814000
201604113171168,NBL,43,47,670,406,272020
201604113171094,NBL,25,47,1000,406,406000
201604113171076,NBL,8,47,950,406,385700
201604113171075,NBL,34,47,50,406,20300
201604113171068,NBL,29,25,30,407,12210
201604113171387,NHPC,10,25,1000,174,174000
201604113171386,NHPC,10,21,2630,174,457620
201604113171385,NHPC,10,35,820,174,142680
201604113171384,NHPC,10,21,1000,174,174000
201604113171383,NHPC,10,34,500,174,87000
201604113171382,NHPC,10,34,500,174,87000
201604113171223,NHPC,22,21,500,173,86500
201604113171025,NHPC,18,20,200,174,34800
201604113171449,NIB,25,13,153,1084,165852
201604113171388,NIB,22,22,790,1085,857150
201604113171353,NIB,29,22,90,1086,97740
201604113171230,NIB,22,42,794,1084,860696
201604113171222,NIB,3,45,620,1085,672700
201604113171198,NIB,25,45,50,1085,54250
201604113171011,NIB,3,39,200,1085,217000
201604113171197,NIB,1,45,100,1085,108500
201604113171196,NIB,17,45,20,1085,21700
201604113171195,NIB,52,45,100,1086,108600
201604113171177,NIB,14,56,200,1086,217200
201604113171143,NIB,3,42,100,1086,108600
201604113171012,NIB,3,33,200,1088,217600
201604113171438,NIBPO,44,44,1500,919,1378500
201604113171377,NIBPO,33,59,720,925,666000
201604113171376,NIBPO,33,32,150,924,138600
201604113171354,NIBPO,57,59,250,925,231250
201604113171347,NIBPO,32,59,30,925,27750
201604113171346,NIBPO,44,44,1000,919,919000
201604113171332,NIBPO,45,32,300,925,277500
201604113171103,NIBPO,21,41,40,920,36800
201604113171422,NIBSF1,6,11,4000,10,41600
201604113171390,NIBSF1,6,11,4000,10,41600
201604113171366,NIBSF1,17,11,4000,10,41600
201604113171323,NIBSF1,17,11,4000,10,41600
201604113171040,NIBSF1,17,10,1000,10,10400
201604113171344,NICA,51,36,40,777,31080
201604113171321,NICA,17,36,30,777,23310
201604113171297,NICA,45,45,274,777,212898
201604113171169,NICA,22,36,150,777,116550
201604113171081,NICA,45,39,1000,777,777000
201604113171051,NICA,22,56,63,777,48951
201604113171281,NICL,25,13,100,691,69100
201604113171037,NICL,17,38,267,695,185565
201604113171315,NIL,47,56,50,1084,54200
201604113171504,NLBBL,39,29,10,2230,22300
201604113171052,NLBBL,39,21,20,2230,44600
201604113171308,NLIC,58,44,69,3600,248400
201604113171304,NLIC,58,20,12,3600,43200
201604113171249,NLIC,14,25,10,3600,36000
201604113171248,NLIC,11,25,10,3605,36050
201604113171115,NLIC,59,39,500,3600,1800000
201604113171028,NLIC,53,45,192,3590,689280
201604113171464,NLICL,53,58,100,2670,267000
201604113171437,NLICL,34,58,300,2670,801000
201604113171426,NLICL,34,45,100,2670,267000
201604113171261,NLICL,55,48,11,2670,29370
201604113171256,NLICL,55,48,140,2670,373800
201604113171255,NLICL,56,48,100,2670,267000
201604113171254,NLICL,4,48,60,2670,160200
201604113171253,NLICL,19,48,90,2671,240390
201604113171134,NLICL,54,28,30,2672,80160
201604113171039,NLICL,8,50,600,2673,1603800
201604113171027,NLICL,34,29,102,2672,272544
201604113171016,NLICL,19,29,100,2675,267500
201604113171502,NMB,35,38,639,603,385317
201604113171427,NMB,29,1,50,602,30100
201604113171263,NMB,5,52,100,603,60300
201604113171262,NMB,43,52,100,603,60300
201604113171208,NMB,49,58,10000,600,6000000
201604113171203,NMB,5,7,83,603,50049
201604113171065,NMB,8,32,874,600,524400
201604113171054,NMB,16,32,732,600,439200
201604113171442,NMBSF1,6,11,3132,11,35548
201604113171398,NMBSF1,6,11,5000,11,56750
201604113171351,NMBSF1,6,11,5000,11,56750
201604113171330,NMBSF1,6,11,5000,11,56750
201604113171400,NTC,45,45,80,714,57120
201604113171350,NTC,3,11,100,715,71500
201604113171349,NTC,3,3,50,715,35750
201604113171319,NTC,45,43,200,714,142800
201604113171044,NTC,53,48,1290,714,921060
201604113171318,NTC,45,43,200,714,142800
201604113171150,NTC,13,36,120,712,85440
201604113171126,NUBL,28,14,193,1800,347400
201604113171441,PCBL,21,29,100,561,56100
201604113171404,PCBL,43,32,159,560,89040
201604113171367,PCBL,44,48,150,560,84000
201604113171306,PCBL,43,22,500,560,280000
201604113171305,PCBL,34,22,300,560,168000
201604113171235,PCBL,34,53,35,560,19600
201604113171176,PCBL,34,29,400,561,224400
201604113171135,PCBL,34,42,100,561,56100
201604113171113,PCBL,36,53,500,562,281000
201604113171087,PCBL,33,39,100,561,56100
201604113171022,PCBL,34,56,600,561,336600
201604113171445,PFL,41,45,200,318,63600
201604113171444,PFL,21,45,100,318,31800
201604113171300,PIC,59,1,200,1240,248000
201604113171299,PIC,59,54,50,1240,62000
201604113171266,PIC,32,59,10,1224,12240
201604113171102,PIC,53,53,10000,1200,12000000
201604113171432,PICL,45,45,100,799,79900
201604113171116,PICL,49,49,200,800,160000
201604113171298,PLIC,19,16,13,1660,21580
201604113171280,PLIC,14,16,13,1661,21593
201604113171271,PLIC,19,57,100,1660,166000
201604113171180,PLIC,35,38,208,1668,346944
201604113171179,PLIC,35,46,100,1665,166500
201604113171471,PRDBL,1,35,11,216,2376
201604113171460,PRDBL,17,35,11,216,2376
201604113171211,PRDBL,43,39,22,214,4708
201604113171217,PRDBL,1,40,22,216,4752
201604113171283,PRDBL,43,39,22,216,4752
201604113171345,PRIN,26,10,127,734,93218
201604113171088,PURBL,19,32,150,394,59100
201604113171310,RBBBL,50,39,85,241,20485
201604113171312,REDBL,58,33,1000,380,380000
201604113171213,REDBL,58,26,2000,380,760000
201604113171199,REDBL,58,33,1000,380,380000
201604113171147,REDBL,58,33,1000,380,380000
201604113171043,REDBL,58,33,1000,380,380000
201604113171500,RHPC,19,41,85,426,36210
201604113171112,RHPC,46,46,11,426,4686
201604113171099,RHPC,19,46,12,426,5112
201604113171097,RHPC,46,46,12,426,5112
201604113171095,RHPC,19,46,11,426,4686
201604113171036,RHPC,16,6,92,426,39192
201604113171015,RHPC,16,6,200,426,85200
201604113171425,RMDC,33,14,100,975,97500
201604113171418,RMDC,33,32,158,974,153892
201604113171410,RMDC,33,32,10,970,9700
201604113171394,RMDC,50,32,200,970,194000
201604113171393,RMDC,44,32,10,970,9700
201604113171392,RMDC,16,32,30,971,29130
201604113171149,SADBL,29,48,106,350,37100
201604113171064,SADBL,7,48,56,347,19432
201604113171053,SADBL,21,48,50,350,17500
201604113171282,SAFL,56,38,200,298,59600
201604113171210,SAFL,56,32,310,297,92070
201604113171408,SANIMA,14,26,20,803,16060
201604113171314,SANIMA,29,4,200,804,160800
201604113171236,SANIMA,48,25,50,803,40150
201604113171183,SANIMA,28,4,20,805,16100
201604113171119,SANIMA,13,42,100,802,80200
201604113171456,SBI,1,28,150,1542,231300
201604113171341,SBI,41,28,200,1542,308400
201604113171316,SBI,33,28,200,1542,308400
201604113171259,SBI,48,51,20,1542,30840
201604113171132,SBI,8,28,200,1544,308800
201604113171063,SBI,8,28,250,1544,386000
201604113171046,SBI,8,8,200,1544,308800
201604113171045,SBI,8,4,50,1543,77150
201604113171009,SBI,41,6,100,1540,154000
201604113171348,SCB,45,1,10,3185,31850
201604113171322,SETI,51,39,60,328,19680
201604113171482,SEWA,57,57,500,345,172500
201604113171058,SEWA,22,11,140,344,48160
201604113171446,SHL,39,39,100,341,34100
201604113171246,SHL,22,5,100,336,33600
201604113171238,SHL,19,5,200,336,67200
201604113171237,SHL,19,5,200,336,67200
201604113171492,SHPC,13,50,100,866,86600
201604113171491,SHPC,13,50,150,866,129900
201604113171490,SHPC,13,50,100,866,86600
201604113171489,SHPC,45,50,50,866,43300
201604113171488,SHPC,13,50,100,867,86700
201604113171459,SICL,58,17,100,1765,176500
201604113171458,SICL,58,25,87,1764,153468
201604113171389,SICL,36,39,59,1754,103486
201604113171033,SICL,53,44,22,1751,38522
201604113171031,SICL,58,44,22,1750,38500
201604113171026,SICL,53,44,22,1751,38522
201604113171017,SICL,58,44,22,1750,38500
201604113171098,SICL,36,44,22,1751,38522
201604113171096,SICL,36,44,22,1751,38522
201604113171089,SICL,36,44,22,1751,38522
201604113171082,SICL,36,44,22,1751,38522
201604113171078,SICL,53,44,22,1752,38544
201604113171073,SICL,25,44,22,1753,38566
201604113171202,SICL,36,44,22,1751,38522
201604113171186,SICL,25,17,100,1752,175200
201604113171185,SICL,53,17,50,1752,87600
201604113171148,SICL,53,44,22,1755,38610
201604113171104,SICL,58,44,22,1750,38500
201604113171272,SICL,58,44,22,1750,38500
201604113171270,SICL,58,44,22,1750,38500
201604113171269,SICL,58,44,22,1750,38500
201604113171268,SICL,36,44,22,1751,38522
201604113171267,SICL,36,44,22,1751,38522
201604113171279,SICL,58,44,22,1750,38500
201604113171278,SICL,58,39,17,1750,29750
201604113171277,SICL,53,44,22,1752,38544
201604113171276,SICL,53,17,100,1752,175200
201604113171275,SICL,58,44,22,1750,38500
201604113171361,SICL,14,44,22,1750,38500
201604113171292,SICL,53,42,300,1753,525900
201604113171285,SICL,58,44,22,1750,38500
201604113171284,SICL,58,39,17,1750,29750
201604113171372,SICL,14,44,22,1750,38500
201604113171368,SICL,14,44,22,1750,38500
201604113171364,SICL,14,44,22,1750,38500
201604113171363,SICL,14,44,22,1750,38500
201604113171362,SICL,14,39,17,1750,29750
201604113171239,SIL,47,41,50,1259,62950
201604113171337,SKBBL,28,44,100,1780,178000
201604113171242,SKBBL,17,55,100,1775,177500
201604113171182,SKBBL,21,57,95,1765,167675
201604113171501,SRBL,45,8,178,540,96120
201604113171339,SRBL,45,25,500,542,271000
201604113171338,SRBL,45,21,500,542,271000
201604113171329,SRBL,45,51,100,540,54000
201604113171328,SRBL,45,58,500,540,270000
201604113171326,SRBL,45,34,867,540,468180
201604113171212,SRBL,45,26,50,536,26800
201604113171245,SRBL,33,58,500,540,270000
201604113171234,SRBL,33,54,398,540,214920
201604113171233,SRBL,33,58,500,539,269500
201604113171232,SRBL,33,44,850,539,458150
201604113171229,SRBL,56,49,690,538,371220
201604113171224,SRBL,56,29,127,537,68199
201604113171496,SWBBL,42,7,100,2400,240000
201604113171494,SWBBL,17,55,293,2400,703200
201604113171487,SWBBL,17,47,67,2400,160800
201604113171034,SWBBL,45,47,100,2400,240000
201604113171493,TBBL,56,26,35,306,10710
201604113171486,TBBL,58,26,35,307,10745
201604113171484,TBBL,43,26,35,308,10780
201604113171421,TBBL,14,22,41,308,12628
201604113171070,UFCL,46,1,207,130,26910
201604113171007,UFIL,14,35,11,223,2453
201604113171374,UIC,11,5,50,820,41000
201604113171373,UIC,40,5,100,820,82000
201604113171401,VLBS,44,26,200,1340,268000
201604113171397,VLBS,44,26,200,1340,268000
201604113171313,WDBL,34,32,268,375,100500
201604113171296,WDBL,38,39,11,375,4125
201604113171293,WDBL,21,39,50,371,18550
201604113171041,WDBL,34,40,15,375,5625
201604113171463,YETI,57,48,44,200,8800
201604113171178,YETI,57,48,450,200,90000
201604113170543,ACEDBL,34,39,157,374,58718
201604113170535,ACEDBL,34,33,1000,370,370000
201604113170557,ACEDBL,34,39,250,374,93500
201604113170734,ACEDBL,34,33,1000,375,375000
201604113170833,ADBL,6,1,14,573,8022
201604113170823,ADBL,17,56,100,575,57500
201604113170600,ADBL,41,56,100,575,57500
201604113170518,ADBL,17,56,100,575,57500
201604113170909,AHPC,5,19,46,308,14168
201604113170861,AHPC,5,40,499,307,153193
201604113170555,AHPC,1,18,46,309,14214
201604113170845,ALDBL,7,49,250,522,130500
201604113170825,ALDBL,17,49,150,522,78300
201604113170815,ALDBL,7,49,100,525,52500
201604113170999,API,5,20,16,674,10784
201604113170811,API,32,44,500,668,334000
201604113170786,API,32,42,100,670,67000
201604113170756,API,32,34,156,670,104520
201604113170753,API,32,26,13,670,8710
201604113170750,API,32,26,13,670,8710
201604113170640,API,13,34,30,670,20100
201604113170584,API,29,33,26,670,17420
201604113170746,API,32,26,29,670,19430
201604113170698,API,47,14,26,667,17342
201604113170694,API,13,14,26,667,17342
201604113170643,API,29,34,30,670,20100
201604113170642,API,13,34,30,670,20100
201604113170641,API,13,34,30,670,20100
201604113170917,ARDBL,32,32,1000,256,256000
201604113170760,ARDBL,17,52,150,258,38700
201604113170976,CCBL,57,19,450,371,166950
201604113170942,CCBL,57,51,200,370,74000
201604113170941,CCBL,42,51,100,370,37000
201604113170938,CCBL,57,6,120,370,44400
201604113170930,CCBL,57,59,292,370,108040
201604113170928,CCBL,42,59,42,370,15540
201604113170736,CCBL,48,59,42,370,15540
201604113170593,CCBL,48,7,42,370,15540
201604113170757,CCBL,13,38,42,368,15456
201604113170751,CCBL,34,59,33,369,12177
201604113170745,CCBL,6,59,96,369,35424
201604113170740,CCBL,49,59,42,369,15498
201604113170738,CCBL,42,59,292,369,107748
201604113170919,CCBL,57,59,292,370,108040
201604113170918,CCBL,42,59,42,370,15540
201604113170881,CCBL,48,6,91,370,33670
201604113170978,CHCL,11,19,100,1316,131600
201604113170960,CHCL,8,29,150,1311,196650
201604113170934,CHCL,47,29,500,1311,655500
201604113170925,CHCL,8,10,62,1315,81530
201604113170916,CHCL,8,7,85,1315,111775
201604113170798,CHCL,16,19,521,1315,685115
201604113170979,CIT,14,25,20,4300,86000
201604113170974,CIT,14,51,97,4300,417100
201604113170876,CIT,32,45,50,4300,215000
201604113171002,CZBIL,45,42,2000,720,1440000
201604113170857,CZBIL,14,58,100,725,72500
201604113170856,CZBIL,50,58,70,725,50750
201604113170841,CZBIL,14,7,100,725,72500
201604113170660,CZBIL,45,58,300,725,217500
201604113170659,CZBIL,43,42,500,725,362500
201604113170509,CZBIL,50,42,800,725,580000
201604113170508,CZBIL,53,42,150,725,108750
201604113170583,CZBIL,48,16,198,725,143550
201604113170567,CZBIL,48,42,500,725,362500
201604113170566,CZBIL,48,16,300,724,217200
201604113170560,CZBIL,26,28,25,721,18025
201604113170548,CZBIL,55,16,100,723,72300
201604113170547,CZBIL,33,16,100,723,72300
201604113170649,CZBIL,48,16,160,726,116160
201604113170616,CZBIL,29,42,500,726,363000
201604113170607,CZBIL,48,42,500,726,363000
201604113170603,CZBIL,48,28,25,726,18150
201604113170597,CZBIL,48,7,95,725,68875
201604113170587,CZBIL,48,42,500,725,362500
201604113170837,DBBL,39,16,100,226,22600
201604113170721,DBBL,49,14,1000,227,227000
201604113170945,DDBL,45,45,130,2601,338130
201604113170842,DDBL,56,28,50,2615,130750
201604113170836,DDBL,44,8,100,2600,260000
201604113170822,DDBL,35,28,50,2610,130500
201604113170821,DDBL,35,45,150,2610,391500
201604113170813,DDBL,58,45,50,2610,130500
201604113170605,DDBL,45,45,70,2620,183400
201604113170812,DDBL,58,45,50,2610,130500
201604113170719,DDBL,55,45,100,2610,261000
201604113170718,DDBL,51,45,50,2610,130500
201604113170714,DDBL,55,14,100,2610,261000
201604113170673,DDBL,51,28,50,2610,130500
201604113170647,DDBL,44,28,50,2600,130000
201604113170982,EBL,50,22,50,2790,139500
201604113170967,EBL,17,44,50,2785,139250
201604113170838,FBBL,11,20,88,395,34760
201604113170536,FBBL,47,14,222,395,87690
201604113170519,FMDBL,16,36,1000,1140,1140000
201604113171000,GBBL,32,26,100,346,34600
201604113170972,GBBL,41,51,150,345,51750
201604113170965,GBBL,45,49,484,345,166980
201604113170880,GBBL,36,49,150,344,51600
201604113170855,GBBL,6,49,100,344,34400
201604113170840,GBBL,40,40,220,344,75680
201604113170827,GBBL,14,57,500,343,171500
201604113170784,GBBL,42,40,168,345,57960
201604113170937,GBIME,42,6,960,479,459840
201604113170885,GBIME,42,58,1000,479,479000
201604113170844,GBIME,26,20,100,478,47800
201604113170809,GBIME,42,29,300,479,143700
201604113170800,GBIME,5,6,40,480,19200
201604113170799,GBIME,5,52,360,480,172800
201604113170545,GBIME,43,6,138,477,65826
201604113170530,GBIME,43,6,54,476,25704
201604113170511,GBIME,43,38,47,477,22419
201604113170510,GBIME,43,28,20,476,9520
201604113170685,GBIME,45,13,20,476,9520
201604113170655,GBIME,43,13,160,476,76160
201604113170622,GBIME,43,35,39,476,18564
201604113170612,GBIME,53,13,13,476,6188
201604113170596,GBIME,43,7,21,476,9996
201604113170564,GBIME,43,28,29,476,13804
201604113170758,GBIME,5,6,500,477,238500
201604113170755,GBIME,5,1,414,477,197478
201604113170716,GBIME,45,33,100,476,47600
201604113170707,GBIME,45,35,39,476,18564
201604113170702,GBIME,43,13,10,476,4760
201604113170689,GBIME,49,6,1000,476,476000
201604113170777,GBIME,5,29,94,479,45026
201604113170776,GBIME,5,25,500,479,239500
201604113170775,GBIME,5,5,196,479,93884
201604113170767,GBIME,5,1,62,478,29636
201604113170764,GBIME,5,57,64,478,30592
201604113170759,GBIME,5,21,300,477,143100
201604113170792,GBIME,5,45,31,480,14880
201604113170790,GBIME,5,47,369,480,177120
201604113170789,GBIME,5,25,350,480,168000
201604113170785,GBIME,5,26,55,480,26400
201604113170781,GBIME,5,17,346,480,166080
201604113170779,GBIME,5,13,246,480,118080
201604113170887,GDBL,32,26,126,354,44604
201604113170733,GLICL,16,6,90,675,60750
201604113170732,GLICL,16,36,50,675,33750
201604113170816,HBL,56,6,10,1276,12760
201604113170766,HBL,56,57,160,1276,204160
201604113170654,ICFC,36,36,1000,251,251000
201604113170602,ICFC,1,1,200,251,50200
201604113170953,ILFCM,6,33,15,1156,17340
201604113170948,ILFCM,45,33,15,1157,17355
201604113170940,JEFL,32,59,200,183,36600
201604113170882,JEFL,32,1,100,183,18300
201604113170807,JFL,56,38,127,321,40767
201604113170522,KDBL,28,17,500,253,126500
201604113170765,KMCDB,32,38,10,1620,16200
201604113170674,LBL,43,25,40,640,25600
201604113170517,LBL,42,25,300,640,192000
201604113170729,LGIL,53,58,500,740,370000
201604113170610,LGIL,17,26,44,735,32340
201604113170695,LICN,45,48,50,3655,182750
201604113170506,LICN,13,13,20,3650,73000
201604113171005,MBBL,48,41,500,300,150000
201604113171004,MBBL,48,48,820,300,246000
201604113171003,MBBL,48,50,980,300,294000
201604113170998,MBBL,48,22,20,299,5980
201604113170995,MBBL,48,1,214,298,63772
201604113170994,MBBL,48,16,600,296,177600
201604113170747,MBBL,39,5,300,294,88200
201604113170966,MIDBL,7,26,50,464,23200
201604113170961,MIDBL,39,11,10,456,4560
201604113170944,MIDBL,7,21,200,455,91000
201604113170892,MIDBL,7,26,50,455,22750
201604113170773,MIDBL,22,11,100,447,44700
201604113170628,MMDBL,48,18,15,1132,16980
201604113170627,MMDBL,48,16,50,1130,56500
201604113171001,MNBBL,41,26,450,880,396000
201604113170971,MNBBL,33,29,500,878,439000
201604113170949,MNBBL,17,26,50,880,44000
201604113170924,MNBBL,13,26,160,880,140800
201604113170860,MNBBL,47,26,50,880,44000
201604113170859,MNBBL,41,26,180,880,158400
201604113170814,MNBBL,14,14,4000,870,3480000
201604113170787,MNBBL,41,38,20,880,17600
201604113170645,MNBBL,33,38,100,882,88200
201604113170889,NABIL,1,21,50,2093,104650
201604113170849,NABIL,3,5,40,2090,83600
201604113170829,NABIL,37,37,165,2090,344850
201604113170638,NABIL,3,19,15,2090,31350
201604113170592,NABIL,42,52,55,2085,114675
201604113170590,NABIL,19,57,33,2084,68772
201604113170521,NABIL,19,34,150,2084,312600
201604113170946,NABILP,36,28,126,1560,196560
201604113170875,NABILP,40,53,200,1560,312000
201604113170791,NABILP,40,46,71,1559,110689
201604113170683,NABILP,17,28,100,1557,155700
201604113170682,NABILP,56,28,80,1557,124560
201604113170681,NABILP,56,28,100,1558,155800
201604113170651,NABILP,17,28,120,1560,187200
201604113170648,NABILP,56,6,195,1570,306150
201604113170625,NABILP,3,53,81,1570,127170
201604113170507,NABILP,17,57,180,1560,280800
201604113170943,NBB,5,45,100,545,54500
201604113170914,NBB,5,14,900,541,486900
201604113170913,NBB,36,14,900,541,486900
201604113170903,NBB,36,1,100,541,54100
201604113170561,NBB,5,6,1000,540,540000
201604113170532,NBB,5,6,1000,540,540000
201604113170609,NBB,5,22,60,541,32460
201604113170608,NBB,5,6,640,541,346240
201604113170604,NBB,5,6,624,541,337584
201604113170599,NBB,46,22,400,541,216400
201604113170589,NBB,53,32,220,541,119020
201604113170577,NBB,53,39,80,541,43280
201604113170644,NBB,5,16,250,542,135500
201604113170637,NBB,5,32,77,541,41657
201604113170634,NBB,5,36,625,542,338750
201604113170633,NBB,5,45,1000,542,542000
201604113170614,NBB,5,22,40,541,21640
201604113170713,NBB,6,17,3990,542,2162580
201604113170704,NBB,49,26,226,540,122040
201604113170703,NBB,36,10,144,541,77904
201604113170692,NBB,57,17,10,542,5420
201604113170686,NBB,49,10,1000,540,540000
201604113170657,NBB,5,33,700,541,378700
201604113170828,NBB,32,13,137,543,74391
201604113170793,NBB,36,41,300,541,162300
201604113170727,NBB,6,6,1000,540,540000
201604113170724,NBB,36,10,215,541,116315
201604113170723,NBB,36,10,210,541,113610
201604113170717,NBB,36,10,390,541,210990
201604113170893,NBB,5,22,137,544,74528
201604113170862,NBB,5,17,500,543,271500
201604113170854,NBB,5,21,53,542,28726
201604113170853,NBB,5,1,930,542,504060
201604113170839,NBB,32,1,70,542,37940
201604113170992,NBL,34,47,1000,406,406000
201604113170981,NBL,47,47,14,406,5684
201604113170977,NBL,43,47,1000,406,406000
201604113170955,NBL,33,44,1000,406,406000
201604113170954,NBL,25,44,1000,406,406000
201604113170911,NBL,34,25,500,407,203500
201604113170817,NBL,7,46,300,407,122100
201604113170769,NBL,7,29,200,407,81400
201604113170871,NBL,34,34,1500,407,610500
201604113170852,NBL,34,34,1500,407,610500
201604113170843,NBL,34,6,500,407,203500
201604113170830,NBL,34,41,1000,407,407000
201604113170826,NBL,32,46,28,407,11396
201604113170818,NBL,45,46,200,407,81400
201604113170935,NHPC,38,21,10,175,1750
201604113170879,NHPC,10,48,900,172,154800
201604113170874,NHPC,32,48,100,172,17200
201604113170873,NHPC,34,48,2000,172,344000
201604113170730,NHPC,10,21,50,175,8750
201604113170677,NHPC,10,57,500,172,86000
201604113170656,NHPC,17,57,500,172,86000
201604113170957,NIB,39,29,100,1082,108200
201604113170752,NIB,29,4,100,1081,108100
201604113170743,NIB,6,22,810,1090,882900
201604113170742,NIB,6,37,150,1090,163500
201604113170741,NIB,6,33,40,1090,43600
201604113170588,NIB,41,33,50,1090,54500
201604113170550,NIB,29,41,150,1092,163800
201604113170549,NIB,50,41,100,1093,109300
201604113170582,NIB,25,33,200,1090,218000
201604113170576,NIB,29,33,200,1091,218200
201604113170575,NIB,43,33,400,1092,436800
201604113170574,NIB,19,33,160,1092,174720
201604113170573,NIB,29,33,50,1092,54600
201604113170558,NIB,59,33,100,1095,109500
201604113170780,NIBPO,45,47,200,918,183600
201604113170715,NIBPO,44,53,500,919,459500
201604113170693,NIBPO,44,54,250,920,230000
201604113170684,NIBPO,1,54,100,920,92000
201604113170664,NIBPO,44,47,500,919,459500
201604113170621,NIBPO,44,54,1000,921,921000
201604113170620,NIBPO,59,54,500,924,462000
201604113170619,NIBPO,16,54,150,925,138750
201604113170565,NIBPO,16,20,850,925,786250
201604113170863,NICA,29,56,300,777,233100
201604113170744,NICA,33,33,100,777,77700
201604113170678,NICA,17,19,75,776,58200
201604113170670,NICA,17,19,330,776,256080
201604113170669,NICA,22,19,100,777,77700
201604113170668,NICA,17,19,70,778,54460
201604113170646,NICA,17,14,193,777,149961
201604113170667,NICL,6,25,400,697,278800
201604113170666,NICL,6,25,200,698,139600
201604113170665,NICL,14,25,200,699,139800
201604113170554,NLBBL,44,22,100,2216,221600
201604113170553,NLBBL,41,22,50,2220,111000
201604113170848,NLG,33,6,170,1065,181050
201604113170754,NLG,7,6,150,1075,161250
201604113170688,NLG,7,1,57,1080,61560
201604113170671,NLG,45,59,26,1085,28210
201604113170997,NLIC,44,29,12,3600,43200
201604113170990,NLIC,19,29,80,3601,288080
201604113170989,NLIC,53,29,200,3602,720400
201604113170988,NLIC,45,29,20,3610,72200
201604113170870,NLICL,34,50,200,2676,535200
201604113170636,NLICL,45,58,100,2679,267900
201604113170613,NLICL,19,38,50,2675,133750
201604113170970,NMB,45,6,100,602,60200
201604113170969,NMB,45,41,100,602,60200
201604113170968,NMB,45,50,500,602,301000
201604113170808,NMB,50,45,31,602,18662
201604113170802,NMB,57,45,300,601,180300
201604113170796,NMB,33,47,42,601,25242
201604113170581,NMB,57,42,160,600,96000
201604113170795,NMB,49,49,6000,600,3600000
201604113170763,NMB,16,8,1000,600,600000
201604113170687,NMB,36,36,300,600,180000
201604113170672,NMB,16,50,1000,600,600000
201604113170663,NMB,49,38,274,600,164400
201604113170598,NMB,57,21,83,600,49800
201604113170984,NTC,32,7,310,714,221340
201604113170932,NTC,3,45,500,714,357000
201604113170615,NTC,32,32,530,711,376830
201604113170867,NTC,32,45,160,713,114080
201604113170963,PCBL,43,41,250,560,140000
201604113170947,PCBL,43,6,126,560,70560
201604113170884,PCBL,34,7,25,559,13975
201604113170580,PCBL,29,14,50,560,28000
201604113170579,PCBL,33,14,500,560,280000
201604113170578,PCBL,40,14,500,561,280500
201604113170902,PLIC,49,33,50,1668,83400
201604113170712,PLIC,49,51,100,1668,166800
201604113170711,PLIC,49,33,200,1665,333000
201604113170710,PLIC,49,35,150,1664,249600
201604113170650,PLIC,35,35,471,1660,781860
201604113170635,PLIC,35,35,471,1660,781860
201604113170551,PLIC,53,17,100,1664,166400
201604113170631,PRDBL,52,50,200,216,43200
201604113170630,PRDBL,1,50,500,217,108500
201604113170629,PRDBL,52,50,200,218,43600
201604113170915,PRIN,13,38,185,739,136715
201604113170832,PRIN,26,19,33,735,24255
201604113170923,PROFL,39,45,1000,150,150000
201604113170922,PROFL,17,45,50,150,7500
201604113170728,PROFL,11,5,140,150,21000
201604113170691,PROFL,39,45,50,151,7550
201604113170662,PROFL,16,45,1000,149,149000
201604113170661,PROFL,11,45,200,150,30000
201604113170737,PURBL,57,47,125,405,50625
201604113170846,PURBL,57,20,22,400,8800
201604113170905,PURBL,16,20,22,394,8668
201604113170883,PURBL,57,20,22,400,8800
201604113170872,PURBL,19,20,22,400,8800
201604113170931,REDBL,58,33,600,380,228000
201604113170772,REDBL,56,26,1000,378,378000
201604113170771,REDBL,56,26,100,378,37800
201604113170770,REDBL,58,52,2000,384,768000
201604113170987,RHPC,1,49,10,430,4300
201604113170824,RHPC,48,51,56,430,24080
201604113170778,RHPC,48,49,52,430,22360
201604113170739,RHPC,48,49,30,438,13140
201604113170927,RMDC,40,40,300,975,292500
201604113170749,RMDC,44,13,190,970,184300
201604113170748,RMDC,17,13,200,970,194000
201604113170869,SAFL,33,32,180,297,53460
201604113170868,SAFL,33,38,20,297,5940
201604113170986,SANIMA,36,36,200,803,160600
201604113170866,SANIMA,13,8,138,805,111090
201604113170865,SANIMA,13,11,50,805,40250
201604113170864,SANIMA,13,47,60,805,48300
201604113170858,SANIMA,44,4,2800,802,2245600
201604113170851,SANIMA,44,42,211,801,169011
201604113170850,SANIMA,44,19,500,801,400500
201604113170726,SANIMA,17,4,20,802,16040
201604113170720,SANIMA,45,19,670,800,536000
201604113170520,SANIMA,42,47,50,801,40050
201604113170675,SBI,33,16,500,1540,770000
201604113170952,SCB,38,50,40,3180,127200
201604113170951,SCB,8,50,80,3181,254480
201604113170950,SCB,17,50,10,3185,31850
201604113170762,SCB,38,3,200,3186,637200
201604113170761,SCB,13,3,100,3190,319000
201604113170541,SCB,43,14,100,3189,318900
201604113170540,SCB,13,14,100,3190,319000
201604113170539,SCB,6,14,200,3191,638200
201604113170538,SCB,26,14,100,3192,319200
201604113170697,SETI,5,1,60,334,20040
201604113170835,SEWA,57,45,150,349,52350
201604113170834,SEWA,57,53,250,349,87250
201604113170804,SEWA,22,11,345,348,120060
201604113170774,SEWA,22,26,100,347,34700
201604113170768,SEWA,22,26,87,346,30102
201604113170701,SEWA,35,53,500,349,174500
201604113170658,SEWA,36,40,77,348,26796
201604113170606,SEWA,57,56,197,345,67965
201604113170591,SEWA,38,53,250,347,86750
201604113170546,SEWA,22,45,250,350,87500
201604113170537,SEWA,22,26,250,350,87500
201604113170624,SHPC,45,22,50,866,43300
201604113170877,SIC,7,38,107,1260,134820
201604113170996,SICL,58,44,22,1750,38500
201604113170991,SICL,58,44,22,1750,38500
201604113170983,SICL,58,44,22,1750,38500
201604113170980,SICL,58,44,22,1750,38500
201604113170973,SICL,58,44,22,1750,38500
201604113170964,SICL,58,44,22,1750,38500
201604113170514,SICL,58,44,22,1750,38500
201604113170513,SICL,58,44,22,1750,38500
201604113170512,SICL,58,44,22,1750,38500
201604113170526,SICL,58,44,22,1750,38500
201604113170525,SICL,58,44,22,1750,38500
201604113170524,SICL,58,44,22,1750,38500
201604113170523,SICL,58,44,22,1750,38500
201604113170516,SICL,58,44,22,1750,38500
201604113170515,SICL,58,44,22,1750,38500
201604113170542,SICL,58,44,22,1750,38500
201604113170534,SICL,58,44,22,1750,38500
201604113170533,SICL,58,44,22,1750,38500
201604113170529,SICL,58,44,22,1750,38500
201604113170563,SICL,58,44,22,1750,38500
201604113170562,SICL,58,44,22,1750,38500
201604113170556,SICL,58,44,22,1750,38500
201604113170552,SICL,58,44,22,1750,38500
201604113170544,SICL,58,44,22,1750,38500
201604113170570,SICL,58,44,22,1750,38500
201604113170569,SICL,58,44,22,1750,38500
201604113170568,SICL,58,44,22,1750,38500
201604113170810,SICL,58,44,22,1750,38500
201604113170806,SICL,58,44,22,1750,38500
201604113170805,SICL,58,44,22,1750,38500
201604113170731,SICL,58,47,200,1760,352000
201604113170700,SICL,58,38,148,1755,259740
201604113170894,SICL,58,44,22,1750,38500
201604113170891,SICL,58,44,22,1750,38500
201604113170890,SICL,58,44,22,1750,38500
201604113170886,SICL,58,44,22,1750,38500
201604113170820,SICL,58,44,22,1750,38500
201604113170819,SICL,58,44,22,1750,38500
201604113170962,SICL,58,44,22,1750,38500
201604113170939,SICL,36,44,22,1750,38500
201604113170910,SICL,36,44,22,1750,38500
201604113170904,SICL,36,44,22,1750,38500
201604113170896,SICL,58,44,22,1750,38500
201604113170895,SICL,58,44,22,1750,38500
201604113170847,SIGS1,48,21,2100,19,39837
201604113170572,SINDU,16,56,480,360,172800
201604113170571,SINDU,51,56,20,362,7240
201604113170921,SRBL,50,42,71,535,37985
201604113170831,SRBL,49,49,200,538,107600
201604113170709,SRBL,56,56,200,535,107000
201604113170680,SRBL,50,19,550,538,295900
201604113170676,SRBL,50,49,54,538,29052
201604113170639,SRBL,50,11,138,536,73968
201604113170626,SRBL,50,57,76,535,40660
201604113170617,SRBL,29,57,200,534,106800
201604113170559,SRBL,36,16,101,537,54237
201604113170708,SUBBL,22,1,150,319,47850
201604113170690,SUBBL,40,1,100,319,31900
201604113170901,SWBBL,35,48,100,2400,240000
201604113170900,SWBBL,35,55,620,2400,1488000
201604113170899,SWBBL,35,33,110,2400,264000
201604113170898,SWBBL,35,47,100,2399,239900
201604113170897,SWBBL,35,45,200,2399,479800
201604113170594,SWBBL,51,33,40,2400,96000
201604113170803,TBBL,21,22,90,310,27900
201604113170632,TBBL,36,36,95,315,29925
201604113170623,TBBL,36,36,333,315,104895
201604113170611,TBBL,36,36,47,315,14805
201604113170601,TBBL,36,36,47,315,14805
201604113170595,TBBL,36,36,47,319,14993
201604113170586,TBBL,36,36,47,319,14993
201604113170888,TRH,19,19,10,213,2130
201604113170975,UFCL,19,19,14,132,1848
201604113170531,UFL,38,32,250,365,91250
201604113170993,UIC,6,56,200,825,165000
201604113170985,UIC,53,56,300,825,247500
201604113170699,UIC,53,45,200,827,165400
201604113170679,UIC,6,35,200,825,165000
201604113170528,UIC,6,36,71,825,58575
201604113170527,UIC,6,36,170,825,140250
201604113170722,UNL,3,25,50,31620,1581000
201604113170959,YETI,7,52,60,204,12240
201604113170958,YETI,7,52,60,204,12240
201604113170936,YETI,46,11,60,200,12000
201604113170933,YETI,46,11,51,200,10200
201604113170929,YETI,46,11,11,200,2200
201604113170926,YETI,46,11,23,200,4600
201604113170585,YETI,25,43,811,195,158145
201604113170920,YETI,46,11,71,200,14200
201604113170912,YETI,46,11,381,200,76200
201604113170908,YETI,46,52,300,198,59400
201604113170907,YETI,46,3,20,198,3960
201604113170906,YETI,46,21,500,196,98000
201604113170878,YETI,8,40,1110,194,215340
201604113170482,ACEDBL,28,39,150,370,55500
201604113170317,ACEDBL,34,33,1000,375,375000
201604113170275,ACEDBL,34,33,1000,372,372000
201604113170489,ADBL,17,6,32,575,18400
201604113170397,ADBL,17,16,100,575,57500
201604113170329,ADBL,45,48,150,578,86700
201604113170194,ADBL,17,54,100,580,58000
201604113170175,ADBL,17,20,500,580,290000
201604113170099,ADBL,32,37,14,580,8120
201604113170445,AHPC,5,11,187,308,57596
201604113170396,AHPC,1,40,50,306,15300
201604113170356,AHPC,20,40,950,306,290700
201604113170328,AHPC,1,45,49,306,14994
201604113170104,AHPC,20,22,550,306,168300
201604113170296,API,39,7,42,675,28350
201604113170292,API,39,45,26,675,17550
201604113170288,API,39,21,16,672,10752
201604113170286,API,39,21,16,672,10752
201604113170284,API,39,17,52,671,34892
201604113170280,API,39,1,26,670,17420
201604113170091,API,45,17,26,672,17472
201604113170089,API,45,14,16,670,10720
201604113170081,API,29,11,16,668,10688
201604113170062,API,29,29,48,668,32064
201604113170098,API,43,26,80,667,53360
201604113170097,API,29,11,16,668,10688
201604113170095,API,45,45,26,675,17550
201604113170094,API,45,33,12,674,8088
201604113170093,API,13,11,16,670,10720
201604113170092,API,45,14,26,673,17498
201604113170156,API,52,52,16,667,10672
201604113170155,API,52,26,100,667,66700
201604113170146,API,29,26,20,667,13340
201604113170124,API,43,11,16,664,10624
201604113170116,API,45,11,16,665,10640
201604113170102,API,13,26,88,666,58608
201604113170401,ARDBL,32,16,114,260,29640
201604113170149,BGDBL,5,6,40,323,12920
201604113170139,BLDBL,50,19,1000,390,390000
201604113170428,CBBL,45,54,100,1800,180000
201604113170423,CBBL,26,6,100,1810,181000
201604113170350,CBBL,7,6,100,1800,180000
201604113170301,CBBL,16,47,50,1804,90200
201604113170251,CBBL,47,50,100,1800,180000
201604113170427,CCBL,57,55,511,370,189070
201604113170371,CCBL,51,17,29,368,10672
201604113170359,CCBL,45,17,29,368,10672
201604113170354,CCBL,13,6,500,370,185000
201604113170351,CCBL,13,37,48,370,17760
201604113170349,CCBL,32,55,200,369,73800
201604113170348,CCBL,38,55,100,369,36900
201604113170173,CCBL,6,17,38,368,13984
201604113170118,CCBL,38,49,92,369,33948
201604113170140,CFCL,7,45,158,214,33812
201604113170462,CHCL,8,21,40,1315,52600
201604113170437,CHCL,1,50,97,1315,127555
201604113170407,CHCL,1,33,50,1315,65750
201604113170406,CHCL,16,33,500,1315,657500
201604113170405,CHCL,47,33,200,1315,263000
201604113170404,CHCL,51,33,50,1316,65800
201604113170352,CHCL,8,35,134,1316,176344
201604113170240,CHCL,17,49,100,1320,132000
201604113170239,CHCL,39,49,60,1320,79200
201604113170238,CHCL,26,49,50,1321,66050
201604113170206,CHCL,41,59,156,1315,205140
201604113170076,CHCL,19,21,100,1325,132500
201604113170494,CZBIL,33,42,500,726,363000
201604113170488,CZBIL,48,10,1229,727,893483
201604113170485,CZBIL,48,42,500,727,363500
201604113170483,CZBIL,25,42,1000,726,726000
201604113170473,CZBIL,48,42,500,726,363000
201604113170431,CZBIL,33,55,193,727,140311
201604113170049,CZBIL,28,59,600,720,432000
201604113170022,CZBIL,28,38,150,720,108000
201604113170213,CZBIL,32,42,100,725,72500
201604113170210,CZBIL,45,42,100,725,72500
201604113170209,CZBIL,32,42,40,725,29000
201604113170208,CZBIL,28,42,250,725,181250
201604113170163,CZBIL,39,59,425,723,307275
201604113170113,CZBIL,26,59,400,721,288400
201604113170430,CZBIL,33,43,200,726,145200
201604113170429,CZBIL,33,42,500,725,362500
201604113170376,CZBIL,48,42,500,725,362500
201604113170325,CZBIL,25,42,410,725,297250
201604113170268,CZBIL,17,55,300,725,217500
201604113170229,CZBIL,17,42,100,725,72500
201604113170179,DBBL,49,14,430,225,96750
201604113170177,DBBL,43,14,150,226,33900
201604113170176,DBBL,41,14,200,226,45200
201604113170424,DDBL,10,45,30,2600,78000
201604113170408,DDBL,10,45,40,2600,104000
201604113170400,DDBL,10,45,20,2600,52000
201604113170398,DDBL,10,45,20,2600,52000
201604113170390,DDBL,10,45,40,2600,104000
201604113170380,DDBL,10,45,10,2600,26000
201604113170303,DDBL,10,45,10,2600,26000
201604113170302,DDBL,10,45,10,2600,26000
201604113170270,DDBL,10,45,20,2600,52000
201604113170079,DDBL,10,22,300,2600,780000
201604113170078,DDBL,25,22,50,2600,130000
201604113170327,DDBL,10,45,10,2600,26000
201604113170326,DDBL,10,45,40,2600,104000
201604113170324,DDBL,10,45,20,2600,52000
201604113170321,DDBL,10,45,20,2600,52000
201604113170311,DDBL,10,45,10,2600,26000
201604113170307,DDBL,10,45,10,2600,26000
201604113170377,DDBL,10,45,40,2600,104000
201604113170370,DDBL,10,45,60,2600,156000
201604113170362,DDBL,10,45,50,2600,130000
201604113170358,DDBL,10,45,10,2600,26000
201604113170334,DDBL,10,45,10,2600,26000
201604113170330,DDBL,10,45,20,2600,52000
201604113170300,EBL,11,57,140,2780,389200
201604113170299,EBL,6,57,100,2786,278600
201604113170061,EBL,38,38,40,2793,111720
201604113170060,EBL,38,38,100,2793,279300
201604113170059,EBL,19,38,60,2794,167640
201604113170010,EBL,50,39,166,2794,463804
201604113170170,EBL,50,6,40,2793,111720
201604113170169,EBL,50,38,100,2793,279300
201604113170127,EBL,50,8,50,2792,139600
201604113170120,EBL,38,6,60,2793,167580
201604113170293,EBL,13,57,60,2790,167400
201604113170250,EBL,13,39,100,2790,279000
201604113170249,EBL,13,49,40,2790,111600
201604113170248,EBL,50,49,10,2793,27930
201604113170180,EBL,42,19,520,2740,1424800
201604113170425,EDBL,52,38,500,560,280000
201604113170056,EDBL,52,45,103,560,57680
201604113170323,FBBL,21,49,30,390,11700
201604113170320,FBBL,32,51,52,390,20280
201604113170313,FBBL,32,51,92,390,35880
201604113170065,FMDBL,46,50,200,1150,230000
201604113170451,GBBL,14,26,81,344,27864
201604113170446,GBBL,43,26,196,344,67424
201604113170198,GBBL,40,6,404,349,140996
201604113170197,GBBL,40,29,79,348,27492
201604113170071,GBBL,40,25,200,349,69800
201604113170067,GBBL,40,51,111,345,38295
201604113170066,GBBL,40,17,50,345,17250
201604113170495,GBIME,40,6,500,476,238000
201604113170481,GBIME,49,29,261,475,123975
201604113170475,GBIME,43,50,474,473,224202
201604113170434,GBIME,28,1,287,474,136038
201604113170386,GBIME,45,1,225,475,106875
201604113170385,GBIME,28,46,50,474,23700
201604113170172,GBIME,7,13,500,476,238000
201604113170144,GBIME,16,6,1000,475,475000
201604113170119,GBIME,6,37,28,475,13300
201604113170080,GBIME,16,42,184,475,87400
201604113170037,GBIME,6,16,10,475,4750
201604113170035,GBIME,11,22,247,475,117325
201604113170361,GBIME,49,37,269,476,128044
201604113170332,GBIME,49,49,107,475,50825
201604113170306,GBIME,16,29,105,475,49875
201604113170256,GBIME,36,36,38,476,18088
201604113170226,GBIME,53,48,294,476,139944
201604113170225,GBIME,53,13,20,476,9520
201604113170101,GDBL,18,53,400,355,142000
201604113170034,GLICL,25,8,50,668,33400
201604113170279,HBL,57,56,50,1270,63500
201604113170227,HBL,58,54,368,1270,467360
201604113170218,HBL,25,54,500,1275,637500
201604113170217,HBL,19,54,300,1275,382500
201604113170142,HBL,55,54,100,1280,128000
201604113170141,HBL,48,54,100,1282,128200
201604113170033,HBL,52,54,100,1290,129000
201604113170032,HBL,52,6,100,1290,129000
201604113170496,INDB,42,47,200,420,84000
201604113170403,JFL,17,17,100,323,32300
201604113170486,KDBL,22,29,450,250,112500
201604113170333,KDBL,47,49,21,252,5292
201604113170281,KDBL,47,16,62,252,15624
201604113170490,KMCDB,32,39,82,1625,133250
201604113170487,LBL,29,6,110,641,70510
201604113170357,LBL,42,45,500,641,320500
201604113170178,LBL,50,50,900,640,576000
201604113170123,LBL,42,51,200,640,128000
201604113170505,LICN,13,13,20,3650,73000
201604113170504,LICN,13,13,10,3650,36500
201604113170498,LLBS,10,3,20,2350,47000
201604113170497,LLBS,10,1,10,2340,23400
201604113170125,LVF1,1,1,5000,11,52750
201604113170201,MBBL,48,50,20,300,6000
201604113170196,MBBL,48,48,50,299,14950
201604113170138,MBBL,39,5,200,294,58800
201604113170136,MBBL,39,5,500,295,147500
201604113170074,MBBL,48,39,50,300,15000
201604113170068,MBBL,39,5,300,295,88500
201604113170038,MBBL,39,5,500,300,150000
201604113170105,MDB,26,37,50,617,30850
201604113170355,MIDBL,22,26,100,439,43900
201604113170347,MIDBL,22,48,500,435,217500
201604113170441,NABIL,21,34,50,2084,104200
201604113170372,NABIL,41,34,100,2084,208400
201604113170364,NABIL,19,34,10,2085,20850
201604113170304,NABIL,8,39,100,2082,208200
201604113170028,NABIL,28,28,100,2090,209000
201604113170461,NABILP,56,49,170,1557,264690
201604113170374,NABILP,33,49,20,1558,31160
201604113170373,NABILP,17,49,70,1558,109060
201604113170363,NABILP,33,54,480,1558,747840
201604113170166,NABILP,32,53,200,1560,312000
201604113170064,NABILP,6,28,250,1560,390000
201604113170283,NABILP,17,32,434,1558,676172
201604113170501,NBB,49,6,770,540,415800
201604113170500,NBB,5,6,1000,540,540000
201604113170477,NBB,49,33,230,540,124200
201604113170474,NBB,49,29,412,540,222480
201604113170472,NBB,49,22,222,540,119880
201604113170471,NBB,49,17,100,540,54000
201604113170041,NBB,36,38,200,542,108400
201604113170018,NBB,49,8,300,542,162600
201604113170110,NBB,46,33,1000,540,540000
201604113170109,NBB,48,33,100,540,54000
201604113170108,NBB,25,33,250,541,135250
201604113170107,NBB,14,33,500,541,270500
201604113170106,NBB,36,33,60,542,32520
201604113170073,NBB,49,36,125,542,67750
201604113170231,NBB,14,6,300,539,161700
201604113170230,NBB,25,6,60,540,32400
201604113170228,NBB,51,22,625,539,336875
201604113170221,NBB,49,22,552,539,297528
201604113170112,NBB,25,33,40,540,21600
201604113170111,NBB,6,33,50,540,27000
201604113170456,NBB,49,22,343,540,185220
201604113170452,NBB,38,33,20,540,10800
201604113170433,NBB,49,50,250,539,134750
201604113170339,NBB,29,5,200,538,107600
201604113170322,NBB,1,17,200,538,107600
201604113170276,NBB,38,33,67,538,36046
201604113170402,NBL,34,16,200,407,81400
201604113170395,NBL,43,16,1000,407,407000
201604113170394,NBL,55,16,1000,407,407000
201604113170393,NBL,43,16,1000,407,407000
201604113170392,NBL,6,16,300,407,122100
201604113170391,NBL,21,16,500,407,203500
201604113170087,NBL,42,32,500,409,204500
201604113170029,NBL,52,49,300,410,123000
201604113170259,NBL,25,54,1000,408,408000
201604113170258,NBL,52,54,300,408,122400
201604113170257,NBL,42,54,150,409,61350
201604113170203,NBL,34,34,9600,405,3888000
201604113170200,NBL,42,54,350,409,143150
201604113170199,NBL,52,54,200,409,81800
201604113170382,NBL,34,45,200,408,81600
201604113170291,NBL,6,6,700,407,284900
201604113170273,NBL,34,58,2500,409,1022500
201604113170272,NBL,34,54,100,408,40800
201604113170263,NBL,32,54,50,408,20400
201604113170260,NBL,49,54,400,408,163200
201604113170421,NHPC,1,48,450,171,76950
201604113170420,NHPC,41,48,500,171,85500
201604113170419,NHPC,48,48,1000,172,172000
201604113170418,NHPC,16,48,500,172,86000
201604113170417,NHPC,50,48,1000,172,172000
201604113170416,NHPC,1,48,500,172,86000
201604113170415,NHPC,1,48,500,172,86000
201604113170414,NHPC,1,48,500,172,86000
201604113170411,NHPC,1,48,1000,173,173000
201604113170410,NHPC,32,48,1000,173,173000
201604113170409,NHPC,6,48,50,175,8750
201604113170131,NHPC,48,21,150,176,26400
201604113170457,NIB,14,14,349,1093,381457
201604113170341,NIB,39,45,100,1096,109600
201604113170337,NIB,39,6,73,1095,79935
201604113170336,NIB,39,54,180,1093,196740
201604113170335,NIB,6,54,50,1093,54650
201604113170295,NIB,6,45,50,1093,54650
201604113170132,NIB,46,53,200,1096,219200
201604113170077,NIB,13,33,150,1097,164550
201604113170023,NIB,19,33,120,1097,131640
201604113170012,NIB,11,33,120,1097,131640
201604113170187,NIB,57,20,279,1096,305784
201604113170174,NIB,49,49,1000,1097,1097000
201604113170168,NIB,49,57,500,1096,548000
201604113170161,NIB,22,41,100,1096,109600
201604113170154,NIB,49,33,110,1097,120670
201604113170133,NIB,13,53,200,1096,219200
201604113170246,NIB,19,36,210,1095,229950
201604113170245,NIB,17,36,60,1095,65700
201604113170244,NIB,57,36,30,1096,32880
201604113170237,NIB,57,45,100,1096,109600
201604113170233,NIB,57,45,100,1096,109600
201604113170193,NIB,22,5,100,1096,109600
201604113170287,NIB,22,54,156,1093,170508
201604113170285,NIB,22,47,120,1093,131160
201604113170265,NIB,19,1,81,1095,88695
201604113170255,NIB,19,1,60,1095,65700
201604113170254,NIB,16,1,60,1095,65700
201604113170253,NIB,19,1,380,1095,416100
201604113170219,NIBPO,44,58,1000,929,929000
201604113170192,NIBPO,33,56,1000,929,929000
201604113170153,NIBPO,33,8,200,930,186000
201604113170129,NIBPO,52,44,100,927,92700
201604113170128,NIBPO,43,44,100,928,92800
201604113170040,NIBPO,52,34,100,930,93000
201604113170312,NICA,33,37,192,777,149184
201604113170289,NICA,33,38,200,777,155400
201604113170267,NICA,22,38,100,778,77800
201604113170152,NICA,33,8,60,777,46620
201604113170151,NICA,34,8,50,777,38850
201604113170150,NICA,19,8,50,778,38900
201604113170083,NICA,19,37,20,778,15560
201604113170442,NICL,6,25,500,700,350000
201604113170480,NLIC,53,26,150,3605,540750
201604113170478,NLIC,53,49,82,3605,295610
201604113170360,NLIC,19,26,50,3605,180250
201604113170440,NLICL,53,33,150,2680,402000
201604113170309,NLICL,19,11,100,2678,267800
201604113170308,NLICL,26,11,100,2679,267900
201604113170264,NLICL,16,17,100,2679,267900
201604113170212,NLICL,5,33,200,2680,536000
201604113170202,NLICL,19,44,100,2678,267800
201604113170171,NLICL,53,44,200,2680,536000
201604113170130,NLICL,49,49,706,2675,1888550
201604113170117,NLICL,19,19,614,2668,1638152
201604113170075,NLICL,13,17,200,2685,537000
201604113170055,NLICL,49,49,1671,2675,4469925
201604113170459,NMB,57,48,200,600,120000
201604113170450,NMB,16,48,1000,600,600000
201604113170449,NMB,6,48,700,600,420000
201604113170448,NMB,26,48,100,601,60100
201604113170444,NMB,39,11,100,602,60200
201604113170443,NMB,49,49,2015,600,1209000
201604113170070,NMB,16,41,900,600,540000
201604113170069,NMB,19,41,300,600,180000
201604113170439,NMB,49,49,2000,600,1200000
201604113170432,NMB,6,53,200,600,120000
201604113170422,NMB,26,32,210,601,126210
201604113170399,NMB,6,16,100,600,60000
201604113170378,NMB,26,36,229,600,137400
201604113170162,NMB,26,29,59,600,35400
201604113170469,NTC,45,22,390,710,276900
201604113170468,NTC,53,22,150,710,106500
201604113170466,NTC,53,22,200,710,142000
201604113170465,NTC,53,22,50,710,35500
201604113170464,NTC,32,22,50,710,35500
201604113170463,NTC,37,22,400,711,284400
201604113170476,PCBL,32,53,200,562,112400
201604113170458,PCBL,19,53,200,562,112400
201604113170379,PCBL,21,53,400,560,224000
201604113170375,PCBL,42,53,100,560,56000
201604113170368,PCBL,36,53,100,560,56000
201604113170232,PCBL,17,45,250,560,140000
201604113170046,PCBL,43,14,500,555,277500
201604113170045,PCBL,38,14,200,555,111000
201604113170044,PCBL,29,14,100,556,55600
201604113170043,PCBL,1,14,200,556,111200
201604113170042,PCBL,26,14,100,556,55600
201604113170223,PCBL,6,45,150,560,84000
201604113170220,PCBL,46,45,200,560,112000
201604113170207,PCBL,46,45,54,560,30240
201604113170063,PCBL,29,57,92,554,50968
201604113170048,PCBL,29,14,100,554,55400
201604113170047,PCBL,52,14,500,554,277000
201604113170053,PIC,22,22,199,1216,241984
201604113170195,PLIC,32,33,100,1660,166000
201604113170143,PLIC,35,21,27,1665,44955
201604113170381,PRDBL,25,25,597,216,128952
201604113170447,PRIN,41,25,77,731,56287
201604113170269,PRIN,36,25,300,730,219000
201604113170052,PRIN,17,25,100,717,71700
201604113170051,PRIN,21,25,200,717,143400
201604113170050,PRIN,35,25,100,717,71700
201604113170493,PROFL,50,45,300,150,45000
201604113170492,PROFL,47,45,350,150,52500
201604113170491,PROFL,46,45,500,151,75500
201604113170436,PROFL,45,45,500,153,76500
201604113170316,PROFL,41,45,300,156,46800
201604113170315,PROFL,50,45,200,156,31200
201604113170314,PROFL,17,45,500,157,78500
201604113170115,PROFL,46,45,100,159,15900
201604113170114,PROFL,50,45,400,159,63600
201604113170090,PROFL,10,18,400,162,64800
201604113170085,PROFL,18,45,10,165,1650
201604113170167,REDBL,58,34,9249,380,3514620
201604113170084,REDBL,58,34,500,383,191500
201604113170054,REDBL,56,34,500,383,191500
201604113170426,SAFL,38,38,500,298,149000
201604113170310,SAFL,45,32,10,303,3030
201604113170369,SANIMA,38,49,415,800,332000
201604113170353,SANIMA,39,4,80,801,64080
201604113170346,SANIMA,39,59,420,801,336420
201604113170345,SANIMA,25,59,200,802,160400
201604113170344,SANIMA,13,59,330,802,264660
201604113170343,SANIMA,42,59,50,802,40100
201604113170096,SANIMA,28,59,500,802,401000
201604113170027,SANIMA,28,50,500,802,401000
201604113170011,SANIMA,42,6,398,802,319196
201604113170342,SANIMA,21,4,100,803,80300
201604113170216,SANIMA,13,51,100,804,80400
201604113170215,SANIMA,13,38,20,803,16060
201604113170214,SANIMA,13,17,50,803,40150
201604113170181,SANIMA,42,26,100,802,80200
201604113170100,SANIMA,32,36,20,805,16100
201604113170331,SBI,5,8,84,1544,129696
201604113170241,SBI,26,46,67,1531,102577
201604113170021,SBI,25,39,254,1530,388620
201604113170008,SBI,55,28,1000,1540,1540000
201604113170007,SBI,14,28,300,1540,462000
201604113170006,SBI,14,59,192,1540,295680
201604113170383,SCB,38,17,100,3199,319900
201604113170319,SCB,57,56,100,3198,319800
201604113170318,SCB,57,34,100,3196,319600
201604113170262,SCB,6,56,104,3195,332280
201604113170236,SCB,28,56,30,3200,96000
201604113170235,SCB,26,56,50,3201,160050
201604113170031,SCB,5,17,10,3199,31990
201604113170030,SCB,5,53,50,3199,159950
201604113170189,SCB,28,48,500,3200,1600000
201604113170188,SCB,28,52,60,3200,192000
201604113170182,SCB,28,42,119,3200,380800
201604113170135,SCB,33,45,100,3200,320000
201604113170134,SCB,33,58,100,3200,320000
201604113170126,SCB,41,58,100,3200,320000
201604113170222,SCB,5,32,10,3210,32100
201604113170211,SCB,49,46,30,3201,96030
201604113170205,SCB,28,52,150,3200,480000
201604113170204,SCB,13,47,323,3200,1033600
201604113170191,SCB,28,29,40,3200,128000
201604113170190,SCB,28,14,100,3200,320000
201604113170435,SETI,22,17,830,332,275560
201604113170388,SETI,22,47,50,332,16600
201604113170387,SETI,22,17,10,332,3320
201604113170278,SETI,22,49,100,326,32600
201604113170277,SETI,22,17,10,326,3260
201604113170479,SEWA,57,48,500,350,175000
201604113170470,SEWA,57,1,500,349,174500
201604113170453,SEWA,21,35,100,353,35300
201604113170413,SEWA,13,45,300,360,108000
201604113170412,SEWA,57,45,10,360,3600
201604113170367,SEWA,57,21,100,360,36000
201604113170019,SEWA,38,11,403,342,137826
201604113170088,SEWA,57,8,500,347,173500
201604113170082,SEWA,57,25,37,347,12839
201604113170072,SEWA,57,11,500,346,173000
201604113170026,SEWA,36,11,250,341,85250
201604113170025,SEWA,22,11,250,342,85500
201604113170024,SEWA,22,8,100,346,34600
201604113170290,SEWA,38,48,233,353,82249
201604113170282,SEWA,38,48,55,352,19360
201604113170261,SEWA,22,7,84,352,29568
201604113170252,SEWA,22,5,200,351,70200
201604113170186,SEWA,38,5,213,352,74976
201604113170185,SEWA,38,22,200,352,70400
201604113170366,SEWA,57,36,100,360,36000
201604113170365,SEWA,57,56,250,359,89750
201604113170305,SEWA,36,14,200,360,72000
201604113170298,SEWA,36,8,50,359,17950
201604113170297,SEWA,36,43,200,359,71800
201604113170294,SEWA,18,43,32,355,11360
201604113170234,SHPC,13,44,840,866,727440
201604113170503,SICL,58,44,22,1750,38500
201604113170502,SICL,58,44,22,1750,38500
201604113170499,SICL,58,44,22,1750,38500
201604113170014,SICL,34,44,22,1750,38500
201604113170148,SICL,58,44,22,1750,38500
201604113170147,SICL,58,44,22,1750,38500
201604113170145,SICL,58,44,22,1750,38500
201604113170017,SICL,34,44,22,1750,38500
201604113170016,SICL,34,44,22,1750,38500
201604113170058,SINDU,51,39,30,362,10860
201604113170057,SINDU,51,52,150,361,54150
201604113170039,SINDU,51,1,62,360,22320
201604113170020,SKBBL,45,55,141,1765,248865
201604113170086,SMFDB,58,14,100,2565,256500
201604113170455,SRBL,48,19,200,538,107600
201604113170438,SRBL,29,44,150,539,80850
201604113170266,SRBL,29,39,50,539,26950
201604113170184,SRBL,3,42,64,539,34496
201604113170183,SRBL,56,42,250,539,134750
201604113170165,SRBL,45,45,900,540,486000
201604113170164,SRBL,39,45,100,540,54000
201604113170160,SRBL,39,45,400,540,216000
201604113170159,SRBL,6,45,200,540,108000
201604113170158,SRBL,7,45,1000,541,541000
201604113170015,SRBL,45,57,89,541,48149
201604113170009,SRBL,6,8,500,541,270500
201604113170122,TRH,39,45,10,214,2140
201604113170121,TRH,39,45,10,214,2140
201604113170484,UIC,6,56,500,825,412500
201604113170467,UIC,5,56,500,821,410500
201604113170454,UIC,44,22,200,825,165000
201604113170384,UIC,44,10,300,825,247500
201604113170338,UIC,53,26,100,828,82800
201604113170242,UIC,53,26,300,827,248100
201604113170224,UIC,48,49,270,828,223560
201604113170103,UIC,17,57,604,820,495280
201604113170274,UIC,53,26,300,829,248700
201604113170271,UIC,53,5,300,829,248700
201604113170247,UIC,53,49,230,828,190440
201604113170243,UIC,53,49,200,828,165600
201604113170460,VLBS,26,1,10,1340,13400
201604113170389,VLBS,57,29,20,1320,26400
201604113170137,YETI,13,45,30,193,5790
201604113169895,ACEDBL,28,33,1000,370,370000
201604113169916,ADBL,17,22,64,580,37120
201604113169816,ADBL,17,22,50,580,29000
201604113169815,ADBL,41,22,100,583,58300
201604113169793,ADBL,32,32,33,584,19272
201604113169683,ADBL,32,32,32,583,18656
201604113169680,ADBL,32,32,43,583,25069
201604113169582,AHPC,39,39,46,306,14076
201604113169565,ALDBL,16,16,11,530,5830
201604113169564,ALDBL,16,16,11,530,5830
201604113169563,ALDBL,16,16,11,530,5830
201604113169562,ALDBL,16,16,11,530,5830
201604113169561,ALDBL,16,16,11,530,5830
201604113169560,ALDBL,16,16,11,530,5830
201604113169559,ALDBL,16,16,11,530,5830
201604113169558,ALDBL,16,16,11,530,5830
201604113169600,ALICL,34,34,39,1362,53118
201604113169960,API,49,57,16,668,10688
201604113169954,API,7,57,16,668,10688
201604113169949,API,20,45,500,670,335000
201604113169858,API,19,17,26,672,17472
201604113169839,API,49,49,26,667,17342
201604113169708,API,41,44,500,669,334500
201604113169645,API,7,41,78,670,52260
201604113169641,API,58,33,24,671,16104
201604113169612,API,58,57,26,675,17550
201604113169605,API,58,45,26,675,17550
201604113169578,API,20,44,87,673,58551
201604113169622,BGDBL,5,45,10,329,3290
201604113169620,BLDBL,22,22,17,387,6579
201604113169799,CBBL,37,37,300,1800,540000
201604113169986,CCBL,39,22,16,367,5872
201604113169877,CCBL,57,32,250,367,91750
201604113169654,CCBL,57,46,1000,370,370000
201604113169599,CCBL,39,59,54,370,19980
201604113169592,CCBL,39,33,18,370,6660
201604113169577,CCBL,6,38,19,370,7030
201604113169623,CFCL,13,41,300,216,64800
201604113169996,CHCL,39,22,85,1320,112200
201604113169901,CHCL,16,1,220,1315,289300
201604113169876,CHCL,36,1,200,1320,264000
201604113169875,CHCL,11,1,180,1320,237600
201604113169872,CHCL,11,22,20,1320,26400
201604113169871,CHCL,3,22,30,1330,39900
201604113169903,CIT,32,53,67,4300,288100
201604113169703,CIT,32,45,105,4325,454125
201604113169660,CIT,13,25,250,4340,1085000
201604113169989,CNDBL,11,22,20,210,4200
201604113169557,CVMF,16,45,10,971,9710
201604113169869,CZBIL,8,14,50,725,36250
201604113169868,CZBIL,13,14,650,725,471250
201604113169867,CZBIL,47,14,200,725,145000
201604113169866,CZBIL,47,14,100,725,72500
201604113169865,CZBIL,17,14,50,725,36250
201604113169864,CZBIL,19,14,240,725,174000
201604113169863,CZBIL,6,14,200,726,145200
201604113169862,CZBIL,25,14,100,726,72600
201604113169861,CZBIL,52,14,100,726,72600
201604113169860,CZBIL,33,14,80,726,58080
201604113169854,CZBIL,40,22,256,726,185856
201604113169798,CZBIL,33,53,20,726,14520
201604113169819,DBBL,45,43,340,230,78200
201604113169757,DBBL,45,45,660,230,151800
201604113169699,DBBL,43,43,1000,229,229000
201604113169583,DBBL,43,22,100,225,22500
201604113169783,EBL,19,45,18,2792,50256
201604113169716,EBL,38,38,100,2799,279900
201604113169692,EBL,19,47,14,2792,39088
201604113169586,EBL,11,22,90,2792,251280
201604113169814,EIC,41,44,200,1245,249000
201604113169742,EIC,19,44,300,1245,373500
201604113169966,GBBL,22,22,19,341,6479
201604113169952,GBBL,57,17,120,339,40680
201604113169951,GBBL,38,17,200,340,68000
201604113169950,GBBL,14,17,80,340,27200
201604113169937,GBBL,14,29,120,340,40800
201604113169898,GBBL,5,48,291,339,98649
201604113169800,GBBL,5,26,81,347,28107
201604113169897,GBBL,7,17,100,341,34100
201604113169890,GBBL,5,25,225,340,76500
201604113169878,GBBL,59,35,728,342,248976
201604113169874,GBBL,43,19,53,344,18232
201604113169840,GBBL,5,5,65,345,22425
201604113169822,GBBL,21,17,50,348,17400
201604113169962,GBIME,58,6,350,475,166250
201604113169961,GBIME,40,6,100,475,47500
201604113169910,GBIME,58,1,149,475,70775
201604113169893,GBIME,21,13,250,475,118750
201604113169892,GBIME,21,13,200,475,95000
201604113169859,GBIME,21,21,500,475,237500
201604113169624,GBIME,13,16,10,475,4750
201604113169702,GBIME,42,42,1955,475,928625
201604113169701,GBIME,42,32,54,475,25650
201604113169700,GBIME,42,36,141,475,66975
201604113169653,GBIME,49,41,240,475,114000
201604113169630,GBIME,49,36,260,475,123500
201604113169625,GBIME,13,36,240,475,114000
201604113169718,GBIME,53,17,100,481,48100
201604113169717,GBIME,53,22,30,480,14400
201604113169712,GBIME,53,22,41,480,19680
201604113169711,GBIME,53,32,168,479,80472
201604113169706,GBIME,53,32,132,477,62964
201604113169704,GBIME,11,41,14,475,6650
201604113169830,GBIME,53,21,307,477,146439
201604113169829,GBIME,53,21,200,477,95400
201604113169825,GBIME,6,38,51,475,24225
201604113169824,GBIME,57,21,500,477,238500
201604113169751,GBIME,43,6,400,480,192000
201604113169729,GBIME,53,36,212,480,101760
201604113169917,HBL,52,13,100,1290,129000
201604113169686,HBL,49,32,20,1290,25800
201604113169685,HBL,49,13,100,1290,129000
201604113169674,HBL,40,58,110,1290,141900
201604113169673,HBL,40,49,30,1285,38550
201604113169669,HBL,40,13,105,1285,134925
201604113169614,HBL,33,33,379,1270,481330
201604113169977,ICFC,25,53,300,255,76500
201604113169791,ILFCM,45,33,10,1170,11700
201604113169771,ILFCM,45,34,10,1170,11700
201604113169763,ILFCM,45,34,10,1170,11700
201604113169761,ILFCM,45,34,10,1170,11700
201604113169666,ILFCM,45,29,10,1170,11700
201604113169844,JFL,40,16,210,325,68250
201604113169846,KCDBL,39,38,30,218,6540
201604113169746,KCDBL,17,35,17,222,3774
201604113169595,KMCDB,38,22,10,1650,16500
201604113169957,LBL,42,22,200,640,128000
201604113169823,LBL,42,47,21,640,13440
201604113169818,LBL,42,47,450,640,288000
201604113169817,LBL,48,47,50,641,32050
201604113169805,LBL,42,38,259,640,165760
201604113169998,LICN,13,48,92,3650,335800
201604113169615,LLBS,10,50,10,2330,23300
201604113169732,LVF1,1,1,5000,11,52550
201604113169713,LVF1,6,17,5000,11,52750
201604113169698,LVF1,1,1,5000,11,52550
201604113169994,MBBL,39,50,1000,305,305000
201604113169988,MBBL,39,50,84,305,25620
201604113169987,MBBL,39,42,40,300,12000
201604113169958,MBBL,39,16,500,304,152000
201604113169956,MBBL,39,1,500,303,151500
201604113169955,MBBL,39,50,328,300,98400
201604113169575,MBBL,48,50,50,300,15000
201604113169693,MBBL,48,50,500,306,153000
201604113169691,MBBL,48,16,161,301,48461
201604113169690,MBBL,48,50,950,300,285000
201604113169689,MBBL,48,17,300,299,89700
201604113169688,MBBL,48,16,500,299,149500
201604113169695,MDB,21,21,15,605,9075
201604113169929,MMDBL,39,21,100,1110,111000
201604113169928,MMDBL,39,13,10,1108,11080
201604113169927,MMDBL,39,16,50,1105,55250
201604113169926,MMDBL,39,42,10,1100,11000
201604113169925,MMDBL,39,45,30,1100,33000
201604113169850,MMFDB,48,53,30,2630,78900
201604113169849,MMFDB,48,39,10,2625,26250
201604113169848,MMFDB,48,33,10,2600,26000
201604113169997,MNBBL,17,1,10,880,8800
201604113169899,MNBBL,48,22,10,870,8700
201604113169963,NABIL,25,39,50,2075,103750
201604113170005,NABILP,6,28,270,1560,421200
201604113169762,NABILP,38,53,200,1548,309600
201604113169643,NABILP,40,28,21,1542,32382
201604113169574,NABILP,25,28,21,1540,32340
201604113169640,NABILP,35,33,400,1560,624000
201604113169639,NABILP,19,33,30,1560,46800
201604113169621,NABILP,40,52,30,1570,47100
201604113169617,NABILP,35,28,1100,1560,1716000
201604113169602,NABILP,32,53,200,1560,312000
201604113169982,NBB,19,39,21,543,11403
201604113169964,NBB,53,34,200,542,108400
201604113169953,NBB,19,29,50,543,27150
201604113169804,NBB,20,48,250,546,136500
201604113169648,NBB,53,32,500,543,271500
201604113169647,NBB,53,21,1200,542,650400
201604113169681,NBB,51,34,1000,544,544000
201604113169676,NBB,48,34,500,540,270000
201604113169675,NBB,49,34,500,540,270000
201604113169672,NBB,49,36,41,537,22017
201604113169668,NBB,49,34,1000,541,541000
201604113169755,NBB,36,32,500,541,270500
201604113169747,NBB,22,6,500,543,271500
201604113169739,NBB,19,41,11,542,5962
201604113169728,NBB,25,45,500,543,271500
201604113169726,NBB,43,14,100,542,54200
201604113169707,NBB,49,22,203,540,109620
201604113169788,NBB,49,57,200,543,108600
201604113169787,NBB,49,6,500,543,271500
201604113169786,NBB,14,38,625,541,338125
201604113169782,NBB,36,45,243,541,131463
201604113169776,NBB,1,56,24,543,13032
201604113169775,NBB,43,49,62,543,33666
201604113169803,NBB,20,45,100,545,54500
201604113169802,NBB,20,45,250,545,136250
201604113169796,NBB,49,17,2000,547,1094000
201604113169795,NBB,49,48,1000,545,545000
201604113169790,NBB,49,40,25,544,13600
201604113169789,NBB,49,34,1000,544,544000
201604113169907,NBF1,6,5,1798,16,28408
201604113169652,NBF1,13,17,839,16,13256
201604113169642,NBF1,13,57,1199,16,18944
201604113169984,NBL,28,46,1000,409,409000
201604113169930,NBL,33,38,400,409,163600
201604113169855,NBL,45,49,20,410,8200
201604113169853,NBL,43,35,700,408,285600
201604113169852,NBL,36,54,1500,409,613500
201604113169828,NBL,25,54,1000,409,409000
201604113169585,NBL,33,44,1000,410,410000
201604113169584,NBL,33,35,1000,410,410000
201604113169580,NBL,5,10,1510,410,619100
201604113169579,NBL,5,44,500,410,205000
201604113169596,NBL,33,8,200,413,82600
201604113169593,NBL,45,17,951,413,392763
201604113169590,NBL,33,35,1000,412,412000
201604113169589,NBL,42,7,1000,412,412000
201604113169588,NBL,48,25,283,411,116313
201604113169587,NBL,45,35,1000,410,410000
201604113169610,NBL,21,44,1000,410,410000
201604113169609,NBL,45,59,2000,410,820000
201604113169604,NBL,38,44,200,412,82400
201604113169603,NBL,48,44,800,412,329600
201604113169598,NBL,33,25,300,415,124500
201604113169597,NBL,33,47,500,414,207000
201604113169665,NBL,36,33,300,409,122700
201604113169650,NBL,36,33,200,409,81800
201604113169646,NBL,36,44,50,410,20500
201604113169626,NBL,38,53,1000,411,411000
201604113169619,NBL,45,58,2000,410,820000
201604113169618,NBL,43,33,800,408,326400
201604113169758,NBL,17,44,950,410,389500
201604113169738,NBL,51,29,1000,409,409000
201604113169737,NBL,34,29,1000,409,409000
201604113169715,NBL,58,58,5000,409,2045000
201604113169710,NBL,51,34,500,409,204500
201604113169709,NBL,51,33,500,409,204500
201604113169827,NBL,48,54,500,409,204500
201604113169813,NBL,48,59,500,409,204500
201604113169812,NBL,28,59,1000,409,409000
201604113169811,NBL,17,59,1000,409,409000
201604113169765,NBL,42,49,300,410,123000
201604113169759,NBL,17,49,50,410,20500
201604113169749,NCDB,10,18,10,456,4560
201604113169995,NHPC,48,48,5000,175,875000
201604113169906,NHPC,17,42,1000,174,174000
201604113169637,NHPC,17,48,1000,175,175000
201604113169573,NHPC,32,22,150,178,26700
201604113169999,NIB,3,33,90,1098,98820
201604113169909,NIB,47,49,102,1097,111894
201604113169908,NIB,16,45,134,1095,146730
201604113169896,NIB,19,54,218,1095,238710
201604113169843,NIB,17,33,90,1095,98550
201604113169838,NIB,13,33,300,1095,328500
201604113169629,NIB,59,1,300,1101,330300
201604113169628,NIB,18,50,50,1100,55000
201604113169627,NIB,36,50,150,1100,165000
201604113169608,NIB,52,1,200,1100,220000
201604113169662,NIB,59,8,15,1100,16500
201604113169638,NIB,57,8,340,1100,374000
201604113169636,NIB,48,8,100,1100,110000
201604113169635,NIB,19,50,200,1100,220000
201604113169634,NIB,18,50,40,1100,44000
201604113169633,NIB,13,14,467,1100,513700
201604113169721,NIB,14,13,100,1100,110000
201604113169720,NIB,14,44,100,1100,110000
201604113169719,NIB,14,44,50,1100,55000
201604113169705,NIB,46,44,50,1100,55000
201604113169667,NIB,59,44,400,1100,440000
201604113169664,NIB,59,50,77,1100,84700
201604113169743,NIB,50,32,100,1100,110000
201604113169740,NIB,43,32,100,1100,110000
201604113169725,NIB,14,45,200,1100,220000
201604113169724,NIB,14,50,260,1100,286000
201604113169723,NIB,14,26,60,1100,66000
201604113169722,NIB,14,7,240,1100,264000
201604113169831,NIB,21,33,200,1097,219400
201604113169821,NIB,11,42,174,1100,191400
201604113169774,NIB,42,25,100,1100,110000
201604113169764,NIB,46,25,30,1100,33000
201604113169752,NIB,50,25,40,1100,44000
201604113169744,NIB,50,52,115,1100,126500
201604113169837,NIB,17,33,50,1095,54750
201604113169836,NIB,26,33,50,1095,54750
201604113169835,NIB,17,33,30,1095,32850
201604113169834,NIB,33,33,100,1096,109600
201604113169833,NIB,42,33,180,1096,197280
201604113169832,NIB,1,33,500,1096,548000
201604113169985,NIBPO,44,34,390,930,362700
201604113169983,NIBPO,58,34,110,930,102300
201604113169980,NIBPO,58,20,290,930,269700
201604113169969,NIBPO,44,53,500,930,465000
201604113169948,NIBPO,59,56,500,928,464000
201604113169942,NIBPO,58,14,100,923,92300
201604113169768,NIBPO,42,53,100,916,91600
201604113169730,NIBPO,44,44,1000,916,916000
201604113169687,NIBPO,33,33,1000,920,920000
201604113169919,NIBPO,52,14,100,923,92300
201604113169918,NIBPO,52,41,100,922,92200
201604113169810,NIBPO,44,44,7000,905,6335000
201604113169784,NIBPO,44,48,250,920,230000
201604113169770,NIBPO,17,53,100,916,91600
201604113169769,NIBPO,17,53,150,916,137400
201604113169731,NIBSF1,6,17,5000,10,52050
201604113169981,NICA,41,36,30,780,23400
201604113169945,NICA,11,48,530,781,413930
201604113169936,NICA,11,50,200,781,156200
201604113169886,NICA,11,22,69,780,53820
201604113169842,NICA,41,22,115,780,89700
201604113169841,NICA,41,56,150,780,117000
201604113169792,NICA,19,38,34,780,26520
201604113169754,NICA,40,54,340,780,265200
201604113169572,NICA,42,17,200,780,156000
201604113169845,NLIC,41,26,200,3605,721000
201604113169785,NLIC,16,16,69,3601,248469
201604113169772,NLIC,16,14,69,3600,248400
201604113170004,NLICL,34,33,500,2685,1342500
201604113169857,NLICL,34,33,275,2680,737000
201604113169745,NMB,13,36,90,602,54180
201604113169733,NMB,13,43,383,600,229800
201604113169679,NMB,33,33,500,602,301000
201604113169644,NMB,6,42,36,601,21636
201604113169571,NMB,16,16,22,600,13200
201604113169570,NMB,16,16,22,600,13200
201604113169569,NMB,16,16,22,600,13200
201604113169568,NMB,16,16,22,600,13200
201604113169567,NMB,16,16,58,600,34800
201604113169727,NMBSF1,6,17,5000,11,57000
201604113170002,NTC,53,14,100,710,71000
201604113169921,NTC,32,50,150,710,106500
201604113169671,NTC,10,32,10,719,7190
201604113169973,PCBL,22,22,200,556,111200
201604113169959,PCBL,22,22,252,555,139860
201604113169885,PCBL,6,14,200,555,111000
201604113169884,PCBL,8,14,1000,555,555000
201604113169883,PCBL,29,14,200,556,111200
201604113169882,PCBL,17,14,200,556,111200
201604113169682,PCBL,17,40,50,560,28000
201604113169649,PCBL,17,43,250,560,140000
201604113169881,PCBL,29,14,700,557,389900
201604113169880,PCBL,1,14,150,558,83700
201604113169879,PCBL,29,14,150,559,83850
201604113169794,PCBL,1,40,29,562,16298
201604113169779,PCBL,45,55,200,560,112000
201604113169778,PCBL,45,40,150,560,84000
201604113169990,PFC,28,16,230,326,74980
201604113169975,PIC,17,17,56,1230,68880
201604113169889,PLIC,35,22,27,1665,44955
201604113169887,PLIC,35,22,40,1665,66600
201604113169581,PLIC,34,34,67,1662,111354
201604113169924,PRIN,35,19,100,731,73100
201604113169944,PROFL,41,18,100,168,16800
201604113169943,PROFL,41,43,200,167,33400
201604113169873,PROFL,10,18,100,165,16500
201604113169820,PROFL,50,18,100,162,16200
201604113169978,REDBL,58,52,1000,383,383000
201604113169851,REDBL,56,38,20,376,7520
201604113169974,RHPC,48,38,50,446,22300
201604113169894,RHPC,39,25,12,455,5460
201604113169870,RHPC,39,22,20,464,9280
201604113169904,RMDC,50,38,35,962,33670
201604113169797,RMDC,50,38,35,963,33705
201604113169741,RMDC,35,43,100,970,97000
201604113169905,SANIMA,49,32,100,801,80100
201604113169900,SANIMA,17,22,24,800,19200
201604113169888,SANIMA,41,32,400,801,320400
201604113169780,SANIMA,17,48,80,800,64000
201604113169714,SANIMA,45,55,200,800,160000
201604113169656,SANIMA,39,32,100,800,80000
201604113169655,SANIMA,19,32,200,800,160000
201604113170001,SBI,32,59,200,1541,308200
201604113170000,SBI,33,59,100,1542,154200
201604113169991,SBI,52,46,100,1543,154300
201604113169607,SBI,43,21,400,1550,620000
201604113169902,SCB,5,53,50,3199,159950
201604113169591,SCB,11,22,50,3200,160000
201604113169826,SEWA,52,52,100,338,33800
201604113169809,SEWA,18,43,100,341,34100
201604113169777,SEWA,22,38,11,335,3685
201604113169767,SEWA,38,38,11,336,3696
201604113169760,SEWA,36,38,11,337,3707
201604113169750,SEWA,52,38,11,340,3740
201604113169976,SHPC,56,21,198,855,169290
201604113169972,SHPC,45,38,16,855,13680
201604113169971,SHPC,45,22,18,855,15390
201604113169970,SHPC,45,22,18,855,15390
201604113169967,SHPC,45,22,18,855,15390
201604113169965,SHPC,45,38,16,855,13680
201604113169847,SHPC,10,14,294,855,251370
201604113169801,SHPC,45,38,16,851,13616
201604113169992,SICL,34,44,22,1750,38500
201604113169979,SICL,58,44,22,1750,38500
201604113169968,SICL,34,44,22,1750,38500
201604113169947,SICL,34,44,22,1750,38500
201604113169946,SICL,34,44,22,1750,38500
201604113169941,SICL,34,44,22,1750,38500
201604113169912,SICL,34,44,22,1750,38500
201604113169911,SICL,34,38,58,1745,101210
201604113169932,SICL,34,44,22,1750,38500
201604113169931,SICL,34,44,22,1750,38500
201604113169920,SICL,34,44,22,1750,38500
201604113169915,SICL,34,44,22,1750,38500
201604113169914,SICL,34,44,22,1750,38500
201604113169913,SICL,34,44,22,1750,38500
201604113169940,SICL,34,44,22,1750,38500
201604113169939,SICL,34,44,22,1750,38500
201604113169938,SICL,34,44,22,1750,38500
201604113169935,SICL,34,44,22,1750,38500
201604113169934,SICL,34,44,22,1750,38500
201604113169933,SICL,34,44,22,1750,38500
201604113169891,SINDU,5,7,1000,355,355000
201604113169856,SINDU,5,14,200,350,70000
201604113169808,SRBL,43,45,200,545,109000
201604113169807,SRBL,45,45,190,545,103550
201604113169806,SRBL,33,45,200,546,109200
201604113169661,SRBL,45,26,54,546,29484
201604113169659,SRBL,45,26,90,546,49140
201604113169658,SRBL,42,26,10,550,5500
201604113169651,SRBL,19,1,200,550,110000
201604113169616,SRBL,45,22,40,550,22000
201604113169613,SRBL,45,45,14,550,7700
201604113169611,SRBL,45,45,15,550,8250
201604113169566,SRBL,42,22,90,550,49500
201604113169734,SUBBL,39,19,100,318,31800
201604113169670,SUBBL,39,25,168,324,54432
201604113169677,SWBBL,14,26,200,2400,480000
201604113169773,UIC,20,36,100,826,82600
201604113169766,UIC,47,36,130,827,107510
201604113169735,UIC,47,38,492,827,406884
201604113169697,UIC,47,56,500,827,413500
201604113169696,UIC,35,56,300,827,248100
201604113169678,UIC,47,38,875,830,726250
201604113169657,UIC,47,36,100,830,83000
201604113169606,UIC,47,38,500,830,415000
201604113169601,UIC,47,38,200,829,165800
201604113169594,UIC,42,38,200,830,166000
201604113169576,UIC,47,6,200,830,166000
201604113169993,YETI,13,22,30,193,5790
