contract,symbol,buyer,seller,qty,rate,amt
2019101001000879,ADBL,47,35,68,415,28220
2019101001001021,AKBSL,19,38,10,410,4100
2019101001000996,AKBSL,19,38,10,410,4100
2019101001000737,AKBSL,19,32,10,410,4100
2019101001000903,AKJCL,29,58,10,54,540
2019101001000703,AKJCL,29,58,10,54,540
2019101001000663,AKJCL,29,58,10,54,540
2019101001001048,AKPL,45,46,20,142,2840
2019101001001047,AKPL,45,45,30,132,3960
2019101001001028,AKPL,45,45,20,134,2680
2019101001000844,AKPL,42,57,210,136,28560
2019101001000704,AKPL,42,58,10,136,1360
2019101001001023,ALBSL,28,38,10,385,3850
2019101001000794,ALBSL,28,22,10,385,3850
2019101001001110,ALICL,32,28,60,314,18840
2019101001001066,ALICL,41,28,40,314,12560
2019101001000810,ALICL,28,36,500,314,157000
2019101001000809,ALICL,40,36,50,314,15700
2019101001000793,API,45,49,1037,112,116144
2019101001000792,API,39,49,200,113,22600
2019101001000791,API,57,49,20,113,2260
2019101001000790,API,26,49,50,113,5650
2019101001000789,API,41,49,193,113,21809
2019101001000744,API,41,6,11,113,1243
2019101001001075,BOKL,10,35,250,240,60000
2019101001001074,BOKL,10,6,540,240,129600
2019101001001073,BOKL,10,47,200,240,48000
2019101001001043,BOKL,42,6,10,240,2400
2019101001001042,BOKL,42,7,300,237,71100
2019101001000880,BOKL,42,14,50,236,11800
2019101001000702,BOKL,35,35,50,235,11750
2019101001000701,BOKL,6,35,100,235,23500
2019101001000700,BOKL,34,35,100,235,23500
2019101001001005,BPCL,43,47,10,365,3650
2019101001000885,CBBL,48,51,30,970,29100
2019101001000746,CBBL,32,55,50,970,48500
2019101001000716,CBBL,58,19,220,970,213400
2019101001000658,CBBL,14,51,50,971,48550
2019101001001125,CBL,57,29,115,145,16675
2019101001001124,CBL,57,14,80,145,11600
2019101001001070,CBL,43,14,10,145,1450
2019101001001022,CBL,14,14,1000,144,144000
2019101001000928,CBL,22,56,100,144,14400
2019101001000927,CBL,57,56,300,144,43200
2019101001000902,CCBL,42,34,200,155,31000
2019101001001136,CEFL,11,48,50,114,5700
2019101001000677,CHCL,49,56,100,425,42500
2019101001000911,CIT,49,35,34,1776,60384
2019101001001009,CZBIL,57,40,374,197,73678
2019101001000910,CZBIL,14,58,10,196,1960
2019101001000846,CZBIL,33,40,40,197,7880
2019101001000761,CZBIL,14,29,160,196,31360
2019101001000666,CZBIL,14,58,10,196,1960
2019101001001068,DBBL,42,56,100,129,12900
2019101001001062,DBBL,42,56,100,129,12900
2019101001000948,DBBL,17,56,386,129,49794
2019101001001092,EBL,32,14,50,574,28700
2019101001001091,EBL,52,14,50,574,28700
2019101001001090,EBL,46,14,100,574,57400
2019101001000946,EBL,14,44,30,575,17250
2019101001000831,EBL,14,57,18,575,10350
2019101001000762,EBL,14,19,117,575,67275
2019101001000683,EBL,42,57,150,577,86550
2019101001001151,EIC,34,41,20,236,4720
2019101001001150,EIC,58,41,130,238,30940
2019101001001103,EIC,58,41,170,238,40460
2019101001000838,EIC,58,51,90,238,21420
2019101001000833,EIC,38,51,20,239,4780
2019101001000832,EIC,56,51,40,239,9560
2019101001000800,EIC,22,14,50,240,12000
2019101001000759,EIC,38,14,35,240,8400
2019101001000760,FOWAD,47,50,20,1284,25680
2019101001000747,GBBL,57,32,250,212,53000
2019101001000711,GBBL,37,32,100,212,21200
2019101001000713,GBLBS,45,45,10,319,3190
2019101001000706,GBLBS,45,58,10,319,3190
2019101001001001,GFCL,13,59,35,140,4900
2019101001000972,GFCL,13,59,35,138,4830
2019101001000926,GFCL,13,59,35,136,4760
2019101001000893,GFCL,13,59,35,134,4690
2019101001000804,GFCL,5,52,10,132,1320
2019101001000672,GLBSL,32,58,10,430,4300
2019101001001004,GMFBS,32,38,10,454,4540
2019101001000994,HIDCL,32,40,688,133,91504
2019101001000753,HIDCL,32,45,183,131,23973
2019101001000752,HIDCL,45,45,87,131,11397
2019101001000742,HIDCL,45,6,13,131,1703
2019101001000839,HPPL,45,42,20,144,2880
2019101001000707,HPPL,59,58,10,140,1400
2019101001000705,HURJA,22,17,10,106,1060
2019101001001079,IGI,42,19,200,290,58000
2019101001001072,IGI,42,7,200,290,58000
2019101001000813,ILBS,55,50,20,421,8420
2019101001000812,ILBS,55,50,30,422,12660
2019101001000811,ILBS,57,50,40,423,16920
2019101001000724,ILBS,57,32,10,423,4230
2019101001000758,JBBL,22,58,200,160,32000
2019101001000712,JBBL,57,29,80,157,12560
2019101001001104,JFL,8,17,250,196,49000
2019101001000960,KBL,42,42,43,181,7783
2019101001000913,KBL,33,42,257,181,46517
2019101001000912,KBL,33,42,43,181,7783
2019101001000797,KBL,47,42,100,181,18100
2019101001000796,KBL,6,42,157,181,28417
2019101001000708,KPCL,22,58,10,79,790
2019101001000673,KPCL,22,58,10,79,790
2019101001000915,KPCL,22,58,10,79,790
2019101001000995,KSBBL,33,50,200,143,28600
2019101001000886,KSBBL,32,29,103,144,14832
2019101001000710,KSBBL,57,59,60,144,8640
2019101001001135,LBBL,33,14,10,176,1760
2019101001001121,LBBL,19,36,102,174,17748
2019101001001120,LBBL,33,14,10,176,1760
2019101001001119,LBBL,33,4,55,175,9625
2019101001001118,LBBL,33,58,300,175,52500
2019101001000717,LBBL,38,29,11,174,1914
2019101001000690,LBBL,57,58,100,175,17500
2019101001000689,LBBL,51,58,100,175,17500
2019101001000818,LBL,17,45,143,213,30459
2019101001000816,LBL,17,45,193,213,41109
2019101001000755,LBL,41,45,42,213,8946
2019101001001113,LGIL,47,41,10,360,3600
2019101001000656,LGIL,42,35,100,360,36000
2019101001000655,LGIL,42,57,30,360,10800
2019101001000896,LICN,6,35,50,981,49050
2019101001000895,LICN,36,35,30,981,29430
2019101001000890,MBL,33,51,2000,223,446000
2019101001000862,MBL,33,51,1720,222,381840
2019101001000861,MBL,34,51,250,223,55750
2019101001000860,MBL,32,51,30,223,6690
2019101001000669,MBL,32,19,190,223,42370
2019101001000668,MBL,42,19,300,224,67200
2019101001000667,MBL,41,19,10,225,2250
2019101001000735,MDB,35,35,60,249,14940
2019101001001133,MEGA,43,42,10,196,1960
2019101001001128,MEGA,32,56,80,195,15600
2019101001001127,MEGA,28,56,365,195,71175
2019101001001032,MEGA,13,42,150,196,29400
2019101001001002,MEGA,54,42,100,196,19600
2019101001000654,MEGA,28,39,116,195,22620
2019101001000653,MEGA,32,39,113,195,22035
2019101001000676,MEGA,53,49,100,196,19600
2019101001000868,MEGA,34,10,500,198,99000
2019101001000814,MEGA,50,28,500,198,99000
2019101001000757,MEGA,28,45,19,195,3705
2019101001000981,MEGA,19,48,20,197,3940
2019101001000783,MHNL,22,59,55,82,4510
2019101001001061,MLBL,51,8,676,217,146692
2019101001001060,MLBL,51,33,300,217,65100
2019101001001059,MLBL,51,43,216,217,46872
2019101001001058,MLBL,51,53,500,217,108500
2019101001001057,MLBL,51,40,200,216,43200
2019101001001056,MLBL,51,43,108,216,23328
2019101001000722,MLBL,39,5,236,214,50504
2019101001000721,MLBL,14,5,50,214,10700
2019101001000720,MLBL,14,5,1000,214,214000
2019101001000719,MLBL,45,5,235,214,50290
2019101001000718,MLBL,34,5,479,214,102506
2019101001000674,MLBL,29,33,443,215,95245
2019101001000853,MLBL,57,50,200,216,43200
2019101001000850,MLBL,51,14,200,215,43000
2019101001000849,MLBL,51,34,100,215,21500
2019101001000848,MLBL,14,34,50,215,10750
2019101001000830,MLBL,59,34,450,215,96750
2019101001000763,MLBL,39,33,500,215,107500
2019101001000950,MLBL,45,43,50,216,10800
2019101001000878,MLBL,51,43,50,216,10800
2019101001000877,MLBL,51,40,100,216,21600
2019101001000876,MLBL,51,14,300,216,64800
2019101001000875,MLBL,51,50,250,216,54000
2019101001000871,MLBL,51,33,1000,215,215000
2019101001000837,MNBBL,37,32,100,308,30800
2019101001000777,MNBBL,19,57,200,309,61800
2019101001001115,NABIL,22,3,20,770,15400
2019101001001114,NABIL,22,3,35,770,26950
2019101001001107,NABIL,14,3,20,773,15460
2019101001001067,NABIL,11,3,14,773,10822
2019101001000894,NABIL,42,3,100,773,77300
2019101001000881,NABIL,22,45,15,770,11550
2019101001000806,NADEP,28,22,11,401,4411
2019101001000805,NADEP,28,22,20,401,8020
2019101001001108,NBL,43,11,10,318,3180
2019101001000993,NBL,14,43,1000,317,317000
2019101001000766,NBL,34,6,60,316,18960
2019101001000751,NBL,22,6,10,316,3160
2019101001000750,NBL,32,6,500,316,158000
2019101001000749,NBL,35,6,30,316,9480
2019101001001099,NCCB,26,7,19,199,3781
2019101001001076,NCCB,38,51,21,201,4221
2019101001001020,NCCB,5,50,350,200,70000
2019101001001019,NCCB,5,50,473,200,94600
2019101001000899,NCCB,47,50,27,200,5400
2019101001000785,NCCB,26,50,150,200,30000
2019101001001117,NGPL,39,6,77,99,7623
2019101001000756,NHDL,56,58,10,94,940
2019101001000982,NHPC,3,13,100,53,5300
2019101001000824,NHPC,3,56,1400,53,74200
2019101001000909,NIB,35,22,17,442,7514
2019101001000907,NIB,45,22,65,442,28730
2019101001000901,NIB,45,57,232,444,103008
2019101001000900,NIB,45,45,15,443,6645
2019101001000859,NIB,45,57,35,441,15435
2019101001000858,NIB,37,57,47,441,20727
2019101001000857,NIB,6,57,100,442,44200
2019101001000856,NIB,37,57,50,442,22100
2019101001001015,NICA,14,22,100,385,38500
2019101001001014,NICA,14,59,98,385,37730
2019101001000951,NICA,41,59,10,385,3850
2019101001000699,NICA,42,59,42,385,16170
2019101001000691,NICA,42,59,108,385,41580
2019101001000931,NICL,43,56,10,279,2790
2019101001000884,NICL,43,56,10,275,2750
2019101001000852,NICL,43,56,19,270,5130
2019101001000961,NIL,17,42,90,360,32400
2019101001000754,NIL,39,42,10,360,3600
2019101001000723,NIL,39,29,10,358,3580
2019101001000987,NLIC,45,45,86,765,65790
2019101001000659,NLIC,44,44,355,763,270865
2019101001001093,NLICL,43,48,10,471,4710
2019101001000935,NLICL,6,47,51,462,23562
2019101001000889,NLICL,28,37,270,463,125010
2019101001000888,NLICL,13,37,50,463,23150
2019101001000887,NLICL,40,37,10,464,4640
2019101001000802,NLICL,49,37,20,470,9400
2019101001000940,NMBMF,38,21,10,1140,11400
2019101001001134,NMBSF1,39,4,1400,10,14042
2019101001001055,NMFBS,49,39,50,1750,87500
2019101001001054,NMFBS,49,21,50,1750,87500
2019101001001053,NMFBS,49,45,40,1749,69960
2019101001000947,NMFBS,33,45,10,1749,17490
2019101001000803,NMFBS,47,19,50,1724,86200
2019101001000929,NSEWA,55,58,10,371,3710
2019101001000788,NSEWA,48,22,10,378,3780
2019101001000726,NSEWA,48,58,10,378,3780
2019101001001138,NTC,59,19,10,636,6360
2019101001001123,NTC,32,19,10,628,6280
2019101001001029,NTC,59,19,10,640,6400
2019101001001025,NTC,6,59,200,630,126000
2019101001001096,OHL,42,33,10,501,5010
2019101001001098,PCBL,39,36,12,268,3216
2019101001001097,PCBL,47,36,100,270,27000
2019101001001040,PCBL,39,58,200,270,54000
2019101001001039,PCBL,29,58,50,270,13500
2019101001001038,PCBL,45,58,204,270,55080
2019101001001037,PCBL,33,58,20,271,5420
2019101001000815,PCBL,35,56,20,277,5540
2019101001001036,PCBL,39,58,782,271,211922
2019101001001018,PCBL,38,44,20,275,5500
2019101001000971,PCBL,3,44,17,275,4675
2019101001000842,PCBL,14,56,50,277,13850
2019101001000835,PCBL,44,56,136,277,37672
2019101001000834,PCBL,44,48,64,276,17664
2019101001001111,PFL,44,47,50,137,6850
2019101001000836,PFL,6,47,50,137,6850
2019101001000974,PIC,34,58,10,371,3710
2019101001000778,PIC,6,22,20,370,7400
2019101001000728,PIC,6,58,11,370,4070
2019101001000660,PIC,56,28,30,375,11250
2019101001001131,PLIC,53,26,10,324,3240
2019101001000937,PMHPL,54,58,10,89,890
2019101001000787,PMHPL,54,22,10,89,890
2019101001000782,PMHPL,54,22,10,89,890
2019101001000774,PMHPL,54,22,10,89,890
2019101001000773,PMHPL,54,22,10,89,890
2019101001000731,PMHPL,54,58,10,89,890
2019101001001041,PPCL,39,6,20,93,1860
2019101001000739,PPCL,39,32,10,93,930
2019101001000727,PPCL,39,32,10,93,930
2019101001000976,PRIN,42,41,25,312,7800
2019101001000943,PRIN,32,41,10,315,3150
2019101001001152,PRVU,49,45,10,270,2700
2019101001001130,PRVU,5,53,312,269,83928
2019101001001109,PRVU,45,53,50,269,13450
2019101001001102,PRVU,22,53,50,269,13450
2019101001001100,PRVU,22,53,50,269,13450
2019101001000685,PRVU,52,7,210,269,56490
2019101001000671,PRVU,52,7,790,269,212510
2019101001000670,PRVU,33,7,1210,269,325490
2019101001000662,PRVU,33,7,290,269,78010
2019101001000661,PRVU,34,7,40,269,10760
2019101001000657,PRVU,6,7,300,269,80700
2019101001000807,PRVU,40,7,40,269,10760
2019101001000799,PRVU,7,7,100,269,26900
2019101001000798,PRVU,44,7,500,269,134500
2019101001000730,PRVU,45,41,600,268,160800
2019101001000709,PRVU,47,7,100,269,26900
2019101001000696,PRVU,35,7,50,269,13450
2019101001000822,PRVU,33,34,907,269,243983
2019101001000821,PRVU,33,7,865,269,232685
2019101001000820,PRVU,33,32,704,269,189376
2019101001000819,PRVU,59,7,25,269,6725
2019101001000817,PRVU,49,7,50,269,13450
2019101001000808,PRVU,40,7,60,269,16140
2019101001000847,PRVU,37,7,350,269,94150
2019101001000845,PRVU,56,7,155,269,41695
2019101001000841,PRVU,43,7,50,269,13450
2019101001000826,PRVU,42,7,100,269,26900
2019101001000825,PRVU,42,58,200,269,53800
2019101001000823,PRVU,33,7,1000,269,269000
2019101001000892,PRVU,33,53,154,269,41426
2019101001000883,PRVU,14,53,50,269,13450
2019101001000874,PRVU,33,7,1000,269,269000
2019101001000873,PRVU,33,56,75,269,20175
2019101001000872,PRVU,33,7,295,269,79355
2019101001000869,PRVU,48,7,50,269,13450
2019101001000914,PRVU,41,7,900,269,242100
2019101001000908,PRVU,51,7,100,269,26900
2019101001000906,PRVU,5,19,120,269,32280
2019101001000905,PRVU,5,6,100,269,26900
2019101001000904,PRVU,5,53,596,269,160324
2019101001000897,PRVU,42,53,200,269,53800
2019101001000957,PRVU,36,7,100,269,26900
2019101001000956,PRVU,59,7,300,269,80700
2019101001000955,PRVU,41,7,300,269,80700
2019101001000954,PRVU,22,7,50,269,13450
2019101001000949,PRVU,22,45,80,270,21600
2019101001000942,PRVU,22,41,150,269,40350
2019101001000986,PRVU,49,53,70,269,18830
2019101001000980,PRVU,51,53,200,269,53800
2019101001000979,PRVU,36,53,1000,269,269000
2019101001000978,PRVU,35,53,500,269,134500
2019101001000977,PRVU,57,53,100,269,26900
2019101001000958,PRVU,57,7,250,269,67250
2019101001001063,PRVU,34,53,762,269,204978
2019101001001031,PRVU,39,53,238,269,64022
2019101001001030,PRVU,39,58,460,269,123740
2019101001001016,PRVU,42,58,20,269,5380
2019101001000998,PRVU,57,58,70,269,18830
2019101001000997,PRVU,57,53,130,269,34970
2019101001001089,PRVU,14,53,500,269,134500
2019101001001088,PRVU,34,36,63,268,16884
2019101001001087,PRVU,50,36,500,268,134000
2019101001001086,PRVU,45,36,437,268,117116
2019101001001065,PRVU,34,53,38,269,10222
2019101001001064,PRVU,34,57,200,269,53800
2019101001001003,RADHI,13,53,12,137,1644
2019101001000932,RADHI,13,58,16,139,2224
2019101001001137,RHPL,51,35,380,161,61180
2019101001001126,RHPL,51,41,20,161,3220
2019101001001078,RHPL,51,58,130,161,20930
2019101001001077,RHPL,51,58,500,161,80500
2019101001001046,RHPL,59,51,2000,162,324000
2019101001001045,RHPL,59,45,990,162,160380
2019101001000771,RHPL,38,57,30,160,4800
2019101001000743,RHPL,54,32,40,158,6320
2019101001000734,RHPL,54,58,40,158,6320
2019101001000729,RHPL,54,32,40,158,6320
2019101001000695,RHPL,54,58,10,158,1580
2019101001000675,RHPL,17,58,30,159,4770
2019101001000920,RHPL,45,57,40,160,6400
2019101001000919,RHPL,45,57,40,160,6400
2019101001000918,RHPL,45,57,40,160,6400
2019101001000917,RHPL,45,57,40,160,6400
2019101001000916,RHPL,45,57,30,160,4800
2019101001000772,RHPL,38,57,10,160,1600
2019101001000941,RHPL,45,58,40,160,6400
2019101001000925,RHPL,45,52,50,160,8000
2019101001000924,RHPL,45,34,40,160,6400
2019101001000923,RHPL,45,57,50,160,8000
2019101001000922,RHPL,45,57,50,160,8000
2019101001000921,RHPL,45,57,50,160,8000
2019101001001006,RHPL,51,38,40,161,6440
2019101001000992,RHPL,51,6,50,161,8050
2019101001000991,RHPL,51,54,50,161,8050
2019101001000990,RHPL,51,41,40,161,6440
2019101001000989,RHPL,51,42,20,161,3220
2019101001000988,RHPL,51,57,300,161,48300
2019101001001035,SABSL,17,58,50,451,22550
2019101001000770,SABSL,17,22,10,451,4510
2019101001000882,SADBL,19,6,20,142,2840
2019101001000725,SADBL,8,29,85,140,11900
2019101001000953,SANIMA,14,57,50,308,15400
2019101001000952,SANIMA,34,57,50,308,15400
2019101001000829,SANIMA,14,52,930,307,285510
2019101001000828,SANIMA,36,52,70,307,21490
2019101001000687,SANIMA,42,19,150,309,46350
2019101001000678,SBI,14,36,1000,408,408000
2019101001001149,SBL,42,10,300,341,102300
2019101001001148,SBL,42,42,250,341,85250
2019101001001147,SBL,42,28,300,341,102300
2019101001001146,SBL,42,6,194,341,66154
2019101001001129,SBL,17,29,829,340,281860
2019101001001106,SBL,47,6,10,341,3410
2019101001000732,SBL,13,52,90,340,30600
2019101001000697,SBL,13,45,50,340,17000
2019101001000693,SBL,13,42,60,340,20400
2019101001000686,SBL,47,42,100,340,34000
2019101001000680,SBL,22,42,70,340,23800
2019101001000965,SBL,11,34,100,340,34000
2019101001000936,SBL,11,35,100,340,34000
2019101001000843,SBL,51,58,100,341,34100
2019101001000795,SBL,10,58,264,341,90024
2019101001000769,SBL,11,33,300,340,102000
2019101001000765,SBL,17,42,500,340,170000
2019101001001010,SBL,59,58,200,339,67800
2019101001000970,SBL,37,34,50,340,17000
2019101001000969,SBL,29,34,100,340,34000
2019101001000968,SBL,34,34,20,340,6800
2019101001000967,SBL,35,34,100,340,34000
2019101001000966,SBL,34,34,50,340,17000
2019101001001081,SBL,33,33,300,340,102000
2019101001001080,SBL,33,34,30,340,10200
2019101001001051,SBL,17,34,50,340,17000
2019101001001024,SBL,42,58,36,339,12204
2019101001001012,SBL,42,58,819,339,277641
2019101001001011,SBL,21,58,50,339,16950
2019101001001132,SCB,14,44,430,587,252410
2019101001001122,SCB,10,13,50,590,29500
2019101001001069,SCB,14,36,250,587,146750
2019101001000984,SCB,14,45,20,587,11740
2019101001000898,SCB,10,50,50,586,29300
2019101001000840,SCB,6,57,29,585,16965
2019101001000775,SCB,34,50,150,586,87900
2019101001000698,SCB,34,45,50,586,29300
2019101001001145,SHIVM,50,58,20,508,10160
2019101001001144,SHIVM,39,58,50,508,25400
2019101001001143,SHIVM,4,58,25,509,12725
2019101001001142,SHIVM,47,58,100,510,51000
2019101001001141,SHIVM,32,58,120,511,61320
2019101001001050,SHIVM,32,18,80,511,40880
2019101001000934,SHIVM,13,10,190,513,97470
2019101001000933,SHIVM,56,10,10,513,5130
2019101001000891,SHIVM,3,58,25,514,12850
2019101001000736,SHIVM,14,58,50,511,25550
2019101001000679,SHIVM,51,58,50,511,25550
2019101001001049,SHIVM,35,18,20,511,10220
2019101001000964,SHIVM,14,58,660,514,339240
2019101001000963,SHIVM,14,28,200,513,102600
2019101001000959,SHIVM,32,58,50,512,25600
2019101001000945,SHIVM,32,57,40,512,20480
2019101001000944,SHIVM,13,57,10,513,5130
2019101001001071,SHL,5,34,1500,212,318000
2019101001001017,SHL,58,34,500,212,106000
2019101001001095,SIC,35,41,93,471,43803
2019101001001094,SIC,56,41,57,471,26847
2019101001001105,SIL,39,7,45,385,17325
2019101001000748,SIL,39,13,125,385,48125
2019101001001013,SJCL,51,38,20,170,3400
2019101001000745,SJCL,33,32,20,168,3360
2019101001000738,SJCL,33,58,20,168,3360
2019101001000733,SJCL,33,32,20,168,3360
2019101001000682,SJCL,33,58,20,168,3360
2019101001000681,SJCL,33,52,50,168,8400
2019101001000962,SJCL,33,58,20,168,3360
2019101001000784,SJCL,33,43,20,168,3360
2019101001000781,SJCL,33,43,20,168,3360
2019101001001000,SJCL,51,42,30,170,5100
2019101001000999,SJCL,38,42,10,170,1700
2019101001000985,SJCL,38,6,20,170,3400
2019101001000983,SJCL,38,42,20,170,3400
2019101001000975,SJCL,51,59,500,170,85000
2019101001000939,SLBBL,41,58,285,551,157035
2019101001000851,SLBBL,33,37,10,560,5600
2019101001000827,SLBBL,41,35,55,551,30305
2019101001001044,SLBSL,55,38,10,671,6710
2019101001000714,SLBSL,55,45,10,671,6710
2019101001000684,SLBSL,55,58,10,671,6710
2019101001001116,SLICL,17,55,515,265,136475
2019101001000870,SLICL,42,55,25,265,6625
2019101001000867,SLICL,53,55,50,265,13250
2019101001000866,SLICL,36,55,50,265,13250
2019101001000865,SLICL,41,55,20,265,5300
2019101001000864,SLICL,34,55,90,265,23850
2019101001000863,SLICL,42,55,50,267,13350
2019101001001085,SMATA,28,28,100,532,53200
2019101001001084,SMATA,10,28,200,533,106600
2019101001001083,SMATA,35,28,50,533,26650
2019101001001082,SMATA,58,28,20,534,10680
2019101001000715,SPARS,45,45,10,541,5410
2019101001000688,SPARS,45,58,10,541,5410
2019101001000764,SPDL,10,56,100,77,7700
2019101001001052,SRBL,35,46,90,240,21600
2019101001001034,SRBL,35,3,10,239,2390
2019101001001033,SRBL,41,3,10,239,2390
2019101001000665,SRBL,21,28,50,238,11900
2019101001000664,SRBL,6,28,950,238,226100
2019101001000692,SWBBL,19,47,50,925,46250
2019101001000938,TRH,45,17,320,285,91200
2019101001001140,UIC,41,35,50,260,13000
2019101001001139,UIC,41,35,100,260,26000
2019101001000855,UIC,7,55,300,265,79500
2019101001000854,UIC,3,35,20,266,5320
2019101001001027,UNHPL,39,6,50,56,2800
2019101001001026,UNHPL,11,6,450,56,25200
2019101001001101,UNL,3,55,10,20200,202000
2019101001001112,UPPER,19,56,200,236,47200
2019101001001008,UPPER,19,59,150,236,35400
2019101001001007,UPPER,45,59,850,236,200600
2019101001000973,UPPER,45,58,40,236,9440
2019101001000741,UPPER,42,58,40,234,9360
2019101001000740,UPPER,56,58,10,234,2340
2019101001000694,UPPER,56,58,40,234,9360
2019101001000786,UPPER,6,22,50,234,11700
2019101001000780,UPPER,6,22,20,234,4680
2019101001000779,UPPER,32,22,20,234,4680
2019101001000776,UPPER,32,22,50,234,11700
2019101001000768,UPPER,32,22,30,234,7020
2019101001000767,UPPER,33,22,10,234,2340
2019101001000930,UPPER,45,34,110,236,25960
2019101001000801,UPPER,21,34,50,236,11800
2019101001000488,ADBL,47,41,160,415,66400
2019101001000422,ADBL,39,41,90,415,37350
2019101001000418,ADBL,39,11,500,415,207500
2019101001000260,ADBL,11,11,500,415,207500
2019101001000650,AHPC,44,26,1750,94,164500
2019101001000649,AHPC,59,26,200,94,18800
2019101001000648,AHPC,52,26,50,95,4750
2019101001000313,AKBSL,41,6,10,415,4150
2019101001000505,AKJCL,29,58,20,54,1080
2019101001000188,AKPL,22,45,1000,138,138000
2019101001000511,ALBSL,28,58,10,385,3850
2019101001000227,ALBSL,28,38,10,385,3850
2019101001000580,ALICL,40,40,150,314,47100
2019101001000579,ALICL,28,40,150,314,47100
2019101001000578,ALICL,59,28,10,320,3200
2019101001000426,ALICL,28,59,350,314,109900
2019101001000421,ALICL,45,59,100,316,31600
2019101001000420,ALICL,44,59,237,317,75129
2019101001000406,ALICL,44,44,1206,317,382302
2019101001000155,ALICL,37,37,80,320,25600
2019101001000154,ALICL,32,37,20,321,6420
2019101001000647,API,41,53,768,113,86784
2019101001000646,API,42,53,50,114,5700
2019101001000504,API,41,40,28,113,3164
2019101001000386,BFC,6,57,50,87,4350
2019101001000342,BNL,42,5,124,1830,226920
2019101001000339,BNL,34,5,10,1795,17950
2019101001000582,BOKL,32,22,300,236,70800
2019101001000459,BOKL,37,22,200,236,47200
2019101001000391,BOKL,37,48,100,235,23500
2019101001000389,BOKL,34,48,200,235,47000
2019101001000167,BOKL,14,32,500,234,117000
2019101001000166,BOKL,45,32,100,234,23400
2019101001000602,BPCL,14,33,10,361,3610
2019101001000601,BPCL,14,33,20,361,7220
2019101001000163,BPCL,43,45,30,362,10860
2019101001000548,CBBL,42,58,100,971,97100
2019101001000595,CBL,42,14,210,145,30450
2019101001000594,CBL,42,17,790,145,114550
2019101001000590,CBL,42,14,700,144,100800
2019101001000577,CBL,8,14,300,144,43200
2019101001000487,CBL,35,17,10,145,1450
2019101001000356,CBL,42,17,200,145,29000
2019101001000336,CBL,57,33,100,143,14300
2019101001000571,CCBL,8,29,629,153,96237
2019101001000570,CCBL,59,29,60,153,9180
2019101001000569,CCBL,44,29,500,153,76500
2019101001000568,CCBL,53,29,61,153,9333
2019101001000214,CCBL,45,28,1000,152,152000
2019101001000213,CCBL,56,28,30,153,4590
2019101001000212,CCBL,45,28,250,153,38250
2019101001000211,CCBL,32,28,500,153,76500
2019101001000210,CCBL,14,28,100,153,15300
2019101001000209,CCBL,22,28,50,154,7700
2019101001000486,CHCL,10,56,14,430,6020
2019101001000483,CHCL,29,57,100,422,42200
2019101001000357,CHCL,49,49,900,417,375300
2019101001000556,CIT,48,45,45,1800,81000
2019101001000555,CIT,45,45,40,1800,72000
2019101001000462,CIT,45,5,10,1800,18000
2019101001000289,CLBSL,51,45,16,466,7456
2019101001000611,CZBIL,6,29,100,197,19700
2019101001000610,CZBIL,35,29,160,197,31520
2019101001000586,CZBIL,35,51,500,197,98500
2019101001000567,CZBIL,35,11,340,197,66980
2019101001000566,CZBIL,6,11,190,197,37430
2019101001000520,CZBIL,6,58,10,197,1970
2019101001000564,DBBL,48,56,64,129,8256
2019101001000181,DBBL,10,56,50,129,6450
2019101001000565,DDBL,35,57,100,725,72500
2019101001000588,EBL,22,19,100,575,57500
2019101001000552,EBL,14,44,535,575,307625
2019101001000509,EBL,39,44,200,575,115000
2019101001000508,EBL,58,44,200,575,115000
2019101001000507,EBL,34,44,15,575,8625
2019101001000506,EBL,11,44,50,576,28800
2019101001000495,EBL,37,57,10,577,5770
2019101001000170,EBL,40,44,50,584,29200
2019101001000550,EIC,22,58,100,239,23900
2019101001000545,EIC,41,14,40,240,9600
2019101001000479,EIC,3,14,50,240,12000
2019101001000379,EIC,58,13,10,238,2380
2019101001000307,FMDBL,44,7,10,325,3250
2019101001000259,FMDBL,22,26,11,325,3575
2019101001000281,GBBL,57,41,400,212,84800
2019101001000549,GBLBS,38,57,10,318,3180
2019101001000362,GMFBS,53,40,10,453,4530
2019101001000626,HIDCL,32,49,186,131,24366
2019101001000625,HIDCL,45,49,100,131,13100
2019101001000624,HIDCL,22,49,100,131,13100
2019101001000519,HIDCL,57,40,50,131,6550
2019101001000518,HIDCL,47,40,500,131,65500
2019101001000517,HIDCL,35,40,500,131,65500
2019101001000516,HIDCL,39,40,500,132,66000
2019101001000515,HIDCL,29,40,100,133,13300
2019101001000514,HIDCL,22,40,30,133,3990
2019101001000381,HIDCL,22,13,20,133,2660
2019101001000302,HIDCL,22,46,50,133,6650
2019101001000524,HPPL,59,40,20,140,2800
2019101001000446,HPPL,45,6,10,142,1420
2019101001000387,HURJA,11,13,20,105,2100
2019101001000189,HURJA,29,17,10,106,1060
2019101001000403,JBBL,57,58,100,160,16000
2019101001000645,KBL,6,29,33,181,5973
2019101001000388,KBL,6,13,10,181,1810
2019101001000256,KBL,37,55,100,182,18200
2019101001000255,KBL,41,55,100,182,18200
2019101001000254,KBL,34,54,200,183,36600
2019101001000527,KKHC,29,40,10,60,600
2019101001000521,KPCL,22,58,10,79,790
2019101001000585,KSBBL,57,32,40,144,5760
2019101001000512,LBBL,6,4,45,176,7920
2019101001000503,LBBL,6,4,100,176,17600
2019101001000344,LBBL,57,4,100,176,17600
2019101001000231,LBBL,35,32,50,176,8800
2019101001000493,LBL,34,53,500,214,107000
2019101001000627,LGIL,41,57,40,360,14400
2019101001000174,LGIL,11,48,19,358,6802
2019101001000481,MBL,33,13,1000,225,225000
2019101001000480,MBL,33,45,40,225,9000
2019101001000278,MBL,53,53,163,224,36512
2019101001000164,MDB,39,34,500,252,126000
2019101001000633,MEGA,32,36,200,195,39000
2019101001000606,MEGA,48,49,50,196,9800
2019101001000605,MEGA,33,49,50,196,9800
2019101001000544,MEGA,33,53,250,196,49000
2019101001000215,MEGA,32,28,500,195,97500
2019101001000171,MEGA,41,8,300,197,59100
2019101001000393,MEGA,32,58,19,195,3705
2019101001000392,MEGA,32,58,19,195,3705
2019101001000218,MEGA,50,28,700,194,135800
2019101001000217,MEGA,45,28,200,194,38800
2019101001000216,MEGA,57,28,300,194,58200
2019101001000395,MEGA,32,58,19,195,3705
2019101001000394,MEGA,32,13,20,195,3900
2019101001000584,MERO,21,6,100,561,56100
2019101001000279,MERO,38,40,10,570,5700
2019101001000303,MFIL,53,59,200,127,25400
2019101001000614,MHNL,29,59,55,81,4455
2019101001000622,MLBL,58,33,57,215,12255
2019101001000609,MLBL,58,5,223,215,47945
2019101001000589,MLBL,58,32,320,215,68800
2019101001000467,MLBL,41,32,180,215,38700
2019101001000440,MLBL,29,43,50,215,10750
2019101001000158,MLBL,29,49,500,215,107500
2019101001000157,MLBL,42,49,20,215,4300
2019101001000156,MLBL,32,40,100,215,21500
2019101001000153,MLBL,32,33,894,215,192210
2019101001000286,MLBL,34,49,200,215,43000
2019101001000261,MLBL,34,34,21,214,4494
2019101001000184,MLBL,57,28,500,213,106500
2019101001000165,MLBL,58,40,1000,214,214000
2019101001000439,MLBL,26,43,20,215,4300
2019101001000405,MLBL,58,34,500,215,107500
2019101001000353,MLBL,53,49,190,215,40850
2019101001000350,MLBL,35,49,200,215,43000
2019101001000309,MLBL,21,49,190,215,40850
2019101001000299,MLBL,47,49,200,215,43000
2019101001000644,NABIL,33,3,30,773,23190
2019101001000597,NABIL,47,48,106,769,81514
2019101001000526,NABIL,48,48,32,769,24608
2019101001000404,NABIL,56,48,150,769,115350
2019101001000312,NABIL,41,48,10,769,7690
2019101001000276,NABIL,19,37,60,766,45960
2019101001000168,NABIL,40,48,50,769,38450
2019101001000640,NBB,52,19,120,210,25200
2019101001000363,NBB,29,17,50,210,10500
2019101001000365,NBB,49,17,500,209,104500
2019101001000364,NBB,53,17,108,209,22572
2019101001000496,NBL,11,6,210,316,66360
2019101001000466,NBL,48,6,10,317,3170
2019101001000390,NBL,13,10,1000,316,316000
2019101001000287,NBL,46,11,100,318,31800
2019101001000581,NCCB,34,50,100,200,20000
2019101001000541,NCCB,59,50,200,200,40000
2019101001000396,NCCB,26,13,20,199,3980
2019101001000292,NCCB,48,58,50,200,10000
2019101001000176,NCCB,10,34,20,204,4080
2019101001000613,NHDL,56,46,50,95,4750
2019101001000563,NHPC,14,56,90,54,4860
2019101001000561,NHPC,7,56,100,53,5300
2019101001000533,NIB,37,40,453,441,199773
2019101001000532,NIB,39,40,30,441,13230
2019101001000531,NIB,46,40,200,442,88400
2019101001000530,NIB,6,40,90,443,39870
2019101001000456,NIB,37,37,6220,444,2761680
2019101001000398,NIB,6,13,10,443,4430
2019101001000361,NIB,42,41,100,445,44500
2019101001000282,NIB,46,41,100,445,44500
2019101001000246,NIB,6,34,30,442,13260
2019101001000540,NICA,22,48,480,383,183840
2019101001000539,NICA,3,48,150,383,57450
2019101001000538,NICA,47,48,170,383,65110
2019101001000537,NICA,38,48,100,384,38400
2019101001000419,NICA,7,56,15,385,5775
2019101001000401,NICA,34,56,40,385,15400
2019101001000162,NICA,41,4,100,389,38900
2019101001000400,NICA,44,56,45,385,17325
2019101001000374,NICA,44,44,20,385,7700
2019101001000373,NICA,44,44,1137,385,437745
2019101001000296,NICA,33,41,300,385,115500
2019101001000277,NICA,41,41,200,385,77000
2019101001000230,NICA,7,6,60,384,23040
2019101001000169,NICL,11,26,20,265,5300
2019101001000600,NIL,13,38,150,351,52650
2019101001000596,NIL,43,58,80,352,28160
2019101001000572,NIL,53,58,20,352,7040
2019101001000599,NLIC,47,19,62,762,47244
2019101001000598,NLIC,47,58,70,762,53340
2019101001000583,NLIC,7,58,25,763,19075
2019101001000543,NLIC,43,58,30,764,22920
2019101001000501,NLIC,45,56,120,765,91800
2019101001000500,NLIC,34,56,30,765,22950
2019101001000402,NLIC,34,13,20,765,15300
2019101001000326,NLIC,19,56,49,765,37485
2019101001000325,NLIC,41,56,10,765,7650
2019101001000274,NLIC,37,56,50,765,38250
2019101001000273,NLIC,42,56,20,766,15320
2019101001000206,NLIC,42,4,10,774,7740
2019101001000478,NLICL,58,48,50,471,23550
2019101001000623,NMBMF,49,28,10,1119,11190
2019101001000452,NMFBS,44,16,29,1759,51011
2019101001000639,NTC,59,19,10,637,6370
2019101001000619,NTC,22,42,10,625,6250
2019101001000618,NTC,59,42,200,625,125000
2019101001000617,NTC,36,42,30,625,18750
2019101001000616,NTC,22,42,30,626,18780
2019101001000615,NTC,32,42,10,626,6260
2019101001000433,NTC,59,19,10,637,6370
2019101001000429,NTC,22,19,10,625,6250
2019101001000425,NTC,58,13,20,634,12680
2019101001000288,OHL,50,33,50,503,25150
2019101001000314,OHL,34,44,35,496,17360
2019101001000651,PCBL,3,29,10,272,2720
2019101001000436,PCBL,39,47,38,275,10450
2019101001000435,PCBL,39,51,880,274,241120
2019101001000434,PCBL,39,37,100,273,27300
2019101001000372,PCBL,45,32,96,270,25920
2019101001000355,PCBL,39,34,36,269,9684
2019101001000297,PCBL,22,6,37,267,9879
2019101001000267,PCBL,56,6,10,267,2670
2019101001000241,PCBL,17,45,25,265,6625
2019101001000240,PCBL,39,45,12,265,3180
2019101001000643,PIC,49,29,12,372,4464
2019101001000642,PIC,11,29,20,372,7440
2019101001000641,PIC,6,29,35,374,13090
2019101001000523,PIC,6,22,20,374,7480
2019101001000522,PIC,6,22,20,374,7480
2019101001000371,PIC,58,28,20,375,7500
2019101001000202,PICL,42,8,20,455,9100
2019101001000280,PLIC,53,39,50,330,16500
2019101001000205,PPCL,39,17,30,93,2790
2019101001000652,PRVU,49,7,370,269,99530
2019101001000632,PRVU,33,53,1000,269,269000
2019101001000631,PRVU,33,32,300,269,80700
2019101001000630,PRVU,33,58,3000,269,807000
2019101001000629,PRVU,33,7,1000,269,269000
2019101001000628,PRVU,33,7,430,269,115670
2019101001000160,PRVU,47,45,21,269,5649
2019101001000159,PRVU,49,45,500,269,134500
2019101001000183,PRVU,29,32,376,270,101520
2019101001000182,PRVU,29,45,624,270,168480
2019101001000179,PRVU,28,45,76,270,20520
2019101001000175,PRVU,29,45,100,270,27000
2019101001000173,PRVU,57,42,100,269,26900
2019101001000161,PRVU,54,45,979,269,263351
2019101001000198,PRVU,44,56,919,269,247211
2019101001000197,PRVU,57,56,100,269,26900
2019101001000196,PRVU,34,56,489,269,131541
2019101001000194,PRVU,42,32,60,270,16200
2019101001000191,PRVU,34,8,11,269,2959
2019101001000190,PRVU,56,8,60,269,16140
2019101001000223,PRVU,34,39,2000,270,540000
2019101001000222,PRVU,34,42,100,270,27000
2019101001000221,PRVU,34,32,1364,270,368280
2019101001000207,PRVU,44,32,200,269,53800
2019101001000204,PRVU,44,56,1500,269,403500
2019101001000201,PRVU,44,56,1500,269,403500
2019101001000234,PRVU,49,45,1219,270,329130
2019101001000232,PRVU,21,45,45,270,12150
2019101001000229,PRVU,34,45,1000,270,270000
2019101001000226,PRVU,41,45,200,270,54000
2019101001000225,PRVU,34,45,36,270,9720
2019101001000224,PRVU,34,13,1500,270,405000
2019101001000250,PRVU,41,4,30,271,8130
2019101001000249,PRVU,50,4,400,271,108400
2019101001000239,PRVU,34,47,169,270,45630
2019101001000237,PRVU,49,47,31,270,8370
2019101001000236,PRVU,49,57,400,270,108000
2019101001000235,PRVU,49,57,200,270,54000
2019101001000269,PRVU,49,51,150,271,40650
2019101001000268,PRVU,49,51,154,271,41734
2019101001000258,PRVU,34,32,50,271,13550
2019101001000253,PRVU,42,32,50,271,13550
2019101001000252,PRVU,41,32,170,271,46070
2019101001000251,PRVU,41,54,200,271,54200
2019101001000284,PRVU,38,50,10,272,2720
2019101001000283,PRVU,46,50,100,272,27200
2019101001000275,PRVU,34,45,1464,271,396744
2019101001000271,PRVU,49,45,536,271,145256
2019101001000270,PRVU,49,34,1000,271,271000
2019101001000298,PRVU,22,58,100,271,27100
2019101001000295,PRVU,42,58,50,271,13550
2019101001000294,PRVU,33,58,100,271,27100
2019101001000293,PRVU,59,58,100,271,27100
2019101001000291,PRVU,59,56,200,271,54200
2019101001000290,PRVU,49,56,1800,271,487800
2019101001000310,PRVU,42,58,50,271,13550
2019101001000308,PRVU,17,58,500,271,135500
2019101001000306,PRVU,57,58,50,271,13550
2019101001000305,PRVU,41,58,600,271,162600
2019101001000304,PRVU,5,58,400,271,108400
2019101001000300,PRVU,34,58,650,271,176150
2019101001000327,PRVU,44,58,20,270,5400
2019101001000322,PRVU,6,32,200,271,54200
2019101001000321,PRVU,57,32,200,271,54200
2019101001000315,PRVU,34,58,200,271,54200
2019101001000311,PRVU,34,58,200,271,54200
2019101001000333,PRVU,41,58,500,270,135000
2019101001000332,PRVU,36,58,1000,270,270000
2019101001000331,PRVU,34,58,2000,270,540000
2019101001000330,PRVU,10,58,400,270,108000
2019101001000329,PRVU,34,58,1000,270,270000
2019101001000328,PRVU,22,58,1000,270,270000
2019101001000375,PRVU,44,53,881,269,236989
2019101001000369,PRVU,45,57,60,270,16200
2019101001000368,PRVU,4,57,46,270,12420
2019101001000338,PRVU,17,57,20,270,5400
2019101001000335,PRVU,17,58,30,270,8100
2019101001000334,PRVU,42,58,50,270,13500
2019101001000383,PRVU,47,58,140,269,37660
2019101001000382,PRVU,34,58,931,269,250439
2019101001000380,PRVU,57,57,150,270,40500
2019101001000378,PRVU,34,53,69,269,18561
2019101001000377,PRVU,14,53,1000,269,269000
2019101001000376,PRVU,6,53,50,269,13450
2019101001000410,PRVU,57,34,105,269,28245
2019101001000409,PRVU,51,34,21,269,5649
2019101001000399,PRVU,42,57,50,270,13500
2019101001000397,PRVU,58,57,70,270,18900
2019101001000385,PRVU,51,58,79,269,21251
2019101001000384,PRVU,34,58,350,269,94150
2019101001000431,PRVU,26,45,500,269,134500
2019101001000430,PRVU,58,45,80,269,21520
2019101001000414,PRVU,41,32,896,270,241920
2019101001000413,PRVU,41,57,104,270,28080
2019101001000412,PRVU,4,50,108,269,29052
2019101001000411,PRVU,57,50,395,269,106255
2019101001000458,PRVU,49,58,200,269,53800
2019101001000457,PRVU,55,58,255,269,68595
2019101001000455,PRVU,55,18,745,269,200405
2019101001000454,PRVU,26,18,200,269,53800
2019101001000442,PRVU,49,40,550,269,147950
2019101001000437,PRVU,38,45,420,269,112980
2019101001000482,PRVU,17,53,500,269,134500
2019101001000477,PRVU,44,42,1421,268,380828
2019101001000476,PRVU,41,42,69,269,18561
2019101001000475,PRVU,41,53,131,269,35239
2019101001000473,PRVU,44,53,869,269,233761
2019101001000472,PRVU,44,34,1131,269,304239
2019101001000492,PRVU,34,53,250,269,67250
2019101001000491,PRVU,28,5,963,268,258084
2019101001000490,PRVU,34,5,500,268,134000
2019101001000489,PRVU,44,5,537,268,143916
2019101001000485,PRVU,37,53,50,269,13450
2019101001000484,PRVU,58,53,200,269,53800
2019101001000547,PRVU,42,51,463,268,124084
2019101001000546,PRVU,28,51,37,268,9916
2019101001000542,PRVU,7,7,500,269,134500
2019101001000510,PRVU,57,7,100,269,26900
2019101001000499,PRVU,49,58,457,269,122933
2019101001000497,PRVU,52,58,200,269,53800
2019101001000575,PRVU,42,56,37,268,9916
2019101001000574,PRVU,21,42,350,269,94150
2019101001000573,PRVU,21,58,650,269,174850
2019101001000559,PRVU,49,58,350,269,94150
2019101001000558,PRVU,49,7,300,269,80700
2019101001000553,PRVU,37,7,100,269,26900
2019101001000621,PRVU,34,7,570,269,153330
2019101001000620,PRVU,34,42,430,269,115670
2019101001000608,PRVU,41,42,20,269,5380
2019101001000593,PRVU,45,58,200,268,53600
2019101001000592,PRVU,13,42,200,269,53800
2019101001000576,PRVU,45,56,763,268,204484
2019101001000587,RADHI,22,58,11,137,1507
2019101001000468,RBCLPO,32,28,10,7490,74900
2019101001000525,RHPL,54,58,40,158,6320
2019101001000447,RHPL,54,43,50,158,7900
2019101001000445,RHPL,54,43,40,158,6320
2019101001000443,RHPL,54,43,50,158,7900
2019101001000441,RHPL,54,43,50,158,7900
2019101001000438,RHPL,54,43,40,158,6320
2019101001000352,RHPL,54,4,30,158,4740
2019101001000351,RHPL,41,4,10,159,1590
2019101001000187,RHPL,41,17,50,159,7950
2019101001000180,RHPL,41,35,40,159,6360
2019101001000465,RLFL,17,28,84,112,9408
2019101001000551,RSDC,38,33,50,328,16400
2019101001000498,RSDC,48,26,13,333,4329
2019101001000192,SABSL,57,38,10,450,4500
2019101001000370,SADBL,17,17,200,140,28000
2019101001000461,SANIMA,37,33,30,310,9300
2019101001000453,SANIMA,37,59,70,310,21700
2019101001000266,SANIMA,46,59,100,310,31000
2019101001000195,SANIMA,4,38,100,306,30600
2019101001000463,SAPDBL,49,48,400,130,52000
2019101001000341,SAPDBL,10,41,42,128,5376
2019101001000340,SAPDBL,34,41,100,128,12800
2019101001000208,SBI,40,28,50,415,20750
2019101001000638,SBL,47,42,20,340,6800
2019101001000637,SBL,47,55,880,340,299200
2019101001000636,SBL,38,55,500,340,170000
2019101001000635,SBL,42,55,20,340,6800
2019101001000604,SBL,42,53,980,340,333200
2019101001000603,SBL,18,53,20,340,6800
2019101001000285,SBL,38,53,10,340,3400
2019101001000265,SBL,11,11,201,339,68139
2019101001000264,SBL,11,32,100,339,33900
2019101001000263,SBL,11,28,200,339,67800
2019101001000262,SBL,11,47,18,339,6102
2019101001000245,SBL,29,28,50,338,16900
2019101001000346,SBL,42,36,183,340,62220
2019101001000320,SBL,42,57,10,340,3400
2019101001000319,SBL,42,28,100,340,34000
2019101001000318,SBL,42,6,500,340,170000
2019101001000317,SBL,42,53,207,340,70380
2019101001000316,SBL,6,58,200,339,67800
2019101001000428,SBL,42,6,296,340,100640
2019101001000367,SBL,54,58,100,341,34100
2019101001000366,SBL,54,10,100,341,34100
2019101001000358,SBL,42,10,100,341,34100
2019101001000354,SBL,6,10,200,341,68200
2019101001000347,SBL,42,36,204,340,69360
2019101001000612,SCB,29,57,25,588,14700
2019101001000607,SCB,34,57,100,588,58800
2019101001000536,SCB,6,40,20,585,11700
2019101001000323,SCB,6,34,50,585,29250
2019101001000172,SCB,40,13,50,590,29500
2019101001000460,SHINE,44,41,200,248,49600
2019101001000557,SHIVM,46,57,50,516,25800
2019101001000554,SHIVM,46,58,150,512,76800
2019101001000528,SHIVM,41,58,50,511,25550
2019101001000471,SHIVM,53,35,100,512,51200
2019101001000470,SHIVM,36,35,20,513,10260
2019101001000469,SHIVM,35,35,30,514,15420
2019101001000220,SHIVM,36,17,60,513,30780
2019101001000219,SHIVM,41,17,40,514,20560
2019101001000203,SHIVM,41,34,50,514,25700
2019101001000535,SHL,51,32,100,210,21000
2019101001000534,SHL,48,32,100,211,21100
2019101001000337,SHL,58,32,500,210,105000
2019101001000634,SIC,42,42,18,480,8640
2019101001000494,SIC,45,7,15,482,7230
2019101001000272,SICL,58,56,100,715,71500
2019101001000349,SIL,39,56,250,385,96250
2019101001000343,SIL,39,7,546,385,210210
2019101001000248,SIL,39,56,76,385,29260
2019101001000562,SJCL,33,6,20,168,3360
2019101001000529,SJCL,13,58,20,168,3360
2019101001000186,SJCL,41,17,10,168,1680
2019101001000185,SJCL,41,17,10,168,1680
2019101001000178,SJCL,41,6,10,168,1680
2019101001000177,SJCL,41,56,10,168,1680
2019101001000345,SJCL,41,4,20,168,3360
2019101001000451,SJCL,41,43,20,170,3400
2019101001000450,SJCL,41,43,20,170,3400
2019101001000449,SJCL,41,43,20,170,3400
2019101001000448,SJCL,41,56,10,170,1700
2019101001000502,SLBBL,33,35,10,551,5510
2019101001000427,SLBBL,41,56,60,541,32460
2019101001000244,SLBBL,41,58,100,551,55100
2019101001000238,SLBSL,32,38,10,670,6700
2019101001000424,SLICL,34,13,10,265,2650
2019101001000193,SMB,39,38,10,412,4120
2019101001000591,SMFDB,5,56,50,512,25600
2019101001000199,SPARS,32,38,10,540,5400
2019101001000513,SRBL,42,35,500,239,119500
2019101001000444,SRBL,7,46,50,240,12000
2019101001000423,SRBL,42,59,500,239,119500
2019101001000408,SRBL,42,22,500,239,119500
2019101001000360,SRBL,42,40,50,241,12050
2019101001000359,SRBL,42,34,50,240,12000
2019101001000324,SRBL,42,46,500,239,119500
2019101001000247,SRBL,7,52,500,238,119000
2019101001000257,TRH,35,17,30,285,8550
2019101001000233,TRH,34,17,10,285,2850
2019101001000560,UIC,7,35,150,265,39750
2019101001000243,UIC,7,51,90,265,23850
2019101001000242,UIC,7,35,60,265,15900
2019101001000348,UNHPL,11,4,50,56,2800
2019101001000301,UNHPL,7,6,200,57,11400
2019101001000474,UPPER,6,34,251,236,59236
2019101001000464,UPPER,41,34,50,235,11750
2019101001000432,UPPER,42,13,55,234,12870
2019101001000200,UPPER,6,38,50,235,11750
2019101001000417,UPPER,22,34,30,235,7050
2019101001000416,UPPER,14,34,300,235,70500
2019101001000415,UPPER,11,34,100,235,23500
2019101001000407,UPPER,13,56,50,235,11750
2019101001000228,UPPER,6,38,50,235,11750
2019101001000087,ADBL,14,45,10,412,4120
2019101001000031,ADBL,6,46,10,412,4120
2019101001000005,ADBL,43,43,81,413,33453
2019101001000045,AKBSL,38,34,10,412,4120
2019101001000014,ALBSL,17,17,10,390,3900
2019101001000082,ALICL,37,45,20,320,6400
2019101001000049,ALICL,43,45,10,320,3200
2019101001000021,BFC,8,8,900,86,77400
2019101001000020,BFC,8,8,155,87,13485
2019101001000148,BOKL,52,48,200,235,47000
2019101001000026,BOKL,6,45,50,236,11800
2019101001000022,BPCL,17,17,11,362,3982
2019101001000015,BPCL,17,17,11,362,3982
2019101001000008,BPCL,17,17,11,362,3982
2019101001000054,CBL,22,33,100,143,14300
2019101001000115,CEFL,11,4,10,110,1100
2019101001000024,CHL,58,17,10,79,790
2019101001000151,EBL,58,44,10,584,5840
2019101001000119,EBL,11,28,37,579,21423
2019101001000025,EBL,58,28,13,579,7527
2019101001000028,GLBSL,17,17,10,437,4370
2019101001000029,ILBS,17,17,10,429,4290
2019101001000112,LBBL,52,32,100,176,17600
2019101001000094,LBBL,11,32,10,176,1760
2019101001000109,LBL,14,45,100,213,21300
2019101001000039,LBL,32,41,1800,212,381600
2019101001000143,MLBL,44,33,520,215,111800
2019101001000138,MLBL,59,33,100,215,21500
2019101001000137,MLBL,21,33,100,215,21500
2019101001000136,MLBL,57,33,500,215,107500
2019101001000135,MLBL,32,33,2000,215,430000
2019101001000134,MLBL,59,33,20,215,4300
2019101001000132,MLBL,38,50,50,216,10800
2019101001000030,MSLB,17,17,26,954,24804
2019101001000052,NABIL,11,35,56,765,42840
2019101001000003,NABIL,11,38,30,765,22950
2019101001000009,NADEP,17,17,20,402,8040
2019101001000027,NBL,19,19,10,312,3120
2019101001000032,NHDL,17,17,10,96,960
2019101001000004,NLIC,7,35,18,770,13860
2019101001000150,NTC,33,32,10,646,6460
2019101001000010,NTC,22,19,10,637,6370
2019101001000002,NTC,59,19,10,649,6490
2019101001000128,PCBL,51,35,80,267,21360
2019101001000107,PCBL,11,35,20,267,5340
2019101001000073,PCBL,51,57,29,267,7743
2019101001000072,PCBL,51,35,16,267,4272
2019101001000059,PCBL,4,51,16,262,4192
2019101001000056,PCBL,21,35,200,264,52800
2019101001000051,PCBL,57,33,25,264,6600
2019101001000050,PCBL,19,33,100,264,26400
2019101001000019,PCBL,36,42,14,265,3710
2019101001000018,PCBL,36,6,40,265,10600
2019101001000001,PCBL,58,35,50,264,13200
2019101001000037,PFL,59,47,10,137,1370
2019101001000092,PLIC,11,45,30,336,10080
2019101001000149,PRVU,34,46,501,269,134769
2019101001000147,PRVU,55,46,100,269,26900
2019101001000146,PRVU,52,46,100,269,26900
2019101001000145,PRVU,52,46,100,269,26900
2019101001000144,PRVU,54,45,100,270,27000
2019101001000133,PRVU,55,45,100,270,27000
2019101001000053,PRVU,38,57,300,269,80700
2019101001000064,PRVU,28,57,180,270,48600
2019101001000063,PRVU,28,19,200,270,54000
2019101001000062,PRVU,28,34,120,270,32400
2019101001000061,PRVU,38,4,500,269,134500
2019101001000057,PRVU,34,4,500,269,134500
2019101001000055,PRVU,38,4,500,269,134500
2019101001000077,PRVU,47,45,25,269,6725
2019101001000076,PRVU,51,4,280,270,75600
2019101001000074,PRVU,51,4,200,270,54000
2019101001000071,PRVU,51,57,500,270,135000
2019101001000070,PRVU,51,46,200,270,54000
2019101001000069,PRVU,51,57,20,270,5400
2019101001000085,PRVU,36,19,500,268,134000
2019101001000084,PRVU,5,19,100,268,26800
2019101001000081,PRVU,38,45,475,269,127775
2019101001000080,PRVU,38,45,500,269,134500
2019101001000079,PRVU,38,45,500,269,134500
2019101001000078,PRVU,28,45,500,269,134500
2019101001000101,PRVU,36,19,200,269,53800
2019101001000100,PRVU,36,56,350,269,94150
2019101001000098,PRVU,45,56,100,269,26900
2019101001000095,PRVU,39,56,500,269,134500
2019101001000093,PRVU,44,41,42,268,11256
2019101001000089,PRVU,11,56,50,269,13450
2019101001000111,PRVU,41,57,100,271,27100
2019101001000108,PRVU,44,34,1933,270,521910
2019101001000106,PRVU,36,34,526,270,142020
2019101001000105,PRVU,36,32,400,270,108000
2019101001000104,PRVU,36,50,280,270,75600
2019101001000103,PRVU,36,4,220,270,59400
2019101001000122,PRVU,19,45,200,270,54000
2019101001000121,PRVU,50,4,20,271,5420
2019101001000118,PRVU,50,40,100,271,27100
2019101001000117,PRVU,50,10,400,271,108400
2019101001000116,PRVU,50,57,400,271,108400
2019101001000114,PRVU,19,34,50,270,13500
2019101001000131,PRVU,47,45,500,270,135000
2019101001000130,PRVU,45,45,500,270,135000
2019101001000129,PRVU,22,56,1000,270,270000
2019101001000126,PRVU,41,4,50,271,13550
2019101001000125,PRVU,34,45,800,270,216000
2019101001000123,PRVU,37,45,1000,270,270000
2019101001000034,RHPC,17,17,10,80,800
2019101001000065,RHPL,45,57,10,160,1600
2019101001000058,RHPL,45,57,40,160,6400
2019101001000047,RHPL,45,56,10,160,1600
2019101001000046,RHPL,45,56,10,160,1600
2019101001000035,RHPL,17,17,10,159,1590
2019101001000016,RHPL,17,17,10,159,1590
2019101001000011,RHPL,17,17,10,159,1590
2019101001000006,RHPL,54,6,30,158,4740
2019101001000083,RLFL,22,59,40,113,4520
2019101001000012,RSDC,17,17,13,328,4264
2019101001000127,SBL,33,52,150,336,50400
2019101001000124,SBL,41,52,100,337,33700
2019101001000048,SBL,58,47,32,339,10848
2019101001000044,SBL,33,52,209,336,70224
2019101001000043,SBL,19,52,100,336,33600
2019101001000042,SBL,42,52,50,336,16800
2019101001000041,SBL,34,52,16,336,5376
2019101001000040,SBL,55,52,25,336,8400
2019101001000038,SBL,7,28,400,338,135200
2019101001000152,SHIVM,41,14,100,520,52000
2019101001000142,SHIVM,41,45,60,517,31020
2019101001000141,SHIVM,41,35,50,515,25750
2019101001000068,SHIVM,41,35,60,518,31080
2019101001000088,SIFC,43,57,100,155,15500
2019101001000033,SIFC,41,57,100,155,15500
2019101001000120,SJCL,43,57,20,167,3340
2019101001000113,SJCL,43,57,20,167,3340
2019101001000110,SJCL,43,57,20,167,3340
2019101001000099,SJCL,43,57,20,167,3340
2019101001000096,SJCL,43,57,20,167,3340
2019101001000090,SJCL,43,57,20,167,3340
2019101001000013,SJCL,17,17,10,169,1690
2019101001000086,SJCL,43,57,20,167,3340
2019101001000075,SJCL,43,57,20,167,3340
2019101001000067,SJCL,43,57,20,167,3340
2019101001000060,SJCL,43,57,20,167,3340
2019101001000036,SJCL,17,17,10,169,1690
2019101001000017,SJCL,17,17,10,169,1690
2019101001000140,SRBL,48,39,319,237,75603
2019101001000139,SRBL,48,39,363,237,86031
2019101001000102,SRBL,6,52,500,238,119000
2019101001000097,SRBL,7,32,14,237,3318
2019101001000091,SRBL,7,52,500,237,118500
2019101001000066,SRBL,7,41,71,237,16827
2019101001000023,TRH,32,44,100,283,28300
2019101001000007,UNL,34,32,10,20000,200000
