contract,symbol,buyer,seller,qty,rate,amt
2019031001001737,ADBL,42,19,159,294,46746
2019031001001737,ADBL,42,19,159,294,46746
2019031001001725,ADBL,14,48,12,292,3504
2019031001001724,ADBL,46,48,21,293,6153
2019031001001681,ADBL,46,58,50,293,14650
2019031001001693,AHPC,48,34,228,103,23484
2019031001001692,AHPC,48,53,22,102,2244
2019031001001687,AKJCL,14,21,20,81,1620
2019031001001674,AKJCL,14,36,10,80,800
2019031001001673,AKJCL,14,22,10,80,800
2019031001001642,AKPL,41,40,90,172,15480
2019031001001641,AKPL,41,41,20,172,3440
2019031001001640,AKPL,41,58,10,170,1700
2019031001001637,ALICL,33,57,100,398,39800
2019031001001444,ALICL,50,22,200,396,79200
2019031001001443,ALICL,50,19,41,396,16236
2019031001001449,API,41,22,284,129,36636
2019031001001448,API,41,22,56,129,7224
2019031001001618,BARUN,39,49,10,96,960
2019031001001594,BOKL,50,38,200,246,49200
2019031001001522,BOKL,17,56,140,245,34300
2019031001001535,CBBL,11,35,200,895,179000
2019031001001534,CBBL,11,22,200,895,179000
2019031001001533,CBBL,11,41,100,890,89000
2019031001001532,CBBL,11,55,20,887,17740
2019031001001806,CBL,26,36,1000,151,151000
2019031001001454,CBL,36,44,500,151,75500
2019031001001828,CCBL,8,51,165,162,26730
2019031001001827,CCBL,8,25,121,162,19602
2019031001001826,CCBL,8,43,38,162,6156
2019031001001706,CEFL,4,26,300,96,28800
2019031001001586,CEFL,4,26,200,95,19000
2019031001001767,CHCL,11,42,371,504,186984
2019031001001767,CHCL,11,22,371,504,186984
2019031001001665,CHCL,20,42,371,504,186984
2019031001001664,CHCL,20,6,23,503,11569
2019031001001531,CHLBS,10,57,10,567,5670
2019031001001761,CIT,47,33,31,2589,80259
2019031001001761,CIT,47,33,31,2589,80259
2019031001001685,CIT,34,49,55,2594,142670
2019031001001684,CIT,34,55,20,2590,51800
2019031001001683,CIT,34,34,25,2590,64750
2019031001001682,CIT,34,39,20,2589,51780
2019031001001816,CZBIL,45,1,310,206,63860
2019031001001815,CZBIL,33,1,190,206,39140
2019031001001722,CZBIL,33,49,10,206,2060
2019031001001796,DBBL,40,8,500,124,62000
2019031001001795,DBBL,40,37,959,124,118916
2019031001001794,DBBL,40,22,290,124,35960
2019031001001789,DBBL,40,8,500,124,62000
2019031001001789,DBBL,40,17,500,124,62000
2019031001001788,DBBL,40,45,959,124,118916
2019031001001788,DBBL,40,37,959,124,118916
2019031001001787,DBBL,40,38,290,124,35960
2019031001001787,DBBL,40,22,290,124,35960
2019031001001749,DBBL,14,22,110,124,13640
2019031001001749,DBBL,14,22,110,124,13640
2019031001001812,DDBL,4,54,20,592,11840
2019031001001830,EBL,1,6,400,520,208000
2019031001001814,EBL,1,19,100,520,52000
2019031001001813,EBL,21,19,200,520,104000
2019031001001583,EBL,42,54,40,523,20920
2019031001001582,EBL,42,42,10,523,5230
2019031001001647,FMDBL,22,19,50,377,18850
2019031001001565,FMDBL,49,59,100,372,37200
2019031001001539,FMDBL,34,18,100,370,37000
2019031001001762,FOWAD,7,4,100,1540,154000
2019031001001619,FOWAD,39,39,15,1550,23250
2019031001001811,GBIME,28,1,500,263,131500
2019031001001694,GBIME,43,52,100,264,26400
2019031001001475,GBIME,16,52,400,264,105600
2019031001001474,GBIME,16,44,100,264,26400
2019031001001843,GBLBS,46,46,10,444,4440
2019031001001837,GDBL,22,21,75,182,13650
2019031001001469,GDBL,1,44,62,181,11222
2019031001001810,GLICL,49,58,200,720,144000
2019031001001809,GLICL,40,58,100,721,72100
2019031001001808,GLICL,5,58,54,725,39150
2019031001001677,GLICL,47,25,200,731,146200
2019031001001676,GLICL,47,58,200,729,145800
2019031001001461,GLICL,47,34,50,722,36100
2019031001001452,GLICL,47,44,206,721,148526
2019031001001658,HATH,5,21,140,125,17500
2019031001001657,HATH,5,21,140,125,17500
2019031001001844,HIDCL,5,46,56,130,7280
2019031001001616,HIDCL,48,45,56,132,7392
2019031001001615,HIDCL,48,45,56,132,7392
2019031001001606,HIDCL,51,41,145,131,18995
2019031001001605,HIDCL,51,39,28,131,3668
2019031001001604,HIDCL,51,22,29,131,3799
2019031001001451,HIDCL,56,48,186,130,24180
2019031001001845,HPPL,46,46,10,174,1740
2019031001001805,HPPL,52,25,10,173,1730
2019031001001599,HPPL,52,19,10,175,1750
2019031001001598,HPPL,52,51,10,175,1750
2019031001001463,JBBL,32,25,100,138,13800
2019031001001462,JBBL,32,35,200,138,27600
2019031001001759,JBNL,26,43,151,170,25670
2019031001001758,JBNL,26,8,49,170,8330
2019031001001661,JBNL,46,59,1600,169,270400
2019031001001646,JBNL,50,19,600,169,101400
2019031001001564,JBNL,13,59,28,169,4732
2019031001001471,JBNL,33,43,21,168,3528
2019031001001550,KADBL,17,59,100,153,15300
2019031001001818,KBL,14,1,440,233,102520
2019031001001734,KBL,14,16,100,234,23400
2019031001001690,KBL,14,22,60,233,13980
2019031001001645,KBL,49,22,300,233,69900
2019031001001799,KPCL,45,38,10,91,910
2019031001001543,KPCL,42,51,10,92,920
2019031001001542,KPCL,42,36,10,92,920
2019031001001541,KPCL,42,45,10,92,920
2019031001001540,KPCL,42,42,10,92,920
2019031001001587,KPCL,39,51,10,92,920
2019031001001548,KPCL,42,41,10,92,920
2019031001001547,KPCL,42,38,10,92,920
2019031001001546,KPCL,42,41,10,92,920
2019031001001545,KPCL,42,41,10,92,920
2019031001001544,KPCL,42,41,10,92,920
2019031001001721,KPCL,5,32,480,92,44160
2019031001001710,KPCL,5,56,10,92,920
2019031001001703,KPCL,5,39,10,92,920
2019031001001766,KPCL,45,38,10,91,910
2019031001001698,KRBL,44,59,100,97,9700
2019031001001776,KSBBL,32,57,100,137,13700
2019031001001776,KSBBL,32,19,100,137,13700
2019031001001763,KSBBL,14,57,41,137,5617
2019031001001639,KSBBL,14,41,159,137,21783
2019031001001558,KSBBL,11,41,500,137,68500
2019031001001458,KSBBL,57,41,25,137,3425
2019031001001772,LBL,32,51,1000,191,191000
2019031001001772,LBL,32,16,1000,191,191000
2019031001001770,LBL,32,56,1000,191,191000
2019031001001770,LBL,32,16,1000,191,191000
2019031001001493,LBL,32,21,19,193,3667
2019031001001492,LBL,32,34,300,193,57900
2019031001001491,LBL,32,25,100,193,19300
2019031001001731,LEMF,50,54,5000,7,36700
2019031001001464,LGIL,45,8,193,514,99202
2019031001001595,LICN,14,17,200,1465,293000
2019031001001513,LICN,16,45,30,1460,43800
2019031001001500,LICN,16,17,180,1459,262620
2019031001001660,MBL,28,38,1000,214,214000
2019031001001659,MBL,51,38,1000,214,214000
2019031001001626,MEGA,57,57,1238,161,199318
2019031001001625,MEGA,34,57,1000,161,161000
2019031001001438,MEGA,42,19,2000,162,324000
2019031001001437,MEGA,42,38,500,162,81000
2019031001001436,MEGA,42,43,633,162,102546
2019031001001435,MEGA,42,44,50,162,8100
2019031001001434,MEGA,42,46,1000,162,162000
2019031001001433,MEGA,42,32,100,162,16200
2019031001001655,MERO,42,39,54,610,32940
2019031001001654,MERO,42,47,14,610,8540
2019031001001653,MERO,42,42,16,605,9680
2019031001001649,MERO,42,56,16,604,9664
2019031001001536,MLBL,39,44,11,163,1793
2019031001001672,MMFDB,49,36,30,965,28950
2019031001001671,MMFDB,49,25,15,964,14460
2019031001001825,MPFL,7,21,25,137,3425
2019031001001829,NABIL,55,57,200,691,138200
2019031001001754,NABIL,57,3,120,690,82800
2019031001001754,NABIL,57,3,120,690,82800
2019031001001670,NABIL,7,3,80,690,55200
2019031001001669,NABIL,7,43,70,690,48300
2019031001001585,NABIL,50,3,100,689,68900
2019031001001584,NABIL,32,3,100,689,68900
2019031001001561,NABIL,55,42,13,689,8957
2019031001001614,NABILP,7,28,50,659,32950
2019031001001775,NADEP,49,51,10,685,6850
2019031001001772,NADEP,49,51,10,685,6850
2019031001001772,NADEP,49,16,10,685,6850
2019031001001802,NBB,53,11,500,188,94000
2019031001001557,NBB,36,53,1000,188,188000
2019031001001556,NBB,36,16,1000,188,188000
2019031001001555,NBB,36,56,50,188,9400
2019031001001633,NBBL,32,21,20,648,12960
2019031001001768,NBL,52,58,50,287,14350
2019031001001768,NBL,52,22,50,287,14350
2019031001001767,NBL,52,42,50,287,14350
2019031001001767,NBL,52,22,50,287,14350
2019031001001505,NBL,55,45,100,286,28600
2019031001001477,NBL,11,45,100,286,28600
2019031001001760,NCCB,48,44,1520,209,317680
2019031001001760,NCCB,48,44,1520,209,317680
2019031001001730,NCCB,58,44,480,209,100320
2019031001001729,NCCB,58,38,520,209,108680
2019031001001720,NCCB,46,38,980,209,204820
2019031001001699,NCCB,46,44,1020,209,213180
2019031001001686,NCCB,37,44,200,209,41800
2019031001001666,NCCB,46,44,280,209,58520
2019031001001624,NCCB,14,44,500,209,104500
2019031001001712,NGPL,1,51,11,114,1254
2019031001001783,NHPC,19,59,70,65,4550
2019031001001783,NHPC,19,56,70,65,4550
2019031001001782,NHPC,19,17,30,65,1950
2019031001001782,NHPC,19,14,30,65,1950
2019031001001662,NHPC,54,35,400,64,25600
2019031001001644,NHPC,34,14,470,65,30550
2019031001001643,NHPC,34,53,30,65,1950
2019031001001489,NHPC,54,56,600,64,38400
2019031001001473,NHPC,21,56,400,64,25600
2019031001001770,NIB,32,56,100,520,52000
2019031001001770,NIB,32,16,100,520,52000
2019031001001769,NIB,32,58,100,520,52000
2019031001001769,NIB,32,58,19,520,9880
2019031001001769,NIB,32,56,100,520,52000
2019031001001769,NIB,32,56,19,520,9880
2019031001001609,NIB,36,47,141,520,73320
2019031001001608,NIB,36,22,24,520,12480
2019031001001581,NIB,32,29,800,519,415200
2019031001001768,NIB,32,58,19,520,9880
2019031001001768,NIB,32,22,19,520,9880
2019031001001613,NIB,36,39,195,520,101400
2019031001001612,NIB,36,6,300,520,156000
2019031001001611,NIB,36,44,37,520,19240
2019031001001610,NIB,36,29,100,520,52000
2019031001001460,NIBPO,38,43,100,470,47000
2019031001001459,NIBPO,38,39,12,470,5640
2019031001001853,NICA,44,52,36,394,14184
2019031001001675,NICA,45,19,200,395,79000
2019031001001650,NICA,47,19,200,396,79200
2019031001001620,NICA,45,14,200,395,79000
2019031001001538,NICA,45,38,100,395,39500
2019031001001537,NICA,38,38,400,395,158000
2019031001001495,NICA,59,33,500,393,196500
2019031001001447,NICA,45,38,100,392,39200
2019031001001523,NICA,45,33,500,394,197000
2019031001001521,NICA,48,34,10,393,3930
2019031001001499,NICA,59,34,200,393,78600
2019031001001498,NICA,59,16,100,393,39300
2019031001001497,NICA,59,49,100,393,39300
2019031001001496,NICA,59,53,100,393,39300
2019031001001697,NICL,56,40,350,387,135450
2019031001001696,NICL,56,58,300,387,116100
2019031001001695,NICL,47,58,350,387,135450
2019031001001679,NICL,47,53,50,386,19300
2019031001001678,NICL,47,40,300,385,115500
2019031001001656,NICL,56,40,300,382,114600
2019031001001638,NICL,42,19,970,382,370540
2019031001001597,NIL,11,43,200,537,107400
2019031001001580,NIL,11,43,670,537,359790
2019031001001579,NIL,11,40,200,537,107400
2019031001001578,NIL,11,35,100,535,53500
2019031001001577,NIL,11,49,30,534,16020
2019031001001554,NIL,53,53,100,527,52700
2019031001001553,NIL,53,45,30,527,15810
2019031001001517,NIL,45,44,200,525,105000
2019031001001516,NIL,45,8,58,520,30160
2019031001001838,NLIC,50,26,50,1120,56000
2019031001001834,NLIC,10,37,62,1119,69378
2019031001001822,NLIC,10,52,25,1119,27975
2019031001001817,NLIC,45,58,80,1116,89280
2019031001001808,NLIC,45,58,80,1116,89280
2019031001001807,NLIC,51,58,300,1117,335100
2019031001001457,NLIC,51,6,28,1110,31080
2019031001001456,NLIC,51,44,100,1110,111000
2019031001001439,NLIC,21,44,50,1110,55500
2019031001001510,NLIC,33,56,17,1115,18955
2019031001001509,NLIC,33,34,80,1113,89040
2019031001001502,NLIC,52,34,50,1113,55650
2019031001001490,NLIC,1,34,30,1113,33390
2019031001001468,NLIC,5,34,40,1113,44520
2019031001001467,NLIC,5,11,30,1112,33360
2019031001001570,NLIC,33,59,24,1120,26880
2019031001001569,NLIC,33,17,51,1120,57120
2019031001001568,NLIC,33,21,120,1120,134400
2019031001001567,NLIC,33,37,50,1120,56000
2019031001001512,NLIC,33,25,150,1115,167250
2019031001001511,NLIC,33,42,300,1115,334500
2019031001001736,NLIC,33,37,19,1120,21280
2019031001001735,NLIC,51,37,190,1120,212800
2019031001001727,NLIC,51,5,10,1120,11200
2019031001001689,NLIC,33,42,30,1120,33600
2019031001001667,NLIC,33,58,225,1120,252000
2019031001001636,NLIC,39,39,17,1121,19057
2019031001001801,NLIC,33,26,206,1120,230720
2019031001001790,NLIC,33,56,100,1120,112000
2019031001001790,NLIC,33,28,100,1120,112000
2019031001001783,NLIC,33,59,100,1120,112000
2019031001001783,NLIC,33,56,100,1120,112000
2019031001001750,NLIC,33,29,175,1120,196000
2019031001001559,NLICL,42,34,50,654,32700
2019031001001441,NLICL,58,45,120,650,78000
2019031001001440,NLICL,58,43,100,649,64900
2019031001001824,NMB,14,6,100,318,31800
2019031001001823,NMB,28,6,50,319,15950
2019031001001821,NMB,28,49,50,319,15950
2019031001001718,NMB,47,45,62,320,19840
2019031001001717,NMB,47,21,1000,320,320000
2019031001001716,NMB,47,10,118,319,37642
2019031001001576,NMB,16,11,50,317,15850
2019031001001575,NMB,16,21,115,317,36455
2019031001001574,NMB,16,40,300,317,95100
2019031001001573,NMB,16,6,1500,317,475500
2019031001001572,NMB,16,41,100,316,31600
2019031001001571,NMB,16,38,11,316,3476
2019031001001715,NMB,47,21,300,318,95400
2019031001001714,NMB,47,11,20,318,6360
2019031001001713,NMB,47,19,500,317,158500
2019031001001652,NMB,59,56,76,317,24092
2019031001001651,NMB,16,56,24,317,7608
2019031001001621,NMB,47,55,100,318,31800
2019031001001518,NMBSF1,7,35,6957,10,70405
2019031001001757,NMFBS,33,21,23,1688,38824
2019031001001757,NMFBS,33,21,23,1688,38824
2019031001001478,NSEWA,39,39,30,559,16770
2019031001001702,NTC,7,7,100,682,68200
2019031001001701,NTC,42,7,50,682,34100
2019031001001728,PCBL,14,56,100,312,31200
2019031001001603,PCBL,34,38,500,312,156000
2019031001001602,PCBL,34,34,1000,312,312000
2019031001001601,PCBL,34,28,100,312,31200
2019031001001494,PCBL,46,38,100,311,31100
2019031001001836,PIC,45,5,11,1035,11385
2019031001001835,PIC,33,5,48,1035,49680
2019031001001789,PIC,33,8,12,1035,12420
2019031001001789,PIC,33,17,12,1035,12420
2019031001001782,PIC,33,17,12,1035,12420
2019031001001782,PIC,33,14,12,1035,12420
2019031001001527,PIC,33,8,90,1040,93600
2019031001001514,PIC,29,43,12,1035,12420
2019031001001552,PICL,58,32,10,718,7180
2019031001001551,PICL,58,57,59,705,41595
2019031001001507,PICL,58,57,10,705,7050
2019031001001504,PICL,58,6,300,698,209400
2019031001001711,PLIC,14,51,165,453,74745
2019031001001623,PLIC,28,57,100,449,44900
2019031001001622,PLIC,28,43,270,448,120960
2019031001001607,PLIC,46,43,15,448,6720
2019031001001600,PLIC,33,43,100,448,44800
2019031001001566,PLIC,35,43,15,448,6720
2019031001001784,PMHPL,10,59,10,109,1090
2019031001001784,PMHPL,10,38,10,109,1090
2019031001001771,PMHPL,10,7,10,109,1090
2019031001001771,PMHPL,10,38,10,109,1090
2019031001001819,PRIN,14,22,100,415,41500
2019031001001798,PRIN,56,53,525,419,219975
2019031001001797,PRIN,56,28,217,418,90706
2019031001001791,PRIN,56,59,525,419,219975
2019031001001791,PRIN,56,53,525,419,219975
2019031001001790,PRIN,56,56,217,418,90706
2019031001001589,PRIN,28,37,60,415,24900
2019031001001588,PRIN,28,8,19,414,7866
2019031001001790,PRIN,56,28,217,418,90706
2019031001001617,PRIN,53,28,200,418,83600
2019031001001593,PRIN,28,28,83,418,34694
2019031001001592,PRIN,28,55,15,418,6270
2019031001001591,PRIN,28,45,30,418,12540
2019031001001590,PRIN,28,58,293,416,121888
2019031001001852,PRVU,44,34,40,226,9040
2019031001001831,PRVU,14,43,694,225,156150
2019031001001786,PRVU,42,34,22,226,4972
2019031001001786,PRVU,42,18,22,226,4972
2019031001001780,PRVU,42,34,22,226,4972
2019031001001634,PRVU,14,52,217,225,48825
2019031001001743,PRVU,29,56,100,227,22700
2019031001001742,PRVU,29,40,178,227,40406
2019031001001742,PRVU,29,40,178,227,40406
2019031001001709,PRVU,46,43,500,226,113000
2019031001001708,PRVU,46,28,100,226,22600
2019031001001700,PRVU,54,28,200,226,45200
2019031001001746,PRVU,29,46,500,228,114000
2019031001001745,PRVU,29,17,1000,228,228000
2019031001001745,PRVU,29,17,1000,228,228000
2019031001001744,PRVU,29,28,100,227,22700
2019031001001744,PRVU,29,28,100,227,22700
2019031001001743,PRVU,29,56,100,227,22700
2019031001001780,PRVU,42,19,22,226,4972
2019031001001778,PRVU,7,48,515,227,116905
2019031001001778,PRVU,7,47,515,227,116905
2019031001001747,PRVU,29,22,122,228,27816
2019031001001747,PRVU,29,22,122,228,27816
2019031001001746,PRVU,29,46,500,228,114000
2019031001001850,RADHI,46,46,11,168,1848
2019031001001648,RADHI,39,39,11,170,1870
2019031001001787,RRHP,17,38,10,93,930
2019031001001787,RRHP,17,22,10,93,930
2019031001001773,RRHP,17,38,10,93,930
2019031001001780,RSDC,39,34,100,383,38300
2019031001001780,RSDC,39,19,100,383,38300
2019031001001779,RSDC,45,19,130,383,49790
2019031001001779,RSDC,45,18,130,383,49790
2019031001001777,RSDC,39,19,100,383,38300
2019031001001777,RSDC,39,18,100,383,38300
2019031001001776,RSDC,45,57,130,383,49790
2019031001001776,RSDC,45,19,130,383,49790
2019031001001755,RSDC,45,19,48,383,18384
2019031001001442,RSDC,21,21,22,384,8448
2019031001001800,SADBL,59,17,10,139,1390
2019031001001791,SADBL,59,59,284,139,39476
2019031001001791,SADBL,59,53,284,139,39476
2019031001001784,SADBL,59,59,284,139,39476
2019031001001784,SADBL,59,38,284,139,39476
2019031001001841,SANIMA,38,50,36,300,10800
2019031001001781,SANIMA,21,47,58,301,17458
2019031001001781,SANIMA,21,45,58,301,17458
2019031001001778,SANIMA,21,48,58,301,17458
2019031001001778,SANIMA,21,47,58,301,17458
2019031001001663,SANIMA,36,19,400,299,119600
2019031001001632,SANIMA,19,35,476,300,142800
2019031001001631,SANIMA,19,57,524,300,157200
2019031001001563,SANIMA,45,57,976,300,292800
2019031001001562,SANIMA,45,6,24,300,7200
2019031001001774,SBI,41,7,200,380,76000
2019031001001771,SBI,41,7,200,380,76000
2019031001001771,SBI,41,38,200,380,76000
2019031001001635,SBI,25,7,200,380,76000
2019031001001596,SBI,45,7,288,380,109440
2019031001001846,SCB,46,46,20,536,10720
2019031001001820,SCB,28,10,100,540,54000
2019031001001680,SCB,45,58,20,535,10700
2019031001001453,SCB,14,38,20,535,10700
2019031001001446,SCB,14,44,20,533,10660
2019031001001445,SCB,14,51,10,533,5330
2019031001001488,SDESI,34,42,27,590,15930
2019031001001455,SHL,11,50,100,205,20500
2019031001001466,SHPC,11,53,50,233,11650
2019031001001465,SHPC,11,53,50,232,11600
2019031001001691,SICL,47,58,200,895,179000
2019031001001630,SICL,28,56,100,881,88100
2019031001001629,SICL,28,43,200,880,176000
2019031001001628,SICL,28,56,100,879,87900
2019031001001627,SICL,28,56,50,879,43950
2019031001001520,SICL,37,56,50,879,43950
2019031001001472,SICL,52,43,100,879,87900
2019031001001849,SIL,41,37,100,610,61000
2019031001001848,SIL,20,37,39,612,23868
2019031001001842,SIL,20,22,61,612,37332
2019031001001804,SIL,20,38,100,612,61200
2019031001001560,SLBSL,57,39,10,761,7610
2019031001001549,SLBSL,57,39,10,761,7610
2019031001001528,SLBSL,57,39,10,761,7610
2019031001001526,SLBSL,1,19,10,769,7690
2019031001001525,SLBSL,1,40,10,769,7690
2019031001001524,SLBSL,1,17,10,768,7680
2019031001001515,SLBSL,39,39,10,762,7620
2019031001001506,SLBSL,39,39,10,762,7620
2019031001001833,SLICL,41,28,10,536,5360
2019031001001832,SLICL,41,16,10,536,5360
2019031001001668,SMB,39,39,10,640,6400
2019031001001470,SMFDBP,46,36,3500,385,1347500
2019031001001450,SMFDBP,46,36,1000,385,385000
2019031001001847,SPDL,46,46,10,91,910
2019031001001705,TRH,59,34,500,247,123500
2019031001001688,TRH,42,54,20,243,4860
2019031001001530,UIC,25,57,400,770,308000
2019031001001851,UMHL,46,46,14,108,1512
2019031001001840,UPPER,41,50,200,230,46000
2019031001001839,UPPER,17,50,10,230,2300
2019031001001803,UPPER,17,38,40,230,9200
2019031001001793,UPPER,17,18,50,230,11500
2019031001001792,UPPER,13,29,50,231,11550
2019031001001476,UPPER,21,39,40,232,9280
2019031001001484,UPPER,20,59,50,234,11700
2019031001001483,UPPER,20,59,50,234,11700
2019031001001482,UPPER,20,33,200,234,46800
2019031001001481,UPPER,20,52,200,233,46600
2019031001001480,UPPER,20,21,40,232,9280
2019031001001479,UPPER,20,22,50,232,11600
2019031001001508,UPPER,56,56,400,232,92800
2019031001001503,UPPER,20,58,139,234,32526
2019031001001501,UPPER,20,42,50,234,11700
2019031001001487,UPPER,20,35,2000,234,468000
2019031001001486,UPPER,20,33,200,234,46800
2019031001001485,UPPER,20,59,40,234,9360
2019031001001529,UPPER,13,58,50,234,11700
2019031001001519,UPPER,38,36,50,231,11550
2019031001001719,UPPER,38,19,410,231,94710
2019031001001707,UPPER,38,29,40,231,9240
2019031001001704,UPPER,34,19,50,232,11600
2019031001001739,UPPER,16,29,40,230,9200
2019031001001738,UPPER,16,19,90,230,20700
2019031001001733,UPPER,16,42,50,230,11500
2019031001001732,UPPER,16,29,50,230,11500
2019031001001726,UPPER,16,29,40,230,9200
2019031001001723,UPPER,16,42,50,230,11500
2019031001001753,UPPER,39,29,50,230,11500
2019031001001752,UPPER,39,42,10,230,2300
2019031001001751,UPPER,16,42,30,230,6900
2019031001001748,UPPER,16,29,50,230,11500
2019031001001741,UPPER,16,42,50,230,11500
2019031001001740,UPPER,16,35,50,230,11500
2019031001001777,UPPER,59,19,50,229,11450
2019031001001777,UPPER,59,18,50,229,11450
2019031001001765,UPPER,39,45,60,230,13800
2019031001001764,UPPER,39,29,40,230,9200
2019031001001756,UPPER,39,29,40,230,9200
2019031001001785,UPPER,13,29,50,231,11550
2019031001001785,UPPER,13,18,50,231,11550
2019031001001781,UPPER,17,47,440,230,101200
2019031001001781,UPPER,17,45,440,230,101200
2019031001001779,UPPER,59,19,50,229,11450
2019031001001779,UPPER,59,18,50,229,11450
2019031001001788,UPPER,17,45,440,230,101200
2019031001001788,UPPER,17,37,440,230,101200
2019031001001786,UPPER,17,34,50,230,11500
2019031001001786,UPPER,17,18,50,230,11500
2019031001001785,UPPER,59,29,50,229,11450
2019031001001785,UPPER,59,18,50,229,11450
2019031001001357,ADBL,40,3,100,294,29400
2019031001001345,ADBL,7,3,50,294,14700
2019031001001344,ADBL,7,43,150,294,44100
2019031001001144,ADBL,46,54,29,293,8497
2019031001001143,ADBL,41,54,50,293,14650
2019031001001412,AHPC,20,17,440,101,44440
2019031001001090,AHPC,39,57,500,100,50000
2019031001001388,AKJCL,45,19,20,79,1580
2019031001001239,AKJCL,42,51,20,78,1560
2019031001001232,AKJCL,42,51,10,78,780
2019031001001173,AKJCL,42,49,20,78,1560
2019031001001157,AKJCL,1,21,10,79,790
2019031001001042,AKJCL,42,59,20,78,1560
2019031001001432,AKPL,22,41,30,169,5070
2019031001001229,AKPL,41,41,59,167,9853
2019031001001176,AKPL,39,39,10,169,1690
2019031001001175,AKPL,39,39,10,168,1680
2019031001001246,ALICL,45,43,50,396,19800
2019031001001227,ALICL,49,57,160,395,63200
2019031001001182,ALICL,49,22,13,393,5109
2019031001001430,API,41,42,44,129,5676
2019031001001363,API,37,44,10,127,1270
2019031001001210,API,37,48,18,127,2286
2019031001001235,BHBL,38,8,132,145,19140
2019031001001426,BOKL,16,56,10,245,2450
2019031001001066,BOKL,29,32,135,242,32670
2019031001001368,BPCL,52,51,20,345,6900
2019031001000974,BPCL,45,51,10,345,3450
2019031001001324,CBBL,34,42,50,886,44300
2019031001001297,CBBL,50,35,200,885,177000
2019031001001296,CBBL,50,6,30,885,26550
2019031001001295,CBBL,50,14,50,885,44250
2019031001000991,CBBL,50,21,100,880,88000
2019031001000947,CBBL,44,47,40,875,35000
2019031001001102,CBBL,14,14,50,885,44250
2019031001001247,CBL,36,8,230,150,34500
2019031001001241,CBL,1,11,22,149,3278
2019031001001225,CBL,1,42,157,149,23393
2019031001001020,CBL,26,32,400,150,60000
2019031001001425,CCBL,35,43,22,162,3564
2019031001001424,CCBL,35,55,28,162,4536
2019031001001038,CCBL,50,44,85,161,13685
2019031001001037,CCBL,50,48,97,161,15617
2019031001001032,CCBL,41,48,100,161,16100
2019031001000984,CCBL,50,48,300,161,48300
2019031001000983,CCBL,16,48,381,161,61341
2019031001000982,CCBL,52,48,12,161,1932
2019031001000973,CCBL,21,52,12,160,1920
2019031001000935,CEFL,58,43,380,94,35720
2019031001001311,CHCL,1,32,50,502,25100
2019031001001191,CHCL,1,42,71,500,35500
2019031001001190,CHCL,26,42,50,501,25050
2019031001001101,CHCL,38,38,69,502,34638
2019031001001237,CHL,58,48,10,102,1020
2019031001001230,CHL,58,41,34,102,3468
2019031001001411,CHLBS,46,49,10,562,5620
2019031001001400,CHLBS,21,21,10,565,5650
2019031001001371,CHLBS,21,21,10,565,5650
2019031001001316,CHLBS,46,35,10,562,5620
2019031001001267,CHLBS,41,49,10,565,5650
2019031001001249,CHLBS,41,49,10,565,5650
2019031001001245,CHLBS,41,41,10,565,5650
2019031001001233,CHLBS,41,13,10,565,5650
2019031001001071,CHLBS,41,59,10,565,5650
2019031001001043,CHLBS,41,36,10,565,5650
2019031001001030,CHLBS,41,36,10,565,5650
2019031001001427,CZBIL,45,39,100,207,20700
2019031001001215,CZBIL,21,42,302,205,61910
2019031001001214,CZBIL,29,42,200,206,41200
2019031001001213,CZBIL,50,42,400,206,82400
2019031001001212,CZBIL,17,42,50,206,10300
2019031001001362,DBBL,57,57,190,123,23370
2019031001001361,DBBL,42,57,200,123,24600
2019031001001360,DBBL,32,57,250,123,30750
2019031001001359,DBBL,36,57,360,123,44280
2019031001000951,EBL,41,7,20,520,10400
2019031001000950,EBL,41,55,200,520,104000
2019031001000949,EBL,41,44,83,520,43160
2019031001000948,EBL,41,40,247,520,128440
2019031001000937,EBL,56,28,900,519,467100
2019031001001386,EDBL,21,58,300,291,87300
2019031001001340,EDBL,39,38,200,290,58000
2019031001001135,GBBL,33,14,171,182,31122
2019031001001041,GBBL,41,14,100,182,18200
2019031001001031,GBBL,35,14,100,182,18200
2019031001001134,GBIME,42,57,450,262,117900
2019031001001133,GBIME,11,57,50,262,13100
2019031001001063,GBIME,42,42,148,263,38924
2019031001001370,GBLBS,34,51,260,447,116220
2019031001001305,GBLBS,34,56,10,447,4470
2019031001001304,GBLBS,34,45,10,445,4450
2019031001001303,GBLBS,34,22,10,444,4440
2019031001001302,GBLBS,34,42,20,444,8880
2019031001001195,GBLBS,34,56,45,442,19890
2019031001001194,GBLBS,38,56,40,443,17720
2019031001001193,GBLBS,38,56,40,443,17720
2019031001001234,GDBL,44,11,48,180,8640
2019031001001322,GLICL,57,44,30,721,21630
2019031001001192,GLICL,5,25,191,720,137520
2019031001001183,GLICL,48,51,50,719,35950
2019031001001178,GLICL,55,44,65,715,46475
2019031001001367,GRDBL,43,41,85,102,8670
2019031001001342,GRDBL,55,41,20,102,2040
2019031001001341,GRDBL,55,41,10,102,1020
2019031001000940,GUFL,52,52,3,106,318
2019031001001399,HIDCL,44,48,56,130,7280
2019031001001292,HIDCL,34,48,44,130,5720
2019031001001138,HIDCL,34,44,56,130,7280
2019031001001347,HPPL,39,41,10,174,1740
2019031001001343,HPPL,52,39,10,173,1730
2019031001001310,HPPL,52,48,20,173,3460
2019031001001222,HPPL,39,39,10,174,1740
2019031001001221,HPPL,39,39,10,174,1740
2019031001001220,HPPL,39,39,10,174,1740
2019031001001080,HPPL,52,42,20,174,3480
2019031001001228,JBBL,32,11,33,136,4488
2019031001001219,JBBL,57,22,500,137,68500
2019031001001218,JBBL,57,28,798,137,109326
2019031001001002,JBBL,39,45,31,135,4185
2019031001001410,JBNL,10,59,50,169,8450
2019031001001394,JBNL,10,59,50,169,8450
2019031001001379,JBNL,10,59,50,169,8450
2019031001001146,JBNL,5,38,200,168,33600
2019031001001106,JBNL,6,59,72,169,12168
2019031001001140,KBBL,41,38,50,209,10450
2019031001001376,KBL,36,1,3000,232,696000
2019031001001323,KBL,46,1,1000,232,232000
2019031001000972,KBL,35,8,50,230,11500
2019031001000971,KBL,16,8,500,230,115000
2019031001000970,KBL,56,8,40,230,9200
2019031001001431,KKHC,11,45,10,71,710
2019031001001189,KMFL,32,42,15,876,13140
2019031001001206,KPCL,1,11,10,92,920
2019031001001205,KPCL,1,11,10,92,920
2019031001001294,KPCL,45,49,10,91,910
2019031001001240,KRBL,10,59,500,97,48500
2019031001001307,KSBBL,57,14,200,137,27400
2019031001001163,KSBBL,8,8,5,135,675
2019031001001026,KSBBL,57,21,42,137,5754
2019031001001025,KSBBL,57,42,2000,137,274000
2019031001001024,KSBBL,57,21,148,137,20276
2019031001000989,KSBBL,46,14,20,136,2720
2019031001000988,KSBBL,46,29,126,136,17136
2019031001000987,KSBBL,46,38,1000,136,136000
2019031001001269,LBBL,35,32,500,172,86000
2019031001001268,LBBL,35,22,440,172,75680
2019031001001117,LBBL,59,25,1000,171,171000
2019031001001023,LICN,54,22,100,1455,145500
2019031001001417,MBL,51,52,500,218,109000
2019031001001416,MBL,51,57,100,217,21700
2019031001001335,MBL,51,28,100,216,21600
2019031001001334,MBL,51,1,300,216,64800
2019031001001333,MBL,51,49,200,216,43200
2019031001001332,MBL,51,8,200,216,43200
2019031001001325,MBL,51,1,200,214,42800
2019031001001331,MBL,51,41,500,216,108000
2019031001001330,MBL,51,50,50,216,10800
2019031001001329,MBL,51,44,100,215,21500
2019031001001328,MBL,51,1,200,215,43000
2019031001001327,MBL,51,1,100,215,21500
2019031001001326,MBL,51,8,344,214,73616
2019031001001393,MEGA,42,34,611,161,98371
2019031001001108,MEGA,13,38,100,160,16000
2019031001001107,MEGA,28,38,512,160,81920
2019031001001003,MEGA,52,52,107,160,17120
2019031001000933,MEGA,48,1,1000,160,160000
2019031001001181,MERO,13,42,20,593,11860
2019031001001171,MNBBL,52,39,30,344,10320
2019031001001170,MNBBL,52,14,40,343,13720
2019031001001169,MNBBL,52,6,30,343,10290
2019031001001061,MNBBL,45,11,50,340,17000
2019031001000941,MSLB,6,6,15,1340,20100
2019031001001035,MSMBS,6,6,22,540,11880
2019031001001318,NABIL,54,3,100,688,68800
2019031001001317,NABIL,11,3,100,688,68800
2019031001001160,NABIL,22,3,10,688,6880
2019031001001159,NABIL,32,3,41,688,28208
2019031001001100,NABIL,32,10,60,688,41280
2019031001001095,NABIL,32,13,100,688,68800
2019031001001094,NABIL,32,45,24,688,16512
2019031001001081,NABIL,17,45,15,688,10320
2019031001001077,NABIL,17,45,15,688,10320
2019031001001312,NADEP,29,38,200,685,137000
2019031001001164,NADEP,47,40,10,681,6810
2019031001001111,NADEP,6,6,10,685,6850
2019031001001301,NBB,14,58,257,187,48059
2019031001001300,NBB,14,34,140,187,26180
2019031001001204,NBB,17,38,82,186,15252
2019031001001188,NBB,48,38,30,186,5580
2019031001000997,NBB,53,22,295,185,54575
2019031001000996,NBB,42,22,35,185,6475
2019031001000995,NBB,10,22,200,186,37200
2019031001000994,NBB,17,22,200,186,37200
2019031001000993,NBB,19,22,244,186,45384
2019031001000957,NBB,45,34,100,187,18700
2019031001001000,NBB,56,22,977,184,179768
2019031001000999,NBB,17,22,2000,185,370000
2019031001000998,NBB,56,22,49,185,9065
2019031001001314,NBL,26,36,50,285,14250
2019031001001313,NBL,26,49,162,285,46170
2019031001001039,NBL,1,17,264,284,74976
2019031001001015,NBL,40,28,50,283,14150
2019031001001014,NBL,26,28,150,283,42450
2019031001000981,NBL,26,26,50,283,14150
2019031001001407,NCCB,33,8,200,209,41800
2019031001001129,NCCB,48,44,500,209,104500
2019031001001128,NCCB,48,4,1615,209,337535
2019031001001265,NEF,19,38,2253,8,17686
2019031001001034,NEF,19,45,725,8,5793
2019031001001145,NGPL,34,41,25,112,2800
2019031001001127,NGPL,6,6,126,114,14364
2019031001001266,NHDL,48,51,10,125,1250
2019031001001142,NHDL,45,21,10,125,1250
2019031001001366,NIB,25,29,200,519,103800
2019031001001299,NIB,55,6,350,518,181300
2019031001001298,NIB,11,6,10,519,5190
2019031001001278,NIB,11,21,91,519,47229
2019031001001277,NIB,22,21,10,519,5190
2019031001001079,NIB,55,14,50,518,25900
2019031001001078,NIB,55,25,100,518,51800
2019031001001047,NIB,22,22,58,516,29928
2019031001001046,NIB,22,37,20,516,10320
2019031001001375,NIBPO,11,8,500,468,234000
2019031001001387,NICA,14,14,1000,392,392000
2019031001001319,NICA,45,14,165,392,64680
2019031001001289,NICA,10,14,35,392,13720
2019031001001224,NICA,16,56,81,391,31671
2019031001001207,NICA,52,14,200,392,78400
2019031001001069,NICA,42,42,119,391,46529
2019031001001006,NICA,45,44,100,391,39100
2019031001001005,NICA,45,35,60,390,23400
2019031001001004,NICA,45,22,63,390,24570
2019031001001036,NICA,52,52,19,391,7429
2019031001001012,NICA,45,1,350,392,137200
2019031001001011,NICA,45,13,343,392,134456
2019031001001010,NICA,45,28,132,392,51744
2019031001001009,NICA,45,32,53,391,20723
2019031001001007,NICA,45,32,277,391,108307
2019031001001422,NICL,56,49,50,380,19000
2019031001001401,NICL,56,40,200,379,75800
2019031001001076,NICL,33,40,50,374,18700
2019031001001055,NICL,5,40,100,374,37400
2019031001001121,NICL,25,40,100,376,37600
2019031001001120,NICL,37,40,85,376,31960
2019031001001116,NICL,32,40,40,376,15040
2019031001001110,NICL,32,7,50,376,18800
2019031001001109,NICL,32,40,10,376,3760
2019031001001177,NICL,29,40,88,377,33176
2019031001001137,NICL,29,49,87,377,32799
2019031001001136,NICL,29,19,325,377,122525
2019031001001131,NICL,42,19,175,377,65975
2019031001001130,NICL,42,25,50,377,18850
2019031001001125,NICL,42,40,75,376,28200
2019031001001284,NLG,25,42,36,815,29340
2019031001001283,NLG,25,42,56,815,45640
2019031001001282,NLG,25,42,56,815,45640
2019031001001378,NLIC,13,11,20,1112,22240
2019031001001337,NLIC,32,34,1000,1110,1110000
2019031001001336,NLIC,32,39,34,1110,37740
2019031001001321,NLIC,42,48,39,1105,43095
2019031001001320,NLIC,26,48,17,1105,18785
2019031001001315,NLIC,7,39,20,1110,22200
2019031001000967,NLIC,32,45,60,1100,66000
2019031001000966,NLIC,32,22,100,1100,110000
2019031001000965,NLIC,32,13,117,1100,128700
2019031001000964,NLIC,32,42,100,1100,110000
2019031001000963,NLIC,32,45,106,1100,116600
2019031001001141,NLIC,14,53,33,1109,36597
2019031001001139,NLIC,6,6,17,1107,18819
2019031001001132,NLIC,14,38,17,1105,18785
2019031001001073,NLIC,17,53,20,1109,22180
2019031001001027,NLIC,25,56,100,1104,110400
2019031001000968,NLIC,32,13,17,1100,18700
2019031001001306,NLIC,44,39,17,1110,18870
2019031001001288,NLIC,36,21,69,1109,76521
2019031001001287,NLIC,36,36,197,1109,218473
2019031001001286,NLIC,36,53,62,1109,68758
2019031001001280,NLIC,34,53,16,1109,17744
2019031001001242,NLIC,29,44,10,1108,11080
2019031001001414,NLICL,39,1,200,648,129600
2019031001001413,NLICL,39,17,400,647,258800
2019031001001385,NLICL,36,17,200,647,129400
2019031001001348,NLICL,36,21,200,645,129000
2019031001001209,NLICL,39,43,200,645,129000
2019031001001065,NLICL,39,34,150,645,96750
2019031001001064,NLICL,39,43,20,644,12880
2019031001001050,NLICL,17,43,50,644,32200
2019031001001013,NLICL,17,43,30,644,19320
2019031001001405,NMB,39,39,16,315,5040
2019031001001404,NMB,39,39,11,315,3465
2019031001001403,NMB,39,39,16,315,5040
2019031001001402,NMB,39,39,11,315,3465
2019031001001274,NMB,32,22,500,315,157500
2019031001001273,NMB,32,11,50,315,15750
2019031001000959,NMB,32,57,300,313,93900
2019031001000958,NMB,32,45,19,313,5947
2019031001001272,NMB,32,49,500,315,157500
2019031001001271,NMB,32,34,150,315,47250
2019031001001270,NMB,32,57,100,314,31400
2019031001001113,NMB,39,39,11,314,3454
2019031001001070,NMB,32,25,150,314,47100
2019031001000960,NMB,32,11,50,313,15650
2019031001001216,NMFBS,5,11,10,1655,16550
2019031001001184,NNLB,34,42,20,461,9220
2019031001001045,NSEWA,39,17,10,549,5490
2019031001001365,NTC,22,7,10,682,6820
2019031001001364,NTC,22,20,90,682,61380
2019031001001161,NTC,25,20,10,682,6820
2019031001001104,NTC,41,20,100,682,68200
2019031001001040,NTC,42,7,100,680,68000
2019031001001423,PCBL,49,43,370,311,115070
2019031001001356,PCBL,52,38,243,310,75330
2019031001001290,PCBL,54,38,200,310,62000
2019031001001172,PCBL,28,38,30,310,9300
2019031001001167,PCBL,54,38,27,310,8370
2019031001001156,PCBL,28,43,30,311,9330
2019031001001089,PCBL,54,54,23,310,7130
2019031001001052,PCBL,42,42,668,309,206412
2019031001001051,PCBL,33,42,43,309,13287
2019031001001049,PCBL,33,52,27,309,8343
2019031001001048,PCBL,52,54,27,310,8370
2019031001000956,PCBL,33,22,130,309,40170
2019031001001429,PIC,57,17,12,1030,12360
2019031001001428,PIC,57,39,11,1029,11319
2019031001001126,PIC,45,38,11,1030,11330
2019031001001044,PIC,42,7,11,1030,11330
2019031001001285,PMHPL,10,38,10,109,1090
2019031001001211,PMHPL,10,49,10,109,1090
2019031001001208,PMHPL,10,41,10,109,1090
2019031001001185,PMHPL,10,41,10,109,1090
2019031001000985,PMHPL,10,51,10,109,1090
2019031001001248,PRIN,48,53,25,411,10275
2019031001001187,PRIN,42,53,50,410,20500
2019031001001179,PRIN,42,42,100,410,41000
2019031001001384,PRVU,32,48,200,224,44800
2019031001001383,PRVU,32,56,425,224,95200
2019031001001382,PRVU,32,17,500,224,112000
2019031001001381,PRVU,32,49,50,224,11200
2019031001001380,PRVU,32,28,140,224,31360
2019031001001351,PRVU,21,57,330,222,73260
2019031001000955,PRVU,14,8,468,222,103896
2019031001000954,PRVU,14,42,500,222,111000
2019031001000953,PRVU,14,22,232,222,51504
2019031001000952,PRVU,14,58,200,222,44400
2019031001001097,PRVU,36,52,200,223,44600
2019031001001096,PRVU,36,52,50,223,11150
2019031001001088,PRVU,36,54,30,222,6660
2019031001001087,PRVU,39,54,10,222,2220
2019031001001022,PRVU,39,8,22,222,4884
2019031001001021,PRVU,26,8,10,222,2220
2019031001001350,PRVU,32,57,100,222,22200
2019031001001349,PRVU,36,57,70,222,15540
2019031001001308,PRVU,25,44,14,223,3122
2019031001001099,PRVU,36,41,1000,223,223000
2019031001001098,PRVU,36,22,100,223,22300
2019031001001115,PURBL,34,43,1000,188,188000
2019031001001114,PURBL,34,21,500,187,93500
2019031001001075,RADHI,58,25,50,168,8400
2019031001001180,RHPC,8,8,3,91,273
2019031001001291,RLFL,1,38,145,112,16240
2019031001001392,RMDC,34,45,30,540,16200
2019031001001391,RMDC,34,58,204,539,109956
2019031001001390,RMDC,34,34,300,538,161400
2019031001001389,RMDC,34,44,39,535,20865
2019031001001226,RRHP,17,49,10,93,930
2019031001001165,RRHP,17,40,10,93,930
2019031001000961,RRHP,57,47,50,94,4700
2019031001001067,RSDC,45,32,22,380,8360
2019031001001346,SANIMA,42,19,500,299,149500
2019031001001293,SANIMA,59,38,20,298,5960
2019031001001174,SANIMA,37,38,200,298,59600
2019031001001074,SANIMA,52,52,13,298,3874
2019031001001060,SANIMA,17,45,50,300,15000
2019031001001059,SANIMA,17,45,100,300,30000
2019031001001058,SANIMA,53,45,100,300,30000
2019031001000945,SANIMA,20,43,200,301,60200
2019031001000944,SANIMA,20,14,18,300,5400
2019031001000943,SANIMA,20,7,200,300,60000
2019031001001355,SBI,45,7,300,380,114000
2019031001001202,SBI,8,8,1,371,371
2019031001000962,SBI,42,42,103,378,38934
2019031001001374,SBL,45,21,10,282,2820
2019031001001373,SBL,45,8,218,282,61476
2019031001001372,SBL,45,21,171,282,48222
2019031001001019,SBL,42,42,868,279,242172
2019031001001354,SDESI,46,41,27,585,15795
2019031001001309,SEF,53,38,180,9,1629
2019031001001168,SHINE,26,44,10,240,2400
2019031001001409,SHPC,45,49,450,230,103500
2019031001001408,SHPC,45,53,50,229,11450
2019031001001251,SHPC,33,43,310,228,70680
2019031001001250,SHPC,33,53,50,228,11400
2019031001001152,SHPC,34,21,326,224,73024
2019031001001151,SHPC,34,21,56,224,12544
2019031001001029,SHPC,20,21,270,224,60480
2019031001001028,SHPC,20,49,230,224,51520
2019031001001244,SHPC,33,17,500,227,113500
2019031001001243,SHPC,33,45,39,227,8853
2019031001001155,SHPC,34,38,556,225,125100
2019031001001154,SHPC,34,22,200,225,45000
2019031001001153,SHPC,34,21,326,224,73024
2019031001001236,SIC,42,1,10,1315,13150
2019031001001033,SIFC,42,42,779,133,103607
2019031001001406,SINDU,46,22,780,118,92040
2019031001001353,SLBSL,10,17,10,765,7650
2019031001001352,SLBSL,10,46,10,765,7650
2019031001001082,SLBSL,32,42,10,760,7600
2019031001001338,SMATA,21,21,18,1305,23490
2019031001001415,SMFDBP,46,36,2500,385,962500
2019031001001276,SPDL,39,39,14,90,1260
2019031001001275,SPDL,39,39,14,90,1260
2019031001001166,SPDL,45,41,88,89,7832
2019031001001001,SPDL,16,41,29,90,2610
2019031001001377,SRBL,40,44,500,213,106500
2019031001001369,SRBL,59,25,900,212,190800
2019031001001358,SRBL,34,34,500,212,106000
2019031001001119,SRBL,17,35,275,211,58025
2019031001001118,SRBL,17,42,120,210,25200
2019031001001112,SRBL,11,13,72,210,15120
2019031001001339,UMHL,46,48,14,107,1498
2019031001001281,UMHL,46,41,103,107,11021
2019031001001203,UMHL,46,41,10,107,1070
2019031001000936,UNL,34,22,10,19000,190000
2019031001001421,UPPER,50,22,170,231,39270
2019031001001420,UPPER,50,21,50,231,11550
2019031001001419,UPPER,50,43,200,231,46200
2019031001001418,UPPER,50,21,40,231,9240
2019031001001398,UPPER,33,35,300,230,69000
2019031001001397,UPPER,33,26,50,230,11500
2019031001000969,UPPER,42,28,40,226,9040
2019031001000946,UPPER,39,10,293,227,66511
2019031001000942,UPPER,1,35,90,227,20430
2019031001000938,UPPER,1,42,50,227,11350
2019031001000934,UPPER,1,39,50,227,11350
2019031001000980,UPPER,45,42,40,227,9080
2019031001000979,UPPER,45,39,40,227,9080
2019031001000978,UPPER,45,38,40,227,9080
2019031001000977,UPPER,45,57,30,227,6810
2019031001000976,UPPER,45,39,40,227,9080
2019031001000975,UPPER,45,35,500,227,113500
2019031001001017,UPPER,57,35,500,227,113500
2019031001001016,UPPER,45,35,490,227,111230
2019031001001008,UPPER,45,28,50,227,11350
2019031001000992,UPPER,45,42,50,227,11350
2019031001000990,UPPER,45,51,50,227,11350
2019031001000986,UPPER,45,26,50,227,11350
2019031001001068,UPPER,44,39,40,227,9080
2019031001001062,UPPER,44,39,40,227,9080
2019031001001057,UPPER,32,25,50,228,11400
2019031001001056,UPPER,32,11,50,228,11400
2019031001001054,UPPER,44,28,50,227,11350
2019031001001018,UPPER,54,35,100,227,22700
2019031001001091,UPPER,44,40,10,227,2270
2019031001001086,UPPER,44,35,4810,227,1091870
2019031001001085,UPPER,58,35,10,228,2280
2019031001001084,UPPER,58,28,50,228,11400
2019031001001083,UPPER,58,25,40,228,9120
2019031001001072,UPPER,44,39,50,227,11350
2019031001001123,UPPER,47,42,40,227,9080
2019031001001122,UPPER,47,38,40,227,9080
2019031001001105,UPPER,42,42,97,227,22019
2019031001001103,UPPER,42,42,97,227,22019
2019031001001093,UPPER,59,59,50,228,11400
2019031001001092,UPPER,42,40,40,226,9040
2019031001001158,UPPER,50,40,40,227,9080
2019031001001150,UPPER,50,19,259,227,58793
2019031001001149,UPPER,41,19,200,227,45400
2019031001001148,UPPER,57,19,400,227,90800
2019031001001147,UPPER,52,19,500,227,113500
2019031001001124,UPPER,42,40,50,226,11300
2019031001001199,UPPER,46,10,293,228,66804
2019031001001198,UPPER,46,10,293,228,66804
2019031001001197,UPPER,46,59,50,228,11400
2019031001001196,UPPER,46,59,50,228,11400
2019031001001186,UPPER,50,41,50,227,11350
2019031001001162,UPPER,50,28,50,227,11350
2019031001001223,UPPER,50,21,50,227,11350
2019031001001217,UPPER,50,41,40,227,9080
2019031001001201,UPPER,46,10,293,228,66804
2019031001001200,UPPER,46,10,293,228,66804
2019031001001256,UPPER,20,55,50,229,11450
2019031001001255,UPPER,20,45,50,229,11450
2019031001001254,UPPER,20,32,50,228,11400
2019031001001253,UPPER,20,51,40,228,9120
2019031001001238,UPPER,50,41,40,227,9080
2019031001001231,UPPER,50,41,40,227,9080
2019031001001262,UPPER,20,56,40,230,9200
2019031001001261,UPPER,20,58,997,230,229310
2019031001001260,UPPER,20,42,40,229,9160
2019031001001259,UPPER,20,42,72,229,16488
2019031001001258,UPPER,20,42,40,229,9160
2019031001001257,UPPER,20,22,472,229,108088
2019031001001396,UPPER,33,26,50,230,11500
2019031001001395,UPPER,33,41,1500,230,345000
2019031001001279,UPPER,20,34,40,230,9200
2019031001001264,UPPER,20,55,40,230,9200
2019031001001263,UPPER,20,11,50,230,11500
2019031001001252,VLBS,8,8,1,672,672
2019031001000939,VLBS,57,57,28,685,19180
2019031001000723,ADBL,14,16,475,292,138700
2019031001000722,ADBL,41,16,25,293,7325
2019031001000537,ADBL,1,1,100,293,29300
2019031001000617,AHPC,29,25,1000,100,100000
2019031001000892,AKJCL,29,39,390,78,30420
2019031001000547,AKJCL,22,39,130,79,10270
2019031001000873,AKPL,22,41,11,166,1826
2019031001000799,AKPL,22,49,10,166,1660
2019031001000775,AKPL,41,41,166,169,28054
2019031001000774,AKPL,41,48,13,169,2197
2019031001000773,AKPL,41,56,71,168,11928
2019031001000709,AKPL,22,45,13,166,2158
2019031001000557,AKPL,22,5,20,166,3320
2019031001000548,AKPL,22,5,20,166,3320
2019031001000581,ALICL,1,1,9,379,3411
2019031001000711,API,33,42,53,129,6837
2019031001000635,API,37,34,100,127,12700
2019031001000865,BOKL,50,8,500,243,121500
2019031001000744,BOKL,50,45,500,244,122000
2019031001000562,BOKL,29,38,30,242,7260
2019031001000561,BOKL,32,38,20,243,4860
2019031001000903,BPCL,45,51,10,345,3450
2019031001000644,BPCL,45,7,20,345,6900
2019031001000634,BPCL,45,42,10,345,3450
2019031001000863,CBBL,42,42,535,873,467055
2019031001000914,CBL,1,22,79,149,11771
2019031001000913,CBL,11,22,200,149,29800
2019031001000922,CCBL,45,48,500,161,80500
2019031001000770,CCBL,8,8,1,157,157
2019031001000540,CCBL,21,44,100,160,16000
2019031001000534,CCBL,21,22,329,160,52640
2019031001000898,CEFL,38,43,300,95,28500
2019031001000897,CEFL,4,43,100,95,9500
2019031001000772,CEFL,4,26,500,96,48000
2019031001000771,CEFL,4,35,50,96,4800
2019031001000450,CEFL,4,18,750,95,71250
2019031001000444,CEFL,5,18,50,95,4750
2019031001000868,CHCL,42,42,473,504,238392
2019031001000536,CHCL,53,53,3,490,1470
2019031001000508,CHCL,53,53,3,490,1470
2019031001000921,CHL,58,41,13,102,1326
2019031001000925,CHLBS,41,36,10,565,5650
2019031001000915,CHLBS,6,55,10,563,5630
2019031001000862,CHLBS,19,39,10,561,5610
2019031001000847,CHLBS,40,44,10,561,5610
2019031001000824,CHLBS,40,44,10,561,5610
2019031001000803,CHLBS,40,44,10,561,5610
2019031001000670,CHLBS,5,7,10,561,5610
2019031001000601,CHLBS,14,49,10,562,5620
2019031001000587,CHLBS,21,39,10,569,5690
2019031001000586,CHLBS,21,50,10,568,5680
2019031001000570,CHLBS,36,36,10,567,5670
2019031001000483,CHLBS,45,45,10,562,5620
2019031001000705,CHLBS,25,29,10,569,5690
2019031001000700,CHLBS,40,44,10,561,5610
2019031001000687,CHLBS,38,38,10,565,5650
2019031001000685,CHLBS,40,39,10,561,5610
2019031001000678,CHLBS,40,39,10,561,5610
2019031001000671,CHLBS,40,39,10,561,5610
2019031001000760,CHLBS,40,44,10,561,5610
2019031001000717,CHLBS,40,39,10,561,5610
2019031001000714,CHLBS,40,39,10,561,5610
2019031001000708,CHLBS,40,39,10,561,5610
2019031001000707,CHLBS,25,53,80,570,45600
2019031001000706,CHLBS,25,25,10,569,5690
2019031001000906,CZBIL,45,22,354,206,72924
2019031001000716,CZBIL,45,7,12,204,2448
2019031001000638,CZBIL,45,46,116,204,23664
2019031001000555,CZBIL,45,38,450,204,91800
2019031001000554,CZBIL,26,38,50,204,10200
2019031001000481,CZBIL,16,22,38,204,7752
2019031001000819,DBBL,14,14,1,121,121
2019031001000445,DBBL,36,52,140,123,17220
2019031001000923,EBL,25,28,100,519,51900
2019031001000918,EBL,25,28,500,519,259500
2019031001000889,EBL,43,17,350,518,181300
2019031001000883,EBL,32,32,6000,516,3096000
2019031001000882,EBL,1,32,1000,516,516000
2019031001000881,EBL,19,32,25,517,12925
2019031001000491,EBL,14,32,2000,517,1034000
2019031001000490,EBL,57,32,20,518,10360
2019031001000437,EBL,57,35,80,518,41440
2019031001000880,EBL,48,32,100,517,51700
2019031001000879,EBL,41,32,100,517,51700
2019031001000785,EBL,8,8,3,508,1524
2019031001000755,EBL,36,17,50,518,25900
2019031001000730,EDBL,37,58,154,290,44660
2019031001000535,FMDBL,42,57,105,365,38325
2019031001000794,GBBL,58,4,300,180,54000
2019031001000793,GBBL,46,4,1000,180,180000
2019031001000792,GBBL,34,4,500,180,90000
2019031001000791,GBBL,39,4,100,180,18000
2019031001000790,GBBL,49,4,100,180,18000
2019031001000769,GBBL,49,22,100,180,18000
2019031001000688,GBBL,49,32,100,180,18000
2019031001000553,GBBL,28,4,800,182,145600
2019031001000552,GBBL,14,4,140,182,25480
2019031001000896,GBIME,11,37,100,262,26200
2019031001000826,GBIME,14,14,1,256,256
2019031001000439,GBIME,51,22,257,261,67077
2019031001000895,GBLBS,34,41,10,440,4400
2019031001000503,GBLBS,1,19,10,439,4390
2019031001000496,GBLBS,8,8,1,431,431
2019031001000845,GLICL,10,58,10,707,7070
2019031001000446,GLICL,5,51,50,694,34700
2019031001000840,HBL,46,1,200,431,86200
2019031001000462,HBL,42,47,158,430,67940
2019031001000689,HPPL,6,6,10,173,1730
2019031001000683,HPPL,41,13,20,172,3440
2019031001000876,JBBL,26,8,100,134,13400
2019031001000875,JBBL,1,8,200,134,26800
2019031001000874,JBBL,36,8,13,134,1742
2019031001000720,JBBL,36,45,37,134,4958
2019031001000928,JBNL,26,22,69,167,11523
2019031001000811,JBNL,17,22,200,166,33200
2019031001000718,JBNL,28,28,91,165,15015
2019031001000694,JBNL,28,32,50,165,8250
2019031001000546,JBNL,45,39,95,164,15580
2019031001000494,JBNL,45,51,332,164,54448
2019031001000493,JBNL,33,51,100,165,16500
2019031001000829,KBBL,14,14,1,205,205
2019031001000917,KBL,41,14,25,231,5775
2019031001000916,KBL,49,14,33,231,7623
2019031001000801,KBL,8,8,4,227,908
2019031001000756,KBL,49,17,67,231,15477
2019031001000721,KMFL,6,6,24,890,21360
2019031001000779,KRBL,58,59,50,98,4900
2019031001000887,KSBBL,57,22,434,135,58590
2019031001000509,KSBBL,8,8,5,133,665
2019031001000814,LBBL,52,1,40,170,6800
2019031001000780,LBBL,52,39,12,170,2040
2019031001000886,LBL,36,13,115,190,21850
2019031001000850,LBL,36,48,200,190,38000
2019031001000737,LBL,36,16,950,190,180500
2019031001000767,LGIL,51,51,150,510,76500
2019031001000733,LGIL,51,51,56,503,28168
2019031001000762,MBL,52,52,900,212,190800
2019031001000467,MBL,57,7,500,211,105500
2019031001000466,MBL,32,7,500,211,105500
2019031001000465,MBL,41,7,50,211,10550
2019031001000464,MBL,32,7,20,211,4220
2019031001000460,MBL,57,7,80,212,16960
2019031001000932,MEGA,48,35,211,160,33760
2019031001000836,MEGA,14,14,8,159,1272
2019031001000834,MEGA,32,16,100,159,15900
2019031001000713,MEGA,32,7,59,159,9381
2019031001000543,MEGA,32,38,179,159,28461
2019031001000542,MEGA,51,38,50,159,7950
2019031001000541,MEGA,28,38,171,159,27189
2019031001000745,MERO,6,6,67,605,40535
2019031001000529,MERO,8,8,1,593,593
2019031001000885,MFIL,46,49,200,111,22200
2019031001000884,MFIL,26,49,100,111,11100
2019031001000696,MLBL,42,44,21,160,3360
2019031001000502,MLBL,4,4,990,162,160380
2019031001000899,MNBBL,45,26,100,339,33900
2019031001000857,MNBBL,45,54,39,339,13221
2019031001000856,MNBBL,58,54,36,339,12204
2019031001000839,MNBBL,14,14,1,335,335
2019031001000560,MNBBL,58,51,164,339,55596
2019031001000559,MNBBL,26,51,40,339,13560
2019031001000487,MNBBL,26,47,160,339,54240
2019031001000486,MNBBL,37,47,20,340,6800
2019031001000853,NABIL,10,45,200,688,137600
2019031001000833,NABIL,11,1,30,686,20580
2019031001000832,NABIL,45,1,200,686,137200
2019031001000831,NABIL,29,1,40,687,27480
2019031001000784,NABIL,44,45,30,688,20640
2019031001000783,NABIL,36,45,14,688,9632
2019031001000468,NABIL,42,43,30,690,20700
2019031001000440,NABIL,29,45,100,687,68700
2019031001000650,NADEP,45,44,10,685,6850
2019031001000911,NBB,17,34,60,187,11220
2019031001000704,NBB,19,22,36,186,6696
2019031001000691,NBB,19,51,100,186,18600
2019031001000633,NBB,42,21,70,185,12950
2019031001000591,NBB,42,22,534,185,98790
2019031001000566,NBB,42,51,161,185,29785
2019031001000702,NBBL,29,7,239,637,152243
2019031001000701,NBBL,51,7,100,638,63800
2019031001000576,NBBL,29,47,10,637,6370
2019031001000750,NBL,26,17,200,284,56800
2019031001000749,NBL,39,17,200,284,56800
2019031001000642,NBL,42,49,738,285,210330
2019031001000545,NBL,49,49,100,285,28500
2019031001000905,NCCB,25,8,100,208,20800
2019031001000904,NCCB,17,8,400,208,83200
2019031001000888,NCCB,6,4,85,209,17765
2019031001000878,NCCB,17,42,500,208,104000
2019031001000821,NCCB,17,26,100,208,20800
2019031001000820,NCCB,38,26,100,208,20800
2019031001000643,NCCB,34,49,900,208,187200
2019031001000901,NIB,40,37,50,516,25800
2019031001000877,NIB,41,37,30,516,15480
2019031001000632,NIB,41,43,30,516,15480
2019031001000631,NIB,39,43,30,517,15510
2019031001000602,NIB,34,22,100,517,51700
2019031001000533,NIB,22,22,50,516,25800
2019031001000838,NICA,41,22,213,390,83070
2019031001000837,NICA,41,57,37,390,14430
2019031001000830,NICA,44,35,50,389,19450
2019031001000728,NICA,16,28,250,388,97000
2019031001000695,NICA,44,57,63,390,24570
2019031001000677,NICA,44,57,25,390,9750
2019031001000597,NICA,6,32,100,389,38900
2019031001000589,NICA,54,17,146,388,56648
2019031001000565,NICA,10,48,50,387,19350
2019031001000668,NICA,44,14,12,390,4680
2019031001000667,NICA,54,14,188,390,73320
2019031001000614,NICA,54,51,188,390,73320
2019031001000613,NICA,54,8,264,390,102960
2019031001000612,NICA,54,49,100,390,39000
2019031001000598,NICA,6,37,500,389,194500
2019031001000639,NICGF,47,42,500,8,4235
2019031001000593,NICL,32,49,100,371,37100
2019031001000578,NICL,32,49,100,371,37100
2019031001000577,NICL,45,49,100,372,37200
2019031001000528,NICL,17,58,350,375,131250
2019031001000527,NICL,17,7,150,374,56100
2019031001000637,NIL,29,49,80,517,41360
2019031001000636,NIL,29,51,83,515,42745
2019031001000858,NLBBL,44,34,50,470,23500
2019031001000900,NLG,42,42,312,810,252720
2019031001000902,NLIC,28,47,30,1095,32850
2019031001000893,NLIC,32,56,100,1099,109900
2019031001000846,NLIC,50,45,94,1100,103400
2019031001000815,NLIC,44,44,700,1099,769300
2019031001000765,NLIC,32,42,500,1099,549500
2019031001000764,NLIC,32,51,450,1099,494550
2019031001000449,NLIC,22,1,30,1090,32700
2019031001000448,NLIC,57,1,50,1091,54550
2019031001000447,NLIC,25,1,20,1091,21820
2019031001000488,NLIC,49,17,47,1091,51277
2019031001000478,NLIC,44,22,100,1090,109000
2019031001000477,NLIC,37,6,100,1090,109000
2019031001000476,NLIC,32,6,26,1090,28340
2019031001000475,NLIC,22,6,70,1090,76300
2019031001000474,NLIC,51,6,100,1095,109500
2019031001000607,NLIC,32,38,100,1091,109100
2019031001000606,NLIC,45,38,17,1092,18564
2019031001000605,NLIC,11,38,17,1095,18615
2019031001000539,NLIC,32,48,400,1091,436400
2019031001000538,NLIC,36,48,100,1092,109200
2019031001000489,NLIC,44,45,100,1090,109000
2019031001000757,NLIC,32,56,300,1098,329400
2019031001000753,NLIC,32,25,49,1098,53802
2019031001000752,NLIC,5,25,300,1098,329400
2019031001000729,NLIC,32,45,17,1094,18598
2019031001000719,NLIC,39,21,50,1097,54850
2019031001000608,NLIC,39,38,66,1091,72006
2019031001000926,NLICL,35,56,100,643,64300
2019031001000924,NMB,38,45,11,313,3443
2019031001000746,NMB,32,8,155,311,48205
2019031001000740,NMB,32,57,300,311,93300
2019031001000739,NMB,42,57,500,311,155500
2019031001000703,NMB,42,22,500,311,155500
2019031001000680,NMB,32,8,145,312,45240
2019031001000456,NMB,16,50,252,312,78624
2019031001000454,NMB,57,54,50,312,15600
2019031001000453,NMB,14,54,448,312,139776
2019031001000672,NMB,32,32,355,312,110760
2019031001000618,NMB,32,52,300,312,93600
2019031001000575,NMB,32,54,2,312,624
2019031001000574,NMB,32,41,100,312,31200
2019031001000573,NMB,32,50,698,312,217776
2019031001000458,NMB,42,50,50,312,15600
2019031001000800,NMBHF1,47,35,1577,9,13405
2019031001000742,NMBSF1,42,48,5000,10,50000
2019031001000789,NSEWA,39,42,10,549,5490
2019031001000674,NSEWA,39,39,10,560,5600
2019031001000741,NTC,22,7,50,680,34000
2019031001000727,NTC,22,7,750,680,510000
2019031001000726,NTC,34,7,100,680,68000
2019031001000725,NTC,42,7,100,681,68100
2019031001000724,NTC,42,7,50,684,34200
2019031001000891,PCBL,16,22,500,309,154500
2019031001000798,PCBL,20,39,12,308,3696
2019031001000738,PCBL,20,51,127,308,39116
2019031001000732,PIC,33,45,11,1012,11132
2019031001000507,PIC,6,45,11,1030,11330
2019031001000506,PIC,6,42,11,1020,11220
2019031001000505,PIC,6,59,11,1020,11220
2019031001000782,PLIC,35,37,15,445,6675
2019031001000699,PLIC,29,51,500,440,220000
2019031001000522,PLIC,57,57,225,438,98550
2019031001000827,PMHPL,10,44,10,109,1090
2019031001000807,PMHPL,10,44,10,109,1090
2019031001000802,PMHPL,10,45,10,109,1090
2019031001000788,PMHPL,10,44,10,109,1090
2019031001000776,PMHPL,10,44,10,109,1090
2019031001000735,PMHPL,10,44,10,109,1090
2019031001000556,PMHPL,40,36,10,110,1100
2019031001000480,PMHPL,40,45,10,110,1100
2019031001000734,PMHPL,10,45,10,109,1090
2019031001000710,PMHPL,10,44,10,109,1090
2019031001000662,PMHPL,10,44,10,109,1090
2019031001000649,PMHPL,10,45,10,109,1090
2019031001000590,PMHPL,10,39,10,109,1090
2019031001000585,PMHPL,40,39,180,110,19800
2019031001000657,PRIN,28,51,87,403,35061
2019031001000531,PRIN,58,38,200,401,80200
2019031001000530,PRIN,46,38,100,402,40200
2019031001000521,PRIN,58,46,93,401,37293
2019031001000520,PRIN,57,46,50,402,20100
2019031001000519,PRIN,32,46,49,402,19698
2019031001000518,PRIN,32,46,500,402,201000
2019031001000517,PRIN,13,46,200,402,80400
2019031001000516,PRIN,38,46,200,403,80600
2019031001000515,PRIN,59,46,300,403,120900
2019031001000514,PRIN,28,46,500,404,202000
2019031001000513,PRIN,58,46,500,405,202500
2019031001000848,PRVU,46,19,500,221,110500
2019031001000804,PRVU,36,19,1000,221,221000
2019031001000795,PRVU,25,16,100,221,22100
2019031001000763,PRVU,25,54,200,221,44200
2019031001000754,PRVU,36,1,1000,222,222000
2019031001000641,PRVU,36,41,500,222,111000
2019031001000564,PRVU,46,1,14,219,3066
2019031001000551,PRVU,8,8,7,215,1505
2019031001000504,PRVU,19,11,100,219,21900
2019031001000471,PRVU,45,48,100,220,22000
2019031001000470,PRVU,47,48,40,220,8800
2019031001000640,PRVU,36,41,500,221,110500
2019031001000604,PRVU,19,44,328,220,72160
2019031001000603,PRVU,19,34,100,220,22000
2019031001000596,PRVU,42,44,14,219,3066
2019031001000572,PRVU,42,37,14,219,3066
2019031001000571,PRVU,46,37,986,219,215934
2019031001000870,PURBL,26,57,500,185,92500
2019031001000869,PURBL,26,49,111,185,20535
2019031001000867,PURBL,26,42,250,184,46000
2019031001000866,PURBL,26,39,16,183,2928
2019031001000810,PURBL,34,42,186,181,33666
2019031001000809,PURBL,26,42,120,181,21720
2019031001000568,PURBL,34,26,300,183,54900
2019031001000567,PURBL,34,11,50,183,9150
2019031001000842,RADHI,34,16,11,169,1859
2019031001000806,RADHI,34,49,11,169,1859
2019031001000736,RADHI,34,45,11,169,1859
2019031001000682,RADHI,34,47,11,170,1870
2019031001000651,RADHI,34,45,11,169,1859
2019031001000532,RADHI,34,50,10,171,1710
2019031001000436,RADHI,34,21,11,174,1914
2019031001000435,RADHI,34,44,45,168,7560
2019031001000434,RADHI,34,45,11,168,1848
2019031001000433,RADHI,34,22,11,168,1848
2019031001000712,RHPC,8,8,3,91,273
2019031001000894,RRHP,17,42,10,93,930
2019031001000828,RRHP,17,44,10,94,940
2019031001000796,RRHP,17,44,10,94,940
2019031001000786,RRHP,17,39,150,94,14100
2019031001000681,RRHP,17,7,10,94,940
2019031001000659,RRHP,17,45,10,95,950
2019031001000658,RRHP,17,42,10,95,950
2019031001000777,SADBL,37,45,386,137,52882
2019031001000512,SANIMA,38,22,164,296,48544
2019031001000511,SANIMA,38,22,200,296,59200
2019031001000510,SANIMA,41,22,100,296,29600
2019031001000758,SBL,52,52,900,277,249300
2019031001000526,SBL,10,38,141,277,39057
2019031001000525,SBL,14,38,59,277,16343
2019031001000524,SBL,57,38,50,278,13900
2019031001000523,SBL,49,38,50,278,13900
2019031001000910,SCB,57,57,94,531,49914
2019031001000805,SCB,14,45,20,530,10600
2019031001000761,SCB,14,45,20,530,10600
2019031001000759,SCB,14,45,20,528,10560
2019031001000692,SHINE,44,10,126,240,30240
2019031001000438,SHINE,34,34,10,244,2440
2019031001000698,SHINE,34,10,574,236,135464
2019031001000697,SHINE,34,10,300,236,70800
2019031001000852,SHL,45,42,250,205,51250
2019031001000787,SHL,21,29,416,203,84448
2019031001000849,SKBBL,44,42,50,848,42400
2019031001000825,SLBSL,32,16,10,760,7600
2019031001000743,SLBSL,32,44,10,760,7600
2019031001000599,SLBSL,39,49,10,763,7630
2019031001000544,SLBSL,45,22,10,765,7650
2019031001000592,SLICL,34,34,70,526,36820
2019031001000583,SLICL,16,34,10,527,5270
2019031001000808,SPDL,16,45,10,90,900
2019031001000747,SPDL,16,45,10,90,900
2019031001000927,SRBL,36,42,201,209,42009
2019031001000920,SRBL,17,42,1000,209,209000
2019031001000919,SRBL,25,42,500,209,104500
2019031001000908,SRBL,28,13,28,210,5880
2019031001000907,SRBL,28,50,51,210,10710
2019031001000855,SRBL,56,50,43,210,9030
2019031001000854,SRBL,21,50,406,210,85260
2019031001000851,SRBL,41,35,25,211,5275
2019031001000609,SRBL,1,1,8,206,1648
2019031001000558,SRBL,21,1,94,210,19740
2019031001000844,TRH,35,57,990,243,240570
2019031001000813,TRH,35,49,10,243,2430
2019031001000931,UPPER,1,39,40,227,9080
2019031001000930,UPPER,1,10,293,227,66511
2019031001000929,UPPER,1,10,269,227,61063
2019031001000912,UPPER,42,51,40,226,9040
2019031001000909,UPPER,42,45,50,226,11300
2019031001000872,UPPER,42,28,40,226,9040
2019031001000457,UPPER,14,14,293,227,66511
2019031001000455,UPPER,14,14,293,227,66511
2019031001000452,UPPER,14,14,293,227,66511
2019031001000451,UPPER,14,45,66,227,14982
2019031001000443,UPPER,48,54,42,226,9492
2019031001000442,UPPER,8,54,30,226,6780
2019031001000473,UPPER,14,14,293,227,66511
2019031001000472,UPPER,14,14,293,227,66511
2019031001000469,UPPER,14,45,57,227,12939
2019031001000463,UPPER,45,10,60,228,13680
2019031001000461,UPPER,14,14,293,227,66511
2019031001000459,UPPER,14,14,293,227,66511
2019031001000495,UPPER,14,14,293,227,66511
2019031001000492,UPPER,14,14,293,227,66511
2019031001000485,UPPER,14,14,293,227,66511
2019031001000484,UPPER,14,48,10,227,2270
2019031001000482,UPPER,14,14,293,227,66511
2019031001000479,UPPER,14,14,293,227,66511
2019031001000549,UPPER,25,35,90,227,20430
2019031001000501,UPPER,25,33,227,227,51529
2019031001000500,UPPER,25,14,183,227,41541
2019031001000499,UPPER,14,14,110,227,24970
2019031001000498,UPPER,14,14,293,227,66511
2019031001000497,UPPER,14,45,50,227,11350
2019031001000584,UPPER,29,39,285,226,64410
2019031001000582,UPPER,29,41,40,226,9040
2019031001000580,UPPER,29,39,175,226,39550
2019031001000579,UPPER,48,39,118,226,26668
2019031001000563,UPPER,48,36,40,226,9040
2019031001000550,UPPER,38,35,490,227,111230
2019031001000611,UPPER,59,39,279,226,63054
2019031001000610,UPPER,19,39,14,226,3164
2019031001000600,UPPER,19,39,293,226,66218
2019031001000595,UPPER,19,39,193,226,43618
2019031001000594,UPPER,29,39,100,226,22600
2019031001000588,UPPER,39,38,40,227,9080
2019031001000622,UPPER,16,38,50,227,11350
2019031001000621,UPPER,16,22,50,227,11350
2019031001000620,UPPER,21,39,215,226,48590
2019031001000619,UPPER,51,39,78,226,17628
2019031001000616,UPPER,51,39,72,226,16272
2019031001000615,UPPER,59,39,221,226,49946
2019031001000628,UPPER,16,38,40,227,9080
2019031001000627,UPPER,16,38,40,227,9080
2019031001000626,UPPER,16,42,40,227,9080
2019031001000625,UPPER,16,38,40,227,9080
2019031001000624,UPPER,16,38,50,227,11350
2019031001000623,UPPER,16,38,50,227,11350
2019031001000648,UPPER,14,38,40,227,9080
2019031001000647,UPPER,14,38,50,227,11350
2019031001000646,UPPER,14,39,50,227,11350
2019031001000645,UPPER,14,39,50,227,11350
2019031001000630,UPPER,16,38,40,227,9080
2019031001000629,UPPER,16,42,50,227,11350
2019031001000660,UPPER,14,32,40,227,9080
2019031001000656,UPPER,14,25,52,227,11804
2019031001000655,UPPER,14,14,293,227,66511
2019031001000654,UPPER,16,10,24,228,5472
2019031001000653,UPPER,16,10,293,228,66804
2019031001000652,UPPER,16,10,233,228,53124
2019031001000669,UPPER,14,14,293,227,66511
2019031001000666,UPPER,14,45,50,227,11350
2019031001000665,UPPER,14,32,40,227,9080
2019031001000664,UPPER,14,14,293,227,66511
2019031001000663,UPPER,14,38,50,227,11350
2019031001000661,UPPER,14,14,293,227,66511
2019031001000686,UPPER,14,14,293,227,66511
2019031001000684,UPPER,14,14,293,227,66511
2019031001000679,UPPER,14,14,293,227,66511
2019031001000676,UPPER,14,7,50,227,11350
2019031001000675,UPPER,14,14,293,227,66511
2019031001000673,UPPER,14,32,40,227,9080
2019031001000766,UPPER,21,28,50,226,11300
2019031001000751,UPPER,21,45,50,226,11300
2019031001000748,UPPER,21,44,50,226,11300
2019031001000715,UPPER,21,44,50,226,11300
2019031001000693,UPPER,14,14,74,227,16798
2019031001000690,UPPER,14,14,293,227,66511
2019031001000816,UPPER,57,14,219,227,49713
2019031001000812,UPPER,11,44,40,226,9040
2019031001000797,UPPER,11,44,40,226,9040
2019031001000781,UPPER,11,44,40,226,9040
2019031001000778,UPPER,21,28,35,226,7910
2019031001000768,UPPER,21,44,50,226,11300
2019031001000841,UPPER,11,28,40,226,9040
2019031001000835,UPPER,11,44,50,226,11300
2019031001000823,UPPER,11,28,12,226,2712
2019031001000822,UPPER,57,28,38,227,8626
2019031001000818,UPPER,57,46,50,227,11350
2019031001000817,UPPER,57,14,293,227,66511
2019031001000871,UPPER,42,38,50,226,11300
2019031001000864,UPPER,42,28,50,226,11300
2019031001000861,UPPER,42,44,50,226,11300
2019031001000860,UPPER,42,28,12,226,2712
2019031001000859,UPPER,11,28,28,226,6328
2019031001000843,UPPER,11,44,50,226,11300
2019031001000731,VLBS,8,8,1,672,672
2019031001000441,VLBS,8,8,1,672,672
2019031001000360,ADBL,14,51,456,292,133152
2019031001000345,ADBL,29,51,944,292,275648
2019031001000341,ADBL,29,39,56,292,16352
2019031001000262,ADBL,41,51,100,294,29400
2019031001000410,AKJCL,22,42,20,79,1580
2019031001000380,AKJCL,22,39,20,79,1580
2019031001000185,AKJCL,22,11,10,79,790
2019031001000121,AKJCL,22,11,20,79,1580
2019031001000382,AKPL,22,39,13,166,2158
2019031001000199,AKPL,22,45,13,166,2158
2019031001000377,ALICL,45,51,185,386,71410
2019031001000310,ALICL,47,26,200,392,78400
2019031001000285,ALICL,16,35,300,393,117900
2019031001000358,API,22,33,300,127,38100
2019031001000357,API,42,33,100,127,12700
2019031001000324,API,8,8,1,127,127
2019031001000274,API,45,34,200,129,25800
2019031001000188,API,32,44,50,131,6550
2019031001000134,API,41,42,450,131,58950
2019031001000133,API,32,42,50,131,6550
2019031001000013,API,8,8,1,127,127
2019031001000094,BOKL,42,56,50,245,12250
2019031001000412,BPCL,45,42,20,345,6900
2019031001000404,BPCL,45,45,10,345,3450
2019031001000401,BPCL,45,45,10,345,3450
2019031001000398,BPCL,45,45,10,345,3450
2019031001000388,BPCL,45,45,100,345,34500
2019031001000135,BPCL,39,39,10,346,3460
2019031001000425,CBBL,28,51,200,870,174000
2019031001000250,CBBL,58,47,100,870,87000
2019031001000238,CBBL,37,21,50,880,44000
2019031001000158,CBBL,52,21,50,886,44300
2019031001000421,CBL,14,22,88,149,13112
2019031001000420,CBL,26,22,283,149,42167
2019031001000386,CBL,26,39,132,149,19668
2019031001000355,CBL,26,43,85,149,12665
2019031001000354,CBL,52,43,75,149,11175
2019031001000281,CBL,52,55,132,149,19668
2019031001000004,CBL,45,45,30,152,4560
2019031001000174,CBL,32,32,1,152,152
2019031001000120,CBL,32,32,1,152,152
2019031001000069,CBL,32,32,3,152,456
2019031001000043,CBL,32,32,1,152,152
2019031001000035,CBL,32,32,1,152,152
2019031001000010,CBL,32,32,3,149,447
2019031001000390,CCBL,16,39,119,160,19040
2019031001000374,CCBL,28,34,200,161,32200
2019031001000142,CCBL,57,45,26,162,4212
2019031001000018,CCBL,32,32,3,163,489
2019031001000267,CCBL,51,55,24,162,3888
2019031001000259,CCBL,51,38,76,162,12312
2019031001000258,CCBL,57,38,174,162,28188
2019031001000007,CFCL,59,49,10,109,1090
2019031001000307,CHCL,49,6,10,500,5000
2019031001000306,CHCL,49,6,26,500,13000
2019031001000397,CHL,58,39,10,102,1020
2019031001000416,CHLBS,5,51,60,561,33660
2019031001000411,CHLBS,5,45,210,561,117810
2019031001000359,CHLBS,5,58,10,561,5610
2019031001000315,CHLBS,5,57,10,561,5610
2019031001000207,CHLBS,14,42,10,566,5660
2019031001000148,CHLBS,39,39,10,562,5620
2019031001000119,CHLBS,25,36,10,560,5600
2019031001000118,CHLBS,25,42,10,560,5600
2019031001000110,CHLBS,25,11,10,560,5600
2019031001000080,CHLBS,16,16,130,570,74100
2019031001000001,CHLBS,39,39,10,566,5660
2019031001000391,CZBIL,16,17,12,204,2448
2019031001000308,CZBIL,51,17,988,204,201552
2019031001000289,CZBIL,51,28,12,204,2448
2019031001000163,CZBIL,39,39,10,207,2070
2019031001000016,CZBIL,45,45,69,208,14352
2019031001000415,DDBL,34,45,70,581,40670
2019031001000414,DDBL,46,45,30,582,17460
2019031001000314,DDBL,34,39,50,587,29350
2019031001000290,DDBL,34,17,131,587,76897
2019031001000266,DDBL,33,17,50,590,29500
2019031001000175,DDBL,42,25,100,600,60000
2019031001000011,EBL,42,42,108,520,56160
2019031001000400,EDBL,55,58,328,285,93480
2019031001000394,EDBL,55,29,172,285,49020
2019031001000321,EDBL,21,58,100,287,28700
2019031001000241,EDBL,45,58,100,290,29000
2019031001000101,EDBL,42,58,20,292,5840
2019031001000082,EDBL,41,29,10,293,2930
2019031001000074,EDBL,21,58,100,290,29000
2019031001000003,EDBL,57,29,199,295,58705
2019031001000389,FMDBL,47,17,215,363,78045
2019031001000210,GBBL,13,35,160,185,29600
2019031001000204,GBBL,13,45,139,185,25715
2019031001000141,GBBL,13,28,26,185,4810
2019031001000140,GBBL,45,28,100,185,18500
2019031001000406,GBIME,51,39,54,261,14094
2019031001000191,GBIME,45,45,194,264,51216
2019031001000161,GBIME,32,32,1,264,264
2019031001000153,GBIME,45,45,194,264,51216
2019031001000136,GBIME,32,32,1,264,264
2019031001000103,GBIME,32,32,1,264,264
2019031001000019,GBIME,32,32,1,264,264
2019031001000014,GBIME,32,32,1,264,264
2019031001000371,GBLBS,1,33,180,439,79020
2019031001000370,GBLBS,52,33,20,440,8800
2019031001000311,GBLBS,52,42,10,440,4400
2019031001000295,GBLBS,52,45,10,440,4400
2019031001000287,GBLBS,52,45,10,440,4400
2019031001000299,GDBL,34,32,1000,179,179000
2019031001000059,GDBL,32,32,2000,176,352000
2019031001000055,GDBL,46,32,2000,179,358000
2019031001000054,GDBL,45,32,200,182,36400
2019031001000343,GILB,8,8,1,1088,1088
2019031001000023,GILB,8,8,1,1088,1088
2019031001000280,GLICL,58,38,50,694,34700
2019031001000279,GLICL,57,38,10,701,7010
2019031001000278,GLICL,37,38,30,708,21240
2019031001000251,GLICL,37,39,100,708,70800
2019031001000240,GLICL,37,42,70,708,49560
2019031001000203,GLICL,22,58,100,715,71500
2019031001000202,GLICL,52,58,81,717,58077
2019031001000154,GLICL,52,17,100,717,71700
2019031001000087,GLICL,45,25,100,722,72200
2019031001000029,GLICL,57,58,50,722,36100
2019031001000409,HIDCL,5,39,10,131,1310
2019031001000413,HPPL,41,39,10,172,1720
2019031001000216,HPPL,53,45,20,171,3420
2019031001000189,HPPL,53,45,10,171,1710
2019031001000076,HPPL,34,28,10,170,1700
2019031001000022,HPPL,41,45,10,167,1670
2019031001000017,HPPL,45,42,700,178,124600
2019031001000173,JBBL,45,45,87,135,11745
2019031001000073,JBBL,32,32,1,135,135
2019031001000061,JBBL,45,45,87,135,11745
2019031001000329,JBNL,28,19,200,167,33400
2019031001000328,JBNL,34,19,300,167,50100
2019031001000301,JBNL,26,17,100,168,16800
2019031001000300,JBNL,57,17,43,168,7224
2019031001000263,KBL,43,44,20,232,4640
2019031001000379,KNBL,58,1,50,124,6200
2019031001000105,KNBL,42,56,10,126,1260
2019031001000180,KRBL,32,32,1,98,98
2019031001000160,KRBL,57,59,100,99,9900
2019031001000159,KRBL,57,59,400,99,39600
2019031001000139,KRBL,32,32,1,98,98
2019031001000125,KRBL,32,32,1,98,98
2019031001000028,KRBL,32,32,1,98,98
2019031001000012,KRBL,32,32,1,98,98
2019031001000077,KRBL,32,32,1,98,98
2019031001000071,KRBL,32,32,1,98,98
2019031001000060,KRBL,32,32,1,98,98
2019031001000045,KRBL,32,32,1,98,98
2019031001000037,KRBL,32,32,1,98,98
2019031001000032,KRBL,32,32,1,98,98
2019031001000363,KSBBL,8,8,5,133,665
2019031001000079,KSBBL,32,32,1,135,135
2019031001000039,KSBBL,26,45,30,135,4050
2019031001000031,KSBBL,8,8,5,133,665
2019031001000255,LBBL,14,35,100,173,17300
2019031001000006,LBBL,32,32,10000,173,1730000
2019031001000402,LBL,45,16,50,190,9500
2019031001000356,LBL,45,49,50,190,9500
2019031001000346,LBL,45,54,100,190,19000
2019031001000150,LBL,32,32,1,193,193
2019031001000107,LBL,32,32,1,193,193
2019031001000067,LBL,36,42,500,193,96500
2019031001000227,LGIL,1,38,200,510,102000
2019031001000226,LGIL,50,38,100,511,51100
2019031001000222,LGIL,11,28,200,513,102600
2019031001000383,LICN,28,17,20,1480,29600
2019031001000083,LLBS,32,32,2,788,1576
2019031001000046,MDB,32,32,2,225,450
2019031001000319,MEGA,28,49,29,159,4611
2019031001000318,MEGA,22,49,200,159,31800
2019031001000244,MEGA,45,6,36,161,5796
2019031001000243,MEGA,45,6,24,161,3864
2019031001000221,MEGA,45,44,68,161,10948
2019031001000205,MEGA,45,25,108,161,17388
2019031001000164,MEGA,3,48,200,162,32400
2019031001000162,MEGA,32,32,7,162,1134
2019031001000126,MEGA,32,32,4,162,648
2019031001000124,MEGA,3,48,300,162,48600
2019031001000020,MEGA,32,32,4,161,644
2019031001000378,MERO,8,8,1,593,593
2019031001000036,MERO,8,8,1,593,593
2019031001000432,MLBL,4,4,10,163,1630
2019031001000168,MNBBL,32,32,2,340,680
2019031001000143,MNBBL,32,32,2,340,680
2019031001000111,MNBBL,32,32,2,340,680
2019031001000084,MNBBL,32,32,2,340,680
2019031001000021,MNBBL,32,32,2,340,680
2019031001000015,MNBBL,32,32,2,340,680
2019031001000395,MSMBS,8,8,2,535,1070
2019031001000049,MSMBS,8,8,2,535,1070
2019031001000296,NABIL,36,26,200,689,137800
2019031001000393,NBB,42,21,200,185,37000
2019031001000323,NBB,51,34,199,186,37014
2019031001000066,NBB,42,56,50,188,9400
2019031001000053,NBB,42,45,50,188,9400
2019031001000027,NBB,42,42,51,188,9588
2019031001000024,NBB,45,42,100,188,18800
2019031001000365,NBL,42,55,252,285,71820
2019031001000336,NBL,34,55,50,285,14250
2019031001000335,NBL,37,55,100,285,28500
2019031001000334,NBL,1,55,248,285,70680
2019031001000322,NBL,1,28,252,285,71820
2019031001000195,NBL,8,50,1000,285,285000
2019031001000072,NBL,45,55,350,286,100100
2019031001000424,NCCB,51,49,100,208,20800
2019031001000235,NCCB,45,45,65,209,13585
2019031001000214,NCCB,58,10,300,207,62100
2019031001000213,NCCB,19,10,700,207,144900
2019031001000026,NCCB,45,45,281,210,59010
2019031001000005,NCCB,45,45,65,210,13650
2019031001000225,NGPL,34,45,11,114,1254
2019031001000304,NHPC,34,1,500,64,32000
2019031001000165,NHPC,32,17,500,65,32500
2019031001000034,NHPC,22,1,300,66,19800
2019031001000252,NIB,41,22,76,520,39520
2019031001000237,NIB,41,45,24,520,12480
2019031001000236,NIB,44,45,13,520,6760
2019031001000198,NIB,44,45,37,520,19240
2019031001000122,NIB,44,44,7,515,3605
2019031001000426,NICA,16,45,180,387,69660
2019031001000405,NICA,6,17,354,387,136998
2019031001000396,NICA,6,28,146,387,56502
2019031001000366,NICA,36,32,400,387,154800
2019031001000351,NICA,36,19,100,387,38700
2019031001000230,NICA,53,17,54,385,20790
2019031001000229,NICA,34,17,220,386,84920
2019031001000228,NICA,6,17,500,387,193500
2019031001000068,NICA,45,45,23,392,9016
2019031001000044,NICA,42,42,183,392,71736
2019031001000419,NICL,33,34,200,375,75000
2019031001000384,NICL,17,51,500,372,186000
2019031001000208,NICL,34,49,50,376,18800
2019031001000186,NICL,34,19,50,376,18800
2019031001000268,NIL,42,49,20,517,10340
2019031001000009,NLBBL,58,50,10,479,4790
2019031001000399,NLIC,25,34,280,1091,305480
2019031001000361,NLIC,32,6,24,1094,26256
2019031001000344,NLIC,39,6,83,1096,90968
2019031001000342,NLIC,39,59,17,1096,18632
2019031001000333,NLIC,17,34,50,1098,54900
2019031001000317,NLIC,17,34,200,1098,219600
2019031001000047,NLIC,42,58,17,1120,19040
2019031001000113,NLIC,41,34,17,1120,19040
2019031001000112,NLIC,41,40,17,1120,19040
2019031001000095,NLIC,41,40,100,1120,112000
2019031001000090,NLIC,42,40,83,1120,92960
2019031001000089,NLIC,42,34,17,1120,19040
2019031001000075,NLIC,45,53,50,1120,56000
2019031001000157,NLIC,33,20,45,1120,50400
2019031001000152,NLIC,19,58,45,1120,50400
2019031001000151,NLIC,41,58,17,1120,19040
2019031001000116,NLIC,41,29,17,1120,19040
2019031001000115,NLIC,41,37,17,1120,19040
2019031001000114,NLIC,41,45,15,1120,16800
2019031001000232,NLIC,19,20,65,1105,71825
2019031001000231,NLIC,6,20,33,1110,36630
2019031001000224,NLIC,6,34,17,1110,18870
2019031001000200,NLIC,51,16,12,1115,13380
2019031001000192,NLIC,45,59,150,1116,167400
2019031001000178,NLIC,39,39,17,1116,18972
2019031001000316,NLIC,37,34,100,1098,109800
2019031001000305,NLIC,42,51,50,1105,55250
2019031001000246,NLIC,57,34,137,1100,150700
2019031001000242,NLIC,57,20,155,1100,170500
2019031001000234,NLIC,57,20,102,1100,112200
2019031001000233,NLIC,3,20,100,1100,110000
2019031001000387,NLICL,22,28,200,635,127000
2019031001000385,NLICL,16,34,500,637,318500
2019031001000376,NLICL,52,39,50,639,31950
2019031001000257,NLICL,45,39,100,642,64200
2019031001000256,NLICL,35,40,87,647,56289
2019031001000070,NLICL,41,58,100,650,65000
2019031001000065,NLICL,7,17,100,651,65100
2019031001000423,NMB,14,35,52,312,16224
2019031001000422,NMB,22,35,35,312,10920
2019031001000407,NMB,22,25,150,312,46800
2019031001000381,NMB,22,45,15,312,4680
2019031001000372,NMB,21,45,20,313,6260
2019031001000332,NMB,45,45,50,313,15650
2019031001000220,NMB,29,14,500,314,157000
2019031001000215,NMB,51,25,500,315,157500
2019031001000194,NMB,36,40,50,316,15800
2019031001000156,NMB,36,56,100,316,31600
2019031001000058,NMB,45,49,400,317,126800
2019031001000277,NMB,16,33,136,313,42568
2019031001000276,NMB,47,33,287,313,89831
2019031001000265,NMB,47,16,213,313,66669
2019031001000249,NMB,41,45,85,314,26690
2019031001000239,NMB,41,55,15,314,4710
2019031001000223,NMB,4,25,1000,314,314000
2019031001000320,NMB,45,1,50,313,15650
2019031001000302,NMB,16,6,500,313,156500
2019031001000298,NMB,16,44,101,313,31613
2019031001000297,NMB,16,28,11,313,3443
2019031001000292,NMB,16,40,500,313,156500
2019031001000286,NMB,16,42,300,313,93900
2019031001000127,NMBHF1,47,45,832,9,7072
2019031001000408,PCBL,8,8,5,306,1530
2019031001000184,PCBL,32,32,1,312,312
2019031001000086,PCBL,32,32,1,312,312
2019031001000038,PCBL,32,32,1,312,312
2019031001000033,PCBL,32,32,1,312,312
2019031001000190,PFL,39,39,39,129,5031
2019031001000197,PIC,39,39,11,1030,11330
2019031001000096,PIC,57,57,1,1040,1040
2019031001000081,PIC,57,57,1,1040,1040
2019031001000042,PIC,33,50,164,1050,172200
2019031001000041,PIC,33,22,11,1050,11550
2019031001000364,PICL,33,58,400,685,274000
2019031001000303,PICL,33,49,100,685,68500
2019031001000348,PLIC,35,33,200,441,88200
2019031001000347,PLIC,35,33,300,441,132300
2019031001000340,PLIC,35,17,200,441,88200
2019031001000339,PLIC,37,17,100,441,44100
2019031001000338,PLIC,58,17,500,442,221000
2019031001000428,PMHPL,10,42,10,109,1090
2019031001000206,PMHPL,39,39,10,110,1100
2019031001000392,PRIN,40,57,10,402,4020
2019031001000261,PRIN,34,20,100,410,41000
2019031001000417,PRVU,8,8,6,216,1296
2019031001000273,PRVU,29,42,270,220,59400
2019031001000272,PRVU,17,42,100,220,22000
2019031001000271,PRVU,45,42,100,220,22000
2019031001000270,PRVU,45,42,30,221,6630
2019031001000063,PRVU,42,48,200,224,44800
2019031001000146,PRVU,45,49,400,222,88800
2019031001000145,PRVU,42,49,50,223,11150
2019031001000129,PRVU,42,48,50,223,11150
2019031001000102,PRVU,42,56,100,223,22300
2019031001000098,PRVU,42,22,250,225,56250
2019031001000097,PRVU,42,44,100,225,22500
2019031001000362,PURBL,26,39,81,182,14742
2019031001000352,PURBL,26,39,39,182,7098
2019031001000331,PURBL,26,57,200,185,37000
2019031001000330,PURBL,26,57,10,187,1870
2019031001000155,PURBL,33,25,300,190,57000
2019031001000128,PURBL,33,39,51,190,9690
2019031001000052,PURBL,26,58,100,191,19100
2019031001000051,PURBL,26,39,185,191,35335
2019031001000264,PURBL,26,22,100,187,18700
2019031001000245,PURBL,26,33,190,187,35530
2019031001000166,PURBL,33,28,139,190,26410
2019031001000169,RBCL,42,42,10,9166,91660
2019031001000062,RBCLPO,37,28,20,8650,173000
2019031001000427,RHPC,8,8,3,91,273
2019031001000088,RHPC,32,32,1,92,92
2019031001000085,RHPC,8,8,3,91,273
2019031001000209,RRHP,39,39,10,96,960
2019031001000326,SANIMA,8,7,120,296,35520
2019031001000325,SANIMA,42,7,75,298,22350
2019031001000313,SANIMA,42,19,500,298,149000
2019031001000309,SANIMA,42,38,400,298,119200
2019031001000172,SANIMA,42,11,25,298,7450
2019031001000418,SBI,19,47,200,376,75200
2019031001000373,SBI,16,47,147,378,55566
2019031001000367,SBI,58,47,50,380,19000
2019031001000337,SBI,16,19,100,381,38100
2019031001000327,SBI,16,59,753,381,286893
2019031001000312,SBI,41,34,100,385,38500
2019031001000056,SBI,42,42,223,385,85855
2019031001000008,SBL,45,45,175,280,49000
2019031001000057,SCB,41,42,20,530,10600
2019031001000430,SHL,26,44,200,201,40200
2019031001000429,SHL,22,44,500,202,101000
2019031001000201,SHL,28,40,100,202,20200
2019031001000294,SHPC,13,49,270,220,59400
2019031001000050,SHPC,42,28,100,224,22400
2019031001000181,SICL,44,19,30,880,26400
2019031001000375,SKBBL,26,14,85,850,72250
2019031001000193,SKBBL,26,40,65,850,55250
2019031001000025,SLBBL,44,28,100,515,51500
2019031001000260,SLBBL,1,45,10,515,5150
2019031001000282,SLBBL,57,43,100,505,50500
2019031001000293,SLICL,29,50,60,537,32220
2019031001000349,SRBL,40,34,500,210,105000
2019031001000196,SRBL,13,28,190,212,40280
2019031001000183,SRBL,13,56,90,212,19080
2019031001000182,SRBL,42,56,10,212,2120
2019031001000078,SRBL,45,45,79,213,16827
2019031001000217,UIC,1,7,10,780,7800
2019031001000431,UPPER,8,42,50,226,11300
2019031001000403,UPPER,19,45,160,227,36320
2019031001000369,UPPER,8,58,20,226,4520
2019031001000368,UPPER,59,58,30,226,6780
2019031001000353,UPPER,59,57,300,226,67800
2019031001000350,UPPER,59,58,50,226,11300
2019031001000048,UPPER,10,39,207,229,47403
2019031001000040,UPPER,10,39,293,229,67097
2019031001000030,UPPER,54,54,423,229,96867
2019031001000002,UPPER,39,39,293,230,67390
2019031001000100,UPPER,10,10,293,228,66804
2019031001000099,UPPER,10,10,293,228,66804
2019031001000093,UPPER,10,10,229,228,52212
2019031001000092,UPPER,19,10,64,228,14592
2019031001000091,UPPER,19,11,50,228,11400
2019031001000064,UPPER,19,39,86,228,19608
2019031001000123,UPPER,10,10,293,228,66804
2019031001000117,UPPER,10,39,293,228,66804
2019031001000109,UPPER,10,42,10,228,2280
2019031001000108,UPPER,19,42,10,229,2290
2019031001000106,UPPER,10,39,293,228,66804
2019031001000104,UPPER,10,11,10,228,2280
2019031001000147,UPPER,10,10,293,228,66804
2019031001000144,UPPER,10,39,293,228,66804
2019031001000138,UPPER,10,39,293,228,66804
2019031001000137,UPPER,10,10,293,228,66804
2019031001000131,UPPER,10,36,50,228,11400
2019031001000130,UPPER,34,49,50,230,11500
2019031001000177,UPPER,39,10,46,228,10488
2019031001000176,UPPER,10,10,247,228,56316
2019031001000171,UPPER,10,39,293,228,66804
2019031001000170,UPPER,10,10,293,228,66804
2019031001000167,UPPER,10,10,293,228,66804
2019031001000149,UPPER,10,11,40,228,9120
2019031001000219,UPPER,13,39,79,227,17933
2019031001000218,UPPER,59,39,60,227,13620
2019031001000212,UPPER,59,16,240,227,54480
2019031001000211,UPPER,57,16,10,227,2270
2019031001000187,UPPER,6,39,100,228,22800
2019031001000179,UPPER,39,39,54,228,12312
2019031001000269,UPPER,52,25,40,226,9040
2019031001000254,UPPER,21,45,500,227,113500
2019031001000253,UPPER,13,45,274,227,62198
2019031001000248,UPPER,13,55,97,227,22019
2019031001000247,UPPER,13,45,50,227,11350
2019031001000291,UPPER,59,55,50,226,11300
2019031001000288,UPPER,59,25,50,226,11300
2019031001000284,UPPER,59,25,20,226,4520
2019031001000283,UPPER,52,25,20,226,4520
2019031001000275,UPPER,52,25,40,226,9040
2019031001000132,VLBS,8,8,1,672,672
