contract,symbol,buyer,seller,qty,rate,amt
201504152548109,ACEDBL,28,6,212,250,53000
201504152548083,ACEDBL,41,32,50,253,12650
201504152548101,ADBL,14,14,30,474,14220
201504152548095,ADBL,14,19,30,469,14070
201504152548056,ADBL,57,57,770,465,358050
201504152547632,ADBL,46,38,71,464,32944
201504152547615,ADBL,49,49,4931,463,2283053
201504152547653,ADBL,35,38,52,465,24180
201504152547648,ADBL,49,38,71,464,32944
201504152547641,ADBL,49,45,40,464,18560
201504152547960,ADBL,14,38,71,465,33015
201504152547853,ADBL,13,17,260,462,120120
201504152547787,ADBL,51,32,280,463,129640
201504152547699,ADBL,35,58,30,465,13950
201504152547982,ADBL,13,57,130,462,60060
201504152547981,ADBL,40,57,90,463,41670
201504152547969,ADBL,14,53,90,465,41850
201504152547968,ADBL,14,35,40,465,18600
201504152547963,ADBL,43,37,102,464,47328
201504152547898,AHPC,14,22,23,345,7935
201504152547802,AHPC,29,49,46,340,15640
201504152547995,AIC,46,8,92,370,34040
201504152548055,ALDBL,6,19,23,315,7245
201504152548021,ALDBL,6,22,320,310,99200
201504152548012,ALDBL,6,22,910,310,282100
201504152548106,ALICL,47,45,80,1205,96400
201504152548104,ALICL,28,45,100,1206,120600
201504152548094,ALICL,45,45,300,1203,360900
201504152547790,ALICL,17,25,10,1220,12200
201504152547690,ALICL,49,47,117,1205,140985
201504152547689,ALICL,49,38,13,1204,15652
201504152547687,APEX,49,41,40,135,5400
201504152547684,APEX,25,41,30,135,4050
201504152547680,APEX,25,41,40,135,5400
201504152547791,APEX,49,19,30,135,4050
201504152547773,APEX,25,19,30,135,4050
201504152547775,BGDBL,49,8,500,295,147500
201504152547980,BPCL,39,48,200,608,121600
201504152548103,BUDBL,43,28,1000,210,210000
201504152548060,CBL,55,50,500,280,140000
201504152548042,CBL,1,21,197,280,55160
201504152548037,CBL,48,50,1000,278,278000
201504152548017,CBL,48,50,500,280,140000
201504152547942,CBL,16,50,500,281,140500
201504152547675,CBL,11,50,1000,280,280000
201504152547655,CBL,50,33,200,281,56200
201504152547654,CBL,13,50,1000,281,281000
201504152547816,CBL,1,50,1000,279,279000
201504152547777,CBL,25,50,500,280,140000
201504152547776,CBL,53,50,500,280,140000
201504152547749,CBL,53,33,500,280,140000
201504152547743,CBL,1,33,200,280,56000
201504152547715,CBL,1,33,500,280,140000
201504152547896,CBL,25,33,285,280,79800
201504152547857,CBL,34,33,200,280,56000
201504152547844,CBL,48,33,100,281,28100
201504152547836,CBL,48,50,500,279,139500
201504152547824,CBL,34,50,500,279,139500
201504152547818,CBL,13,50,1000,279,279000
201504152547813,CCBL,17,47,31,310,9610
201504152547785,CCBL,11,33,40,309,12360
201504152547758,CCBL,11,43,1000,311,311000
201504152547755,CCBL,11,32,31,311,9641
201504152547753,CCBL,53,49,1000,310,310000
201504152547748,CCBL,11,32,31,311,9641
201504152547668,CCBL,11,20,214,310,66340
201504152547663,CCBL,11,20,214,310,66340
201504152547662,CCBL,11,40,40,309,12360
201504152548004,CDBL,49,50,14,325,4550
201504152547966,CDBL,49,50,33,325,10725
201504152547871,CDBL,32,49,101,324,32724
201504152547866,CDBL,25,49,101,325,32825
201504152547650,CDBL,17,51,38,329,12502
201504152548030,CFCL,28,51,1000,197,197000
201504152548069,CHCL,21,28,100,1600,160000
201504152548064,CHCL,33,28,109,1600,174400
201504152548008,CHCL,33,26,113,1600,180800
201504152548000,CHCL,14,26,13,1605,20865
201504152547880,CHCL,14,38,110,1612,177320
201504152547855,CHCL,48,38,100,1612,161200
201504152547830,CHCL,39,21,660,1604,1058640
201504152547808,CHCL,33,4,22,1601,35222
201504152547760,CHCL,11,42,39,1600,62400
201504152547701,CHCL,48,28,100,1600,160000
201504152547665,CHCL,11,28,33,1600,52800
201504152547664,CHCL,48,28,33,1600,52800
201504152548026,CNDBL,51,50,500,173,86500
201504152547925,CNDBL,48,50,100,173,17300
201504152547924,CNDBL,47,50,500,171,85500
201504152547920,CNDBL,16,50,300,172,51600
201504152547919,CNDBL,16,50,500,172,86000
201504152547918,CNDBL,16,50,500,172,86000
201504152547917,CNDBL,16,50,500,172,86000
201504152547916,CNDBL,16,50,500,172,86000
201504152547912,CNDBL,47,50,1000,171,171000
201504152547884,CNDBL,16,50,200,174,34800
201504152547881,CNDBL,40,50,40,175,7000
201504152547765,CNDBL,28,50,500,174,87000
201504152548052,CZBIL,56,8,24,452,10848
201504152548033,CZBIL,57,45,333,448,149184
201504152547730,CZBIL,6,49,37,447,16539
201504152547695,CZBIL,6,49,108,447,48276
201504152547691,CZBIL,56,6,12,453,5436
201504152547679,CZBIL,59,42,520,448,232960
201504152548092,EBL,47,22,210,2134,448140
201504152547972,EBL,43,45,23,2131,49013
201504152547971,EBL,42,21,54,2133,115182
201504152547623,EBL,57,57,30,2130,63900
201504152547786,EBL,54,17,25,2132,53300
201504152547784,EBL,49,49,301,2125,639625
201504152547762,EBL,43,22,100,2134,213400
201504152547726,EBL,47,35,100,2135,213500
201504152547967,EBL,54,45,35,2133,74655
201504152547934,EBL,47,22,82,2140,175480
201504152547923,EBL,54,11,150,2133,319950
201504152547973,EIC,52,42,33,845,27885
201504152547944,EIC,52,17,16,860,13760
201504152547936,EIC,14,42,33,865,28545
201504152547935,EIC,52,42,33,866,28578
201504152547728,EKBL,4,40,33,290,9570
201504152547640,EKBL,25,26,642,290,186180
201504152547685,FMDBL,42,25,100,622,62200
201504152547631,FMDBL,25,39,200,610,122000
201504152548041,GBBL,49,14,28,320,8960
201504152547788,GBBL,14,22,282,323,91086
201504152547754,GBBL,45,10,74,325,24050
201504152547752,GBBL,45,50,40,323,12920
201504152548091,GBIME,29,55,24,443,10632
201504152548080,GBIME,36,40,18,442,7956
201504152548074,GBIME,4,46,69,440,30360
201504152548070,GBIME,29,55,24,443,10632
201504152548065,GBIME,4,46,69,441,30429
201504152548059,GBIME,51,29,17,441,7497
201504152547651,GBIME,17,17,500,440,220000
201504152547634,GBIME,19,59,45,440,19800
201504152547714,GBIME,43,39,43,440,18920
201504152547711,GBIME,19,39,43,440,18920
201504152547708,GBIME,13,49,18,441,7938
201504152547704,GBIME,47,39,43,440,18920
201504152547700,GBIME,59,39,43,440,18920
201504152547671,GBIME,32,49,18,440,7920
201504152547745,GBIME,6,52,39,439,17121
201504152547744,GBIME,34,28,45,440,19800
201504152547740,GBIME,34,39,43,440,18920
201504152547734,GBIME,45,36,10,440,4400
201504152547722,GBIME,32,52,39,440,17160
201504152547717,GBIME,36,49,18,440,7920
201504152547821,GBIME,59,17,1000,439,439000
201504152547815,GBIME,17,47,1053,438,461214
201504152547783,GBIME,4,37,17,440,7480
201504152547769,GBIME,22,22,161,439,70679
201504152547763,GBIME,32,40,43,439,18877
201504152547747,GBIME,29,52,39,439,17121
201504152547874,GBIME,14,40,43,441,18963
201504152547872,GBIME,14,14,13,441,5733
201504152547864,GBIME,4,29,43,440,18920
201504152547861,GBIME,53,17,173,440,76120
201504152547846,GBIME,19,14,40,441,17640
201504152547843,GBIME,59,41,45,440,19800
201504152547897,GBIME,11,28,36,440,15840
201504152547893,GBIME,6,29,43,439,18877
201504152547888,GBIME,42,28,36,439,15804
201504152547887,GBIME,29,21,694,440,305360
201504152547885,GBIME,43,28,69,439,30291
201504152547877,GBIME,11,29,43,440,18920
201504152547922,GBIME,48,29,45,439,19755
201504152547921,GBIME,25,26,44,440,19360
201504152547915,GBIME,25,28,36,440,15840
201504152547914,GBIME,53,28,36,439,15804
201504152547908,GBIME,17,28,36,439,15804
201504152547899,GBIME,37,29,43,439,18877
201504152548009,GBIME,40,40,261,441,115101
201504152547994,GBIME,51,14,44,441,19404
201504152547977,GBIME,16,11,89,440,39160
201504152547958,GBIME,11,50,12,440,5280
201504152547943,GBIME,42,29,32,439,14048
201504152547929,GBIME,37,29,62,439,27218
201504152548050,GBIME,4,46,69,442,30498
201504152548043,GBIME,4,46,69,442,30498
201504152548036,GBIME,4,46,69,442,30498
201504152548019,GBIME,4,46,69,442,30498
201504152548018,GBIME,29,29,44,441,19404
201504152548011,GBIME,51,29,44,441,19404
201504152547932,GDBL,26,26,102,311,31722
201504152548088,HBDL,22,17,200,114,22800
201504152548057,HBDL,6,6,1124,114,128136
201504152547939,HBDL,22,57,460,114,52440
201504152547870,HBDL,20,25,500,114,57000
201504152547869,HBDL,20,17,500,114,57000
201504152547710,HBDL,14,46,14,114,1596
201504152547849,HBL,43,17,22,835,18370
201504152547642,HBL,16,11,16,825,13200
201504152548078,IDBL,38,7,190,187,35530
201504152547905,IDBL,55,7,448,187,83776
201504152547837,IDBL,55,7,121,187,22627
201504152547767,IDBL,55,43,11,185,2035
201504152547645,IDBL,42,29,1000,182,182000
201504152547823,JBBL,47,26,10,173,1730
201504152547822,JBBL,47,26,10,173,1730
201504152548025,JBNL,38,42,181,271,49051
201504152547735,JEFL,39,42,200,141,28200
201504152547993,KADBL,35,16,134,360,48240
201504152548062,KBBL,44,52,468,375,175500
201504152547833,KBBL,54,4,500,377,188500
201504152547793,KBL,56,56,3900,370,1443000
201504152547781,KBL,56,56,19,377,7163
201504152547986,KFL,42,17,551,161,88711
201504152548114,KMCDB,26,45,197,1025,201925
201504152548113,KMCDB,26,28,10,1025,10250
201504152548028,KMCDB,16,45,296,1025,303400
201504152547985,KMCDB,16,45,40,1025,41000
201504152548038,KRBL,26,14,10,288,2880
201504152548105,LBL,54,35,335,523,175205
201504152547865,LBL,41,6,500,528,264000
201504152547727,LBL,14,20,44,532,23408
201504152547681,LBL,14,42,400,532,212800
201504152547633,LBL,52,11,105,530,55650
201504152548066,LFLC,17,28,1000,220,220000
201504152548002,LFLC,17,32,300,219,65700
201504152548049,LICN,54,36,150,2390,358500
201504152548054,LLBS,45,32,550,841,462550
201504152547805,LUBL,14,6,1000,353,353000
201504152547746,LUBL,6,16,113,351,39663
201504152547693,LUBL,17,17,352,349,122848
201504152547639,LUBL,8,32,110,354,38940
201504152547926,MBL,6,1,45,564,25380
201504152547692,MBL,6,29,149,561,83589
201504152548071,MDB,16,49,200,490,98000
201504152548048,MDB,16,17,110,491,54010
201504152548013,MDB,20,19,144,490,70560
201504152547820,MDB,45,49,500,490,245000
201504152547636,MDB,16,16,28,491,13748
201504152547984,MDBL,57,32,500,232,116000
201504152548072,METRO,25,32,200,340,68000
201504152547841,METRO,25,32,500,334,167000
201504152548100,MNBBL,11,29,500,560,280000
201504152548097,MNBBL,42,41,13,561,7293
201504152548063,MNBBL,45,29,500,562,281000
201504152548061,MNBBL,42,16,195,563,109785
201504152548096,NABIL,51,38,200,1895,379000
201504152548076,NABIL,42,14,12,1905,22860
201504152548023,NABIL,22,33,75,1896,142200
201504152547657,NABIL,42,49,103,1905,196215
201504152548035,NABILP,17,44,250,1325,331250
201504152547978,NABILP,8,49,1000,1323,1323000
201504152547780,NABILP,8,44,1000,1323,1323000
201504152547774,NABILP,43,44,200,1324,264800
201504152547953,NABILP,43,44,200,1324,264800
201504152547952,NABILP,53,44,300,1324,397200
201504152547951,NABILP,45,44,50,1325,66250
201504152548107,NBB,25,35,500,495,247500
201504152547945,NBB,25,34,200,495,99000
201504152547817,NBB,25,44,1100,495,544500
201504152547794,NBB,54,21,240,495,118800
201504152547782,NBB,25,49,165,495,81675
201504152547876,NBF1,17,16,25857,13,343898
201504152547725,NBF1,17,42,480,13,6336
201504152548108,NBL,47,33,150,300,45000
201504152548093,NBL,22,33,200,300,60000
201504152548087,NBL,22,33,200,300,60000
201504152548079,NBL,19,33,200,300,60000
201504152548067,NBL,47,33,200,300,60000
201504152547688,NBL,35,33,500,300,150000
201504152547647,NBL,32,33,200,300,60000
201504152547991,NGBL,39,33,100,277,27700
201504152547990,NGBL,42,33,100,280,28000
201504152547742,NGBL,39,51,13,282,3666
201504152547741,NGBL,39,51,13,282,3666
201504152547738,NGBL,39,51,13,282,3666
201504152548111,NHPC,55,56,1000,124,124000
201504152547895,NHPC,56,56,1000,124,124000
201504152547886,NHPC,13,41,500,124,62000
201504152547834,NHPC,34,56,1000,125,125000
201504152547801,NHPC,14,56,100,124,12400
201504152547739,NHPC,33,56,1000,124,124000
201504152547709,NHPC,33,56,1000,124,124000
201504152547706,NHPC,33,56,1000,124,124000
201504152547702,NHPC,33,56,1000,124,124000
201504152547698,NHPC,33,56,1000,124,124000
201504152547694,NHPC,33,17,1000,124,124000
201504152547737,NHPC,33,56,1000,124,124000
201504152547732,NHPC,33,56,1000,124,124000
201504152547731,NHPC,33,56,1000,124,124000
201504152547724,NHPC,33,56,1000,124,124000
201504152547721,NHPC,33,56,1000,124,124000
201504152547718,NHPC,33,56,1000,124,124000
201504152547928,NIB,6,28,206,712,146672
201504152547778,NIB,48,22,138,714,98532
201504152548046,NIBPO,26,26,100,504,50400
201504152547956,NIBPO,8,1,500,500,250000
201504152547882,NIBPO,49,57,10400,499,5189600
201504152548102,NICA,38,21,500,655,327500
201504152547847,NICA,21,28,120,655,78600
201504152547800,NICA,48,21,274,652,178648
201504152547768,NICA,16,49,15,651,9765
201504152547756,NICA,22,17,100,651,65100
201504152547750,NICA,16,49,22,651,14322
201504152547736,NICA,38,49,22,652,14344
201504152547673,NICA,51,32,500,650,325000
201504152547666,NICA,38,32,30,652,19560
201504152548073,NLG,4,43,30,650,19500
201504152548029,NLG,28,39,28,650,18200
201504152548077,NLIC,17,16,186,4374,813564
201504152548075,NLIC,53,28,100,4369,436900
201504152548040,NLIC,40,32,31,4370,135470
201504152547807,NLIC,54,54,431,4340,1870540
201504152547729,NLIC,37,45,20,4370,87400
201504152548098,NLICL,49,1,12,2209,26508
201504152548084,NLICL,38,44,100,2200,220000
201504152547987,NLICL,38,44,100,2199,219900
201504152547970,NLICL,38,41,62,2200,136400
201504152547962,NLICL,38,44,100,2199,219900
201504152547927,NLICL,19,44,100,2199,219900
201504152547804,NLICL,59,44,100,2194,219400
201504152547757,NLICL,59,44,100,2199,219900
201504152548022,NNLB,21,20,280,950,266000
201504152547798,NNLB,39,7,81,950,76950
201504152547759,NNLB,39,17,40,937,37480
201504152548031,NTC,29,14,110,608,66880
201504152547957,NTC,25,43,100,600,60000
201504152548051,NUBL,40,11,47,1236,58092
201504152547974,NUBL,45,11,58,1240,71920
201504152547686,NUBL,16,16,289,1242,358938
201504152547683,NUBL,16,29,100,1242,124200
201504152548014,OFL,14,20,135,317,42795
201504152548006,OFL,14,20,54,323,17442
201504152547988,OFL,41,39,32,329,10528
201504152547913,OHL,11,25,10,711,7110
201504152547835,PCBL,5,29,40,445,17800
201504152547809,PCBL,14,29,78,445,34710
201504152547806,PCBL,5,29,60,445,26700
201504152547761,PCBL,14,17,159,445,70755
201504152547635,PCBL,33,53,249,446,111054
201504152548112,PICL,47,38,500,426,213000
201504152547959,PLIC,17,45,1000,1080,1080000
201504152547950,PLIC,17,42,94,1075,101050
201504152547907,PLIC,53,37,100,1080,108000
201504152547825,PLIC,28,28,300,1077,323100
201504152547678,PLIC,17,10,1000,1095,1095000
201504152547677,PLIC,17,38,140,1094,153160
201504152547676,PLIC,17,38,140,1093,153020
201504152547674,PLIC,17,10,54,1090,58860
201504152547672,PLIC,17,10,54,1090,58860
201504152547660,PLIC,41,53,100,1089,108900
201504152547779,PROFL,45,45,80,169,13520
201504152547772,PROFL,45,45,10,172,1720
201504152548089,PRVU,49,49,480,348,167040
201504152548053,PRVU,48,21,500,348,174000
201504152548005,PRVU,8,35,473,349,165077
201504152547890,PRVU,19,29,791,347,274477
201504152547649,PRVU,13,49,11,348,3828
201504152547643,PRVU,21,49,11,348,3828
201504152547883,PRVU,21,34,97,348,33756
201504152547848,PRVU,13,40,537,347,186339
201504152547803,PRVU,1,7,11,347,3817
201504152547795,PRVU,50,7,11,347,3817
201504152547792,PRVU,21,7,11,348,3828
201504152547720,PRVU,1,49,11,347,3817
201504152548003,REDBL,16,16,74,210,15540
201504152547999,REDBL,46,16,74,211,15614
201504152547904,REDBL,45,33,329,215,70735
201504152547616,REDBL,16,16,38,216,8208
201504152547940,RHPC,21,49,11,465,5115
201504152547938,RHPC,21,49,11,465,5115
201504152547937,RHPC,21,49,11,465,5115
201504152547933,RHPC,21,49,11,465,5115
201504152547931,RHPC,21,49,11,465,5115
201504152547930,RHPC,21,58,19,464,8816
201504152547911,RHPC,32,49,11,463,5093
201504152547910,RHPC,32,49,11,463,5093
201504152547909,RHPC,32,49,11,463,5093
201504152548058,RMDC,26,7,18,700,12600
201504152547879,RMDC,26,39,33,702,23166
201504152547878,RMDC,26,39,33,702,23166
201504152547670,RMDC,40,28,33,690,22770
201504152547667,RMDC,40,28,33,690,22770
201504152548082,SANIMA,21,52,70,560,39200
201504152547989,SANIMA,8,37,150,560,84000
201504152547948,SANIMA,49,58,1060,560,593600
201504152547889,SANIMA,38,35,117,560,65520
201504152547838,SANIMA,6,35,238,559,133042
201504152547819,SANIMA,21,14,92,560,51520
201504152547810,SANIMA,21,41,94,559,52546
201504152547770,SANIMA,6,6,155,559,86645
201504152547998,SBI,11,21,466,900,419400
201504152547858,SBI,6,49,147,907,133329
201504152547854,SBI,43,25,74,925,68450
201504152547829,SBI,43,51,52,907,47164
201504152548024,SBL,35,35,750,680,510000
201504152547954,SBL,49,28,644,680,437920
201504152547949,SBL,43,35,361,681,245841
201504152547941,SBL,49,28,210,680,142800
201504152547892,SBL,49,28,227,680,154360
201504152547873,SBL,49,28,202,680,137360
201504152547659,SBL,42,45,165,680,112200
201504152547658,SBL,42,29,74,680,50320
201504152547868,SBL,49,28,227,680,154360
201504152547863,SBL,49,28,227,680,154360
201504152547862,SBL,49,17,128,680,87040
201504152547860,SBL,42,29,29,680,19720
201504152547859,SBL,42,33,64,679,43456
201504152547764,SBL,49,28,854,680,580720
201504152547979,SCB,22,44,117,1935,226395
201504152547894,SCB,34,44,230,1926,442980
201504152547627,SCB,48,3,200,1925,385000
201504152547626,SCB,47,3,150,1930,289500
201504152547625,SCB,7,3,50,1930,96500
201504152547624,SCB,34,3,100,1931,193100
201504152547630,SCB,25,3,300,1915,574500
201504152547629,SCB,35,3,200,1920,384000
201504152547628,SCB,21,3,50,1920,96000
201504152548068,SDBL,59,28,250,222,55500
201504152547851,SEWA,26,17,200,295,59000
201504152547832,SEWA,48,48,13,294,3822
201504152547713,SEWA,4,20,19,290,5510
201504152547705,SEWA,13,51,302,290,87580
201504152547703,SEWA,13,17,100,295,29500
201504152547617,SEWA,38,47,25,300,7500
201504152548110,SHBL,13,16,64,1225,78400
201504152548007,SHBL,45,16,64,1233,78912
201504152547983,SHBL,45,50,23,1233,28359
201504152547975,SHBL,40,50,13,1236,16068
201504152547891,SHBL,37,50,20,1250,25000
201504152547875,SHBL,45,16,64,1233,78912
201504152547856,SHBL,59,16,64,1240,79360
201504152548032,SHINE,49,37,75,348,26100
201504152547697,SHINE,1,42,28,348,9744
201504152547646,SHINE,48,51,100,347,34700
201504152547965,SHL,17,21,423,450,190350
201504152547852,SHL,49,58,100,448,44800
201504152547850,SHL,7,58,200,448,89600
201504152548044,SHPC,35,49,500,730,365000
201504152547906,SHPC,26,49,500,730,365000
201504152547716,SHPC,4,4,18,723,13014
201504152547652,SIC,19,19,60,1030,61800
201504152548045,SICL,43,11,283,674,190742
201504152547618,SICL,43,42,45,701,31545
201504152547961,SICL,43,11,102,687,70074
201504152548099,SKBBL,26,50,150,1486,222900
201504152548090,SKBBL,48,50,200,1485,297000
201504152547867,SKBBL,26,26,12,1486,17832
201504152547661,SKBBL,48,14,20,1490,29800
201504152547656,SKBBL,48,14,20,1490,29800
201504152547997,SLICL,17,42,45,588,26460
201504152547996,SLICL,41,42,45,593,26685
201504152547976,SMFDB,41,14,100,1559,155900
201504152548086,SRBL,54,14,86,395,33970
201504152548085,SRBL,54,29,120,395,47400
201504152548081,SRBL,54,40,86,394,33884
201504152548034,SRBL,20,14,214,393,84102
201504152547992,SRBL,33,14,500,392,196000
201504152547964,SRBL,48,48,20,391,7820
201504152547712,SRBL,20,40,86,391,33626
201504152547707,SRBL,7,14,35,394,13790
201504152547696,SRBL,7,6,11,393,4323
201504152547669,SRBL,20,13,279,392,109368
201504152547955,SRBL,14,40,58,390,22620
201504152547845,SRBL,20,29,65,390,25350
201504152547797,SRBL,46,46,11,391,4301
201504152547789,SRBL,46,46,11,391,4301
201504152547751,SRBL,48,29,104,390,40560
201504152547723,SRBL,20,40,117,392,45864
201504152547842,SUPRME,39,21,118,159,18762
201504152547840,SUPRME,39,13,672,159,106848
201504152547814,SUPRME,47,51,11,159,1749
201504152548001,TRH,28,41,20,266,5320
201504152547839,TRH,17,13,1000,268,268000
201504152548027,UFIL,11,51,11,153,1683
201504152548020,UFIL,11,51,11,153,1683
201504152548016,UFIL,11,51,11,153,1683
201504152547826,UFIL,16,51,11,153,1683
201504152547796,UFIL,26,44,310,152,47120
201504152547733,UFIL,11,51,11,153,1683
201504152548015,UFIL,11,51,11,153,1683
201504152548010,UFIL,11,51,11,153,1683
201504152547831,UFIL,16,22,20,156,3120
201504152547828,UFIL,16,51,11,153,1683
201504152547827,UFIL,16,51,11,153,1683
201504152548047,VBBL,20,28,1730,158,273340
201504152547771,VBBL,20,52,100,160,16000
201504152547766,VBBL,51,52,100,161,16100
201504152547799,WDBL,50,38,35,329,11515
201504152547644,WDBL,13,6,52,331,17212
201504152547622,WDBL,17,40,13,330,4290
201504152547621,WDBL,17,40,13,330,4290
201504152547620,WDBL,17,40,13,330,4290
201504152547619,WDBL,17,40,13,330,4290
201504152547614,WDBL,42,40,13,327,4251
201504152547719,YETI,13,32,300,135,40500
201504152547682,YETI,13,47,20,135,2700
201504152547604,ADBL,49,43,100,466,46600
201504152547573,ADBL,16,43,50,465,23250
201504152547535,ADBL,29,29,31,466,14446
201504152547528,ADBL,16,53,40,465,18600
201504152547453,ADBL,49,49,2930,461,1350730
201504152547442,ADBL,49,21,800,461,368800
201504152547206,ADBL,40,33,260,461,119860
201504152547199,ADBL,16,46,32,462,14784
201504152547165,ADBL,14,14,1261,455,573755
201504152547159,ADBL,6,6,103,463,47689
201504152547138,ADBL,29,29,30,466,13980
201504152547232,ADBL,55,46,30,461,13830
201504152547228,ADBL,55,46,30,461,13830
201504152547215,ADBL,55,46,30,461,13830
201504152547207,ADBL,40,46,31,461,14291
201504152547290,ADBL,49,46,31,461,14291
201504152547277,ADBL,5,46,31,461,14291
201504152547271,ADBL,55,46,33,461,15213
201504152547261,ADBL,48,46,31,462,14322
201504152547255,ADBL,48,46,30,462,13860
201504152547249,ADBL,48,46,30,462,13860
201504152547546,AHPC,44,56,100,340,34000
201504152547545,AHPC,44,45,500,340,170000
201504152547405,AHPC,40,17,100,340,34000
201504152547396,AHPC,13,45,153,340,52020
201504152547260,AHPC,25,17,35,340,11900
201504152547247,AHPC,52,16,180,340,61200
201504152547188,AHPC,40,16,180,340,61200
201504152547168,AHPC,11,48,200,340,68000
201504152547152,AHPC,40,22,192,341,65472
201504152547488,ALDBL,48,28,10,310,3100
201504152547485,ALDBL,48,28,10,310,3100
201504152547530,ALICL,36,38,30,1204,36120
201504152547375,ALICL,45,14,116,1200,139200
201504152547306,ALICL,45,8,162,1202,194724
201504152547292,ALICL,45,45,100,1201,120100
201504152547234,APEX,58,10,40,137,5480
201504152547233,APEX,58,22,90,137,12330
201504152547226,ARDBL,38,26,21,190,3990
201504152547388,BHBL,1,36,500,278,139000
201504152547240,BHBL,16,43,50,283,14150
201504152547244,BLDBL,22,38,400,320,128000
201504152547150,BLDBL,36,38,100,326,32600
201504152547506,BUDBL,43,21,1000,210,210000
201504152547492,BUDBL,11,21,100,210,21000
201504152547486,BUDBL,43,21,1000,208,208000
201504152547436,BUDBL,13,51,43,210,9030
201504152547548,CBBL,48,53,116,1600,185600
201504152547562,CBL,1,33,500,280,140000
201504152547561,CBL,49,33,200,280,56000
201504152547439,CBL,33,33,1500,279,418500
201504152547409,CBL,48,33,486,281,136566
201504152547338,CBL,34,33,1000,279,279000
201504152547267,CBL,19,33,1000,280,280000
201504152547248,CBL,19,50,1000,280,280000
201504152547217,CBL,34,39,79,280,22120
201504152547204,CBL,7,50,1000,280,280000
201504152547166,CBL,34,33,500,281,140500
201504152547586,CCBL,16,40,40,309,12360
201504152547527,CCBL,16,40,40,309,12360
201504152547524,CCBL,16,40,40,309,12360
201504152547459,CCBL,16,48,200,310,62000
201504152547400,CCBL,11,48,200,310,62000
201504152547386,CCBL,42,42,40,309,12360
201504152547333,CCBL,42,42,40,309,12360
201504152547287,CCBL,11,47,31,309,9579
201504152547229,CCBL,11,47,31,310,9610
201504152547158,CCBL,28,43,1000,311,311000
201504152547121,CCBL,28,14,306,311,95166
201504152547359,CCBL,11,34,304,310,94240
201504152547355,CCBL,11,47,31,310,9610
201504152547346,CCBL,42,42,40,309,12360
201504152547341,CCBL,42,42,40,309,12360
201504152547339,CCBL,42,42,40,309,12360
201504152547336,CCBL,42,42,40,309,12360
201504152547607,CHCL,39,39,85,1600,136000
201504152547605,CHCL,39,39,85,1600,136000
201504152547582,CHCL,46,55,21,1600,33600
201504152547572,CHCL,54,49,33,1600,52800
201504152547567,CHCL,10,10,56,1604,89824
201504152547559,CHCL,25,4,40,1600,64000
201504152547310,CHCL,29,4,54,1600,86400
201504152547300,CHCL,29,4,31,1605,49755
201504152547222,CHCL,29,20,11,1610,17710
201504152547216,CHCL,35,4,19,1615,30685
201504152547118,CHCL,35,33,30,1615,48450
201504152547513,CHCL,33,44,1135,1595,1810325
201504152547502,CHCL,48,10,55,1592,87560
201504152547495,CHCL,52,10,68,1595,108460
201504152547469,CHCL,29,10,70,1597,111790
201504152547324,CHCL,48,44,156,1600,249600
201504152547312,CHCL,46,44,19,1600,30400
201504152547525,CNDBL,40,42,20,175,3500
201504152547433,CNDBL,40,40,40,175,7000
201504152547371,CNDBL,17,14,20,177,3540
201504152547370,CNDBL,17,14,20,177,3540
201504152547507,CZBIL,59,40,12,445,5340
201504152547397,CZBIL,14,40,37,443,16391
201504152547330,CZBIL,14,36,19,440,8360
201504152547329,CZBIL,49,8,214,440,94160
201504152547320,CZBIL,49,8,214,440,94160
201504152547319,CZBIL,50,8,143,440,62920
201504152547243,CZBIL,50,8,214,440,94160
201504152547203,CZBIL,53,20,1000,440,440000
201504152547200,CZBIL,52,26,183,441,80703
201504152547148,CZBIL,14,14,48,447,21456
201504152547393,EBLCP,13,13,36,1065,38340
201504152547602,EFL,47,55,37,177,6549
201504152547503,EKBL,50,26,324,290,93960
201504152547185,EKBL,4,40,10,290,2900
201504152547183,EKBL,4,40,10,290,2900
201504152547182,EKBL,4,40,20,290,5800
201504152547181,EKBL,4,40,20,290,5800
201504152547176,EKBL,40,40,20,289,5780
201504152547175,EKBL,40,40,20,289,5780
201504152547173,EKBL,40,40,20,289,5780
201504152547171,EKBL,40,40,20,289,5780
201504152547169,EKBL,40,40,20,289,5780
201504152547167,EKBL,40,40,20,289,5780
201504152547603,FMDBL,1,17,300,605,181500
201504152547308,FMDBL,39,39,200,600,120000
201504152547289,FMDBL,39,39,100,595,59500
201504152547153,GBBL,14,14,67,323,21641
201504152547600,GBIME,13,55,15,440,6600
201504152547541,GBIME,29,55,69,439,30291
201504152547534,GBIME,13,57,161,437,70357
201504152547533,GBIME,1,57,253,437,110561
201504152547518,GBIME,39,40,39,438,17082
201504152547500,GBIME,6,55,69,439,30291
201504152547114,GBIME,16,16,401,440,176440
201504152547132,GBIME,16,16,44,439,19316
201504152547131,GBIME,16,16,44,439,19316
201504152547130,GBIME,16,16,44,439,19316
201504152547123,GBIME,13,17,360,440,158400
201504152547120,GBIME,13,57,40,440,17600
201504152547116,GBIME,6,57,40,440,17600
201504152547160,GBIME,46,46,17,439,7463
201504152547154,GBIME,46,46,17,440,7480
201504152547144,GBIME,42,52,66,438,28908
201504152547143,GBIME,35,38,35,440,15400
201504152547140,GBIME,6,52,66,438,28908
201504152547137,GBIME,35,21,18,440,7920
201504152547213,GBIME,44,17,45,440,19800
201504152547210,GBIME,40,40,39,439,17121
201504152547205,GBIME,43,43,37,438,16206
201504152547179,GBIME,43,38,22,440,9680
201504152547174,GBIME,7,41,45,436,19620
201504152547163,GBIME,41,41,608,436,265088
201504152547253,GBIME,11,11,26,439,11414
201504152547246,GBIME,40,40,39,439,17121
201504152547238,GBIME,7,51,13,440,5720
201504152547231,GBIME,40,40,96,439,42144
201504152547219,GBIME,44,57,48,440,21120
201504152547218,GBIME,35,11,20,440,8800
201504152547278,GBIME,33,57,45,437,19665
201504152547275,GBIME,40,40,39,439,17121
201504152547272,GBIME,52,52,584,438,255792
201504152547259,GBIME,1,21,18,441,7938
201504152547257,GBIME,1,21,18,441,7938
201504152547254,GBIME,1,21,18,441,7938
201504152547302,GBIME,40,36,106,438,46428
201504152547299,GBIME,22,57,45,437,19665
201504152547294,GBIME,42,21,500,436,218000
201504152547291,GBIME,16,16,535,436,233260
201504152547284,GBIME,7,57,51,437,22287
201504152547281,GBIME,7,57,26,438,11388
201504152547351,GBIME,16,16,36,437,15732
201504152547348,GBIME,58,58,91,437,39767
201504152547337,GBIME,58,58,91,437,39767
201504152547322,GBIME,42,47,128,436,55808
201504152547305,GBIME,40,40,101,438,44238
201504152547304,GBIME,25,36,183,436,79788
201504152547363,GBIME,42,45,42,438,18396
201504152547360,GBIME,14,14,17,437,7429
201504152547358,GBIME,42,45,42,438,18396
201504152547357,GBIME,42,21,500,438,219000
201504152547354,GBIME,16,16,36,437,15732
201504152547353,GBIME,21,21,26,438,11388
201504152547373,GBIME,42,36,183,439,80337
201504152547368,GBIME,42,46,44,439,19316
201504152547367,GBIME,16,16,36,437,15732
201504152547366,GBIME,42,45,35,438,15330
201504152547365,GBIME,42,45,39,438,17082
201504152547364,GBIME,42,45,42,438,18396
201504152547419,GBIME,42,17,2000,438,876000
201504152547418,GBIME,13,16,44,440,19360
201504152547417,GBIME,13,11,40,440,17600
201504152547406,GBIME,16,17,112,440,49280
201504152547391,GBIME,55,11,40,440,17600
201504152547384,GBIME,17,17,500,438,219000
201504152547454,GBIME,55,55,44,442,19448
201504152547441,GBIME,55,55,44,442,19448
201504152547434,GBIME,17,17,500,438,219000
201504152547429,GBIME,16,33,27,441,11907
201504152547428,GBIME,13,16,44,440,19360
201504152547426,GBIME,46,16,44,440,19360
201504152547498,GBIME,3,3,18,441,7938
201504152547489,GBIME,46,41,19,442,8398
201504152547482,GBIME,46,41,16,440,7040
201504152547464,GBIME,55,55,44,442,19448
201504152547458,GBIME,55,55,44,442,19448
201504152547457,GBIME,55,55,44,442,19448
201504152547463,GFCL,47,21,500,218,109000
201504152547462,GFCL,13,21,100,218,21800
201504152547139,GLICL,17,17,30,539,16170
201504152547404,HAMA,8,16,400,161,64400
201504152547580,HBDL,20,29,600,113,67800
201504152547579,HBDL,20,17,500,113,56500
201504152547484,HBDL,51,17,321,113,36273
201504152547398,HBDL,20,40,1500,111,166500
201504152547394,HBDL,29,40,2000,111,222000
201504152547380,HBDL,29,5,500,113,56500
201504152547301,HBDL,14,14,115,115,13225
201504152547286,HBL,16,42,25,825,20625
201504152547211,IDBL,42,32,224,182,40768
201504152547146,JBBL,14,14,53,176,9328
201504152547514,JBNL,45,4,167,270,45090
201504152547510,JBNL,45,28,44,270,11880
201504152547509,JBNL,45,28,44,270,11880
201504152547508,JBNL,45,28,44,270,11880
201504152547298,KAFIL,50,57,57,222,12654
201504152547297,KAFIL,50,57,57,222,12654
201504152547296,KAFIL,50,57,57,222,12654
201504152547264,KAFIL,1,57,57,222,12654
201504152547544,KBL,10,49,117,380,44460
201504152547471,KBL,54,21,147,379,55713
201504152547157,KBL,1,14,201,374,75174
201504152547531,KCDBL,17,43,17,232,3944
201504152547565,KDBL,28,39,13,152,1976
201504152547563,KDBL,28,39,13,152,1976
201504152547532,KDBL,32,47,104,150,15600
201504152547270,KDBL,28,21,43,151,6493
201504152547142,KDBL,28,47,104,152,15808
201504152547323,KFL,28,52,500,160,80000
201504152547155,KNBL,14,14,10,314,3140
201504152547151,KRBL,14,14,10,287,2870
201504152547223,LBL,28,47,115,522,60030
201504152547390,LFLC,17,17,113,218,24634
201504152547235,LICN,59,36,100,2425,242500
201504152547599,LLBS,28,45,92,840,77280
201504152547285,LLBS,28,49,10,855,8550
201504152547283,LLBS,28,49,10,855,8550
201504152547282,LLBS,28,49,10,855,8550
201504152547195,LLBS,28,29,10,855,8550
201504152547190,LLBS,28,29,10,855,8550
201504152547170,LLBS,28,11,10,855,8550
201504152547164,LLBS,28,55,30,855,25650
201504152547303,LUBL,1,17,343,348,119364
201504152547597,MBBL,50,41,465,210,97650
201504152547288,MBL,41,32,100,565,56500
201504152547515,NABB,6,8,47,145,6815
201504152547251,NABB,16,32,436,146,63656
201504152547520,NABIL,34,7,47,1911,89817
201504152547512,NABIL,34,45,68,1910,129880
201504152547413,NABILP,3,38,100,1330,133000
201504152547410,NABILP,3,38,18,1330,23940
201504152547519,NBB,49,1,50,500,25000
201504152547547,NBL,16,16,1602,296,474192
201504152547526,NBL,16,16,2515,294,739410
201504152547481,NBL,10,16,2000,294,588000
201504152547480,NBL,33,16,1000,296,296000
201504152547479,NBL,47,16,1000,296,296000
201504152547478,NBL,33,16,200,296,59200
201504152547449,NBL,44,33,500,300,150000
201504152547448,NBL,44,33,500,300,150000
201504152547447,NBL,1,33,100,300,30000
201504152547446,NBL,41,33,300,300,90000
201504152547445,NBL,26,33,150,301,45150
201504152547444,NBL,38,33,200,305,61000
201504152547477,NBL,29,16,1000,297,297000
201504152547476,NBL,14,16,500,298,149000
201504152547475,NBL,47,16,500,298,149000
201504152547474,NBL,13,16,200,300,60000
201504152547451,NBL,44,33,500,300,150000
201504152547450,NBL,44,33,500,300,150000
201504152547583,NCCB,6,6,20,585,11700
201504152547523,NCCB,33,6,42,582,24444
201504152547497,NHPC,18,17,1000,124,124000
201504152547424,NHPC,47,56,1000,124,124000
201504152547335,NHPC,13,56,1000,124,124000
201504152547227,NHPC,33,17,1000,124,124000
201504152547178,NIB,21,21,352,700,246400
201504152547177,NIB,21,21,488,700,341600
201504152547156,NIB,45,21,140,705,98700
201504152547558,NIBSF1,19,49,3100,10,31000
201504152547516,NIBSF1,26,21,2500,10,24850
201504152547331,NICA,35,17,25,650,16250
201504152547318,NICA,47,21,100,650,65000
201504152547269,NICA,45,17,25,652,16300
201504152547252,NICA,43,17,25,652,16300
201504152547225,NICA,13,26,130,649,84370
201504152547209,NICA,43,17,60,655,39300
201504152547241,NIL,25,39,10,629,6290
201504152547342,NLBBL,47,17,57,1225,69825
201504152547537,NLIC,17,26,20,4370,87400
201504152547327,NLIC,53,32,98,4330,424340
201504152547315,NLIC,53,32,100,4330,433000
201504152547314,NLIC,29,32,50,4331,216550
201504152547307,NLIC,7,32,100,4331,433100
201504152547293,NLIC,7,32,100,4331,433100
201504152547191,NLIC,55,54,50,4350,217500
201504152547172,NLIC,55,14,50,4350,217500
201504152547127,NLIC,13,44,100,4370,437000
201504152547122,NLIC,26,44,50,4375,218750
201504152547265,NLIC,55,44,50,4330,216500
201504152547239,NLIC,49,44,100,4335,433500
201504152547201,NLIC,42,54,50,4360,218000
201504152547194,NLIC,11,54,200,4320,864000
201504152547193,NLIC,11,54,200,4325,865000
201504152547192,NLIC,11,54,10,4325,43250
201504152547566,NLICL,59,44,200,2190,438000
201504152547538,NLICL,59,44,100,2200,220000
201504152547189,NLICLP,28,57,3000,1078,3234000
201504152547230,NNLB,45,17,30,937,28110
201504152547208,NTC,13,44,100,607,60700
201504152547560,OFL,14,21,16,323,5168
201504152547385,OFL,41,21,100,317,31700
201504152547374,OFL,52,21,100,311,31100
201504152547332,PCBL,33,17,337,443,149291
201504152547317,PCBL,8,8,23,445,10235
201504152547262,PCBL,1,40,101,447,45147
201504152547258,PCBL,13,13,3388,440,1490720
201504152547539,PICL,22,43,87,434,37758
201504152547414,PICL,8,40,100,436,43600
201504152547555,PLIC,17,41,161,1085,174685
201504152547326,PLIC,41,11,26,1090,28340
201504152547325,PLIC,41,29,13,1085,14105
201504152547295,PLIC,17,16,216,1085,234360
201504152547136,PLIC,41,17,27,1070,28890
201504152547134,PLIC,41,34,40,1069,42760
201504152547552,PRDBL,18,18,10,166,1660
201504152547549,PRDBL,18,18,10,166,1660
201504152547543,PRDBL,18,18,10,166,1660
201504152547540,PRDBL,18,18,10,166,1660
201504152547517,PRDBL,18,18,20,166,3320
201504152547511,PRDBL,18,18,20,166,3320
201504152547423,PRDBL,18,18,10,163,1630
201504152547415,PRDBL,18,18,10,163,1630
201504152547438,PRDBL,18,18,10,166,1660
201504152547435,PRDBL,18,18,10,166,1660
201504152547432,PRDBL,18,18,10,163,1630
201504152547431,PRDBL,18,18,10,163,1630
201504152547427,PRDBL,18,18,10,163,1630
201504152547504,PRDBL,18,18,20,166,3320
201504152547466,PRDBL,18,18,10,166,1660
201504152547460,PRDBL,18,18,10,166,1660
201504152547455,PRDBL,18,18,10,166,1660
201504152547606,PRVU,33,14,44,350,15400
201504152547590,PRVU,1,47,34,348,11832
201504152547550,PRVU,11,47,34,348,11832
201504152547536,PRVU,11,47,66,348,22968
201504152547501,PRVU,33,1,500,347,173500
201504152547465,PRVU,13,47,34,348,11832
201504152547452,PRVU,11,39,33,350,11550
201504152547389,PRVU,19,11,866,347,300502
201504152547309,PRVU,55,13,422,350,147700
201504152547268,PRVU,45,40,127,354,44958
201504152547117,PRVU,37,37,12,355,4260
201504152547115,PRVU,37,37,11,355,3905
201504152547491,REDBL,46,17,49,214,10486
201504152547245,REDBL,25,17,231,210,48510
201504152547483,RHPC,32,49,11,465,5115
201504152547473,RHPC,32,49,11,465,5115
201504152547472,RHPC,32,49,11,465,5115
201504152547470,RHPC,32,49,11,465,5115
201504152547468,RHPC,32,49,11,465,5115
201504152547467,RHPC,32,49,11,465,5115
201504152547461,RHPC,32,49,11,465,5115
201504152547412,RMDC,40,28,33,690,22770
201504152547411,RMDC,40,28,33,690,22770
201504152547381,RMDC,28,28,33,690,22770
201504152547361,RMDC,28,28,33,690,22770
201504152547356,RMDC,40,28,33,690,22770
201504152547352,RMDC,40,28,33,691,22803
201504152547347,RMDC,25,28,33,691,22803
201504152547242,RMDC,17,17,184,694,127696
201504152547437,SANIMA,42,37,1000,559,559000
201504152547387,SANIMA,14,17,200,560,112000
201504152547383,SANIMA,34,34,638,553,352814
201504152547382,SANIMA,14,1,167,560,93520
201504152547334,SANIMA,5,34,95,557,52915
201504152547279,SANIMA,42,28,382,557,212774
201504152547161,SANIMA,42,21,640,558,357120
201504152547571,SBL,42,28,854,680,580720
201504152547570,SBL,42,11,210,680,142800
201504152547569,SBL,42,21,820,679,556780
201504152547494,SBL,46,54,67,680,45560
201504152547349,SBL,16,16,719,677,486763
201504152547187,SBL,46,46,30,680,20400
201504152547133,SBL,49,38,16,680,10880
201504152547311,SCB,34,21,185,1935,357975
201504152547212,SCB,47,49,328,1920,629760
201504152547202,SDBL,53,53,1306,223,291238
201504152547554,SFL,14,21,105,146,15330
201504152547350,SHBL,45,50,10,1257,12570
201504152547198,SHBL,45,22,10,1257,12570
201504152547197,SHBL,45,22,10,1257,12570
201504152547196,SHBL,45,38,20,1257,25140
201504152547119,SHBL,45,50,10,1233,12330
201504152547521,SHINE,4,42,28,345,9660
201504152547135,SHINE,35,35,216,348,75168
201504152547581,SHPC,10,49,18,720,12960
201504152547577,SHPC,10,49,18,720,12960
201504152547575,SHPC,10,49,18,720,12960
201504152547425,SHPC,26,26,18,720,12960
201504152547408,SHPC,26,26,18,734,13212
201504152547214,SHPC,22,22,285,748,213180
201504152547377,SIC,41,41,137,1030,141110
201504152547542,SIGS1,29,19,5000,15,77250
201504152547493,SIGS1,29,44,5000,15,77250
201504152547591,SIL,14,10,13,680,8840
201504152547578,SIL,20,10,26,680,17680
201504152547147,SIL,35,25,1500,675,1012500
201504152547422,SKBBL,55,55,19,1519,28861
201504152547421,SKBBL,28,17,31,1500,46500
201504152547420,SKBBL,55,55,19,1519,28861
201504152547416,SKBBL,55,55,19,1519,28861
201504152547403,SKBBL,55,55,19,1522,28918
201504152547401,SKBBL,55,55,19,1522,28918
201504152547585,SRBL,7,49,17,390,6630
201504152547576,SRBL,47,49,53,388,20564
201504152547553,SRBL,7,40,14,389,5446
201504152547505,SRBL,20,11,16,388,6208
201504152547496,SRBL,20,40,14,388,5432
201504152547407,SRBL,20,11,482,388,187016
201504152547128,SRBL,41,44,111,391,43401
201504152547402,SRBL,47,11,16,390,6240
201504152547250,SRBL,25,32,35,390,13650
201504152547221,SRBL,20,44,350,390,136500
201504152547220,SRBL,48,44,150,391,58650
201504152547149,SRBL,46,46,20,391,7820
201504152547129,SRBL,41,17,161,392,63112
201504152547392,SUPRME,48,51,11,160,1760
201504152547345,SUPRME,39,51,11,160,1760
201504152547344,SUPRME,39,51,11,160,1760
201504152547343,SUPRME,39,51,11,160,1760
201504152547256,SUPRME,49,22,32,160,5120
201504152547224,SWBBL,16,38,52,1603,83356
201504152547162,SWBBL,45,55,57,1605,91485
201504152547529,SYFL,21,33,222,101,22422
201504152547522,SYFL,21,16,517,100,51700
201504152547399,SYFL,21,45,166,100,16600
201504152547595,TRH,32,32,20,266,5320
201504152547594,TRH,32,32,20,266,5320
201504152547593,TRH,32,32,20,266,5320
201504152547592,TRH,32,32,20,266,5320
201504152547584,TRH,32,42,70,265,18550
201504152547328,TRH,28,17,10,263,2630
201504152547274,TRH,26,16,500,263,131500
201504152547273,TRH,26,16,280,263,73640
201504152547440,UFIL,5,38,44,153,6732
201504152547490,UFIL,11,51,11,153,1683
201504152547443,UFIL,5,38,44,153,6732
201504152547487,VBBL,51,47,100,161,16100
201504152547456,VBBL,55,28,2020,160,323200
201504152547378,VBBL,45,28,500,160,80000
201504152547236,VBBL,20,48,50,160,8000
201504152547141,VBBL,20,3,50,160,8000
201504152547613,WDBL,42,40,13,327,4251
201504152547612,WDBL,42,40,13,327,4251
201504152547611,WDBL,42,40,13,327,4251
201504152547610,WDBL,42,40,13,327,4251
201504152547609,WDBL,42,40,13,327,4251
201504152547608,WDBL,11,40,13,328,4264
201504152547316,WDBL,42,40,13,327,4251
201504152547313,WDBL,11,40,13,328,4264
201504152547237,WDBL,11,11,21,328,6888
201504152547180,WDBL,11,26,36,328,11808
201504152547145,WDBL,11,40,13,330,4290
201504152547376,WDBL,25,28,84,329,27636
201504152547372,WDBL,25,40,13,328,4264
201504152547369,WDBL,25,40,13,328,4264
201504152547362,WDBL,25,40,13,328,4264
201504152547340,WDBL,38,40,13,328,4264
201504152547321,WDBL,11,40,13,328,4264
201504152547574,WDBL,57,57,43,329,14147
201504152547568,WDBL,57,57,21,329,6909
201504152547564,WDBL,57,57,21,329,6909
201504152547557,WDBL,57,57,21,329,6909
201504152547556,WDBL,57,57,21,329,6909
201504152547379,WDBL,25,40,13,328,4264
201504152547601,WDBL,57,57,21,329,6909
201504152547598,WDBL,57,57,21,329,6909
201504152547596,WDBL,57,57,21,329,6909
201504152547589,WDBL,57,57,21,329,6909
201504152547588,WDBL,57,57,21,329,6909
201504152547587,WDBL,57,57,21,329,6909
201504152547395,YETI,13,32,1200,135,162000
201504152547280,YETI,58,39,40,137,5480
201504152547276,YETI,58,39,160,137,21920
201504152547266,YETI,13,20,1000,135,135000
201504152547263,YETI,11,16,492,137,67404
201504152547186,YETI,11,1,731,138,100878
201504152547184,YETI,11,49,1412,138,194856
201504152547104,ADBL,32,32,111,466,51726
201504152547101,ADBL,16,39,31,466,14446
201504152547082,ADBL,45,45,40,468,18720
201504152547060,ADBL,34,34,70,475,33250
201504152547074,ALDBL,25,25,30,309,9270
201504152547072,ALDBL,25,25,40,309,12360
201504152547069,ALDBL,25,25,59,315,18585
201504152547078,APEX,59,44,203,135,27405
201504152547110,CHCL,1,57,200,1620,324000
201504152547057,CNDBL,50,16,20,174,3480
201504152547056,CNDBL,50,16,20,174,3480
201504152547055,CNDBL,50,16,20,174,3480
201504152547054,CNDBL,50,16,20,174,3480
201504152547053,CNDBL,50,16,20,174,3480
201504152547052,CNDBL,50,16,20,174,3480
201504152547035,CNDBL,50,16,20,174,3480
201504152547032,CNDBL,50,16,20,174,3480
201504152547030,CNDBL,50,16,20,174,3480
201504152547041,CNDBL,50,16,20,174,3480
201504152547040,CNDBL,50,16,20,174,3480
201504152547039,CNDBL,50,16,20,174,3480
201504152547038,CNDBL,50,16,20,174,3480
201504152547037,CNDBL,50,16,20,174,3480
201504152547036,CNDBL,50,16,20,174,3480
201504152547051,CNDBL,50,16,20,174,3480
201504152547050,CNDBL,50,16,20,174,3480
201504152547045,CNDBL,50,16,20,174,3480
201504152547044,CNDBL,50,16,20,174,3480
201504152547043,CNDBL,50,16,20,174,3480
201504152547042,CNDBL,50,16,20,174,3480
201504152547058,GBBL,25,25,67,320,21440
201504152547112,GBIME,17,17,460,440,202400
201504152547109,GBIME,16,17,600,440,264000
201504152547106,GBIME,17,16,535,440,235400
201504152547102,GBIME,35,21,18,440,7920
201504152547099,GBIME,6,21,18,441,7938
201504152547097,GBIME,55,57,26,444,11544
201504152547020,GBIME,16,16,44,446,19624
201504152547019,GBIME,16,16,183,446,81618
201504152547018,GBIME,16,16,183,446,81618
201504152547017,GBIME,16,16,183,446,81618
201504152547016,GBIME,16,16,183,446,81618
201504152547015,GBIME,16,16,183,446,81618
201504152547026,GBIME,16,16,44,446,19624
201504152547025,GBIME,16,16,44,446,19624
201504152547024,GBIME,16,16,44,446,19624
201504152547023,GBIME,16,16,44,446,19624
201504152547022,GBIME,16,16,44,446,19624
201504152547021,GBIME,16,16,44,446,19624
201504152547034,GBIME,16,16,44,446,19624
201504152547033,GBIME,16,16,44,446,19624
201504152547031,GBIME,16,16,44,446,19624
201504152547029,GBIME,16,16,44,446,19624
201504152547028,GBIME,16,16,44,446,19624
201504152547027,GBIME,16,16,44,446,19624
201504152547064,GBIME,34,34,44,445,19580
201504152547061,GBIME,28,28,10,445,4450
201504152547049,GBIME,16,16,44,446,19624
201504152547048,GBIME,16,16,44,446,19624
201504152547047,GBIME,16,16,44,446,19624
201504152547046,GBIME,16,16,44,446,19624
201504152547087,GBIME,55,55,20,446,8920
201504152547081,GBIME,53,53,45,445,20025
201504152547079,GBIME,53,53,91,445,40495
201504152547070,GBIME,34,34,44,445,19580
201504152547067,GBIME,34,34,44,445,19580
201504152547065,GBIME,34,34,44,445,19580
201504152547096,GBIME,16,16,535,440,235400
201504152547094,GBIME,55,55,20,446,8920
201504152547093,GBIME,55,55,20,446,8920
201504152547090,GBIME,55,55,20,446,8920
201504152547089,GBIME,55,55,20,446,8920
201504152547088,GBIME,55,55,20,446,8920
201504152547063,JFL,55,39,10,413,4130
201504152547059,JFL,55,55,20,405,8100
201504152547084,KDBL,32,21,98,151,14798
201504152547077,NABIL,11,11,200,1920,384000
201504152547068,NABIL,44,44,33,1930,63690
201504152547107,NIBSF1,47,47,3050,10,29738
201504152547080,NLIC,39,16,20,4400,88000
201504152547076,NLIC,39,44,50,4405,220250
201504152547066,NLIC,17,17,200,4400,880000
201504152547083,NTC,25,25,40,615,24600
201504152547111,PCBL,1,40,14,447,6258
201504152547113,PRVU,37,37,11,355,3905
201504152547108,PRVU,37,37,11,355,3905
201504152547103,PRVU,37,37,22,355,7810
201504152547073,PRVU,36,14,11,360,3960
201504152547095,REDBL,37,37,19,210,3990
201504152547098,SANIMA,6,6,63,559,35217
201504152547062,SCB,44,44,147,1930,283710
201504152547100,SHBL,45,50,10,1209,12090
201504152547071,SRBL,46,46,53,392,20776
201504152547086,SUBBL,53,53,66,290,19140
201504152547085,SUBBL,53,53,66,293,19338
201504152547092,SUPRME,49,44,50,161,8050
201504152547091,SUPRME,47,44,400,159,63600
201504152547075,UFIL,16,22,210,150,31500
