contract,symbol,buyer,seller,qty,rate,amt
201507012604597,ADBL,16,16,61,410,25010
201507012604510,ADBL,52,29,120,409,49080
201507012604450,ADBL,42,43,30,410,12300
201507012604311,ADBL,40,26,101,410,41410
201507012604576,AHPC,43,21,500,318,159000
201507012604405,AHPC,52,4,716,318,227688
201507012604362,AHPC,52,10,150,319,47850
201507012604308,AHPC,41,29,46,320,14720
201507012604300,AHPC,41,32,23,322,7406
201507012604169,ALDBL,21,14,20,317,6340
201507012604621,ALICL,43,43,795,1004,798180
201507012604592,ALICL,32,19,414,1012,418968
201507012604594,APEX,38,39,627,120,75240
201507012604582,APEX,38,32,40,120,4800
201507012604581,APEX,38,32,40,120,4800
201507012604579,APEX,38,32,40,120,4800
201507012604508,APEX,38,39,604,120,72480
201507012604292,APEX,38,16,30,120,3600
201507012604284,APEX,38,16,30,120,3600
201507012604327,ARDBL,56,20,468,167,78156
201507012604177,ARDBL,39,20,100,167,16700
201507012604176,ARDBL,33,20,300,167,50100
201507012604413,BHBL,36,4,11,295,3245
201507012604341,BHBL,36,4,150,295,44250
201507012604310,BHBL,36,4,100,295,29500
201507012604373,BLDBL,21,21,70,318,22260
201507012604351,BLDBL,20,57,75,320,24000
201507012604250,BLDBL,5,32,120,319,38280
201507012604161,BLDBL,21,50,55,314,17270
201507012604160,BLDBL,21,50,120,314,37680
201507012604616,BPCL,25,28,200,610,122000
201507012604326,BPCL,11,28,100,610,61000
201507012604325,BPCL,1,28,200,611,122200
201507012604540,CBBL,10,58,181,1670,302270
201507012604305,CBBL,32,32,711,1645,1169595
201507012604225,CBBL,21,16,100,1669,166900
201507012604339,CBL,41,8,269,267,71823
201507012604207,CBL,35,58,29,268,7772
201507012604640,CCBL,22,41,10,315,3150
201507012604531,CCBL,22,14,30,315,9450
201507012604412,CCBL,48,41,10,317,3170
201507012604403,CCBL,13,4,200,315,63000
201507012604400,CCBL,38,4,352,315,110880
201507012604309,CCBL,32,10,500,315,157500
201507012604209,CCBL,32,50,39,318,12402
201507012604301,CCBL,46,4,34,316,10744
201507012604281,CCBL,46,4,50,316,15800
201507012604267,CCBL,39,14,400,316,126400
201507012604261,CCBL,46,4,181,317,57377
201507012604233,CCBL,45,4,500,316,158000
201507012604224,CCBL,39,50,39,317,12363
201507012604589,CHCL,21,43,100,1550,155000
201507012604577,CHCL,48,34,58,1546,89668
201507012604532,CHCL,52,6,112,1547,173264
201507012604408,CHCL,49,43,200,1550,310000
201507012604384,CHCL,45,44,72,1549,111528
201507012604359,CHCL,19,43,100,1550,155000
201507012604329,CHCL,1,38,73,1550,113150
201507012604272,CHCL,45,51,113,1550,175150
201507012604231,CHCL,57,43,250,1550,387500
201507012604455,CNDBL,14,11,20,151,3020
201507012604427,CNDBL,17,32,100,150,15000
201507012604425,CNDBL,17,32,100,150,15000
201507012604256,CNDBL,42,17,20,150,3000
201507012604251,CNDBL,42,17,20,150,3000
201507012604202,CNDBL,42,32,130,150,19500
201507012604636,CZBIL,32,44,500,455,227500
201507012604627,CZBIL,13,57,119,454,54026
201507012604557,CZBIL,13,45,38,452,17176
201507012604454,CZBIL,13,14,13,452,5876
201507012604347,CZBIL,13,8,50,452,22600
201507012604328,CZBIL,49,8,68,453,30804
201507012604277,CZBIL,13,44,500,452,226000
201507012604254,CZBIL,35,35,300,453,135900
201507012604620,EBL,38,44,100,2099,209900
201507012604619,EBL,38,44,100,2099,209900
201507012604514,EBL,38,28,48,2094,100512
201507012604498,EBL,22,48,138,2098,289524
201507012604475,EBL,38,44,100,2099,209900
201507012604268,EBL,54,29,200,2095,419000
201507012604264,EBL,17,6,112,2092,234304
201507012604232,EBL,28,38,66,2090,137940
201507012604463,EBL,54,44,100,2099,209900
201507012604448,EBL,36,44,100,2099,209900
201507012604445,EBL,54,44,300,2099,629700
201507012604435,EBL,38,44,100,2100,210000
201507012604419,EBL,54,44,200,2099,419800
201507012604437,EDBL,21,32,51,585,29835
201507012604434,EDBL,21,32,51,585,29835
201507012604537,EKBL,41,1,33,287,9471
201507012604511,EKBL,41,1,33,287,9471
201507012604464,EKBL,58,1,33,288,9504
201507012604262,EKBL,16,16,33,289,9537
201507012604568,GBIME,45,42,200,440,88000
201507012604555,GBIME,47,42,200,440,88000
201507012604554,GBIME,49,42,100,440,44000
201507012604520,GBIME,45,49,309,440,135960
201507012604481,GBIME,22,42,100,440,44000
201507012604480,GBIME,16,42,500,440,220000
201507012604285,GBIME,14,41,12,442,5304
201507012604479,GBIME,11,42,200,440,88000
201507012604478,GBIME,38,42,500,440,220000
201507012604477,GBIME,26,42,50,440,22000
201507012604430,GBIME,42,42,4000,440,1760000
201507012604344,GBIME,35,42,500,440,220000
201507012604290,GBIME,14,41,16,442,7072
201507012604612,GLICL,46,59,380,564,214320
201507012604583,GLICL,6,59,92,567,52164
201507012604519,GLICL,26,59,180,566,101880
201507012604442,GLICL,22,59,201,570,114570
201507012604269,GLICL,57,16,111,569,63159
201507012604352,HBL,36,19,71,823,58433
201507012604444,HBL,53,53,454,820,372280
201507012604417,HBL,36,3,21,825,17325
201507012604399,HBL,36,45,141,823,116043
201507012604642,HGI,17,56,50,415,20750
201507012604227,IDBL,32,14,22,173,3806
201507012604566,JBBL,13,32,32,161,5152
201507012604564,JBBL,13,32,32,161,5152
201507012604488,JBBL,13,32,32,161,5152
201507012604482,JBBL,13,32,32,161,5152
201507012604257,JBBL,29,16,130,161,20930
201507012604458,JBBL,13,32,32,161,5152
201507012604372,JBBL,29,41,32,161,5152
201507012604524,JBNL,51,14,81,270,21870
201507012604515,JBNL,8,14,1238,269,333022
201507012604313,JBNL,19,29,19,274,5206
201507012604278,JBNL,22,29,100,274,27400
201507012604574,JFL,20,43,200,385,77000
201507012604567,JFL,20,7,162,385,62370
201507012604641,KAFIL,25,14,389,236,91804
201507012604586,KAFIL,19,14,1000,240,240000
201507012604283,KAFIL,13,19,96,235,22560
201507012604163,KAFIL,14,1,30,236,7080
201507012604416,KAFIL,1,50,100,239,23900
201507012604415,KAFIL,1,1,140,238,33320
201507012604304,KAFIL,13,19,96,236,22656
201507012604303,KAFIL,13,19,40,236,9440
201507012604299,KBBL,41,59,562,357,200634
201507012604509,KBL,33,33,95,380,36100
201507012604493,KBL,29,57,205,375,76875
201507012604402,KBL,44,40,1431,373,533763
201507012604389,KBL,38,29,16,377,6032
201507012604377,KBL,58,22,112,376,42112
201507012604194,KBL,14,29,10,380,3800
201507012604166,KBL,38,40,200,377,75400
201507012604562,KDBL,36,41,42,144,6048
201507012604393,KDBL,36,5,107,145,15515
201507012604312,KDBL,36,42,276,145,40020
201507012604451,KRBL,14,6,100,255,25500
201507012604404,KRBL,1,41,100,258,25800
201507012604376,KRBL,1,41,40,258,10320
201507012604316,KRBL,1,50,60,258,15480
201507012604248,KRBL,1,1,70,262,18340
201507012604168,KRBL,1,1,20,262,5240
201507012604414,LBL,17,53,96,409,39264
201507012604371,LBL,43,38,209,408,85272
201507012604489,LGIL,35,56,44,363,15972
201507012604618,LICN,26,53,44,2850,125400
201507012604613,LICN,26,53,50,2850,142500
201507012604593,LICN,26,14,200,2850,570000
201507012604584,LICN,14,53,60,2860,171600
201507012604571,LICN,26,53,200,2850,570000
201507012604497,LICN,57,8,100,2860,286000
201507012604391,LICN,10,14,200,2865,573000
201507012604386,LICN,26,43,100,2865,286500
201507012604379,LICN,48,8,100,2861,286100
201507012604229,LICN,48,14,292,2850,832200
201507012604223,LICN,14,14,550,2850,1567500
201507012604195,LICN,14,14,22,2870,63140
201507012604246,LLBS,21,45,10,782,7820
201507012604635,LUBL,45,14,100,340,34000
201507012604634,LUBL,52,14,100,340,34000
201507012604565,LUBL,40,4,1000,337,337000
201507012604345,LUBL,16,8,194,339,65766
201507012604297,LUBL,13,36,500,339,169500
201507012604295,LUBL,22,51,30,340,10200
201507012604294,LUBL,22,26,100,340,34000
201507012604289,LUBL,22,26,14,340,4760
201507012604279,LUBL,22,26,96,340,32640
201507012604238,LUBL,40,14,1000,337,337000
201507012604629,MBL,49,58,200,561,112200
201507012604544,MBL,26,25,77,565,43505
201507012604474,MBL,57,4,170,563,95710
201507012604441,MBL,57,7,163,564,91932
201507012604332,MBL,13,8,160,561,89760
201507012604240,MBL,48,20,1000,560,560000
201507012604230,MBL,49,59,100,560,56000
201507012604219,MBL,49,20,1000,560,560000
201507012604184,MBL,45,45,711,556,395316
201507012604348,MDB,17,42,108,510,55080
201507012604174,MDB,58,1,15,510,7650
201507012604545,MDBL,47,3,33,234,7722
201507012604538,MDBL,38,3,130,234,30420
201507012604218,MDBL,35,17,300,234,70200
201507012604217,MDBL,35,36,190,234,44460
201507012604271,METRO,33,28,169,336,56784
201507012604239,METRO,28,28,250,333,83250
201507012604244,MNBBL,21,21,540,532,287280
201507012604221,MNBBL,46,43,24,531,12744
201507012604337,NABIL,3,25,58,1909,110722
201507012604216,NABIL,48,32,421,1900,799900
201507012604172,NABIL,11,32,580,1898,1100840
201507012604624,NABILP,59,44,700,1312,918400
201507012604175,NABILP,28,49,100,1310,131000
201507012604296,NABILP,59,39,700,1310,917000
201507012604180,NABILP,59,49,200,1310,262000
201507012604638,NBB,10,21,27,520,14040
201507012604633,NBB,51,47,165,514,84810
201507012604614,NBB,56,47,1000,511,511000
201507012604598,NBB,10,36,1000,514,514000
201507012604580,NBB,51,4,500,514,257000
201507012604185,NBB,10,34,488,516,251808
201507012604182,NBB,39,4,40,517,20680
201507012604228,NBB,48,48,174,516,89784
201507012604214,NBB,10,53,882,515,454230
201507012604203,NBB,39,21,27,517,13959
201507012604191,NBB,33,34,100,516,51600
201507012604190,NBB,51,25,105,516,54180
201507012604387,NBB,10,44,100,515,51500
201507012604353,NBB,10,35,500,515,257500
201507012604291,NBB,10,35,346,515,178190
201507012604282,NBB,10,35,500,515,257500
201507012604548,NBB,10,32,500,514,257000
201507012604513,NBB,10,4,200,515,103000
201507012604496,NBB,51,4,510,514,262140
201507012604428,NBB,10,17,100,515,51500
201507012604502,NBBL,7,21,22,1905,41910
201507012604226,NBBL,26,3,13,1872,24336
201507012604200,NBBL,46,34,13,1836,23868
201507012604563,NBF1,42,45,2997,14,41059
201507012604558,NBF1,47,39,2997,14,41209
201507012604626,NBL,32,5,1000,281,281000
201507012604605,NBL,6,4,200,282,56400
201507012604560,NBL,6,56,202,282,56964
201507012604552,NBL,40,4,1000,283,283000
201507012604526,NBL,6,4,100,284,28400
201507012604487,NBL,57,4,200,283,56600
201507012604459,NBL,5,4,1000,283,283000
201507012604199,NBL,44,44,500,284,142000
201507012604398,NCCB,29,1,278,445,123710
201507012604365,NCCB,41,1,50,445,22250
201507012604360,NCCB,17,1,100,445,44500
201507012604632,NHPC,6,25,100,122,12200
201507012604610,NHPC,6,16,500,120,60000
201507012604547,NHPC,42,56,500,119,59500
201507012604546,NHPC,40,56,100,119,11900
201507012604431,NHPC,41,6,100,120,12000
201507012604410,NHPC,11,6,1000,118,118000
201507012604406,NHPC,42,6,1000,118,118000
201507012604401,NHPC,59,6,500,119,59500
201507012604370,NHPC,41,16,500,120,60000
201507012604361,NHPC,42,25,1000,119,119000
201507012604162,NHPC,6,5,1200,120,144000
201507012604142,NHPC,11,38,1000,119,119000
201507012604587,NIB,52,22,200,714,142800
201507012604388,NIB,16,50,42,718,30156
201507012604211,NIB,33,11,86,715,61490
201507012604206,NIB,33,16,188,715,134420
201507012604595,NIBPO,5,53,400,505,202000
201507012604397,NIBPO,5,54,86,505,43430
201507012604253,NIBPO,25,53,500,506,253000
201507012604252,NIBPO,19,53,200,506,101200
201507012604235,NIBPO,59,55,1000,507,507000
201507012604625,NICA,3,29,18,615,11070
201507012604609,NICA,32,55,20,614,12280
201507012604596,NICA,32,28,30,614,18420
201507012604539,NICA,32,32,80,614,49120
201507012604485,NICA,32,32,103,614,63242
201507012604484,NICA,32,32,101,614,62014
201507012604390,NICA,29,29,710,613,435230
201507012604349,NICA,59,29,11,615,6765
201507012604331,NICA,22,55,500,615,307500
201507012604330,NICA,22,59,500,615,307500
201507012604604,NICL,35,11,500,412,206000
201507012604590,NICL,33,48,10,411,4110
201507012604452,NICL,38,52,1692,403,681876
201507012604443,NICL,35,48,17,407,6919
201507012604396,NICL,35,43,200,407,81400
201507012604367,NICL,33,58,1000,407,407000
201507012604363,NICL,38,22,127,406,51562
201507012604338,NICL,39,47,300,405,121500
201507012604215,NICL,38,45,298,405,120690
201507012604265,NLBBL,33,53,84,1195,100380
201507012604631,NLG,21,29,12,571,6852
201507012604623,NLG,3,29,118,570,67260
201507012604369,NLG,25,16,473,573,271029
201507012604617,NLIC,48,35,200,2909,581800
201507012604602,NLIC,34,44,100,2909,290900
201507012604572,NLIC,28,28,1300,2910,3783000
201507012604569,NLIC,22,44,200,2910,582000
201507012604551,NLIC,33,38,100,2910,291000
201507012604550,NLIC,33,44,100,2909,290900
201507012604210,NLIC,28,11,100,2900,290000
201507012604205,NLIC,28,57,229,2900,664100
201507012604204,NLIC,28,1,20,2899,57980
201507012604491,NLIC,54,17,100,2907,290700
201507012604490,NLIC,54,44,100,2906,290600
201507012604423,NLIC,54,57,290,2905,842450
201507012604306,NLIC,56,6,15,2915,43725
201507012604247,NLIC,48,44,100,2911,291100
201507012604222,NLIC,57,6,50,2912,145600
201507012604433,NLICL,54,50,300,1885,565500
201507012604241,NLICL,50,36,100,1885,188500
201507012604198,NNLB,39,32,10,830,8300
201507012604556,NTC,3,51,100,623,62300
201507012604189,NTC,45,16,100,620,62000
201507012604287,NTC,3,22,100,623,62300
201507012604280,NTC,3,51,100,622,62200
201507012604549,NTC,3,17,100,621,62100
201507012604533,NTC,38,6,600,620,372000
201507012604503,NUBL,1,59,102,1275,130050
201507012604193,NUBL,32,40,163,1285,209455
201507012604192,NUBL,29,53,106,1275,135150
201507012604186,NUBL,32,53,269,1280,344320
201507012604355,OHL,59,51,20,610,12200
201507012604334,OHL,53,45,590,610,359900
201507012604512,OHL,5,42,10,605,6050
201507012604505,OHL,53,42,10,610,6100
201507012604504,OHL,38,42,10,618,6180
201507012604356,OHL,59,51,20,610,12200
201507012604368,PADBL,14,48,740,392,290080
201507012604494,PCBL,16,16,51,447,22797
201507012604421,PCBL,50,22,200,446,89200
201507012604395,PCBL,50,6,150,446,66900
201507012604382,PCBL,41,6,11,447,4917
201507012604242,PCBL,17,7,58,447,25926
201507012604178,PCBL,39,45,28,448,12544
201507012604578,PIC,21,26,117,499,58383
201507012604394,PIC,14,14,13,495,6435
201507012604266,PICL,48,29,500,403,201500
201507012604260,PICL,21,29,300,405,121500
201507012604259,PICL,32,29,100,406,40600
201507012604234,PICL,21,58,100,409,40900
201507012604534,PLIC,58,38,418,1172,489896
201507012604528,PLIC,26,38,31,1175,36425
201507012604527,PLIC,26,55,110,1175,129250
201507012604375,PLIC,26,44,14,1167,16338
201507012604342,PLIC,53,55,81,1170,94770
201507012604212,PLIC,57,49,200,1175,235000
201507012604197,PLIC,53,35,50,1170,58500
201507012604143,PRDBL,39,14,10,155,1550
201507012604149,PRDBL,39,14,10,155,1550
201507012604148,PRDBL,39,14,10,155,1550
201507012604147,PRDBL,39,14,10,155,1550
201507012604146,PRDBL,39,14,10,155,1550
201507012604145,PRDBL,39,14,10,155,1550
201507012604144,PRDBL,39,14,10,155,1550
201507012604155,PRDBL,39,14,10,155,1550
201507012604154,PRDBL,39,14,10,155,1550
201507012604153,PRDBL,39,14,10,155,1550
201507012604152,PRDBL,39,14,10,155,1550
201507012604151,PRDBL,39,14,10,155,1550
201507012604150,PRDBL,39,14,10,155,1550
201507012604159,PRDBL,39,14,10,155,1550
201507012604158,PRDBL,39,14,10,155,1550
201507012604157,PRDBL,39,14,10,155,1550
201507012604156,PRDBL,39,14,10,155,1550
201507012604336,PRIN,25,6,55,408,22440
201507012604258,PRIN,7,5,67,405,27135
201507012604630,PRVU,19,42,11,323,3553
201507012604607,PRVU,37,37,11,323,3553
201507012604585,PRVU,7,42,11,323,3553
201507012604570,PRVU,19,42,11,323,3553
201507012604535,PRVU,17,45,24,324,7776
201507012604529,PRVU,46,45,24,324,7776
201507012604343,PRVU,45,7,1167,320,373440
201507012604270,PRVU,46,48,40,324,12960
201507012604173,PRVU,48,45,773,320,247360
201507012604516,PRVU,37,37,22,325,7150
201507012604460,PRVU,37,37,22,325,7150
201507012604323,RBCL,57,33,50,5096,254800
201507012604322,RBCL,5,33,10,5096,50960
201507012604314,RBCL,39,33,50,5100,255000
201507012604409,REDBL,56,17,484,202,97768
201507012604383,REDBL,13,43,17,205,3485
201507012604335,REDBL,56,19,17,202,3434
201507012604201,REDBL,16,25,17,201,3417
201507012604500,RHPC,42,51,12,415,4980
201507012604499,RHPC,42,32,19,415,7885
201507012604276,RHPC,51,19,62,413,25606
201507012604274,RHPC,51,19,62,413,25606
201507012604181,RHPC,45,42,11,414,4554
201507012604461,SANIMA,17,14,10,557,5570
201507012604453,SANIMA,50,32,173,559,96707
201507012604411,SANIMA,50,34,1000,555,555000
201507012604364,SANIMA,53,28,126,559,70434
201507012604530,SBI,17,35,500,900,450000
201507012604523,SBI,20,29,99,896,88704
201507012604407,SBI,22,35,1000,900,900000
201507012604639,SBL,17,35,694,664,460816
201507012604542,SBL,17,6,111,667,74037
201507012604429,SBL,50,29,400,664,265600
201507012604165,SBL,4,45,148,666,98568
201507012604432,SCB,3,49,16,1925,30800
201507012604196,SCB,29,3,50,1901,95050
201507012604171,SCB,36,3,200,1901,380200
201507012604170,SCB,28,3,100,1901,190100
201507012604447,SEWA,49,39,37,275,10175
201507012604446,SEWA,49,39,37,275,10175
201507012604298,SHBL,21,50,54,1165,62910
201507012604293,SHBL,14,50,30,1175,35250
201507012604350,SHINE,32,32,126,338,42588
201507012604358,SHINE,32,32,84,338,28392
201507012604622,SHL,33,14,400,426,170400
201507012604255,SHL,33,56,800,425,340000
201507012604249,SHL,33,56,1000,425,425000
201507012604243,SHL,33,56,18000,425,7650000
201507012604237,SHL,37,56,100,425,42500
201507012604236,SHL,20,56,100,426,42600
201507012604628,SHPC,38,41,10,690,6900
201507012604476,SHPC,26,48,18,698,12564
201507012604465,SHPC,26,48,18,698,12564
201507012604462,SHPC,26,56,54,697,37638
201507012604457,SHPC,26,36,18,695,12510
201507012604307,SHPC,10,38,18,690,12420
201507012604288,SHPC,26,4,300,689,206700
201507012604188,SHPC,10,38,18,690,12420
201507012604187,SHPC,10,38,18,690,12420
201507012604183,SHPC,50,4,200,689,137800
201507012604495,SICL,38,38,100,695,69500
201507012604422,SICL,5,38,53,690,36570
201507012604420,SICL,38,38,1000,685,685000
201507012604392,SICL,38,38,1500,685,1027500
201507012604381,SICL,4,25,250,695,173750
201507012604637,SIGS1,19,45,1100,15,16775
201507012604521,SKBBL,45,13,19,1311,24909
201507012604507,SKBBL,3,25,19,1310,24890
201507012604483,SKBBL,39,21,16,1305,20880
201507012604449,SKBBL,32,6,100,1309,130900
201507012604208,SKBBL,20,32,19,1310,24890
201507012604141,SKBBL,47,32,19,1310,24890
201507012604541,SLICL,10,33,60,677,40620
201507012604436,SLICL,45,4,500,677,338500
201507012604333,SLICL,5,47,149,680,101320
201507012604324,SLICL,20,6,500,674,337000
201507012604167,SLICL,28,33,500,675,337500
201507012604164,SLICL,5,18,42,680,28560
201507012604599,SMFDB,47,45,10,1610,16100
201507012604418,SMFDB,58,29,169,1617,273273
201507012604378,SMFDB,58,45,200,1600,320000
201507012604473,SRBL,50,42,24,410,9840
201507012604472,SRBL,50,42,150,410,61500
201507012604471,SRBL,25,42,500,410,205000
201507012604470,SRBL,56,42,100,410,41000
201507012604469,SRBL,56,42,200,411,82200
201507012604468,SRBL,25,42,100,411,41100
201507012604467,SRBL,25,42,50,411,20550
201507012604440,SRBL,50,32,500,412,206000
201507012604553,SUPRME,41,10,100,153,15300
201507012604536,SUPRME,51,11,21,155,3255
201507012604518,SUPRME,36,10,1500,154,231000
201507012604357,SUPRME,45,42,236,156,36816
201507012604346,SUPRME,45,28,226,156,35256
201507012604321,SUPRME,45,29,11,156,1716
201507012604320,SUPRME,45,29,11,156,1716
201507012604319,SUPRME,45,29,11,156,1716
201507012604318,SUPRME,45,29,11,156,1716
201507012604366,SWBBL,33,14,213,1600,340800
201507012604275,SWBBL,43,29,10,1606,16060
201507012604273,SWBBL,43,29,10,1606,16060
201507012604245,SWBBL,43,26,100,1606,160600
201507012604220,SWBBL,49,55,100,1613,161300
201507012604561,SYFL,37,39,404,95,38380
201507012604525,SYFL,37,39,404,95,38380
201507012604302,UFIL,22,5,44,140,6160
201507012604286,UFIL,22,5,44,140,6160
201507012604263,UFIL,22,14,10,140,1400
201507012604426,UIC,39,44,100,402,40200
201507012604424,UIC,48,44,200,401,80200
201507012604575,UNL,8,13,20,20200,404000
201507012604522,UNL,8,57,30,20199,605970
201507012604486,UNL,8,48,100,20000,2000000
201507012604606,WDBL,7,1,12,298,3576
201507012604492,WDBL,37,37,24,300,7200
201507012604608,YETI,25,21,50,123,6150
201507012604588,YETI,25,55,60,123,7380
201507012604559,YETI,16,21,50,122,6100
201507012604543,YETI,16,28,40,123,4920
201507012604340,YETI,16,42,11,125,1375
201507012604034,AHPC,25,29,46,320,14720
201507012604033,AHPC,50,50,11,323,3553
201507012604030,AHPC,51,29,46,320,14720
201507012604020,AHPC,50,50,46,321,14766
201507012604019,AHPC,50,50,46,321,14766
201507012603962,AHPC,25,13,46,321,14766
201507012603770,AHPC,26,49,300,321,96300
201507012604005,AHPC,25,43,200,320,64000
201507012603997,AHPC,51,4,440,320,140800
201507012603989,AHPC,43,17,500,320,160000
201507012603988,AHPC,45,25,1000,319,319000
201507012603973,AHPC,25,13,46,321,14766
201507012604094,ALDBL,58,47,11,317,3487
201507012604086,ALDBL,58,47,11,317,3487
201507012604076,ALDBL,58,47,11,317,3487
201507012604035,ALDBL,58,39,50,316,15800
201507012603909,ALDBL,55,29,23,315,7245
201507012603848,ALICL,11,59,200,1025,205000
201507012603760,ALICL,18,49,200,1025,205000
201507012603677,ALICL,18,44,394,1025,403850
201507012603676,ALICL,18,37,100,1023,102300
201507012603665,ALICL,18,48,208,1022,212576
201507012603664,ALICL,18,37,100,1021,102100
201507012603862,APEX,38,14,30,120,3600
201507012603859,APEX,38,14,30,120,3600
201507012603857,APEX,38,14,30,120,3600
201507012603853,APEX,38,14,30,120,3600
201507012603847,APEX,19,14,30,121,3630
201507012603718,APEX,38,14,30,120,3600
201507012603717,APEX,38,14,30,120,3600
201507012603714,APEX,38,14,30,120,3600
201507012603759,APEX,19,42,45,121,5445
201507012603744,APEX,46,42,477,120,57240
201507012603741,APEX,46,42,20,121,2420
201507012603739,APEX,46,42,20,121,2420
201507012603737,APEX,38,14,30,120,3600
201507012603719,APEX,38,14,30,120,3600
201507012604042,ARDBL,13,58,21,166,3486
201507012603891,ARDBL,1,20,500,167,83500
201507012604140,BLDBL,21,50,55,315,17325
201507012604009,BPCL,47,4,100,610,61000
201507012603917,BPCL,32,28,1000,610,610000
201507012604047,CBBL,6,16,142,1665,236430
201507012603898,CBBL,33,22,358,1660,594280
201507012603953,CBL,47,28,188,270,50760
201507012603835,CBL,33,56,94,271,25474
201507012603785,CBL,47,22,261,270,70470
201507012603774,CBL,19,51,545,271,147695
201507012603674,CBL,33,48,117,271,31707
201507012604066,CCBL,39,39,32,317,10144
201507012604058,CCBL,39,39,32,317,10144
201507012604053,CCBL,39,39,32,317,10144
201507012603887,CCBL,49,14,500,316,158000
201507012603886,CCBL,49,14,200,316,63200
201507012603885,CCBL,25,14,200,317,63400
201507012603884,CCBL,38,14,150,317,47550
201507012603883,CCBL,7,14,20,318,6360
201507012603868,CCBL,45,43,1016,318,323088
201507012603802,CCBL,38,50,383,317,121411
201507012604002,CDBL,33,1,200,325,65000
201507012604130,CHCL,57,49,56,1547,86632
201507012604029,CHCL,45,34,30,1546,46380
201507012603882,CHCL,50,50,28,1546,43288
201507012603873,CHCL,50,50,28,1546,43288
201507012603865,CHCL,50,50,28,1546,43288
201507012603858,CHCL,50,50,28,1546,43288
201507012603683,CHCL,13,17,78,1551,120978
201507012603658,CHCL,4,52,28,1555,43540
201507012603852,CHCL,50,50,28,1546,43288
201507012603837,CHCL,57,41,56,1555,87080
201507012603703,CHCL,29,56,200,1550,310000
201507012603702,CHCL,19,56,50,1550,77500
201507012603701,CHCL,41,56,50,1552,77600
201507012603700,CHCL,17,56,50,1555,77750
201507012604131,CNDBL,42,14,20,150,3000
201507012604027,CNDBL,25,17,20,150,3000
201507012604024,CNDBL,25,17,20,150,3000
201507012603863,CNDBL,25,7,40,153,6120
201507012604001,CZBIL,13,44,344,455,156520
201507012603814,CZBIL,13,26,231,455,105105
201507012603807,CZBIL,20,51,500,454,227000
201507012603789,CZBIL,49,29,34,453,15402
201507012603743,CZBIL,56,51,500,454,227000
201507012603723,CZBIL,42,50,147,455,66885
201507012603715,CZBIL,42,38,136,455,61880
201507012603941,EBL,25,25,200,2090,418000
201507012603655,EBL,32,59,200,2090,418000
201507012603652,EBL,22,59,100,2092,209200
201507012603808,EBL,36,56,100,2099,209900
201507012603758,EBL,19,17,22,2101,46222
201507012603745,EBL,57,56,100,2095,209500
201507012603711,EBL,19,26,47,2090,98230
201507012603881,EBL,51,59,55,2090,114950
201507012603864,EBL,36,29,200,2095,419000
201507012603850,EBL,17,29,100,2095,209500
201507012603661,EIC,10,20,270,826,223020
201507012603748,GABL,45,45,24,292,7008
201507012603704,GABL,45,45,20,287,5740
201507012604104,GBIME,32,57,210,441,92610
201507012603905,GBIME,47,57,100,438,43800
201507012603904,GBIME,47,57,100,438,43800
201507012603903,GBIME,11,57,250,438,109500
201507012603902,GBIME,8,57,1000,440,440000
201507012603901,GBIME,4,57,90,440,39600
201507012603649,GBIME,45,35,100,443,44300
201507012603732,GBIME,22,48,100,442,44200
201507012603731,GBIME,21,48,100,442,44200
201507012603730,GBIME,22,48,100,442,44200
201507012603729,GBIME,51,48,80,443,35440
201507012603668,GBIME,22,35,100,442,44200
201507012603657,GBIME,45,35,100,442,44200
201507012603900,GBIME,6,57,250,441,110250
201507012603756,GBIME,19,37,404,441,178164
201507012603736,GBIME,4,48,410,440,180400
201507012603735,GBIME,43,48,500,440,220000
201507012603734,GBIME,29,48,300,440,132000
201507012603733,GBIME,6,48,410,441,180810
201507012603788,GFCL,7,11,20,205,4100
201507012604046,GLICL,22,17,193,558,107694
201507012604013,GLICL,43,16,28,569,15932
201507012603817,GLICL,4,50,500,571,285500
201507012603816,GLICL,32,50,200,572,114400
201507012603815,GLICL,20,50,500,575,287500
201507012603713,GLICL,59,57,125,576,72000
201507012603708,GLICL,22,44,500,577,288500
201507012603678,GLICL,5,34,722,579,418038
201507012603780,HBL,11,45,80,821,65680
201507012603966,HBL,36,28,20,825,16500
201507012603965,HBL,36,7,26,824,21424
201507012603844,ILFC,48,22,420,153,64260
201507012604048,JBBL,17,17,32,162,5184
201507012603670,JBBL,29,53,10,161,1610
201507012604089,JBNL,36,13,200,270,54000
201507012604078,JBNL,22,13,67,274,18358
201507012604062,JBNL,29,13,100,275,27500
201507012603914,JBNL,19,32,50,274,13700
201507012603908,JBNL,5,4,223,270,60210
201507012603906,JBNL,5,46,120,270,32400
201507012603892,JBNL,8,46,1000,270,270000
201507012603805,JBNL,38,4,423,271,114633
201507012603784,JBNL,29,26,15,275,4125
201507012604059,KAFIL,1,35,100,232,23200
201507012604012,KAFIL,1,35,212,232,49184
201507012603933,KAFIL,13,50,259,235,60865
201507012603877,KAFIL,13,50,114,238,27132
201507012604112,KBBL,41,45,99,359,35541
201507012604108,KBBL,41,50,200,359,71800
201507012604052,KBBL,29,6,75,359,26925
201507012604126,KBL,38,34,200,377,75400
201507012603801,KBL,14,29,80,380,30400
201507012603771,KBL,45,16,967,375,362625
201507012604045,KDBL,28,17,10,143,1430
201507012603945,KDBL,28,53,27,143,3861
201507012603940,KDBL,28,25,254,143,36322
201507012603796,KDBL,5,5,85,143,12155
201507012603777,KDBL,51,45,78,143,11154
201507012603761,KDBL,28,45,488,144,70272
201507012603654,KDBL,32,53,21,145,3045
201507012603809,KEBL,26,8,81,368,29808
201507012603778,KMCDB,36,26,100,1045,104500
201507012604137,KRBL,1,1,50,262,13100
201507012604115,KRBL,1,1,50,258,12900
201507012604087,KRBL,1,44,10,263,2630
201507012604044,LBL,7,11,90,407,36630
201507012603860,LBL,40,38,317,404,128068
201507012603660,LBL,21,21,500,405,202500
201507012603897,LGIL,59,36,300,370,111000
201507012603896,LGIL,59,36,300,370,111000
201507012603895,LGIL,59,36,200,370,74000
201507012603894,LGIL,36,49,20,376,7520
201507012604114,LICN,14,14,212,2859,606108
201507012604110,LICN,57,32,223,2875,641125
201507012604109,LICN,57,8,100,2870,287000
201507012604093,LICN,16,37,39,2860,111540
201507012604032,LICN,26,21,100,2860,286000
201507012604014,LICN,58,58,40,2897,115880
201507012603955,LICN,14,14,30,2900,87000
201507012603861,LICN,50,53,50,2880,144000
201507012603706,LICN,28,49,200,2900,580000
201507012603705,LICN,5,49,40,2900,116000
201507012603692,LICN,37,26,100,2901,290100
201507012603682,LICN,50,7,100,2905,290500
201507012604023,LUBL,21,56,500,340,170000
201507012604022,LUBL,20,56,500,340,170000
201507012603963,LUBL,13,34,300,341,102300
201507012603939,LUBL,43,14,500,341,170500
201507012603938,LUBL,38,14,100,342,34200
201507012603937,LUBL,43,14,100,342,34200
201507012603836,LUBL,42,56,116,341,39556
201507012603691,LUBL,38,48,45,342,15390
201507012603936,LUBL,13,14,90,343,30870
201507012603922,LUBL,40,14,1000,340,340000
201507012604011,MBL,49,1,180,559,100620
201507012603990,MBL,48,34,224,556,124544
201507012603983,MBL,57,4,133,557,74081
201507012603954,MBL,33,18,112,558,62496
201507012603880,MBL,48,4,69,556,38364
201507012603870,MBL,48,4,150,556,83400
201507012603840,MBL,33,18,100,558,55800
201507012603688,MBL,29,32,125,560,70000
201507012603651,MBL,48,48,224,560,125440
201507012603995,MDB,41,50,17,510,8670
201507012604103,MDBL,32,36,100,235,23500
201507012603797,MDBL,35,8,200,234,46800
201507012604017,MDBL,35,13,286,236,67496
201507012604133,METRO,1,52,55,338,18590
201507012604010,METRO,32,16,455,338,153790
201507012604072,NABIL,22,32,200,1896,379200
201507012604071,NABIL,29,32,100,1897,189700
201507012604070,NABIL,43,32,100,1900,190000
201507012604069,NABIL,41,32,10,1900,19000
201507012603985,NABIL,36,44,100,1904,190400
201507012603984,NABIL,36,25,200,1903,380600
201507012603930,NABIL,25,25,200,1900,380000
201507012604135,NABILP,28,33,18,1310,23580
201507012603928,NABILP,59,33,100,1308,130800
201507012603927,NABILP,40,33,500,1309,654500
201507012603926,NABILP,40,33,200,1310,262000
201507012603925,NABILP,17,33,100,1310,131000
201507012604136,NBB,26,34,100,517,51700
201507012604125,NBB,39,1,10,517,5170
201507012604106,NBB,10,10,456,516,235296
201507012604075,NBB,33,45,363,516,187308
201507012604067,NBB,26,32,99,518,51282
201507012604038,NBB,26,34,325,517,168025
201507012603775,NBB,10,34,1000,515,515000
201507012603763,NBB,51,50,55,516,28380
201507012603754,NBB,33,34,100,517,51700
201507012603709,NBB,46,41,100,519,51900
201507012603672,NBB,51,21,605,517,312785
201507012603916,NBB,51,34,550,516,283800
201507012603842,NBB,33,34,400,516,206400
201507012603839,NBB,33,34,100,517,51700
201507012603828,NBB,33,16,127,516,65532
201507012603806,NBB,33,34,100,517,51700
201507012603786,NBB,10,45,650,515,334750
201507012604113,NBL,32,35,500,284,142000
201507012603793,NBL,32,44,1000,284,284000
201507012603792,NBL,45,44,500,284,142000
201507012603791,NBL,51,44,500,284,142000
201507012603726,NBL,22,5,1000,285,285000
201507012603707,NBL,35,5,1000,285,285000
201507012603972,NCCB,13,19,391,447,174777
201507012603942,NCCB,11,38,80,447,35760
201507012603824,NCCB,11,48,100,450,45000
201507012603769,NCCB,37,48,455,449,204295
201507012603969,NCM,19,17,50,229,11450
201507012604073,NHPC,49,38,1000,119,119000
201507012603666,NHPC,41,45,400,118,47200
201507012604043,NIB,33,19,300,715,214500
201507012603782,NIB,52,45,76,712,54112
201507012603833,NIBPO,59,28,500,505,252500
201507012603799,NIBPO,55,28,1000,505,505000
201507012603757,NIBPO,8,14,500,506,253000
201507012603961,NIBPO,51,43,500,507,253500
201507012604018,NICA,42,29,34,615,20910
201507012603924,NICA,36,16,11,615,6765
201507012603832,NICA,16,55,12,612,7344
201507012603823,NICA,33,53,20,622,12440
201507012603790,NICA,21,50,12,614,7368
201507012603762,NICA,45,45,12,615,7380
201507012603755,NICA,45,45,286,614,175604
201507012603687,NICA,21,21,270,616,166320
201507012603686,NICA,21,41,127,616,78232
201507012603679,NICA,16,53,46,616,28336
201507012603667,NICA,7,59,500,615,307500
201507012604134,NICL,45,45,90,406,36540
201507012603890,NICL,33,11,81,408,33048
201507012603889,NICL,33,48,50,407,20350
201507012603838,NICL,11,57,150,405,60750
201507012603680,NICL,33,16,500,401,200500
201507012603827,NICL,36,57,150,404,60600
201507012603821,NICL,46,48,100,405,40500
201507012603794,NICL,38,43,500,403,201500
201507012603753,NICL,33,16,2000,400,800000
201507012603738,NICL,36,48,101,404,40804
201507012603684,NICL,33,48,194,404,78376
201507012603776,NIL,7,1,200,451,90200
201507012603907,NLBBL,52,53,152,1195,181640
201507012603820,NLBBL,38,53,150,1195,179250
201507012604063,NLG,48,49,96,569,54624
201507012604056,NLG,56,49,450,570,256500
201507012604055,NLG,21,49,100,570,57000
201507012604054,NLG,38,49,150,571,85650
201507012604049,NLG,39,7,341,571,194711
201507012603996,NLG,36,58,25,574,14350
201507012603952,NLG,36,1,15,574,8610
201507012603943,NLG,53,50,15,575,8625
201507012603934,NLG,53,14,104,579,60216
201507012603929,NLG,53,17,25,577,14425
201507012604041,NLIC,49,14,1079,2880,3107520
201507012604016,NLIC,34,14,100,2881,288100
201507012604015,NLIC,21,14,100,2882,288200
201507012603935,NLIC,34,17,100,2885,288500
201507012603795,NLIC,34,14,200,2881,576200
201507012603773,NLIC,25,14,100,2881,288100
201507012603641,NLIC,28,14,200,2900,580000
201507012603772,NLIC,38,14,500,2890,1445000
201507012603768,NLIC,1,14,500,2885,1442500
201507012603767,NLIC,19,14,100,2889,288900
201507012603766,NLIC,17,14,50,2890,144500
201507012603765,NLIC,45,14,100,2892,289200
201507012603764,NLIC,45,14,50,2900,145000
201507012604139,NLICL,25,41,200,1878,375600
201507012604128,NLICL,49,54,200,1880,376000
201507012604124,NLICL,49,44,250,1880,470000
201507012604123,NLICL,43,44,50,1880,94000
201507012604122,NLICL,43,44,200,1881,376200
201507012604121,NLICL,21,44,100,1881,188100
201507012604036,NLICL,7,54,100,1890,189000
201507012603752,NLICL,10,3,47,1900,89300
201507012603727,NLICL,49,50,490,1885,923650
201507012604120,NLICL,14,44,100,1882,188200
201507012604119,NLICL,8,44,90,1883,169470
201507012604118,NLICL,49,44,10,1885,18850
201507012604117,NLICL,14,44,100,1885,188500
201507012604116,NLICL,58,44,100,1887,188700
201507012604088,NLICL,49,50,550,1880,1034000
201507012604095,NUBL,41,43,55,1280,70400
201507012603958,NUBL,57,58,300,1275,382500
201507012603923,NUBL,29,45,250,1270,317500
201507012603829,NUBL,45,8,47,1265,59455
201507012603747,NUBL,29,20,135,1265,170775
201507012603695,NUBL,41,44,75,1270,95250
201507012603960,OHL,53,59,90,617,55530
201507012603957,OHL,32,45,1000,611,611000
201507012603813,OHL,33,59,500,611,305500
201507012603740,OHL,5,59,200,612,122400
201507012604132,PCBL,25,43,150,447,67050
201507012603879,PCBL,39,39,30,448,13440
201507012603878,PCBL,39,29,22,448,9856
201507012603751,PCBL,13,34,138,448,61824
201507012603742,PCBL,22,48,45,449,20205
201507012603725,PCBL,25,34,392,447,175224
201507012603662,PCBL,25,53,158,448,70784
201507012603653,PCBL,25,17,105,448,47040
201507012604061,PIC,22,44,100,492,49200
201507012604060,PIC,22,44,200,492,98400
201507012604092,PICL,55,58,100,412,41200
201507012604105,PLIC,38,52,50,1166,58300
201507012604091,PLIC,5,49,200,1170,234000
201507012604090,PLIC,18,49,270,1170,315900
201507012604084,PLIC,18,49,730,1170,854100
201507012604083,PLIC,14,49,150,1171,175650
201507012604082,PLIC,14,49,200,1172,234400
201507012603750,PLIC,10,45,100,1180,118000
201507012603749,PLIC,10,49,40,1179,47160
201507012603724,PLIC,38,49,200,1175,235000
201507012603699,PLIC,8,52,10,1176,11760
201507012603673,PLIC,32,44,132,1175,155100
201507012603650,PLIC,18,16,567,1170,663390
201507012604081,PLIC,34,49,210,1172,246120
201507012604080,PLIC,46,49,50,1173,58650
201507012604079,PLIC,45,49,160,1175,188000
201507012604028,PLIC,32,57,185,1176,217560
201507012603956,PLIC,45,55,40,1175,47000
201507012603787,PLIC,14,26,81,1171,94851
201507012603913,PRIN,22,5,100,412,41200
201507012603781,PRIN,19,54,200,410,82000
201507012604098,PRVU,34,35,243,321,78003
201507012604006,PRVU,14,48,100,324,32400
201507012603991,PRVU,48,14,253,323,81719
201507012603970,PRVU,46,48,200,324,64800
201507012603964,PRVU,5,10,1000,320,320000
201507012603712,PRVU,33,59,107,322,34454
201507012603671,PRVU,33,41,35,324,11340
201507012603951,PRVU,16,48,200,324,64800
201507012603950,PRVU,33,48,400,324,129600
201507012603949,PRVU,40,48,60,324,19440
201507012603647,PURBL,19,4,40,341,13640
201507012604100,RHPC,50,50,11,414,4554
201507012604099,RHPC,50,50,11,414,4554
201507012604097,RHPC,50,50,11,414,4554
201507012604096,RHPC,50,50,11,414,4554
201507012604051,RHPC,45,58,12,412,4944
201507012603944,RHPC,13,51,12,415,4980
201507012603663,RHPC,13,41,12,415,4980
201507012603659,RHPC,13,41,12,415,4980
201507012603646,RHPC,45,51,12,415,4980
201507012603645,RHPC,45,51,12,415,4980
201507012603644,RHPC,13,13,11,415,4565
201507012604004,SADBL,16,28,50,328,16400
201507012603915,SADBL,36,45,1000,325,325000
201507012603981,SANIMA,36,32,300,552,165600
201507012603980,SANIMA,47,32,100,552,55200
201507012603979,SANIMA,47,32,100,552,55200
201507012603978,SANIMA,29,32,300,553,165900
201507012603977,SANIMA,37,32,500,554,277000
201507012603976,SANIMA,33,32,100,554,55400
201507012603669,SANIMA,13,37,200,555,111000
201507012603975,SANIMA,19,32,50,555,27750
201507012603974,SANIMA,44,32,10,555,5550
201507012603874,SANIMA,45,18,41,558,22878
201507012603825,SANIMA,34,59,231,555,128205
201507012603746,SANIMA,19,37,200,555,111000
201507012603675,SANIMA,44,37,100,555,55500
201507012603798,SBI,14,45,60,900,54000
201507012603872,SBL,13,59,91,667,60697
201507012603783,SBL,7,28,12,667,8004
201507012603721,SBL,16,28,1000,665,665000
201507012603698,SBL,13,21,413,666,275058
201507012603876,SBLPO,26,16,10,306,3060
201507012603871,SBLPO,26,16,10,310,3100
201507012603869,SBLPO,26,16,10,316,3160
201507012603866,SBLPO,26,16,10,322,3220
201507012603856,SBLPO,26,16,10,328,3280
201507012604064,SCB,36,3,100,1901,190100
201507012604057,SCB,36,3,100,1901,190100
201507012603947,SCB,25,25,64,1900,121600
201507012603803,SCB,46,3,30,1930,57900
201507012603800,SCB,13,3,690,1902,1312380
201507012603851,SEOS,21,47,500,10,4945
201507012603642,SETI,32,10,27,200,5400
201507012603959,SEWA,21,50,73,271,19783
201507012603697,SEWA,13,42,200,273,54600
201507012603694,SEWA,13,47,18,272,4896
201507012603693,SEWA,13,47,18,272,4896
201507012603690,SEWA,13,47,18,272,4896
201507012603992,SHINE,13,28,1000,337,337000
201507012603986,SHINE,21,28,303,340,103020
201507012603849,SHINE,13,45,445,343,152635
201507012603841,SHINE,43,45,92,344,31648
201507012603910,SHINE,43,28,500,342,171000
201507012603831,SHL,46,25,500,427,213500
201507012604107,SHPC,10,38,18,690,12420
201507012604025,SHPC,39,26,148,691,102268
201507012603855,SHPC,10,4,18,690,12420
201507012603854,SHPC,10,6,10,690,6900
201507012603846,SHPC,10,6,10,690,6900
201507012603845,SHPC,10,6,10,690,6900
201507012603826,SHPC,10,7,10,690,6900
201507012603818,SHPC,22,7,10,691,6910
201507012603811,SHPC,10,7,10,690,6900
201507012603810,SHPC,10,7,10,690,6900
201507012603804,SIC,14,20,25,801,20025
201507012603779,SIC,11,21,14,786,11004
201507012604077,SICL,38,42,172,685,117820
201507012603994,SICL,47,38,10,682,6820
201507012603993,SICL,47,53,100,682,68200
201507012603987,SICL,21,38,91,685,62335
201507012603920,SICL,38,38,100,686,68600
201507012603888,SICL,17,38,200,687,137400
201507012603867,SICL,45,38,200,687,137400
201507012603834,SICL,43,35,378,688,260064
201507012603830,SICL,43,38,100,690,69000
201507012603728,SKBBL,39,48,10,1310,13100
201507012603681,SLBBL,45,45,103,1581,162843
201507012604138,SLICL,43,43,34,681,23154
201507012604127,SLICL,43,43,34,681,23154
201507012604111,SLICL,43,43,34,679,23086
201507012604101,SLICL,43,43,34,679,23086
201507012604085,SLICL,43,43,34,680,23120
201507012604068,SLICL,43,43,34,680,23120
201507012603710,SLICL,22,5,34,675,22950
201507012603656,SLICL,57,42,49,675,33075
201507012603648,SLICL,11,42,45,675,30375
201507012603643,SLICL,39,42,31,677,20987
201507012603875,SLICL,45,41,74,683,50542
201507012603720,SLICL,28,17,34,680,23120
201507012603716,SLICL,28,8,460,680,312800
201507012604065,SLICL,57,33,137,676,92612
201507012604050,SLICL,7,33,200,676,135200
201507012604008,SLICL,22,17,500,675,337500
201507012604003,SLICL,45,48,260,678,176280
201507012603932,SLICL,45,13,181,682,123442
201507012603946,SRBL,45,34,500,413,206500
201507012603722,SUBBL,43,13,100,253,25300
201507012603696,SUBBL,51,50,54,255,13770
201507012603689,SUBBL,25,45,19,255,4845
201507012604000,SWBBL,33,7,122,1616,197152
201507012603899,SWBBL,33,32,112,1615,180880
201507012603819,SWBBL,33,56,99,1620,160380
201507012603948,SYFL,1,35,200,96,19200
201507012603982,UIC,39,44,100,409,40900
201507012604026,WDBL,44,48,13,300,3900
201507012603912,WDBL,44,58,12,300,3600
201507012603247,ADBL,5,51,90,408,36720
201507012603162,ADBL,29,6,50,409,20450
201507012603589,AHPC,17,25,13,325,4225
201507012603581,AHPC,5,35,1000,320,320000
201507012603206,AHPC,41,22,70,322,22540
201507012603425,ALDBL,25,39,10,318,3180
201507012603328,ALDBL,25,39,10,312,3120
201507012603423,ALICL,39,48,200,1022,204400
201507012603337,ALICL,22,48,200,1017,203400
201507012603263,ALICL,34,37,90,1024,92160
201507012603250,ALICL,4,37,100,1020,102000
201507012603210,ALICL,14,17,89,1028,91492
201507012603190,ALICL,11,11,300,1025,307500
201507012603417,APEX,39,39,1000,120,120000
201507012603269,APEX,39,25,20,120,2400
201507012603265,APEX,39,32,160,119,19040
201507012603230,APEX,16,32,366,117,42822
201507012603548,ARDBL,33,5,201,164,32964
201507012603457,ARDBL,39,39,73,165,12045
201507012603432,ARDBL,16,20,500,166,83000
201507012603330,ARDBL,1,17,73,165,12045
201507012603159,ARDBL,1,20,300,166,49800
201507012603554,BHBL,50,16,70,300,21000
201507012603521,BLDBL,20,16,72,319,22968
201507012603433,BLDBL,47,42,110,320,35200
201507012603361,BLDBL,47,42,196,320,62720
201507012603374,BPCL,48,28,500,620,310000
201507012603373,BPCL,7,28,500,620,310000
201507012603295,BUDBL,42,32,77,200,15400
201507012603411,CBBL,32,32,100,1660,166000
201507012603410,CBBL,32,32,100,1660,166000
201507012603473,CBBL,32,32,100,1661,166100
201507012603424,CBBL,32,32,259,1660,429940
201507012603414,CBBL,32,32,100,1660,166000
201507012603413,CBBL,32,32,100,1660,166000
201507012603475,CBBL,32,32,100,1661,166100
201507012603474,CBBL,32,32,100,1661,166100
201507012603467,CBL,35,35,17,271,4607
201507012603449,CBL,35,35,28,271,7588
201507012603311,CBL,47,39,133,270,35910
201507012603209,CBL,47,16,320,270,86400
201507012603208,CBL,19,16,280,271,75880
201507012603603,CCBL,48,48,220,318,69960
201507012603568,CCBL,48,50,500,318,159000
201507012603541,CCBL,26,39,32,318,10176
201507012603514,CCBL,48,47,119,318,37842
201507012603513,CCBL,48,50,500,318,159000
201507012603501,CCBL,26,39,16,318,5088
201507012603378,CCBL,49,51,153,318,48654
201507012603166,CDBL,16,50,49,321,15729
201507012603620,CHCL,1,41,28,1555,43540
201507012603579,CHCL,45,11,123,1554,191142
201507012603520,CHCL,45,11,170,1554,264180
201507012603516,CHCL,45,11,100,1554,155400
201507012603505,CHCL,36,56,57,1557,88749
201507012603497,CHCL,36,29,22,1557,34254
201507012603167,CHCL,34,43,250,1557,389250
201507012603146,CHCL,45,21,100,1558,155800
201507012603372,CHCL,50,21,62,1559,96658
201507012603366,CHCL,36,17,78,1556,121368
201507012603232,CHCL,36,36,18,1557,28026
201507012603184,CHCL,14,51,50,1558,77900
201507012603181,CHCL,14,51,45,1558,70110
201507012603179,CHCL,14,51,38,1558,59204
201507012603274,CSDBL,45,16,29,367,10643
201507012603598,CZBIL,41,48,200,454,90800
201507012603363,CZBIL,56,51,636,454,288744
201507012603239,CZBIL,58,17,190,451,85690
201507012603203,CZBIL,58,17,168,451,75768
201507012603173,CZBIL,58,26,124,451,55924
201507012603169,CZBIL,43,44,100,455,45500
201507012603168,CZBIL,56,44,1000,455,455000
201507012603464,EBL,43,53,100,2093,209300
201507012603354,EBL,5,1,68,2101,142868
201507012603294,EBL,38,53,100,2096,209600
201507012603286,EBL,22,53,200,2097,419400
201507012603243,EBL,32,29,116,2100,243600
201507012603234,EBL,32,45,26,2100,54600
201507012603216,EBL,32,59,121,2095,253495
201507012603186,EBL,45,44,50,2100,105000
201507012603183,EIC,26,26,500,842,421000
201507012603245,FMDBL,10,50,350,554,193900
201507012603204,FMDBL,29,50,250,560,140000
201507012603612,GBIME,19,49,148,444,65712
201507012603150,GBIME,42,42,500,448,224000
201507012603632,GFCL,7,8,100,201,20100
201507012603309,GFCL,47,32,95,200,19000
201507012603577,GLICL,59,59,350,580,203000
201507012603574,GLICL,57,37,409,580,237220
201507012603545,GLICL,49,49,270,579,156330
201507012603542,GLICL,49,49,300,579,173700
201507012603534,GLICL,22,52,200,577,115400
201507012603533,GLICL,20,52,200,577,115400
201507012603226,GLICL,3,48,10,577,5770
201507012603225,GLICL,7,48,100,577,57700
201507012603219,GLICL,7,22,100,577,57700
201507012603532,GLICL,14,52,50,578,28900
201507012603500,GLICL,5,5,95,579,55005
201507012603460,GLICL,11,26,95,578,54910
201507012603437,GLICL,45,42,80,581,46480
201507012603387,GLICL,45,48,200,581,116200
201507012603356,GLICL,45,51,134,580,77720
201507012603540,HAMA,47,50,40,152,6080
201507012603536,HAMA,47,50,40,152,6080
201507012603526,HAMA,47,50,40,152,6080
201507012603523,HAMA,47,50,40,152,6080
201507012603515,HAMA,47,50,40,152,6080
201507012603511,HAMA,47,50,70,152,10640
201507012603368,HAMA,47,55,90,152,13680
201507012603362,HAMA,47,55,90,152,13680
201507012603331,HAMA,7,50,500,153,76500
201507012603199,HAMA,47,35,50,152,7600
201507012603195,HAMA,17,17,40,153,6120
201507012603478,HBL,22,40,350,825,288750
201507012603194,HBL,36,42,98,825,80850
201507012603622,HGI,38,57,650,415,269750
201507012603611,HGI,3,56,10,415,4150
201507012603605,HGI,14,56,50,414,20700
201507012603602,HGI,17,56,50,406,20300
201507012603599,HGI,14,56,50,399,19950
201507012603595,HGI,14,57,50,392,19600
201507012603396,HGI,39,17,100,385,38500
201507012603348,ICFC,13,36,59,252,14868
201507012603346,ICFC,13,36,59,252,14868
201507012603310,ICFC,13,36,59,252,14868
201507012603306,ICFC,13,36,59,252,14868
201507012603298,ICFC,13,36,59,252,14868
201507012603538,ICFCPO,28,59,11612,136,1579232
201507012603524,IDBL,14,21,11,173,1903
201507012603484,IDBL,14,5,34,175,5950
201507012603483,IDBL,14,44,11,175,1925
201507012603482,IDBL,14,11,57,175,9975
201507012603479,IDBL,32,51,68,174,11832
201507012603491,JBBL,39,26,53,161,8533
201507012603488,JBBL,17,26,53,162,8586
201507012603487,JBBL,1,26,53,163,8639
201507012603375,JBBL,14,26,53,163,8639
201507012603358,JBBL,13,35,400,160,64000
201507012603349,JBBL,57,17,110,160,17600
201507012603341,JBBL,13,17,150,160,24000
201507012603180,JBBL,13,45,10,160,1600
201507012603170,JBBL,39,45,53,161,8533
201507012603492,JBNL,42,4,250,274,68500
201507012603438,JBNL,19,39,251,274,68774
201507012603430,JBNL,4,4,163,275,44825
201507012603409,JBNL,4,4,120,275,33000
201507012603364,JBNL,36,14,326,275,89650
201507012603202,JBNL,36,14,163,275,44825
201507012603197,JBNL,4,14,100,277,27700
201507012603196,JBNL,4,28,87,277,24099
201507012603192,JBNL,4,28,52,277,14404
201507012603630,JFL,32,32,248,383,94984
201507012603509,KAFIL,13,14,281,240,67440
201507012603323,KAFIL,13,17,96,239,22944
201507012603517,KBL,29,28,20,380,7600
201507012603435,KBL,29,49,200,381,76200
201507012603434,KBL,58,49,100,382,38200
201507012603355,KBL,14,44,500,383,191500
201507012603217,KBL,45,29,40,385,15400
201507012603154,KBL,17,50,115,382,43930
201507012603624,KDBL,13,51,33,146,4818
201507012603446,KDBL,32,51,43,145,6235
201507012603401,KDBL,32,51,21,145,3045
201507012603335,KDBL,32,17,63,145,9135
201507012603236,KDBL,42,44,41,145,5945
201507012603343,KMCDB,58,16,82,1058,86756
201507012603573,LBL,40,35,500,405,202500
201507012603614,LICN,21,21,100,2910,291000
201507012603591,LICN,13,7,110,2912,320320
201507012603559,LICN,32,49,100,2915,291500
201507012603558,LICN,41,49,10,2915,29150
201507012603539,LICN,32,32,96,2916,279936
201507012603518,LICN,57,5,186,2925,544050
201507012603256,LICN,13,14,100,2915,291500
201507012603251,LICN,5,32,50,2923,146150
201507012603223,LICN,14,17,52,2900,150800
201507012603212,LICN,41,28,10,2907,29070
201507012603211,LICN,26,3,12,2870,34440
201507012603315,LICN,28,28,2000,2900,5800000
201507012603312,LICN,1,32,100,2900,290000
201507012603303,LICN,21,3,128,2925,374400
201507012603301,LICN,14,32,500,2895,1447500
201507012603288,LICN,45,45,1000,2900,2900000
201507012603259,LICN,28,17,1000,2900,2900000
201507012603450,LICN,45,45,1000,2900,2900000
201507012603441,LICN,53,49,100,2924,292400
201507012603380,LICN,14,42,100,2940,294000
201507012603379,LICN,14,21,90,2939,264510
201507012603322,LICN,26,59,100,2935,293500
201507012603321,LICN,1,32,50,2900,145000
201507012603493,LICN,5,58,50,2940,147000
201507012603489,LICN,16,16,109,2920,318280
201507012603476,LICN,57,57,1228,2900,3561200
201507012603472,LICN,50,3,68,2927,199036
201507012603465,LICN,45,45,20,2950,59000
201507012603451,LICN,34,49,50,2920,146000
201507012603249,LLBS,26,26,10,781,7810
201507012603572,LUBL,13,39,105,343,36015
201507012603458,LUBL,16,17,350,341,119350
201507012603384,LUBL,20,14,1000,340,340000
201507012603149,LUBL,40,14,1000,340,340000
201507012603142,LUBL,43,14,500,342,171000
201507012603141,LUBL,52,14,200,343,68600
201507012603597,MBL,26,4,400,559,223600
201507012603592,MBL,26,22,269,560,150640
201507012603499,MBL,11,22,200,560,112000
201507012603428,MBL,53,53,1769,560,990640
201507012603367,MBL,22,53,447,562,251214
201507012603267,MBL,29,20,1000,561,561000
201507012603260,MBL,1,53,1000,562,562000
201507012603188,MBL,37,25,164,565,92660
201507012603160,MBL,34,22,123,565,69495
201507012603214,MDB,58,1,15,510,7650
201507012603639,MDBL,35,45,122,236,28792
201507012603339,MDBL,35,21,145,240,34800
201507012603275,MDBL,35,43,462,239,110418
201507012603268,MDBL,35,43,97,238,23086
201507012603220,MDBL,21,21,194,239,46366
201507012603152,MDBL,35,20,824,239,196936
201507012603636,METRO,45,45,12,338,4056
201507012603635,METRO,45,45,13,338,4394
201507012603576,METRO,44,42,51,335,17085
201507012603305,METRO,44,50,123,335,41205
201507012603588,NABIL,3,32,10,1905,19050
201507012603407,NABIL,41,22,40,1900,76000
201507012603406,NABIL,33,22,60,1901,114060
201507012603200,NABIL,48,44,200,1901,380200
201507012603187,NABIL,11,25,99,1905,188595
201507012603627,NBB,10,50,1375,515,708125
201507012603626,NBB,29,10,18,517,9306
201507012603229,NBB,10,34,156,515,80340
201507012603191,NBB,10,35,422,515,217330
201507012603178,NBB,56,50,1000,518,518000
201507012603172,NBB,10,14,200,520,104000
201507012603164,NBB,33,44,200,521,104200
201507012603277,NBB,38,48,500,516,258000
201507012603253,NBB,40,40,36,516,18576
201507012603244,NBB,40,40,36,513,18468
201507012603240,NBB,10,50,426,515,219390
201507012603359,NBB,51,48,500,518,259000
201507012603351,NBB,42,42,200,519,103800
201507012603340,NBB,42,8,200,522,104400
201507012603316,NBB,51,21,500,518,259000
201507012603279,NBB,42,32,133,519,69027
201507012603278,NBB,42,7,18,518,9324
201507012603419,NBB,51,1,400,516,206400
201507012603392,NBB,32,11,126,516,65016
201507012603388,NBB,33,50,500,517,258500
201507012603454,NBB,32,25,500,518,259000
201507012603453,NBB,32,5,300,518,155400
201507012603452,NBB,32,38,50,518,25900
201507012603448,NBB,32,42,411,517,212487
201507012603442,NBB,32,42,55,517,28435
201507012603504,NBB,51,21,650,517,336050
201507012603502,NBB,51,49,200,516,103200
201507012603498,NBB,29,47,30,517,15510
201507012603494,NBB,51,22,360,516,185760
201507012603490,NBB,33,53,500,517,258500
201507012603292,NBBL,46,50,13,1800,23400
201507012603287,NBBL,46,17,13,1790,23270
201507012603248,NBBL,32,33,11,1790,19690
201507012603637,NBL,34,58,1000,284,284000
201507012603623,NBL,34,14,262,284,74408
201507012603610,NBL,32,14,149,285,42465
201507012603584,NBL,50,44,200,285,57000
201507012603583,NBL,40,44,300,285,85500
201507012603580,NBL,32,14,1000,285,285000
201507012603391,NBL,41,41,836,285,238260
201507012603353,NBL,18,58,100,286,28600
201507012603304,NBL,40,58,500,285,142500
201507012603283,NBL,26,8,1000,285,285000
201507012603262,NBL,32,14,1000,286,286000
201507012603238,NBL,20,44,1500,287,430500
201507012603506,NBL,51,45,1000,284,284000
201507012603445,NBL,41,44,600,285,171000
201507012603444,NBL,38,44,400,285,114000
201507012603443,NBL,16,44,100,286,28600
201507012603439,NBL,51,59,1000,285,285000
201507012603427,NBL,17,59,1000,285,285000
201507012603471,NCCB,54,49,200,450,90000
201507012603470,NCCB,1,49,200,450,90000
201507012603456,NCCB,17,26,200,450,90000
201507012603408,NCCB,17,58,100,450,45000
201507012603376,NCCB,35,42,1000,445,445000
201507012603365,NCCB,42,7,200,451,90200
201507012603299,NCCB,21,22,200,456,91200
201507012603270,NCCB,8,16,100,457,45700
201507012603148,NCCB,32,39,30,458,13740
201507012603342,NCCB,42,21,300,451,135300
201507012603333,NCCB,47,49,100,454,45400
201507012603320,NCCB,39,49,100,455,45500
201507012603319,NCCB,47,49,200,455,91000
201507012603318,NCCB,21,49,200,456,91200
201507012603317,NCCB,21,49,100,456,45600
201507012603571,NHPC,40,56,400,119,47600
201507012603201,NIB,32,50,120,715,85800
201507012603544,NIBPO,17,53,300,508,152400
201507012603543,NIBPO,39,53,500,507,253500
201507012603412,NIBPO,39,55,500,510,255000
201507012603570,NICA,5,59,500,615,307500
201507012603157,NICA,5,59,500,616,308000
201507012603155,NICA,17,59,500,617,308500
201507012603621,NICL,33,16,300,406,121800
201507012603609,NICL,33,11,500,401,200500
201507012603569,NICL,16,16,200,401,80200
201507012603555,NICL,33,16,500,408,204000
201507012603546,NICL,36,48,200,400,80000
201507012603528,NICL,41,16,500,403,201500
201507012603145,NICL,47,48,100,401,40100
201507012603462,NICL,41,57,500,401,200500
201507012603421,NICL,33,26,500,409,204500
201507012603527,NICL,38,16,500,403,201500
201507012603507,NICL,38,16,500,403,201500
201507012603486,NICL,33,26,500,400,200000
201507012603481,NICL,16,16,5000,395,1975000
201507012603582,NIL,58,43,16,460,7360
201507012603600,NLBBL,33,53,114,1190,135660
201507012603608,NLG,38,17,74,577,42698
201507012603420,NLG,36,1,15,581,8715
201507012603385,NLG,36,14,110,581,63910
201507012603383,NLG,39,5,56,582,32592
201507012603382,NLG,39,19,30,582,17460
201507012603381,NLG,39,1,15,581,8715
201507012603640,NLIC,32,14,100,2902,290200
201507012603553,NLIC,26,14,150,2900,435000
201507012603552,NLIC,45,14,100,2904,290400
201507012603551,NLIC,36,14,80,2905,232400
201507012603550,NLIC,45,14,100,2906,290600
201507012603549,NLIC,45,53,300,2915,874500
201507012603224,NLIC,33,44,200,2913,582600
201507012603193,NLIC,39,3,20,2925,58500
201507012603151,NLIC,33,53,16,2914,46624
201507012603400,NLIC,25,5,200,2910,582000
201507012603389,NLIC,50,3,10,2920,29200
201507012603371,NLIC,50,7,20,2920,58400
201507012603302,NLIC,19,44,100,2920,292000
201507012603255,NLIC,45,44,100,2924,292400
201507012603227,NLIC,18,11,200,2913,582600
201507012603525,NLIC,44,44,100,2919,291900
201507012603512,NLIC,44,44,200,2914,582800
201507012603431,NLIC,52,44,100,2905,290500
201507012603429,NLIC,33,3,30,2914,87420
201507012603418,NLIC,32,44,100,2910,291000
201507012603405,NLIC,19,3,70,2915,204050
201507012603447,NLICL,14,16,100,1910,191000
201507012603327,NLICL,8,16,100,1895,189500
201507012603326,NLICL,36,16,100,1900,190000
201507012603177,NLICL,58,16,100,1911,191100
201507012603176,NLICL,52,16,100,1915,191500
201507012603175,NLICL,26,16,50,1920,96000
201507012603174,NLICL,10,16,50,1920,96000
201507012603161,NLICL,26,3,150,1920,288000
201507012603156,NLICL,26,3,100,1925,192500
201507012603436,NMBSF1,37,21,1100,10,10835
201507012603530,NNFC,17,46,54,275,14850
201507012603619,NTC,45,17,100,622,62200
201507012603618,NTC,45,17,100,622,62200
201507012603617,NTC,45,17,100,622,62200
201507012603616,NTC,45,17,100,622,62200
201507012603271,NTC,38,33,200,620,124000
201507012603258,NTC,38,7,500,620,310000
201507012603399,NTC,3,17,100,622,62200
201507012603390,NTC,45,17,100,620,62000
201507012603386,NTC,45,17,100,620,62000
201507012603480,NTC,45,7,520,620,322400
201507012603615,NTC,45,17,100,622,62200
201507012603519,OHL,53,50,460,617,283820
201507012603466,OHL,59,50,521,618,321978
201507012603324,OHL,14,14,1200,617,740400
201507012603308,OHL,59,25,70,622,43540
201507012603575,PCBL,41,19,26,450,11700
201507012603537,PCBL,25,34,138,449,61962
201507012603503,PCBL,41,17,126,449,56574
201507012603607,PIC,21,10,24,502,12048
201507012603360,PIC,22,45,102,500,51000
201507012603463,PICL,21,58,100,411,41100
201507012603395,PICL,1,56,500,410,205000
201507012603394,PICL,1,36,90,409,36810
201507012603625,PLIC,18,45,17,1160,19720
201507012603560,PLIC,41,47,70,1170,81900
201507012603557,PLIC,41,50,27,1170,31590
201507012603455,PLIC,59,16,140,1170,163800
201507012603377,PLIC,11,51,443,1170,518310
201507012603266,PLIC,32,44,300,1170,351000
201507012603153,PLIC,48,16,100,1185,118500
201507012603242,PLIC,32,16,100,1175,117500
201507012603241,PLIC,22,16,90,1176,105840
201507012603221,PLIC,21,49,27,1180,31860
201507012603218,PLIC,45,49,94,1175,110450
201507012603215,PLIC,38,49,94,1176,110544
201507012603205,PLIC,17,49,13,1180,15340
201507012603578,PRIN,21,56,100,416,41600
201507012603531,PRIN,8,56,100,417,41700
201507012603477,PRIN,8,56,100,417,41700
201507012603469,PRIN,8,41,500,417,208500
201507012603468,PRIN,34,54,200,410,82000
201507012603459,PRIN,42,54,200,415,83000
201507012603350,PRIN,47,41,500,413,206500
201507012603329,PRIN,47,56,475,419,199025
201507012603228,PRIN,21,41,500,416,208000
201507012603147,PRIN,21,17,20,421,8420
201507012603144,PRIN,21,52,165,420,69300
201507012603291,PRVU,17,56,1000,323,323000
201507012603290,PRVU,29,56,300,323,96900
201507012603289,PRVU,46,56,200,324,64800
201507012603285,PRVU,18,56,200,325,65000
201507012603284,PRVU,16,56,200,325,65000
201507012603280,PRVU,33,50,211,325,68575
201507012603254,PRVU,33,14,287,326,93562
201507012603165,RBCL,32,32,120,5199,623880
201507012603567,RHPC,51,13,11,415,4565
201507012603566,RHPC,51,13,11,415,4565
201507012603565,RHPC,51,25,11,415,4565
201507012603564,RHPC,51,25,11,415,4565
201507012603563,RHPC,51,25,11,415,4565
201507012603562,RHPC,51,25,11,415,4565
201507012603561,RHPC,51,25,11,415,4565
201507012603416,SANIMA,45,33,82,560,45920
201507012603393,SANIMA,34,53,161,560,90160
201507012603352,SANIMA,37,45,237,565,133905
201507012603296,SANIMA,45,59,225,564,126900
201507012603198,SANIMA,45,45,100,565,56500
201507012603590,SBL,13,53,84,667,56028
201507012603547,SBL,1,28,500,665,332500
201507012603415,SBL,7,36,23,667,15341
201507012603261,SBL,1,28,1000,665,665000
201507012603556,SCB,17,3,100,1940,194000
201507012603522,SEOS,37,40,5000,10,48500
201507012603601,SETI,32,10,27,200,5400
201507012603143,SEWA,49,50,106,274,29044
201507012603246,SHBL,16,33,200,1190,238000
201507012603496,SHPC,39,39,180,700,126000
201507012603495,SHPC,39,39,291,700,203700
201507012603369,SHPC,22,44,89,703,62567
201507012603338,SHPC,5,32,15,705,10575
201507012603257,SHPC,5,5,15,704,10560
201507012603233,SHPC,5,5,15,704,10560
201507012603613,SICL,17,38,100,690,69000
201507012603593,SICL,17,35,200,690,138000
201507012603252,SICL,17,25,250,690,172500
201507012603185,SICL,17,59,250,690,172500
201507012603596,SIGS1,8,33,14000,15,213500
201507012603426,SIL,52,44,100,620,62000
201507012603398,SIL,29,42,10,622,6220
201507012603397,SIL,7,44,100,610,61000
201507012603370,SIL,29,26,10,622,6220
201507012603345,SIL,36,44,100,610,61000
201507012603332,SIL,21,38,10,610,6100
201507012603237,SIL,21,26,18,599,10782
201507012603307,SLBBL,45,45,110,1600,176000
201507012603264,SLBBL,45,6,100,1620,162000
201507012603606,SLICL,39,39,34,677,23018
201507012603604,SLICL,39,39,34,677,23018
201507012603461,SLICL,25,17,116,675,78300
201507012603440,SLICL,11,45,38,679,25802
201507012603189,SLICL,14,42,200,682,136400
201507012603182,SLICL,14,33,300,680,204000
201507012603163,SLICL,42,45,42,681,28602
201507012603158,SLICL,18,17,500,682,341000
201507012603344,SLICL,45,53,99,680,67320
201507012603282,SLICL,14,22,100,680,68000
201507012603281,SLICL,14,17,100,680,68000
201507012603213,SLICL,14,41,222,682,151404
201507012603207,SLICL,42,26,330,680,224400
201507012603508,SMFDB,58,29,169,1617,273273
201507012603594,SRBL,56,34,170,412,70040
201507012603585,SRBL,11,34,400,410,164000
201507012603222,SRBL,17,35,116,410,47560
201507012603638,SUPRME,13,11,21,159,3339
201507012603628,SUPRME,13,11,21,159,3339
201507012603529,SUPRME,32,11,21,156,3276
201507012603357,SUPRME,26,4,11,153,1683
201507012603347,SUPRME,41,4,21,153,3213
201507012603336,SUPRME,19,4,11,154,1694
201507012603235,SUPRME,26,37,200,156,31200
201507012603231,SUPRME,19,4,11,158,1738
201507012603171,SUPRME,32,59,53,155,8215
201507012603587,UIC,21,49,300,417,125100
201507012603586,UIC,7,49,40,420,16800
201507012603510,UIC,7,16,60,420,25200
201507012603293,UIC,25,16,20,422,8440
201507012603634,WDBL,44,51,940,300,282000
201507012603633,WDBL,44,28,100,300,30000
201507012603631,WDBL,44,44,13,300,3900
201507012603629,WDBL,44,44,13,300,3900
201507012603535,WDBL,36,1,236,295,69620
201507012603297,YETI,5,5,35,127,4445
201507012603276,YETI,5,5,23,127,2921
201507012603102,ADBL,5,41,40,408,16320
201507012603098,ADBL,5,41,40,408,16320
201507012603089,ADBL,5,26,40,408,16320
201507012603068,AHPC,52,52,90,323,29070
201507012603043,ALICL,1,54,84,1030,86520
201507012603012,ALICL,1,17,89,1030,91670
201507012603126,ARDBL,26,17,73,165,12045
201507012603125,ARDBL,17,17,73,166,12118
201507012603123,ARDBL,1,20,490,167,81830
201507012603133,CBL,19,34,27,271,7317
201507012603111,CBL,53,21,917,271,248507
201507012603083,CBL,19,28,100,273,27300
201507012603082,CBL,42,28,20,275,5500
201507012603036,CBL,11,28,110,276,30360
201507012602983,CBL,35,35,102,280,28560
201507012602982,CBL,35,11,329,275,90475
201507012603110,CCBL,25,50,39,320,12480
201507012603026,CCBL,25,50,31,326,10106
201507012603007,CCBL,25,39,32,326,10432
201507012603001,CCBL,43,11,24,323,7752
201507012602977,CCBL,43,58,13,320,4160
201507012602976,CCBL,43,58,10,320,3200
201507012603120,CHCL,36,56,300,1557,467100
201507012603118,CHCL,36,56,200,1553,310600
201507012603100,CHCL,34,56,200,1556,311200
201507012603086,CHCL,59,21,196,1555,304780
201507012603074,CHCL,32,21,294,1554,456876
201507012603028,CHCL,13,13,162,1554,251748
201507012603021,CHCL,14,26,50,1565,78250
201507012603042,CZBIL,56,41,167,455,75985
201507012602966,CZBIL,8,11,333,464,154512
201507012602965,CZBIL,8,11,80,464,37120
201507012603108,EBL,32,32,53,2090,110770
201507012603105,EBL,11,44,200,2110,422000
201507012603095,EBL,19,44,220,2104,462880
201507012603094,EBL,11,44,100,2105,210500
201507012603093,EBL,45,44,30,2105,63150
201507012603092,EBL,11,44,40,2115,84600
201507012602971,EBL,58,59,150,2125,318750
201507012602969,EBL,38,59,300,2126,637800
201507012603053,EBL,17,56,300,2110,633000
201507012603047,EBL,19,53,500,2108,1054000
201507012603041,EBL,58,16,45,2125,95625
201507012603025,EBL,57,59,100,2135,213500
201507012602987,EBL,19,59,100,2135,213500
201507012602972,EBL,10,59,200,2125,425000
201507012603090,EBL,41,56,200,2110,422000
201507012603088,EBL,11,56,500,2105,1052500
201507012603069,EBL,49,49,882,2108,1859256
201507012603067,EBL,11,56,100,2120,212000
201507012603058,EBL,11,56,100,2115,211500
201507012603107,GBIME,42,42,2000,449,898000
201507012603103,GBIME,42,42,4000,449,1796000
201507012603079,GBIME,16,16,50,451,22550
201507012603057,GBIME,29,29,880,446,392480
201507012603051,GBIME,11,59,83,446,37018
201507012603049,GBIME,17,59,200,445,89000
201507012603029,GBIME,37,59,100,447,44700
201507012603024,GBIME,29,47,51,456,23256
201507012603013,GBIME,51,59,500,448,224000
201507012603127,GLICL,3,48,10,588,5880
201507012603045,GLICL,45,25,200,600,120000
201507012603034,GLICL,41,48,125,594,74250
201507012603033,GLICL,41,3,10,594,5940
201507012603027,GLICL,41,37,46,594,27324
201507012602991,GLICL,25,3,14,583,8162
201507012602985,GLICL,25,11,55,583,32065
201507012603056,HBL,7,7,100,816,81600
201507012603020,HDL,16,16,100,555,55500
201507012602967,IDBL,26,26,11,177,1947
201507012602956,IDBL,26,26,11,174,1914
201507012603003,ILFC,35,3,21,154,3234
201507012603091,JBBL,39,41,32,162,5184
201507012603124,JBNL,5,14,500,275,137500
201507012602995,KADBL,16,16,10,364,3640
201507012603084,KBL,58,10,163,383,62429
201507012603071,KNBL,36,35,400,285,114000
201507012603081,LGIL,26,14,20,383,7660
201507012603140,LUBL,51,14,500,343,171500
201507012602999,MBL,36,20,1000,566,566000
201507012602978,MBL,20,20,2000,555,1110000
201507012602989,MLBBL,5,5,12,910,10920
201507012602986,MLBBL,5,5,12,910,10920
201507012602962,MNBBL,58,58,1500,521,781500
201507012602974,NABIL,3,45,79,1925,152075
201507012603054,NABILP,38,53,300,1320,396000
201507012603115,NBB,43,44,500,520,260000
201507012603104,NBB,43,48,540,520,280800
201507012603096,NBB,32,48,200,520,104000
201507012603075,NBB,56,57,491,520,255320
201507012603072,NBB,33,57,100,521,52100
201507012603070,NBB,38,48,15,521,7815
201507012602958,NBB,38,49,42,525,22050
201507012603060,NBB,33,44,500,521,260500
201507012603022,NBB,26,44,500,525,262500
201507012603006,NBB,56,44,915,520,475800
201507012602964,NBB,38,48,70,525,36750
201507012602963,NBB,38,48,200,525,105000
201507012602959,NBB,38,58,36,525,18900
201507012603119,NBL,34,43,1000,288,288000
201507012603018,NBL,38,47,100,290,29000
201507012603017,NBL,38,44,500,290,145000
201507012603122,NCCB,29,7,29,460,13340
201507012603121,NCCB,29,45,100,460,46000
201507012603080,NCCB,50,16,100,460,46000
201507012603078,NCCB,14,16,100,461,46100
201507012603061,NCCB,46,26,200,465,93000
201507012602981,NCCB,56,39,10,465,4650
201507012602968,NCCB,21,21,200,456,91200
201507012602957,NCCB,50,49,62,454,28148
201507012603106,NIB,55,19,100,720,72000
201507012603132,NLIC,33,53,50,2914,145700
201507012603131,NLIC,56,53,20,2915,58300
201507012603130,NLIC,6,53,20,2915,58300
201507012603129,NLIC,17,53,50,2920,146000
201507012603128,NLIC,19,53,60,2920,175200
201507012603112,NLIC,33,33,150,2925,438750
201507012603002,NLIC,5,34,200,2930,586000
201507012603048,NLIC,21,17,100,2935,293500
201507012603023,NLIC,33,28,100,2930,293000
201507012603011,NLIC,41,28,100,2900,290000
201507012603010,NLIC,59,28,300,2900,870000
201507012603009,NLIC,46,28,100,2905,290500
201507012603008,NLIC,39,28,30,2925,87750
201507012603134,NLICL,38,16,100,1945,194500
201507012603117,NLICL,49,57,6000,1949,11694000
201507012603055,NLICL,36,49,50,1950,97500
201507012603019,NLICL,5,3,71,1954,138734
201507012603016,NLICL,5,3,143,1954,279422
201507012603015,NLICL,5,11,100,1954,195400
201507012602980,NNFC,17,57,60,270,16200
201507012603040,OHL,38,17,70,622,43540
201507012603030,OHL,5,44,500,620,310000
201507012602994,OHL,41,41,10,615,6150
201507012602961,OHL,28,28,3000,610,1830000
201507012603059,PCBL,54,41,126,450,56700
201507012603014,PCBL,35,35,3109,455,1414595
201507012602970,PCBL,1,58,17,455,7735
201507012603063,PICL,39,3,10,404,4040
201507012603114,PLIC,17,49,80,1180,94400
201507012603087,PLIC,17,49,500,1177,588500
201507012603085,PLIC,17,44,102,1180,120360
201507012603077,PLIC,22,26,110,1176,129360
201507012603064,PLIC,8,26,24,1180,28320
201507012603046,PLIC,21,49,250,1180,295000
201507012603044,PLIC,39,44,112,1189,133168
201507012603035,PLIC,40,33,108,1190,128520
201507012602993,PLIC,21,44,229,1190,272510
201507012603039,PRDBL,39,21,10,153,1530
201507012603038,PRDBL,39,21,10,153,1530
201507012603037,PRDBL,39,21,10,153,1530
201507012603050,PRIN,32,3,100,413,41300
201507012603031,PRIN,5,52,100,410,41000
201507012603004,PRVU,46,3,11,326,3586
201507012603116,RBCL,41,32,55,5199,285945
201507012603138,RHPC,51,44,12,415,4980
201507012603137,RHPC,51,44,12,415,4980
201507012603136,RHPC,51,44,12,415,4980
201507012603135,RHPC,51,44,12,415,4980
201507012603113,RHPC,20,7,11,410,4510
201507012603065,RHPC,5,5,11,415,4565
201507012602979,RHPC,26,26,12,416,4992
201507012602975,RMDC,43,11,175,645,112875
201507012603052,SADBL,16,42,50,328,16400
201507012602992,SANIMA,14,7,62,571,35402
201507012602990,SANIMA,14,57,11,570,6270
201507012603076,SBI,41,53,50,910,45500
201507012603073,SBI,55,53,25,912,22800
201507012602960,SBI,36,11,240,908,217920
201507012603066,SIC,14,48,62,771,47802
201507012603032,SIC,14,48,100,785,78500
201507012603109,SLICL,35,42,100,687,68700
201507012603099,SLICL,17,33,300,687,206100
201507012603005,SLICL,28,22,12,701,8412
201507012603000,SLICL,28,39,34,701,23834
201507012602998,SLICL,28,39,34,700,23800
201507012602997,SLICL,28,22,50,695,34750
201507012602996,SLICL,28,37,30,695,20850
201507012602973,SLICL,43,49,42,688,28896
201507012602988,SUPRME,19,44,11,153,1683
201507012602984,SUPRME,19,44,11,153,1683
201507012603139,UFIL,33,25,220,138,30360
201507012603101,UIC,22,44,200,430,86000
201507012603097,UIC,22,39,17,429,7293
