contract,symbol,buyer,seller,qty,rate,amt
201506212590451,ADBL,57,36,40,415,16600
201506212590446,ADBL,57,45,200,415,83000
201506212590343,ADBL,25,25,50,416,20800
201506212590284,AHPC,55,50,280,318,89040
201506212590126,AHPC,36,5,330,316,104280
201506212590049,AHPC,39,50,17,314,5338
201506212590048,AHPC,40,38,500,314,157000
201506212590038,AHPC,32,21,23,315,7245
201506212590033,AHPC,51,35,200,314,62800
201506212590028,ALDBL,11,50,23,305,7015
201506212590401,ALICL,14,17,500,930,465000
201506212590399,ALICL,14,47,68,928,63104
201506212590292,APEX,10,32,945,122,115290
201506212590280,APEX,10,32,40,122,4880
201506212590273,APEX,46,32,40,122,4880
201506212590270,APEX,10,10,1000,122,122000
201506212590125,BHBL,38,8,200,270,54000
201506212590124,BHBL,58,8,50,270,13500
201506212590123,BHBL,38,8,100,275,27500
201506212590152,BHBL,38,17,400,265,106000
201506212590036,BLDBL,7,43,200,314,62800
201506212590442,CBBL,14,55,25,1660,41500
201506212590405,CBBL,10,55,100,1661,166100
201506212590383,CBBL,26,55,110,1662,182820
201506212590339,CBBL,26,55,80,1660,132800
201506212590320,CBBL,22,55,100,1660,166000
201506212590299,CBBL,26,55,110,1661,182710
201506212590441,CBL,16,16,88,264,23232
201506212590408,CBL,7,6,150,265,39750
201506212590390,CBL,7,5,17,264,4488
201506212590122,CBL,58,38,405,262,106110
201506212590072,CBL,8,35,335,261,87435
201506212590047,CBL,13,35,800,261,208800
201506212590045,CBL,17,46,17,262,4454
201506212590501,CCBL,16,35,1000,305,305000
201506212590398,CCBL,34,42,76,307,23332
201506212590371,CCBL,41,42,106,307,32542
201506212590365,CCBL,41,42,76,307,23332
201506212590347,CCBL,32,16,40,306,12240
201506212590087,CCBL,55,55,40,309,12360
201506212590297,CCBL,6,43,38,310,11780
201506212590295,CCBL,6,8,16,310,4960
201506212590239,CCBL,16,56,1072,305,326960
201506212590138,CCBL,43,44,100,306,30600
201506212590132,CCBL,13,44,100,307,30700
201506212590108,CCBL,55,28,122,308,37576
201506212590329,CCBL,45,16,40,305,12200
201506212590326,CCBL,45,16,40,305,12200
201506212590313,CCBL,55,44,400,309,123600
201506212590312,CCBL,55,44,10,309,3090
201506212590303,CCBL,6,35,1000,307,307000
201506212590298,CCBL,6,42,40,310,12400
201506212590444,CDBL,29,11,94,326,30644
201506212590439,CDBL,29,17,58,326,18908
201506212590438,CDBL,29,17,80,326,26080
201506212590437,CDBL,29,17,100,325,32500
201506212590374,CDBL,53,16,24,326,7824
201506212590348,CDBL,25,25,31,325,10075
201506212590097,CDBL,18,41,19,322,6118
201506212590032,CDBL,25,41,19,320,6080
201506212590029,CDBL,6,41,19,322,6118
201506212590279,CHCL,16,44,50,1498,74900
201506212590264,CHCL,10,38,84,1493,125412
201506212590252,CHCL,40,38,240,1493,358320
201506212590195,CHCL,49,44,50,1500,75000
201506212590172,CHCL,36,55,112,1495,167440
201506212590150,CHCL,49,10,50,1500,75000
201506212590148,CHCL,42,57,1000,1494,1494000
201506212590098,CSDBL,26,32,67,339,22713
201506212590496,CZBIL,33,42,500,440,220000
201506212590476,CZBIL,55,42,300,440,132000
201506212590475,CZBIL,14,42,100,440,44000
201506212590474,CZBIL,25,42,100,440,44000
201506212590473,CZBIL,49,42,500,441,220500
201506212590472,CZBIL,40,42,100,441,44100
201506212590102,CZBIL,16,6,25,444,11100
201506212590068,CZBIL,1,40,1000,440,440000
201506212590236,CZBIL,58,29,189,440,83160
201506212590233,CZBIL,32,29,189,440,83160
201506212590215,CZBIL,38,38,4064,444,1804416
201506212590196,CZBIL,33,29,600,440,264000
201506212590176,CZBIL,53,29,300,441,132300
201506212590468,CZBIL,16,17,23,443,10189
201506212590418,CZBIL,42,42,500,448,224000
201506212590316,CZBIL,40,40,500,441,220500
201506212590265,CZBIL,33,29,180,440,79200
201506212590256,CZBIL,39,29,452,440,198880
201506212590237,CZBIL,55,29,84,440,36960
201506212590262,DDBL,49,21,150,1105,165750
201506212590503,EBL,6,34,220,2020,444400
201506212590490,EBL,6,7,100,2019,201900
201506212590482,EBL,19,41,21,2020,42420
201506212590427,EBL,6,6,500,2011,1005500
201506212590373,EBL,45,3,100,2020,202000
201506212590069,EBL,57,50,151,2010,303510
201506212590063,EBL,56,56,448,2010,900480
201506212590013,EBL,47,38,36,2020,72720
201506212590012,EBL,47,17,30,2018,60540
201506212590372,EBL,49,3,100,2020,202000
201506212590209,EBL,19,5,12,2028,24336
201506212590159,EBL,54,6,490,2010,984900
201506212590147,EBL,16,25,30,2018,60540
201506212590144,EBL,11,25,50,2015,100750
201506212590109,EBL,37,34,102,2014,205428
201506212590497,EBLCP,58,16,12,983,11796
201506212590462,EKBL,17,48,33,287,9471
201506212590461,EKBL,17,48,33,287,9471
201506212590458,EKBL,17,48,33,287,9471
201506212590457,EKBL,17,48,33,287,9471
201506212590456,EKBL,17,48,33,287,9471
201506212590454,EKBL,17,5,99,286,28314
201506212590453,EKBL,17,5,200,286,57200
201506212590506,GBIME,29,49,800,446,356800
201506212590363,GBIME,8,51,500,448,224000
201506212590318,GBIME,22,49,250,448,112000
201506212590317,GBIME,46,49,200,449,89800
201506212590286,GBIME,8,51,500,448,224000
201506212590244,GBIME,22,51,72,450,32400
201506212590101,GBIME,42,38,100,452,45200
201506212590009,GBIME,42,42,5000,450,2250000
201506212590417,GDBL,49,39,200,315,63000
201506212590370,GLICL,25,18,125,500,62500
201506212590041,HAMA,22,39,40,146,5840
201506212590358,HBL,41,19,49,787,38563
201506212590230,HBL,13,13,615,780,479700
201506212590307,ICFC,17,11,35,250,8750
201506212590302,ICFC,17,1,173,250,43250
201506212590294,ICFC,20,57,1060,248,262880
201506212590287,ICFC,20,45,322,246,79212
201506212590160,ICFC,6,13,89,246,21894
201506212590058,ICFC,13,45,80,247,19760
201506212590283,IDBL,8,45,187,174,32538
201506212590107,ILFC,50,5,227,148,33596
201506212590193,JBNL,26,41,33,268,8844
201506212590404,JEFL,28,25,500,128,64000
201506212590061,JFL,17,57,93,376,34968
201506212590495,KAFIL,35,17,253,230,58190
201506212590494,KAFIL,35,48,100,227,22700
201506212590481,KAFIL,45,48,250,226,56500
201506212590396,KBBL,26,18,187,347,64889
201506212590377,KBBL,50,18,200,346,69200
201506212590375,KBBL,26,18,200,347,69400
201506212590488,KBL,42,6,200,373,74600
201506212590447,KBL,10,38,12,375,4500
201506212590440,KBL,10,38,50,375,18750
201506212590341,KBL,10,21,87,377,32799
201506212590323,KBL,10,47,92,375,34500
201506212590319,KBL,10,25,186,375,69750
201506212590311,KBL,10,5,200,372,74400
201506212590275,KBL,59,50,323,366,118218
201506212590178,KBL,10,41,57,370,21090
201506212590177,KBL,10,11,120,370,44400
201506212590164,KBL,10,26,126,370,46620
201506212590505,KCDBL,17,32,55,190,10450
201506212590412,KCDBL,22,14,10,187,1870
201506212590300,KCDBL,5,11,150,190,28500
201506212590274,KCDBL,22,32,10,191,1910
201506212590414,KDBL,39,29,128,143,18304
201506212590406,KDBL,28,29,488,143,69784
201506212590293,KDBL,28,29,481,143,68783
201506212590291,KDBL,32,21,57,144,8208
201506212590111,KMCDB,38,57,10,980,9800
201506212590186,KMCDB,11,25,10,1000,10000
201506212590185,KMCDB,11,25,10,1000,10000
201506212590184,KMCDB,11,25,10,1000,10000
201506212590183,KMCDB,11,32,10,990,9900
201506212590166,KMCDB,33,32,82,985,80770
201506212590165,KMCDB,33,48,10,985,9850
201506212590191,KMCDB,11,48,10,1000,10000
201506212590190,KMCDB,11,25,10,1000,10000
201506212590189,KMCDB,11,25,10,1000,10000
201506212590188,KMCDB,11,25,10,1000,10000
201506212590187,KMCDB,11,25,10,1000,10000
201506212590413,LICN,49,49,100,2289,228900
201506212590389,LICN,14,45,100,2252,225200
201506212590388,LICN,22,45,100,2253,225300
201506212590387,LICN,40,45,20,2260,45200
201506212590386,LICN,39,45,50,2275,113750
201506212590235,LICN,26,38,20,2290,45800
201506212590157,LICN,26,56,10,2290,22900
201506212590459,LUBL,6,25,13,332,4316
201506212590340,LUBL,45,29,1000,332,332000
201506212590282,LUBL,19,29,1000,331,331000
201506212590245,LUBL,42,35,418,331,138358
201506212590208,LUBL,36,38,500,333,166500
201506212590169,LUBL,53,29,172,331,56932
201506212590162,LUBL,6,29,480,332,159360
201506212590133,LUBL,47,17,26,333,8658
201506212590129,LUBL,47,17,30,333,9990
201506212590112,LUBL,45,17,500,334,167000
201506212590110,LUBL,13,13,110,334,36740
201506212590019,LUBL,39,17,39,335,13065
201506212590499,MBL,13,7,300,550,165000
201506212590426,MBL,57,55,200,548,109600
201506212590410,MBL,49,34,500,548,274000
201506212590197,MBL,49,19,740,549,406260
201506212590175,MBL,49,19,300,549,164700
201506212590171,MBL,57,51,138,550,75900
201506212590170,MBL,33,19,1000,547,547000
201506212590106,MBL,49,51,33,550,18150
201506212590011,MBL,51,14,286,551,157586
201506212590342,MDB,25,14,435,480,208800
201506212590271,MDBL,46,25,302,223,67346
201506212590448,NABIL,3,19,100,1875,187500
201506212590411,NABIL,40,39,99,1860,184140
201506212590146,NABIL,22,35,237,1860,440820
201506212590493,NBB,42,17,10,495,4950
201506212590452,NBB,43,25,90,491,44190
201506212590272,NBB,6,17,450,495,222750
201506212590174,NBB,38,38,105,494,51870
201506212590034,NBB,38,5,127,490,62230
201506212590247,NBB,54,6,525,490,257250
201506212590234,NBB,6,6,1000,490,490000
201506212590225,NBB,53,50,118,491,57938
201506212590216,NBB,39,17,150,495,74250
201506212590213,NBF1,49,28,1199,13,15587
201506212590479,NBL,41,44,500,277,138500
201506212590128,NBL,26,43,352,277,97504
201506212590119,NBL,44,5,1000,275,275000
201506212590114,NBL,29,5,1000,275,275000
201506212590091,NBL,44,16,750,275,206250
201506212590055,NBL,32,43,1000,276,276000
201506212590014,NBL,43,16,500,276,138000
201506212590471,NCCB,56,56,82,590,48380
201506212590470,NCCB,14,6,42,591,24822
201506212590469,NCCB,8,32,500,587,293500
201506212590466,NCCB,56,53,315,590,185850
201506212590465,NCCB,56,56,700,589,412300
201506212590464,NCCB,56,17,700,588,411600
201506212590075,NCCB,21,43,100,592,59200
201506212590066,NCCB,5,3,200,593,118600
201506212590056,NCCB,5,3,100,593,59300
201506212590118,NCCB,26,3,70,593,41510
201506212590105,NCCB,36,56,1000,591,591000
201506212590100,NCCB,36,25,500,592,296000
201506212590099,NCCB,36,56,500,592,296000
201506212590090,NCCB,26,28,200,593,118600
201506212590089,NCCB,26,3,30,593,17790
201506212590199,NCCB,39,52,121,590,71390
201506212590180,NCCB,21,3,150,592,88800
201506212590167,NCCB,21,3,10,592,5920
201506212590163,NCCB,54,5,500,590,295000
201506212590155,NCCB,39,48,260,590,153400
201506212590121,NCCB,5,56,300,593,177900
201506212590261,NCCB,29,56,100,590,59000
201506212590260,NCCB,32,56,50,590,29500
201506212590259,NCCB,11,56,50,590,29500
201506212590258,NCCB,17,56,100,591,59100
201506212590221,NCCB,29,5,200,590,118000
201506212590219,NCCB,26,5,200,590,118000
201506212590424,NCCB,39,56,300,588,176400
201506212590423,NCCB,13,56,600,588,352800
201506212590422,NCCB,44,56,480,588,282240
201506212590421,NCCB,44,10,20,588,11760
201506212590356,NCCB,41,5,500,589,294500
201506212590325,NCCB,58,56,200,590,118000
201506212590502,NHPC,25,38,400,115,46000
201506212590491,NHPC,5,38,100,115,11500
201506212590436,NHPC,32,38,200,115,23000
201506212590435,NHPC,19,53,500,115,57500
201506212590434,NHPC,21,38,500,116,58000
201506212590430,NHPC,13,5,1000,115,115000
201506212590080,NHPC,45,38,500,115,57500
201506212590079,NHPC,19,38,500,115,57500
201506212590078,NHPC,51,38,1000,116,116000
201506212590077,NHPC,42,38,500,116,58000
201506212590076,NHPC,39,38,500,117,58500
201506212590086,NHPC,47,38,1000,114,114000
201506212590085,NHPC,8,38,6000,114,684000
201506212590084,NHPC,6,38,6000,114,684000
201506212590083,NHPC,43,38,1000,114,114000
201506212590082,NHPC,36,38,1000,115,115000
201506212590081,NHPC,36,38,1000,115,115000
201506212590381,NHPC,49,38,500,116,58000
201506212590380,NHPC,49,38,500,116,58000
201506212590364,NHPC,25,38,100,117,11700
201506212590351,NHPC,45,56,1000,115,115000
201506212590232,NHPC,25,38,100,116,11600
201506212590120,NHPC,28,38,500,115,57500
201506212590508,NIB,44,45,264,699,184536
201506212590480,NIB,11,44,675,699,471825
201506212590281,NIB,42,26,74,700,51800
201506212590153,NIB,11,11,300,695,208500
201506212590395,NIBPO,17,49,50,500,25000
201506212590394,NIBPO,17,49,100,500,50000
201506212590393,NIBPO,53,49,200,501,100200
201506212590392,NIBPO,51,49,50,503,25150
201506212590250,NIBPO,26,10,200,502,100400
201506212590246,NIBPO,32,10,300,501,150300
201506212590500,NICA,13,11,19,615,11685
201506212590478,NICA,13,17,39,615,23985
201506212590449,NICA,26,18,74,611,45214
201506212590400,NICA,44,18,500,611,305500
201506212590361,NICA,22,18,1000,608,608000
201506212590357,NICA,32,1,34,615,20910
201506212590194,NICA,13,1,34,614,20876
201506212590354,NICA,21,18,200,612,122400
201506212590350,NICA,42,18,300,611,183300
201506212590314,NICA,29,5,69,612,42228
201506212590310,NICA,47,5,69,612,42228
201506212590214,NICA,32,1,34,614,20876
201506212590207,NICA,32,1,34,614,20876
201506212590504,NLG,32,32,20,503,10060
201506212590241,NLG,14,32,100,501,50100
201506212590240,NLG,14,32,100,501,50100
201506212590151,NLG,56,32,20,511,10220
201506212590463,NLIC,55,28,100,2715,271500
201506212590416,NLIC,39,28,200,2720,544000
201506212590409,NLIC,6,28,600,2707,1624200
201506212590407,NLIC,6,28,200,2715,543000
201506212590376,NLIC,40,28,120,2717,326040
201506212590301,NLIC,41,28,200,2716,543200
201506212590161,NLIC,56,28,165,2710,447150
201506212590156,NLIC,21,28,18,2715,48870
201506212590145,NLIC,6,37,100,2715,271500
201506212590140,NLIC,44,28,500,2706,1353000
201506212590024,NLIC,51,35,20,2710,54200
201506212590064,NMBSF1,13,13,4800,10,45600
201506212590023,NMBSF1,13,13,4800,10,45600
201506212590021,NMBSF1,13,13,4800,10,45600
201506212590010,NMBSF1,13,13,4800,10,45600
201506212590425,NNFC,29,21,500,268,134000
201506212590382,NNFC,29,45,200,264,52800
201506212590369,NNFC,29,11,274,260,71240
201506212590492,NTC,17,21,300,608,182400
201506212590415,NTC,59,21,500,605,302500
201506212590255,NTC,25,25,100,606,60600
201506212590182,NTC,59,5,200,607,121400
201506212590154,NTC,25,5,200,606,121200
201506212590212,NTC,59,5,200,609,121800
201506212590211,NTC,59,7,100,608,60800
201506212590229,NUBL,58,44,100,1200,120000
201506212590227,NUBL,58,57,91,1200,109200
201506212590139,NUBL,45,45,60,1199,71940
201506212590117,NUBL,45,44,100,1190,119000
201506212590257,OFL,28,28,100,319,31900
201506212590242,OFL,13,59,1000,318,318000
201506212590231,OFL,28,28,1077,319,343563
201506212590355,OHL,37,4,40,616,24640
201506212590336,OHL,25,25,20,628,12560
201506212590327,PADBL,6,25,50,475,23750
201506212590309,PADBL,6,42,30,484,14520
201506212590433,PCBL,22,17,30,446,13380
201506212590397,PCBL,50,17,30,444,13320
201506212590391,PCBL,50,17,30,444,13320
201506212590385,PCBL,50,17,30,444,13320
201506212590278,PCBL,46,48,180,442,79560
201506212590222,PCBL,13,13,64,444,28416
201506212590050,PCBL,51,48,300,443,132900
201506212590044,PCBL,8,48,270,444,119880
201506212590040,PCBL,8,17,30,444,13320
201506212590200,PCBL,10,17,30,444,13320
201506212590198,PCBL,42,42,100,443,44300
201506212590192,PCBL,43,42,100,443,44300
201506212590096,PCBL,57,16,103,443,45629
201506212590054,PCBL,13,17,30,443,13290
201506212590053,PCBL,51,48,200,443,88600
201506212590218,PCBL,10,42,258,444,114552
201506212590205,PCBL,10,10,226,444,100344
201506212590204,PCBL,10,17,30,444,13320
201506212590203,PCBL,10,17,30,444,13320
201506212590202,PCBL,10,17,30,444,13320
201506212590201,PCBL,10,17,30,444,13320
201506212590345,PFC,32,32,624,257,160368
201506212590352,PIC,39,22,35,515,18025
201506212590338,PIC,39,1,10,525,5250
201506212590288,PLIC,16,16,20,1051,21020
201506212590276,PLIC,43,16,154,1050,161700
201506212590181,PLIC,53,16,100,1050,105000
201506212590116,PLIC,53,16,80,1050,84000
201506212590115,PLIC,44,16,20,1053,21060
201506212590095,PLIC,53,32,40,1050,42000
201506212590094,PLIC,53,32,40,1050,42000
201506212590093,PLIC,44,32,40,1053,42120
201506212590321,PRVU,17,38,12,323,3876
201506212590308,PRVU,28,38,12,322,3864
201506212590285,PRVU,38,52,44,322,14168
201506212590226,PRVU,11,58,11,321,3531
201506212590206,PRVU,59,58,753,321,241713
201506212590173,PRVU,7,38,12,322,3864
201506212590158,PRVU,45,20,179,322,57638
201506212590149,PRVU,17,38,12,323,3876
201506212590092,PRVU,17,53,12,323,3876
201506212590332,PURBL,56,50,300,315,94500
201506212590073,RBS,38,6,30,5100,153000
201506212590103,REDBL,36,50,17,201,3417
201506212590306,RHPC,45,42,12,421,5052
201506212590305,RHPC,45,42,12,421,5052
201506212590304,RHPC,45,42,12,421,5052
201506212590296,RHPC,45,11,103,420,43260
201506212590137,RHPC,16,51,10,424,4240
201506212590136,RHPC,16,51,10,424,4240
201506212590135,RHPC,16,51,10,424,4240
201506212590134,RHPC,16,51,10,424,4240
201506212590130,RHPC,16,42,12,421,5052
201506212590127,RHPC,16,42,12,421,5052
201506212590113,RHPC,16,42,12,421,5052
201506212590489,SANIMA,59,34,346,547,189262
201506212590460,SANIMA,39,25,110,550,60500
201506212590402,SANIMA,6,50,500,546,273000
201506212590384,SANIMA,22,51,500,545,272500
201506212590366,SANIMA,7,5,29,549,15921
201506212590333,SANIMA,5,20,1100,545,599500
201506212590277,SANIMA,11,25,212,545,115540
201506212590248,SANIMA,11,25,232,545,126440
201506212590060,SANIMA,48,34,150,548,82200
201506212590035,SANIMA,29,19,22,547,12034
201506212590018,SANIMA,4,34,100,547,54700
201506212590017,SANIMA,22,19,1000,543,543000
201506212590330,SBI,22,11,180,880,158400
201506212590324,SBI,52,6,86,880,75680
201506212590315,SBI,22,52,200,879,175800
201506212590217,SBI,6,10,241,879,211839
201506212590445,SBL,19,16,62,649,40238
201506212590266,SBL,53,53,130,646,83980
201506212590062,SBL,8,14,500,646,323000
201506212590059,SBL,47,57,68,649,44132
201506212590025,SBL,25,19,52,651,33852
201506212590450,SCB,49,21,100,1880,188000
201506212590432,SCB,28,3,20,1905,38100
201506212590431,SCB,28,22,50,1905,95250
201506212590353,SCB,44,11,100,1890,189000
201506212590346,SCB,44,3,130,1900,247000
201506212590254,SCB,44,14,42,1905,80010
201506212590141,SCB,16,25,94,1900,178600
201506212590210,SEOS,17,17,11000,10,104500
201506212590074,SEOS,40,47,1500,10,14400
201506212590362,SEWA,16,16,62,266,16492
201506212590360,SEWA,16,16,37,266,9842
201506212590168,SEWA,16,16,140,262,36680
201506212590065,SEWA,48,57,61,264,16104
201506212590037,SEWA,14,16,37,263,9731
201506212590031,SEWA,6,16,37,262,9694
201506212590026,SEWA,40,16,37,263,9731
201506212590022,SEWA,13,16,37,264,9768
201506212590020,SEWA,14,16,37,265,9805
201506212590243,SFL,8,45,298,134,39932
201506212590228,SFL,28,45,479,134,64186
201506212590289,SHBL,21,45,200,1261,252200
201506212590498,SHINE,43,17,300,330,99000
201506212590403,SHPC,52,5,18,663,11934
201506212590269,SHPC,45,32,18,660,11880
201506212590268,SHPC,45,32,18,660,11880
201506212590267,SHPC,45,32,18,660,11880
201506212590223,SHPC,45,32,18,660,11880
201506212590220,SHPC,4,32,18,661,11898
201506212590507,SIFC,8,28,183,340,62220
201506212590429,SKBBL,17,13,12,1270,15240
201506212590322,SKBBL,17,13,38,1275,48450
201506212590088,SKBBL,26,13,12,1280,15360
201506212590443,SLICL,48,16,32,543,17376
201506212590420,SLICL,56,5,34,535,18190
201506212590455,SMFDB,45,57,100,1580,158000
201506212590104,SMFDB,47,47,92,1581,145452
201506212590349,SODBL,52,45,500,108,54000
201506212590487,SRBL,56,29,1000,400,400000
201506212590486,SRBL,59,29,200,400,80000
201506212590485,SRBL,11,29,100,400,40000
201506212590484,SRBL,56,29,200,401,80200
201506212590483,SRBL,46,29,100,401,40100
201506212590477,SRBL,52,29,75,402,30150
201506212590419,SUBBL,6,55,99,261,25839
201506212590367,SUBBL,5,41,76,261,19836
201506212590071,SUBBL,5,42,40,260,10400
201506212590467,SWBBL,32,21,110,1530,168300
201506212590359,SWBBL,17,13,43,1540,66220
201506212590253,SWBBL,55,20,100,1550,155000
201506212590131,SWBBL,32,45,77,1550,119350
201506212590335,SYFL,13,4,1000,93,93000
201506212590179,SYFL,25,32,500,94,47000
201506212590328,UNL,44,13,50,19880,994000
201506212590290,YETI,25,52,30,127,3810
201506212590057,YETI,59,59,20,129,2580
201506212589975,ADBL,19,6,40,415,16600
201506212589974,ADBL,19,6,40,415,16600
201506212589915,ADBL,53,41,400,415,166000
201506212589874,ADBL,47,47,31,413,12803
201506212589985,AHPC,11,21,23,316,7268
201506212589695,AHPC,48,39,107,316,33812
201506212589694,AHPC,11,39,90,316,28440
201506212589693,AHPC,39,39,90,316,28440
201506212589613,AHPC,16,50,21,321,6741
201506212589608,AHPC,26,57,46,317,14582
201506212589534,AHPC,11,5,52,322,16744
201506212589876,ALDBL,25,1,94,308,28952
201506212589872,ALDBL,25,1,47,307,14429
201506212589641,ALDBL,48,26,11,305,3355
201506212589948,ALICL,50,41,15,925,13875
201506212589862,ALICL,33,41,15,925,13875
201506212589928,APEX,46,10,140,122,17080
201506212589818,APEX,14,14,22,121,2662
201506212589815,APEX,39,20,40,120,4800
201506212589812,APEX,38,20,30,120,3600
201506212589811,APEX,38,20,30,120,3600
201506212589809,APEX,38,20,40,120,4800
201506212589592,APEX,38,57,20,122,2440
201506212589616,BHBL,48,16,10,280,2800
201506212589546,BHBL,50,17,1000,275,275000
201506212589950,CBBL,26,57,200,1670,334000
201506212589906,CBBL,21,57,100,1666,166600
201506212589901,CBBL,26,6,105,1667,175035
201506212589858,CBBL,26,57,100,1670,167000
201506212589801,CBBL,22,41,100,1660,166000
201506212589752,CBBL,14,14,37,1660,61420
201506212589736,CBBL,26,53,264,1665,439560
201506212589668,CBBL,26,7,98,1660,162680
201506212589595,CBBL,26,19,30,1660,49800
201506212589995,CBL,32,32,304,262,79648
201506212589958,CBL,38,38,110,262,28820
201506212589944,CBL,54,57,59,262,15458
201506212589931,CBL,51,36,86,263,22618
201506212589887,CBL,13,35,153,264,40392
201506212589880,CBL,13,38,110,264,29040
201506212589600,CBL,48,56,57,266,15162
201506212589556,CBL,13,56,57,265,15105
201506212589552,CBL,8,56,57,265,15105
201506212589705,CBL,48,39,163,262,42706
201506212589702,CBL,49,39,163,262,42706
201506212589701,CBL,38,39,163,262,42706
201506212589700,CBL,16,39,163,263,42869
201506212589609,CBL,48,21,59,267,15753
201506212589607,CBL,48,4,29,267,7743
201506212589843,CBL,25,38,100,261,26100
201506212589830,CBL,49,38,1000,262,262000
201506212589829,CBL,16,38,20,264,5280
201506212589749,CBL,44,38,221,269,59449
201506212589729,CBL,40,44,214,264,56496
201506212589715,CBL,47,46,17,265,4505
201506212590007,CCBL,55,18,40,309,12360
201506212590006,CCBL,55,18,40,309,12360
201506212590005,CCBL,55,18,40,309,12360
201506212589972,CCBL,42,18,40,308,12320
201506212589877,CCBL,40,40,10,306,3060
201506212589835,CCBL,49,35,420,305,128100
201506212589577,CCBL,13,56,10,310,3100
201506212589576,CCBL,22,38,45,308,13860
201506212589569,CCBL,22,18,40,308,12320
201506212589555,CCBL,50,5,200,307,61400
201506212589553,CCBL,16,18,40,309,12360
201506212589517,CCBL,25,43,100,310,31000
201506212589638,CCBL,8,44,1000,305,305000
201506212589637,CCBL,6,44,500,306,153000
201506212589581,CCBL,16,56,20,309,6180
201506212589580,CCBL,13,56,10,309,3090
201506212589579,CCBL,11,56,30,309,9270
201506212589578,CCBL,8,56,30,309,9270
201506212589825,CCBL,26,47,153,307,46971
201506212589738,CCBL,39,35,1000,305,305000
201506212589713,CCBL,49,8,40,303,12120
201506212589706,CCBL,35,35,1000,305,305000
201506212589640,CCBL,39,44,2000,305,610000
201506212589639,CCBL,48,44,500,305,152500
201506212589981,CDBL,11,13,24,320,7680
201506212589970,CDBL,6,41,38,322,12236
201506212589968,CDBL,25,41,38,321,12198
201506212589879,CDBL,25,42,38,320,12160
201506212589823,CDBL,25,1,48,322,15456
201506212589821,CDBL,11,42,38,320,12160
201506212589820,CDBL,25,50,19,322,6118
201506212589778,CDBL,48,33,24,321,7704
201506212589663,CDBL,18,50,19,322,6118
201506212589644,CDBL,18,47,72,326,23472
201506212589536,CDBL,1,39,10,322,3220
201506212589547,CFCL,14,21,502,169,84838
201506212590004,CHCL,4,50,28,1500,42000
201506212589881,CHCL,50,39,113,1496,169048
201506212589853,CHCL,8,42,112,1491,166992
201506212589842,CHCL,49,57,1190,1490,1773100
201506212589836,CHCL,1,41,40,1493,59720
201506212589824,CHCL,29,44,100,1495,149500
201506212589509,CHCL,38,38,85,1501,127585
201506212589664,CHCL,49,58,350,1490,521500
201506212589652,CHCL,49,58,473,1490,704770
201506212589628,CHCL,25,25,219,1494,327186
201506212589623,CHCL,4,58,133,1495,198835
201506212589610,CHCL,4,5,20,1498,29960
201506212589587,CHCL,7,28,70,1498,104860
201506212589781,CHCL,49,16,198,1490,295020
201506212589771,CHCL,45,16,198,1490,295020
201506212589768,CHCL,42,16,198,1491,295218
201506212589682,CHCL,49,49,3000,1499,4497000
201506212589680,CHCL,49,25,79,1499,118421
201506212589677,CHCL,21,58,150,1490,223500
201506212589878,CZBIL,45,42,24,441,10584
201506212589597,CZBIL,33,40,1000,438,438000
201506212589594,CZBIL,53,40,1000,439,439000
201506212589572,CZBIL,33,40,1000,439,439000
201506212589557,CZBIL,33,40,366,439,160674
201506212589544,CZBIL,16,40,80,442,35360
201506212589542,CZBIL,53,42,500,440,220000
201506212589535,CZBIL,45,40,200,440,88000
201506212589526,CZBIL,8,42,280,436,122080
201506212589521,CZBIL,43,43,95,441,41895
201506212589810,DDBL,47,5,200,1105,221000
201506212589936,EBL,6,6,200,2011,402200
201506212589917,EBL,47,22,207,2019,417933
201506212589753,EBL,20,6,10,2040,20400
201506212589571,EBL,21,6,39,2020,78780
201506212589560,EBL,34,5,28,2018,56504
201506212589766,EDBL,25,1,127,560,71120
201506212589998,EKBL,45,16,10,282,2820
201506212589993,EKBL,45,16,10,282,2820
201506212589991,EKBL,45,16,10,282,2820
201506212589969,EKBL,45,16,10,282,2820
201506212589952,EKBL,45,16,10,282,2820
201506212589949,EKBL,45,16,10,282,2820
201506212589522,EKBL,50,57,65,281,18265
201506212589916,EKBL,45,16,10,282,2820
201506212589912,EKBL,45,16,10,282,2820
201506212589909,EKBL,45,16,10,282,2820
201506212589626,EKBL,17,18,56,281,15736
201506212589602,EKBL,17,5,65,280,18200
201506212589601,EKBL,50,5,65,280,18200
201506212589946,EKBL,45,16,10,282,2820
201506212589940,EKBL,45,16,10,282,2820
201506212589937,EKBL,45,16,10,282,2820
201506212589935,EKBL,45,16,10,282,2820
201506212589930,EKBL,45,16,10,282,2820
201506212589925,EKBL,45,16,10,282,2820
201506212589585,GABL,45,45,20,236,4720
201506212589649,GBIME,6,38,100,456,45600
201506212589624,GBIME,16,38,60,458,27480
201506212589512,GBIME,40,49,200,458,91600
201506212589511,GBIME,36,49,40,465,18600
201506212589539,GDBL,11,42,805,309,248745
201506212589676,GDBL,6,28,120,313,37560
201506212589790,GLICL,36,17,27,503,13581
201506212589782,GLICL,36,17,28,503,14084
201506212589776,GLICL,36,5,48,503,24144
201506212589584,GLICL,17,17,30,503,15090
201506212589540,GLICL,19,56,90,501,45090
201506212589787,HAMA,47,39,40,144,5760
201506212589634,HAMA,17,52,60,142,8520
201506212589630,HAMA,17,52,110,142,15620
201506212589599,HAMA,40,39,40,142,5680
201506212589598,HAMA,40,39,40,142,5680
201506212589895,HBL,58,13,14,787,11018
201506212589759,HBL,32,19,100,790,79000
201506212589737,HBL,55,5,15,794,11910
201506212589847,HBL,25,25,694,780,541320
201506212589769,HBL,32,5,11,795,8745
201506212589740,ICFC,49,13,89,247,21983
201506212589739,ICFC,49,13,89,247,21983
201506212589772,ICFCPO,49,19,9838,135,1328130
201506212589819,IDBL,8,48,112,173,19376
201506212589627,IDBL,45,56,319,172,54868
201506212589625,IDBL,39,45,570,173,98610
201506212589591,IDBL,16,43,120,172,20640
201506212589568,IDBL,16,58,300,170,51000
201506212589529,IDBL,7,42,474,167,79158
201506212589793,ILFC,17,14,168,148,24864
201506212589645,ILFC,50,22,480,149,71520
201506212589524,ILFC,44,22,120,150,18000
201506212589996,JBBL,18,18,10,163,1630
201506212589987,JBBL,18,18,10,163,1630
201506212589920,JBNL,32,17,70,267,18690
201506212589919,JBNL,32,17,40,267,10680
201506212589816,JBNL,45,21,500,263,131500
201506212589763,JBNL,13,21,27,265,7155
201506212589543,JBNL,16,57,27,270,7290
201506212589757,JFL,17,42,160,376,60160
201506212589851,KAFIL,34,20,113,227,25651
201506212589674,KAFIL,45,45,301,225,67725
201506212589669,KAFIL,45,21,132,225,29700
201506212589636,KAFIL,13,57,17,225,3825
201506212589633,KAFIL,13,51,180,224,40320
201506212589703,KBBL,26,7,110,350,38500
201506212589994,KBL,33,33,300,369,110700
201506212589938,KBL,44,49,1850,368,680800
201506212589854,KBL,10,29,300,365,109500
201506212589723,KBL,10,21,313,370,115810
201506212589722,KBL,10,22,280,370,103600
201506212589721,KBL,10,43,500,370,185000
201506212589564,KBL,6,5,200,363,72600
201506212589561,KBL,6,5,300,363,108900
201506212589558,KBL,6,5,50,366,18300
201506212589537,KBL,45,5,188,367,68996
201506212589720,KBL,10,33,3308,369,1220652
201506212589719,KBL,10,51,500,368,184000
201506212589718,KBL,10,5,400,367,146800
201506212589717,KBL,10,52,64,366,23424
201506212589632,KBL,42,38,109,362,39458
201506212589567,KBL,21,5,150,363,54450
201506212589979,KDBL,28,25,43,143,6149
201506212589973,KDBL,28,25,43,143,6149
201506212589961,KDBL,25,25,43,141,6063
201506212589933,KDBL,25,25,43,141,6063
201506212589908,KDBL,25,25,43,141,6063
201506212589907,KDBL,25,25,43,141,6063
201506212589845,KDBL,18,18,21,141,2961
201506212589618,KDBL,28,35,85,140,11900
201506212589525,KDBL,39,38,21,141,2961
201506212589711,KNBL,28,6,10,283,2830
201506212589614,KNBL,28,57,10,283,2830
201506212589955,LFLC,50,39,57,192,10944
201506212589679,LICN,53,42,21,2250,47250
201506212589989,LUBL,47,13,256,334,85504
201506212589960,LUBL,39,41,130,335,43550
201506212589606,LUBL,47,13,110,331,36410
201506212589605,LUBL,38,13,256,329,84224
201506212589551,LUBL,25,13,110,335,36850
201506212589530,LUBL,56,13,14,337,4718
201506212589896,MBL,19,49,21,550,11550
201506212589827,MBL,19,17,60,550,33000
201506212589758,MBL,25,25,20,550,11000
201506212589747,MBL,19,28,87,550,47850
201506212589611,MBL,7,5,16,555,8880
201506212589582,MBL,7,5,100,548,54800
201506212589538,MBL,49,42,500,547,273500
201506212589990,MDBL,41,43,288,227,65376
201506212589978,MDBL,58,17,500,225,112500
201506212589734,METRO,26,17,500,319,159500
201506212589732,METRO,32,17,86,320,27520
201506212589659,METRO,26,36,20,325,6500
201506212589658,METRO,26,36,20,325,6500
201506212589657,METRO,26,36,20,325,6500
201506212589656,METRO,26,36,20,325,6500
201506212589655,METRO,26,36,20,325,6500
201506212589848,MFIL,55,13,78,187,14586
201506212589629,MLBBL,53,8,15,869,13035
201506212589817,MNBBL,25,57,26,540,14040
201506212589992,MTBL,45,48,97,310,30070
201506212589988,NBB,33,13,190,491,93290
201506212589965,NBB,38,6,500,490,245000
201506212589947,NBB,10,6,1000,490,490000
201506212589865,NBB,25,6,500,490,245000
201506212589653,NBB,53,35,400,491,196400
201506212589650,NBB,53,35,175,492,86100
201506212589767,NBB,56,45,200,491,98200
201506212589704,NBB,57,17,82,494,40508
201506212589696,NBB,57,5,260,494,128440
201506212589691,NBB,53,35,300,491,147300
201506212589685,NBB,36,38,48,495,23760
201506212589792,NBB,38,38,80,491,39280
201506212589785,NBB,38,45,100,490,49000
201506212589784,NBB,38,45,300,490,147000
201506212589783,NBB,6,45,100,491,49100
201506212589780,NBB,38,45,200,490,98000
201506212589841,NBBL,47,8,45,1846,83070
201506212589709,NBBL,47,55,43,1883,80969
201506212589756,NBF1,29,21,1498,13,19474
201506212589754,NBF1,29,21,7886,13,102518
201506212589957,NBL,44,16,1000,275,275000
201506212589954,NBL,14,42,200,276,55200
201506212589953,NBL,28,28,1000,276,276000
201506212589941,NBL,38,28,1000,276,276000
201506212589852,NBL,47,48,100,275,27500
201506212589849,NBL,41,48,300,276,82800
201506212589789,NBL,38,34,300,276,82800
201506212589770,NBL,38,38,100,276,27600
201506212589751,NBL,38,48,100,279,27900
201506212589692,NBL,11,8,150,275,41250
201506212589666,NBL,44,14,1000,275,275000
201506212589518,NBL,38,14,200,280,56000
201506212590001,NCCB,41,3,70,593,41510
201506212589913,NCCB,32,55,450,590,265500
201506212589900,NCCB,14,22,53,592,31376
201506212589893,NCCB,21,22,1000,591,591000
201506212589892,NCCB,21,22,240,592,142080
201506212589886,NCCB,47,3,90,593,53370
201506212589566,NCCB,26,28,1000,590,590000
201506212589515,NCCB,14,56,110,593,65230
201506212589514,NCCB,14,17,300,592,177600
201506212589686,NCCB,45,14,100,595,59500
201506212589665,NCCB,14,25,105,591,62055
201506212589661,NCCB,45,56,100,595,59500
201506212589646,NCCB,48,5,500,594,297000
201506212589593,NCCB,39,36,294,593,174342
201506212589588,NCCB,1,48,100,591,59100
201506212589761,NCCB,26,14,100,595,59500
201506212589755,NCCB,47,25,105,593,62265
201506212589750,NCCB,11,10,42,594,24948
201506212589744,NCCB,21,42,306,592,181152
201506212589735,NCCB,56,5,500,594,297000
201506212589699,NCCB,21,5,500,594,297000
201506212589885,NCCB,11,3,70,593,41510
201506212589884,NCCB,17,3,100,593,59300
201506212589883,NCCB,19,3,40,593,23720
201506212589882,NCCB,26,3,10,595,5950
201506212589867,NCCB,29,28,339,593,201027
201506212589859,NCCB,21,42,225,592,133200
201506212589980,NHPC,49,16,1000,116,116000
201506212589648,NHPC,6,45,500,118,59000
201506212589866,NIB,25,22,153,700,107100
201506212589748,NIB,49,49,70,700,49000
201506212589741,NIB,11,29,21,700,14700
201506212589728,NIB,40,29,250,698,174500
201506212589984,NIBPO,40,35,500,500,250000
201506212589977,NIBPO,39,49,100,505,50500
201506212589934,NIBPO,42,42,8000,503,4024000
201506212589860,NIBPO,56,35,1000,500,500000
201506212589586,NIBPO,53,55,100,500,50000
201506212589870,NICA,11,11,110,610,67100
201506212589806,NICA,49,41,65,613,39845
201506212589797,NICA,49,16,22,613,13486
201506212589775,NICA,42,41,15,612,9180
201506212589774,NICA,42,13,180,612,110160
201506212589712,NICA,59,41,353,611,215683
201506212589690,NICA,48,18,500,610,305000
201506212589689,NICA,13,18,100,610,61000
201506212589688,NICA,53,18,200,611,122200
201506212589683,NICA,55,41,167,612,102204
201506212589670,NICA,11,44,115,612,70380
201506212589532,NICA,6,6,151,615,92865
201506212589945,NLBBL,53,6,100,1151,115100
201506212589942,NLBBL,17,6,100,1152,115200
201506212589929,NLBBL,53,45,50,1151,57550
201506212589926,NLBBL,41,45,100,1155,115500
201506212590008,NLIC,44,56,370,2706,1001220
201506212589889,NLIC,51,34,26,2710,70460
201506212589869,NLICL,17,41,88,1690,148720
201506212589673,NLICL,6,26,51,1690,86190
201506212589999,NMBSF1,13,54,700,10,6650
201506212589773,NNFC,58,11,500,260,130000
201506212589873,NTC,8,17,200,606,121200
201506212589863,NTC,59,1,600,605,363000
201506212589697,NTC,25,42,400,607,242800
201506212589807,NTC,25,25,465,608,282720
201506212589660,OFL,17,48,400,318,127200
201506212589654,OFL,13,17,301,321,96621
201506212589559,OFL,17,32,113,320,36160
201506212589786,OHL,43,21,10,639,6390
201506212589777,OHL,43,21,40,639,25560
201506212589951,PCBL,8,34,15,444,6660
201506212589911,PCBL,13,28,360,444,159840
201506212589796,PCBL,13,26,59,444,26196
201506212589794,PCBL,52,5,95,444,42180
201506212589714,PCBL,56,4,22,443,9746
201506212589642,PCBL,13,42,32,443,14176
201506212590000,PLIC,53,53,202,1053,212706
201506212589871,PLIC,44,13,40,1053,42120
201506212589856,PLIC,28,28,81,1065,86265
201506212589834,PLIC,38,22,94,1054,99076
201506212589733,PLIC,6,41,13,1075,13975
201506212589924,PRVU,40,17,341,321,109461
201506212589923,PRVU,58,1,11,323,3553
201506212589921,PRVU,5,17,108,322,34776
201506212589833,PRVU,21,18,149,321,47829
201506212589831,PRVU,45,18,210,321,67410
201506212589788,PRVU,16,1,11,322,3542
201506212589541,PRVU,39,1,11,323,3553
201506212589519,PRVU,7,56,11,321,3531
201506212589516,PRVU,17,56,11,321,3531
201506212589513,PRVU,56,56,11,322,3542
201506212589604,PRVU,46,5,11,323,3553
201506212589583,PRVU,55,21,428,320,136960
201506212589575,PRVU,38,52,145,322,46690
201506212589563,PRVU,38,1,11,324,3564
201506212589554,PRVU,38,37,227,322,73094
201506212589550,PRVU,38,37,181,322,58282
201506212589779,PRVU,57,1,11,322,3542
201506212589681,PRVU,57,21,364,322,117208
201506212589651,PRVU,20,21,340,321,109140
201506212589510,PURBL,6,6,111,313,34743
201506212589927,REDBL,18,18,19,201,3819
201506212589922,REDBL,18,18,19,201,3819
201506212589918,REDBL,18,18,19,201,3819
201506212589905,REDBL,18,18,19,201,3819
201506212589902,REDBL,18,18,19,201,3819
201506212589898,REDBL,18,18,19,201,3819
201506212589894,REDBL,18,18,19,201,3819
201506212589964,RHPC,16,42,12,421,5052
201506212589963,RHPC,16,42,12,421,5052
201506212589962,RHPC,16,42,12,421,5052
201506212589910,RHPC,16,42,11,421,4631
201506212589875,RHPC,28,28,12,422,5064
201506212589868,RHPC,28,28,12,422,5064
201506212589520,RHPC,4,4,12,424,5088
201506212589678,RHPC,28,28,12,419,5028
201506212589675,RHPC,28,28,12,419,5028
201506212589672,RHPC,28,28,12,419,5028
201506212589667,RHPC,28,28,12,419,5028
201506212589562,RHPC,42,5,56,422,23632
201506212589531,RHPC,4,4,12,424,5088
201506212589804,RHPC,16,45,11,421,4631
201506212589803,RHPC,16,45,11,421,4631
201506212589799,RHPC,16,45,11,421,4631
201506212589731,RHPC,51,4,11,419,4609
201506212589687,RHPC,28,28,12,419,5028
201506212589684,RHPC,28,39,12,419,5028
201506212589864,RHPC,28,28,12,422,5064
201506212589840,RHPC,16,21,11,426,4686
201506212589839,RHPC,16,21,11,426,4686
201506212589838,RHPC,16,39,12,425,5100
201506212589832,RHPC,16,39,83,424,35192
201506212589813,RHPC,16,45,11,421,4631
201506212589730,SANIMA,29,5,20,547,10940
201506212589671,SANIMA,7,4,34,548,18632
201506212589643,SANIMA,53,26,500,544,272000
201506212589533,SANIMA,25,19,61,550,33550
201506212589855,SBI,26,26,21,878,18438
201506212589617,SBI,38,32,50,880,44000
201506212589590,SBI,6,10,206,875,180250
201506212589570,SBI,17,42,500,875,437500
201506212589549,SBI,6,10,91,875,79625
201506212589528,SBI,45,32,70,876,61320
201506212589997,SBL,40,35,497,647,321559
201506212589742,SBL,26,44,115,647,74405
201506212589725,SBL,47,5,132,649,85668
201506212589698,SBL,25,5,10,651,6510
201506212590002,SCB,45,48,52,1880,97760
201506212589967,SCB,19,17,78,1870,145860
201506212589959,SCB,53,53,141,1865,262965
201506212589791,SEOS,40,54,500,10,4800
201506212589612,SEWA,6,17,39,265,10335
201506212589956,SFL,40,40,48,136,6528
201506212589828,SFL,32,32,105,137,14385
201506212589826,SFL,32,32,105,137,14385
201506212589844,SHBL,21,55,264,1286,339504
201506212589914,SHL,56,7,2000,408,816000
201506212589857,SHL,49,14,9074,404,3665896
201506212589619,SHL,56,49,584,412,240608
201506212589986,SHPC,4,37,10,661,6610
201506212589983,SHPC,4,37,10,661,6610
201506212589982,SHPC,4,37,10,661,6610
201506212589647,SHPC,7,48,18,660,11880
201506212589622,SHPC,21,36,18,660,11880
201506212589621,SHPC,21,36,18,660,11880
201506212589620,SHPC,21,36,18,660,11880
201506212589596,SHPC,21,48,18,662,11916
201506212589822,SICL,13,38,500,615,307500
201506212590003,SKBBL,26,13,12,1280,15360
201506212589805,SKBBL,40,40,19,1280,24320
201506212589798,SKBBL,40,40,19,1280,24320
201506212589764,SLICL,25,38,65,542,35230
201506212589943,SMFDB,47,14,20,1575,31500
201506212589635,SODBL,28,19,500,109,54500
201506212589762,SRBL,38,45,68,402,27336
201506212589861,SWBBL,45,20,100,1550,155000
201506212589727,SWBBL,45,14,172,1545,265740
201506212589726,SWBBL,41,20,65,1545,100425
201506212589903,SYFL,19,19,500,95,47500
201506212589899,SYFL,19,7,100,95,9500
201506212589971,YETI,40,40,40,127,5080
201506212589904,YETI,40,40,40,127,5080
201506212589897,YETI,40,40,40,126,5040
201506212589891,YETI,40,40,40,126,5040
201506212589808,YETI,18,18,11,126,1386
201506212589802,YETI,18,18,11,126,1386
201506212589573,YETI,11,1,30,125,3750
201506212589523,YETI,39,56,20,123,2460
201506212589800,YETI,18,18,11,126,1386
201506212589795,YETI,18,18,11,126,1386
201506212589724,YETI,18,18,11,126,1386
201506212589716,YETI,18,18,11,126,1386
201506212589589,YETI,11,39,60,125,7500
201506212589574,YETI,11,1,30,125,3750
201506212589411,ADBL,53,56,20,416,8320
201506212589410,ADBL,53,1,180,416,74880
201506212589479,AHPC,11,39,100,322,32200
201506212589387,AHPC,16,39,90,328,29520
201506212589375,AHPC,11,11,302,328,99056
201506212589278,AHPC,49,49,36,334,12024
201506212589277,AHPC,49,49,36,334,12024
201506212589276,AHPC,49,49,36,334,12024
201506212589271,APEX,32,32,20,124,2480
201506212589504,BHBL,48,46,50,277,13850
201506212589469,BHBL,50,17,1000,275,275000
201506212589280,BHBL,49,49,10,275,2750
201506212589215,CBL,20,20,1089,270,294030
201506212589506,CCBL,25,8,16,310,4960
201506212589503,CCBL,25,8,16,310,4960
201506212589460,CCBL,25,6,500,308,154000
201506212589380,CCBL,35,44,500,309,154500
201506212589362,CCBL,13,21,40,309,12360
201506212589336,CCBL,38,42,1000,305,305000
201506212589300,CCBL,8,36,40,309,12360
201506212589299,CCBL,8,36,40,309,12360
201506212589297,CCBL,8,36,40,309,12360
201506212589296,CCBL,13,36,40,310,12400
201506212589254,CCBL,11,22,35,310,10850
201506212589231,CCBL,13,42,1000,308,308000
201506212589316,CCBL,40,48,31,311,9641
201506212589312,CCBL,42,42,250,310,77500
201506212589311,CCBL,43,43,500,311,155500
201506212589307,CCBL,42,22,35,310,10850
201506212589306,CCBL,42,36,40,310,12400
201506212589303,CCBL,11,36,40,309,12360
201506212589486,CDBL,59,1,467,320,149440
201506212589485,CDBL,59,50,57,320,18240
201506212589350,CDBL,16,16,30,320,9600
201506212589237,CDBL,32,32,64,316,20224
201506212589218,CDBL,59,34,31,319,9889
201506212589214,CDBL,25,25,77,319,24563
201506212589192,CDBL,58,58,94,325,30550
201506212589368,CDBLPO,1,25,5000,170,850000
201506212589364,CDBLPO,1,25,13644,170,2319480
201506212589358,CDBLPO,1,25,11914,170,2025380
201506212589393,CFCL,14,7,235,166,39010
201506212589392,CFCL,14,7,132,165,21780
201506212589505,CHCL,37,37,40,1498,59920
201506212589498,CHCL,37,37,40,1498,59920
201506212589489,CHCL,29,41,63,1500,94500
201506212589480,CHCL,19,44,100,1508,150800
201506212589463,CHCL,44,44,196,1508,295568
201506212589456,CHCL,6,44,100,1508,150800
201506212589281,CHCL,17,17,28,1525,42700
201506212589272,CHCL,17,17,28,1525,42700
201506212589454,CHCL,6,45,28,1505,42140
201506212589409,CHCL,45,41,20,1511,30220
201506212589390,CHCL,16,44,40,1512,60480
201506212589386,CHCL,19,44,20,1515,30300
201506212589379,CHCL,19,44,100,1510,151000
201506212589322,CHCL,5,5,10,1525,15250
201506212589269,CNDBL,49,49,20,174,3480
201506212589268,CNDBL,49,49,20,174,3480
201506212589267,CNDBL,49,49,20,174,3480
201506212589266,CNDBL,49,49,20,174,3480
201506212589265,CNDBL,49,49,20,174,3480
201506212589264,CNDBL,49,49,20,174,3480
201506212589257,CNDBL,49,49,20,174,3480
201506212589256,CNDBL,49,49,20,174,3480
201506212589255,CNDBL,49,49,20,174,3480
201506212589263,CNDBL,49,49,20,174,3480
201506212589262,CNDBL,49,49,20,174,3480
201506212589261,CNDBL,49,49,20,174,3480
201506212589260,CNDBL,49,49,20,174,3480
201506212589259,CNDBL,49,49,20,174,3480
201506212589258,CNDBL,49,49,20,174,3480
201506212589495,CZBIL,16,21,95,444,42180
201506212589490,CZBIL,16,17,21,443,9303
201506212589446,CZBIL,33,44,214,439,93946
201506212589434,CZBIL,33,52,72,440,31680
201506212589222,CZBIL,43,43,12,441,5292
201506212589220,CZBIL,43,43,12,441,5292
201506212589356,CZBIL,11,11,219,438,95922
201506212589292,CZBIL,11,48,200,440,88000
201506212589282,CZBIL,6,1,119,440,52360
201506212589275,CZBIL,32,1,119,440,52360
201506212589234,CZBIL,11,1,119,440,52360
201506212589420,CZBIL,6,52,72,438,31536
201506212589407,CZBIL,53,1,119,441,52479
201506212589366,CZBIL,33,1,119,440,52360
201506212589363,CZBIL,32,49,65,439,28535
201506212589361,CZBIL,33,29,204,437,89148
201506212589357,CZBIL,32,49,80,439,35120
201506212589385,EBL,49,49,2000,2000,4000000
201506212589405,EDBL,49,49,1100,570,627000
201506212589401,EDBL,49,49,2056,570,1171920
201506212589499,GABL,45,45,24,232,5568
201506212589284,GABL,13,45,20,228,4560
201506212589507,GBIME,40,26,200,458,91600
201506212589325,GBIME,49,49,45,465,20925
201506212589324,GBIME,49,49,32,465,14880
201506212589318,GLICL,36,57,28,502,14056
201506212589321,HAMA,14,57,40,140,5600
201506212589230,ICFC,45,45,463,251,116213
201506212589352,IDBL,38,6,11,170,1870
201506212589319,IDBL,39,45,216,173,37368
201506212589309,IDBL,38,21,336,175,58800
201506212589253,IDBL,32,32,11,176,1936
201506212589487,ILFC,1,34,210,149,31290
201506212589444,ILFC,50,7,348,150,52200
201506212589441,ILFC,50,6,227,150,34050
201506212589373,ILFC,35,59,50,152,7600
201506212589235,JBBL,28,57,160,164,26240
201506212589374,JBNL,45,21,141,265,37365
201506212589389,JFL,6,8,100,382,38200
201506212589412,KBBL,11,18,13,351,4563
201506212589408,KBBL,54,18,493,352,173536
201506212589478,KBL,55,1,154,371,57134
201506212589473,KBL,42,17,17,371,6307
201506212589425,KBL,55,21,28,370,10360
201506212589413,KBL,6,11,71,366,25986
201506212589432,KCDBL,45,45,17,194,3298
201506212589431,KCDBL,45,45,17,194,3298
201506212589430,KCDBL,45,45,17,194,3298
201506212589424,KCDBL,45,45,17,194,3298
201506212589423,KCDBL,45,45,17,194,3298
201506212589422,KCDBL,45,45,17,194,3298
201506212589419,KCDBL,45,45,17,194,3298
201506212589418,KCDBL,45,45,17,194,3298
201506212589417,KCDBL,45,45,17,194,3298
201506212589448,KDBL,39,34,28,143,4004
201506212589421,KDBL,28,20,21,145,3045
201506212589415,KDBL,28,57,65,145,9425
201506212589491,LBL,55,11,111,416,46176
201506212589497,LUBL,17,13,256,332,84992
201506212589438,LUBL,17,19,19,331,6289
201506212589377,LUBL,47,13,256,331,84736
201506212589376,LUBL,47,13,110,331,36410
201506212589339,LUBL,53,47,483,331,159873
201506212589323,LUBL,17,13,110,331,36410
201506212589332,MBL,57,42,230,545,125350
201506212589227,MBL,7,42,200,550,110000
201506212589493,METRO,25,25,32,320,10240
201506212589340,METRO,32,17,36,325,11700
201506212589294,METRO,32,17,36,325,11700
201506212589502,NBB,7,42,500,490,245000
201506212589435,NBB,47,34,1000,491,491000
201506212589403,NBB,17,48,32,495,15840
201506212589372,NBB,54,19,500,494,247000
201506212589302,NBB,48,48,540,493,266220
201506212589484,NCCB,53,50,302,590,178180
201506212589472,NCCB,14,5,400,590,236000
201506212589433,NCCB,47,56,50,595,29750
201506212589406,NCCB,47,42,150,595,89250
201506212589396,NCCB,56,22,350,593,207550
201506212589395,NCCB,56,43,100,593,59300
201506212589221,NCCB,41,17,100,592,59200
201506212589219,NCCB,45,10,10,581,5810
201506212589193,NCCB,38,42,42,570,23940
201506212589233,NCCB,44,22,336,603,202608
201506212589232,NCCB,47,14,105,605,63525
201506212589229,NCCB,38,51,500,600,300000
201506212589226,NCCB,55,17,40,603,24120
201506212589224,NCCB,55,10,10,603,6030
201506212589223,NCCB,55,17,100,603,60300
201506212589252,NCCB,56,48,431,608,262048
201506212589251,NCCB,56,58,100,610,61000
201506212589250,NCCB,56,25,200,610,122000
201506212589249,NCCB,56,51,200,610,122000
201506212589248,NCCB,56,17,160,609,97440
201506212589236,NCCB,21,16,300,605,181500
201506212589293,NCCB,38,5,500,594,297000
201506212589289,NCCB,38,14,500,594,297000
201506212589287,NCCB,21,33,700,597,417900
201506212589274,NCCB,33,33,500,600,300000
201506212589273,NCCB,41,33,400,600,240000
201506212589270,NCCB,56,58,250,605,151250
201506212589315,NCCB,51,48,100,590,59000
201506212589314,NCCB,39,33,300,585,175500
201506212589310,NCCB,39,37,500,585,292500
201506212589308,NCCB,44,25,500,586,293000
201506212589305,NCCB,44,45,500,586,293000
201506212589301,NCCB,59,40,1000,590,590000
201506212589343,NCCB,34,33,200,594,118800
201506212589342,NCCB,45,20,500,590,295000
201506212589335,NCCB,44,33,200,593,118600
201506212589330,NCCB,8,20,500,590,295000
201506212589329,NCCB,8,33,200,589,117800
201506212589320,NCCB,51,33,200,590,118000
201506212589382,NCCB,34,25,1000,592,592000
201506212589367,NCCB,45,6,100,596,59600
201506212589355,NCCB,44,54,439,595,261205
201506212589354,NCCB,33,33,300,592,177600
201506212589349,NCCB,34,20,200,592,118400
201506212589345,NCCB,34,20,300,595,178500
201506212589482,NHPC,48,5,1000,117,117000
201506212589414,NHPC,42,42,1500,116,174000
201506212589394,NLIC,34,34,70,2730,191100
201506212589351,NLIC,57,57,256,2730,698880
201506212589338,NNLB,39,29,10,920,9200
201506212589508,NTC,25,42,450,608,273600
201506212589445,NTC,25,25,595,608,361760
201506212589443,NTC,25,25,1085,608,659680
201506212589429,NTC,59,10,100,611,61100
201506212589428,NTC,59,10,100,611,61100
201506212589427,NTC,59,10,100,611,61100
201506212589426,NTC,59,8,100,610,61000
201506212589496,OHL,44,35,2500,652,1630000
201506212589494,OHL,44,44,10,656,6560
201506212589404,PCBL,11,50,32,446,14272
201506212589398,PCBL,11,32,25,450,11250
201506212589381,PCBL,7,28,1000,442,442000
201506212589295,PCBL,45,19,40,451,18040
201506212589283,PCBL,45,29,35,452,15820
201506212589451,PRVU,59,32,1000,321,321000
201506212589400,PRVU,59,19,128,322,41216
201506212589388,PRVU,46,57,11,323,3553
201506212589369,PRVU,45,14,77,324,24948
201506212589225,PRVU,59,59,89,321,28569
201506212589210,PRVU,11,58,36,320,11520
201506212589365,PRVU,46,1,11,325,3575
201506212589346,PRVU,55,17,500,320,160000
201506212589328,PRVU,35,44,266,321,85386
201506212589326,PRVU,46,44,44,323,14212
201506212589304,PRVU,6,6,12,326,3912
201506212589298,PRVU,6,6,12,322,3864
201506212589501,RHPC,4,4,12,423,5076
201506212589492,RHPC,4,4,12,425,5100
201506212589483,RHPC,5,5,12,425,5100
201506212589477,RHPC,5,5,12,425,5100
201506212589476,RHPC,5,5,12,425,5100
201506212589475,RHPC,5,5,12,425,5100
201506212589191,RHPC,58,58,11,430,4730
201506212589337,RHPC,28,28,12,425,5100
201506212589334,RHPC,28,28,12,425,5100
201506212589333,RHPC,28,28,12,425,5100
201506212589331,RHPC,28,28,12,425,5100
201506212589327,RHPC,28,28,12,433,5196
201506212589279,RHPC,45,11,121,425,51425
201506212589462,RHPC,5,5,12,425,5100
201506212589461,RHPC,5,52,12,425,5100
201506212589459,RHPC,5,52,12,424,5088
201506212589399,RHPC,28,28,12,423,5076
201506212589397,RHPC,28,28,12,423,5076
201506212589347,RHPC,28,28,12,425,5100
201506212589474,RHPC,5,5,12,425,5100
201506212589471,RHPC,5,5,12,425,5100
201506212589470,RHPC,5,5,12,425,5100
201506212589467,RHPC,5,5,12,425,5100
201506212589466,RHPC,5,5,12,425,5100
201506212589464,RHPC,5,5,11,425,4675
201506212589447,SANIMA,1,42,500,545,272500
201506212589341,SANIMA,42,17,500,545,272500
201506212589228,SANIMA,35,35,1000,551,551000
201506212589488,SBI,17,41,503,875,440125
201506212589481,SBI,6,11,100,880,88000
201506212589402,SBI,53,46,369,880,324720
201506212589353,SBI,38,32,84,876,73584
201506212589416,SEWA,43,17,39,270,10530
201506212589452,SHL,55,43,100,415,41500
201506212589458,SHPC,49,48,18,662,11916
201506212589457,SHPC,49,42,400,662,264800
201506212589439,SHPC,7,39,18,655,11790
201506212589437,SHPC,7,39,18,655,11790
201506212589436,SHPC,7,39,18,655,11790
201506212589360,SHPC,13,42,100,662,66200
201506212589468,SODBL,25,57,139,107,14873
201506212589288,SODBL,6,58,20,105,2100
201506212589194,SODBL,25,25,346,104,35984
201506212589348,SRBL,11,11,202,400,80800
201506212589450,SUPRME,32,20,21,154,3234
201506212589442,SUPRME,48,11,11,152,1672
201506212589247,SUPRME,49,49,10,155,1550
201506212589246,SUPRME,49,49,10,155,1550
201506212589245,SUPRME,49,49,10,155,1550
201506212589244,SUPRME,49,49,10,155,1550
201506212589243,SUPRME,49,49,10,155,1550
201506212589242,SUPRME,49,49,10,155,1550
201506212589241,SUPRME,49,49,10,155,1550
201506212589240,SUPRME,49,49,10,155,1550
201506212589239,SUPRME,49,49,10,155,1550
201506212589238,SUPRME,49,49,10,155,1550
201506212589453,SWBBL,48,48,113,1547,174811
201506212589500,UFIL,6,4,30,133,3990
201506212589391,UFIL,47,57,11,131,1441
201506212589384,UFIL,47,20,20,133,2660
201506212589383,UFIL,47,20,10,133,1330
201506212589359,YETI,11,20,13,124,1612
201506212589317,YETI,55,1,30,125,3750
201506212589313,YETI,11,1,300,125,37500
201506212589286,YETI,55,57,20,125,2500
201506212589285,YETI,55,20,60,125,7500
201506212589217,YETI,11,20,73,125,9125
201506212589195,YETI,49,49,11,127,1397
201506212589201,YETI,49,49,40,127,5080
201506212589200,YETI,49,49,11,127,1397
201506212589199,YETI,49,49,11,127,1397
201506212589198,YETI,49,49,11,127,1397
201506212589197,YETI,49,49,11,127,1397
201506212589196,YETI,49,49,11,127,1397
201506212589207,YETI,49,49,40,127,5080
201506212589206,YETI,49,49,40,127,5080
201506212589205,YETI,49,49,20,127,2540
201506212589204,YETI,49,49,20,127,2540
201506212589203,YETI,49,49,40,127,5080
201506212589202,YETI,49,49,40,127,5080
201506212589216,YETI,11,20,50,125,6250
201506212589213,YETI,49,49,40,127,5080
201506212589212,YETI,49,49,11,127,1397
201506212589211,YETI,49,49,20,127,2540
201506212589209,YETI,49,49,40,127,5080
201506212589208,YETI,49,49,40,127,5080
