contract,symbol,buyer,seller,qty,rate,amt
201510072802218,ACEDBL,43,22,3600,302,1087200
201510072802149,ACEDBL,43,36,300,300,90000
201510072802148,ACEDBL,7,36,500,300,150000
201510072802147,ACEDBL,59,36,500,300,150000
201510072801864,ACEDBL,52,6,22,301,6622
201510072801861,ACEDBL,49,49,4000,304,1216000
201510072802146,ACEDBL,53,36,1000,301,301000
201510072802145,ACEDBL,26,36,200,302,60400
201510072802141,ACEDBL,43,51,100,305,30500
201510072802092,ACEDBL,39,22,82,303,24846
201510072802087,ACEDBL,52,22,100,304,30400
201510072802072,ACEDBL,17,51,100,305,30500
201510072801979,ADBL,53,6,20,450,9000
201510072801834,ADBL,53,14,200,445,89000
201510072801833,ADBL,53,33,30,440,13200
201510072802075,ALICL,22,54,10,1120,11200
201510072801982,ALICL,38,38,89,1110,98790
201510072801857,ALICL,38,7,300,1130,339000
201510072801850,ALICL,38,29,37,1128,41736
201510072801841,ALICL,38,29,37,1128,41736
201510072802031,APEX,25,22,350,147,51450
201510072802090,ARDBL,50,42,300,195,58500
201510072802166,BFCL,32,11,14,131,1834
201510072802139,BFCL,32,11,14,131,1834
201510072802107,BFCL,32,11,14,131,1834
201510072801837,BFCL,44,11,90,132,11880
201510072801936,BFCL,26,26,73,131,9563
201510072801935,BFCL,26,26,31,131,4061
201510072801932,BFCL,26,26,104,131,13624
201510072801926,BFCL,44,26,20,132,2640
201510072802095,BLDBL,51,19,30,372,11160
201510072802032,BLDBL,17,26,800,370,296000
201510072802349,CBBL,35,59,50,1780,89000
201510072802281,CBBL,59,59,120,1775,213000
201510072802081,CBBL,7,17,113,1785,201705
201510072801992,CBBL,43,59,50,1775,88750
201510072801988,CBBL,45,59,50,1782,89100
201510072801985,CBBL,17,59,200,1760,352000
201510072801960,CBBL,5,26,47,1783,83801
201510072801912,CBBL,56,17,126,1781,224406
201510072801889,CBBL,45,17,105,1780,186900
201510072802322,CBL,38,55,500,280,140000
201510072801953,CBL,32,28,1000,278,278000
201510072801879,CBL,22,55,500,278,139000
201510072801878,CBL,25,55,100,278,27800
201510072802213,CCBL,33,59,200,330,66000
201510072802093,CCBL,33,43,10,330,3300
201510072802234,CFCL,32,6,1000,260,260000
201510072802226,CFCL,32,26,92,260,23920
201510072802214,CFCL,32,17,101,260,26260
201510072802212,CFCL,32,45,1000,259,259000
201510072801954,CFCL,41,41,602,255,153510
201510072802310,CHCL,6,53,380,1390,528200
201510072802101,CHCL,16,53,100,1390,139000
201510072802100,CHCL,32,53,50,1390,69500
201510072802094,CHCL,32,19,100,1390,139000
201510072802083,CHCL,58,45,500,1389,694500
201510072802048,CHCL,42,53,100,1395,139500
201510072801885,CHCL,38,26,48,1395,66960
201510072801854,CHCL,54,53,100,1394,139400
201510072802044,CHCL,58,53,200,1390,278000
201510072802019,CHCL,42,53,100,1390,139000
201510072802006,CHCL,44,19,320,1392,445440
201510072801910,CHCL,52,53,60,1394,83640
201510072801909,CHCL,38,53,50,1395,69750
201510072801899,CHCL,38,32,36,1396,50256
201510072802293,CZBIL,10,21,288,545,156960
201510072802204,CZBIL,58,32,101,547,55247
201510072802201,CZBIL,58,10,225,547,123075
201510072802200,CZBIL,58,44,230,547,125810
201510072801930,CZBIL,8,44,70,547,38290
201510072801872,CZBIL,38,44,200,547,109400
201510072801849,DDBL,44,14,500,1725,862500
201510072802337,EBL,29,54,20,3220,64400
201510072802336,EBL,51,54,100,3221,322100
201510072802335,EBL,57,54,50,3226,161300
201510072802334,EBL,52,54,10,3227,32270
201510072802333,EBL,1,54,20,3228,64560
201510072802311,EBL,48,17,141,3222,454302
201510072801881,EBL,20,54,500,3225,1612500
201510072801870,EBL,38,54,200,3230,646000
201510072801944,EBL,55,38,100,3228,322800
201510072801941,EBL,55,14,300,3230,969000
201510072801907,EBL,55,41,200,3230,646000
201510072801906,EBL,14,14,200,3225,645000
201510072801902,EBL,55,41,100,3230,323000
201510072801901,EBL,55,14,200,3225,645000
201510072802033,EBL,49,28,100,3230,323000
201510072801996,EBL,46,42,100,3250,325000
201510072801995,EBL,46,6,100,3245,324500
201510072801994,EBL,46,28,20,3230,64600
201510072801978,EBL,55,28,80,3230,258400
201510072801962,EBL,5,41,51,3232,164832
201510072802088,EBL,8,41,100,3230,323000
201510072802084,EBL,8,21,50,3230,161500
201510072802063,EBL,55,28,100,3230,323000
201510072802045,EBL,55,50,12,3230,38760
201510072802173,EBL,16,41,100,3230,323000
201510072802294,EBL,6,54,100,3230,323000
201510072802287,EBL,20,6,500,3225,1612500
201510072802249,EBL,46,45,110,3240,356400
201510072802241,EBL,38,54,200,3226,645200
201510072802202,EBL,14,45,40,3240,129600
201510072802108,FMDBL,42,45,100,620,62000
201510072802074,FMDBL,36,26,119,620,73780
201510072801859,GBBL,25,39,50,335,16750
201510072802307,GBIME,52,36,10,520,5200
201510072802291,GBIME,11,36,200,520,104000
201510072802290,GBIME,5,36,100,520,52000
201510072802289,GBIME,58,36,10,521,5210
201510072802288,GBIME,59,36,50,522,26100
201510072802286,GBIME,33,19,100,522,52200
201510072802278,GBIME,5,36,400,520,208000
201510072802080,GBIME,50,42,16,525,8400
201510072802076,GBIME,58,42,490,521,255290
201510072801950,GBIME,42,50,57,523,29811
201510072801828,GBIME,42,41,91,525,47775
201510072801897,GFCL,19,5,600,216,129600
201510072802009,GLICL,16,54,250,610,152500
201510072802008,GLICL,16,47,100,609,60900
201510072802269,HAMA,43,43,10,185,1850
201510072802127,HAMA,6,35,190,182,34580
201510072802340,HBL,39,32,100,1270,127000
201510072802314,HBL,39,28,120,1270,152400
201510072802313,HBL,50,28,100,1270,127000
201510072802007,HBL,50,38,100,1279,127900
201510072802000,HBL,10,38,50,1279,63950
201510072801980,HBL,39,36,20,1278,25560
201510072801913,HBL,16,56,206,1274,262444
201510072802111,HBL,42,32,213,1275,271575
201510072802078,HBL,51,51,179,1266,226614
201510072802066,HBL,42,32,500,1271,635500
201510072802285,HBL,16,32,50,1274,63700
201510072802230,HBL,19,28,90,1275,114750
201510072802217,HBL,54,28,100,1275,127500
201510072802178,HBL,39,32,10,1278,12780
201510072802014,IDBL,48,36,50,215,10750
201510072802328,ILFC,36,36,857,235,201395
201510072802321,ILFC,14,49,190,232,44080
201510072802320,ILFC,20,49,500,232,116000
201510072802319,ILFC,45,49,500,232,116000
201510072802318,ILFC,25,49,310,232,71920
201510072802274,ILFC,25,49,1500,231,346500
201510072801951,ILFC,49,49,3000,217,651000
201510072801945,ILFC,42,49,584,221,129064
201510072801940,ILFC,40,49,1709,225,384525
201510072801928,ILFC,41,49,1000,225,225000
201510072801884,ILFC,14,26,200,229,45800
201510072802157,ILFC,47,49,20,222,4440
201510072802142,ILFC,14,49,20,218,4360
201510072802126,ILFC,14,49,20,214,4280
201510072801963,ILFC,49,49,100000,210,21000000
201510072801961,ILFC,49,49,100000,210,21000000
201510072801955,ILFC,49,49,10000,213,2130000
201510072802193,ILFC,14,17,88,231,20328
201510072802192,ILFC,14,55,1000,231,231000
201510072802189,ILFC,42,49,1000,230,230000
201510072802185,ILFC,42,29,2000,230,460000
201510072802184,ILFC,42,41,1200,230,276000
201510072802165,ILFC,33,49,20,226,4520
201510072802242,ILFC,45,36,1500,235,352500
201510072802228,ILFC,38,17,970,235,227950
201510072802206,ILFC,45,55,1000,232,232000
201510072802197,ILFC,45,17,503,231,116193
201510072802196,ILFC,14,55,1000,230,230000
201510072802194,ILFC,45,49,1600,230,368000
201510072802271,ILFC,45,17,310,232,71920
201510072802262,ILFC,45,49,1500,231,346500
201510072802253,ILFC,56,49,500,231,115500
201510072802252,ILFC,21,49,1000,232,232000
201510072802251,ILFC,19,49,500,232,116000
201510072802250,ILFC,34,49,1500,235,352500
201510072802174,INDB,46,26,500,405,202500
201510072802343,INDBL,43,49,1000,212,212000
201510072802315,INDBL,43,49,1000,212,212000
201510072802103,INDBL,43,49,1000,211,211000
201510072802102,INDBL,43,49,1000,211,211000
201510072801877,INDBL,32,32,88,206,18128
201510072802099,INDBL,43,52,937,210,196770
201510072802091,INDBL,43,59,540,207,111780
201510072802308,JBBL,16,20,70,198,13860
201510072801993,JBBL,52,32,10,195,1950
201510072801989,JBBL,52,32,10,195,1950
201510072801839,JFL,6,21,309,365,112785
201510072802039,KBBL,20,20,1000,350,350000
201510072801972,KBBL,54,26,100,355,35500
201510072802279,KBL,38,33,500,447,223500
201510072802265,KBL,14,33,200,447,89400
201510072802261,KBL,10,54,3000,444,1332000
201510072802233,KBL,49,25,137,447,61239
201510072802195,KBL,25,25,50,446,22300
201510072802098,KBL,34,48,191,446,85186
201510072801855,KBL,45,51,500,445,222500
201510072801965,KBL,26,45,200,446,89200
201510072801964,KBL,29,45,50,446,22300
201510072801959,KBL,58,54,2000,442,884000
201510072801876,KBL,34,53,546,446,243516
201510072801865,KBL,25,54,330,445,146850
201510072801863,KBL,25,51,170,445,75650
201510072801987,KBL,34,8,100,445,44500
201510072801986,KBL,26,33,203,446,90538
201510072801969,KBL,34,45,150,445,66750
201510072801968,KBL,36,45,300,445,133500
201510072801967,KBL,36,45,200,445,89000
201510072801966,KBL,52,45,100,445,44500
201510072802064,KBL,14,53,610,449,273890
201510072802057,KBL,14,53,200,449,89800
201510072802047,KBL,14,36,399,449,179151
201510072802040,KBL,14,17,1000,448,448000
201510072802020,KBL,14,54,3000,447,1341000
201510072802018,KBL,14,33,100,446,44600
201510072802332,KCDBL,11,5,181,198,35838
201510072801929,KCDBL,21,41,10,195,1950
201510072801923,KCDBL,21,36,90,195,17550
201510072801921,KCDBL,21,41,10,195,1950
201510072801915,KCDBL,21,41,10,195,1950
201510072802026,KDBL,1,51,100,190,19000
201510072801991,KDBL,22,51,10,193,1930
201510072801886,KDBL,47,1,304,190,57760
201510072801880,KDBL,32,1,200,191,38200
201510072802263,KMCDB,21,7,100,1418,141800
201510072801842,KRBL,47,47,10,239,2390
201510072801840,KRBL,47,47,10,239,2390
201510072801836,KRBL,47,47,10,239,2390
201510072801835,KRBL,47,47,10,239,2390
201510072801832,KRBL,47,47,10,239,2390
201510072801830,KRBL,47,47,10,239,2390
201510072801829,KRBL,47,47,10,239,2390
201510072801826,KRBL,47,47,10,239,2390
201510072801824,KRBL,47,47,10,239,2390
201510072802341,LBL,42,8,20,540,10800
201510072802300,LBL,32,11,80,535,42800
201510072802299,LBL,45,11,100,536,53600
201510072802298,LBL,8,11,200,537,107400
201510072802297,LBL,6,11,10,537,5370
201510072802096,LBL,6,39,190,537,102030
201510072801922,LFLC,50,11,392,255,99960
201510072802025,LICN,13,22,2049,3400,6966600
201510072802270,LUBL,14,6,100,404,40400
201510072802243,LUBL,21,51,500,404,202000
201510072802199,LUBL,44,32,1600,403,644800
201510072802187,LUBL,52,32,400,403,161200
201510072802104,LUBL,14,32,1000,400,400000
201510072802050,LUBL,38,50,223,401,89423
201510072801952,LUBL,6,51,567,400,226800
201510072801948,LUBL,40,21,100,399,39900
201510072801934,LUBL,1,54,496,400,198400
201510072801924,LUBL,1,49,90,400,36000
201510072801900,LUBL,17,49,50,400,20000
201510072801838,LUBL,45,49,200,400,80000
201510072802017,LUBL,38,51,498,401,199698
201510072802012,LUBL,47,49,800,400,320000
201510072802011,LUBL,47,48,700,400,280000
201510072801977,LUBL,39,49,100,400,40000
201510072801976,LUBL,39,49,100,400,40000
201510072801956,LUBL,6,38,592,400,236800
201510072802043,METRO,58,58,471,329,154959
201510072802034,METRO,41,58,11,335,3685
201510072802030,METRO,13,58,11,336,3696
201510072802229,MNBBL,22,1,33,710,23430
201510072802029,MNBBL,5,41,271,715,193765
201510072802028,MNBBL,5,26,100,715,71500
201510072802348,MPFL,26,57,200,153,30600
201510072802330,NABIL,41,11,100,2350,235000
201510072802329,NABIL,29,11,900,2350,2115000
201510072802282,NABIL,29,41,100,2350,235000
201510072802209,NABIL,7,41,100,2350,235000
201510072802073,NABIL,28,41,100,2350,235000
201510072802046,NABIL,25,41,100,2359,235900
201510072801943,NABIL,28,35,100,2360,236000
201510072801858,NABIL,50,26,600,2315,1389000
201510072801843,NABIL,41,16,140,2340,327600
201510072801831,NABIL,38,35,200,2339,467800
201510072802053,NABILP,8,33,200,1760,352000
201510072802042,NABILP,21,33,100,1760,176000
201510072802167,NABILP,8,33,200,1760,352000
201510072802163,NABILP,39,33,100,1760,176000
201510072802162,NABILP,58,28,136,1755,238680
201510072802150,NABILP,16,28,100,1756,175600
201510072802105,NABILP,52,28,300,1754,526200
201510072802205,NABILP,6,6,10,1795,17950
201510072802302,NBB,6,35,1000,631,631000
201510072802255,NBB,6,54,470,630,296100
201510072801890,NBB,13,35,30,635,19050
201510072801867,NBB,17,36,99,635,62865
201510072801822,NBB,49,49,1600,624,998400
201510072801896,NBB,6,35,470,630,296100
201510072801895,NBB,48,35,2000,630,1260000
201510072801894,NBB,6,35,200,630,126000
201510072801893,NBB,55,35,50,631,31550
201510072801892,NBB,17,35,150,632,94800
201510072801891,NBB,56,35,100,634,63400
201510072802036,NBB,45,53,150,633,94950
201510072802035,NBB,44,35,500,633,316500
201510072802015,NBB,45,25,144,633,91152
201510072802010,NBB,16,35,500,631,315500
201510072801983,NBB,47,35,500,631,315500
201510072801931,NBB,43,33,150,630,94500
201510072802191,NBB,53,53,200,633,126600
201510072802161,NBB,6,39,223,632,140936
201510072802160,NBB,6,35,500,632,316000
201510072802158,NBB,40,19,21,632,13272
201510072802082,NBB,42,53,200,633,126600
201510072802069,NBB,45,39,500,631,315500
201510072802224,NBB,16,54,100,630,63000
201510072802223,NBB,21,54,200,630,126000
201510072802222,NBB,13,54,500,630,315000
201510072802221,NBB,6,54,30,630,18900
201510072802220,NBB,22,54,100,632,63200
201510072802219,NBB,59,54,50,632,31600
201510072802244,NBB,38,54,200,630,126000
201510072802225,NBB,43,54,350,630,220500
201510072802323,NBL,49,33,800,270,216000
201510072802208,NBL,11,33,500,270,135000
201510072802013,NBL,22,33,300,270,81000
201510072801847,NBL,8,33,500,270,135000
201510072801846,NBL,42,33,200,270,54000
201510072801845,NBL,25,33,100,271,27100
201510072802004,NBL,49,33,1000,270,270000
201510072801990,NBL,50,33,400,270,108000
201510072802347,NCCB,45,33,220,435,95700
201510072802179,NCCB,14,19,200,435,87000
201510072801904,NCCB,56,8,30,431,12930
201510072801903,NCCB,45,8,70,432,30240
201510072802079,NCCB,17,33,500,435,217500
201510072802023,NCCB,6,33,200,435,87000
201510072802022,NCCB,16,33,100,435,43500
201510072801958,NCCB,38,33,500,435,217500
201510072801862,NEFL,39,21,86,292,25112
201510072802190,NHPC,10,35,2530,114,288420
201510072801974,NHPC,29,41,1000,113,113000
201510072801938,NHPC,34,41,1000,113,113000
201510072802325,NIB,5,32,200,1020,204000
201510072802276,NIB,6,19,150,1018,152700
201510072802211,NIB,6,32,50,1022,51100
201510072802198,NIB,6,22,81,1021,82701
201510072802037,NIB,25,6,90,1023,92070
201510072801919,NIB,17,6,200,1016,203200
201510072801914,NIB,55,6,50,1018,50900
201510072801911,NIB,5,6,50,1020,51000
201510072801848,NIB,48,17,175,1020,178500
201510072802232,NIBPO,11,50,100,840,84000
201510072802231,NIBPO,11,17,100,840,84000
201510072802106,NIBPO,56,33,15,830,12450
201510072801917,NIBPO,33,33,200,830,166000
201510072801898,NIBPO,56,33,25,831,20775
201510072801888,NIBPO,11,33,35,835,29225
201510072801883,NIBPO,11,25,990,840,831600
201510072801860,NIBPO,55,25,10,840,8400
201510072801852,NIBPO,55,13,500,835,417500
201510072802280,NICA,39,29,100,951,95100
201510072802227,NICA,39,43,10,965,9650
201510072802216,NICA,39,19,13,963,12519
201510072802215,NICA,39,59,10,960,9600
201510072802159,NICA,44,56,50,963,48150
201510072802140,NICA,38,54,513,948,486324
201510072801946,NICA,44,35,500,945,472500
201510072801916,NICA,8,54,200,947,189400
201510072801827,NICA,44,54,200,945,189000
201510072802138,NICA,38,22,46,948,43608
201510072802137,NICA,38,11,100,947,94700
201510072802065,NICA,58,54,85,945,80325
201510072802059,NICA,33,35,500,944,472000
201510072802027,NICA,45,56,200,945,189000
201510072801949,NICA,38,54,200,945,189000
201510072802283,NLBBL,21,47,100,1800,180000
201510072802248,NLIC,57,33,50,3271,163550
201510072802247,NLIC,14,33,50,3275,163750
201510072802186,NLIC,35,33,50,3280,164000
201510072801975,NLIC,46,16,100,3290,329000
201510072802296,NLICL,51,19,100,2240,224000
201510072802256,NLICL,54,19,100,2244,224400
201510072802210,NLICL,53,33,45,2248,101160
201510072801918,NLICL,11,48,20,2280,45600
201510072802324,NTC,5,55,215,643,138245
201510072802303,NTC,5,55,610,643,392230
201510072802273,NTC,52,55,1000,645,645000
201510072802272,NTC,22,55,300,645,193500
201510072801866,NTC,5,21,200,650,130000
201510072802238,NTC,22,55,1200,645,774000
201510072802237,NTC,11,55,100,645,64500
201510072802236,NTC,5,55,200,646,129200
201510072802235,NTC,44,55,100,650,65000
201510072802317,PCBL,35,57,500,600,300000
201510072802316,PCBL,35,44,150,600,90000
201510072802264,PCBL,35,33,100,598,59800
201510072802110,PCBL,49,44,750,600,450000
201510072802109,PCBL,48,44,100,600,60000
201510072802077,PCBL,49,33,250,602,150500
201510072801973,PCBL,17,22,100,600,60000
201510072801925,PCBL,1,33,100,600,60000
201510072801920,PCBL,21,33,200,601,120200
201510072802143,PFL,21,43,1000,445,445000
201510072801999,PLIC,44,52,100,1360,136000
201510072801970,PLIC,44,37,100,1354,135400
201510072801882,PLIC,48,16,388,1352,524576
201510072802345,RBCL,7,48,23,5600,128800
201510072801856,RBCL,17,40,149,5700,849300
201510072802327,REDBL,43,59,225,312,70200
201510072802260,REDBL,40,53,164,317,51988
201510072802254,REDBL,40,51,331,315,104265
201510072802246,REDBL,40,17,122,315,38430
201510072802239,REDBL,40,45,100,314,31400
201510072801939,REDBL,33,51,61,315,19215
201510072802086,RMDC,16,25,103,690,71070
201510072802268,SADBL,6,54,297,400,118800
201510072802267,SADBL,6,41,1010,400,404000
201510072802266,SADBL,6,54,320,400,128000
201510072802342,SANIMA,11,21,300,661,198300
201510072802168,SANIMA,11,35,500,662,331000
201510072802060,SANIMA,14,21,200,662,132400
201510072801905,SANIMA,56,19,70,661,46270
201510072801887,SANIMA,14,45,200,660,132000
201510072802277,SBL,8,28,400,760,304000
201510072802177,SBL,48,5,100,760,76000
201510072802176,SBL,48,42,200,760,152000
201510072802175,SBL,48,44,150,759,113850
201510072802169,SBL,48,6,38,758,28804
201510072802021,SBL,43,44,50,760,38000
201510072801998,SBL,48,41,290,755,218950
201510072801997,SBL,48,14,100,755,75500
201510072801947,SBL,6,44,500,754,377000
201510072801908,SBL,39,6,300,753,225900
201510072801875,SBL,52,6,300,752,225600
201510072802306,SCB,57,21,100,2800,280000
201510072802305,SCB,57,7,100,2799,279900
201510072802304,SCB,57,7,100,2798,279800
201510072802292,SCB,57,14,16,2793,44688
201510072802258,SCB,41,28,166,2772,460152
201510072802245,SCB,25,28,100,2775,277500
201510072802183,SCB,16,21,46,2792,128432
201510072802062,SCB,57,14,60,2790,167400
201510072801984,SCB,46,25,52,2784,144768
201510072801981,SCB,46,21,46,2783,128018
201510072801825,SCB,55,11,196,2780,544880
201510072802312,SHL,51,51,180,422,75960
201510072802295,SHL,45,51,100,422,42200
201510072802339,SHPC,41,6,300,800,240000
201510072802338,SHPC,45,6,300,800,240000
201510072802284,SHPC,58,16,13,805,10465
201510072802188,SHPC,39,29,16,800,12800
201510072802182,SHPC,39,29,80,800,64000
201510072802181,SHPC,41,29,120,800,96000
201510072802180,SHPC,45,29,500,801,400500
201510072802005,SHPC,50,51,200,804,160800
201510072801873,SHPC,40,51,500,803,401500
201510072801871,SHPC,41,45,10,800,8000
201510072801869,SHPC,40,19,300,800,240000
201510072801868,SHPC,40,36,500,800,400000
201510072802331,SICL,21,6,100,938,93800
201510072801851,SINDU,50,6,1000,260,260000
201510072802144,SKBBL,55,39,57,1915,109155
201510072802207,SLICL,48,19,131,699,91569
201510072801971,SLICL,34,41,268,700,187600
201510072802016,SMFDB,45,57,78,2020,157560
201510072802240,SODBL,32,19,500,133,66500
201510072802128,SODBL,43,57,3000,132,396000
201510072802061,SODBL,22,45,500,132,66000
201510072802055,SODBL,32,6,500,130,65000
201510072802041,SODBL,56,29,2000,130,260000
201510072801957,SODBL,32,29,500,132,66000
201510072801942,SODBL,32,29,500,132,66000
201510072801937,SODBL,56,29,1000,130,130000
201510072801933,SODBL,56,29,1000,130,130000
201510072801927,SODBL,56,29,1000,130,130000
201510072802344,SRBL,50,53,700,529,370300
201510072802097,SRBL,45,26,116,530,61480
201510072802085,SRBL,35,21,527,531,279837
201510072801844,SRBL,35,32,17,528,8976
201510072802068,SUBBL,22,58,111,291,32301
201510072802058,SUBBL,28,39,38,295,11210
201510072802056,SUBBL,28,39,38,295,11210
201510072802071,SUPRME,57,49,1000,212,212000
201510072802070,SUPRME,48,49,500,212,106000
201510072802067,SUPRME,41,49,500,213,106500
201510072802309,UFIL,50,16,343,159,54537
201510072802054,UFIL,50,16,2000,160,320000
201510072802052,UFIL,50,14,43,160,6880
201510072802051,UFIL,50,39,22,159,3498
201510072802259,UFL,1,21,134,329,44086
201510072801874,UFL,33,21,80,334,26720
201510072802301,UIC,44,19,100,398,39800
201510072802203,YETI,19,13,500,150,75000
201510072802172,YETI,59,13,1000,150,150000
201510072802171,YETI,38,13,200,150,30000
201510072802170,YETI,21,13,500,151,75500
201510072802049,YETI,52,51,601,152,91352
201510072802003,YETI,16,51,1000,150,150000
201510072802002,YETI,28,51,1000,151,151000
201510072802001,YETI,49,51,400,152,60800
201510072801853,YETI,39,13,700,151,105700
201510072801664,ACEDBL,43,22,1000,302,302000
201510072801383,ACEDBL,49,10,500,302,151000
201510072801800,ADBL,29,33,200,441,88200
201510072801661,ADBL,5,21,61,440,26840
201510072801739,AHPC,48,5,455,274,124670
201510072801675,AHPC,38,13,16,272,4352
201510072801668,AHPC,38,5,102,272,27744
201510072801667,AHPC,38,20,90,271,24390
201510072801443,APEX,20,29,460,147,67620
201510072801820,BFCL,44,11,182,132,24024
201510072801732,BFCL,47,39,140,133,18620
201510072801679,BFCL,44,39,140,132,18480
201510072801571,BFCL,44,11,146,132,19272
201510072801566,BFCL,44,11,90,132,11880
201510072801556,BFCL,44,45,1399,131,183269
201510072801495,BGDBL,47,54,200,285,57000
201510072801779,BUDBL,32,57,1087,260,282620
201510072801600,BUDBL,37,29,310,256,79360
201510072801700,CBBL,43,17,44,1782,78408
201510072801559,CBBL,10,59,50,1780,89000
201510072801558,CBBL,14,59,50,1781,89050
201510072801557,CBBL,21,59,10,1783,17830
201510072801379,CBBL,5,26,57,1775,101175
201510072801742,CBL,32,55,2000,278,556000
201510072801463,CBL,7,54,546,279,152334
201510072801395,CBL,45,55,340,280,95200
201510072801371,CBL,1,6,44,280,12320
201510072801354,CBL,45,40,86,280,24080
201510072801349,CBL,26,28,1000,280,280000
201510072801339,CBL,45,5,255,280,71400
201510072801726,CCBL,8,22,300,324,97200
201510072801587,CCBL,36,6,40,320,12800
201510072801586,CCBL,36,6,40,320,12800
201510072801536,CCBL,36,45,64,320,20480
201510072801468,CCBL,13,47,50,319,15950
201510072801457,CCBL,13,36,300,319,95700
201510072801390,CCBL,5,6,40,318,12720
201510072801386,CCBL,5,6,40,318,12720
201510072801341,CCBL,32,29,88,318,27984
201510072801329,CCBL,32,6,240,323,77520
201510072801328,CCBL,32,39,200,323,64600
201510072801810,CHCL,50,53,100,1390,139000
201510072801809,CHCL,44,53,20,1390,27800
201510072801808,CHCL,21,53,20,1390,27800
201510072801807,CHCL,49,53,40,1391,55640
201510072801806,CHCL,45,53,20,1392,27840
201510072801784,CHCL,38,48,122,1394,170068
201510072801431,CHCL,40,17,113,1385,156505
201510072801424,CHCL,38,32,188,1388,260944
201510072801538,CHCL,52,32,100,1392,139200
201510072801518,CHCL,44,21,144,1391,200304
201510072801517,CHCL,44,13,180,1390,250200
201510072801513,CHCL,44,32,250,1389,347250
201510072801462,CHCL,34,39,104,1388,144352
201510072801437,CHCL,13,32,47,1389,65283
201510072801765,CHCL,26,26,100,1395,139500
201510072801674,CHCL,38,51,58,1394,80852
201510072801648,CHCL,34,45,114,1390,158460
201510072801604,CHCL,38,21,106,1394,147764
201510072801554,CHCL,49,29,17,1391,23647
201510072801539,CHCL,52,32,56,1392,77952
201510072801757,CZBIL,6,19,500,545,272500
201510072801716,CZBIL,14,44,400,544,217600
201510072801608,CZBIL,33,16,400,540,216000
201510072801607,CZBIL,10,16,50,540,27000
201510072801540,CZBIL,38,43,64,540,34560
201510072801461,CZBIL,32,14,214,544,116416
201510072801438,CZBIL,55,44,200,543,108600
201510072801432,CZBIL,10,36,110,540,59400
201510072801382,CZBIL,10,49,100,540,54000
201510072801356,CZBIL,41,44,300,544,163200
201510072801418,DDBL,44,14,200,1700,340000
201510072801415,DDBL,44,14,100,1706,170600
201510072801385,DDBL,44,16,107,1740,186180
201510072801374,DDBL,44,13,200,1730,346000
201510072801815,EBL,17,28,100,3230,323000
201510072801811,EBL,17,54,49,3229,158221
201510072801772,EBL,46,6,100,3220,322000
201510072801767,EBL,20,28,100,3230,323000
201510072801766,EBL,20,54,300,3229,968700
201510072801394,EBL,44,25,100,3180,318000
201510072801389,EBL,14,50,283,3170,897110
201510072801373,EBL,14,38,50,3165,158250
201510072801323,EBL,21,53,170,3163,537710
201510072801562,EBL,38,48,62,3172,196664
201510072801489,EBL,38,53,20,3172,63440
201510072801449,EBL,42,42,100,3190,319000
201510072801425,EBL,55,53,19,3164,60116
201510072801635,EBL,14,38,50,3204,160200
201510072801627,EBL,56,38,283,3199,905317
201510072801626,EBL,56,57,100,3200,320000
201510072801625,EBL,56,38,100,3198,319800
201510072801624,EBL,56,42,80,3190,255200
201510072801623,EBL,56,42,100,3190,319000
201510072801665,EBL,14,49,10,3245,32450
201510072801656,EBL,14,48,82,3213,263466
201510072801799,EFL,21,26,500,196,98000
201510072801637,EFL,39,26,100,200,20000
201510072801670,GBBL,39,39,50,329,16450
201510072801327,GBBL,39,39,100,323,32300
201510072801793,GBIME,25,14,45,525,23625
201510072801749,GBIME,11,57,200,520,104000
201510072801724,GBIME,1,46,31,519,16089
201510072801697,GBIME,10,38,1690,518,875420
201510072801657,GBIME,47,38,60,518,31080
201510072801643,GBIME,19,50,200,517,103400
201510072801353,GBIME,47,11,36,518,18648
201510072801350,GBIME,52,51,105,519,54495
201510072801337,GBIME,52,38,1000,517,517000
201510072801490,GBIME,37,59,43,520,22360
201510072801487,GBIME,37,59,32,520,16640
201510072801482,GBIME,37,59,43,520,22360
201510072801441,GBIME,14,59,43,520,22360
201510072801440,GBIME,14,47,80,520,41600
201510072801396,GBIME,52,47,20,520,10400
201510072801521,GBIME,22,46,10,520,5200
201510072801512,GBIME,22,59,30,520,15600
201510072801511,GBIME,22,59,30,520,15600
201510072801510,GBIME,22,59,30,520,15600
201510072801509,GBIME,37,59,43,520,22360
201510072801504,GBIME,37,59,43,520,22360
201510072801527,GBIME,21,46,100,517,51700
201510072801526,GBIME,39,46,20,517,10340
201510072801525,GBIME,25,46,500,518,259000
201510072801524,GBIME,52,46,100,518,51800
201510072801523,GBIME,49,46,50,518,25900
201510072801522,GBIME,37,46,50,520,26000
201510072801541,GBIME,50,47,100,520,52000
201510072801532,GBIME,32,46,440,516,227040
201510072801531,GBIME,1,46,500,516,258000
201510072801530,GBIME,16,46,100,516,51600
201510072801529,GBIME,32,46,200,517,103400
201510072801528,GBIME,50,46,100,517,51700
201510072801642,GBIME,58,50,300,517,155100
201510072801582,GBIME,25,46,140,516,72240
201510072801581,GBIME,32,46,60,516,30960
201510072801580,GBIME,50,46,100,517,51700
201510072801575,GBIME,19,38,200,518,103600
201510072801574,GBIME,50,38,50,520,26000
201510072801752,GLICL,10,10,250,600,150000
201510072801751,GLICL,22,10,250,600,150000
201510072801465,HBL,25,36,100,1270,127000
201510072801439,HBL,25,25,125,1269,158625
201510072801748,HBL,25,52,55,1279,70345
201510072801649,HBL,16,37,94,1275,119850
201510072801683,IDBL,48,36,10,211,2110
201510072801660,IDBL,48,42,700,208,145600
201510072801537,IDBL,21,36,10,204,2040
201510072801798,ILFC,42,26,500,228,114000
201510072801797,ILFC,42,1,250,227,56750
201510072801763,ILFC,14,7,323,226,72998
201510072801736,ILFC,14,49,2000,225,450000
201510072801629,ILFC,33,22,700,225,157500
201510072801494,ILFC,42,26,558,225,125550
201510072801484,INDBL,43,32,628,205,128740
201510072801769,JFL,7,40,606,360,218160
201510072801803,KBL,6,51,230,445,102350
201510072801788,KBL,36,54,2000,442,884000
201510072801553,KBL,21,17,300,442,132600
201510072801552,KBL,34,17,500,442,221000
201510072801551,KBL,6,17,200,443,88600
201510072801496,KBL,6,51,100,445,44500
201510072801486,KBL,34,29,300,443,132900
201510072801485,KBL,49,29,100,444,44400
201510072801704,KCDBL,39,45,17,192,3264
201510072801560,KCDBL,29,26,10,189,1890
201510072801555,KCDBL,29,26,10,189,1890
201510072801547,KCDBL,29,26,10,189,1890
201510072801460,KCDBL,29,45,17,192,3264
201510072801459,KCDBL,58,45,17,193,3281
201510072801573,KDBL,59,36,1000,193,193000
201510072801572,KDBL,1,36,1500,194,291000
201510072801550,KDBL,46,25,173,195,33735
201510072801399,KDBL,32,5,33,194,6402
201510072801791,KNBL,16,46,20,344,6880
201510072801790,KNBL,16,44,10,344,3440
201510072801821,KRBL,47,47,10,239,2390
201510072801819,KRBL,47,47,10,239,2390
201510072801818,KRBL,47,47,10,239,2390
201510072801817,KRBL,47,47,10,239,2390
201510072801814,KRBL,47,47,10,239,2390
201510072801804,KRBL,47,47,10,239,2390
201510072801759,KRBL,47,47,10,242,2420
201510072801758,KRBL,47,47,10,242,2420
201510072801776,KRBL,47,47,10,242,2420
201510072801774,KRBL,47,47,10,242,2420
201510072801773,KRBL,47,47,10,242,2420
201510072801768,KRBL,47,47,10,242,2420
201510072801764,KRBL,47,47,10,242,2420
201510072801761,KRBL,47,47,10,242,2420
201510072801785,KRBL,47,47,10,242,2420
201510072801783,KRBL,47,47,10,242,2420
201510072801782,KRBL,47,47,10,242,2420
201510072801781,KRBL,47,47,10,242,2420
201510072801780,KRBL,47,47,10,242,2420
201510072801778,KRBL,47,47,10,242,2420
201510072801714,LBL,32,54,300,535,160500
201510072801712,LBL,32,29,192,535,102720
201510072801706,LBL,32,36,352,534,187968
201510072801669,LBL,38,52,103,531,54693
201510072801601,LBL,38,39,105,530,55650
201510072801597,LBL,55,36,50,530,26500
201510072801546,LBL,14,25,60,530,31800
201510072801520,LBL,32,25,100,530,53000
201510072801388,LBL,19,45,35,530,18550
201510072801380,LICN,13,57,63,3400,214200
201510072801338,LICN,53,57,200,3416,683200
201510072801325,LICN,13,19,184,3449,634616
201510072801733,LUBL,45,49,60,400,24000
201510072801583,LUBL,40,45,200,399,79800
201510072801508,LUBL,38,45,100,399,39900
201510072801434,LUBL,38,41,400,399,159600
201510072801417,LUBL,16,17,200,398,79600
201510072801351,LUBL,25,46,300,400,120000
201510072801346,LUBL,25,38,19,400,7600
201510072801342,LUBL,25,45,213,400,85200
201510072801421,MNBBL,1,53,150,705,105750
201510072801420,MNBBL,42,53,10,709,7090
201510072801365,MNBBL,25,26,185,709,131165
201510072801617,MPFL,39,41,240,154,36960
201510072801775,NABIL,25,25,100,2339,233900
201510072801747,NABIL,7,35,200,2335,467000
201510072801738,NABIL,43,29,10,2331,23310
201510072801699,NABIL,26,35,200,2329,465800
201510072801694,NABIL,43,38,24,2330,55920
201510072801689,NABIL,43,37,100,2328,232800
201510072801499,NABIL,21,19,50,2326,116300
201510072801498,NABIL,25,19,20,2327,46540
201510072801406,NABIL,38,17,100,2322,232200
201510072801345,NABIL,21,35,82,2325,190650
201510072801578,NABIL,7,37,100,2323,232300
201510072801570,NABIL,19,26,60,2325,139500
201510072801569,NABIL,17,26,20,2329,46580
201510072801544,NABIL,38,19,46,2328,107088
201510072801501,NABIL,17,19,50,2325,116250
201510072801500,NABIL,49,19,30,2325,69750
201510072801644,NABIL,14,26,90,2325,209250
201510072801634,NABIL,49,26,50,2325,116250
201510072801622,NABIL,5,26,60,2325,139500
201510072801621,NABIL,5,26,40,2325,93000
201510072801590,NABIL,34,26,50,2325,116250
201510072801579,NABIL,25,26,30,2325,69750
201510072801770,NABILP,56,28,300,1760,528000
201510072801348,NABILP,22,32,100,1745,174500
201510072801561,NABILP,11,44,50,1750,87500
201510072801543,NABILP,33,28,300,1748,524400
201510072801592,NABILP,56,34,100,1750,175000
201510072801591,NABILP,56,44,110,1750,192500
201510072801589,NABILP,56,1,531,1750,929250
201510072801588,NABILP,14,44,20,1750,35000
201510072801762,NABILP,36,36,260,1755,456300
201510072801653,NABILP,21,28,200,1750,350000
201510072801652,NABILP,14,28,500,1750,875000
201510072801651,NABILP,49,28,100,1750,175000
201510072801688,NBB,32,45,100,630,63000
201510072801687,NBB,32,41,500,630,315000
201510072801680,NBB,32,33,155,630,97650
201510072801672,NBB,17,16,100,629,62900
201510072801598,NBB,32,41,500,627,313500
201510072801593,NBB,38,16,500,625,312500
201510072801359,NBB,6,53,200,623,124600
201510072801358,NBB,6,53,30,623,18690
201510072801335,NBB,29,33,558,624,348192
201510072801324,NBB,50,50,105,623,65415
201510072801392,NBB,7,53,100,623,62300
201510072801391,NBB,43,53,30,623,18690
201510072801375,NBB,43,53,70,623,43610
201510072801362,NBB,38,53,100,623,62300
201510072801361,NBB,29,53,500,623,311500
201510072801360,NBB,6,53,100,623,62300
201510072801442,NBB,6,50,400,625,250000
201510072801433,NBB,29,50,100,625,62500
201510072801430,NBB,13,42,200,625,125000
201510072801426,NBB,29,1,400,625,250000
201510072801414,NBB,44,33,300,624,187200
201510072801398,NBB,50,33,260,623,161980
201510072801584,NBB,38,50,395,626,247270
201510072801514,NBB,21,1,100,625,62500
201510072801473,NBB,38,53,300,624,187200
201510072801472,NBB,44,53,200,624,124800
201510072801471,NBB,38,53,100,625,62500
201510072801451,NBB,38,36,200,625,125000
201510072801577,NBF1,11,22,2398,13,31654
201510072801805,NBL,38,36,500,274,137000
201510072801760,NBL,8,14,852,274,233448
201510072801606,NBL,17,46,10,269,2690
201510072801605,NBL,32,46,290,270,78300
201510072801548,NBL,32,17,310,270,83700
201510072801545,NBL,32,37,500,270,135000
201510072801677,NCCB,14,51,353,438,154614
201510072801654,NCCB,5,33,500,432,216000
201510072801567,NCCB,29,33,500,432,216000
201510072801816,NCM,58,19,89,295,26255
201510072801792,NHPC,34,5,1000,113,113000
201510072801370,NHPC,43,39,1000,113,113000
201510072801777,NIB,17,25,321,1016,326136
201510072801740,NIB,53,6,100,1015,101500
201510072801728,NIB,53,7,200,1015,203000
201510072801707,NIB,17,43,200,1014,202800
201510072801702,NIB,50,43,200,1013,202600
201510072801693,NIB,50,25,211,1012,213532
201510072801427,NIB,41,46,100,1004,100400
201510072801692,NIB,50,43,200,1012,202400
201510072801673,NIB,50,8,200,1010,202000
201510072801636,NIB,52,28,100,1009,100900
201510072801483,NIB,17,38,94,1008,94752
201510072801481,NIB,38,7,300,1007,302100
201510072801458,NIB,44,51,65,1007,65455
201510072801734,NIBPO,11,58,150,825,123750
201510072801723,NIBPO,11,58,100,825,82500
201510072801722,NIBPO,19,58,100,827,82700
201510072801721,NIBPO,56,58,100,828,82800
201510072801720,NIBPO,42,58,150,830,124500
201510072801719,NIBPO,11,58,100,830,83000
201510072801333,NIBPO,55,43,100,825,82500
201510072801718,NIBPO,56,58,100,831,83100
201510072801717,NIBPO,49,58,200,831,166200
201510072801698,NIBPO,56,33,65,831,54015
201510072801435,NIBPO,11,42,60,829,49740
201510072801384,NIBPO,11,44,300,828,248400
201510072801336,NIBPO,14,44,200,828,165600
201510072801549,NIBSF1,1,57,2500,10,24750
201510072801535,NIBSF1,1,57,2500,10,24750
201510072801515,NIBSF1,1,57,5000,10,49500
201510072801647,NICA,44,19,100,935,93500
201510072801646,NICA,44,39,87,935,81345
201510072801633,NICA,44,21,900,934,840600
201510072801628,NICA,44,21,74,934,69116
201510072801603,NICA,33,29,500,932,466000
201510072801565,NICA,13,57,100,931,93100
201510072801564,NICA,49,57,300,931,279300
201510072801563,NICA,26,57,100,931,93100
201510072801436,NICA,44,21,1000,930,930000
201510072801410,NICA,25,57,500,929,464500
201510072801355,NICA,6,51,25,929,23225
201510072801493,NICL,42,49,400,408,163200
201510072801479,NLIC,14,55,100,3250,325000
201510072801478,NLIC,14,36,160,3250,520000
201510072801456,NLIC,56,33,920,3249,2989080
201510072801741,NLICL,54,13,30,2244,67320
201510072801428,NLICL,49,16,500,2210,1105000
201510072801340,NLICL,32,50,100,2220,222000
201510072801750,PCBL,47,53,500,602,301000
201510072801744,PCBL,39,29,200,601,120200
201510072801735,PCBL,39,36,23,601,13823
201510072801730,PCBL,39,36,23,601,13823
201510072801729,PCBL,39,42,150,601,90150
201510072801701,PCBL,32,47,225,600,135000
201510072801404,PCBL,41,53,100,588,58800
201510072801403,PCBL,10,53,100,589,58900
201510072801377,PCBL,16,53,100,589,58900
201510072801376,PCBL,6,53,200,590,118000
201510072801326,PCBL,10,51,150,590,88500
201510072801696,PCBL,32,57,146,600,87600
201510072801695,PCBL,32,39,152,600,91200
201510072801638,PCBL,10,17,70,596,41720
201510072801585,PCBL,13,21,275,595,163625
201510072801576,PCBL,13,29,95,594,56430
201510072801405,PCBL,36,53,200,588,117600
201510072801671,PFL,59,52,2520,439,1106280
201510072801467,PFL,41,41,370,445,164650
201510072801423,PFL,26,21,500,442,221000
201510072801419,PFL,55,53,800,442,353600
201510072801413,PFL,47,7,562,444,249528
201510072801402,PLIC,6,41,121,1350,163350
201510072801397,PLIC,6,16,1171,1350,1580850
201510072801347,PLIC,6,16,100,1350,135000
201510072801332,PLIC,6,57,394,1350,531900
201510072801533,RBBBL,16,26,10,212,2120
201510072801795,REDBL,56,7,500,315,157500
201510072801789,REDBL,56,7,37,312,11544
201510072801786,REDBL,56,7,37,312,11544
201510072801666,REDBL,38,17,107,306,32742
201510072801645,REDBL,56,50,1050,310,325500
201510072801641,REDBL,56,41,642,306,196452
201510072801519,REDBL,52,16,91,309,28119
201510072801409,REDBL,45,45,27,312,8424
201510072801381,REDBL,40,7,200,310,62000
201510072801796,RHPC,16,39,21,375,7875
201510072801411,RMDC,49,49,1500,677,1015500
201510072801746,SANIMA,21,21,100,660,66000
201510072801745,SANIMA,21,35,500,660,330000
201510072801612,SANIMA,26,46,30,652,19560
201510072801611,SANIMA,52,46,70,655,45850
201510072801596,SANIMA,52,11,130,655,85150
201510072801595,SANIMA,44,11,100,656,65600
201510072801412,SANIMA,38,41,447,655,292785
201510072801756,SBI,56,38,500,1481,740500
201510072801755,SBI,56,6,900,1480,1332000
201510072801754,SBI,56,54,300,1479,443700
201510072801684,SBI,56,56,470,1470,690900
201510072801476,SBI,38,38,200,1460,292000
201510072801475,SBI,35,38,40,1460,58400
201510072801387,SBI,56,54,300,1470,441000
201510072801322,SBI,44,14,1000,1461,1461000
201510072801474,SBI,49,38,100,1461,146100
201510072801448,SBI,35,38,160,1460,233600
201510072801447,SBI,6,38,350,1461,511350
201510072801446,SBI,36,38,100,1463,146300
201510072801445,SBI,11,38,40,1466,58640
201510072801444,SBI,16,38,50,1468,73400
201510072801613,SBL,6,6,500,750,375000
201510072801602,SBL,13,33,528,750,396000
201510072801372,SBL,43,44,350,750,262500
201510072801685,SCB,43,26,100,2780,278000
201510072801676,SCB,43,26,84,2778,233352
201510072801658,SCB,56,26,200,2775,555000
201510072801655,SCB,56,45,186,2770,515220
201510072801594,SCB,56,14,104,2765,287560
201510072801492,SCB,25,19,300,2762,828600
201510072801491,SCB,25,34,100,2760,276000
201510072801429,SCB,55,51,90,2760,248400
201510072801378,SCB,25,45,89,2764,245996
201510072801369,SCB,56,41,94,2763,259722
201510072801480,SEOS,7,21,5000,10,51000
201510072801366,SEOS,7,39,5000,10,51000
201510072801357,SEOS,7,39,5000,10,51000
201510072801334,SEOS,7,26,5000,10,51000
201510072801330,SEOS,7,26,2500,10,25500
201510072801619,SETI,7,29,37,199,7363
201510072801618,SETI,1,29,37,199,7363
201510072801609,SETI,7,29,37,199,7363
201510072801422,SFL,29,45,93,183,17019
201510072801620,SHINE,41,56,200,492,98400
201510072801610,SHINE,41,11,300,492,147600
201510072801710,SHPC,41,19,17,800,13600
201510072801709,SHPC,41,19,30,800,24000
201510072801708,SHPC,41,19,30,800,24000
201510072801416,SHPC,41,16,67,800,53600
201510072801408,SHPC,41,16,12,800,9600
201510072801407,SHPC,41,16,13,800,10400
201510072801401,SHPC,41,16,13,800,10400
201510072801400,SHPC,41,16,12,800,9600
201510072801344,SHPC,8,14,26,800,20800
201510072801343,SHPC,8,16,13,800,10400
201510072801711,SKBBL,10,41,100,1899,189900
201510072801663,SKBBL,55,55,30,1882,56460
201510072801502,SKBBL,10,11,18,1895,34110
201510072801364,SKBBL,10,57,64,1865,119360
201510072801715,SODBL,32,57,3000,132,396000
201510072801662,SODBL,46,20,828,132,109296
201510072801568,SODBL,46,20,1500,132,198000
201510072801466,SODBL,32,13,500,132,66000
201510072801464,SODBL,32,13,500,132,66000
201510072801367,SODBL,32,38,500,132,66000
201510072801331,SODBL,50,20,1000,132,132000
201510072801713,SRBL,35,58,200,528,105600
201510072801682,SRBL,25,49,88,530,46640
201510072801659,SRBL,16,36,200,525,105000
201510072801516,SRBL,44,26,40,520,20800
201510072801506,SRBL,25,32,27,525,14175
201510072801505,SRBL,25,32,400,525,210000
201510072801450,SRBL,49,54,45,524,23580
201510072801497,SRBL,33,42,495,521,257895
201510072801477,SRBL,38,33,465,522,242730
201510072801455,SRBL,44,54,550,520,286000
201510072801454,SRBL,38,54,200,520,104000
201510072801453,SRBL,11,54,200,522,104400
201510072801452,SRBL,16,54,100,523,52300
201510072801599,SUBBL,28,51,76,295,22420
201510072801393,SUBBL,28,49,186,295,54870
201510072801813,SUPRME,50,40,112,217,24304
201510072801727,SUPRME,44,33,1400,216,302400
201510072801690,SUPRME,44,26,236,215,50740
201510072801686,SUPRME,44,6,162,214,34668
201510072801681,SUPRME,44,34,37,214,7918
201510072801678,SUPRME,44,11,672,214,143808
201510072801650,SUPRME,54,49,177,211,37347
201510072801363,SUPRME,50,40,11,210,2310
201510072801507,TBBL,6,45,152,253,38456
201510072801368,TBBL,42,45,185,255,47175
201510072801691,VBBL,39,11,30,164,4920
201510072801615,VBBL,39,46,100,164,16400
201510072801614,VBBL,1,46,100,165,16500
201510072801771,YETI,39,54,110,149,16390
201510072801725,YETI,39,55,20,149,2980
201510072801703,YETI,39,54,40,149,5960
201510072801640,YETI,39,13,200,152,30400
201510072801639,YETI,14,13,100,152,15200
201510072801169,ACEDBL,33,33,4000,302,1208000
201510072801270,AHPC,16,7,1000,267,267000
201510072801090,AHPC,50,45,1000,270,270000
201510072801074,APEX,39,36,500,148,74000
201510072800963,APEX,20,39,540,147,79380
201510072800938,APEX,25,35,22,147,3234
201510072800870,APEX,43,39,500,148,74000
201510072801262,ARDBL,16,6,21,194,4074
201510072801304,BFCL,11,44,56,130,7280
201510072801299,BFCL,11,44,56,130,7280
201510072801023,BLDBL,55,26,22,372,8184
201510072800975,BLDBL,39,26,30,378,11340
201510072801264,CBBL,45,53,68,1770,120360
201510072801235,CBBL,44,21,93,1779,165447
201510072801146,CBBL,10,21,50,1780,89000
201510072801141,CBBL,58,21,100,1782,178200
201510072801139,CBBL,21,21,100,1783,178300
201510072801005,CBBL,21,6,100,1783,178300
201510072801321,CBL,38,38,166,277,45982
201510072801312,CBL,47,6,14,277,3878
201510072801092,CBL,21,45,676,277,187252
201510072801043,CBL,8,55,1000,278,278000
201510072800892,CBL,26,36,81,275,22275
201510072801223,CCBL,11,37,30,320,9600
201510072801153,CCBL,46,39,300,317,95100
201510072801041,CCBL,11,38,74,323,23902
201510072801019,CCBL,51,38,124,324,40176
201510072801013,CCBL,32,38,200,325,65000
201510072800976,CCBL,17,38,150,328,49200
201510072800928,CCBL,48,36,49,329,16121
201510072800909,CCBL,32,36,42,330,13860
201510072800867,CCBL,26,49,12,328,3936
201510072800863,CCBL,32,49,30,328,9840
201510072801174,CFCL,41,22,81,255,20655
201510072801120,CFCL,1,22,81,256,20736
201510072800886,CFCL,52,17,271,256,69376
201510072800862,CFCL,16,22,76,257,19532
201510072801318,CHCL,1,6,100,1390,139000
201510072801317,CHCL,53,6,50,1390,69500
201510072801316,CHCL,10,6,50,1390,69500
201510072801288,CHCL,25,54,155,1390,215450
201510072801285,CHCL,53,34,85,1390,118150
201510072801280,CHCL,21,6,15,1391,20865
201510072800906,CHCL,26,51,268,1390,372520
201510072800878,CHCL,19,1,100,1392,139200
201510072801176,CHCL,17,47,33,1390,45870
201510072801125,CHCL,53,25,127,1392,176784
201510072800973,CHCL,6,39,100,1390,139000
201510072800958,CHCL,43,39,100,1391,139100
201510072800957,CHCL,52,39,100,1391,139100
201510072800940,CHCL,10,54,200,1390,278000
201510072801277,CZBIL,56,44,400,540,216000
201510072801267,CZBIL,50,44,100,540,54000
201510072801218,CZBIL,20,26,500,540,270000
201510072801166,CZBIL,39,39,105,541,56805
201510072801095,CZBIL,19,26,128,538,68864
201510072801046,CZBIL,56,44,1000,540,540000
201510072801045,CZBIL,10,44,100,540,54000
201510072801044,CZBIL,42,44,100,540,54000
201510072800828,CZBIL,50,26,500,540,270000
201510072800827,CZBIL,5,26,100,540,54000
201510072800946,DDBL,45,16,100,1730,173000
201510072801308,EBL,57,49,100,3163,316300
201510072801307,EBL,57,53,30,3163,94890
201510072801305,EBL,14,33,150,3163,474450
201510072801303,EBL,14,28,200,3160,632000
201510072801297,EBL,57,53,30,3153,94590
201510072801273,EBL,55,53,500,3153,1576500
201510072801080,EBL,49,17,70,3160,221200
201510072801079,EBL,22,17,30,3160,94800
201510072801078,EBL,21,17,100,3161,316100
201510072801144,EBL,57,33,200,3162,632400
201510072801136,EBL,17,17,100,3153,315300
201510072801110,EBL,34,13,88,3155,277640
201510072801101,EBL,47,42,127,3160,401320
201510072801094,EBL,49,54,130,3160,410800
201510072801175,EBL,37,51,200,3152,630400
201510072801272,EBL,16,53,50,3153,157650
201510072801271,EBL,14,53,20,3154,63080
201510072801233,EBL,14,41,100,3153,315300
201510072801216,EBL,55,41,400,3153,1261200
201510072801194,EBL,55,45,100,3153,315300
201510072801311,FMDBL,42,7,98,620,60760
201510072801179,FMDBL,36,45,500,612,306000
201510072801261,GBIME,8,22,140,520,72800
201510072801228,GBIME,35,35,500,517,258500
201510072801219,GBIME,59,40,172,519,89268
201510072801215,GBIME,20,26,300,518,155400
201510072801107,GBIME,47,26,44,517,22748
201510072800981,GBIME,39,51,80,517,41360
201510072800980,GBIME,57,51,100,518,51800
201510072800979,GBIME,26,51,20,520,10400
201510072800936,GBIME,57,17,300,518,155400
201510072800915,GBIME,59,36,456,518,236208
201510072800883,GBIME,57,36,500,520,260000
201510072800882,GBIME,42,36,100,520,52000
201510072800916,GDBL,13,39,100,415,41500
201510072801055,GFCL,6,5,200,215,43000
201510072801142,GLICL,22,48,250,600,150000
201510072800832,GLICL,22,41,218,600,130800
201510072801206,HAMA,6,11,130,182,23660
201510072801189,HAMA,56,43,60,185,11100
201510072800947,HAMA,6,43,1000,185,185000
201510072801252,HBL,17,17,100,1260,126000
201510072801164,HBL,25,57,300,1246,373800
201510072800842,HBL,5,38,100,1270,127000
201510072800841,HBL,22,38,50,1270,63500
201510072800840,HBL,22,38,50,1270,63500
201510072801060,HGI,46,44,10,396,3960
201510072800956,HGI,44,44,10,404,4040
201510072800939,HGI,44,44,10,412,4120
201510072801100,IDBL,50,14,100,200,20000
201510072801099,IDBL,36,14,500,200,100000
201510072801098,IDBL,16,14,200,200,40000
201510072801097,IDBL,6,14,200,200,40000
201510072800962,IDBL,16,6,200,204,40800
201510072801238,ILFC,42,39,1000,227,227000
201510072801237,ILFC,42,26,500,227,113500
201510072801177,ILFC,42,22,1470,226,332220
201510072801113,ILFC,42,58,2000,227,454000
201510072801016,ILFC,42,52,310,227,70370
201510072800884,INDBL,43,54,97,203,19691
201510072800845,INDBL,43,49,700,207,144900
201510072800844,INDBL,38,49,20,207,4140
201510072801293,JFL,59,40,289,363,104907
201510072800942,JFL,16,40,192,370,71040
201510072800849,JFL,59,40,385,370,142450
201510072801222,KBL,10,21,200,445,89000
201510072801221,KBL,50,21,50,446,22300
201510072801220,KBL,21,21,50,446,22300
201510072801171,KBL,50,43,100,446,44600
201510072801152,KBL,10,1,300,445,133500
201510072801145,KBL,49,13,200,444,88800
201510072800843,KBL,52,11,132,447,59004
201510072800933,KBL,57,53,500,446,223000
201510072800932,KBL,6,53,200,446,89200
201510072800931,KBL,36,53,100,448,44800
201510072800907,KBL,50,11,53,448,23744
201510072800903,KBL,57,11,409,446,182414
201510072800847,KBL,52,21,500,449,224500
201510072801054,KBL,45,54,71,442,31382
201510072801050,KBL,45,54,400,442,176800
201510072801049,KBL,22,54,200,442,88400
201510072801022,KBL,36,36,571,443,252953
201510072800964,KBL,35,35,8393,444,3726492
201510072800934,KBL,8,53,1000,445,445000
201510072800959,KCDBL,44,45,17,195,3315
201510072801173,KDBL,47,20,20,193,3860
201510072801118,KMCDB,48,33,14,1446,20244
201510072801250,LBL,5,36,100,535,53500
201510072801249,LBL,41,36,170,535,90950
201510072801213,LBL,26,34,500,535,267500
201510072800982,LBL,41,51,128,535,68480
201510072800874,LBL,17,51,300,535,160500
201510072801265,LICN,45,22,105,3450,362250
201510072801128,LLBS,26,16,41,940,38540
201510072801203,LUBL,26,5,364,398,144872
201510072801117,LUBL,26,10,92,399,36708
201510072801004,LUBL,49,49,412,400,164800
201510072800999,LUBL,49,49,50,400,20000
201510072800988,LUBL,33,49,450,400,180000
201510072800978,LUBL,33,49,50,400,20000
201510072800879,LUBL,57,36,80,400,32000
201510072800823,LUBL,38,36,500,401,200500
201510072800971,LUBL,36,49,450,400,180000
201510072800966,LUBL,51,49,200,401,80200
201510072800965,LUBL,51,49,300,401,120300
201510072800885,LUBL,26,36,120,400,48000
201510072800881,LUBL,53,36,200,400,80000
201510072800880,LUBL,57,36,100,400,40000
201510072801287,MDB,41,25,32,630,20160
201510072801148,MDB,41,51,54,640,34560
201510072801147,MDB,41,26,72,638,45936
201510072800913,MDBL,53,26,200,325,65000
201510072801309,METRO,13,26,47,333,15651
201510072801283,METRO,13,26,40,333,13320
201510072800970,METRO,13,6,100,339,33900
201510072800937,MMDBL,55,36,10,597,5970
201510072801275,NABIL,49,45,30,2325,69750
201510072801255,NABIL,58,42,50,2321,116050
201510072801231,NABIL,17,45,70,2325,162750
201510072801230,NABIL,57,25,50,2335,116750
201510072801229,NABIL,57,33,100,2335,233500
201510072800836,NABIL,17,35,50,2335,116750
201510072800835,NABIL,42,35,100,2340,234000
201510072800834,NABIL,17,35,50,2343,117150
201510072800824,NABIL,11,37,100,2345,234500
201510072801012,NABILP,56,50,100,1750,175000
201510072801158,NABILP,8,44,50,1751,87550
201510072801178,NABILP,26,26,50,1745,87250
201510072801162,NABILP,57,44,200,1750,350000
201510072801161,NABILP,21,44,100,1750,175000
201510072801160,NABILP,39,44,50,1750,87500
201510072801159,NABILP,39,44,20,1750,35000
201510072801259,NABILP,26,28,150,1745,261750
201510072801310,NBB,6,1,70,623,43610
201510072801300,NBB,6,53,100,623,62300
201510072801290,NBB,49,53,1000,623,623000
201510072801289,NBB,6,53,100,623,62300
201510072801191,NBB,41,53,100,625,62500
201510072801165,NBB,35,53,200,623,124600
201510072801007,NBB,21,53,500,623,311500
201510072801006,NBB,39,53,200,623,124600
201510072800987,NBB,57,41,902,625,563750
201510072801073,NBB,6,33,500,624,312000
201510072801067,NBB,6,35,125,624,78000
201510072801047,NBB,34,36,321,624,200304
201510072801024,NBB,39,33,200,624,124800
201510072801021,NBB,7,53,200,623,124600
201510072801008,NBB,7,53,500,623,311500
201510072801257,NBF1,11,7,1798,13,23824
201510072801242,NBF1,41,7,1798,13,24093
201510072800910,NBL,22,17,318,270,85860
201510072800865,NBL,1,11,500,270,135000
201510072800846,NBL,17,17,500,271,135500
201510072801248,NCCB,7,51,500,430,215000
201510072801247,NCCB,13,51,300,431,129300
201510072801246,NCCB,34,51,500,432,216000
201510072801245,NCCB,35,51,20,432,8640
201510072801132,NEFL,13,6,500,295,147500
201510072801314,NHPC,39,39,2000,112,224000
201510072801276,NHPC,48,54,1000,112,112000
201510072801268,NHPC,45,54,1000,113,113000
201510072801266,NHPC,58,20,1000,113,113000
201510072801260,NIB,41,46,100,1003,100300
201510072801227,NIB,48,36,14,1001,14014
201510072801226,NIB,48,36,510,1001,510510
201510072801211,NIB,20,36,200,1001,200200
201510072801210,NIB,17,36,100,1002,100200
201510072801209,NIB,26,36,50,1003,50150
201510072801061,NIB,20,29,100,1007,100700
201510072801010,NIB,45,1,540,1009,544860
201510072800969,NIB,25,22,129,1010,130290
201510072800935,NIB,50,42,200,1010,202000
201510072800905,NIB,6,25,100,1010,101000
201510072800904,NIB,50,34,400,1010,404000
201510072801208,NIB,21,36,40,1005,40200
201510072801207,NIB,6,36,100,1006,100600
201510072801103,NIB,25,10,512,1001,512512
201510072801064,NIB,6,42,201,1005,202005
201510072801063,NIB,6,29,90,1005,90450
201510072801062,NIB,26,29,100,1006,100600
201510072801254,NIBPO,11,33,60,820,49200
201510072801253,NIBPO,11,33,100,820,82000
201510072801244,NIBPO,11,47,140,820,114800
201510072801085,NIBPO,11,54,300,820,246000
201510072801051,NIBPO,49,14,1000,820,820000
201510072800850,NIBPO,49,42,100,830,83000
201510072800949,NIBPO,55,42,100,829,82900
201510072800866,NIBPO,55,39,1000,829,829000
201510072800860,NIBPO,6,42,50,830,41500
201510072800858,NIBPO,6,29,50,830,41500
201510072800855,NIBPO,6,20,200,830,166000
201510072800853,NIBPO,49,29,450,830,373500
201510072801093,NIBSF1,1,52,5000,10,49500
201510072801072,NIBSF1,1,21,5000,10,49500
201510072801294,NICA,5,41,57,930,53010
201510072801234,NICA,20,20,321,934,299814
201510072801205,NICA,59,57,500,927,463500
201510072801204,NICA,51,57,200,927,185400
201510072801154,NICA,6,29,34,930,31620
201510072801075,NICA,59,29,25,930,23250
201510072800922,NICA,57,35,57,930,53010
201510072800917,NICA,57,35,57,930,53010
201510072800914,NICA,25,11,40,925,37000
201510072800861,NICA,32,28,390,930,362700
201510072800822,NICA,57,50,200,930,186000
201510072800974,NLBBL,44,7,96,1804,173184
201510072800961,NLBBL,44,6,40,1804,72160
201510072800944,NLBBL,47,33,100,1833,183300
201510072801240,NLG,53,19,15,726,10890
201510072801241,NLIC,56,55,430,3200,1376000
201510072801196,NLIC,49,55,500,3200,1600000
201510072801138,NLIC,44,16,200,3186,637200
201510072800955,NLIC,53,55,200,3230,646000
201510072800954,NLIC,17,55,50,3240,162000
201510072800953,NLIC,14,55,200,3240,648000
201510072800952,NLIC,57,55,500,3250,1625000
201510072800951,NLIC,54,55,100,3270,327000
201510072800950,NLIC,28,55,20,3295,65900
201510072801306,NLICL,6,7,229,2215,507235
201510072801292,NLICL,5,50,100,2210,221000
201510072801225,NLICL,16,16,47,2200,103400
201510072801108,NLICL,17,16,155,2200,341000
201510072801104,NLICL,14,50,100,2202,220200
201510072801089,NLICL,34,16,180,2203,396540
201510072801082,NLICL,14,16,500,2210,1105000
201510072800859,NLICL,6,13,100,2240,224000
201510072800833,NLICL,53,54,200,2240,448000
201510072801239,NUBL,49,49,212,1895,401740
201510072801156,OHL,36,41,200,580,116000
201510072800960,OHL,11,41,470,575,270250
201510072801291,PCBL,10,19,501,590,295590
201510072801217,PCBL,39,53,20,586,11720
201510072801214,PCBL,53,53,200,585,117000
201510072801197,PCBL,22,22,50,584,29200
201510072801186,PCBL,43,46,400,585,234000
201510072801185,PCBL,22,46,150,585,87750
201510072800924,PCBL,56,44,200,592,118400
201510072800923,PCBL,59,44,200,593,118600
201510072800911,PCBL,17,59,500,593,296500
201510072800895,PCBL,8,39,200,594,118800
201510072800894,PCBL,6,39,100,595,59500
201510072800868,PCBL,10,59,300,595,178500
201510072800984,PCBL,1,53,80,590,47200
201510072800968,PCBL,1,7,220,590,129800
201510072800967,PCBL,13,7,280,590,165200
201510072800930,PCBL,53,44,59,590,34810
201510072800926,PCBL,53,44,300,590,177000
201510072800925,PCBL,6,44,100,591,59100
201510072801056,PCBL,10,53,20,590,11800
201510072801053,PCBL,34,53,180,590,106200
201510072801052,PCBL,49,53,100,591,59100
201510072801011,PCBL,10,14,351,590,207090
201510072800986,PCBL,34,53,320,590,188800
201510072800985,PCBL,50,53,100,590,59000
201510072801184,PCBL,6,46,100,585,58500
201510072801183,PCBL,54,46,200,587,117400
201510072801182,PCBL,7,46,500,588,294000
201510072801181,PCBL,10,46,300,589,176700
201510072801180,PCBL,39,46,100,590,59000
201510072801109,PCBL,1,19,471,590,277890
201510072801313,PFL,55,13,179,447,80013
201510072801302,PFL,16,32,60,448,26880
201510072801298,PFL,36,13,84,448,37632
201510072801258,PFL,1,53,660,442,291720
201510072801155,PFL,44,21,500,443,221500
201510072801127,PFL,1,38,800,442,353600
201510072800848,PFL,4,32,200,448,89600
201510072800837,PFL,39,32,200,448,89600
201510072800830,PFL,50,52,200,448,89600
201510072800829,PFL,17,17,500,448,224000
201510072800825,PFL,17,17,500,448,224000
201510072800873,PFL,49,19,500,445,222500
201510072800871,PFL,55,38,530,447,236910
201510072800869,PFL,55,19,310,447,138570
201510072800857,PFL,25,19,300,448,134400
201510072800854,PFL,25,32,300,448,134400
201510072800851,PFL,25,32,100,448,44800
201510072800912,PFL,1,46,60,448,26880
201510072800908,PFL,26,46,142,448,63616
201510072800902,PFL,51,46,200,448,89600
201510072800890,PFL,26,13,540,448,241920
201510072800887,PFL,26,17,576,448,258048
201510072800875,PFL,4,13,240,448,107520
201510072800983,PFL,47,19,500,448,224000
201510072800972,PFL,39,32,96,448,43008
201510072800945,PFL,1,1,1010,442,446420
201510072800941,PFL,42,42,2000,446,892000
201510072800920,PFL,28,38,500,448,224000
201510072800918,PFL,1,38,31,448,13888
201510072801042,PFL,26,21,50,448,22400
201510072801025,PFL,17,46,500,444,222000
201510072801017,PFL,49,46,500,445,222500
201510072801015,PFL,26,32,100,448,44800
201510072801003,PFL,49,38,1000,443,443000
201510072800995,PFL,42,32,72,448,32256
201510072801119,PFL,44,35,2520,443,1116360
201510072801102,PFL,44,32,2520,442,1113840
201510072801088,PFL,48,46,430,445,191350
201510072801087,PFL,44,32,1930,442,853060
201510072801058,PFL,16,32,120,448,53760
201510072801048,PFL,36,32,60,448,26880
201510072801301,PLIC,59,38,31,1349,41819
201510072801059,PLIC,59,54,500,1345,672500
201510072801014,PLIC,59,38,100,1349,134900
201510072800891,PLIC,6,34,27,1345,36315
201510072800889,PLIC,59,16,321,1330,426930
201510072800877,PLIC,6,40,100,1340,134000
201510072801286,RMDC,42,38,292,690,201480
201510072801163,RMDC,42,33,233,690,160770
201510072801151,RMDC,48,14,90,677,60930
201510072801150,RMDC,19,14,50,680,34000
201510072801149,RMDC,7,14,360,680,244800
201510072801076,RMDC,7,38,140,680,95200
201510072801256,SADBL,41,21,389,395,153655
201510072800839,SADBL,59,44,153,393,60129
201510072800831,SADBL,6,44,153,393,60129
201510072801263,SANIMA,57,20,859,650,558350
201510072801129,SANIMA,45,14,400,648,259200
201510072801091,SANIMA,19,17,400,648,259200
201510072801086,SANIMA,14,38,400,650,260000
201510072801057,SANIMA,47,40,43,655,28165
201510072801018,SANIMA,26,35,20,650,13000
201510072800948,SANIMA,57,25,150,654,98100
201510072800943,SANIMA,57,21,150,654,98100
201510072800994,SANIMA,38,35,100,650,65000
201510072800993,SANIMA,56,35,1000,650,650000
201510072800992,SANIMA,56,35,200,650,130000
201510072800991,SANIMA,56,35,80,650,52000
201510072800990,SANIMA,17,35,500,651,325500
201510072800989,SANIMA,39,35,100,651,65100
201510072801278,SBI,6,14,58,1466,85028
201510072801243,SBI,44,14,107,1467,156969
201510072801236,SBI,17,14,600,1468,880800
201510072801193,SBI,17,17,224,1470,329280
201510072801190,SBI,17,40,82,1470,120540
201510072801130,SBI,44,10,279,1467,409293
201510072801115,SBI,22,17,30,1475,44250
201510072801077,SBI,44,45,200,1467,293400
201510072800901,SBI,17,19,90,1470,132300
201510072801251,SBL,17,44,50,750,37500
201510072801157,SBL,46,44,300,752,225600
201510072801140,SBL,11,44,200,750,150000
201510072801131,SBL,11,42,124,745,92380
201510072801126,SBL,5,17,157,745,116965
201510072801065,SBL,34,29,300,743,222900
201510072800876,SBL,11,16,339,745,252555
201510072801320,SCB,25,50,134,2760,369840
201510072801232,SCB,48,38,34,2751,93534
201510072801195,SCB,25,57,269,2751,740019
201510072801137,SCB,53,29,60,2752,165120
201510072801124,SCB,53,21,130,2752,357760
201510072801123,SCB,25,21,200,2752,550400
201510072801001,SCB,25,41,100,2770,277000
201510072801000,SCB,25,41,100,2770,277000
201510072800977,SCB,56,57,375,2765,1036875
201510072800927,SCB,53,14,200,2751,550200
201510072801122,SCB,46,21,30,2752,82560
201510072801121,SCB,46,21,30,2755,82650
201510072801111,SCB,46,14,50,2753,137650
201510072801096,SCB,25,17,146,2752,401792
201510072801009,SCB,25,22,15,2774,41610
201510072801319,SEOS,7,26,5000,10,51000
201510072801296,SHPC,42,51,50,800,40000
201510072801295,SHPC,11,51,20,800,16000
201510072801212,SHPC,8,6,54,800,43200
201510072801114,SHPC,8,33,282,800,225600
201510072801081,SHPC,48,48,500,800,400000
201510072801066,SHPC,8,39,200,800,160000
201510072800856,SHPC,11,16,13,800,10400
201510072801133,SICL,17,49,250,935,233750
201510072801281,SKBBL,21,21,42,1865,78330
201510072801192,SKBBL,38,16,278,1880,522640
201510072801188,SKBBL,8,16,100,1882,188200
201510072801187,SKBBL,10,16,200,1886,377200
201510072801135,SKBBL,13,42,19,1886,35834
201510072801202,SLICL,34,25,500,700,350000
201510072801020,SMFDB,40,14,79,2020,159580
201510072801274,SODBL,32,17,500,132,66000
201510072800921,SODBL,39,20,443,131,58033
201510072800919,SODBL,43,20,1000,131,131000
201510072801279,SRBL,50,26,62,525,32550
201510072801002,SRBL,11,58,500,522,261000
201510072800996,SRBL,11,17,500,520,260000
201510072801269,SUPRME,48,6,10,214,2140
201510072801315,SWBBL,7,5,50,2213,110650
201510072801284,SWBBL,44,14,91,2211,201201
201510072801282,SWBBL,21,14,200,2212,442400
201510072801134,SWBBL,21,14,122,2230,272060
201510072800899,SWBBL,26,33,400,2245,898000
201510072800898,SWBBL,26,33,100,2245,224500
201510072800897,SWBBL,7,33,100,2246,224600
201510072800896,SWBBL,22,33,50,2246,112300
201510072800893,SWBBL,45,47,100,2247,224700
201510072800888,SWBBL,13,33,20,2275,45500
201510072800852,SWBBL,7,28,34,2250,76500
201510072801143,UFIL,36,14,100,159,15900
201510072800826,VBBL,17,46,200,167,33400
201510072801116,WDBL,6,40,314,336,105504
201510072801224,YETI,29,51,50,155,7750
201510072800998,YETI,39,51,200,155,31000
201510072800997,YETI,39,51,100,155,15500
201510072800579,AHPC,51,51,1530,270,413100
201510072800621,APEX,25,49,500,150,75000
201510072800608,APEX,25,38,500,149,74500
201510072800600,APEX,39,19,132,148,19536
201510072800737,ARDBL,45,39,102,194,19788
201510072800561,ARDBL,1,42,42,192,8064
201510072800556,ARDBL,1,44,21,192,4032
201510072800557,BFCL,13,13,14,131,1834
201510072800555,BFCL,13,13,14,131,1834
201510072800554,BFCL,13,13,31,131,4061
201510072800631,BFCL,35,41,336,129,43344
201510072800559,BFCL,13,13,14,131,1834
201510072800558,BFCL,13,13,14,131,1834
201510072800745,CBBL,1,17,34,1788,60792
201510072800703,CBBL,21,4,100,1781,178100
201510072800686,CBBL,58,49,204,1782,363528
201510072800677,CBBL,52,17,90,1781,160290
201510072800645,CBBL,10,4,100,1780,178000
201510072800636,CBBL,1,4,25,1785,44625
201510072800577,CBBL,52,28,74,1790,132460
201510072800710,CBL,32,26,570,273,155610
201510072800698,CBL,32,26,430,273,117390
201510072800697,CBL,54,26,300,275,82500
201510072800696,CBL,54,26,70,278,19460
201510072800668,CBL,54,33,130,278,36140
201510072800667,CBL,32,33,500,278,139000
201510072800666,CBL,17,33,200,278,55600
201510072800665,CBL,11,33,100,278,27800
201510072800664,CBL,11,33,60,280,16800
201510072800663,CBL,25,33,200,280,56000
201510072800607,CBL,32,38,130,283,36790
201510072800605,CBL,32,38,99,283,28017
201510072800810,CHCL,34,25,54,1392,75168
201510072800726,CHCL,19,39,260,1388,360880
201510072800715,CHCL,43,39,260,1391,361660
201510072800813,CZBIL,10,10,869,537,466653
201510072800791,CZBIL,5,49,38,547,20786
201510072800775,CZBIL,55,49,150,545,81750
201510072800774,CZBIL,55,50,100,542,54200
201510072800682,CZBIL,41,49,50,545,27250
201510072800551,CZBIL,33,33,910,550,500500
201510072800603,DBBL,17,16,10,230,2300
201510072800599,DBBL,16,16,10,226,2260
201510072800589,DBBL,16,16,10,222,2220
201510072800587,DBBL,16,16,10,218,2180
201510072800582,DBBL,47,16,10,214,2140
201510072800642,EBL,11,17,100,3170,317000
201510072800641,EBL,20,13,50,3151,157550
201510072800637,EBL,56,17,100,3150,315000
201510072800618,EBL,13,36,24,3150,75600
201510072800606,EBL,56,42,500,3150,1575000
201510072800597,EBL,55,38,100,3172,317200
201510072800596,EBL,22,38,50,3180,159000
201510072800586,EBL,22,42,100,3180,318000
201510072800585,EBL,45,42,100,3185,318500
201510072800584,EBL,11,42,50,3190,159500
201510072800583,EBL,22,42,50,3200,160000
201510072800549,GBBL,39,39,50,317,15850
201510072800548,GBBL,25,39,10,311,3110
201510072800746,GLICL,22,47,14,605,8470
201510072800601,GLICL,22,41,211,617,130187
201510072800816,ILFC,42,36,510,223,113730
201510072800740,JBBL,16,49,140,196,27440
201510072800739,JBBL,59,49,120,196,23520
201510072800738,JBBL,45,49,40,199,7960
201510072800718,JBBL,59,36,380,196,74480
201510072800727,JFL,59,57,104,375,39000
201510072800719,KBBL,13,22,270,360,97200
201510072800675,KBBL,13,41,230,360,82800
201510072800766,KBL,57,42,200,450,90000
201510072800695,KBL,57,44,200,453,90600
201510072800684,KBL,57,17,208,452,94016
201510072800654,KBL,48,44,700,450,315000
201510072800653,KBL,34,44,500,451,225500
201510072800651,KBL,34,17,200,451,90200
201510072800611,KBL,57,40,127,450,57150
201510072800610,KBL,57,43,200,450,90000
201510072800591,KBL,46,53,200,450,90000
201510072800590,KBL,25,53,200,452,90400
201510072800777,KCDBL,29,19,99,196,19404
201510072800721,KCDBL,35,35,17,196,3332
201510072800712,KCDBL,21,21,17,198,3366
201510072800619,KCDBL,35,35,17,198,3366
201510072800602,KCDBL,35,35,17,198,3366
201510072800576,KCDBL,11,43,17,201,3417
201510072800574,KCDBL,35,35,17,205,3485
201510072800792,KDBL,47,39,824,196,161504
201510072800752,KMCDB,48,47,10,1446,14460
201510072800652,KNBL,32,44,10,351,3510
201510072800616,KNBL,32,44,10,358,3580
201510072800805,LBL,16,56,1000,539,539000
201510072800801,LBL,17,21,228,540,123120
201510072800760,LBL,17,39,500,540,270000
201510072800759,LBL,17,39,110,541,59510
201510072800623,LBL,17,17,661,550,363550
201510072800769,LUBL,57,28,100,400,40000
201510072800758,LUBL,57,28,400,400,160000
201510072800735,LUBL,57,33,20,400,8000
201510072800657,LUBL,33,33,500,401,200500
201510072800635,LUBL,33,33,456,401,182856
201510072800622,LUBL,33,33,1500,401,601500
201510072800819,MDBL,29,26,10,331,3310
201510072800764,MNBBL,25,47,26,696,18096
201510072800614,MNBBL,42,42,226,692,156392
201510072800609,MNBBL,25,42,195,706,137670
201510072800678,NABIL,11,42,100,2350,235000
201510072800661,NABIL,47,16,23,2350,54050
201510072800567,NABIL,38,38,220,2390,525800
201510072800798,NBB,32,10,100,622,62200
201510072800784,NBB,32,19,100,622,62200
201510072800783,NBB,6,19,200,622,124400
201510072800782,NBB,17,19,100,622,62200
201510072800781,NBB,43,19,100,622,62200
201510072800772,NBB,48,58,800,623,498400
201510072800771,NBB,57,58,200,625,125000
201510072800761,NBB,6,19,500,627,313500
201510072800679,NBB,57,41,100,635,63500
201510072800804,NBL,32,44,400,271,108400
201510072800796,NBL,1,44,200,271,54200
201510072800795,NBL,17,44,500,271,135500
201510072800794,NBL,42,44,500,271,135500
201510072800789,NBL,1,33,800,271,216800
201510072800648,NBL,25,44,820,271,222220
201510072800647,NBL,29,44,820,272,223040
201510072800634,NBL,17,44,100,276,27600
201510072800633,NBL,17,44,300,276,82800
201510072800580,NCCB,35,35,4656,432,2011392
201510072800787,NIB,50,48,200,1008,201600
201510072800748,NIB,45,6,500,1010,505000
201510072800786,NIBPO,49,10,450,830,373500
201510072800785,NIBPO,33,10,200,832,166400
201510072800814,NICA,57,10,163,928,151264
201510072800717,NICA,32,26,100,928,92800
201510072800707,NICA,32,38,250,928,232000
201510072800706,NICA,6,38,100,928,92800
201510072800705,NICA,36,38,100,928,92800
201510072800704,NICA,16,38,50,929,46450
201510072800687,NICA,45,49,356,930,331080
201510072800683,NICA,8,28,10,945,9450
201510072800650,NLBBL,21,21,10,1840,18400
201510072800646,NLBBL,21,44,200,1840,368000
201510072800620,NLBBL,26,44,100,1845,184500
201510072800578,NLBBL,44,44,549,1850,1015650
201510072800613,NLIC,7,55,200,3290,658000
201510072800797,NLICL,7,19,100,2250,225000
201510072800743,NTC,52,28,800,645,516000
201510072800742,NTC,32,28,1000,648,648000
201510072800741,NTC,22,28,500,648,324000
201510072800815,NUBL,17,47,50,1910,95500
201510072800566,NUBL,47,47,100,1918,191800
201510072800778,OHL,11,38,11,580,6380
201510072800767,PCBL,26,49,50,601,30050
201510072800734,PCBL,8,49,200,601,120200
201510072800722,PCBL,46,42,95,602,57190
201510072800820,PFL,45,17,43,448,19264
201510072800812,PFL,55,44,1260,445,560700
201510072800811,PFL,5,38,311,448,139328
201510072800809,PFL,41,17,737,448,330176
201510072800806,PFL,39,17,500,448,224000
201510072800803,PFL,36,32,58,448,25984
201510072800673,PFL,43,32,10,440,4400
201510072800662,PFL,47,32,10,432,4320
201510072800649,PFL,36,32,10,424,4240
201510072800643,PFL,6,32,10,416,4160
201510072800713,PFL,25,19,420,448,188160
201510072800711,PFL,25,38,830,448,371840
201510072800708,PFL,47,53,576,448,258048
201510072800688,PFL,36,32,10,448,4480
201510072800685,PFL,45,43,1000,448,448000
201510072800680,PFL,47,43,300,448,134400
201510072800763,PFL,33,38,1222,448,547456
201510072800750,PFL,39,43,127,448,56896
201510072800744,PFL,25,32,360,448,161280
201510072800729,PFL,39,38,850,448,380800
201510072800716,PFL,5,16,333,448,149184
201510072800714,PFL,55,41,413,448,185024
201510072800800,PFL,6,32,100,448,44800
201510072800790,PFL,38,32,300,448,134400
201510072800779,PFL,50,16,400,448,179200
201510072800776,PFL,55,32,363,448,162624
201510072800768,PFL,17,32,261,448,116928
201510072800765,PFL,42,42,3000,446,1338000
201510072800670,RBBBL,11,41,13,210,2730
201510072800552,RBBBL,39,39,51,208,10608
201510072800617,RHPC,25,39,12,378,4536
201510072800543,RHPC,22,44,12,371,4452
201510072800541,RHPC,44,44,12,378,4536
201510072800540,RHPC,44,44,12,378,4536
201510072800733,RMDC,13,47,100,690,69000
201510072800699,RMDC,48,47,100,690,69000
201510072800639,SADBL,6,44,153,398,60894
201510072800756,SANIMA,56,26,200,650,130000
201510072800755,SANIMA,54,26,200,650,130000
201510072800754,SANIMA,10,26,500,651,325500
201510072800753,SANIMA,4,26,100,654,65400
201510072800660,SANIMA,38,53,100,653,65300
201510072800659,SANIMA,17,53,100,653,65300
201510072800658,SANIMA,40,53,100,654,65400
201510072800655,SANIMA,19,19,200,665,133000
201510072800799,SBI,11,33,10,1466,14660
201510072800821,SBL,17,5,100,755,75500
201510072800780,SBL,43,43,1622,747,1211634
201510072800770,SBL,43,43,100,756,75600
201510072800817,SCB,56,32,200,2750,550000
201510072800762,SCB,54,7,100,2755,275500
201510072800751,SCB,28,7,100,2760,276000
201510072800728,SCB,34,41,10,2785,27850
201510072800671,SCB,54,41,100,2785,278500
201510072800595,SCB,52,41,100,2790,279000
201510072800594,SCB,52,41,30,2791,83730
201510072800588,SCB,35,35,300,2800,840000
201510072800598,SETI,1,45,97,200,19400
201510072800593,SETI,1,17,25,200,5000
201510072800724,SHPC,50,7,100,795,79500
201510072800723,SHPC,22,7,400,796,318400
201510072800581,SHPC,11,6,18,800,14400
201510072800575,SHPC,22,16,14,800,11200
201510072800573,SHPC,22,16,13,800,10400
201510072800568,SHPC,22,25,18,800,14400
201510072800553,SHPC,21,26,100,800,80000
201510072800550,SHPC,29,26,100,798,79800
201510072800773,SINDU,43,17,50,260,13000
201510072800802,SKBBL,10,36,185,1900,351500
201510072800749,SKBBL,8,39,100,1900,190000
201510072800808,SRBL,33,33,237,520,123240
201510072800630,SRBL,16,42,500,520,260000
201510072800672,SUBBL,32,49,28,300,8400
201510072800656,SUBBL,39,39,38,295,11210
201510072800720,SYFL,50,10,202,104,21008
201510072800632,SYFL,33,42,100,104,10400
201510072800626,SYFL,16,10,60,102,6120
201510072800625,SYFL,16,42,100,102,10200
201510072800542,SYFL,39,16,10,100,1000
201510072800539,SYFL,39,39,10,99,990
201510072800538,SYFL,16,16,100,99,9900
201510072800624,TBBL,6,21,114,258,29412
201510072800725,UFIL,36,17,200,159,31800
201510072800681,UFIL,1,17,200,160,32000
201510072800638,WDBL,13,48,200,330,66000
