contract,symbol,buyer,seller,qty,rate,amt
201503312534890,ACEDBL,51,43,195,249,48555
201503312534862,ACEDBL,57,43,200,250,50000
201503312534669,ACEDBL,56,43,200,249,49800
201503312534747,ADBL,40,20,500,461,230500
201503312534743,ADBL,5,20,300,462,138600
201503312534726,ADBL,29,13,40,463,18520
201503312534577,ADBL,43,42,40,465,18600
201503312534569,ADBL,5,13,41,464,19024
201503312534901,AHPC,13,26,137,342,46854
201503312534876,AHPC,47,39,1000,340,340000
201503312534696,AHPC,25,49,251,338,84838
201503312534680,AHPC,52,19,213,338,71994
201503312534532,AHPC,46,48,30,338,10140
201503312534500,AHPC,46,26,100,338,33800
201503312534499,AHPC,17,26,300,339,101700
201503312534498,AHPC,52,26,100,339,33900
201503312534497,AHPC,34,26,200,340,68000
201503312534496,AHPC,25,26,200,340,68000
201503312534495,AHPC,11,26,100,340,34000
201503312534455,AHPC,14,55,500,341,170500
201503312534895,ALICL,28,28,952,1220,1161440
201503312534867,ALICL,11,55,255,1239,315945
201503312534866,ALICL,28,28,1039,1220,1267580
201503312534809,ALICL,26,36,100,1235,123500
201503312534808,ALICL,17,36,150,1236,185400
201503312534807,ALICL,14,36,50,1240,62000
201503312534806,ALICL,48,36,10,1250,12500
201503312534446,ALICL,17,51,120,1243,149160
201503312534782,APEX,37,1,30,136,4080
201503312534780,APEX,37,1,30,136,4080
201503312534767,APEX,37,41,11,137,1507
201503312534476,APEX,44,25,1000,137,137000
201503312534462,APEX,44,43,40,135,5400
201503312534868,ARDBL,8,13,30,202,6060
201503312534835,BGDBL,48,47,300,336,100800
201503312534826,BGDBL,48,59,720,330,237600
201503312534825,BGDBL,48,47,500,329,164500
201503312534824,BGDBL,48,1,200,328,65600
201503312534823,BGDBL,48,47,500,324,162000
201503312534692,BGDBL,48,16,70,324,22680
201503312534480,BLDBL,48,16,500,320,160000
201503312534479,BLDBL,48,16,80,326,26080
201503312534919,BPCL,21,42,400,604,241600
201503312534859,BPCL,14,36,124,599,74276
201503312534851,BPCL,21,19,250,600,150000
201503312534846,BPCL,46,13,500,597,298500
201503312534741,BPCL,28,19,500,598,299000
201503312534848,BUDBL,59,59,10,217,2170
201503312534881,CBBL,6,53,100,1610,161000
201503312534587,CBBL,29,53,100,1610,161000
201503312534917,CBL,42,41,1000,285,285000
201503312534740,CBL,48,35,500,289,144500
201503312534739,CBL,48,43,500,288,144000
201503312534653,CBL,53,43,500,285,142500
201503312534652,CBL,53,19,300,285,85500
201503312534524,CBL,32,43,500,283,141500
201503312534523,CBL,53,50,221,285,62985
201503312534912,CCBL,13,56,500,307,153500
201503312534909,CCBL,13,56,500,307,153500
201503312534874,CCBL,53,56,500,305,152500
201503312534873,CCBL,50,56,100,305,30500
201503312534872,CCBL,48,56,100,305,30500
201503312534871,CCBL,55,56,500,306,153000
201503312534561,CCBL,32,1,40,310,12400
201503312534428,CCBL,50,50,150,309,46350
201503312534580,CCBL,50,1,40,310,12400
201503312534579,CCBL,38,1,40,309,12360
201503312534572,CCBL,38,1,40,309,12360
201503312534570,CCBL,38,1,40,309,12360
201503312534565,CCBL,17,1,40,309,12360
201503312534563,CCBL,17,1,40,309,12360
201503312534731,CCBL,21,41,40,310,12400
201503312534729,CCBL,21,41,40,310,12400
201503312534725,CCBL,21,41,40,310,12400
201503312534722,CCBL,21,41,40,310,12400
201503312534719,CCBL,21,41,40,310,12400
201503312534677,CCBL,46,41,80,310,24800
201503312534756,CCBL,38,56,380,309,117420
201503312534755,CCBL,17,56,20,309,6180
201503312534754,CCBL,21,56,100,310,31000
201503312534753,CCBL,46,56,20,310,6200
201503312534752,CCBL,32,56,10,310,3100
201503312534870,CCBL,41,56,30,307,9210
201503312534869,CCBL,7,56,200,308,61600
201503312534789,CCBL,53,56,500,310,155000
201503312534630,CDBL,26,41,101,340,34340
201503312534819,CFCL,21,28,500,209,104500
201503312534689,CFCL,21,28,500,209,104500
201503312534688,CFCL,26,28,1000,210,210000
201503312534667,CFCL,26,25,30,212,6360
201503312534915,CHCL,19,52,52,1586,82472
201503312534843,CHCL,19,42,68,1585,107780
201503312534831,CHCL,19,41,85,1585,134725
201503312534738,CHCL,46,49,60,1584,95040
201503312534733,CHCL,14,8,46,1580,72680
201503312534703,CHCL,20,6,105,1583,166215
201503312534685,CHCL,36,49,200,1580,316000
201503312534637,CHCL,49,49,100,1581,158100
201503312534614,CHCL,14,29,70,1580,110600
201503312534487,CHCL,17,28,45,1582,71190
201503312534486,CHCL,26,49,100,1587,158700
201503312534471,CHCL,38,6,200,1585,317000
201503312534884,CNDBL,45,25,30,180,5400
201503312534883,CNDBL,45,25,30,180,5400
201503312534882,CNDBL,45,25,30,180,5400
201503312534584,CNDBL,45,46,40,177,7080
201503312534516,CNDBL,39,47,330,176,58080
201503312534491,CSDBL,7,58,200,343,68600
201503312534658,CZBIL,38,29,105,451,47355
201503312534693,DDBL,44,22,10,1224,12240
201503312534684,DDBL,44,26,200,1200,240000
201503312534668,DDBL,38,22,10,1183,11830
201503312534896,EBL,5,22,33,2085,68805
201503312534821,EKBL,42,42,131,285,37335
201503312534766,EKBL,48,20,817,290,236930
201503312534745,EKBL,29,51,99,294,29106
201503312534642,EKBL,8,42,69,290,20010
201503312534575,EKBL,48,52,649,295,191455
201503312534573,EKBL,48,32,33,295,9735
201503312534568,EKBL,48,40,66,294,19404
201503312534567,EKBL,48,48,1000,294,294000
201503312534509,EKBL,48,52,616,290,178640
201503312534506,EKBL,48,5,33,290,9570
201503312534531,GBBL,17,39,30,322,9660
201503312534889,GBIME,29,11,20,465,9300
201503312534888,GBIME,29,3,30,463,13890
201503312534864,GBIME,29,25,41,457,18737
201503312534784,GBIME,42,28,180,450,81000
201503312534705,GBIME,29,25,31,456,14136
201503312534619,GBIME,5,5,300,452,135600
201503312534443,GBIME,34,28,500,454,227000
201503312534616,GBIME,8,28,500,450,225000
201503312534615,GBIME,59,43,441,450,198450
201503312534594,GBIME,32,28,200,451,90200
201503312534571,GBIME,55,28,400,451,180400
201503312534566,GBIME,13,28,120,452,54240
201503312534518,GBIME,33,26,105,452,47460
201503312534682,GLICL,35,25,14,559,7826
201503312534672,GLICL,35,10,10,557,5570
201503312534853,HAMA,8,39,190,160,30400
201503312534849,HAMA,8,3,50,158,7900
201503312534783,HAMA,29,3,260,156,40560
201503312534659,HAMA,8,3,200,156,31200
201503312534922,HBDL,28,19,339,114,38646
201503312534526,HBDL,21,40,500,112,56000
201503312534522,HBDL,29,29,2000,112,224000
201503312534488,HBDL,25,29,2000,113,226000
201503312534635,IDBL,41,41,34,185,6290
201503312534627,IDBL,41,41,34,185,6290
201503312534708,INDB,16,16,332,405,134460
201503312534647,INDB,47,26,10,405,4050
201503312534643,INDB,47,57,1025,400,410000
201503312534475,INDB,7,1,42,398,16716
201503312534816,JBBL,37,25,90,193,17370
201503312534770,JBBL,25,25,14,190,2660
201503312534439,JBBLPO,45,57,107,100,10700
201503312534432,JBBLPO,45,57,2140,100,214000
201503312534429,JBBLPO,45,57,4280,100,428000
201503312534427,JBBLPO,45,57,10700,100,1070000
201503312534863,JBNL,50,13,433,272,117776
201503312534746,JBNL,39,5,172,275,47300
201503312534646,JBNL,55,22,177,275,48675
201503312534609,JBNL,47,22,197,276,54372
201503312534554,JBNL,35,22,479,275,131725
201503312534734,KAFIL,32,13,200,226,45200
201503312534861,KBL,10,17,151,385,58135
201503312534860,KBL,10,59,300,385,115500
201503312534855,KBL,10,34,433,384,166272
201503312534854,KBL,10,51,1000,383,383000
201503312534679,KBL,20,49,100,384,38400
201503312534678,KBL,1,49,100,385,38500
201503312534604,KBL,45,14,124,380,47120
201503312534598,KBL,50,38,323,385,124355
201503312534590,KBL,8,42,138,381,52578
201503312534505,KBL,42,20,140,383,53620
201503312534894,KCDBL,49,25,150,235,35250
201503312534893,KCDBL,49,56,197,235,46295
201503312534892,KCDBL,49,1,17,234,3978
201503312534879,KCDBL,22,47,10,232,2320
201503312534857,KCDBL,22,47,10,232,2320
201503312534840,KCDBL,22,47,10,232,2320
201503312534878,KDBL,25,25,13,161,2093
201503312534858,KDBL,25,58,20,158,3160
201503312534773,KDBL,25,13,56,155,8680
201503312534751,KDBL,25,14,546,153,83538
201503312534728,KDBL,43,14,1000,153,153000
201503312534440,KDBL,16,16,55,155,8525
201503312534434,KDBL,55,16,42,155,6510
201503312534474,KDBL,55,16,42,155,6510
201503312534473,KDBL,16,16,42,155,6510
201503312534469,KDBL,16,16,42,155,6510
201503312534465,KDBL,16,16,42,155,6510
201503312534452,KDBL,16,16,55,155,8525
201503312534447,KDBL,16,16,55,155,8525
201503312534538,KDBL,16,16,42,155,6510
201503312534535,KDBL,16,16,42,155,6510
201503312534507,KDBL,16,16,42,155,6510
201503312534504,KDBL,16,44,41,155,6355
201503312534501,KDBL,16,16,42,155,6510
201503312534477,KDBL,16,16,42,155,6510
201503312534574,KDBL,16,16,21,155,3255
201503312534555,KDBL,16,16,21,155,3255
201503312534553,KDBL,16,16,55,155,8525
201503312534548,KDBL,16,16,42,155,6510
201503312534546,KDBL,16,16,42,155,6510
201503312534542,KDBL,16,16,42,155,6510
201503312534713,KDBL,25,14,60,154,9240
201503312534712,KDBL,48,14,200,154,30800
201503312534711,KDBL,25,14,100,154,15400
201503312534710,KDBL,25,14,100,155,15500
201503312534589,KDBL,25,59,51,155,7905
201503312534588,KDBL,55,59,41,155,6355
201503312534877,KEBL,26,26,44,639,28116
201503312534786,KEBL,26,26,17,627,10659
201503312534742,KEBL,48,11,161,615,99015
201503312534737,KEBL,48,6,500,610,305000
201503312534736,KEBL,48,45,300,609,182700
201503312534730,KEBL,48,36,60,617,37020
201503312534558,KRBL,50,35,60,255,15300
201503312534540,LBL,6,5,272,530,144160
201503312534628,LGIL,42,40,26,367,9542
201503312534838,LICN,21,47,26,2475,64350
201503312534603,LICN,21,6,63,2505,157815
201503312534582,LICN,21,6,63,2505,157815
201503312534459,LICN,21,17,90,2510,225900
201503312534817,LLBS,45,47,10,878,8780
201503312534533,LLBS,45,36,10,875,8750
201503312534514,LLBS,3,3,10,878,8780
201503312534502,LLBS,3,3,10,878,8780
201503312534493,LLBS,3,3,10,878,8780
201503312534490,LLBS,3,3,10,878,8780
201503312534485,LLBS,3,3,10,878,8780
201503312534482,LLBS,3,3,10,878,8780
201503312534472,LLBS,3,3,10,876,8760
201503312534435,LUBL,33,17,179,350,62650
201503312534911,MBBL,45,26,143,215,30745
201503312534650,MBBL,21,26,916,215,196940
201503312534921,MBL,50,16,104,556,57824
201503312534664,MBL,33,28,500,557,278500
201503312534657,MBL,26,58,73,558,40734
201503312534517,MBL,48,48,424,555,235320
201503312534451,MBL,14,26,356,557,198292
201503312534763,MDB,17,26,44,485,21340
201503312534720,MLBBL,51,6,83,970,80510
201503312534735,MNBBL,49,37,200,562,112400
201503312534564,MTBL,43,6,100,380,38000
201503312534559,MTBL,3,3,46,382,17572
201503312534545,MTBL,3,3,243,382,92826
201503312534903,NABIL,45,5,194,1875,363750
201503312534844,NABIL,3,58,13,1890,24570
201503312534544,NABIL,6,44,56,1880,105280
201503312534466,NABIL,52,42,100,1880,188000
201503312534461,NABIL,26,58,21,1890,39690
201503312534897,NABILP,55,38,200,1320,264000
201503312534508,NABILP,14,28,500,1322,661000
201503312534484,NABILP,5,44,100,1325,132500
201503312534914,NBB,57,10,100,500,50000
201503312534913,NBB,57,32,490,499,244510
201503312534885,NBB,28,32,300,499,149700
201503312534812,NBB,26,54,500,499,249500
201503312534795,NBB,21,32,300,498,149400
201503312534788,NBB,5,1,10,507,5070
201503312534765,NBB,21,32,200,498,99600
201503312534764,NBB,21,32,200,498,99600
201503312534687,NBB,45,54,500,498,249000
201503312534464,NBB,28,25,205,498,102090
201503312534457,NBB,48,54,1000,494,494000
201503312534699,NBBL,1,47,11,1830,20130
201503312534648,NBBL,8,26,22,1830,40260
201503312534449,NBBL,55,26,11,1795,19745
201503312534785,NBL,49,35,1000,308,308000
201503312534778,NBL,16,56,451,309,139359
201503312534644,NBL,17,13,500,308,154000
201503312534481,NBL,13,25,210,307,64470
201503312534830,NCCB,48,26,1000,581,581000
201503312534829,NCCB,6,26,500,581,290500
201503312534828,NCCB,14,26,300,582,174600
201503312534827,NCCB,6,26,200,584,116800
201503312534625,NCCB,13,26,500,585,292500
201503312534624,NCCB,14,26,60,585,35100
201503312534623,NCCB,17,26,20,585,11700
201503312534622,NCCB,17,26,100,586,58600
201503312534621,NCCB,8,26,200,586,117200
201503312534620,NCCB,36,26,100,587,58700
201503312534617,NCCB,29,26,500,585,292500
201503312534513,NCCB,8,25,100,586,58600
201503312534845,NGBL,33,33,20,272,5440
201503312534749,NGBL,56,33,500,267,133500
201503312534530,NGBL,32,33,200,266,53200
201503312534529,NGBL,1,33,400,266,106400
201503312534520,NGBL,32,33,100,269,26900
201503312534698,NHPC,6,6,500,130,65000
201503312534681,NHPC,25,3,10,129,1290
201503312534645,NHPC,5,56,1000,127,127000
201503312534758,NIB,21,19,88,713,62744
201503312534714,NIB,16,5,223,713,158999
201503312534483,NIB,22,5,455,715,325325
201503312534676,NIBPO,55,16,250,485,121250
201503312534641,NIBPO,55,14,250,485,121250
201503312534776,NICA,5,36,15,653,9795
201503312534759,NICA,48,43,107,645,69015
201503312534748,NICA,55,47,100,642,64200
201503312534673,NICA,5,40,500,648,324000
201503312534543,NICA,5,5,300,650,195000
201503312534511,NLBBL,44,37,30,1288,38640
201503312534510,NLBBL,44,6,50,1288,64400
201503312534433,NLBBL,44,37,40,1263,50520
201503312534639,NLG,42,36,100,650,65000
201503312534431,NLG,45,36,40,645,25800
201503312534905,NLIC,43,32,100,4540,454000
201503312534798,NLIC,19,32,100,4529,452900
201503312534797,NLIC,6,44,100,4529,452900
201503312534793,NLIC,34,5,108,4525,488700
201503312534662,NLIC,43,49,141,4520,637320
201503312534593,NLIC,57,44,100,4529,452900
201503312534562,NLIC,19,17,33,4549,150117
201503312534856,NLICL,45,45,141,2252,317532
201503312534850,NLICL,21,45,51,2260,115260
201503312534847,NLICL,21,45,124,2261,280364
201503312534768,NLICL,49,28,100,2261,226100
201503312534441,NLICL,47,53,141,2260,318660
201503312534836,NMBSF1,54,39,5000,10,50000
201503312534833,NMBSF1,43,39,5000,10,50000
201503312534822,NMBSF1,13,39,5000,10,50050
201503312534723,NMBSF1,58,39,5000,10,50100
201503312534718,NMBSF1,58,39,5000,10,50100
201503312534613,NMBSF1,10,35,1100,10,11055
201503312534612,NMBSF1,10,6,5000,10,50250
201503312534611,NMBSF1,10,6,5000,10,50250
201503312534581,NMBSF1,47,39,5000,10,50050
201503312534666,NUBL,44,11,426,1290,549540
201503312534608,NUBL,26,39,20,1265,25300
201503312534715,OFL,25,28,500,320,160000
201503312534899,OHL,42,42,20,757,15140
201503312534800,OHL,42,14,50,743,37150
201503312534799,OHL,48,16,30,743,22290
201503312534541,OHL,48,11,910,720,655200
201503312534430,OHL,48,49,660,722,476520
201503312534583,OHL,8,35,500,729,364500
201503312534865,PCBL,49,49,1000,436,436000
201503312534792,PCBL,6,22,500,436,218000
201503312534775,PCBL,33,22,500,440,220000
201503312534771,PCBL,8,22,1000,435,435000
201503312534618,PCBL,39,3,28,443,12404
201503312534519,PCBL,7,49,634,438,277692
201503312534515,PCBL,40,42,94,439,41266
201503312534468,PCBL,17,42,53,436,23108
201503312534444,PCBL,57,42,135,437,58995
201503312534492,PFL,32,32,4630,277,1282510
201503312534525,PIC,37,32,50,481,24050
201503312534654,PLIC,44,33,200,1110,222000
201503312534442,PLIC,3,3,149,1119,166731
201503312534902,PRVU,39,16,96,332,31872
201503312534839,PRVU,48,57,66,332,21912
201503312534818,PRVU,19,47,267,330,88110
201503312534536,PRVU,10,54,1000,330,330000
201503312534521,PRVU,19,19,2490,330,821700
201503312534724,PRVU,26,45,11,331,3641
201503312534721,PRVU,39,45,11,332,3652
201503312534717,PRVU,48,45,22,332,7304
201503312534634,PRVU,48,57,973,329,320117
201503312534585,PRVU,34,14,500,331,165500
201503312534781,PURBL,48,47,10,381,3810
201503312534852,PURBL,48,48,11,388,4268
201503312534815,PURBL,43,21,100,381,38100
201503312534787,PURBL,48,48,10,388,3880
201503312534908,REDBL,52,50,493,215,105995
201503312534707,REDBL,52,45,17,215,3655
201503312534702,REDBL,53,5,17,215,3655
201503312534683,REDBL,37,20,300,217,65100
201503312534631,REDBL,53,20,200,218,43600
201503312534592,REDBL,5,50,462,218,100716
201503312534576,REDBL,5,5,17,222,3774
201503312534704,RMDC,37,25,33,714,23562
201503312534700,RMDC,37,16,34,713,24242
201503312534695,RMDC,37,58,157,710,111470
201503312534832,SADBL,55,19,110,340,37400
201503312534636,SADBL,55,19,110,344,37840
201503312534910,SANIMA,41,16,45,550,24750
201503312534906,SANIMA,41,33,75,548,41100
201503312534900,SANIMA,28,21,57,547,31179
201503312534875,SANIMA,28,26,400,547,218800
201503312534796,SANIMA,29,26,1000,543,543000
201503312534772,SANIMA,29,34,315,545,171675
201503312534556,SANIMA,45,5,54,546,29484
201503312534552,SANIMA,38,26,262,543,142266
201503312534550,SANIMA,28,26,470,544,255680
201503312534537,SANIMA,10,50,25,547,13675
201503312534438,SBBLJ,26,38,20,411,8220
201503312534779,SBI,54,56,200,902,180400
201503312534757,SBI,58,58,1011,902,911922
201503312534607,SBL,25,6,123,665,81795
201503312534591,SBL,40,49,100,663,66300
201503312534527,SBL,17,49,100,660,66000
201503312534891,SCB,3,4,19,1938,36822
201503312534777,SCB,57,29,106,1921,203626
201503312534769,SCB,57,5,186,1920,357120
201503312534534,SCB,25,28,147,1921,282387
201503312534512,SCB,45,26,17,1930,32810
201503312534916,SDBL,6,58,240,221,53040
201503312534907,SDBL,53,45,200,220,44000
201503312534898,SDBL,53,51,925,220,203500
201503312534503,SDBL,6,20,100,216,21600
201503312534596,SETI,32,14,207,200,41400
201503312534716,SEWA,36,48,10,291,2910
201503312534547,SFL,52,25,75,152,11400
201503312534539,SHINE,55,22,130,349,45370
201503312534528,SHINE,43,1,127,346,43942
201503312534904,SHL,33,25,167,463,77321
201503312534837,SHL,33,25,500,462,231000
201503312534813,SHL,28,58,481,456,219336
201503312534804,SHL,11,32,1000,460,460000
201503312534803,SHL,11,25,1000,459,459000
201503312534802,SHL,11,44,200,458,91600
201503312534694,SHL,21,58,100,454,45400
201503312534626,SHPC,44,26,18,740,13320
201503312534445,SHPC,59,59,13,732,9516
201503312534426,SHPC,44,59,13,732,9516
201503312534460,SHPC,59,59,13,732,9516
201503312534458,SHPC,59,59,13,732,9516
201503312534456,SHPC,59,59,13,732,9516
201503312534454,SHPC,59,59,13,732,9516
201503312534450,SHPC,59,59,13,732,9516
201503312534448,SHPC,59,59,13,732,9516
201503312534549,SHPC,38,59,13,735,9555
201503312534470,SHPC,59,59,13,732,9516
201503312534467,SHPC,59,59,13,732,9516
201503312534463,SHPC,59,59,13,732,9516
201503312534606,SHPC,44,43,54,740,39960
201503312534602,SHPC,44,59,13,740,9620
201503312534599,SHPC,44,59,13,740,9620
201503312534597,SHPC,44,59,13,740,9620
201503312534586,SHPC,38,59,13,735,9555
201503312534709,SIL,42,49,50,715,35750
201503312534661,SIL,16,49,500,712,356000
201503312534665,SINDU,48,39,10,239,2390
201503312534656,SINDU,48,4,264,239,63096
201503312534655,SINDU,48,16,200,238,47600
201503312534629,SINDU,20,7,500,235,117500
201503312534437,SINDU,48,49,450,238,107100
201503312534436,SINDU,48,49,350,238,83300
201503312534820,SKBBL,53,26,223,1480,330040
201503312534814,SKBBL,55,28,19,1509,28671
201503312534651,SKBBL,21,28,19,1509,28671
201503312534601,SLBBL,7,7,50,2680,134000
201503312534560,SLBBL,16,32,46,2681,123326
201503312534690,SLICL,43,5,34,612,20808
201503312534925,SMFDB,25,25,10,1560,15600
201503312534924,SMFDB,25,25,10,1560,15600
201503312534923,SMFDB,25,25,10,1560,15600
201503312534453,SMFDB,55,21,17,1560,26520
201503312534834,SRBL,33,18,21,388,8148
201503312534774,SRBL,33,18,26,388,10088
201503312534706,SRBL,6,39,35,393,13755
201503312534649,SRBL,6,32,100,390,39000
201503312534478,SRBL,26,44,53,390,20670
201503312534920,SUBBL,53,13,43,301,12943
201503312534918,SUBBL,53,19,131,300,39300
201503312534633,SUBBL,44,39,39,298,11622
201503312534632,SUBBL,44,13,33,296,9768
201503312534610,SUBBL,25,39,10,293,2930
201503312534605,SUBBL,25,13,14,292,4088
201503312534595,SUBBL,45,3,16,290,4640
201503312534557,SUBBL,38,41,98,290,28420
201503312534841,SUPRME,22,50,448,160,71680
201503312534801,SUPRME,57,10,1000,160,160000
201503312534791,SUPRME,4,25,500,161,80500
201503312534790,SUPRME,22,25,500,161,80500
201503312534744,SUPRME,52,20,96,162,15552
201503312534600,SUPRME,10,10,1000,161,161000
201503312534887,SYFL,21,48,40,101,4040
201503312534691,SYFL,58,48,600,100,60000
201503312534686,SYFL,58,48,1000,100,100000
201503312534670,SYFL,21,5,248,101,25048
201503312534660,SYFL,47,5,384,101,38784
201503312534760,UIC,14,55,110,427,46970
201503312534671,VBBL,8,17,900,157,141300
201503312534886,YETI,25,18,130,137,17810
201503312534880,YETI,5,1,40,139,5560
201503312534842,YETI,25,5,60,137,8220
201503312534794,YETI,5,18,160,139,22240
201503312534762,YETI,25,18,100,139,13900
201503312534761,YETI,25,17,100,139,13900
201503312534732,YETI,25,46,59,137,8083
201503312534727,YETI,25,25,51,137,6987
201503312534701,YETI,57,13,40,135,5400
201503312534697,YETI,57,13,40,135,5400
201503312534638,YETI,5,54,272,135,36720
201503312534494,YETI,22,20,170,134,22780
201503312534225,ACEDBL,57,37,172,249,42828
201503312533984,ACEDBL,25,37,550,245,134750
201503312533940,ACEDBL,8,37,100,244,24400
201503312534276,ADBL,8,25,30,460,13800
201503312534123,ADBL,39,59,40,464,18560
201503312534122,ADBL,25,25,90,459,41310
201503312534120,ADBL,5,59,40,464,18560
201503312534085,ADBL,14,14,71,458,32518
201503312534300,AHPC,4,39,1000,338,338000
201503312534281,AHPC,29,39,200,341,68200
201503312534277,AHPC,21,21,400,340,136000
201503312534267,AHPC,14,22,45,343,15435
201503312534220,AHPC,41,39,1000,339,339000
201503312534009,AHPC,11,53,45,339,15255
201503312534324,ALDBL,29,3,100,339,33900
201503312534195,ALDBL,45,45,200,340,68000
201503312534196,ALICL,44,11,200,1245,249000
201503312534185,ALICL,44,36,100,1244,124400
201503312534162,ALICL,14,43,39,1242,48438
201503312534161,ALICL,14,36,100,1240,124000
201503312534149,ALICL,44,36,100,1239,123900
201503312534114,ALICL,17,36,100,1239,123900
201503312534055,ALICL,17,36,100,1236,123600
201503312534026,ALICL,17,36,100,1236,123600
201503312534006,ALICL,17,36,100,1236,123600
201503312533964,ALICL,48,36,50,1240,62000
201503312534308,ARDBL,29,13,30,206,6180
201503312534307,ARDBL,29,13,30,206,6180
201503312534306,ARDBL,29,13,30,206,6180
201503312534305,ARDBL,29,13,30,206,6180
201503312534304,ARDBL,29,13,30,206,6180
201503312534303,ARDBL,29,13,50,206,10300
201503312533932,ARDBL,26,59,94,204,19176
201503312533925,ARDBL,8,42,21,200,4200
201503312534299,ARDBL,29,13,30,205,6150
201503312534298,ARDBL,29,13,30,205,6150
201503312534297,ARDBL,29,13,30,205,6150
201503312534296,ARDBL,29,13,30,205,6150
201503312534295,ARDBL,29,13,30,205,6150
201503312533949,ARDBL,38,13,30,206,6180
201503312534272,BGDBL,59,39,10,330,3300
201503312534259,BLDBL,48,28,88,326,28688
201503312534234,BLDBL,48,38,200,326,65200
201503312534233,BLDBL,48,7,30,325,9750
201503312534229,BLDBL,48,6,200,324,64800
201503312534222,BLDBL,48,20,46,320,14720
201503312534170,BLDBL,41,20,200,314,62800
201503312534169,BLDBL,17,20,500,314,157000
201503312534208,BUDBL,48,49,182,213,38766
201503312534207,BUDBL,48,35,300,212,63600
201503312534377,CBBL,16,55,85,1590,135150
201503312534214,CBL,33,43,500,286,143000
201503312534133,CBL,36,17,82,286,23452
201503312534128,CBL,35,35,426,285,121410
201503312534081,CBL,26,6,132,283,37356
201503312534063,CBL,35,43,500,282,141000
201503312534059,CBL,35,50,91,282,25662
201503312534019,CBL,8,19,217,282,61194
201503312534010,CBL,8,8,135,282,38070
201503312533969,CBL,35,43,500,280,140000
201503312533963,CBL,38,59,30,280,8400
201503312533944,CBL,52,6,54,280,15120
201503312534420,CCBL,55,49,900,312,280800
201503312534271,CCBL,35,50,500,315,157500
201503312534232,CCBL,42,49,500,315,157500
201503312534193,CCBL,35,39,16,311,4976
201503312534178,CCBL,26,39,16,310,4960
201503312534164,CCBL,46,1,40,311,12440
201503312534084,CCBL,41,1,40,311,12440
201503312534072,CCBL,41,1,91,311,28301
201503312534000,CCBL,26,1,91,311,28301
201503312533961,CCBL,26,26,309,313,96717
201503312534231,CDBL,26,26,10,336,3360
201503312534113,CDBL,29,38,405,330,133650
201503312534367,CHCL,35,26,36,1575,56700
201503312534348,CHCL,14,1,46,1578,72588
201503312534336,CHCL,8,38,350,1577,551950
201503312534318,CHCL,7,6,220,1575,346500
201503312534313,CHCL,14,26,28,1572,44016
201503312534311,CHCL,14,26,120,1572,188640
201503312533938,CHCL,52,41,113,1564,176732
201503312533993,CHCL,35,6,100,1569,156900
201503312533992,CHCL,35,38,80,1568,125440
201503312533989,CHCL,42,42,141,1566,220806
201503312533988,CHCL,37,39,33,1567,51711
201503312533972,CHCL,53,38,165,1566,258390
201503312533945,CHCL,21,38,147,1565,230055
201503312534153,CHCL,14,38,109,1570,171130
201503312534150,CHCL,14,39,28,1570,43960
201503312534087,CHCL,29,38,200,1570,314000
201503312534043,CHCL,53,16,60,1570,94200
201503312534041,CHCL,53,25,56,1570,87920
201503312534031,CHCL,37,38,84,1569,131796
201503312534261,CHCL,49,45,12,1572,18864
201503312534260,CHCL,49,45,35,1572,55020
201503312534230,CHCL,29,45,28,1572,44016
201503312534200,CHCL,49,49,400,1570,628000
201503312534179,CHCL,14,38,191,1571,300061
201503312534156,CHCL,14,19,77,1571,120967
201503312534391,CNDBL,28,7,1000,178,178000
201503312534403,CSDBL,5,43,23,345,7935
201503312534400,CSDBL,5,43,24,344,8256
201503312534369,CSDBL,45,43,10,350,3500
201503312534368,CSDBL,45,43,10,345,3450
201503312534202,CSDBL,5,43,37,345,12765
201503312534199,CSDBL,5,43,45,344,15480
201503312534093,CSDBL,38,40,71,342,24282
201503312534090,CSDBL,38,32,16,340,5440
201503312534088,CSDBL,38,32,16,340,5440
201503312534138,CZBIL,45,13,200,450,90000
201503312533996,CZBIL,36,13,147,445,65415
201503312533986,CZBIL,6,50,690,443,305670
201503312533983,CZBIL,6,16,23,442,10166
201503312533955,CZBIL,8,50,357,440,157080
201503312533971,DDBL,44,41,544,1160,631040
201503312534029,EBL,13,28,40,2075,83000
201503312534028,EBL,13,1,60,2070,124200
201503312534263,EBL,37,10,83,2085,173055
201503312534218,EBL,5,16,100,2080,208000
201503312534117,EIC,52,17,100,918,91800
201503312534094,EIC,11,48,106,905,95930
201503312534155,EKBL,39,5,33,285,9405
201503312534099,EKBL,39,39,33,283,9339
201503312533952,EKBL,41,41,13,279,3627
201503312533950,EKBL,41,41,33,279,9207
201503312534415,GBBL,7,26,39,318,12402
201503312534118,GBBL,17,25,292,316,92272
201503312534082,GBBL,55,7,30,316,9480
201503312534079,GBBL,55,38,166,316,52456
201503312534397,GBIME,34,50,500,452,226000
201503312534395,GBIME,34,6,61,453,27633
201503312534360,GBIME,55,45,227,452,102604
201503312534357,GBIME,40,26,434,451,195734
201503312534285,GBIME,26,58,26,451,11726
201503312534157,GBIME,53,50,500,450,225000
201503312534018,GBIME,49,53,80,450,36000
201503312533946,GBIME,37,17,44,447,19668
201503312534142,GBIME,6,8,46,452,20792
201503312534126,GBIME,26,50,76,451,34276
201503312534111,GBIME,29,8,274,451,123574
201503312534051,GBIME,42,59,300,450,135000
201503312534050,GBIME,42,10,230,450,103500
201503312534033,GBIME,42,42,189,448,84672
201503312534333,GDBL,48,14,140,324,45360
201503312534332,GDBL,48,6,200,320,64000
201503312534331,GDBL,48,42,1000,319,319000
201503312534330,GDBL,48,40,360,318,114480
201503312534057,GDBL,48,6,200,318,63600
201503312533998,GDBL,48,17,550,312,171600
201503312533997,GDBL,48,40,390,310,120900
201503312534135,GFCL,17,21,1515,223,337845
201503312534134,GFCL,17,51,519,222,115218
201503312534244,HAMA,29,52,50,157,7850
201503312534392,HBDL,25,29,500,113,56500
201503312534339,HBDL,57,6,791,113,89383
201503312534424,HBL,13,17,98,841,82418
201503312534349,HBL,3,1,64,841,53824
201503312534317,HBL,35,4,291,840,244440
201503312534251,HBL,3,17,149,840,125160
201503312534243,HBL,3,1,261,839,218979
201503312534237,HBL,3,4,290,837,242730
201503312534312,ICFC,58,17,540,269,145260
201503312534152,ICFC,6,50,227,269,61063
201503312534151,ICFC,6,17,210,268,56280
201503312534168,IDBL,50,16,220,185,40700
201503312534167,IDBL,50,26,33,184,6072
201503312534166,IDBL,50,36,45,184,8280
201503312534103,IDBL,40,18,100,183,18300
201503312533990,IDBL,32,18,210,180,37800
201503312534322,JBBL,13,36,150,187,28050
201503312534319,JBBL,13,25,21,187,3927
201503312533979,JBBL,59,59,32,184,5888
201503312533975,JBBL,40,59,32,186,5952
201503312533948,JBBL,39,25,21,186,3906
201503312534421,JBBLPO,45,57,1000,100,100000
201503312534416,JBBLPO,45,57,1000,100,100000
201503312534409,JBBLPO,45,57,1070,100,107000
201503312534396,JBBLPO,45,57,2210,100,221000
201503312534394,JBBLPO,45,57,1337,100,133700
201503312534389,JBNL,5,39,38,278,10564
201503312534388,JBNL,5,39,38,278,10564
201503312534387,JBNL,5,39,38,278,10564
201503312534385,JBNL,5,39,38,278,10564
201503312534383,JBNL,5,39,38,278,10564
201503312534294,JBNL,47,57,41,277,11357
201503312534052,JBNL,39,13,23,273,6279
201503312534049,JBNL,39,59,51,270,13770
201503312534008,JBNL,22,59,51,269,13719
201503312534293,JBNL,47,57,10,277,2770
201503312534292,JBNL,47,57,40,277,11080
201503312534288,JBNL,47,17,167,277,46259
201503312534286,JBNL,47,57,25,276,6900
201503312534262,JBNL,35,57,56,275,15400
201503312534060,JBNL,39,25,103,273,28119
201503312534355,KAFIL,32,41,744,228,169632
201503312534227,KAFIL,17,13,120,230,27600
201503312534221,KAFIL,17,26,14,230,3220
201503312534206,KAFIL,13,41,10,229,2290
201503312534183,KAFIL,13,26,170,225,38250
201503312534182,KBBL,16,43,200,377,75400
201503312534414,KBL,10,49,500,385,192500
201503312534413,KBL,45,49,200,385,77000
201503312534412,KBL,1,49,200,386,77200
201503312534398,KBL,40,59,200,387,77400
201503312534192,KBL,10,46,200,392,78400
201503312534191,KBL,10,45,57,391,22287
201503312533980,KBL,10,32,532,380,202160
201503312533966,KBL,36,33,717,380,272460
201503312534190,KBL,10,4,719,390,280410
201503312534189,KBL,10,49,500,385,192500
201503312534188,KBL,10,26,1000,385,385000
201503312534181,KBL,10,22,728,384,279552
201503312534002,KBL,42,49,500,385,192500
201503312533985,KBL,13,34,112,384,43008
201503312534250,KCDBL,22,1,17,231,3927
201503312534224,KCDBL,22,1,17,227,3859
201503312534345,KDBL,29,16,55,156,8580
201503312534337,KDBL,29,16,65,156,10140
201503312534328,KDBL,29,16,65,156,10140
201503312534327,KDBL,29,16,65,156,10140
201503312534048,KDBL,25,13,57,153,8721
201503312534011,KDBL,28,16,42,155,6510
201503312534007,KDBL,28,16,42,155,6510
201503312534045,KDBL,25,16,65,155,10075
201503312534044,KDBL,6,16,65,155,10075
201503312534042,KDBL,25,16,65,155,10075
201503312534038,KDBL,25,16,43,155,6665
201503312534024,KDBL,6,6,57,152,8664
201503312534015,KDBL,28,16,43,155,6665
201503312534423,KFL,25,40,409,159,65031
201503312533951,KFL,25,32,500,161,80500
201503312534406,LBL,26,26,75,539,40425
201503312534353,LBL,21,42,176,530,93280
201503312534350,LBL,25,17,46,530,24380
201503312534223,LFLC,52,51,71,219,15549
201503312534203,LFLC,51,41,601,215,129215
201503312534376,LGIL,46,40,13,361,4693
201503312534275,LGIL,14,40,26,361,9386
201503312534274,LGIL,14,40,26,361,9386
201503312534255,LGIL,50,40,26,360,9360
201503312534253,LGIL,50,40,26,360,9360
201503312534366,LLBS,45,55,10,875,8750
201503312534365,LLBS,45,55,10,875,8750
201503312534364,LLBS,45,55,10,875,8750
201503312534363,LLBS,45,55,10,875,8750
201503312534362,LLBS,45,55,10,875,8750
201503312534238,LLBS,28,55,41,880,36080
201503312534201,LLBS,36,55,41,880,36080
201503312533958,LLBS,28,22,10,877,8770
201503312533957,LLBS,28,22,10,877,8770
201503312533926,LLBS,26,20,10,875,8750
201503312534351,LUBL,40,17,500,351,175500
201503312534291,LUBL,35,17,500,352,176000
201503312534137,LUBL,33,40,101,350,35350
201503312534132,LUBL,33,33,17,349,5933
201503312534130,LUBL,33,21,809,349,282341
201503312534125,LUBL,33,21,438,348,152424
201503312534147,LUBL,36,32,12,353,4236
201503312534146,LUBL,36,25,106,353,37418
201503312534145,LUBL,36,25,23,352,8096
201503312534144,LUBL,36,25,23,352,8096
201503312534143,LUBL,36,6,35,351,12285
201503312534124,MBBL,21,16,90,217,19530
201503312534121,MBBL,21,25,960,213,204480
201503312534089,MBBL,50,39,200,210,42000
201503312534405,MBL,33,26,230,557,128110
201503312534404,MBL,33,26,120,556,66720
201503312534329,MBL,35,48,200,558,111600
201503312534246,MBL,35,28,300,558,167400
201503312534116,MBL,36,28,500,557,278500
201503312533977,MBL,47,22,500,555,277500
201503312533976,MBL,47,28,200,555,111000
201503312533962,MBL,45,22,500,551,275500
201503312534228,MNBBL,35,25,153,560,85680
201503312534204,MNBBL,35,35,4820,560,2699200
201503312534354,MTBL,45,6,100,385,38500
201503312534410,NABB,17,32,100,151,15100
201503312534408,NABB,47,32,500,150,75000
201503312534054,NABB,17,32,100,151,15100
201503312534053,NABB,17,32,500,151,75500
201503312534037,NABB,17,32,50,149,7450
201503312533973,NABB,26,32,500,147,73500
201503312534321,NABIL,49,58,124,1880,233120
201503312534216,NABIL,52,1,200,1885,377000
201503312533965,NABIL,44,1,100,1887,188700
201503312534422,NABILP,17,17,500,1325,662500
201503312534380,NABILP,44,6,500,1325,662500
201503312534375,NABILP,44,6,500,1325,662500
201503312534334,NABILP,44,6,500,1329,664500
201503312534325,NABILP,17,17,500,1325,662500
201503312534268,NABILP,6,6,500,1325,662500
201503312534091,NABILP,17,10,1300,1320,1716000
201503312534265,NABILP,17,6,500,1327,663500
201503312534241,NABILP,5,55,100,1328,132800
201503312534209,NABILP,6,6,500,1325,662500
201503312534205,NABILP,6,6,500,1325,662500
201503312534419,NBB,50,25,300,497,149100
201503312534371,NBB,4,32,300,501,150300
201503312534315,NBB,48,25,100,501,50100
201503312534184,NBB,21,3,100,501,50100
201503312534180,NBB,21,38,181,500,90500
201503312534173,NBB,48,32,200,499,99800
201503312534014,NBB,36,32,300,494,148200
201503312534005,NBB,36,1,165,494,81510
201503312533981,NBB,32,32,500,490,245000
201503312534172,NBB,48,40,100,499,49900
201503312534171,NBB,48,32,500,498,249000
201503312534131,NBB,5,25,25,507,12675
201503312534095,NBB,14,6,610,498,303780
201503312534073,NBB,10,32,200,498,99600
201503312534016,NBB,48,55,500,491,245500
201503312534003,NBBL,39,47,11,1760,19360
201503312533994,NBBL,39,47,11,1750,19250
201503312534402,NBL,20,47,536,305,163480
201503312534359,NBL,17,11,500,307,153500
201503312534270,NBL,47,47,1000,302,302000
201503312534136,NBL,25,55,1000,306,306000
201503312534020,NBL,6,5,1000,305,305000
201503312534217,NGBL,39,33,200,274,54800
201503312534187,NGBL,52,33,200,269,53800
201503312534176,NGBL,1,33,100,264,26400
201503312534165,NGBL,33,33,5000,259,1295000
201503312534160,NGBL,1,33,500,264,132000
201503312534078,NGBL,32,33,200,266,53200
201503312534069,NGBL,32,33,200,265,53000
201503312534017,NGBL,13,33,100,264,26400
201503312534358,NHPC,44,50,500,126,63000
201503312534352,NHPC,8,50,500,127,63500
201503312534347,NHPC,5,34,2000,126,252000
201503312534316,NHPC,5,34,1000,126,126000
201503312534290,NHPC,25,3,100,128,12800
201503312534280,NHPC,8,34,1000,126,126000
201503312534198,NHPC,44,18,500,126,63000
201503312534056,NHPC,44,59,1000,126,126000
201503312534374,NIB,42,6,100,716,71600
201503312534373,NIB,42,6,125,716,89500
201503312534186,NIB,10,25,159,715,113685
201503312534096,NIB,22,22,145,716,103820
201503312534083,NIB,42,40,226,715,161590
201503312533978,NIB,37,40,158,715,112970
201503312534384,NIBSF1,36,39,5000,10,50500
201503312534258,NIBSF1,36,22,5000,10,51500
201503312534257,NIBSF1,36,7,6956,10,71577
201503312534425,NICA,5,53,200,650,130000
201503312534356,NICA,5,36,300,650,195000
201503312534071,NICA,26,13,20,649,12980
201503312534067,NICA,26,18,100,645,64500
201503312534115,NICL,44,50,10,390,3900
201503312534418,NLBBL,44,48,455,1248,567840
201503312534411,NLBBL,44,37,24,1239,29736
201503312533960,NLBBL,43,19,269,1215,326835
201503312533929,NLBBL,44,25,82,1210,99220
201503312534393,NLIC,28,28,750,4535,3401250
201503312534278,NLIC,17,17,500,4535,2267500
201503312534197,NLIC,19,17,14,4530,63420
201503312534086,NLIC,55,44,100,4529,452900
201503312534058,NLIC,54,44,300,4500,1350000
201503312534379,NMBSF1,39,39,5000,10,50000
201503312534378,NMBSF1,39,39,5000,10,50000
201503312534326,NMBSF1,36,36,11000,10,110880
201503312533982,NTC,28,13,1000,600,600000
201503312534401,OFL,14,28,500,320,160000
201503312534370,OFL,25,28,500,320,160000
201503312534344,OFL,14,28,500,320,160000
201503312534343,OFL,14,28,50,320,16000
201503312534342,OFL,52,28,100,320,32000
201503312534341,OFL,14,28,50,320,16000
201503312534284,OFL,14,28,50,326,16300
201503312534283,OFL,52,28,200,326,65200
201503312534282,OFL,14,28,50,330,16500
201503312534194,OFL,14,13,120,332,39840
201503312533935,OHL,14,44,40,710,28400
201503312534092,OHL,21,52,70,720,50400
201503312534080,OHL,14,5,20,710,14200
201503312534174,PCBL,45,39,25,435,10875
201503312534104,PCBL,35,11,190,437,83030
201503312534101,PCBL,35,11,634,436,276424
201503312534097,PCBL,35,11,502,435,218370
201503312534035,PCBL,48,29,88,433,38104
201503312534032,PCBL,48,8,550,433,238150
201503312534030,PCBL,48,29,161,433,69713
201503312534025,PCBL,48,38,102,432,44064
201503312534023,PCBL,48,53,100,432,43200
201503312534022,PCBL,48,49,1000,432,432000
201503312534021,PCBL,39,3,50,430,21500
201503312534279,PLIC,43,3,13,1118,14534
201503312534141,PLIC,44,3,149,1111,165539
201503312534112,PLIC,44,32,466,1110,517260
201503312534100,PLIC,5,59,40,1100,44000
201503312534001,PRDBL,25,21,30,165,4950
201503312533995,PRDBL,39,5,20,163,3260
201503312534407,PRVU,57,16,973,330,321090
201503312534399,PRVU,57,16,1000,330,330000
201503312533934,PRVU,17,14,500,328,164000
201503312533991,PRVU,17,55,11,330,3630
201503312533970,PRVU,10,59,4889,325,1588925
201503312534240,PRVU,57,25,1000,330,330000
201503312534139,PRVU,5,10,12,336,4032
201503312534127,PRVU,5,10,12,335,4020
201503312534098,PRVU,19,43,500,330,165000
201503312534036,PURBL,40,21,100,374,37400
201503312534382,REDBL,58,5,17,218,3706
201503312534075,REDBL,48,37,17,214,3638
201503312534074,REDBL,40,14,394,212,83528
201503312534070,REDBL,40,22,38,211,8018
201503312534066,REDBL,58,50,356,211,75116
201503312534034,REDBL,40,14,394,211,83134
201503312534027,REDBL,40,50,200,211,42200
201503312533931,REDBL,16,16,147,210,30870
201503312534314,RHPC,20,16,290,480,139200
201503312534177,RMDC,7,21,500,705,352500
201503312533947,RMDC,5,34,111,705,78255
201503312534381,SANIMA,45,26,120,546,65520
201503312534372,SANIMA,44,26,500,547,273500
201503312534159,SANIMA,51,13,40,552,22080
201503312534154,SANIMA,14,11,24,550,13200
201503312534065,SANIMA,14,33,500,549,274500
201503312534064,SANIMA,14,33,90,548,49320
201503312533927,SANIMA,25,26,100,544,54400
201503312534417,SBI,13,21,84,905,76020
201503312534346,SBL,1,49,100,660,66000
201503312534061,SBL,17,1,294,660,194040
201503312534012,SBL,17,59,100,655,65500
201503312534004,SBL,14,1,306,654,200124
201503312533941,SBL,10,1,500,653,326500
201503312533930,SBL,21,29,95,654,62130
201503312534335,SCB,42,21,376,1930,725680
201503312534242,SCB,6,26,150,1929,289350
201503312534212,SCB,45,26,200,1925,385000
201503312534211,SCB,32,1,100,1940,194000
201503312534210,SCB,45,26,40,1930,77200
201503312534163,SCB,35,1,200,1939,387800
201503312533956,SDBL,26,55,500,219,109500
201503312533953,SETI,26,26,300,197,59100
201503312533943,SETI,26,26,25,201,5025
201503312533933,SETI,32,26,25,205,5125
201503312534302,SHL,11,58,313,455,142415
201503312534249,SHL,45,44,500,454,227000
201503312534226,SHL,56,56,1200,453,543600
201503312533999,SHL,45,58,100,455,45500
201503312533987,SHL,45,58,200,453,90600
201503312534340,SHPC,52,59,13,730,9490
201503312534338,SHPC,22,59,13,730,9490
201503312534310,SHPC,44,57,370,735,271950
201503312534273,SHPC,21,20,77,734,56518
201503312534266,SHPC,14,57,500,733,366500
201503312534040,SHPC,37,29,18,729,13122
201503312534039,SHPC,29,29,18,729,13122
201503312534013,SHPC,52,4,228,729,166212
201503312534264,SHPC,14,20,282,732,206424
201503312534256,SHPC,54,59,13,728,9464
201503312534247,SHPC,22,59,13,729,9477
201503312534109,SHPC,29,29,18,729,13122
201503312534320,SKBBL,21,28,19,1500,28500
201503312534140,SKBBL,21,40,84,1480,124320
201503312534129,SKBBL,21,8,19,1479,28101
201503312534361,SLICL,45,13,500,611,305500
201503312534289,SLICL,45,5,34,611,20774
201503312534077,SLICL,36,33,440,610,268400
201503312534076,SLICL,36,40,91,609,55419
201503312533959,SLICL,36,33,60,605,36300
201503312533954,SLICL,36,32,700,604,422800
201503312534386,SMFDB,21,21,17,1530,26010
201503312534269,SRBL,33,57,71,390,27690
201503312534110,SRBL,33,3,78,393,30654
201503312534105,SRBL,33,3,13,392,5096
201503312534102,SRBL,33,1,45,390,17550
201503312533937,SRBL,33,40,28,387,10836
201503312534068,SUBBL,17,13,63,288,18144
201503312534309,SUPRME,57,13,730,163,118990
201503312534301,SUPRME,22,25,63,161,10143
201503312534219,SUPRME,22,36,530,160,84800
201503312534215,SUPRME,22,34,1010,159,160590
201503312534213,SUPRME,19,22,10,158,1580
201503312533942,SYFL,51,5,1000,100,100000
201503312533936,SYFL,51,13,24,100,2400
201503312534158,TRH,22,32,30,270,8100
201503312534148,UIC,47,55,200,435,87000
201503312534323,VBBL,5,40,20,158,3160
201503312533974,VBBL,25,40,20,158,3160
201503312533968,VBBL,5,40,20,157,3140
201503312533967,VBBL,5,40,30,156,4680
201503312534254,WDBL,43,13,10,340,3400
201503312534252,WDBL,43,13,10,340,3400
201503312534248,WDBL,43,19,40,340,13600
201503312534245,WDBL,43,13,10,340,3400
201503312534239,WDBL,43,13,10,340,3400
201503312534236,WDBL,43,13,10,340,3400
201503312534235,WDBL,43,13,10,340,3400
201503312534108,WDBL,21,5,100,340,34000
201503312534107,WDBL,21,44,40,340,13600
201503312534106,WDBL,21,19,60,336,20160
201503312534390,YETI,26,25,11,136,1496
201503312533690,ADBL,16,16,90,465,41850
201503312533784,AHPC,43,58,13,337,4381
201503312533704,AHPC,33,33,46,340,15640
201503312533713,ALDBL,45,45,590,340,200600
201503312533774,ALICL,17,55,227,1235,280345
201503312533698,ALICL,1,1,13,1230,15990
201503312533906,APEX,14,26,50,133,6650
201503312533771,APEX,14,35,68,135,9180
201503312533921,ARDBL,8,42,21,200,4200
201503312533849,BLDBL,51,20,200,314,62800
201503312533848,BLDBL,25,20,1400,314,439600
201503312533847,BLDBL,13,20,100,315,31500
201503312533786,BLDBL,25,20,100,320,32000
201503312533850,BPCL,46,58,100,593,59300
201503312533909,CBL,49,59,30,278,8340
201503312533902,CBL,33,6,148,279,41292
201503312533897,CBL,26,59,30,280,8400
201503312533754,CBL,48,8,111,277,30747
201503312533740,CBL,22,22,566,272,153952
201503312533734,CBL,22,22,30,277,8310
201503312533730,CBL,49,59,27,280,7560
201503312533844,CCBL,26,50,2000,313,626000
201503312533841,CCBL,26,16,100,313,31300
201503312533840,CCBL,26,22,20,313,6260
201503312533806,CCBL,42,47,10,307,3070
201503312533805,CCBL,42,47,10,307,3070
201503312533804,CCBL,42,47,10,307,3070
201503312533743,CCBL,42,42,36,305,10980
201503312533732,CCBL,42,42,36,304,10944
201503312533696,CCBL,42,42,36,301,10836
201503312533803,CCBL,42,47,10,307,3070
201503312533795,CCBL,42,47,10,307,3070
201503312533793,CCBL,42,42,137,305,41785
201503312533791,CCBL,14,41,40,304,12160
201503312533748,CCBL,42,42,36,305,10980
201503312533746,CCBL,42,42,36,305,10980
201503312533863,CDBL,14,38,46,330,15180
201503312533762,CFCL,16,16,30,212,6360
201503312533913,CHCL,56,41,56,1564,87584
201503312533887,CHCL,22,39,13,1567,20371
201503312533885,CHCL,22,39,44,1567,68948
201503312533877,CHCL,53,6,200,1565,313000
201503312533876,CHCL,22,38,140,1564,218960
201503312533860,CHCL,48,39,59,1561,92099
201503312533741,CHCL,17,17,28,1556,43568
201503312533735,CHCL,17,17,28,1556,43568
201503312533723,CHCL,17,17,28,1555,43540
201503312533683,CHCL,10,10,20,1550,31000
201503312533798,CHCL,46,14,100,1556,155600
201503312533797,CHCL,16,14,100,1559,155900
201503312533780,CHCL,13,59,81,1560,126360
201503312533761,CHCL,13,29,120,1565,187800
201503312533751,CHCL,17,38,94,1560,146640
201503312533745,CHCL,17,17,28,1556,43568
201503312533859,CHCL,48,16,100,1560,156000
201503312533857,CHCL,48,39,102,1560,159120
201503312533807,CHCL,54,41,18,1555,27990
201503312533801,CHCL,53,14,70,1553,108710
201503312533800,CHCL,52,14,200,1554,310800
201503312533799,CHCL,6,14,30,1555,46650
201503312533871,CNDBL,28,7,500,178,89000
201503312533838,CNDBL,28,7,500,175,87500
201503312533792,CNDBL,32,26,40,174,6960
201503312533772,CNDBL,32,5,30,176,5280
201503312533846,CSDBL,38,19,109,334,36406
201503312533731,CSDBL,38,59,73,340,24820
201503312533854,CZBIL,38,50,280,442,123760
201503312533837,CZBIL,6,10,238,440,104720
201503312533835,CZBIL,6,48,65,440,28600
201503312533834,CZBIL,6,26,25,440,11000
201503312533833,CZBIL,6,26,25,440,11000
201503312533819,CZBIL,38,50,80,434,34720
201503312533700,CZBIL,26,26,36,426,15336
201503312533687,CZBIL,49,49,190,432,82080
201503312533867,EBL,50,42,100,2060,206000
201503312533790,EDBL,48,59,283,577,163291
201503312533782,EKBL,48,17,33,278,9174
201503312533781,EKBL,8,41,16,279,4464
201503312533756,EKBL,48,26,33,278,9174
201503312533711,EKBL,48,41,16,280,4480
201503312533680,EKBL,1,1,10,285,2850
201503312533679,EKBL,1,1,30,285,8550
201503312533678,EKBL,1,1,30,285,8550
201503312533672,GBBL,44,44,89,310,27590
201503312533896,GBIME,33,8,221,448,99008
201503312533882,GBIME,19,51,21,448,9408
201503312533881,GBIME,19,51,21,448,9408
201503312533843,GBIME,25,16,69,445,30705
201503312533783,GBIME,58,50,25,445,11125
201503312533779,GBIME,58,58,26,445,11570
201503312533695,GBIME,25,25,34,448,15232
201503312533689,GBIME,25,25,34,448,15232
201503312533681,GBIME,44,29,12,457,5484
201503312533677,GBIME,44,44,39,456,17784
201503312533675,GBIME,44,44,39,455,17745
201503312533691,HAMA,8,16,90,154,13860
201503312533904,HBDL,57,55,674,113,76162
201503312533900,HBDL,54,55,800,112,89600
201503312533778,HBDL,57,29,1000,113,113000
201503312533776,HBDL,29,29,3000,112,336000
201503312533773,HBDL,51,29,500,113,56500
201503312533770,HBDL,20,29,500,114,57000
201503312533914,ICFC,6,57,300,264,79200
201503312533912,ICFC,6,17,285,263,74955
201503312533839,ICFC,44,17,1000,260,260000
201503312533916,IDBL,50,26,11,179,1969
201503312533910,IDBL,32,26,11,180,1980
201503312533714,INDB,48,39,85,391,33235
201503312533767,JBBL,42,42,32,183,5856
201503312533707,JBBL,35,48,500,180,90000
201503312533705,JBBL,33,33,21,179,3759
201503312533702,JBBL,33,33,21,181,3801
201503312533697,JBBL,33,33,21,184,3864
201503312533890,JBNL,48,55,500,264,132000
201503312533719,JBNL,22,22,17,261,4437
201503312533709,JBNL,22,22,69,260,17940
201503312533708,JBNL,22,22,44,263,11572
201503312533736,JEFL,25,59,10,138,1380
201503312533888,KAFIL,13,26,14,222,3108
201503312533769,KBBL,47,59,421,370,155770
201503312533820,KBL,38,34,342,378,129276
201503312533768,KBL,38,50,212,375,79500
201503312533676,KCDBL,1,1,13,223,2899
201503312533674,KCDBL,1,1,13,223,2899
201503312533673,KCDBL,1,1,13,223,2899
201503312533918,KDBL,38,26,127,158,20066
201503312533759,KDBL,28,36,85,158,13430
201503312533757,KDBL,28,36,42,158,6636
201503312533685,KDBL,1,1,33,158,5214
201503312533684,KDBL,1,1,33,158,5214
201503312533738,KNBL,45,44,10,291,2910
201503312533712,KRBL,48,48,20,255,5100
201503312533693,KRBL,48,55,10,260,2600
201503312533883,LICN,14,47,26,2475,64350
201503312533831,LLBS,26,53,100,859,85900
201503312533830,LLBS,26,20,10,859,8590
201503312533789,LLBS,26,20,10,843,8430
201503312533788,LLBS,26,53,50,840,42000
201503312533766,LLBS,38,20,60,827,49620
201503312533749,LLBS,39,46,10,842,8420
201503312533747,LLBS,39,41,10,859,8590
201503312533861,LUBL,39,25,200,348,69600
201503312533818,LUBL,22,25,224,343,76832
201503312533813,LUBL,13,13,275,344,94600
201503312533810,LUBL,6,4,228,344,78432
201503312533787,LUBL,6,58,17,344,5848
201503312533915,MBL,45,58,201,553,111153
201503312533911,MBL,45,14,149,553,82397
201503312533716,MDB,1,1,14,490,6860
201503312533692,NABILP,42,16,100,1326,132600
201503312533920,NBB,54,22,260,492,127920
201503312533894,NBB,49,32,160,492,78720
201503312533865,NBB,6,32,100,491,49100
201503312533923,NBL,13,7,500,306,153000
201503312533905,NBL,6,41,1000,304,304000
201503312533880,NBL,6,5,500,304,152000
201503312533872,NBL,57,57,1000,302,302000
201503312533836,NBL,44,25,1000,300,300000
201503312533919,NCCB,14,16,100,592,59200
201503312533720,NCCB,17,46,40,585,23400
201503312533718,NCCB,17,46,40,585,23400
201503312533924,NHPC,45,45,500,127,63500
201503312533917,NHPC,25,25,200,127,25400
201503312533908,NHPC,52,5,1000,125,125000
201503312533903,NHPC,52,45,500,125,62500
201503312533893,NHPC,36,48,2000,124,248000
201503312533870,NIB,17,40,149,715,106535
201503312533853,NIB,29,29,24,724,17376
201503312533856,NIBSF1,36,14,5000,10,51000
201503312533855,NIBSF1,36,7,1500,10,15300
201503312533907,NICA,10,50,300,640,192000
201503312533901,NICA,5,36,15,645,9675
201503312533710,NICA,1,1,15,633,9495
201503312533875,NICL,44,42,924,383,353892
201503312533682,NLBBL,1,1,50,1224,61200
201503312533886,NLIC,43,32,100,4500,450000
201503312533879,NLIC,54,44,100,4490,449000
201503312533878,NLIC,54,21,100,4480,448000
201503312533845,NUBL,8,59,292,1241,362372
201503312533764,OHL,38,52,100,706,70600
201503312533706,PCBL,1,1,26,432,11232
201503312533703,PCBL,1,1,26,432,11232
201503312533821,PRDBL,39,5,20,160,3200
201503312533694,PRDBL,25,55,20,162,3240
201503312533922,PRVU,25,25,924,327,302148
201503312533884,PRVU,25,29,243,329,79947
201503312533874,PRVU,14,8,1000,327,327000
201503312533868,PRVU,49,55,500,325,162500
201503312533864,PRVU,19,8,1000,325,325000
201503312533817,PRVU,19,55,11,328,3608
201503312533815,PRVU,14,55,43,329,14147
201503312533794,PRVU,16,16,2167,325,704275
201503312533760,PRVU,34,25,1119,328,367032
201503312533727,PRVU,19,55,35,328,11480
201503312533717,PURBL,14,55,11,367,4037
201503312533891,REDBL,5,20,400,212,84800
201503312533842,REDBL,43,5,17,208,3536
201503312533826,REDBL,7,5,17,210,3570
201503312533765,REDBL,17,17,89,212,18868
201503312533763,REDBL,17,17,89,212,18868
201503312533758,REDBL,17,17,89,212,18868
201503312533755,REDBL,17,17,89,212,18868
201503312533753,REDBL,17,17,89,212,18868
201503312533752,REDBL,17,17,89,212,18868
201503312533823,RHPC,17,17,11,471,5181
201503312533822,RHPC,17,17,11,471,5181
201503312533811,RHPC,17,17,11,471,5181
201503312533808,RHPC,17,17,11,471,5181
201503312533796,RHPC,21,41,10,470,4700
201503312533750,RHPC,17,17,11,471,5181
201503312533739,RMDC,17,34,90,700,63000
201503312533898,SANIMA,25,26,1000,543,543000
201503312533889,SANIMA,25,26,213,542,115446
201503312533873,SANIMA,25,26,500,541,270500
201503312533862,SANIMA,10,26,500,540,270000
201503312533858,SBI,29,17,18,916,16488
201503312533688,SBI,59,58,100,900,90000
201503312533852,SDBL,26,26,3624,215,779160
201503312533812,SHL,20,44,500,452,226000
201503312533809,SHL,49,58,100,453,45300
201503312533686,SHL,25,25,14889,460,6848940
201503312533825,SHPC,22,49,10,725,7250
201503312533824,SHPC,22,41,18,724,13032
201503312533851,SICL,17,17,1000,698,698000
201503312533775,SINDU,21,43,500,235,117500
201503312533866,SLICL,43,5,34,605,20570
201503312533785,SLICL,43,33,100,605,60500
201503312533744,SMFDB,25,25,10,1500,15000
201503312533737,SMFDB,25,25,10,1500,15000
201503312533728,SMFDB,25,25,10,1500,15000
201503312533725,SMFDB,25,25,10,1525,15250
201503312533816,SRBL,33,38,246,386,94956
201503312533814,SRBL,33,33,2589,383,991587
201503312533699,SRBL,33,33,24,380,9120
201503312533742,SRBLPO,47,16,127093,144,18301392
201503312533733,SRBLPO,47,16,20,145,2900
201503312533729,SRBLPO,47,16,20,147,2940
201503312533726,SRBLPO,47,16,20,150,3000
201503312533722,SRBLPO,47,16,20,153,3060
201503312533721,SRBLPO,47,16,20,156,3120
201503312533802,SUPRME,22,5,20,155,3100
201503312533892,YETI,26,59,30,136,4080
201503312533869,YETI,26,26,150,136,20400
201503312533832,YETI,22,39,35,134,4690
201503312533829,YETI,22,39,35,134,4690
201503312533828,YETI,22,5,90,134,12060
201503312533827,YETI,22,5,70,134,9380
201503312533777,YETI,51,5,60,132,7920
201503312533715,YETI,51,44,60,132,7920
201503312533701,YETI,51,5,70,132,9240
