contract,symbol,buyer,seller,qty,rate,amt
201503242528184,ADBL,45,45,190,465,88350
201503242528182,ADBL,25,4,110,464,51040
201503242528273,ADBL,45,16,70,467,32690
201503242528245,ADBL,45,45,50,465,23250
201503242528207,ADBL,5,39,70,466,32620
201503242528206,ADBL,5,39,90,466,41940
201503242528511,AHPC,26,1,721,340,245140
201503242528496,AHPC,50,48,170,341,57970
201503242528346,AHPC,34,52,60,346,20760
201503242528460,ALICL,28,28,500,1225,612500
201503242528440,ALICL,1,26,29,1216,35264
201503242528438,ALICL,28,5,89,1225,109025
201503242528437,ALICL,28,45,100,1225,122500
201503242528645,APEX,35,47,130,137,17810
201503242528486,APEX,25,26,11,137,1507
201503242528197,APEX,29,17,80,139,11120
201503242528381,APEX,25,36,50,137,6850
201503242528463,BGDBL,1,47,100,330,33000
201503242528390,BGDBL,54,47,500,326,163000
201503242528621,BHBL,46,47,90,275,24750
201503242528620,BHBL,43,47,50,276,13800
201503242528619,BHBL,16,47,200,277,55400
201503242528618,BHBL,16,47,10,279,2790
201503242528457,BLDBL,56,26,20,339,6780
201503242528198,BPCL,16,16,1500,600,900000
201503242528631,CBBL,21,4,200,1565,313000
201503242528588,CBBL,44,4,336,1553,521808
201503242528441,CBBL,59,59,200,1556,311200
201503242528640,CBL,57,1,400,286,114400
201503242528623,CBL,14,1,300,286,85800
201503242528209,CBL,26,1,500,290,145000
201503242528334,CCBL,46,55,40,314,12560
201503242528227,CCBL,29,38,100,317,31700
201503242528216,CCBL,29,38,50,317,15850
201503242528211,CCBL,29,38,50,317,15850
201503242528178,CCBL,5,39,39,315,12285
201503242528174,CCBL,5,39,39,315,12285
201503242528168,CCBL,5,39,39,315,12285
201503242528162,CCBL,5,39,39,315,12285
201503242528379,CDBL,22,17,21,337,7077
201503242528221,CFCL,1,22,19,204,3876
201503242528220,CFCL,25,22,19,204,3876
201503242528186,CFCL,1,22,69,204,14076
201503242528651,CHCL,35,32,500,1590,795000
201503242528648,CHCL,5,5,11,1600,17600
201503242528642,CHCL,43,29,106,1589,168434
201503242528639,CHCL,45,26,200,1593,318600
201503242528602,CHCL,17,32,300,1590,477000
201503242528582,CHCL,35,32,500,1590,795000
201503242528191,CHCL,52,52,36,1586,57096
201503242528579,CHCL,5,45,11,1599,17589
201503242528526,CHCL,57,29,70,1595,111650
201503242528447,CHCL,45,33,86,1589,136654
201503242528280,CHCL,52,39,37,1587,58719
201503242528219,CHCL,48,21,56,1586,88816
201503242528208,CHCL,53,57,790,1582,1249780
201503242528416,CNDBL,19,50,20,181,3620
201503242528412,CNDBL,19,50,100,181,18100
201503242528400,CNDBL,39,50,260,180,46800
201503242528396,CNDBL,47,50,500,179,89500
201503242528324,CNDBL,19,57,20,181,3620
201503242528316,CNDBL,19,57,20,181,3620
201503242528240,CNDBL,25,57,20,182,3640
201503242528237,CNDBL,25,57,20,182,3640
201503242528256,CNDBL,25,57,20,182,3640
201503242528255,CNDBL,25,57,20,182,3640
201503242528250,CNDBL,19,47,200,181,36200
201503242528249,CNDBL,25,57,20,182,3640
201503242528247,CNDBL,25,57,20,182,3640
201503242528244,CNDBL,25,57,20,182,3640
201503242528310,CNDBL,19,57,20,181,3620
201503242528303,CNDBL,19,57,20,181,3620
201503242528299,CNDBL,39,57,20,180,3600
201503242528298,CNDBL,39,57,20,180,3600
201503242528274,CNDBL,25,57,20,182,3640
201503242528261,CNDBL,25,57,20,182,3640
201503242528581,CSDBL,48,6,73,391,28543
201503242528574,CZBIL,29,1,1000,447,447000
201503242528571,CZBIL,8,50,35,450,15750
201503242528155,CZBIL,26,16,23,449,10327
201503242528521,CZBIL,36,17,37,450,16650
201503242528516,CZBIL,36,57,130,450,58500
201503242528360,CZBIL,6,17,184,450,82800
201503242528288,CZBIL,36,17,100,451,45100
201503242528163,CZBIL,26,41,221,450,99450
201503242528158,CZBIL,26,16,24,449,10776
201503242528352,DDBL,17,53,100,1210,121000
201503242528340,DDBL,58,53,100,1211,121100
201503242528644,EBL,22,40,150,2093,313950
201503242528604,EBL,54,26,127,2095,266065
201503242528504,EBL,57,14,500,2100,1050000
201503242528336,EBL,13,22,100,2096,209600
201503242528302,EBL,5,59,101,2095,211595
201503242528285,EBL,22,22,100,2097,209700
201503242528171,EBL,54,11,119,2099,249781
201503242528156,EBL,52,36,100,2092,209200
201503242528154,EBL,45,22,200,2090,418000
201503242528292,EDBL,13,14,122,590,71980
201503242528435,EKBL,42,59,32,286,9152
201503242528417,EKBL,42,59,32,286,9152
201503242528415,EKBL,32,43,200,285,57000
201503242528410,EKBL,42,59,32,286,9152
201503242528188,EKBL,42,4,1838,287,527506
201503242528434,FMDBL,16,6,49,670,32830
201503242528461,GBBL,49,10,333,325,108225
201503242528634,GBIME,29,32,28,455,12740
201503242528607,GBIME,29,56,107,454,48578
201503242528593,GBIME,6,38,57,451,25707
201503242528583,GBIME,6,42,16,451,7216
201503242528567,GBIME,48,43,431,450,193950
201503242528558,GBIME,43,38,57,452,25764
201503242528180,GBIME,29,32,29,455,13195
201503242528512,GBIME,49,33,200,452,90400
201503242528335,GBIME,21,26,298,451,134398
201503242528333,GBIME,48,39,95,451,42845
201503242528306,GBIME,32,26,17,452,7684
201503242528242,GBIME,29,14,354,450,159300
201503242528204,GBIME,6,52,145,452,65540
201503242528337,GBIMEP,50,42,18553,250,4638250
201503242528330,GBIMEP,50,42,25480,250,6370000
201503242528234,GDBL,42,42,320,320,102400
201503242528350,GDBL,42,14,686,320,219520
201503242528329,GFCL,11,21,249,222,55278
201503242528528,GLICL,36,49,330,522,172260
201503242528426,HAMA,8,14,200,161,32200
201503242528424,HAMA,8,21,110,162,17820
201503242528401,HAMA,16,14,60,161,9660
201503242528363,HAMA,16,14,80,161,12880
201503242528284,HAMRO,57,41,321,273,87633
201503242528239,HAMRO,57,41,107,278,29746
201503242528576,HBDL,29,37,500,113,56500
201503242528569,HBDL,29,14,500,112,56000
201503242528287,HBDL,40,25,500,112,56000
201503242528462,HBL,7,44,500,860,430000
201503242528394,HBL,20,32,10,877,8770
201503242528322,HBL,7,44,760,860,653600
201503242528356,HDL,59,45,55,706,38830
201503242528355,HDL,59,45,190,705,133950
201503242528189,HDL,59,26,100,706,70600
201503242528601,HGI,49,6,338,427,144326
201503242528373,HGI,49,5,192,432,82944
201503242528281,ICFC,49,17,200,280,56000
201503242528550,JBBL,42,40,90,196,17640
201503242528549,JBBL,42,39,32,195,6240
201503242528643,JBNL,6,13,136,272,36992
201503242528344,JBNL,29,3,426,271,115446
201503242528224,JBNL,38,50,1380,271,373980
201503242528210,JBNL,47,52,470,272,127840
201503242528185,JBNL,36,52,282,272,76704
201503242528497,JFL,29,19,101,373,37673
201503242528616,KADBL,46,26,200,347,69400
201503242528650,KBL,47,8,330,380,125400
201503242528635,KBL,42,8,450,380,171000
201503242528624,KBL,52,43,186,384,71424
201503242528613,KBL,45,8,450,380,171000
201503242528599,KBL,6,8,290,381,110490
201503242528595,KBL,1,8,480,381,182880
201503242528448,KBL,42,19,120,382,45840
201503242528319,KBL,5,33,200,382,76400
201503242528300,KBL,8,7,47,382,17954
201503242528243,KBL,5,45,200,383,76600
201503242528193,KBL,56,14,1000,380,380000
201503242528190,KBL,56,14,1000,380,380000
201503242528498,KBL,22,7,24,381,9144
201503242528494,KBL,5,7,24,382,9168
201503242528489,KBL,6,7,116,381,44196
201503242528481,KBL,6,7,300,381,114300
201503242528458,KBL,8,26,500,382,191000
201503242528453,KBL,42,1,500,382,191000
201503242528592,KCDBL,22,16,17,232,3944
201503242528590,KCDBL,22,16,17,232,3944
201503242528589,KCDBL,22,16,17,232,3944
201503242528587,KCDBL,22,16,17,232,3944
201503242528584,KCDBL,22,16,17,232,3944
201503242528580,KCDBL,22,16,17,232,3944
201503242528199,KCDBL,47,16,17,240,4080
201503242528194,KCDBL,47,16,17,240,4080
201503242528529,KCDBL,22,16,17,231,3927
201503242528527,KCDBL,36,16,17,231,3927
201503242528524,KCDBL,36,16,17,232,3944
201503242528522,KCDBL,36,16,17,232,3944
201503242528520,KCDBL,36,16,17,235,3995
201503242528519,KCDBL,26,16,17,236,4012
201503242528537,KCDBL,36,16,17,232,3944
201503242528536,KCDBL,36,16,17,232,3944
201503242528535,KCDBL,36,16,17,232,3944
201503242528534,KCDBL,22,16,17,232,3944
201503242528533,KCDBL,22,16,17,232,3944
201503242528532,KCDBL,22,16,17,232,3944
201503242528553,KCDBL,22,16,17,232,3944
201503242528548,KCDBL,22,16,17,232,3944
201503242528545,KCDBL,22,16,17,232,3944
201503242528542,KCDBL,22,16,17,232,3944
201503242528541,KCDBL,22,16,17,232,3944
201503242528539,KCDBL,22,16,17,232,3944
201503242528563,KCDBL,22,16,17,232,3944
201503242528561,KCDBL,22,16,17,232,3944
201503242528559,KCDBL,22,16,17,232,3944
201503242528556,KCDBL,22,16,17,232,3944
201503242528555,KCDBL,22,16,17,232,3944
201503242528554,KCDBL,36,16,17,232,3944
201503242528578,KCDBL,22,16,17,232,3944
201503242528577,KCDBL,22,16,17,232,3944
201503242528575,KCDBL,36,16,17,232,3944
201503242528573,KCDBL,22,16,17,232,3944
201503242528570,KCDBL,22,16,17,232,3944
201503242528568,KCDBL,22,16,17,232,3944
201503242528451,KDBL,45,47,85,160,13600
201503242528157,KDBL,28,52,41,163,6683
201503242528172,KDBL,28,1,200,164,32800
201503242528169,KDBL,28,38,33,163,5379
201503242528165,KDBL,28,38,33,163,5379
201503242528161,KDBL,28,32,76,163,12388
201503242528238,KDBL,59,22,13,162,2106
201503242528183,KDBL,28,8,1586,165,261690
201503242528179,KDBL,28,29,554,165,91410
201503242528173,KDBL,28,59,742,165,122430
201503242528321,KDBL,59,1,214,162,34668
201503242528525,KEBL,48,26,21,582,12222
201503242528266,KFL,41,17,246,164,40344
201503242528499,KMCDB,6,26,82,1081,88642
201503242528495,KMCDB,6,17,40,1075,43000
201503242528490,KMCDB,6,26,92,1070,98440
201503242528452,KMCDB,45,26,82,1065,87330
201503242528236,KMCDB,26,26,48,1060,50880
201503242528513,KRBL,16,26,70,262,18340
201503242528418,KRBL,5,26,70,267,18690
201503242528636,LBL,36,14,101,546,55146
201503242528572,LBL,36,55,128,542,69376
201503242528544,LBL,59,17,82,543,44526
201503242528455,LBL,36,43,96,542,52032
201503242528445,LBL,59,55,60,537,32220
201503242528382,LBL,13,55,60,536,32160
201503242528378,LBL,22,55,180,535,96300
201503242528297,LBL,13,46,96,538,51648
201503242528293,LBL,22,46,96,538,51648
201503242528505,LLBS,26,20,164,875,143500
201503242528500,LLBS,26,17,250,874,218500
201503242528641,LUBL,36,11,130,356,46280
201503242528630,LUBL,52,5,126,355,44730
201503242528509,LUBL,36,39,288,354,101952
201503242528429,LUBL,26,26,110,351,38610
201503242528371,LUBL,6,45,195,353,68835
201503242528308,LUBL,6,7,35,350,12250
201503242528276,LUBL,8,8,2000,344,688000
201503242528628,MBL,58,14,200,553,110600
201503242528585,MBL,34,33,1225,554,678650
201503242528507,MBL,1,14,129,554,71466
201503242528493,MBL,8,14,200,554,110800
201503242528484,MBL,45,14,200,555,111000
201503242528483,MBL,6,14,60,555,33300
201503242528482,MBL,26,14,100,556,55600
201503242528449,MBL,42,10,467,550,256850
201503242528638,MDB,41,51,100,490,49000
201503242528477,MNBBL,7,42,91,570,51870
201503242528552,MPFL,28,50,20,177,3540
201503242528480,MPFL,28,32,280,177,49560
201503242528214,MTBL,47,49,54,385,20790
201503242528591,NABIL,3,26,60,1900,114000
201503242528508,NABIL,35,29,347,1880,652360
201503242528436,NABIL,32,6,100,1880,188000
201503242528427,NABIL,22,22,112,1880,210560
201503242528167,NABIL,5,16,100,1880,188000
201503242528212,NABILP,52,35,100,1328,132800
201503242528600,NBB,25,25,11,510,5610
201503242528488,NBB,10,1,100,500,50000
201503242528485,NBB,10,1,100,500,50000
201503242528464,NBB,43,28,3000,500,1500000
201503242528264,NBB,26,28,300,501,150300
201503242528263,NBB,38,28,200,501,100200
201503242528226,NBB,47,1,200,502,100400
201503242528225,NBB,41,1,100,503,50300
201503242528342,NBB,16,25,120,501,60120
201503242528332,NBB,26,25,200,500,100000
201503242528326,NBB,53,25,290,500,145000
201503242528320,NBB,49,48,1000,498,498000
201503242528425,NBB,35,25,100,502,50200
201503242528398,NBB,28,28,1000,500,500000
201503242528368,NBB,48,5,200,500,100000
201503242528367,NBF1,17,32,28480,14,387328
201503242528365,NBF1,17,5,4575,14,62220
201503242528646,NBL,25,10,50,318,15900
201503242528606,NBL,25,8,50,318,15900
201503242528598,NBL,1,8,100,312,31200
201503242528594,NBL,41,33,830,312,258960
201503242528387,NBL,25,8,50,318,15900
201503242528364,NBL,29,8,500,315,157500
201503242528357,NBL,20,33,200,313,62600
201503242528345,NBL,47,33,500,312,156000
201503242528331,NBL,16,33,500,310,155000
201503242528327,NBL,10,33,970,308,298760
201503242528205,NBL,47,8,100,314,31400
201503242528231,NCCB,56,59,1000,600,600000
201503242528213,NCCB,56,1,580,600,348000
201503242528454,NGBL,19,29,95,294,27930
201503242528615,NHPC,25,25,50,127,6350
201503242528439,NHPC,36,48,1500,125,187500
201503242528361,NHPC,16,25,980,125,122500
201503242528351,NHPC,51,4,1000,125,125000
201503242528262,NHPC,47,48,1000,125,125000
201503242528258,NHPC,13,48,1000,125,125000
201503242528246,NHPC,41,48,500,126,63000
201503242528177,NHPC,45,45,500,126,63000
201503242528176,NHPC,45,45,500,126,63000
201503242528175,NHPC,45,45,500,126,63000
201503242528362,NIB,55,43,566,703,397898
201503242528229,NIB,51,43,220,701,154220
201503242528223,NIB,22,43,200,701,140200
201503242528181,NIB,25,32,553,702,388206
201503242528523,NIBPO,57,11,250,490,122500
201503242528476,NIBPO,57,49,500,492,246000
201503242528341,NIBPO,57,49,500,492,246000
201503242528164,NIBPO,28,49,1000,490,490000
201503242528159,NIBPO,28,49,1000,490,490000
201503242528503,NIBSF1,13,37,3130,10,31613
201503242528354,NIBSF1,11,37,4521,10,45662
201503242528612,NICA,19,44,150,649,97350
201503242528597,NICA,3,50,10,655,6550
201503242528502,NICA,5,44,200,650,130000
201503242528444,NICA,42,45,164,648,106272
201503242528433,NICA,11,44,50,650,32500
201503242528432,NICA,47,44,350,650,227500
201503242528304,NICA,33,14,90,651,58590
201503242528218,NICA,1,44,200,657,131400
201503242528431,NICA,50,44,150,650,97500
201503242528430,NICA,33,44,100,651,65100
201503242528349,NICA,50,44,50,650,32500
201503242528348,NICA,19,44,140,651,91140
201503242528347,NICA,33,44,10,651,6510
201503242528339,NICA,25,44,600,641,384600
201503242528629,NLBBL,26,22,100,1226,122600
201503242528385,NLBBL,26,28,100,1202,120200
201503242528383,NLBBL,19,28,100,1205,120500
201503242528625,NLG,26,41,88,642,56496
201503242528611,NLG,26,41,147,640,94080
201503242528560,NLG,19,41,157,643,100951
201503242528551,NLG,26,41,91,643,58513
201503242528540,NLG,45,41,99,641,63459
201503242528530,NLG,1,41,164,640,104960
201503242528305,NLG,36,41,120,642,77040
201503242528301,NLG,14,41,120,643,77160
201503242528446,NLG,1,41,100,640,64000
201503242528442,NLG,7,41,370,640,236800
201503242528413,NLG,42,45,26,640,16640
201503242528397,NLG,7,41,128,640,81920
201503242528388,NLG,19,41,100,641,64100
201503242528311,NLG,7,41,300,640,192000
201503242528389,NLIC,28,6,138,4465,616170
201503242528649,NLICL,45,54,270,2231,602370
201503242528637,NLICL,6,54,488,2235,1090680
201503242528450,NTC,1,42,70,647,45290
201503242528428,NTC,3,42,110,647,71170
201503242528286,NTC,28,45,120,644,77280
201503242528160,NTC,3,42,180,645,116100
201503242528323,NTC,56,3,100,647,64700
201503242528317,NTC,28,45,200,644,128800
201503242528420,NTC,3,21,100,646,64600
201503242528419,NTC,3,42,170,646,109820
201503242528353,NTC,1,42,130,646,83980
201503242528466,PCBL,51,26,159,430,68370
201503242528456,PCBL,57,57,503,434,218302
201503242528409,PCBL,13,57,480,430,206400
201503242528408,PCBL,20,57,500,430,215000
201503242528407,PCBL,42,57,200,430,86000
201503242528406,PCBL,5,57,300,431,129300
201503242528150,PCBL,39,57,100,438,43800
201503242528296,PCBL,14,38,200,432,86400
201503242528259,PCBL,17,53,1000,431,431000
201503242528235,PCBL,5,5,204,433,88332
201503242528153,PCBL,32,57,60,436,26160
201503242528152,PCBL,52,57,200,436,87200
201503242528151,PCBL,14,57,230,437,100510
201503242528405,PCBL,25,57,200,431,86200
201503242528404,PCBL,14,57,300,432,129600
201503242528403,PCBL,32,57,100,432,43200
201503242528402,PCBL,52,57,120,432,51840
201503242528369,PCBL,17,54,500,431,215500
201503242528309,PCBL,41,33,145,435,63075
201503242528609,PIC,32,22,50,524,26200
201503242528487,PLIC,47,38,48,1110,53280
201503242528531,PRVU,13,13,422,328,138416
201503242528515,PRVU,16,16,500,328,164000
201503242528510,PRVU,6,45,1008,326,328608
201503242528501,PRVU,16,56,429,328,140712
201503242528421,PRVU,57,29,1126,327,368202
201503242528386,PRVU,53,43,129,328,42312
201503242528376,PRVU,7,43,250,329,82250
201503242528375,PRVU,20,43,250,329,82250
201503242528374,PRVU,22,43,90,330,29700
201503242528294,PRVU,38,42,924,326,301224
201503242528257,PRVU,6,52,500,327,163500
201503242528328,PURBL,55,21,259,400,103600
201503242528318,PURBL,14,47,100,400,40000
201503242528278,PURBL,10,47,100,400,40000
201503242528622,SADBL,33,50,200,403,80600
201503242528265,SADBL,1,1,610,402,245220
201503242528627,SANIMA,14,52,500,548,274000
201503242528603,SANIMA,16,45,466,547,254902
201503242528596,SANIMA,38,16,800,545,436000
201503242528562,SANIMA,6,28,2070,545,1128150
201503242528252,SANIMA,6,33,959,545,522655
201503242528232,SANIMA,56,45,500,545,272500
201503242528195,SANIMA,56,42,500,545,272500
201503242528547,SBI,3,17,24,920,22080
201503242528538,SBI,3,32,53,918,48654
201503242528517,SBI,7,32,500,915,457500
201503242528291,SBL,53,33,152,658,100016
201503242528275,SBL,32,44,95,661,62795
201503242528491,SCB,41,20,82,1930,158260
201503242528465,SCB,6,20,84,1925,161700
201503242528295,SCB,22,26,113,1915,216395
201503242528260,SCB,41,26,30,1925,57750
201503242528251,SCB,45,26,20,1930,38600
201503242528187,SCB,41,54,59,1925,113575
201503242528617,SDBL,51,22,500,217,108500
201503242528514,SDBL,52,52,100,218,21800
201503242528370,SDBL,26,21,1000,221,221000
201503242528254,SDBL,5,1,500,220,110000
201503242528399,SEOS,8,6,5000,10,49500
201503242528475,SETI,29,29,20,208,4160
201503242528474,SETI,29,29,20,208,4160
201503242528473,SETI,29,29,20,208,4160
201503242528472,SETI,29,29,20,208,4160
201503242528471,SETI,29,29,20,208,4160
201503242528470,SETI,29,29,20,208,4160
201503242528469,SETI,29,29,20,208,4160
201503242528468,SETI,29,29,20,208,4160
201503242528610,SEWA,48,44,70,290,20300
201503242528338,SEWA,29,16,16,286,4576
201503242528196,SEWA,1,44,50,287,14350
201503242528546,SHL,53,37,100,452,45200
201503242528518,SHL,17,37,200,448,89600
201503242528343,SHL,14,37,200,450,90000
201503242528632,SHPC,10,11,12,735,8820
201503242528586,SHPC,1,32,18,739,13302
201503242528372,SHPC,36,26,222,735,163170
201503242528325,SHPC,32,49,167,730,121910
201503242528467,SICL,41,32,40,710,28400
201503242528479,SIL,36,36,262,719,188378
201503242528478,SIL,36,40,20,717,14340
201503242528459,SIL,32,43,176,705,124080
201503242528253,SIL,50,45,500,703,351500
201503242528543,SLICL,5,5,200,611,122200
201503242528391,SLICL,43,50,70,611,42770
201503242528605,SMFDB,55,21,10,1550,15500
201503242528492,SMFDB,10,21,140,1520,212800
201503242528443,SMFDB,26,21,200,1520,304000
201503242528366,SRBL,6,39,132,394,52008
201503242528248,SRBL,48,48,17,391,6647
201503242528228,SRBL,56,33,56,390,21840
201503242528282,SWBBL,29,33,110,1615,177650
201503242528393,SYFL,51,25,647,101,65347
201503242528395,TRH,13,4,300,266,79800
201503242528647,UIC,44,37,500,969,484500
201503242528633,UIC,39,16,70,984,68880
201503242528626,UIC,28,16,200,983,196600
201503242528423,UIC,41,7,50,985,49250
201503242528392,UIC,35,19,24,985,23640
201503242528170,UIC,6,10,100,990,99000
201503242528166,UIC,6,48,13,985,12805
201503242528200,UIC,29,10,30,990,29700
201503242528192,UIC,6,19,100,983,98300
201503242528384,UIC,39,7,64,985,63040
201503242528380,UIC,10,10,100,990,99000
201503242528377,UIC,10,10,100,990,99000
201503242528289,UIC,39,19,98,985,96530
201503242528279,UIC,45,19,50,988,49400
201503242528608,VBBL,35,32,500,159,79500
201503242528566,VBBL,36,32,20,158,3160
201503242528565,VBBL,36,32,20,158,3160
201503242528564,VBBL,36,32,20,158,3160
201503242528557,VBBL,49,28,860,155,133300
201503242528506,VBBL,36,40,20,157,3140
201503242528202,VBBL,5,39,20,156,3120
201503242528201,VBBL,5,39,50,156,7800
201503242528277,VBBL,26,1,80,155,12400
201503242528241,VBBL,26,40,20,155,3100
201503242528233,VBBL,26,40,20,155,3100
201503242528230,VBBL,26,40,40,155,6200
201503242528222,VBBL,16,4,1000,154,154000
201503242528203,VBBL,5,39,40,156,6240
201503242528422,VBBL,26,26,20,155,3100
201503242528315,VBBL,36,40,30,157,4710
201503242528314,VBBL,36,26,50,157,7850
201503242528313,VBBL,36,26,330,157,51810
201503242528312,VBBL,36,40,20,156,3120
201503242528290,VBBL,26,1,80,155,12400
201503242528272,WDBL,29,29,10,348,3480
201503242528271,WDBL,29,29,10,348,3480
201503242528270,WDBL,29,29,10,348,3480
201503242528269,WDBL,29,29,10,348,3480
201503242528268,WDBL,29,29,10,348,3480
201503242528267,WDBL,29,29,10,348,3480
201503242528414,YETI,42,26,40,134,5360
201503242528359,YETI,5,39,11,135,1485
201503242528358,YETI,5,39,450,135,60750
201503242528217,YETI,5,58,150,136,20400
201503242528215,YETI,35,6,110,135,14850
201503242527875,ACEDBL,22,20,100,256,25600
201503242528142,ADBL,45,45,190,464,88160
201503242528139,ADBL,45,45,190,464,88160
201503242527836,AHPC,5,22,24,346,8304
201503242527762,AIC,6,8,113,374,42262
201503242528003,ALICL,11,38,160,1229,196640
201503242527896,ALICL,6,8,201,1225,246225
201503242527887,ALICL,29,43,20,1225,24500
201503242528135,APEX,13,13,22,138,3036
201503242528133,APEX,13,13,22,138,3036
201503242528079,APEX,13,13,22,137,3014
201503242528065,APEX,13,13,22,137,3014
201503242527806,APEX,50,49,80,135,10800
201503242527754,APEX,25,41,200,135,27000
201503242527736,APEX,50,49,420,135,56700
201503242527892,APEX,26,17,80,136,10880
201503242527871,APEX,25,7,1030,134,138020
201503242527864,APEX,25,17,80,136,10880
201503242527860,APEX,25,41,840,135,113400
201503242527813,APEX,40,49,40,134,5360
201503242528039,BGDBL,39,25,10,326,3260
201503242528011,BGDBL,40,1,100,329,32900
201503242528010,BGDBL,39,25,10,328,3280
201503242527997,BGDBL,57,47,500,325,162500
201503242527926,BGDBL,40,11,50,323,16150
201503242527919,BGDBL,40,25,10,323,3230
201503242527912,BGDBL,40,3,20,322,6440
201503242527911,BGDBL,40,25,10,321,3210
201503242527867,BGDBL,16,47,200,320,64000
201503242527700,BHBL,39,39,50,279,13950
201503242528149,BPCL,21,16,200,605,121000
201503242528148,BPCL,21,16,300,607,182100
201503242527969,BPCL,35,36,176,610,107360
201503242527975,CBBL,13,59,90,1560,140400
201503242527966,CBBL,45,59,200,1565,313000
201503242527965,CBBL,37,21,126,1581,199206
201503242527770,CBBL,57,42,116,1550,179800
201503242528143,CBL,14,1,50,286,14300
201503242528057,CBL,48,3,103,281,28943
201503242528038,CBL,32,3,24,284,6816
201503242528034,CBL,32,3,52,285,14820
201503242527852,CBL,55,16,1017,289,293913
201503242527659,CBL,48,32,57,294,16758
201503242527937,CCBL,11,38,321,315,101115
201503242527720,CCBL,36,16,279,315,87885
201503242527719,CCBL,36,32,40,314,12560
201503242528042,CDBL,35,49,1000,335,335000
201503242527850,CDBL,22,11,100,337,33700
201503242527748,CDBL,38,47,17,337,5729
201503242528144,CHCL,52,54,62,1585,98270
201503242528130,CHCL,52,54,70,1585,110950
201503242528129,CHCL,47,54,50,1585,79250
201503242528128,CHCL,52,54,60,1586,95160
201503242528127,CHCL,52,54,50,1586,79300
201503242528126,CHCL,39,54,30,1587,47610
201503242527708,CHCL,52,14,80,1586,126880
201503242527705,CHCL,52,14,80,1586,126880
201503242527656,CHCL,14,25,100,1590,159000
201503242528061,CHCL,19,25,200,1591,318200
201503242527779,CHCL,54,33,522,1581,825282
201503242527744,CHCL,43,14,80,1585,126800
201503242527739,CHCL,20,33,172,1590,273480
201503242527730,CHCL,41,41,63,1590,100170
201503242527724,CHCL,43,14,80,1585,126800
201503242528125,CHCL,19,54,160,1588,254080
201503242528124,CHCL,19,54,100,1590,159000
201503242528123,CHCL,29,54,30,1591,47730
201503242528122,CHCL,40,54,50,1598,79900
201503242528121,CHCL,45,54,40,1600,64000
201503242528120,CHCL,57,54,60,1601,96060
201503242527999,CNDBL,25,39,20,182,3640
201503242527992,CNDBL,25,39,20,182,3640
201503242527991,CNDBL,25,39,20,182,3640
201503242527986,CNDBL,25,39,20,182,3640
201503242527982,CNDBL,25,39,20,182,3640
201503242528008,CZBIL,21,45,106,446,47276
201503242527979,CZBIL,52,55,139,450,62550
201503242528141,EBL,35,36,100,2093,209300
201503242528089,EBL,26,26,24,2099,50376
201503242528046,EBL,50,50,20,2100,42000
201503242527995,EBL,45,59,284,2095,594980
201503242527922,EBL,13,16,200,2095,419000
201503242527920,EBL,54,29,110,2096,230560
201503242527906,EBL,33,33,959,2080,1994720
201503242527742,EFL,5,5,27,188,5076
201503242527733,EFL,5,5,27,188,5076
201503242527697,EFL,47,5,27,190,5130
201503242527682,EFL,5,5,27,193,5211
201503242528146,EIC,37,48,50,972,48600
201503242528006,EIC,19,46,100,968,96800
201503242527838,EIC,26,46,100,969,96900
201503242527794,EIC,11,48,150,970,145500
201503242527941,EKBL,47,8,137,290,39730
201503242527877,EKBL,47,43,262,291,76242
201503242527811,EKBL,42,20,1979,286,565994
201503242527757,EKBL,42,52,163,290,47270
201503242527909,GBBL,5,56,60,326,19560
201503242527737,GBBL,29,45,89,320,28480
201503242528140,GBIME,29,32,28,455,12740
201503242528134,GBIME,29,35,44,455,20020
201503242528118,GBIME,47,38,57,452,25764
201503242528116,GBIME,8,8,2000,450,900000
201503242528094,GBIME,29,42,12,455,5460
201503242528077,GBIME,42,42,76,453,34428
201503242527662,GBIME,22,22,43,453,19479
201503242527815,GBIME,26,26,37,452,16724
201503242527814,GBIME,26,26,45,452,20340
201503242527767,GBIME,48,38,341,451,153791
201503242527751,GBIME,39,39,449,450,202050
201503242527704,GBIME,43,39,193,452,87236
201503242527691,GBIME,29,39,100,452,45200
201503242528040,GBIME,7,43,500,453,226500
201503242528031,GBIME,29,32,44,455,20020
201503242527980,GBIME,25,29,500,452,226000
201503242527964,GBIME,29,13,33,454,14982
201503242527869,GBIME,48,26,605,448,271040
201503242527831,GBIME,19,28,21,453,9513
201503242527706,GBIMEP,45,42,14413,250,3603250
201503242527690,GBIMEP,45,42,70692,250,17673000
201503242527679,GBIMEP,45,42,20055,250,5013750
201503242527677,GBIMEP,45,42,20055,250,5013750
201503242527665,GBIMEP,45,42,8022,250,2005500
201503242527660,GBIMEP,45,42,5213,250,1303250
201503242527747,GDBL,42,40,1100,325,357500
201503242527746,GDBL,42,17,100,325,32500
201503242527857,GDBL,42,17,500,319,159500
201503242527853,GDBL,42,17,740,320,236800
201503242528017,GFCL,47,51,200,222,44400
201503242528005,GLICL,36,54,395,520,205400
201503242527758,HAMA,39,22,60,158,9480
201503242527756,HAMA,39,22,60,158,9480
201503242527753,HAMA,32,22,60,158,9480
201503242527735,HAMA,28,8,160,160,25600
201503242527734,HAMA,28,8,340,160,54400
201503242527676,HAMA,16,48,40,160,6400
201503242527843,HBDL,1,13,1000,111,111000
201503242527701,HBDL,40,4,225,111,24975
201503242527990,HBL,21,8,75,864,64800
201503242527944,HBL,7,21,521,864,450144
201503242527861,HBL,3,44,402,860,345720
201503242527710,HBL,7,21,800,860,688000
201503242527983,HGI,43,58,333,424,141192
201503242527923,HGI,17,36,50,432,21600
201503242527917,HGI,43,6,500,428,214000
201503242527848,HGI,43,36,100,436,43600
201503242527773,HGI,8,36,50,436,21800
201503242527772,HGI,49,36,50,438,21900
201503242527973,IDBL,52,1,375,180,67500
201503242527968,IDBL,52,13,511,179,91469
201503242527967,IDBL,26,52,11,178,1958
201503242527786,IDBL,39,4,95,175,16625
201503242527761,IDBL,45,17,44,178,7832
201503242528093,JBBL,5,38,90,193,17370
201503242528082,JBBL,5,5,53,192,10176
201503242528078,JBBL,5,5,53,192,10176
201503242528069,JBBL,5,5,53,192,10176
201503242528014,JBBL,36,13,150,190,28500
201503242527844,JBBL,8,26,260,187,48620
201503242527830,JBBL,25,26,90,189,17010
201503242527695,JBBL,25,40,90,189,17010
201503242528088,JBNL,26,32,1000,271,271000
201503242528087,JBNL,6,32,80,272,21760
201503242528086,JBNL,49,32,500,272,136000
201503242528085,JBNL,47,32,500,272,136000
201503242528084,JBNL,49,32,200,273,54600
201503242528068,JBNL,6,50,920,272,250240
201503242527866,JBNL,17,38,94,273,25662
201503242527729,JBNL,36,4,248,272,67456
201503242528058,JEFL,26,45,100,157,15700
201503242527893,JEFL,14,32,500,154,77000
201503242527874,JEFL,26,32,200,151,30200
201503242527858,JEFL,25,32,500,149,74500
201503242528002,KBBL,22,58,500,367,183500
201503242528111,KBL,47,22,200,384,76800
201503242528100,KBL,47,22,100,384,38400
201503242528075,KBL,10,1,109,384,41856
201503242528052,KBL,47,22,103,384,39552
201503242527954,KBL,53,49,202,382,77164
201503242527870,KBL,8,14,50,384,19200
201503242527839,KBL,6,53,5056,380,1921280
201503242527837,KBL,47,49,140,380,53200
201503242527828,KBL,16,35,165,383,63195
201503242527731,KBL,32,22,98,383,37534
201503242527728,KBL,26,14,50,384,19200
201503242527666,KBL,32,22,135,383,51705
201503242528106,KCDBL,22,16,17,240,4080
201503242528080,KCDBL,13,13,10,236,2360
201503242527820,KCDBL,36,40,17,235,3995
201503242527819,KCDBL,36,40,17,235,3995
201503242527807,KCDBL,36,40,17,232,3944
201503242527800,KCDBL,36,40,17,231,3927
201503242527763,KCDBL,22,40,17,236,4012
201503242527755,KCDBL,22,40,17,236,4012
201503242527721,KCDBL,22,16,17,240,4080
201503242527797,KCDBL,22,40,17,230,3910
201503242527796,KCDBL,22,40,17,230,3910
201503242527790,KCDBL,22,40,17,232,3944
201503242527784,KCDBL,36,40,17,232,3944
201503242527768,KCDBL,22,40,17,236,4012
201503242527765,KCDBL,22,40,17,236,4012
201503242528114,KDBL,28,1,200,162,32400
201503242527725,KDBL,5,5,14,160,2240
201503242527717,KDBL,5,5,76,160,12160
201503242527950,KDBL,59,26,495,162,80190
201503242528095,KEBL,26,26,100,571,57100
201503242528110,KFL,1,17,162,161,26082
201503242527996,KFL,41,4,500,158,79000
201503242527897,KFL,16,7,60,161,9660
201503242527884,KMCDB,6,32,60,1051,63060
201503242527681,KNBL,42,41,43,290,12470
201503242527655,KNBL,45,41,95,290,27550
201503242528015,LBL,11,55,27,548,14796
201503242527985,LBL,36,21,105,544,57120
201503242527960,LBL,36,22,96,540,51840
201503242527952,LBL,36,58,200,539,107800
201503242528043,LFLC,45,45,191,224,42784
201503242527878,LFLC,39,42,50,226,11300
201503242528071,LLBS,13,13,10,865,8650
201503242527948,LLBS,26,20,41,875,35875
201503242527947,LLBS,26,20,123,875,107625
201503242527707,LLBS,47,17,50,875,43750
201503242527688,LLBS,36,17,120,880,105600
201503242527673,LLBS,36,17,20,868,17360
201503242528083,LUBL,26,40,103,351,36153
201503242528018,LUBL,36,39,200,350,70000
201503242527988,LUBL,26,45,142,350,49700
201503242527914,LUBL,36,11,130,355,46150
201503242527908,LUBL,6,40,169,352,59488
201503242527789,LUBL,6,19,647,352,227744
201503242527928,MBL,45,28,500,555,277500
201503242527865,MBL,36,50,188,555,104340
201503242527854,MBL,14,48,850,554,470900
201503242527816,MBL,36,50,245,553,135485
201503242528113,MDB,17,40,100,490,49000
201503242527943,MDB,45,26,428,500,214000
201503242528019,METRO,47,45,337,349,117613
201503242527876,MTBL,47,16,97,392,38024
201503242527808,MTBL,3,16,97,400,38800
201503242528081,NABIL,35,35,200,1880,376000
201503242528104,NBB,47,22,200,503,100600
201503242528096,NBB,17,17,375,501,187875
201503242528063,NBB,10,22,200,503,100600
201503242527929,NBB,36,48,300,504,151200
201503242527921,NBB,1,17,100,503,50300
201503242527652,NBB,47,50,270,504,136080
201503242527984,NBBL,55,26,30,1930,57900
201503242528056,NBF1,49,49,2997,14,40759
201503242528049,NBF1,49,49,2997,14,40759
201503242528048,NBF1,49,49,2997,14,40759
201503242528047,NBF1,49,49,2997,14,40759
201503242527942,NBF1,40,17,539,14,7411
201503242527918,NBF1,35,42,2287,14,30989
201503242527910,NBF1,29,42,5283,13,70792
201503242528105,NCCB,56,46,84,600,50400
201503242527963,NCCB,56,39,100,610,61000
201503242527962,NCCB,56,56,1000,610,610000
201503242527925,NCCB,56,50,600,609,365400
201503242527924,NCCB,56,17,500,608,304000
201503242527881,NCCB,58,58,50,604,30200
201503242527684,NCCB,56,6,357,610,217770
201503242527683,NCCB,56,16,210,609,127890
201503242527680,NCCB,56,5,1000,605,605000
201503242527829,NCCB,56,45,710,604,428840
201503242527818,NCCB,56,52,347,605,209935
201503242527805,NCCB,56,17,500,605,302500
201503242527804,NCCB,56,50,500,604,302000
201503242527802,NCCB,56,16,588,603,354564
201503242527788,NCCB,56,1,482,598,288236
201503242527832,NCM,41,54,236,223,52628
201503242527827,NCM,41,4,600,223,133800
201503242527651,NCM,41,7,131,226,29606
201503242528007,NGBL,32,51,100,294,29400
201503242527904,NHPC,47,7,1000,126,126000
201503242527882,NHPC,47,38,1000,126,126000
201503242527698,NHPC,41,4,1000,125,125000
201503242528045,NIB,51,29,400,700,280000
201503242527793,NIB,22,43,220,700,154000
201503242527787,NIB,16,43,300,700,210000
201503242527785,NIB,6,43,200,701,140200
201503242528115,NIBPO,50,49,1000,490,490000
201503242527971,NIBPO,29,29,500,491,245500
201503242527970,NIBPO,29,49,1000,491,491000
201503242527935,NIBPO,47,40,1000,491,491000
201503242527933,NIBPO,47,32,281,490,137690
201503242527932,NIBPO,6,32,281,490,137690
201503242527726,NIBPO,8,32,281,490,137690
201503242527650,NIBPO,47,21,500,494,247000
201503242527913,NIBPO,8,49,1000,490,490000
201503242527883,NIBPO,53,14,200,493,98600
201503242527750,NIBPO,8,14,789,490,386610
201503242527738,NIBPO,6,6,1000,490,490000
201503242527727,NIBPO,8,32,281,490,137690
201503242528138,NICA,5,40,25,655,16375
201503242528099,NICA,19,47,65,651,42315
201503242528060,NICA,11,44,95,657,62415
201503242527951,NICA,33,33,2055,649,1333695
201503242527846,NICA,3,36,141,655,92355
201503242527782,NICA,53,59,500,650,325000
201503242527774,NICA,57,47,25,651,16275
201503242527718,NICA,50,50,200,648,129600
201503242527716,NICA,54,59,500,650,325000
201503242527686,NICA,47,17,91,648,58968
201503242527678,NICA,47,17,92,648,59616
201503242527674,NICA,19,14,105,648,68040
201503242527939,NLBBL,8,17,70,1225,85750
201503242528119,NLG,39,41,112,647,72464
201503242527972,NLG,26,41,114,648,73872
201503242527722,NLG,26,38,24,650,15600
201503242528074,NLIC,55,54,25,4470,111750
201503242527998,NLIC,11,26,30,4500,135000
201503242527826,NLIC,44,52,70,4500,315000
201503242527764,NLICL,14,14,45,2246,101070
201503242527901,NMBSF1,35,37,2000,10,20200
201503242527900,NMBSF1,35,32,1000,10,10100
201503242527958,NTC,28,42,140,644,90160
201503242527949,NTC,5,42,120,645,77400
201503242527745,NTC,5,22,100,646,64600
201503242527654,NTC,3,34,100,647,64700
201503242527824,OHL,21,43,70,720,50400
201503242527812,OHL,14,56,40,715,28600
201503242528067,PCBL,44,53,1000,435,435000
201503242528036,PCBL,25,38,100,439,43900
201503242527987,PCBL,17,50,500,436,218000
201503242527915,PCBL,54,42,159,438,69642
201503242527903,PCBL,34,34,1000,432,432000
201503242527873,PCBL,26,50,299,438,130962
201503242527740,PCBL,14,50,188,436,81968
201503242527649,PCBL,48,50,484,435,210540
201503242528004,PIC,32,16,24,532,12768
201503242528076,PLIC,6,47,81,1101,89181
201503242527693,PLIC,49,49,147,1100,161700
201503242527946,PRDBL,13,13,210,174,36540
201503242527863,PRDBL,7,13,100,173,17300
201503242527752,PRDBL,13,13,250,172,43000
201503242528117,PRVU,22,14,11,328,3608
201503242528112,PRVU,7,14,11,329,3619
201503242528054,PRVU,59,39,108,330,35640
201503242527994,PRVU,17,3,291,328,95448
201503242527931,PRVU,38,57,1000,326,326000
201503242527930,PRVU,42,6,76,328,24928
201503242527694,PRVU,25,25,4369,329,1437401
201503242527685,PRVU,25,25,21803,329,7173187
201503242527823,PRVU,7,42,73,328,23944
201503242527760,PRVU,59,19,2111,328,692408
201503242527891,PRVU,7,49,11,328,3608
201503242527889,PRVU,14,49,44,329,14476
201503242527886,PRVU,38,49,44,329,14476
201503242527834,PRVU,59,49,32000,328,10496000
201503242527927,PRVU,42,49,11,328,3608
201503242527907,PRVU,53,49,11,328,3608
201503242527905,PRVU,7,49,11,328,3608
201503242527899,PRVU,38,49,11,329,3619
201503242527898,PRVU,7,26,237,330,78210
201503242527895,PRVU,8,49,11,328,3608
201503242528055,PURBL,10,22,22,401,8822
201503242527825,PURBL,10,45,34,409,13906
201503242527821,PURBL,10,22,11,409,4499
201503242527696,PURBL,51,48,202,417,84234
201503242527957,REDBL,5,32,38,225,8550
201503242527955,REDBL,5,14,247,222,54834
201503242527888,REDBL,5,41,554,222,122988
201503242527862,REDBL,5,14,247,221,54587
201503242527833,REDBL,5,14,247,221,54587
201503242527845,RHPC,5,48,11,494,5434
201503242527880,SADBL,45,52,230,401,92230
201503242527879,SADBL,45,52,230,401,92230
201503242527810,SADBL,5,1,70,401,28070
201503242527809,SADBL,14,1,30,401,12030
201503242527798,SADBL,5,52,230,401,92230
201503242527792,SADBL,5,1,180,401,72180
201503242527732,SADBL,6,26,50,403,20150
201503242527702,SADBL,26,1,150,404,60600
201503242527667,SADBL,43,52,243,404,98172
201503242527663,SADBL,26,52,243,404,98172
201503242527791,SADBL,43,1,20,402,8040
201503242527783,SADBL,22,1,50,403,20150
201503242527778,SADBL,43,52,230,402,92460
201503242527776,SADBL,32,4,70,402,28140
201503242527775,SADBL,22,4,70,403,28210
201503242527769,SADBL,7,50,171,404,69084
201503242528136,SANIMA,29,1,30,545,16350
201503242528098,SANIMA,49,28,3373,545,1838285
201503242528066,SANIMA,49,28,1000,545,545000
201503242528053,SANIMA,46,4,51,549,27999
201503242528044,SANIMA,6,28,500,545,272500
201503242528033,SANIMA,55,28,250,545,136250
201503242527934,SANIMA,59,35,455,545,247975
201503242527902,SANIMA,25,50,12,544,6528
201503242527803,SANIMA,36,42,50,543,27150
201503242527795,SANIMA,6,48,651,545,354795
201503242527713,SANIMA,36,45,98,548,53704
201503242527712,SANIMA,36,1,100,548,54800
201503242528030,SANIMA,55,28,750,545,408750
201503242528029,SANIMA,21,28,500,546,273000
201503242528028,SANIMA,36,28,250,548,137000
201503242528027,SANIMA,36,19,100,548,54800
201503242528023,SANIMA,7,28,144,546,78624
201503242527945,SANIMA,55,39,632,546,345072
201503242527940,SBI,33,33,1200,915,1098000
201503242527938,SBI,53,17,168,918,154224
201503242527916,SBI,43,32,609,916,557844
201503242527817,SBI,16,16,221,912,201552
201503242527781,SBI,53,4,60,911,54660
201503242527771,SBI,43,4,200,911,182200
201503242527715,SBI,36,20,399,915,365085
201503242527714,SBI,28,17,126,912,114912
201503242527699,SBI,28,49,270,912,246240
201503242528137,SBL,14,33,210,660,138600
201503242528131,SBL,8,8,2000,659,1318000
201503242527868,SBL,59,50,355,665,236075
201503242527849,SBL,25,33,500,657,328500
201503242527842,SBL,43,43,242,660,159720
201503242527689,SBL,53,43,266,660,175560
201503242527675,SBL,40,43,313,658,205954
201503242528072,SCB,53,35,200,1930,386000
201503242528051,SCB,45,25,31,1932,59892
201503242527981,SCB,22,22,62,1930,119660
201503242528026,SEWA,45,45,161,290,46690
201503242527978,SEWA,45,19,140,290,40600
201503242528070,SFL,39,14,24,150,3600
201503242528041,SFL,59,14,24,148,3552
201503242528020,SFL,52,13,72,146,10512
201503242528073,SHBL,50,11,10,1312,13120
201503242528016,SHINE,56,25,16,341,5456
201503242527890,SHL,25,45,10000,459,4590000
201503242527749,SHPC,19,44,18,730,13140
201503242527723,SHPC,21,56,100,726,72600
201503242527668,SHPC,19,6,50,739,36950
201503242528132,SICL,22,51,416,710,295360
201503242527953,SICL,22,52,221,710,156910
201503242527936,SICL,43,7,12,707,8484
201503242527822,SICL,41,45,14,700,9800
201503242527956,SIGS1,40,43,5000,16,80500
201503242528102,SKBBL,29,29,17,1500,25500
201503242528097,SKBBL,29,29,17,1500,25500
201503242528092,SKBBL,29,29,17,1500,25500
201503242528091,SKBBL,29,29,17,1500,25500
201503242528090,SKBBL,29,29,17,1500,25500
201503242528062,SKBBL,28,50,200,1505,301000
201503242527851,SKBBL,7,45,14,1490,20860
201503242528013,SLBBL,19,17,18,2780,50040
201503242527766,SLBBL,37,21,64,2750,176000
201503242527741,SLBBL,57,57,180,2720,489600
201503242527872,SLICL,41,57,70,610,42700
201503242528103,SRBL,56,5,100,392,39200
201503242528101,SRBL,56,16,11,391,4301
201503242528059,SRBL,33,16,11,391,4301
201503242528050,SRBL,37,47,14,393,5502
201503242528037,SRBL,36,45,89,390,34710
201503242528035,SRBL,44,45,89,390,34710
201503242528032,SRBL,56,57,107,388,41516
201503242528025,SRBL,26,49,88,390,34320
201503242527961,SRBL,26,44,500,390,195000
201503242527894,SRBL,26,42,86,390,33540
201503242527759,SUPRME,17,20,544,163,88672
201503242527801,SWBBL,13,21,100,1610,161000
201503242527658,SWBBL,56,53,100,1603,160300
201503242527885,TRH,16,50,20,270,5400
201503242527859,TRH,39,4,30,266,7980
201503242527664,TRH,5,5,20,266,5320
201503242527661,TRH,5,5,40,266,10640
201503242527657,TRH,5,5,10,266,2660
201503242527653,TRH,5,5,20,266,5320
201503242528147,UIC,47,10,100,990,99000
201503242528001,UIC,39,6,200,980,196000
201503242527993,UIC,41,38,100,980,98000
201503242527989,UIC,44,49,398,973,387254
201503242527974,UIC,6,38,100,974,97400
201503242527711,UIC,57,48,250,970,242500
201503242527672,UIC,32,49,100,984,98400
201503242527671,UIC,14,49,200,985,197000
201503242527670,UIC,39,49,100,986,98600
201503242527669,UIC,32,49,100,986,98600
201503242527835,UIC,20,38,200,970,194000
201503242527799,UIC,11,49,100,980,98000
201503242527777,UIC,39,45,17,978,16626
201503242527743,UIC,57,16,200,970,194000
201503242527959,UIC,14,49,107,970,103790
201503242527856,UIC,37,21,72,972,69984
201503242527855,UIC,16,16,50,970,48500
201503242527841,UIC,47,49,20,970,19400
201503242527840,UIC,57,49,50,970,48500
201503242528108,VBBL,5,26,140,157,21980
201503242528107,VBBL,5,26,60,157,9420
201503242527977,VBBL,26,40,20,155,3100
201503242527976,VBBL,26,40,30,155,4650
201503242527709,VBBL,48,17,70,152,10640
201503242527703,VBBL,48,4,70,152,10640
201503242527692,VBBL,20,4,90,153,13770
201503242527687,VBBL,45,4,70,155,10850
201503242528022,YETI,42,3,20,134,2680
201503242528009,YETI,42,3,20,134,2680
201503242528000,YETI,42,3,20,134,2680
201503242527847,YETI,45,45,92,134,12328
201503242527503,ACEDBL,22,52,300,261,78300
201503242527598,ADBL,14,40,70,469,32830
201503242527570,ADBL,22,45,41,469,19229
201503242527495,ADBL,22,49,40,469,18760
201503242527442,ADBL,34,34,50,469,23450
201503242527440,ADBL,34,34,90,469,42210
201503242527621,AHPC,1,45,180,340,61200
201503242527530,AHPC,14,19,724,340,246160
201503242527521,AHPC,43,44,54,342,18468
201503242527445,AHPC,6,22,24,340,8160
201503242527432,AHPC,22,22,24,335,8040
201503242527425,AHPC,22,22,24,335,8040
201503242527431,AHPC,22,22,24,335,8040
201503242527430,AHPC,22,22,24,335,8040
201503242527429,AHPC,22,22,24,335,8040
201503242527428,AHPC,22,22,24,335,8040
201503242527427,AHPC,22,22,24,335,8040
201503242527426,AHPC,22,22,24,335,8040
201503242527574,ALICL,45,8,100,1225,122500
201503242527590,APEX,13,17,80,137,10960
201503242527551,APEX,39,32,30,135,4050
201503242527549,APEX,39,32,30,135,4050
201503242527499,APEX,39,32,30,137,4110
201503242527498,APEX,39,32,30,137,4110
201503242527497,APEX,39,32,30,137,4110
201503242527474,APEX,39,32,30,139,4170
201503242527556,BGDBL,47,47,500,315,157500
201503242527451,BLDBL,14,14,810,345,279450
201503242527634,CBL,48,22,57,289,16473
201503242527629,CBL,48,39,82,288,23616
201503242527625,CBL,48,43,27,287,7749
201503242527599,CBL,32,29,81,283,22923
201503242527554,CBL,55,44,15,285,4275
201503242527553,CBL,55,44,15,285,4275
201503242527547,CBL,55,44,15,285,4275
201503242527546,CBL,55,44,15,285,4275
201503242527543,CBL,55,44,15,285,4275
201503242527635,CCBL,39,32,40,311,12440
201503242527631,CCBL,39,32,40,311,12440
201503242527606,CCBL,21,59,40,310,12400
201503242527461,CFCL,1,32,55,200,11000
201503242527648,CHCL,17,25,100,1590,159000
201503242527647,CHCL,43,25,200,1590,318000
201503242527644,CHCL,29,57,70,1591,111370
201503242527630,CHCL,52,25,100,1591,159100
201503242527627,CHCL,52,41,18,1592,28656
201503242527622,CHCL,48,49,296,1593,471528
201503242527528,CHCL,40,40,84,1595,133980
201503242527520,CHCL,19,41,19,1592,30248
201503242527493,CHCL,32,32,1000,1590,1590000
201503242527473,CHCL,38,41,19,1590,30210
201503242527455,CHCL,52,57,140,1600,224000
201503242527605,CHCL,43,33,104,1592,165568
201503242527562,CHCL,22,49,220,1590,349800
201503242527561,CHCL,38,49,100,1590,159000
201503242527557,CHCL,54,33,100,1591,159100
201503242527533,CHCL,42,42,141,1592,224472
201503242527532,CHCL,42,42,141,1592,224472
201503242527566,CZBIL,49,48,133,450,59850
201503242527564,CZBIL,6,20,95,450,42750
201503242527517,CZBIL,44,44,174,450,78300
201503242527578,GBIME,6,39,290,451,130790
201503242527577,GBIME,19,44,72,453,32616
201503242527573,GBIME,28,38,105,451,47355
201503242527527,GBIME,11,44,20,450,9000
201503242527526,GBIME,28,44,360,450,162000
201503242527519,GBIME,16,44,29,453,13137
201503242527435,GBIME,36,36,18,462,8316
201503242527434,GBIME,36,36,42,462,19404
201503242527433,GBIME,36,36,45,462,20790
201503242527469,GBIME,36,39,10,462,4620
201503242527441,GBIME,52,52,91,453,41223
201503242527439,GBIME,36,36,18,462,8316
201503242527438,GBIME,36,36,40,462,18480
201503242527437,GBIME,36,36,45,462,20790
201503242527436,GBIME,36,36,45,462,20790
201503242527624,GBIMEP,40,42,20055,250,5013750
201503242527620,GBIMEP,40,42,20055,250,5013750
201503242527531,GDBL,6,6,500,320,160000
201503242527541,GLICL,22,22,10,520,5200
201503242527540,GLICL,22,22,10,520,5200
201503242527539,GLICL,22,22,10,520,5200
201503242527538,GLICL,22,22,10,520,5200
201503242527536,GLICL,22,22,10,520,5200
201503242527535,GLICL,22,22,10,520,5200
201503242527614,HAMA,16,22,60,160,9600
201503242527446,HAMA,8,21,300,161,48300
201503242527508,HBDL,48,48,500,111,55500
201503242527645,HBL,7,44,549,865,474885
201503242527609,HGI,52,51,91,440,40040
201503242527567,JBBL,8,45,32,190,6080
201503242527548,JBBL,28,28,78,191,14898
201503242527559,JBNL,22,52,72,276,19872
201503242527550,JBNL,55,50,515,275,141625
201503242527502,JBNL,17,50,350,275,96250
201503242527447,JBNL,17,17,30,272,8160
201503242527475,KAFIL,39,1,10,237,2370
201503242527486,KBBL,44,45,350,360,126000
201503242527594,KBL,56,33,665,380,252700
201503242527512,KBL,49,49,280,377,105560
201503242527452,KBL,56,17,70,380,26600
201503242527449,KBL,52,52,202,381,76962
201503242527487,KDBL,6,57,11,160,1760
201503242527607,KDBL,28,1,82,160,13120
201503242527492,KDBL,6,57,11,160,1760
201503242527491,KDBL,6,57,11,160,1760
201503242527489,KDBL,6,57,11,160,1760
201503242527488,KDBL,6,57,21,160,3360
201503242527444,KRBL,34,34,200,272,54400
201503242527646,LBL,5,5,138,531,73278
201503242527628,LBL,5,5,138,536,73968
201503242527563,LBL,36,1,10,546,5460
201503242527615,LLBS,41,1,10,851,8510
201503242527612,LLBS,41,1,10,851,8510
201503242527602,LLBS,36,14,10,850,8500
201503242527600,LLBS,36,17,20,862,17240
201503242527593,LLBS,41,42,10,846,8460
201503242527552,LLBS,41,20,20,860,17200
201503242527490,LLBS,47,20,50,875,43750
201503242527467,LLBS,39,33,41,885,36285
201503242527560,LUBL,36,52,40,359,14360
201503242527470,MBBL,59,22,27,195,5265
201503242527468,MBBL,26,22,23,198,4554
201503242527466,MBBL,59,22,23,195,4485
201503242527465,MBBL,22,22,23,195,4485
201503242527464,MBBL,22,22,23,198,4554
201503242527463,MBBL,26,22,23,202,4646
201503242527462,MBBL,22,22,23,199,4577
201503242527460,MBBL,22,22,23,203,4669
201503242527459,MBBL,22,22,23,207,4761
201503242527458,MBBL,45,22,23,211,4853
201503242527456,MBBL,22,22,23,211,4853
201503242527478,MDB,45,45,518,510,264180
201503242527477,MDB,45,44,100,510,51000
201503242527513,MDBL,43,13,24,220,5280
201503242527518,MNBBL,21,21,250,565,141250
201503242527580,NABILP,17,17,500,1330,665000
201503242527558,NCCB,56,50,750,600,450000
201503242527484,NCCB,28,32,100,611,61100
201503242527479,NCCB,28,32,100,611,61100
201503242527454,NCM,25,54,140,226,31640
201503242527424,NCM,44,44,74,222,16428
201503242527572,NHPC,47,56,500,127,63500
201503242527571,NHPC,47,56,500,127,63500
201503242527542,NIBSF1,28,39,5000,10,50500
201503242527482,NICA,51,49,35,650,22750
201503242527505,NLICP,59,17,100,2117,211700
201503242527500,NLICP,59,17,100,2082,208200
201503242527496,NLICP,59,17,100,2042,204200
201503242527494,NLICP,59,17,100,2002,200200
201503242527485,NLICP,59,17,100,1963,196300
201503242527643,NTC,3,3,100,646,64600
201503242527642,NTC,3,57,150,645,96750
201503242527581,NTC,19,38,330,645,212850
201503242527481,NTC,14,34,100,646,64600
201503242527453,NTC,11,57,150,645,96750
201503242527450,NTC,8,8,100,646,64600
201503242527443,NTC,44,44,500,646,323000
201503242527626,OHL,21,52,10,710,7100
201503242527608,OHL,14,45,480,720,345600
201503242527457,OHL,14,14,70,717,50190
201503242527633,PLIC,49,49,53,1105,58565
201503242527576,PLIC,47,52,50,1127,56350
201503242527618,PRDBL,22,13,200,173,34600
201503242527617,PRDBL,22,47,10,171,1710
201503242527579,PRDBL,22,22,20,168,3360
201503242527569,PRDBL,22,45,10,168,1680
201503242527568,PRDBL,39,45,10,170,1700
201503242527529,PRDBL,39,45,10,170,1700
201503242527448,PRDBL,16,16,22,170,3740
201503242527601,REDBL,59,14,247,220,54340
201503242527597,REDBL,5,44,17,224,3808
201503242527596,REDBL,5,44,17,223,3791
201503242527595,REDBL,5,44,17,223,3791
201503242527632,SBI,28,14,41,912,37392
201503242527616,SBI,28,50,49,912,44688
201503242527603,SBL,17,21,219,659,144321
201503242527604,SEWA,43,45,173,288,49824
201503242527575,SEWA,29,38,13,286,3718
201503242527613,SHBL,50,10,10,1312,13120
201503242527611,SHBL,50,10,10,1312,13120
201503242527610,SHBL,50,10,10,1312,13120
201503242527537,SHBL,44,4,355,1312,465760
201503242527534,SHBL,11,33,100,1312,131200
201503242527524,SHBL,50,11,10,1312,13120
201503242527506,SHBL,37,46,20,1312,26240
201503242527504,SHBL,37,33,10,1312,13120
201503242527501,SHBL,37,14,10,1289,12890
201503242527480,SHBL,37,33,10,1264,12640
201503242527476,SHBL,37,33,10,1240,12400
201503242527471,SHBL,6,33,10,1216,12160
201503242527516,SHBL,14,4,77,1312,101024
201503242527515,SHBL,50,17,10,1312,13120
201503242527511,SHBL,50,50,10,1312,13120
201503242527510,SHBL,37,16,211,1312,276832
201503242527509,SHBL,50,39,10,1312,13120
201503242527507,SHBL,37,50,10,1312,13120
201503242527619,SHPC,38,14,18,740,13320
201503242527592,SUPRME,28,57,11,162,1782
201503242527591,SUPRME,22,57,11,162,1782
201503242527589,SUPRME,28,57,11,162,1782
201503242527588,SUPRME,22,57,11,162,1782
201503242527587,SUPRME,22,57,11,162,1782
201503242527586,SUPRME,28,57,11,162,1782
201503242527523,SUPRME,39,57,11,162,1782
201503242527522,SUPRME,39,57,11,162,1782
201503242527514,SUPRME,28,36,23,160,3680
201503242527483,SUPRME,28,42,32,162,5184
201503242527585,SUPRME,22,57,11,162,1782
201503242527584,SUPRME,22,57,11,162,1782
201503242527583,SUPRME,22,57,11,162,1782
201503242527582,SUPRME,22,57,11,162,1782
201503242527545,SUPRME,45,57,11,164,1804
201503242527525,SUPRME,39,57,11,162,1782
201503242527641,UIC,58,10,100,990,99000
201503242527640,UIC,21,10,100,990,99000
201503242527639,UIC,7,10,100,990,99000
201503242527638,UIC,51,10,200,991,198200
201503242527637,UIC,36,10,100,991,99100
201503242527636,UIC,14,10,30,991,29730
201503242527623,UIC,36,58,100,991,99100
201503242527565,YETI,16,45,40,132,5280
201503242527555,YETI,13,45,132,131,17292
201503242527472,YETI,39,57,71,132,9372
