contract,symbol,buyer,seller,qty,rate,amt
201506252596557,AHPC,5,40,46,324,14904
201506252596548,AHPC,5,40,500,323,161500
201506252596527,AHPC,5,20,100,320,32000
201506252596487,AHPC,5,21,90,317,28530
201506252596485,AHPC,5,21,90,317,28530
201506252596358,AHPC,14,21,90,320,28800
201506252596282,AHPC,25,14,13,321,4173
201506252596263,AHPC,25,35,1000,318,318000
201506252596192,AHPC,18,18,46,319,14674
201506252596170,AHPC,53,14,41,321,13161
201506252596452,ALICL,14,59,200,960,192000
201506252596252,ALICL,57,6,15,956,14340
201506252596243,ALICL,50,6,29,957,27753
201506252596235,ALICL,58,6,440,955,420200
201506252596426,APEX,25,32,1100,120,132000
201506252596353,ARDBL,54,42,31,167,5177
201506252596351,ARDBL,54,42,42,168,7056
201506252596245,ARDBL,57,25,194,168,32592
201506252596208,ARDBL,57,42,42,171,7182
201506252596605,BUDBL,28,21,500,198,99000
201506252596562,BUDBL,57,22,147,200,29400
201506252596440,BUDBL,57,21,500,200,100000
201506252596419,BUDBL,57,6,100,200,20000
201506252596512,CBBL,11,34,145,1640,237800
201506252596399,CBBL,14,57,285,1645,468825
201506252596289,CBBL,25,32,150,1650,247500
201506252596288,CBBL,10,32,40,1660,66400
201506252596566,CBL,16,16,370,271,100270
201506252596486,CBL,32,11,276,271,74796
201506252596431,CBL,32,51,29,271,7859
201506252596422,CBL,49,51,35,271,9485
201506252596333,CBL,21,8,629,270,169830
201506252596145,CBL,48,25,1553,270,419310
201506252596625,CCBL,50,1,122,311,37942
201506252596572,CCBL,48,53,40,312,12480
201506252596554,CCBL,48,53,40,312,12480
201506252596540,CCBL,48,53,40,312,12480
201506252596472,CCBL,48,53,40,312,12480
201506252596458,CCBL,48,53,40,312,12480
201506252596186,CCBL,16,45,40,314,12560
201506252596319,CCBL,50,13,32,311,9952
201506252596314,CCBL,6,51,520,311,161720
201506252596277,CCBL,6,21,40,315,12600
201506252596211,CCBL,49,21,40,315,12600
201506252596210,CCBL,49,21,40,315,12600
201506252596188,CCBL,39,51,480,311,149280
201506252596405,CCBL,50,53,40,311,12440
201506252596393,CCBL,50,53,40,311,12440
201506252596392,CCBL,17,51,397,312,123864
201506252596389,CCBL,50,53,40,311,12440
201506252596383,CCBL,50,53,40,311,12440
201506252596380,CCBL,50,53,40,311,12440
201506252596453,CCBL,48,53,40,312,12480
201506252596447,CCBL,48,53,40,312,12480
201506252596442,CCBL,48,53,40,312,12480
201506252596428,CCBL,48,53,40,312,12480
201506252596417,CCBL,48,53,40,312,12480
201506252596411,CCBL,48,53,40,312,12480
201506252596373,CDBL,25,22,93,330,30690
201506252596194,CDBL,11,41,48,326,15648
201506252596132,CDBL,18,18,31,324,10044
201506252596531,CFCL,28,21,231,168,38808
201506252596632,CHCL,1,55,71,1515,107565
201506252596624,CHCL,55,55,163,1520,247760
201506252596594,CHCL,1,55,93,1515,140895
201506252596593,CHCL,1,14,110,1514,166540
201506252596570,CHCL,32,10,108,1515,163620
201506252596568,CHCL,32,21,16,1515,24240
201506252596345,CHCL,1,40,450,1514,681300
201506252596290,CHCL,45,28,16,1520,24320
201506252596286,CHCL,45,57,113,1520,171760
201506252596281,CHCL,45,53,41,1520,62320
201506252596544,CHCL,26,17,31,1515,46965
201506252596543,CHCL,26,21,50,1515,75750
201506252596532,CHCL,26,10,147,1515,222705
201506252596506,CHCL,41,10,100,1515,151500
201506252596499,CHCL,32,10,113,1515,171195
201506252596474,CHCL,32,10,170,1515,257550
201506252596454,CSDBL,50,42,10,355,3550
201506252596630,CZBIL,10,7,500,450,225000
201506252596616,CZBIL,10,53,844,450,379800
201506252596585,CZBIL,37,43,90,452,40680
201506252596574,CZBIL,37,45,96,452,43392
201506252596556,CZBIL,37,26,32,452,14464
201506252596460,CZBIL,40,40,799,451,360349
201506252596161,CZBIL,10,32,50,450,22500
201506252596327,CZBIL,25,5,399,450,179550
201506252596215,CZBIL,10,40,500,450,225000
201506252596207,CZBIL,10,50,72,450,32400
201506252596198,CZBIL,10,50,410,450,184500
201506252596190,CZBIL,10,53,407,450,183150
201506252596179,CZBIL,44,53,450,450,202500
201506252596439,DDBL,41,59,200,1125,225000
201506252596387,DDBL,17,22,10,1120,11200
201506252596322,EBL,40,1,148,2065,305620
201506252596158,EKBL,47,26,200,290,58000
201506252596507,GBIME,8,14,31,443,13733
201506252596502,GBIME,1,14,161,443,71323
201506252596349,GBIME,21,39,100,443,44300
201506252596310,GBIME,47,45,124,443,54932
201506252596303,GBIME,52,45,200,443,88600
201506252596302,GBIME,52,45,100,443,44300
201506252596278,GBIME,42,42,198,444,87912
201506252596248,GBIME,6,56,40,445,17800
201506252596246,GBIME,37,56,100,445,44500
201506252596237,GBIME,14,56,100,445,44500
201506252596239,GDBL,3,1,54,320,17280
201506252596558,GFCL,43,35,200,202,40400
201506252596298,GFCL,43,11,56,204,11424
201506252596354,GLICL,45,32,20,527,10540
201506252596350,GLICL,1,32,70,525,36750
201506252596347,GLICL,1,32,70,525,36750
201506252596341,GLICL,1,29,360,526,189360
201506252596332,GLICL,45,22,50,527,26350
201506252596551,HAMA,47,11,90,153,13770
201506252596253,HAMA,47,50,1000,153,153000
201506252596409,ICFC,44,59,862,250,215500
201506252596323,ICFC,44,58,1000,246,246000
201506252596301,ICFC,25,48,224,249,55776
201506252596304,IDBL,50,59,691,175,120925
201506252596511,ILFC,58,1,550,156,85800
201506252596398,ILFC,26,14,436,155,67580
201506252596313,ILFC,1,32,400,156,62400
201506252596169,ILFC,26,52,200,156,31200
201506252596284,JBBL,40,43,53,166,8798
201506252596209,JBBL,44,40,380,163,61940
201506252596134,JBBL,1,14,10,160,1600
201506252596584,JBNL,49,39,100,278,27800
201506252596553,JBNL,5,22,292,274,80008
201506252596311,JBNL,32,20,37,276,10212
201506252596148,JBNL,5,7,405,278,112590
201506252596308,KAFIL,13,55,40,233,9320
201506252596629,KBBL,17,59,300,352,105600
201506252596611,KBBL,21,59,200,353,70600
201506252596601,KBBL,17,59,300,353,105900
201506252596581,KBBL,25,55,616,348,214368
201506252596515,KBBL,17,59,199,353,70247
201506252596493,KBBL,17,59,200,353,70600
201506252596468,KBBL,17,59,200,353,70600
201506252596463,KBBL,17,59,194,353,68482
201506252596390,KBBL,17,59,405,353,142965
201506252596618,KBL,10,29,210,373,78330
201506252596457,KBL,1,1,500,372,186000
201506252596423,KBL,48,7,500,371,185500
201506252596394,KBL,56,39,100,374,37400
201506252596135,KBL,1,10,99,376,37224
201506252596300,KCDBL,22,22,10,206,2060
201506252596521,KDBL,32,13,1000,144,144000
201506252596432,KDBL,51,14,85,142,12070
201506252596406,KDBL,28,29,2870,142,407540
201506252596165,KDBL,32,57,11,143,1573
201506252596162,KDBL,32,57,21,143,3003
201506252596157,KDBL,32,57,21,143,3003
201506252596151,KDBL,32,57,11,143,1573
201506252596140,KDBL,32,57,11,143,1573
201506252596136,KDBL,32,57,21,143,3003
201506252596131,KDBL,32,57,33,143,4719
201506252596360,KEBL,26,35,100,379,37900
201506252596355,KEBL,14,35,100,380,38000
201506252596369,KMCDB,36,29,10,1010,10100
201506252596368,KMCDB,36,29,10,1010,10100
201506252596367,KMCDB,36,29,10,1010,10100
201506252596366,KMCDB,36,29,10,1010,10100
201506252596365,KMCDB,36,29,10,1010,10100
201506252596177,KMCDB,33,29,10,1005,10050
201506252596174,KMCDB,33,29,10,1005,10050
201506252596159,KMCDB,33,29,10,1002,10020
201506252596154,KMCDB,33,29,10,1002,10020
201506252596147,KMCDB,33,29,10,1002,10020
201506252596144,KMCDB,33,29,10,1002,10020
201506252596205,KMCDB,33,29,10,1004,10040
201506252596200,KMCDB,52,29,10,1004,10040
201506252596191,KMCDB,52,29,10,1004,10040
201506252596189,KMCDB,33,29,10,1005,10050
201506252596187,KMCDB,33,29,10,1005,10050
201506252596183,KMCDB,33,29,10,1005,10050
201506252596225,KMCDB,36,29,10,1005,10050
201506252596221,KMCDB,36,29,10,1005,10050
201506252596219,KMCDB,36,29,10,1005,10050
201506252596217,KMCDB,33,29,10,1004,10040
201506252596214,KMCDB,33,29,10,1004,10040
201506252596206,KMCDB,33,29,10,1004,10040
201506252596259,KMCDB,33,29,10,1004,10040
201506252596257,KMCDB,36,29,10,1003,10030
201506252596254,KMCDB,36,29,10,1003,10030
201506252596244,KMCDB,36,29,10,1003,10030
201506252596236,KMCDB,36,29,10,1004,10040
201506252596231,KMCDB,33,29,10,1004,10040
201506252596279,KMCDB,36,29,10,1004,10040
201506252596276,KMCDB,36,29,10,1003,10030
201506252596269,KMCDB,33,29,10,1004,10040
201506252596267,KMCDB,33,29,10,1004,10040
201506252596262,KMCDB,33,29,10,1004,10040
201506252596260,KMCDB,33,52,10,1004,10040
201506252596364,KMCDB,36,29,10,1010,10100
201506252596363,KMCDB,36,29,10,1010,10100
201506252596362,KMCDB,36,29,10,1010,10100
201506252596361,KMCDB,36,29,10,1010,10100
201506252596294,KMCDB,40,28,10,1009,10090
201506252596291,KMCDB,36,29,10,1003,10030
201506252596316,KRBL,41,44,10,273,2730
201506252596579,LBL,22,39,100,406,40600
201506252596503,LBL,21,36,80,406,32480
201506252596296,LBL,17,51,200,408,81600
201506252596295,LBL,17,53,36,409,14724
201506252596199,LGIL,51,43,100,345,34500
201506252596578,LICN,14,22,50,2442,122100
201506252596577,LICN,14,44,100,2439,243900
201506252596576,LICN,14,26,100,2435,243500
201506252596575,LICN,14,6,50,2434,121700
201506252596309,LICN,10,22,100,2434,243400
201506252596275,LICN,40,44,100,2435,243500
201506252596256,LICN,14,19,60,2434,146040
201506252596491,LLBS,16,16,29,797,23113
201506252596490,LLBS,16,26,20,795,15900
201506252596386,LLBS,1,1,10,790,7900
201506252596376,LLBS,1,1,10,790,7900
201506252596631,LUBL,7,25,100,342,34200
201506252596609,LUBL,19,45,103,345,35535
201506252596571,LUBL,59,59,14,344,4816
201506252596539,LUBL,58,13,271,340,92140
201506252596497,LUBL,58,6,500,341,170500
201506252596496,LUBL,58,6,500,341,170500
201506252596163,LUBL,25,8,1000,341,341000
201506252596233,LUBL,51,6,2000,340,680000
201506252596229,LUBL,5,6,13,341,4433
201506252596223,LUBL,39,13,200,341,68200
201506252596213,LUBL,10,5,90,342,30780
201506252596173,LUBL,19,8,1000,341,341000
201506252596495,LUBL,58,8,500,341,170500
201506252596437,LUBL,45,13,320,340,108800
201506252596388,LUBL,1,1,500,339,169500
201506252596315,LUBL,36,13,500,339,169500
201506252596247,LUBL,10,6,1000,340,340000
201506252596240,LUBL,57,6,1000,340,340000
201506252596602,MBL,36,48,110,560,61600
201506252596516,MBL,48,20,1000,558,558000
201506252596489,MBL,49,32,57,560,31920
201506252596329,MBL,49,48,110,560,61600
201506252596238,MBL,17,32,200,561,112200
201506252596227,MBL,33,32,140,562,78680
201506252596226,MBL,22,32,40,563,22520
201506252596171,MBL,6,14,373,561,209253
201506252596143,MBL,17,49,200,563,112600
201506252596583,MDB,17,1,155,505,78275
201506252596573,MDB,17,43,24,510,12240
201506252596567,MDB,17,28,57,508,28956
201506252596541,MDB,17,19,90,505,45450
201506252596464,MDB,17,19,200,501,100200
201506252596416,MLBBL,39,21,12,907,10884
201506252596340,MNBBL,14,34,350,535,187250
201506252596204,MNBBL,6,35,200,535,107000
201506252596443,MTBL,1,8,48,333,15984
201506252596377,MTBL,6,56,10,338,3380
201506252596626,NABIL,36,40,40,1885,75400
201506252596473,NABIL,5,55,97,1860,180420
201506252596459,NABIL,29,48,121,1851,223971
201506252596456,NABIL,22,48,100,1850,185000
201506252596324,NABIL,20,48,100,1850,185000
201506252596608,NABILP,32,8,100,1300,130000
201506252596607,NABILP,32,6,200,1300,260000
201506252596504,NABILP,19,11,23,1300,29900
201506252596483,NABILP,44,11,90,1296,116640
201506252596346,NABILP,32,8,300,1300,390000
201506252596339,NABILP,32,8,200,1300,260000
201506252596612,NBB,10,29,35,507,17745
201506252596564,NBB,56,25,100,506,50600
201506252596563,NBB,13,25,100,506,50600
201506252596481,NBB,21,50,15,510,7650
201506252596412,NBB,45,29,75,507,38025
201506252596391,NBB,45,44,400,507,202800
201506252596167,NBB,26,44,300,507,152100
201506252596139,NBB,26,44,200,508,101600
201506252596374,NBB,45,45,144,507,73008
201506252596292,NBB,21,58,14,512,7168
201506252596271,NBB,56,48,500,510,255000
201506252596270,NBB,56,50,500,510,255000
201506252596249,NBB,56,32,500,508,254000
201506252596228,NBB,41,39,100,509,50900
201506252596185,NBF1,56,37,659,14,9009
201506252596181,NBF1,56,26,2997,14,40909
201506252596596,NBL,32,52,1000,277,277000
201506252596582,NBL,22,33,100,282,28200
201506252596620,NCCB,49,48,50,610,30500
201506252596606,NCCB,43,6,500,609,304500
201506252596508,NCCB,33,40,40,606,24240
201506252596505,NCCB,52,6,20,608,12160
201506252596501,NCCB,33,6,80,606,48480
201506252596484,NCCB,43,6,700,605,423500
201506252596232,NCCB,21,56,500,605,302500
201506252596212,NCCB,7,33,475,606,287850
201506252596168,NCCB,36,16,105,606,63630
201506252596465,NCCB,55,5,42,606,25452
201506252596343,NCCB,39,7,100,606,60600
201506252596338,NCCB,52,7,200,606,121200
201506252596328,NCCB,14,7,100,607,60700
201506252596325,NCCB,14,7,200,607,121400
201506252596293,NCCB,7,52,327,607,198489
201506252596513,NIB,19,36,19,705,13395
201506252596407,NIB,25,45,75,707,53025
201506252596400,NIB,25,29,110,707,77770
201506252596359,NIB,49,40,31,708,21948
201506252596142,NIB,10,16,94,710,66740
201506252596599,NIBPO,32,56,100,500,50000
201506252596590,NIBPO,39,56,100,500,50000
201506252596589,NIBPO,47,56,1000,500,500000
201506252596587,NIBPO,17,56,200,501,100200
201506252596586,NIBPO,11,56,500,502,251000
201506252596356,NIBPO,49,56,5000,500,2500000
201506252596537,NICA,29,43,59,621,36639
201506252596525,NICA,8,13,151,621,93771
201506252596455,NICA,29,57,70,621,43470
201506252596436,NICA,29,59,300,621,186300
201506252596337,NICA,56,56,29,620,17980
201506252596330,NICA,29,41,137,620,84940
201506252596305,NICA,22,47,256,614,157184
201506252596401,NLBBL,41,14,70,1173,82110
201506252596396,NLBBL,41,6,51,1170,59670
201506252596274,NLIC,25,49,180,2760,496800
201506252596273,NLIC,21,49,100,2761,276100
201506252596272,NLIC,45,49,20,2762,55240
201506252596222,NLIC,8,28,500,2760,1380000
201506252596202,NLIC,54,49,500,2760,1380000
201506252596172,NLIC,11,49,100,2765,276500
201506252596622,NLICL,13,36,123,1740,214020
201506252596560,NLICL,35,36,200,1746,349200
201506252596522,NLICL,35,33,900,1750,1575000
201506252596488,NLICL,49,5,100,1746,174600
201506252596404,NLICL,25,25,107,1745,186715
201506252596299,NLICL,43,55,153,1750,267750
201506252596410,NUBL,1,10,41,1170,47970
201506252596334,NUBL,32,17,204,1160,236640
201506252596326,NUBL,32,14,195,1158,225810
201506252596619,OFL,32,42,110,324,35640
201506252596149,PADBL,26,58,44,417,18348
201506252596146,PADBL,26,39,32,416,13312
201506252596627,PCBL,13,39,21,447,9387
201506252596614,PCBL,13,45,142,445,63190
201506252596534,PCBL,29,6,11,444,4884
201506252596524,PCBL,57,57,1323,443,586089
201506252596517,PCBL,29,6,11,444,4884
201506252596510,PCBL,29,14,98,444,43512
201506252596430,PCBL,3,45,71,444,31524
201506252596418,PCBL,20,21,80,446,35680
201506252596378,PCBL,47,14,100,444,44400
201506252596133,PCBL,7,44,300,445,133500
201506252596569,PIC,7,22,39,465,18135
201506252596492,PIC,39,22,22,462,10164
201506252596480,PIC,26,1,117,460,53820
201506252596471,PIC,26,26,418,460,192280
201506252596469,PIC,7,22,39,460,17940
201506252596375,PIC,43,16,100,453,45300
201506252596348,PIC,52,47,66,460,30360
201506252596203,PIC,14,1,13,456,5928
201506252596617,PLIC,37,59,100,1111,111100
201506252596479,PLIC,36,11,500,1110,555000
201506252596478,PLIC,36,40,62,1109,68758
201506252596477,PLIC,36,53,81,1108,89748
201506252596476,PLIC,36,33,13,1108,14404
201506252596475,PLIC,36,35,40,1105,44200
201506252596321,PLIC,53,29,254,1105,280670
201506252596283,PLIC,53,29,300,1105,331500
201506252596230,PLIC,32,49,52,1105,57460
201506252596137,PLIC,8,32,623,1104,687792
201506252596565,PRVU,17,21,200,327,65400
201506252596528,PRVU,17,1,168,330,55440
201506252596523,PRVU,17,29,192,332,63744
201506252596509,PRVU,17,48,207,330,68310
201506252596494,PRVU,17,21,200,327,65400
201506252596429,PRVU,17,21,100,327,32700
201506252596197,PRVU,17,19,200,325,65000
201506252596196,PRVU,17,19,300,325,97500
201506252596195,PRVU,45,19,100,325,32500
201506252596371,PRVU,17,50,120,327,39240
201506252596370,PRVU,17,50,100,327,32700
201506252596352,PRVU,17,50,500,325,162500
201506252596320,PRVU,14,14,56,328,18368
201506252596318,PRVU,17,29,123,327,40221
201506252596258,PRVU,42,32,337,324,109188
201506252596427,PRVU,17,48,29,330,9570
201506252596421,PRVU,17,21,200,327,65400
201506252596414,PRVU,17,17,33,330,10890
201506252596413,PRVU,14,14,22,328,7216
201506252596382,PRVU,17,19,261,328,85608
201506252596372,PRVU,17,50,280,327,91560
201506252596317,REDBL,45,55,38,201,7638
201506252596580,RHPC,42,45,11,419,4609
201506252596535,RHPC,7,17,12,420,5040
201506252596529,RHPC,13,17,15,422,6330
201506252596448,RMDC,21,28,33,630,20790
201506252596438,RMDC,8,28,33,630,20790
201506252596434,RMDC,43,28,33,630,20790
201506252596312,SANIMA,45,41,11,560,6160
201506252596297,SBI,54,47,83,891,73953
201506252596285,SBL,41,28,226,665,150290
201506252596598,SCB,47,3,50,1885,94250
201506252596597,SCB,43,3,50,1885,94250
201506252596402,SCB,19,33,300,1880,564000
201506252596397,SCB,22,33,300,1883,564900
201506252596218,SCB,55,3,100,1891,189100
201506252596216,SCB,55,3,100,1891,189100
201506252596379,SETI,7,6,27,205,5535
201506252596408,SEWA,48,48,790,274,216460
201506252596242,SEWA,28,32,448,272,121856
201506252596164,SEWA,1,32,100,274,27400
201506252596150,SEWA,1,14,37,273,10101
201506252596331,SHINE,47,28,194,346,67124
201506252596175,SHINE,1,45,163,350,57050
201506252596604,SHL,25,51,100,418,41800
201506252596552,SHPC,43,45,18,671,12078
201506252596193,SHPC,43,13,163,677,110351
201506252596138,SHPC,1,50,108,671,72468
201506252596403,SIL,45,16,100,550,55000
201506252596547,SKBBL,49,44,820,1300,1066000
201506252596546,SKBBL,41,44,100,1301,130100
201506252596545,SKBBL,25,44,100,1302,130200
201506252596482,SKBBL,51,55,21,1302,27342
201506252596461,SKBBL,41,28,12,1301,15612
201506252596180,SKBBL,11,36,200,1320,264000
201506252596600,SLBBL,19,37,88,1629,143352
201506252596268,SLBBL,19,55,37,1616,59792
201506252596178,SLBBL,22,56,34,1630,55420
201506252596520,SLICL,14,6,1000,591,591000
201506252596519,SLICL,14,6,1000,591,591000
201506252596500,SMFDB,19,37,20,1600,32000
201506252596307,SODBL,51,8,200,107,21400
201506252596623,SRBL,25,21,1000,414,414000
201506252596595,SRBL,52,51,100,411,41100
201506252596538,SRBL,56,45,98,411,40278
201506252596613,SUBBL,22,51,135,269,36315
201506252596592,SUBBL,25,39,300,266,79800
201506252596591,SUBBL,43,39,100,266,26600
201506252596344,SUBBL,21,50,76,267,20292
201506252596498,SUPRME,47,36,186,158,29388
201506252596451,SUPRME,18,18,11,159,1749
201506252596435,SUPRME,18,18,11,159,1749
201506252596433,SUPRME,13,10,175,158,27650
201506252596420,SUPRME,18,18,11,159,1749
201506252596385,SUPRME,18,18,11,159,1749
201506252596201,SUPRME,13,7,236,157,37052
201506252596357,SUPRME,18,18,11,159,1749
201506252596306,SUPRME,36,54,400,158,63200
201506252596280,SUPRME,13,39,11,160,1760
201506252596250,SUPRME,53,39,630,159,100170
201506252596241,SUPRME,53,26,550,159,87450
201506252596234,SUPRME,53,35,26,158,4108
201506252596549,SWBBL,17,34,106,1585,168010
201506252596533,SWBBL,45,56,10,1590,15900
201506252596342,SWBBL,55,17,59,1582,93338
201506252596184,SWBBL,10,56,10,1595,15950
201506252596176,SWBBL,10,28,275,1592,437800
201506252596156,SWBBL,11,26,86,1591,136826
201506252596261,SYFL,1,54,360,92,33120
201506252596255,SYFL,32,54,1000,92,92000
201506252596628,UFIL,26,14,500,135,67500
201506252596610,UFIL,11,45,22,136,2992
201506252596166,UFIL,18,18,10,137,1370
201506252596160,UFIL,18,18,10,137,1370
201506252596141,UFL,48,32,100,247,24700
201506252596559,YETI,13,1,20,129,2580
201506252596470,YETI,13,28,1000,127,127000
201506252596450,YETI,13,49,11,126,1386
201506252596444,YETI,49,49,30,125,3750
201506252596424,YETI,49,49,30,125,3750
201506252596415,YETI,49,49,30,125,3750
201506252596153,YETI,13,40,70,126,8820
201506252596152,YETI,13,40,90,126,11340
201506252596336,YETI,47,47,30,127,3810
201506252596266,YETI,25,40,30,126,3780
201506252596265,YETI,25,40,60,126,7560
201506252596264,YETI,25,40,70,126,8820
201506252596251,YETI,11,33,515,125,64375
201506252596220,YETI,13,43,20,126,2520
201506252596107,ADBL,25,25,30,419,12570
201506252596035,AHPC,26,5,50,327,16350
201506252595690,AHPC,48,16,100,333,33300
201506252595657,AHPC,48,50,200,330,66000
201506252595632,AHPC,48,39,136,324,44064
201506252595631,AHPC,48,16,500,323,161500
201506252595897,ALDBL,21,58,120,309,37080
201506252596082,ALICL,45,1,97,962,93314
201506252595918,ALICL,43,16,669,961,642909
201506252595764,ALICL,57,49,20,956,19120
201506252595754,ALICL,57,49,50,956,47800
201506252595752,ALICL,57,49,50,956,47800
201506252595703,ALICL,14,17,100,960,96000
201506252595694,ALICL,49,6,16,961,15376
201506252595687,ALICL,14,17,200,960,192000
201506252595672,ALICL,49,49,10,964,9640
201506252596117,APEX,47,45,20,121,2420
201506252596114,APEX,47,45,20,121,2420
201506252595822,APEX,10,29,250,122,30500
201506252595759,APEX,10,29,90,122,10980
201506252595664,APEX,56,32,251,121,30371
201506252596014,APEX,47,45,20,121,2420
201506252596101,APEX,47,45,20,121,2420
201506252596112,BLDBL,11,11,245,312,76440
201506252595868,BLDBL,6,10,300,313,93900
201506252595867,BLDBL,11,10,500,313,156500
201506252595876,BPCL,48,6,10,644,6440
201506252596010,CBL,48,47,270,275,74250
201506252596009,CBL,48,48,500,275,137500
201506252596005,CBL,48,58,405,275,111375
201506252596000,CBL,48,11,350,273,95550
201506252595999,CBL,48,11,270,273,73710
201506252595996,CBL,48,34,247,272,67184
201506252595929,CBL,22,58,144,268,38592
201506252595799,CBL,1,28,50,269,13450
201506252595738,CBL,1,14,200,269,53800
201506252595633,CBL,49,28,100,270,27000
201506252595993,CBL,48,34,1154,272,313888
201506252595989,CBL,48,6,534,271,144714
201506252595981,CBL,48,51,59,270,15930
201506252595980,CBL,48,28,380,270,102600
201506252595976,CBL,48,37,510,269,137190
201506252595974,CBL,48,37,103,269,27707
201506252595973,CCBL,4,51,306,312,95472
201506252595851,CCBL,42,50,106,313,33178
201506252595801,CCBL,42,50,106,313,33178
201506252595789,CCBL,49,50,106,314,33284
201506252595639,CCBL,49,6,22,315,6930
201506252595636,CCBL,49,6,32,315,10080
201506252595635,CCBL,6,25,500,314,157000
201506252596129,CDBL,18,18,31,324,10044
201506252595882,CDBL,29,10,19,322,6118
201506252595994,CFCL,28,21,271,168,45528
201506252596032,CHCL,32,50,255,1514,386070
201506252595856,CHCL,45,29,100,1515,151500
201506252595787,CHCL,26,10,500,1513,756500
201506252595743,CHCL,32,32,252,1514,381528
201506252595725,CHCL,8,26,55,1518,83490
201506252596007,CSDBL,50,11,21,358,7518
201506252596102,CZBIL,29,53,490,450,220500
201506252595902,CZBIL,16,50,65,450,29250
201506252595898,CZBIL,17,36,55,450,24750
201506252595808,CZBIL,58,53,105,450,47250
201506252595736,CZBIL,58,26,200,450,90000
201506252595685,CZBIL,44,41,72,450,32400
201506252595675,CZBIL,14,5,168,451,75768
201506252595644,CZBIL,16,42,167,452,75484
201506252596008,DDBL,36,55,24,1116,26784
201506252595682,EBL,54,33,200,2060,412000
201506252595740,EBL,44,42,200,2051,410200
201506252595731,EBL,32,14,95,2053,195035
201506252595728,EBL,21,14,105,2050,215250
201506252595726,EBL,26,14,118,2052,242136
201506252595828,EBL,21,42,100,2062,206200
201506252595813,EBL,45,42,50,2062,103100
201506252595810,EBL,45,48,87,2060,179220
201506252595809,EBL,45,42,100,2060,206000
201506252596052,EBLCP,1,50,60,985,59100
201506252595793,EDBL,44,45,102,560,57120
201506252596067,EKBL,13,6,100,294,29400
201506252596059,EKBL,13,7,33,292,9636
201506252595997,EKBL,13,26,33,290,9570
201506252595877,EKBL,16,16,33,291,9603
201506252595873,EKBL,16,16,33,291,9603
201506252595865,EKBL,16,16,33,291,9603
201506252596072,GBIME,6,14,233,445,103685
201506252596066,GBIME,6,57,44,445,19580
201506252596055,GBIME,6,14,115,444,51060
201506252596045,GBIME,6,14,115,444,51060
201506252595719,GBIME,48,14,250,445,111250
201506252595718,GBIME,45,14,200,445,89000
201506252595717,GBIME,41,14,100,445,44500
201506252595716,GBIME,55,14,20,445,8900
201506252595701,GBIME,55,14,130,445,57850
201506252595700,GBIME,14,14,100,446,44600
201506252595699,GBIME,49,14,420,447,187740
201506252595698,GBIME,26,14,250,448,112000
201506252595816,GFCL,43,35,200,204,40800
201506252595792,GFCL,6,36,17,205,3485
201506252596004,GMFIL,28,28,10,229,2290
201506252595695,HAMA,20,50,500,156,78000
201506252595928,HBL,36,43,99,805,79695
201506252595800,HBL,8,8,176,801,140976
201506252595767,HBL,11,41,49,805,39445
201506252595889,ILFC,32,3,40,159,6360
201506252595667,ILFC,26,14,400,156,62400
201506252595666,ILFC,26,35,1000,156,156000
201506252595665,ILFC,26,49,500,156,78000
201506252596118,JBNL,5,13,1000,277,277000
201506252596090,JBNL,5,42,17,275,4675
201506252596088,JBNL,5,58,33,275,9075
201506252595979,JBNL,6,29,5000,275,1375000
201506252595978,JBNL,5,39,200,276,55200
201506252595915,JBNL,29,50,167,274,45758
201506252595727,JBNL,57,29,828,273,226044
201506252595880,JBNL,49,50,17,275,4675
201506252595872,JBNL,26,50,138,274,37812
201506252595831,JBNL,5,48,300,274,82200
201506252595825,JBNL,6,14,304,273,82992
201506252595737,JBNL,6,29,500,275,137500
201506252595730,JBNL,6,29,413,274,113162
201506252596085,JFL,7,7,104,388,40352
201506252596106,KAFIL,34,32,300,237,71100
201506252596105,KAFIL,34,48,60,237,14220
201506252595762,KAFIL,34,13,139,237,32943
201506252595803,KBBL,48,35,436,350,152600
201506252596110,KBL,29,37,130,370,48100
201506252596098,KBL,29,32,110,370,40700
201506252596097,KBL,48,32,1000,370,370000
201506252596096,KBL,41,32,500,370,185000
201506252596095,KBL,42,32,100,370,37000
201506252596094,KBL,1,32,300,370,111000
201506252595721,KBL,42,32,100,372,37200
201506252595710,KBL,1,32,150,374,56100
201506252595709,KBL,5,32,370,374,138380
201506252595708,KBL,1,32,100,374,37400
201506252596093,KBL,22,32,50,371,18550
201506252595853,KBL,1,32,120,374,44880
201506252595811,KBL,29,32,100,373,37300
201506252595780,KBL,17,6,500,372,186000
201506252595770,KBL,36,6,500,371,185500
201506252595746,KBL,16,16,1191,370,440670
201506252595922,KDBL,28,57,11,143,1573
201506252595854,KDBL,28,57,21,143,3003
201506252595765,KDBL,42,42,2501,143,357643
201506252595634,KDBL,50,50,1604,142,227768
201506252595894,KEBL,14,45,30,386,11580
201506252595892,KEBL,14,45,30,386,11580
201506252596022,KKBL,14,18,100,354,35400
201506252596128,KMCDB,13,13,13,1001,13013
201506252596120,KMCDB,13,13,12,1001,12012
201506252596115,KMCDB,13,13,15,1001,15015
201506252596109,KMCDB,13,13,17,1001,17017
201506252595930,KMCDB,34,29,10,995,9950
201506252595925,KMCDB,34,29,10,995,9950
201506252595955,KMCDB,33,29,10,996,9960
201506252595952,KMCDB,33,29,10,996,9960
201506252595951,KMCDB,33,29,10,996,9960
201506252595950,KMCDB,33,29,10,996,9960
201506252595944,KMCDB,34,29,10,995,9950
201506252595937,KMCDB,34,29,10,995,9950
201506252595988,KMCDB,11,29,10,997,9970
201506252595983,KMCDB,33,29,10,996,9960
201506252595977,KMCDB,33,29,10,996,9960
201506252595975,KMCDB,33,29,10,996,9960
201506252595967,KMCDB,33,29,10,996,9960
201506252595959,KMCDB,33,29,10,996,9960
201506252596026,KMCDB,33,29,10,1000,10000
201506252596025,KMCDB,33,21,10,1000,10000
201506252596024,KMCDB,33,29,10,1000,10000
201506252595995,KMCDB,33,59,164,1000,164000
201506252595991,KMCDB,33,29,10,998,9980
201506252596038,KMCDB,36,29,10,1000,10000
201506252596031,KMCDB,33,29,10,1000,10000
201506252596030,KMCDB,33,29,10,1000,10000
201506252596029,KMCDB,33,21,10,1000,10000
201506252596028,KMCDB,33,29,10,1000,10000
201506252596027,KMCDB,33,21,10,1000,10000
201506252596046,KMCDB,36,29,10,1000,10000
201506252596043,KMCDB,36,21,10,1000,10000
201506252596042,KMCDB,36,29,10,1000,10000
201506252596041,KMCDB,36,21,10,1000,10000
201506252596040,KMCDB,36,21,10,1000,10000
201506252596039,KMCDB,36,21,10,1000,10000
201506252596056,KMCDB,33,29,10,1000,10000
201506252596053,KMCDB,33,21,10,1000,10000
201506252596051,KMCDB,36,29,10,1000,10000
201506252596049,KMCDB,36,29,10,1000,10000
201506252596048,KMCDB,36,29,10,1000,10000
201506252596047,KMCDB,36,21,10,1000,10000
201506252596076,KMCDB,36,29,10,1000,10000
201506252596074,KMCDB,36,21,10,1000,10000
201506252596071,KMCDB,36,29,10,1000,10000
201506252596062,KMCDB,36,21,10,1000,10000
201506252596060,KMCDB,33,29,10,1000,10000
201506252596058,KMCDB,33,21,10,1000,10000
201506252596103,KMCDB,33,32,250,1007,251750
201506252596086,KMCDB,36,21,10,1000,10000
201506252596083,KMCDB,36,21,10,1000,10000
201506252596079,KMCDB,36,21,10,1000,10000
201506252596017,LBL,7,10,270,405,109350
201506252595832,LBL,13,57,109,406,44254
201506252595784,LBL,19,51,138,408,56304
201506252595775,LBL,8,8,319,407,129833
201506252595887,LFLC,3,26,293,200,58600
201506252596023,LGIL,14,49,10,352,3520
201506252595958,LGIL,14,49,10,346,3460
201506252595849,LGIL,14,49,20,340,6800
201506252595896,LICN,36,44,100,2430,243000
201506252595888,LICN,57,55,63,2427,152901
201506252595879,LICN,57,55,100,2426,242600
201506252595878,LICN,57,55,100,2425,242500
201506252595795,LICN,43,55,100,2425,242500
201506252595796,LLBS,37,34,41,789,32349
201506252595640,LLBS,37,4,14,774,10836
201506252596070,LUBL,51,6,500,341,170500
201506252596020,LUBL,11,5,100,342,34200
201506252596019,LUBL,26,5,100,342,34200
201506252595919,LUBL,29,8,1000,341,341000
201506252595823,LUBL,45,8,1000,341,341000
201506252595763,LUBL,8,8,636,341,216876
201506252595670,LUBL,55,6,500,342,171000
201506252596037,MBBL,45,17,216,190,41040
201506252596011,MBBL,28,52,61,188,11468
201506252596073,MBL,6,14,300,560,168000
201506252596064,MBL,17,14,200,561,112200
201506252596003,MBL,17,32,187,562,105094
201506252595850,MBL,10,14,280,559,156520
201506252595807,MBL,26,42,306,558,170748
201506252595783,MBL,8,8,128,561,71808
201506252595755,MBL,49,43,200,560,112000
201506252595704,MBL,20,59,193,560,108080
201506252595693,MBL,33,50,207,561,116127
201506252595669,MBL,45,50,500,561,280500
201506252595871,MDB,41,21,60,500,30000
201506252595843,MDB,18,18,86,501,43086
201506252595729,METRO,16,50,2955,314,927870
201506252596054,MNBBL,32,1,24,533,12792
201506252595948,MNBBL,29,34,460,535,246100
201506252595697,MNBBL,49,34,1015,530,537950
201506252595679,MNBBL,53,34,500,532,266000
201506252595673,MSBBL,26,16,880,223,196240
201506252595819,NABIL,22,48,300,1850,555000
201506252595818,NABIL,11,48,200,1855,371000
201506252595817,NABIL,6,48,100,1865,186500
201506252595713,NABILP,17,33,333,1295,431235
201506252596130,NBB,56,46,1000,507,507000
201506252596119,NBB,10,7,295,505,148975
201506252596091,NBB,10,53,1000,504,504000
201506252596081,NBB,10,53,500,505,252500
201506252596075,NBB,44,53,500,505,252500
201506252596065,NBB,32,53,1000,504,504000
201506252595646,NBB,1,44,150,504,75600
201506252595645,NBB,56,44,540,504,272160
201506252595641,NBB,32,32,2230,503,1121690
201506252595734,NBB,13,45,200,506,101200
201506252595722,NBB,10,48,500,505,252500
201506252595688,NBB,26,58,107,504,53928
201506252595663,NBB,10,45,22,505,11110
201506252595662,NBB,10,8,540,505,272700
201506252595848,NBB,10,54,500,507,253500
201506252595815,NBB,44,32,915,506,462990
201506252595779,NBB,13,37,15,505,7575
201506252595756,NBB,44,48,500,505,252500
201506252595750,NBB,44,44,500,505,252500
201506252596050,NBB,56,53,1000,505,505000
201506252596015,NBB,44,36,250,506,126500
201506252595920,NBB,56,32,605,506,306130
201506252595906,NBB,48,48,200,506,101200
201506252595866,NBB,10,48,500,506,253000
201506252596036,NBBL,7,17,13,1902,24726
201506252596127,NCCB,6,29,1000,606,606000
201506252596126,NCCB,55,29,1000,607,607000
201506252596125,NCCB,32,29,1100,608,668800
201506252596124,NCCB,14,29,200,608,121600
201506252596123,NCCB,14,29,170,608,103360
201506252596113,NCCB,59,48,200,610,122000
201506252595776,NCCB,43,33,1000,609,609000
201506252595753,NCCB,5,5,210,613,128730
201506252595747,NCCB,33,33,90,612,55080
201506252595678,NCCB,45,21,230,610,140300
201506252595857,NCCB,47,48,30,613,18390
201506252595855,NCCB,55,6,500,611,305500
201506252595840,NCCB,13,48,500,610,305000
201506252595790,NCCB,47,37,300,613,183900
201506252595782,NCCB,51,17,100,611,61100
201506252595781,NCCB,33,17,100,612,61200
201506252595863,NCCB,22,48,120,610,73200
201506252595862,NCCB,45,48,270,610,164700
201506252595861,NCCB,36,48,60,610,36600
201506252595860,NCCB,16,48,100,610,61000
201506252595859,NCCB,6,48,150,611,91650
201506252595858,NCCB,39,48,30,611,18330
201506252596104,NCCB,26,29,500,609,304500
201506252596063,NCCB,1,48,20,610,12200
201506252596021,NCCB,6,48,150,610,91500
201506252596006,NCCB,20,48,400,610,244000
201506252596002,NCCB,13,13,500,608,304000
201506252595998,NCCB,20,32,105,610,64050
201506252596001,NCM,19,54,300,230,69000
201506252595720,NHPC,51,6,1000,116,116000
201506252595638,NIB,20,19,148,712,105376
201506252596016,NIBPO,49,56,11000,500,5500000
201506252595938,NIBPO,49,56,3000,500,1500000
201506252595927,NIBPO,49,56,5000,500,2500000
201506252595881,NIBPO,59,53,1000,503,503000
201506252595748,NIBSF1,45,47,3050,10,29890
201506252596080,NICA,8,35,199,620,123380
201506252595966,NICA,44,58,25,618,15450
201506252595935,NICA,48,59,500,620,310000
201506252595934,NICA,11,59,50,620,31000
201506252595933,NICA,11,59,50,620,31000
201506252595932,NICA,44,59,50,620,31000
201506252595931,NICA,19,59,90,621,55890
201506252595884,NICA,19,13,11,622,6842
201506252595802,NICA,8,8,246,621,152766
201506252595702,NICL,48,44,100,322,32200
201506252595751,NLBBL,32,39,50,1170,58500
201506252596111,NLG,7,40,45,567,25515
201506252596092,NLG,7,45,300,565,169500
201506252596077,NLG,45,45,200,565,113000
201506252595905,NLG,53,48,200,560,112000
201506252595904,NLG,19,48,150,562,84300
201506252595852,NLG,20,26,15,567,8505
201506252595707,NLG,19,49,100,564,56400
201506252596044,NLIC,14,28,200,2765,553000
201506252595830,NLIC,34,28,100,2770,277000
201506252595778,NLIC,34,28,100,2770,277000
201506252595661,NLIC,37,28,100,2760,276000
201506252596100,NLICL,35,33,200,1760,352000
201506252596099,NLICL,52,33,200,1761,352200
201506252596089,NLICL,19,19,74,1762,130388
201506252595956,NLICL,59,59,165,1765,291225
201506252595841,NLICL,35,44,1000,1760,1760000
201506252595982,NNFC,29,58,500,275,137500
201506252595652,NTC,59,45,100,615,61500
201506252595651,NTC,59,45,100,615,61500
201506252595650,NTC,59,45,100,615,61500
201506252595649,NTC,59,47,200,615,123000
201506252595648,NTC,59,57,200,614,122800
201506252595647,NTC,59,21,150,614,92100
201506252595653,NTC,59,39,100,615,61500
201506252595829,NTC,49,49,300,615,184500
201506252596012,NTC,49,47,1195,615,734925
201506252595883,NUBL,45,33,147,1157,170079
201506252595760,NUBL,59,59,102,1148,117096
201506252596121,PADBL,17,17,37,414,15318
201506252595969,PADBL,16,48,120,410,49200
201506252595968,PADBL,16,58,88,409,35992
201506252595953,PCBL,43,43,2000,441,882000
201506252595914,PCBL,4,6,11,449,4939
201506252595899,PCBL,4,6,11,449,4939
201506252595870,PCBL,4,6,29,449,13021
201506252595844,PCBL,28,48,31,443,13733
201506252595839,PCBL,28,48,120,443,53160
201506252595744,PCBL,21,14,126,448,56448
201506252595712,PCBL,17,35,70,446,31220
201506252595838,PCBL,36,48,300,444,133200
201506252595837,PCBL,1,48,150,444,66600
201506252595836,PCBL,42,48,450,445,200250
201506252595835,PCBL,47,48,50,445,22250
201506252595834,PCBL,49,48,200,445,89000
201506252595833,PCBL,17,48,30,446,13380
201506252595992,PIC,14,22,100,448,44800
201506252596122,PLIC,44,49,132,1104,145728
201506252596116,PLIC,13,49,94,1105,103870
201506252596084,PLIC,13,42,27,1105,29835
201506252595990,PLIC,44,48,440,1100,484000
201506252595954,PLIC,44,32,340,1104,375360
201506252595900,PLIC,21,1,65,1103,71695
201506252595732,PLIC,49,1,20,1105,22100
201506252595668,PLIC,39,6,200,1107,221400
201506252595659,PLIC,44,6,316,1105,349180
201506252595658,PLIC,44,6,500,1104,552000
201506252595885,PLIC,44,32,659,1104,727536
201506252595786,PLIC,59,49,100,1105,110500
201506252595774,PLIC,1,19,100,1104,110400
201506252595761,PLIC,44,29,800,1100,880000
201506252595749,PLIC,59,29,163,1105,180115
201506252595733,PLIC,49,1,20,1105,22100
201506252595686,PRDBL,13,32,20,152,3040
201506252596069,PRVU,17,8,50,323,16150
201506252596068,PRVU,17,8,200,323,64600
201506252596034,PRVU,19,19,10,324,3240
201506252596018,PRVU,19,19,20,324,6480
201506252595986,PRVU,59,8,2000,323,646000
201506252595985,PRVU,49,8,1000,323,323000
201506252595735,PRVU,33,21,500,326,163000
201506252595963,PRVU,45,8,200,325,65000
201506252595962,PRVU,33,8,300,326,97800
201506252595961,PRVU,20,8,100,326,32600
201506252595960,PRVU,17,8,50,327,16350
201506252595942,PRVU,17,21,250,327,81750
201506252595924,PRVU,17,21,250,327,81750
201506252595984,PRVU,32,8,500,323,161500
201506252595972,PRVU,45,19,1000,324,324000
201506252595971,PRVU,13,19,1000,324,324000
201506252595970,PRVU,4,19,500,324,162000
201506252595965,PRVU,39,8,500,325,162500
201506252595964,PRVU,28,8,100,325,32500
201506252596013,REDBL,7,7,445,200,89000
201506252595917,RHPC,7,26,14,425,5950
201506252595847,RHPC,42,41,12,423,5076
201506252595821,RHPC,51,5,12,416,4992
201506252595812,RHPC,17,5,11,417,4587
201506252595805,RHPC,51,5,11,418,4598
201506252595723,RHPC,51,28,12,415,4980
201506252595689,RHPC,32,5,12,418,5016
201506252595684,RHPC,5,5,11,419,4609
201506252595637,RHPC,41,41,12,423,5076
201506252595943,RMDC,47,41,100,634,63400
201506252595921,RMDC,19,41,50,635,31750
201506252595909,RMDC,19,42,33,635,20955
201506252595901,RMDC,19,41,20,635,12700
201506252595895,RMDC,45,42,33,635,20955
201506252595846,RMDC,21,41,100,636,63600
201506252596108,SANIMA,45,45,200,556,111200
201506252595845,SANIMA,13,35,200,557,111400
201506252595827,SANIMA,51,42,500,555,277500
201506252595806,SANIMA,13,48,500,557,278500
201506252595706,SANIMA,29,29,41,558,22878
201506252595696,SANIMA,36,29,141,558,78678
201506252595671,SANIMA,49,29,50,557,27850
201506252595745,SBI,19,25,97,895,86815
201506252595741,SBI,41,25,32,899,28768
201506252595739,SBI,41,5,14,900,12600
201506252595777,SBL,8,8,307,662,203234
201506252595916,SCB,25,3,300,1900,570000
201506252595842,SDBL,25,8,1230,193,237390
201506252595676,SDBL,45,11,35,194,6790
201506252595681,SEOS,45,58,8000,10,78400
201506252595711,SEWA,5,39,36,278,10008
201506252595957,SHINE,47,39,209,349,72941
201506252595945,SHINE,47,39,232,348,80736
201506252595926,SHINE,28,28,93,344,31992
201506252595913,SHINE,47,14,230,346,79580
201506252595903,SHINE,47,39,209,347,72523
201506252595891,SHINE,47,39,209,347,72523
201506252595791,SHINE,47,39,431,344,148264
201506252595826,SHINE,47,28,166,346,57436
201506252595804,SHINE,45,58,500,343,171500
201506252596061,SHL,39,7,300,415,124500
201506252596057,SHL,25,35,200,414,82800
201506252595936,SHL,25,25,658,412,271096
201506252595949,SHPC,1,50,85,671,57035
201506252595941,SHPC,5,50,110,672,73920
201506252595940,SHPC,6,50,110,672,73920
201506252595939,SHPC,10,50,40,675,27000
201506252595798,SHPC,10,51,10,675,6750
201506252595797,SHPC,10,51,10,675,6750
201506252595660,SIFC,17,45,100,338,33800
201506252595912,SKBBL,49,55,180,1300,234000
201506252595908,SKBBL,49,55,30,1306,39180
201506252595907,SKBBL,41,55,30,1310,39300
201506252595724,SKBBL,39,53,47,1311,61617
201506252595715,SKBBL,39,53,19,1311,24909
201506252595705,SKBBL,49,53,470,1306,613820
201506252595656,SKBBL,17,55,50,1312,65600
201506252595655,SKBBL,17,55,50,1312,65600
201506252595654,SKBBL,17,55,50,1312,65600
201506252595911,SMFDB,26,14,117,1614,188838
201506252595869,SMFDB,45,45,70,1605,112350
201506252595893,SRBL,56,47,115,410,47150
201506252595820,SRBL,20,42,600,410,246000
201506252595814,SRBL,20,42,400,410,164000
201506252595691,SRBL,56,36,350,410,143500
201506252595683,SRBL,58,36,650,412,267800
201506252595890,SUPRME,4,56,11,156,1716
201506252595794,SUPRME,22,56,500,156,78000
201506252595788,SUPRME,11,56,500,157,78500
201506252595769,SWBBL,1,49,300,1585,475500
201506252595643,SWBBL,41,49,100,1590,159000
201506252595642,SWBBL,41,49,100,1590,159000
201506252595987,SYFL,32,32,652,92,59984
201506252595947,SYFL,26,32,500,92,46000
201506252595946,SYFL,26,32,500,92,46000
201506252595923,SYFL,26,32,500,93,46500
201506252595758,SYFL,14,32,200,93,18600
201506252595757,SYFL,19,32,100,93,9300
201506252595910,UFIL,11,48,11,136,1496
201506252596087,YETI,13,14,23,126,2898
201506252595875,YETI,5,1,11,126,1386
201506252595773,YETI,5,16,300,126,37800
201506252595772,YETI,13,1,11,126,1386
201506252595771,YETI,13,1,11,126,1386
201506252595768,YETI,5,1,11,126,1386
201506252595766,YETI,13,1,11,126,1386
201506252595407,ADBL,25,43,90,420,37800
201506252595400,ADBL,25,6,30,420,12600
201506252595399,ADBL,25,43,90,420,37800
201506252595380,ADBL,53,48,412,418,172216
201506252595376,ADBL,53,1,101,417,42117
201506252595630,AHPC,48,16,500,323,161500
201506252595629,AHPC,48,40,500,322,161000
201506252595585,AHPC,21,5,23,318,7314
201506252595569,AHPC,53,5,23,320,7360
201506252595575,BUDBL,52,21,500,198,99000
201506252595581,CBBL,54,32,200,1655,331000
201506252595580,CBBL,6,32,100,1657,165700
201506252595577,CBBL,49,22,192,1656,317952
201506252595559,CBBL,49,58,157,1656,259992
201506252595537,CBBL,33,41,200,1657,331400
201506252595615,CBL,21,28,20,270,5400
201506252595599,CBL,33,22,57,269,15333
201506252595588,CBL,33,22,57,269,15333
201506252595564,CBL,49,22,859,268,230212
201506252595382,CBL,16,16,163,272,44336
201506252595381,CBL,16,21,88,271,23848
201506252595178,CBL,20,48,240,271,65040
201506252595173,CBL,36,50,374,272,101728
201506252595172,CBL,40,48,300,271,81300
201506252595292,CBL,26,6,188,270,50760
201506252595288,CBL,48,6,1000,270,270000
201506252595261,CBL,36,25,542,272,147424
201506252595253,CBL,1,34,337,271,91327
201506252595198,CBL,26,36,135,272,36720
201506252595179,CBL,40,48,200,271,54200
201506252595584,CCBL,16,11,218,314,68452
201506252595505,CCBL,49,35,1000,314,314000
201506252595484,CCBL,4,6,22,315,6930
201506252595478,CCBL,4,19,200,315,63000
201506252595471,CCBL,4,51,306,315,96390
201506252595398,CCBL,25,40,20,312,6240
201506252595367,CCBL,49,5,40,313,12520
201506252595346,CCBL,4,42,76,314,23864
201506252595224,CCBL,6,35,1000,315,315000
201506252595215,CCBL,59,18,40,316,12640
201506252595205,CCBL,47,18,40,316,12640
201506252595410,CDBL,41,32,314,325,102050
201506252595283,CDBL,26,1,31,321,9951
201506252595450,CFCL,29,21,426,168,71568
201506252595626,CHCL,10,10,500,1510,755000
201506252595598,CHCL,26,8,708,1515,1072620
201506252595597,CHCL,26,34,30,1515,45450
201506252595595,CHCL,26,36,28,1512,42336
201506252595582,CHCL,1,41,88,1512,133056
201506252595386,CHCL,1,1,24,1510,36240
201506252595378,CHCL,13,47,113,1515,171195
201506252595349,CHCL,50,47,113,1515,171195
201506252595237,CHCL,39,6,104,1515,157560
201506252595170,CHCL,5,8,120,1511,181320
201506252595150,CHCL,42,59,64,1510,96640
201506252595149,CHCL,42,59,64,1510,96640
201506252595297,CNDBL,50,20,20,162,3240
201506252595296,CNDBL,50,20,30,162,4860
201506252595233,CNDBL,50,20,20,165,3300
201506252595527,CZBIL,59,45,24,453,10872
201506252595526,CZBIL,59,45,200,453,90600
201506252595477,CZBIL,36,44,300,453,135900
201506252595434,CZBIL,13,5,100,455,45500
201506252595216,CZBIL,42,49,10,455,4550
201506252595519,EBL,44,40,112,2050,229600
201506252595415,EBL,22,8,330,2046,675180
201506252595375,EBL,41,8,165,2049,338085
201506252595369,EBL,22,8,165,2050,338250
201506252595278,EBL,32,32,614,2050,1258700
201506252595546,EDBL,44,21,400,560,224000
201506252595263,EKBL,26,57,46,290,13340
201506252595262,EKBL,26,57,49,290,14210
201506252595171,EKBL,43,43,14,287,4018
201506252595539,FMDBL,25,8,188,550,103400
201506252595628,GBIME,26,5,35,448,15680
201506252595493,GBIME,49,49,80,447,35760
201506252595467,GBIME,48,49,100,448,44800
201506252595466,GBIME,39,49,120,448,53760
201506252595384,GBIME,42,56,500,449,224500
201506252595329,GBIME,50,56,200,450,90000
201506252595459,GFCL,6,36,100,205,20500
201506252595445,GLICL,53,3,39,530,20670
201506252595468,HAMA,13,14,400,153,61200
201506252595457,HAMA,13,14,110,153,16830
201506252595456,HAMA,13,14,110,152,16720
201506252595383,HAMA,29,14,60,150,9000
201506252595330,HAMA,47,35,1000,148,148000
201506252595257,HAMA,47,50,1000,148,148000
201506252595523,HBL,36,14,297,790,234630
201506252595614,IDBL,48,45,224,178,39872
201506252595572,IDBL,50,50,245,178,43610
201506252595551,IDBL,48,17,431,178,76718
201506252595544,IDBL,48,45,200,178,35600
201506252595543,IDBL,48,6,240,177,42480
201506252595497,IDBL,48,48,11,177,1947
201506252595140,IDBL,48,48,11,172,1892
201506252595214,IDBL,48,48,11,174,1914
201506252595200,IDBL,48,48,11,174,1914
201506252595193,IDBL,48,48,11,174,1914
201506252595184,IDBL,48,48,11,173,1903
201506252595181,IDBL,57,52,47,173,8131
201506252595160,IDBL,48,48,11,172,1892
201506252595274,IDBL,48,6,10,177,1770
201506252595268,IDBL,48,48,11,174,1914
201506252595252,IDBL,48,48,11,174,1914
201506252595243,IDBL,48,48,11,174,1914
201506252595231,IDBL,48,48,11,174,1914
201506252595223,IDBL,48,48,11,174,1914
201506252595315,IDBL,48,48,11,177,1947
201506252595309,IDBL,48,48,11,177,1947
201506252595302,IDBL,48,48,11,177,1947
201506252595298,IDBL,48,48,11,177,1947
201506252595291,IDBL,48,48,11,177,1947
201506252595279,IDBL,48,48,11,177,1947
201506252595348,IDBL,48,48,11,175,1925
201506252595345,IDBL,16,16,297,175,51975
201506252595332,IDBL,48,48,11,177,1947
201506252595328,IDBL,48,6,20,177,3540
201506252595321,IDBL,48,6,10,177,1770
201506252595320,IDBL,48,48,11,177,1947
201506252595390,IDBL,48,48,11,178,1958
201506252595379,IDBL,48,48,11,178,1958
201506252595372,IDBL,48,48,11,178,1958
201506252595368,IDBL,48,6,10,178,1780
201506252595357,IDBL,50,6,1500,177,265500
201506252595356,IDBL,50,26,2100,176,369600
201506252595414,IDBL,48,48,11,178,1958
201506252595412,IDBL,48,48,11,178,1958
201506252595409,IDBL,48,48,11,178,1958
201506252595405,IDBL,48,48,11,178,1958
201506252595401,IDBL,48,48,11,178,1958
201506252595396,IDBL,48,48,11,178,1958
201506252595486,IDBL,48,48,11,177,1947
201506252595479,IDBL,48,48,11,177,1947
201506252595465,IDBL,48,48,11,177,1947
201506252595455,IDBL,48,48,11,177,1947
201506252595446,IDBL,48,48,11,177,1947
201506252595440,IDBL,48,48,11,177,1947
201506252595578,ILFC,17,3,100,157,15700
201506252595576,ILFC,59,59,5000,155,775000
201506252595573,ILFC,59,29,261,155,40455
201506252595522,ILFC,26,14,1000,155,155000
201506252595507,ILFC,4,46,354,154,54516
201506252595488,ILFC,26,49,630,155,97650
201506252595199,ILFC,26,59,500,154,77000
201506252595423,ILFC,26,8,1000,155,155000
201506252595422,ILFC,26,49,950,155,147250
201506252595338,ILFC,58,59,1000,155,155000
201506252595327,ILFC,58,59,1000,155,155000
201506252595249,ILFC,58,59,500,155,77500
201506252595222,ILFC,26,59,500,154,77000
201506252595235,JBBL,1,20,30,160,4800
201506252595220,JBBL,40,53,53,160,8480
201506252595482,JBNL,5,41,574,278,159572
201506252595326,JBNL,14,11,271,279,75609
201506252595325,JBNL,14,11,271,278,75338
201506252595313,JBNL,4,48,34,276,9384
201506252595209,JBNL,6,44,38,275,10450
201506252595207,JBNL,6,44,23,275,6325
201506252595206,JBNL,6,44,38,275,10450
201506252595204,JBNL,6,44,38,275,10450
201506252595307,KBBL,47,59,135,347,46845
201506252595133,KBBL,35,35,10000,350,3500000
201506252595596,KBL,5,16,130,374,48620
201506252595586,KBL,13,16,48,375,18000
201506252595489,KBL,13,6,130,376,48880
201506252595290,KBL,36,42,500,376,188000
201506252595180,KBL,29,58,55,375,20625
201506252595550,KDBL,28,50,147,144,21168
201506252595547,KDBL,28,50,552,144,79488
201506252595545,KDBL,28,49,52,144,7488
201506252595541,KDBL,28,25,31,144,4464
201506252595540,KDBL,28,25,31,144,4464
201506252595476,KDBL,50,55,2863,142,406546
201506252595451,LFLC,28,46,41,197,8077
201506252595433,LGIL,51,54,337,334,112558
201506252595366,LLBS,41,41,12,774,9288
201506252595353,LLBS,58,8,41,774,31734
201506252595350,LLBS,41,41,10,770,7700
201506252595336,LLBS,41,41,10,765,7650
201506252595333,LLBS,41,41,10,765,7650
201506252595627,LUBL,32,8,1000,342,342000
201506252595613,LUBL,19,8,1000,341,341000
201506252595611,LUBL,45,45,490,342,167580
201506252595591,LUBL,45,45,150,342,51300
201506252595590,LUBL,33,45,50,342,17100
201506252595571,LUBL,36,8,500,341,170500
201506252595168,LUBL,32,13,293,343,100499
201506252595167,LUBL,32,6,500,343,171500
201506252595166,LUBL,32,6,500,342,171000
201506252595165,LUBL,32,6,1000,341,341000
201506252595164,LUBL,32,8,500,341,170500
201506252595163,LUBL,32,6,500,341,170500
201506252595254,LUBL,32,6,500,342,171000
201506252595234,LUBL,19,6,500,342,171000
201506252595230,LUBL,36,8,1000,342,342000
201506252595219,LUBL,5,6,500,342,171000
201506252595202,LUBL,26,8,500,342,171000
201506252595175,LUBL,32,28,1000,344,344000
201506252595354,LUBL,32,8,500,343,171500
201506252595293,LUBL,36,8,500,342,171000
201506252595264,LUBL,32,14,1000,344,344000
201506252595260,LUBL,32,6,500,343,171500
201506252595259,LUBL,32,8,500,342,171000
201506252595258,LUBL,32,6,1000,342,342000
201506252595432,LUBL,58,17,160,343,54880
201506252595430,LUBL,6,6,2000,340,680000
201506252595428,LUBL,51,8,1000,341,341000
201506252595421,LUBL,36,8,500,341,170500
201506252595389,LUBL,36,6,480,342,164160
201506252595355,LUBL,32,14,1000,343,343000
201506252595472,LUBL,6,6,500,341,170500
201506252595449,LUBL,58,14,440,343,150920
201506252595448,LUBL,43,14,50,343,17150
201506252595442,LUBL,6,6,1000,340,340000
201506252595439,LUBL,6,6,1000,340,340000
201506252595568,LUBL,1,45,200,342,68400
201506252595567,LUBL,4,4,72,343,24696
201506252595563,LUBL,17,11,333,342,113886
201506252595502,LUBL,55,8,500,341,170500
201506252595475,LUBL,6,6,500,341,170500
201506252595473,LUBL,6,6,500,341,170500
201506252595238,MBBL,11,20,35,187,6545
201506252595616,MBL,36,50,500,561,280500
201506252595610,MBL,3,25,22,561,12342
201506252595565,MBL,59,39,367,560,205520
201506252595538,MBL,6,1,60,561,33660
201506252595536,MBL,49,49,436,557,242852
201506252595524,MBL,49,20,1000,560,560000
201506252595197,MBL,3,5,15,561,8415
201506252595169,MBL,3,49,52,561,29172
201506252595159,MBL,19,14,39,561,21879
201506252595498,MBL,49,49,436,557,242852
201506252595474,MBL,5,19,400,562,224800
201506252595429,MBL,33,41,498,559,278382
201506252595226,MBL,33,36,224,557,124768
201506252595210,MBL,19,49,52,559,29068
201506252595208,MBL,26,5,16,556,8896
201506252595501,MDB,41,1,108,500,54000
201506252595499,MDB,41,45,46,500,23000
201506252595530,MNBBL,45,42,130,532,69160
201506252595491,MNBBL,49,42,1000,530,530000
201506252595395,MNBBL,45,8,26,535,13910
201506252595365,MNBBL,17,8,100,534,53400
201506252595364,MNBBL,17,8,100,534,53400
201506252595363,MNBBL,39,8,100,535,53500
201506252595521,NABB,6,26,87,128,11136
201506252595403,NABIL,54,14,2016,1885,3800160
201506252595281,NABIL,40,14,100,1885,188500
201506252595280,NABIL,40,14,100,1885,188500
201506252595485,NABILP,6,8,200,1300,260000
201506252595322,NABILP,43,8,200,1300,260000
201506252595176,NABILP,11,8,100,1300,130000
201506252595152,NABILP,17,8,100,1300,130000
201506252595132,NABILP,56,56,600,1290,774000
201506252595131,NABILP,56,56,400,1290,516000
201506252595566,NBB,32,54,500,504,252000
201506252595535,NBB,21,29,1000,503,503000
201506252595534,NBB,54,29,500,503,251500
201506252595533,NBB,21,29,500,505,252500
201506252595271,NBB,57,48,500,509,254500
201506252595195,NBB,13,58,500,507,253500
201506252595158,NBB,33,48,500,507,253500
201506252595154,NBB,10,44,500,506,253000
201506252595532,NBB,6,29,500,505,252500
201506252595531,NBB,13,29,200,506,101200
201506252595469,NBB,13,44,500,506,253000
201506252595408,NBB,33,44,200,508,101600
201506252595388,NBB,58,44,200,508,101600
201506252595377,NBB,33,25,3000,505,1515000
201506252595561,NBL,47,16,550,280,154000
201506252595480,NBL,33,26,500,281,140500
201506252595255,NBL,14,14,550,286,157300
201506252595248,NBL,14,14,300,286,85800
201506252595136,NBL,29,34,1000,286,286000
201506252595602,NCCB,47,47,168,609,102312
201506252595560,NCCB,14,40,500,608,304000
201506252595520,NCCB,45,37,500,610,305000
201506252595513,NCCB,36,21,500,610,305000
201506252595512,NCCB,51,21,110,611,67210
201506252595509,NCCB,33,21,110,612,67320
201506252595139,NCCB,22,8,115,618,71070
201506252595134,NCCB,1,57,336,617,207312
201506252595187,NCCB,26,21,291,615,178965
201506252595183,NCCB,48,21,500,615,307500
201506252595177,NCCB,52,21,67,617,41339
201506252595157,NCCB,45,8,115,617,70955
201506252595153,NCCB,49,21,200,617,123400
201506252595151,NCCB,22,8,115,618,71070
201506252595272,NCCB,56,8,10,619,6190
201506252595267,NCCB,56,8,100,619,61900
201506252595232,NCCB,39,21,58,618,35844
201506252595217,NCCB,1,8,15,620,9300
201506252595213,NCCB,1,8,100,617,61700
201506252595212,NCCB,1,21,400,617,246800
201506252595427,NCCB,29,51,270,615,166050
201506252595402,NCCB,34,51,71,617,43807
201506252595351,NCCB,21,21,110,615,67650
201506252595285,NCCB,39,29,40,618,24720
201506252595284,NCCB,26,29,30,618,18540
201506252595275,NCCB,49,49,200,617,123400
201506252595496,NCCB,33,17,200,612,122400
201506252595464,NCCB,29,29,230,616,141680
201506252595463,NCCB,29,29,200,616,123200
201506252595462,NCCB,22,29,10,616,6160
201506252595461,NCCB,48,29,80,617,49360
201506252595460,NCCB,49,29,70,617,43190
201506252595301,NEFL,18,18,105,240,25200
201506252595300,NEFL,18,18,105,240,25200
201506252595504,NHPC,13,14,1000,116,116000
201506252595490,NHPC,36,55,1000,117,117000
201506252595592,NIB,10,59,148,710,105080
201506252595453,NIB,53,22,10,718,7180
201506252595443,NIB,53,22,11,718,7898
201506252595270,NIB,16,21,96,708,67968
201506252595483,NIBPO,42,53,200,506,101200
201506252595361,NIBPO,39,56,100,510,51000
201506252595360,NIBPO,39,56,100,510,51000
201506252595273,NIBPO,42,8,300,510,153000
201506252595194,NIBPO,42,56,500,510,255000
201506252595135,NIBPO,19,56,100,507,50700
201506252595148,NIBSF1,11,42,3000,10,29400
201506252595146,NIBSF1,45,48,5000,10,48750
201506252595145,NIBSF1,45,48,5000,10,48750
201506252595608,NICA,20,50,165,628,103620
201506252595314,NICA,22,13,83,625,51875
201506252595311,NICA,22,39,160,624,99840
201506252595310,NICA,22,34,180,623,112140
201506252595306,NICA,22,16,111,622,69042
201506252595186,NICA,1,16,149,623,92827
201506252595518,NIL,10,16,500,420,210000
201506252595517,NIL,4,16,300,420,126000
201506252595516,NIL,14,16,20,420,8400
201506252595515,NIL,6,16,50,420,21000
201506252595514,NIL,45,16,200,421,84200
201506252595162,NIL,6,11,100,420,42000
201506252595161,NIL,6,11,50,420,21000
201506252595549,NLBBL,19,14,11,1151,12661
201506252595556,NLG,50,3,10,570,5700
201506252595454,NLG,35,35,1000,560,560000
201506252595352,NLG,20,35,1000,560,560000
201506252595299,NLG,19,40,45,565,25425
201506252595196,NLG,25,35,500,565,282500
201506252595555,NLIC,52,28,200,2760,552000
201506252595554,NLIC,26,28,50,2761,138050
201506252595553,NLIC,55,28,100,2762,276200
201506252595391,NLIC,5,20,121,2770,335170
201506252595347,NLIC,57,28,30,2770,83100
201506252595343,NLIC,57,16,200,2780,556000
201506252595341,NLIC,34,28,200,2765,553000
201506252595241,NLIC,59,49,50,2775,138750
201506252595621,NTC,59,55,200,611,122200
201506252595594,NTC,59,13,120,611,73320
201506252595438,OFL,25,21,270,323,87210
201506252595312,OFL,32,33,28,321,8988
201506252595416,PADBL,14,47,200,410,82000
201506252595277,PADBL,14,42,35,417,14595
201506252595603,PCBL,36,49,13,445,5785
201506252595558,PCBL,5,5,95,446,42370
201506252595481,PCBL,36,44,500,451,225500
201506252595411,PCBL,36,44,200,453,90600
201506252595406,PCBL,50,44,100,450,45000
201506252595318,PCBL,44,54,500,450,225000
201506252595239,PCBL,50,6,65,451,29315
201506252595418,PLIC,44,22,300,1105,331500
201506252595413,PLIC,44,28,300,1104,331200
201506252595371,PLIC,21,6,10,1103,11030
201506252595323,PLIC,44,35,200,1108,221600
201506252595295,PLIC,39,41,169,1110,187590
201506252595294,PLIC,44,41,102,1109,113118
201506252595276,PLIC,44,16,229,1110,254190
201506252595265,PLIC,21,53,100,1110,111000
201506252595247,PLIC,44,54,112,1110,124320
201506252595245,PRDBL,39,20,20,150,3000
201506252595562,PRVU,41,18,15,327,4905
201506252595557,PRVU,41,50,370,327,120990
201506252595529,PRVU,41,50,130,327,42510
201506252595494,PRVU,41,14,368,327,120336
201506252595419,PRVU,33,29,200,325,65000
201506252595305,PRVU,19,14,100,329,32900
201506252595192,PRVU,45,41,122,329,40138
201506252595303,PRVU,42,14,132,327,43164
201506252595246,PRVU,45,17,33,330,10890
201506252595244,PRVU,45,17,33,330,10890
201506252595242,PRVU,45,17,11,330,3630
201506252595240,PRVU,45,17,11,330,3630
201506252595203,PRVU,42,42,510,329,167790
201506252595589,REDBL,45,39,74,202,14948
201506252595624,RHPC,41,41,12,423,5076
201506252595620,RHPC,41,41,12,423,5076
201506252595619,RHPC,41,41,12,423,5076
201506252595618,RHPC,41,41,12,423,5076
201506252595609,RHPC,41,41,12,423,5076
201506252595211,RHPC,41,54,12,423,5076
201506252595458,RMDC,21,42,33,636,20988
201506252595424,RMDC,45,28,33,635,20955
201506252595420,RMDC,33,28,33,640,21120
201506252595358,RMDC,47,34,203,635,128905
201506252595344,RMDC,47,41,30,634,19020
201506252595623,SANIMA,11,29,50,560,28000
201506252595622,SANIMA,3,29,30,565,16950
201506252595250,SANIMA,41,42,97,555,53835
201506252595201,SANIMA,45,57,945,559,528255
201506252595503,SBBLJ,19,6,100,400,40000
201506252595607,SBI,10,28,272,900,244800
201506252595393,SBI,47,42,89,903,80367
201506252595340,SBI,22,53,300,901,270300
201506252595339,SBI,22,28,190,900,171000
201506252595286,SBI,41,49,195,901,175695
201506252595282,SBI,54,53,500,900,450000
201506252595227,SBI,41,11,85,900,76500
201506252595225,SBI,54,16,581,899,522319
201506252595188,SBI,19,16,400,898,359200
201506252595185,SBI,11,1,108,895,96660
201506252595144,SBI,21,53,30,895,26850
201506252595137,SBI,19,53,84,896,75264
201506252595548,SBL,48,29,78,661,51558
201506252595492,SBL,25,48,135,664,89640
201506252595487,SBL,14,55,255,663,169065
201506252595394,SBL,48,19,300,663,198900
201506252595256,SBL,48,28,201,660,132660
201506252595500,SCB,17,21,22,1910,42020
201506252595289,SCB,21,8,23,1880,43240
201506252595447,SETI,32,41,82,202,16564
201506252595138,SHINE,35,35,5000,345,1725000
201506252595426,SHL,14,56,300,413,123900
201506252595425,SHL,33,56,5000,413,2065000
201506252595397,SHPC,49,35,1000,675,675000
201506252595287,SHPC,41,34,18,670,12060
201506252595404,SICL,14,22,50,674,33700
201506252595218,SICL,42,42,170,675,114750
201506252595617,SKBBL,17,17,19,1313,24947
201506252595612,SKBBL,17,17,19,1313,24947
201506252595606,SKBBL,17,17,19,1313,24947
201506252595604,SKBBL,17,17,19,1313,24947
201506252595601,SKBBL,17,17,19,1315,24985
201506252595452,SKBBL,39,48,32,1320,42240
201506252595147,SKBBL,39,53,51,1315,67065
201506252595143,SKBBL,39,1,29,1314,38106
201506252595319,SKBBL,26,26,19,1315,24985
201506252595317,SKBBL,26,26,19,1315,24985
201506252595316,SKBBL,26,26,19,1314,24966
201506252595308,SKBBL,41,41,19,1311,24909
201506252595174,SKBBL,11,22,19,1315,24985
201506252595155,SKBBL,45,53,97,1315,127555
201506252595444,SKBBL,39,28,16,1319,21104
201506252595441,SKBBL,41,53,115,1315,151225
201506252595437,SKBBL,49,6,200,1314,262800
201506252595436,SKBBL,49,17,160,1312,209920
201506252595435,SKBBL,49,21,227,1311,297597
201506252595374,SKBBL,39,26,19,1315,24985
201506252595304,SMFDB,19,33,100,1610,161000
201506252595189,SMFDB,19,7,10,1610,16100
201506252595385,SRBL,25,32,500,416,208000
201506252595495,SUBBL,46,21,23,270,6210
201506252595431,SUBBL,46,46,37,268,9916
201506252595228,SUBBL,6,26,34,265,9010
201506252595625,SUPRME,26,56,500,158,79000
201506252595600,SUPRME,19,39,11,160,1760
201506252595593,SUPRME,19,39,11,160,1760
201506252595587,SUPRME,19,39,11,160,1760
201506252595470,SUPRME,19,19,32,157,5024
201506252595370,SUPRME,4,39,11,157,1727
201506252595229,SUPRME,53,49,21,157,3297
201506252595221,SUPRME,32,32,30,158,4740
201506252595552,SWBBL,41,7,100,1590,159000
201506252595525,SWBBL,32,39,178,1592,283376
201506252595337,SWBBL,26,28,98,1591,155918
201506252595362,SYFL,21,29,146,93,13578
201506252595142,VBBL,4,16,450,166,74700
201506252595528,WDBL,14,14,110,299,32890
201506252595417,WDBL,56,17,352,295,103840
201506252595392,YETI,49,29,59,125,7375
201506252595387,YETI,49,29,110,125,13750
201506252595373,YETI,13,29,83,125,10375
201506252595342,YETI,13,21,50,125,6250
201506252595335,YETI,13,21,50,125,6250
201506252595331,YETI,13,21,50,125,6250
201506252595324,YETI,13,21,50,125,6250
201506252595269,YETI,13,1,110,125,13750
201506252595266,YETI,13,1,90,125,11250
201506252595024,ADBL,13,53,30,420,12600
201506252595023,ADBL,13,6,30,420,12600
201506252594859,ADBL,58,58,20,417,8340
201506252594892,ALICL,41,41,31,950,29450
201506252595026,APEX,52,52,22,122,2684
201506252594865,BLDBL,25,25,256,307,78592
201506252594914,BUDBL,48,42,230,195,44850
201506252595050,CBL,36,11,328,272,89216
201506252595004,CBL,25,21,59,270,15930
201506252595126,CCBL,59,28,40,315,12600
201506252595038,CCBL,59,5,40,314,12560
201506252595037,CCBL,59,5,40,314,12560
201506252594936,CCBL,37,37,20,312,6240
201506252594932,CCBL,37,37,20,312,6240
201506252594925,CCBL,4,3,47,313,14711
201506252594888,CCBL,43,43,28,307,8596
201506252594883,CCBL,43,43,28,307,8596
201506252594970,CFCL,29,7,426,165,70290
201506252594913,CFCL,22,22,19992,165,3298680
201506252595115,CHCL,42,1,372,1506,560232
201506252595049,CHCL,32,49,10,1506,15060
201506252595013,CHCL,36,50,124,1505,186620
201506252594977,CHCL,32,41,28,1506,42168
201506252594943,CHCL,39,55,47,1505,70735
201506252594920,CHCL,49,49,24,1506,36144
201506252594887,CHCL,22,22,28,1529,42812
201506252594882,CHCL,22,22,28,1529,42812
201506252594879,CHCL,22,22,28,1529,42812
201506252595112,CNDBL,50,1,20,168,3360
201506252594905,CNDBL,50,11,20,171,3420
201506252595130,CSDBL,48,16,14,365,5110
201506252595098,CZBIL,21,44,500,452,226000
201506252595097,CZBIL,10,33,984,450,442800
201506252595042,CZBIL,45,13,143,454,64922
201506252595028,CZBIL,25,44,500,453,226500
201506252595003,CZBIL,25,33,270,454,122580
201506252594987,CZBIL,36,44,500,453,226500
201506252594981,CZBIL,4,33,500,455,227500
201506252594942,CZBIL,36,17,143,455,65065
201506252594896,CZBIL,45,41,72,455,32760
201506252595086,DDBL,36,55,19,1100,20900
201506252595081,DDBL,49,55,15,1106,16590
201506252595079,DDBL,14,55,15,1107,16605
201506252595019,DDBL,49,49,1731,1110,1921410
201506252594960,EKBL,43,43,14,286,4004
201506252595087,GABL,45,45,20,267,5340
201506252594961,GABL,13,45,20,262,5240
201506252595124,GBIME,8,42,69,450,31050
201506252595117,GBIME,42,42,200,451,90200
201506252595072,GBIME,42,39,45,451,20295
201506252595064,GBIME,32,29,66,453,29898
201506252595063,GBIME,32,26,50,452,22600
201506252595021,GBIME,36,36,150,450,67500
201506252595043,GFCL,43,11,125,208,26000
201506252595041,GFCL,43,11,175,207,36225
201506252595033,GFCL,7,7,500,206,103000
201506252595104,GLICL,26,3,10,529,5290
201506252595077,GLICL,26,3,90,529,47610
201506252595070,GLICL,45,3,23,530,12190
201506252595014,HBL,49,49,416,780,324480
201506252594978,HBLPO,21,11,6652,425,2827100
201506252595030,ICFC,57,14,38,247,9386
201506252595129,IDBL,48,48,11,171,1881
201506252595123,IDBL,48,48,11,171,1881
201506252595110,IDBL,39,52,47,170,7990
201506252595105,IDBL,21,52,47,171,8037
201506252595106,ILFC,58,59,500,153,76500
201506252594898,ILFC,49,49,335,150,50250
201506252594894,ILFC,49,49,335,150,50250
201506252594893,ILFC,49,49,335,150,50250
201506252594890,ILFC,49,49,168,150,25200
201506252594881,ILFC,49,49,168,151,25368
201506252595103,JBNL,5,44,37,275,10175
201506252595102,JBNL,5,44,38,275,10450
201506252595100,JBNL,5,44,37,275,10175
201506252595099,JBNL,5,44,37,275,10175
201506252595048,JBNL,5,11,194,276,53544
201506252595018,JBNL,36,17,141,271,38211
201506252595017,JBNL,36,17,141,271,38211
201506252595016,JBNL,36,17,141,271,38211
201506252595005,JBNL,5,17,141,270,38070
201506252595080,KAFIL,34,49,57,237,13509
201506252595076,KAFIL,34,49,57,237,13509
201506252595071,KAFIL,34,49,113,237,26781
201506252595035,KAFIL,34,34,113,233,26329
201506252595119,KBL,39,6,498,376,187248
201506252595034,KBL,44,46,90,380,34200
201506252594996,KBL,4,6,100,380,38000
201506252594944,KBL,44,6,100,379,37900
201506252594915,KBL,29,29,3503,372,1303116
201506252594909,LLBS,43,43,15,759,11385
201506252595125,LUBL,43,8,500,341,170500
201506252595120,LUBL,36,6,500,340,170000
201506252595108,LUBL,5,8,500,341,170500
201506252595007,LUBL,36,14,1000,342,342000
201506252594997,LUBL,47,11,399,345,137655
201506252594968,LUBL,36,8,500,341,170500
201506252594962,LUBL,36,8,500,341,170500
201506252594922,LUBL,36,11,286,344,98384
201506252594917,LUBL,54,14,1000,343,343000
201506252595068,MBL,20,20,1000,550,550000
201506252595045,MBL,14,49,1700,560,952000
201506252595088,MDBL,43,52,84,220,18480
201506252595082,MDBL,43,52,13,220,2860
201506252595075,MDBL,43,52,48,221,10608
201506252595065,MDBL,58,52,10,219,2190
201506252595061,MDBL,46,52,38,219,8322
201506252594952,METRO,32,19,100,320,32000
201506252595055,MSBBL,26,50,10,221,2210
201506252594998,MSBBL,26,44,81,225,18225
201506252594963,MTBL,5,32,48,333,15984
201506252595127,NABILP,56,56,3960,1290,5108400
201506252595122,NBB,43,48,500,505,252500
201506252595027,NBB,21,21,123,500,61500
201506252595012,NBB,19,32,10,500,5000
201506252594907,NBB,14,32,15,496,7440
201506252594870,NBL,44,25,199,285,56715
201506252594869,NBL,44,25,27,285,7695
201506252594868,NBL,44,25,447,285,127395
201506252594867,NBL,44,25,95,285,27075
201506252595101,NCCB,29,29,800,617,493600
201506252595096,NCCB,29,29,800,617,493600
201506252595073,NCCB,26,53,60,618,37080
201506252595062,NCCB,45,34,200,618,123600
201506252595058,NCCB,48,1,300,617,185100
201506252595032,NCCB,49,57,480,617,296160
201506252594902,NCCB,37,17,100,623,62300
201506252594897,NCCB,17,17,79,618,48822
201506252594875,NCCB,42,41,350,618,216300
201506252594916,NCCB,50,41,200,620,124000
201506252594912,NCCB,34,44,500,620,310000
201506252594911,NCCB,35,44,200,621,124200
201506252594910,NCCB,13,13,132,621,81972
201506252594906,NCCB,35,44,336,620,208320
201506252594904,NCCB,45,44,500,616,308000
201506252594930,NCCB,29,37,609,620,377580
201506252594927,NCCB,39,44,439,619,271741
201506252594924,NCCB,45,41,105,620,65100
201506252594923,NCCB,57,57,210,621,130410
201506252594921,NCCB,32,41,100,620,62000
201506252594918,NCCB,50,6,200,622,124400
201506252594941,NCCB,36,8,50,622,31100
201506252594940,NCCB,32,8,100,622,62200
201506252594939,NCCB,36,32,300,623,186900
201506252594938,NCCB,32,32,100,622,62200
201506252594937,NCCB,57,17,100,621,62100
201506252594933,NCCB,29,41,168,620,104160
201506252594951,NCCB,6,41,700,619,433300
201506252594950,NCCB,22,32,500,620,310000
201506252594948,NCCB,22,44,480,619,297120
201506252594947,NCCB,50,44,20,619,12380
201506252594946,NCCB,11,8,100,620,62000
201506252594945,NCCB,36,8,150,620,93000
201506252594959,NCCB,52,29,20,617,12340
201506252594958,NCCB,49,29,500,617,308500
201506252594957,NCCB,39,29,600,617,370200
201506252594956,NCCB,52,29,200,618,123600
201506252594955,NCCB,19,29,100,618,61800
201506252594954,NCCB,50,29,180,619,111420
201506252594976,NCCB,26,21,110,618,67980
201506252594973,NCCB,32,41,500,619,309500
201506252594969,NCCB,22,41,400,619,247600
201506252594967,NCCB,11,5,100,621,62100
201506252594966,NCCB,13,13,150,618,92700
201506252594964,NCCB,33,8,100,619,61900
201506252595031,NCCB,49,41,250,616,154000
201506252595020,NCCB,48,41,305,616,187880
201506252595011,NCCB,22,41,210,616,129360
201506252595008,NCCB,6,41,200,617,123400
201506252594992,NCCB,6,16,100,617,61700
201506252594990,NCCB,7,41,500,617,308500
201506252595052,NHPC,42,56,1000,118,118000
201506252594979,NIB,26,1,116,709,82244
201506252595085,NICA,44,19,50,620,31000
201506252595083,NICA,44,26,25,619,15475
201506252595025,NICA,22,16,267,619,165273
201506252595121,NIL,36,58,500,425,212500
201506252594949,NIL,4,29,144,428,61632
201506252595107,NLG,45,45,500,565,282500
201506252595056,NLG,20,40,30,566,16980
201506252594908,NLG,42,42,202,563,113726
201506252595059,NLIC,34,16,100,2775,277500
201506252594985,NLIC,49,49,500,2751,1375500
201506252594984,NLIC,49,49,500,2751,1375500
201506252594983,NLIC,49,49,500,2751,1375500
201506252594982,NLIC,49,49,500,2751,1375500
201506252595002,PADBL,14,58,82,425,34850
201506252594991,PADBL,14,50,68,433,29444
201506252595057,PCBL,21,21,40,453,18120
201506252595015,PCBL,52,52,88,451,39688
201506252595084,PIC,17,1,29,456,13224
201506252595078,PIC,52,1,58,456,26448
201506252594972,PIC,14,1,20,465,9300
201506252594965,PIC,47,7,48,460,22080
201506252594953,PIC,47,1,100,469,46900
201506252594860,PIC,16,16,34,486,16524
201506252594895,PIC,16,16,102,477,48654
201506252594880,PIC,16,16,34,477,16218
201506252594874,PIC,16,16,34,477,16218
201506252594873,PIC,16,16,34,477,16218
201506252594872,PIC,16,16,34,477,16218
201506252594871,PIC,16,16,34,477,16218
201506252595053,PLIC,39,33,132,1112,146784
201506252595051,PLIC,39,17,177,1111,196647
201506252595039,PLIC,44,49,598,1110,663780
201506252595006,PLIC,58,33,132,1112,146784
201506252594995,PLIC,58,22,40,1110,44400
201506252594994,PLIC,58,22,40,1110,44400
201506252594993,PLIC,58,22,40,1110,44400
201506252594901,PLIC,39,19,54,1112,60048
201506252594889,PLIC,39,25,67,1113,74571
201506252594886,PLIC,39,25,67,1113,74571
201506252594885,PLIC,39,25,67,1113,74571
201506252594884,PLIC,39,25,67,1113,74571
201506252595128,PRVU,33,50,500,329,164500
201506252595094,PRVU,33,50,500,329,164500
201506252595036,PRVU,52,52,11,329,3619
201506252594971,RHPC,1,50,18,424,7632
201506252594878,RHPC,41,42,12,423,5076
201506252594877,RHPC,41,42,12,423,5076
201506252594876,RHPC,41,42,12,423,5076
201506252594861,RHPC,41,42,12,423,5076
201506252594928,RMDC,40,40,305,630,192150
201506252595047,SANIMA,45,59,57,557,31749
201506252595029,SANIMA,5,53,151,561,84711
201506252594988,SANIMA,41,49,200,560,112000
201506252594935,SANIMA,3,49,37,567,20979
201506252594934,SANIMA,3,49,52,567,29484
201506252594931,SANIMA,5,32,320,561,179520
201506252594999,SBI,21,11,95,895,85025
201506252594862,SCB,22,50,25,1885,47125
201506252595095,SEWA,7,49,20,273,5460
201506252595092,SEWA,7,49,21,273,5733
201506252595091,SEWA,7,49,10,273,2730
201506252595090,SEWA,7,49,20,273,5460
201506252595089,SEWA,7,49,40,273,10920
201506252595069,SHL,14,56,1000,415,415000
201506252595060,SHPC,10,50,612,670,410040
201506252595009,SHPC,41,26,36,670,24120
201506252594986,SIFC,17,59,15,338,5070
201506252594903,SIFC,49,49,147,338,49686
201506252594900,SIFC,49,49,98,338,33124
201506252595074,SKBBL,17,53,67,1315,88105
201506252595067,SKBBL,11,22,19,1315,24985
201506252595046,SKBBL,26,39,20,1315,26300
201506252595044,SKBBL,26,28,19,1309,24871
201506252595040,SKBBL,11,6,200,1305,261000
201506252595022,SKBBL,17,28,19,1306,24814
201506252594975,SKBBL,17,22,19,1301,24719
201506252595010,SLICL,45,58,30,580,17400
201506252595054,SODBL,4,25,139,109,15151
201506252595116,SUPRME,19,49,21,160,3360
201506252595113,SUPRME,19,39,11,160,1760
201506252595109,SUPRME,19,49,21,160,3360
201506252595093,SUPRME,4,49,21,157,3297
201506252595066,SUPRME,4,39,11,160,1760
201506252595000,SUPRME,19,16,111,163,18093
201506252594989,SUPRME,19,8,100,160,16000
201506252594974,SUPRME,4,16,111,161,17871
201506252594929,SUPRME,19,16,223,158,35234
201506252595111,SWBBL,19,50,24,1580,37920
201506252594980,SWBBL,52,52,17,1581,26877
201506252594899,UFL,19,19,134,243,32562
201506252594891,UFL,19,19,134,243,32562
201506252595118,VBBL,51,16,420,169,70980
201506252595114,VBBL,51,16,80,169,13520
201506252594919,WDBL,25,20,180,290,52200
