contract,symbol,buyer,seller,qty,rate,amt
201506082574514,ADBL,6,5,145,430,62350
201506082574340,ADBL,40,42,50,426,21300
201506082574803,AHPC,16,5,400,346,138400
201506082574773,AHPC,13,6,16,351,5616
201506082574744,AHPC,51,19,23,345,7935
201506082574701,AHPC,16,5,355,345,122475
201506082574697,AHPC,16,21,136,345,46920
201506082574342,AHPC,41,11,20,341,6820
201506082574341,AHPC,41,5,220,341,75020
201506082574618,AHPC,13,39,19,347,6593
201506082574608,AHPC,41,6,20,351,7020
201506082574602,AHPC,41,22,10,351,3510
201506082574433,AHPC,41,11,125,345,43125
201506082574417,AHPC,26,22,200,343,68600
201506082574343,AHPC,41,11,20,341,6820
201506082574770,ALDBL,51,51,60,327,19620
201506082574761,ALDBL,51,51,100,327,32700
201506082574688,ALICL,53,28,375,950,356250
201506082574506,ALICL,36,19,16,961,15376
201506082574497,ALICL,44,28,500,945,472500
201506082574491,ALICL,50,28,500,946,473000
201506082574430,ARDBL,4,4,31,179,5549
201506082574424,ARDBL,4,4,31,179,5549
201506082574411,ARDBL,4,4,31,176,5456
201506082574767,BLDBL,25,25,12,324,3888
201506082574647,BLDBL,25,25,10,318,3180
201506082574762,BUDBL,57,17,598,201,120198
201506082574365,CBBL,58,21,12,1545,18540
201506082574774,CBL,35,56,713,288,205344
201506082574738,CBL,41,6,35,285,9975
201506082574735,CBL,1,6,35,285,9975
201506082574731,CBL,1,6,60,285,17100
201506082574725,CBL,14,6,88,286,25168
201506082574718,CBL,48,6,98,288,28224
201506082574375,CBL,44,38,241,285,68685
201506082574709,CBL,49,36,500,288,144000
201506082574624,CBL,14,48,200,288,57600
201506082574569,CBL,8,48,200,287,57400
201506082574562,CBL,1,51,117,286,33462
201506082574548,CBL,1,19,81,286,23166
201506082574403,CBL,42,47,286,286,81796
201506082574811,CCBL,59,28,39,321,12519
201506082574787,CCBL,4,28,39,321,12519
201506082574754,CCBL,4,35,40,325,13000
201506082574748,CCBL,59,28,39,321,12519
201506082574742,CCBL,59,28,39,321,12519
201506082574737,CCBL,59,28,39,321,12519
201506082574405,CCBL,22,43,446,320,142720
201506082574402,CCBL,22,49,500,320,160000
201506082574401,CCBL,22,38,200,320,64000
201506082574373,CCBL,50,43,1000,319,319000
201506082574337,CCBL,1,49,100,319,31900
201506082574335,CCBL,36,33,200,319,63800
201506082574730,CCBL,4,28,39,321,12519
201506082574706,CCBL,4,28,39,321,12519
201506082574687,CCBL,49,49,1000,320,320000
201506082574646,CCBL,29,28,39,321,12519
201506082574571,CCBL,59,43,199,321,63879
201506082574467,CCBL,57,33,100,320,32000
201506082574595,CDBL,48,25,455,345,156975
201506082574568,CDBL,26,7,369,345,127305
201506082574498,CDBL,25,25,11,352,3872
201506082574489,CDBL,25,58,20,346,6920
201506082574728,CFCL,21,21,231,167,38577
201506082574577,CFCL,21,21,218,167,36406
201506082574560,CFCL,14,21,143,167,23881
201506082574462,CFCL,21,21,171,170,29070
201506082574364,CFCL,8,52,95,173,16435
201506082574827,CHCL,35,5,51,1568,79968
201506082574812,CHCL,35,5,66,1568,103488
201506082574739,CHCL,49,5,72,1568,112896
201506082574719,CHCL,45,5,76,1568,119168
201506082574714,CHCL,59,16,374,1568,586432
201506082574670,CHCL,37,11,22,1575,34650
201506082574353,CHCL,41,41,20,1562,31240
201506082574352,CHCL,45,19,130,1559,202670
201506082574487,CHCL,16,7,100,1562,156200
201506082574442,CHCL,43,32,20,1560,31200
201506082574388,CHCL,35,19,132,1560,205920
201506082574372,CHCL,13,19,54,1561,84294
201506082574359,CHCL,19,11,36,1565,56340
201506082574358,CHCL,45,19,71,1560,110760
201506082574668,CHCL,59,33,200,1567,313400
201506082574656,CHCL,59,57,518,1565,810670
201506082574652,CHCL,59,19,100,1565,156500
201506082574625,CHCL,19,38,100,1560,156000
201506082574563,CHCL,49,7,190,1559,296210
201506082574557,CHCL,11,45,28,1560,43680
201506082574810,CSDBL,45,13,146,372,54312
201506082574680,CSDBL,45,26,71,374,26554
201506082574675,CSDBL,45,16,14,374,5236
201506082574590,CSDBL,45,16,29,373,10817
201506082574582,CSDBL,14,55,146,373,54458
201506082574581,CSDBL,14,13,73,373,27229
201506082574576,CSDBL,14,55,146,373,54458
201506082574420,CSDBL,45,13,73,366,26718
201506082574415,CSDBL,45,20,30,366,10980
201506082574392,CSDBL,45,13,73,359,26207
201506082574389,CSDBL,45,20,11,359,3949
201506082574792,CZBIL,37,13,70,468,32760
201506082574674,CZBIL,33,51,24,467,11208
201506082574673,CZBIL,33,51,500,467,233500
201506082574666,CZBIL,33,38,84,467,39228
201506082574622,CZBIL,37,36,135,466,62910
201506082574526,CZBIL,32,51,48,466,22368
201506082574523,CZBIL,32,28,95,466,44270
201506082574517,CZBIL,1,6,24,463,11112
201506082574477,CZBIL,33,6,1000,465,465000
201506082574612,DDBL,21,44,143,1150,164450
201506082574393,DDBL,51,44,100,1150,115000
201506082574802,EBL,45,44,100,2070,207000
201506082574793,EBL,19,17,10,2080,20800
201506082574740,EBL,33,5,300,2075,622500
201506082574703,EBL,17,44,100,2079,207900
201506082574348,EBL,32,41,60,2068,124080
201506082574345,EBL,32,52,24,2065,49560
201506082574532,EBL,40,44,100,2074,207400
201506082574496,EBL,33,44,200,2066,413200
201506082574661,EBL,50,6,111,2072,229992
201506082574648,EBL,42,38,100,2070,207000
201506082574552,EBL,59,44,50,2070,103500
201506082574390,EDBL,51,19,53,561,29733
201506082574385,EDBL,51,8,101,560,56560
201506082574775,EIC,37,56,100,700,70000
201506082574733,EIC,17,56,100,700,70000
201506082574667,EIC,16,56,50,700,35000
201506082574351,EIC,37,56,100,700,70000
201506082574339,EIC,10,56,100,700,70000
201506082574550,EKBL,25,50,100,293,29300
201506082574546,EKBL,25,42,64,293,18752
201506082574817,GBIME,39,42,100,456,45600
201506082574746,GBIME,36,38,182,455,82810
201506082574601,GBIME,29,42,50,457,22850
201506082574545,GBIME,39,38,150,451,67650
201506082574543,GBIME,57,38,33,451,14883
201506082574500,GBIME,11,38,200,451,90200
201506082574499,GBIME,51,38,500,451,225500
201506082574460,GBIME,35,17,44,452,19888
201506082574438,GBIME,39,45,44,453,19932
201506082574593,GFCL,28,11,426,210,89460
201506082574583,GLICL,10,6,180,535,96300
201506082574522,GLICL,38,6,95,535,50825
201506082574423,HAMA,8,8,900,159,143100
201506082574386,HBL,7,36,225,813,182925
201506082574363,HBL,28,36,144,815,117360
201506082574356,HBL,28,36,200,815,163000
201506082574484,HBL,38,28,166,818,135788
201506082574406,HBL,49,13,270,817,220590
201506082574383,ICFC,45,22,100,267,26700
201506082574834,IDBL,50,40,22,184,4048
201506082574778,IDBL,42,40,57,181,10317
201506082574766,IDBL,22,32,100,179,17900
201506082574752,IDBL,22,40,58,181,10498
201506082574650,IDBL,22,32,29,178,5162
201506082574649,IDBL,45,40,156,177,27612
201506082574620,IDBL,20,42,1382,176,243232
201506082574501,IDBL,3,32,83,178,14774
201506082574349,IDBL,26,22,300,176,52800
201506082574586,ILFC,7,11,593,158,93694
201506082574554,ILFC,32,59,500,160,80000
201506082574413,ILFC,6,32,335,158,52930
201506082574374,ILFC,40,59,200,159,31800
201506082574474,JBBL,14,45,32,166,5312
201506082574466,JBBL,14,45,30,166,4980
201506082574422,JBNL,35,50,133,280,37240
201506082574369,JFL,55,42,50,404,20200
201506082574630,KBL,11,36,40,384,15360
201506082574561,KBL,26,13,165,382,63030
201506082574559,KBL,53,13,1000,380,380000
201506082574485,KBL,48,36,800,380,304000
201506082574366,KBL,4,17,100,383,38300
201506082574806,KCDBL,22,22,17,221,3757
201506082574727,KCDBL,22,22,17,217,3689
201506082574453,KCDBL,22,22,17,213,3621
201506082574745,KDBL,50,34,64,146,9344
201506082574732,KDBL,20,34,64,147,9408
201506082574715,KDBL,28,34,64,147,9408
201506082574556,KDBL,17,39,80,147,11760
201506082574555,KDBL,28,39,182,147,26754
201506082574520,KDBL,20,32,114,147,16758
201506082574513,KDBL,20,32,114,147,16758
201506082574476,KDBL,20,32,114,147,16758
201506082574470,KDBL,17,32,60,147,8820
201506082574464,KDBL,17,32,60,147,8820
201506082574779,KMCDB,11,7,33,1052,34716
201506082574645,KMCDB,33,45,200,1055,211000
201506082574641,KMCDB,33,45,100,1050,105000
201506082574575,KMCDB,11,21,82,1050,86100
201506082574539,KMCDB,33,53,246,1059,260514
201506082574516,KMCDB,33,45,100,1050,105000
201506082574515,KMCDB,33,45,200,1050,210000
201506082574512,KMCDB,33,6,141,1045,147345
201506082574511,KMCDB,33,21,10,1044,10440
201506082574510,LBL,17,16,510,433,220830
201506082574459,LBL,6,49,130,435,56550
201506082574458,LBL,22,49,50,435,21750
201506082574704,LICN,13,49,20,2358,47160
201506082574495,LICN,13,32,200,2340,468000
201506082574482,LICN,13,49,100,2350,235000
201506082574481,LICN,13,7,272,2340,636480
201506082574357,LICN,50,7,182,2340,425880
201506082574346,LICN,34,1,14,2355,32970
201506082574783,LLBS,45,14,112,826,92512
201506082574702,LUBL,45,32,500,354,177000
201506082574660,LUBL,36,32,500,350,175000
201506082574659,LUBL,14,21,245,353,86485
201506082574609,LUBL,48,13,475,352,167200
201506082574604,LUBL,48,32,107,354,37878
201506082574579,LUBL,17,39,60,353,21180
201506082574451,LUBL,33,32,500,350,175000
201506082574409,LUBL,22,39,30,352,10560
201506082574407,LUBL,48,39,16,352,5632
201506082574382,LUBL,22,26,70,352,24640
201506082574759,MBBL,26,21,200,203,40600
201506082574368,MBBL,26,52,150,203,30450
201506082574722,MBL,57,53,200,574,114800
201506082574693,MBL,14,45,440,572,251680
201506082574692,MBL,14,44,479,571,273509
201506082574691,MBL,14,19,308,570,175560
201506082574690,MBL,14,19,190,570,108300
201506082574665,MBL,28,28,188,567,106596
201506082574570,MBL,26,44,187,570,106590
201506082574518,MBL,43,44,436,569,248084
201506082574444,MBL,41,4,170,566,96220
201506082574439,MBL,11,4,397,567,225099
201506082574394,MBL,48,44,436,569,248084
201506082574780,MDBL,26,43,196,226,44296
201506082574757,METRO,36,32,883,327,288741
201506082574642,MNBBL,59,13,62,568,35216
201506082574628,MNBBL,5,1,386,558,215388
201506082574567,MNBBL,25,48,10,565,5650
201506082574336,MNBBL,11,43,663,557,369291
201506082574412,MTBL,39,47,386,319,123134
201506082574818,NABIL,20,3,60,1935,116100
201506082574769,NABIL,3,19,60,1932,115920
201506082574565,NABIL,49,49,72,1915,137880
201506082574736,NABILP,32,6,200,1321,264200
201506082574367,NABILP,14,53,200,1315,263000
201506082574696,NABILP,17,4,84,1320,110880
201506082574572,NABILP,14,53,200,1315,263000
201506082574829,NBB,29,21,205,516,105780
201506082574785,NBB,13,40,500,515,257500
201506082574784,NBB,13,50,200,515,103000
201506082574751,NBB,53,53,125,515,64375
201506082574750,NBB,53,1,100,514,51400
201506082574749,NBB,53,14,150,513,76950
201506082574377,NBB,5,41,500,505,252500
201506082574468,NBB,13,45,330,510,168300
201506082574447,NBB,10,32,318,507,161226
201506082574434,NBB,47,32,110,508,55880
201506082574428,NBB,26,19,200,507,101400
201506082574427,NBB,26,55,50,507,25350
201506082574418,NBB,51,26,105,504,52920
201506082574469,NBB,13,47,89,510,45390
201506082574634,NBF1,49,19,2970,13,39501
201506082574542,NBF1,16,16,19148,13,251222
201506082574825,NBL,48,56,1500,295,442500
201506082574824,NBL,25,56,500,295,147500
201506082574823,NBL,45,56,500,295,147500
201506082574822,NBL,41,56,300,295,88500
201506082574821,NBL,21,56,100,295,29500
201506082574820,NBL,21,56,500,297,148500
201506082574483,NBL,52,4,1000,296,296000
201506082574480,NBL,22,36,100,298,29800
201506082574475,NBL,35,4,1000,297,297000
201506082574376,NBL,17,36,110,296,32560
201506082574663,NBL,26,49,1000,298,298000
201506082574574,NBL,22,33,100,298,29800
201506082574573,NBL,55,33,100,298,29800
201506082574533,NBL,52,42,200,298,59600
201506082574494,NBL,29,33,200,298,59600
201506082574493,NBL,22,33,100,298,29800
201506082574819,NBL,17,56,100,297,29700
201506082574807,NBL,19,48,100,300,30000
201506082574805,NBL,32,33,1000,298,298000
201506082574765,NBL,8,36,1000,300,300000
201506082574764,NBL,8,56,500,300,150000
201506082574763,NBL,8,56,1000,300,300000
201506082574538,NBSL,14,17,12,313,3756
201506082574536,NBSL,14,17,12,313,3756
201506082574408,NBSL,14,17,12,313,3756
201506082574804,NCCB,50,56,500,590,295000
201506082574681,NCCB,25,25,105,592,62160
201506082574679,NCCB,33,56,458,589,269762
201506082574530,NCCB,33,26,500,588,294000
201506082574529,NCCB,33,26,320,587,187840
201506082574528,NCCB,33,7,70,586,41020
201506082574443,NCCB,25,7,500,581,290500
201506082574354,NEFL,14,6,10,259,2590
201506082574809,NHPC,6,43,500,125,62500
201506082574808,NHPC,6,44,1060,124,131440
201506082574800,NHPC,6,13,500,124,62000
201506082574799,NHPC,6,25,50,123,6150
201506082574798,NHPC,6,32,5000,123,615000
201506082574797,NHPC,6,5,1000,123,123000
201506082574598,NHPC,13,54,2000,120,240000
201506082574589,NHPC,8,54,3000,119,357000
201506082574588,NHPC,33,54,1000,120,120000
201506082574796,NHPC,6,56,500,123,61500
201506082574795,NHPC,6,25,1000,123,123000
201506082574794,NHPC,6,25,1000,123,123000
201506082574776,NHPC,16,5,1000,122,122000
201506082574758,NHPC,16,1,1000,122,122000
201506082574747,NHPC,16,1,1500,122,183000
201506082574790,NIB,21,59,200,722,144400
201506082574619,NIB,44,11,20,729,14580
201506082574614,NIB,44,1,40,728,29120
201506082574610,NIB,44,11,21,727,15267
201506082574607,NIB,44,46,115,725,83375
201506082574606,NIB,44,43,67,724,48508
201506082574544,NIB,44,35,3462,720,2492640
201506082574537,NIB,49,17,172,723,124356
201506082574535,NIB,49,11,117,722,84474
201506082574724,NIBPO,17,54,100,507,50700
201506082574676,NIBPO,44,32,1000,506,506000
201506082574611,NICA,37,5,200,649,129800
201506082574490,NICA,29,21,20,645,12900
201506082574772,NICL,48,1,17,328,5576
201506082574699,NIL,3,1,10,513,5130
201506082574689,NIL,3,1,10,518,5180
201506082574678,NIL,3,1,10,528,5280
201506082574658,NIL,3,1,20,538,10760
201506082574653,NIL,29,1,30,548,16440
201506082574640,NIL,3,1,10,548,5480
201506082574617,NIL,29,22,14,559,7826
201506082574504,NLBBL,7,51,93,1160,107880
201506082574463,NLBBL,11,59,150,1156,173400
201506082574452,NLBBL,45,51,196,1160,227360
201506082574440,NLBBL,53,59,50,1156,57800
201506082574435,NLBBL,45,51,18,1160,20880
201506082574347,NLG,47,59,20,561,11220
201506082574830,NLIC,54,28,172,2840,488480
201506082574828,NLIC,14,28,26,2830,73580
201506082574814,NLIC,1,28,27,2835,76545
201506082574771,NLIC,54,28,172,2831,486932
201506082574711,NLIC,16,17,200,2829,565800
201506082574710,NLIC,16,17,200,2829,565800
201506082574707,NLIC,33,38,130,2828,367640
201506082574441,NLIC,41,7,120,2830,339600
201506082574437,NLIC,13,38,15,2840,42600
201506082574426,NLIC,16,17,200,2829,565800
201506082574404,NLIC,7,7,50,2830,141500
201506082574378,NLIC,25,17,200,2830,566000
201506082574717,NLICL,48,11,101,1826,184426
201506082574662,NLICL,34,3,100,1823,182300
201506082574587,NLICL,14,22,54,1820,98280
201506082574455,NLICL,14,28,27,1818,49086
201506082574454,NLICL,14,17,103,1817,187151
201506082574360,NLICL,44,56,100,1810,181000
201506082574594,NMBSF1,43,42,5000,10,48000
201506082574721,NTC,17,3,350,615,215250
201506082574655,NTC,17,49,300,615,184500
201506082574615,NTC,17,3,650,615,399750
201506082574599,NTC,17,5,200,615,123000
201506082574592,NTC,17,49,500,615,307500
201506082574672,OHL,53,53,500,657,328500
201506082574445,OHL,59,21,40,659,26360
201506082574786,PCBL,53,51,495,450,222750
201506082574677,PCBL,11,34,30,450,13500
201506082574597,PCBL,1,11,27,448,12096
201506082574471,PCBL,43,4,483,446,215418
201506082574457,PCBL,40,34,212,449,95188
201506082574456,PCBL,13,4,98,448,43904
201506082574338,PCBL,13,51,212,450,95400
201506082574626,PLIC,7,6,54,1082,58428
201506082574623,PLIC,33,14,100,1069,106900
201506082574553,PLIC,21,25,100,1080,108000
201506082574486,PLIC,7,19,13,1070,13910
201506082574705,PRIN,22,41,300,360,108000
201506082574534,PRIN,26,41,200,359,71800
201506082574789,PRVU,45,55,500,340,170000
201506082574753,PRVU,45,55,1000,340,340000
201506082574671,PRVU,6,55,1000,341,341000
201506082574564,PRVU,20,32,30,342,10260
201506082574505,PRVU,47,32,100,341,34100
201506082574400,PRVU,59,11,246,340,83640
201506082574777,RBS,57,57,13,5000,65000
201506082574549,REDBL,17,4,110,211,23210
201506082574425,REDBL,17,59,400,212,84800
201506082574755,RMDC,26,25,10,691,6910
201506082574723,RMDC,26,1,330,678,223740
201506082574712,RMDC,26,25,20,678,13560
201506082574664,RMDC,26,6,13,665,8645
201506082574826,SADBL,39,19,211,333,70263
201506082574635,SADBL,26,55,200,330,66000
201506082574531,SADBL,21,55,200,330,66000
201506082574492,SADBL,17,7,100,333,33300
201506082574488,SADBL,21,7,100,334,33400
201506082574465,SADBL,21,41,210,330,69300
201506082574833,SANIMA,5,43,80,568,45440
201506082574813,SANIMA,42,41,89,563,50107
201506082574734,SANIMA,53,1,200,565,113000
201506082574716,SANIMA,53,40,244,563,137372
201506082574644,SANIMA,10,19,349,563,196487
201506082574631,SANIMA,53,5,67,562,37654
201506082574421,SANIMA,33,44,326,558,181908
201506082574387,SANIMA,54,44,664,555,368520
201506082574379,SANIMA,41,4,120,560,67200
201506082574362,SANIMA,39,13,150,557,83550
201506082574361,SANIMA,5,4,101,558,56358
201506082574344,SANIMA,39,4,180,557,100260
201506082574627,SANIMA,59,19,80,564,45120
201506082574621,SANIMA,59,11,1250,561,701250
201506082574551,SANIMA,48,41,623,560,348880
201506082574521,SANIMA,11,19,83,563,46729
201506082574503,SANIMA,11,13,90,563,50670
201506082574479,SANIMA,53,38,184,562,103408
201506082574591,SBBLJ,26,45,500,395,197500
201506082574700,SBI,19,19,14,910,12740
201506082574429,SBI,38,7,36,903,32508
201506082574788,SBL,51,6,300,675,202500
201506082574657,SBL,22,6,31,680,21080
201506082574629,SBL,47,57,204,677,138108
201506082574613,SBL,22,6,20,680,13600
201506082574605,SBL,42,6,84,680,57120
201506082574596,SBL,37,58,283,679,192157
201506082574815,SCB,7,44,100,1924,192400
201506082574698,SCB,17,44,100,1924,192400
201506082574632,SCB,21,44,100,1924,192400
201506082574616,SCB,52,3,30,1924,57720
201506082574525,SCB,21,3,50,1920,96000
201506082574508,SCB,49,36,88,1920,168960
201506082574380,SCB,22,3,10,1910,19100
201506082574507,SCB,49,44,100,1914,191400
201506082574461,SCB,10,3,20,1915,38300
201506082574416,SCB,32,17,30,1910,57300
201506082574410,SCB,21,36,148,1900,281200
201506082574381,SCB,11,3,50,1910,95500
201506082574832,SDBL,13,36,300,196,58800
201506082574695,SEWA,26,26,167,290,48430
201506082574694,SEWA,26,50,55,290,15950
201506082574683,SEWA,26,41,61,287,17507
201506082574432,SEWA,41,21,500,285,142500
201506082574431,SEWA,20,45,32,285,9120
201506082574816,SHINE,26,11,1000,360,360000
201506082574541,SHINE,11,6,200,354,70800
201506082574540,SHINE,11,29,100,353,35300
201506082574527,SHINE,11,45,92,353,32476
201506082574547,SHINE,11,6,201,356,71556
201506082574791,SHL,26,17,1000,419,419000
201506082574355,SHL,45,26,300,418,125400
201506082574782,SHPC,53,34,36,716,25776
201506082574760,SHPC,10,32,18,716,12888
201506082574600,SHPC,53,21,282,705,198810
201506082574478,SHPC,53,41,18,705,12690
201506082574473,SHPC,38,10,18,706,12708
201506082574436,SHPC,53,41,318,715,227370
201506082574384,SHPC,38,45,18,716,12888
201506082574643,SIGS1,49,19,3000,15,46350
201506082574580,SIGS1,35,42,50000,15,760000
201506082574566,SIGS1,21,42,10000,15,152100
201506082574450,SIGS1,36,11,10000,15,153000
201506082574414,SIGS1,55,14,1000,15,15250
201506082574831,SKBBL,33,57,500,1300,650000
201506082574633,SLICL,14,6,55,574,31570
201506082574603,SLICL,45,28,100,573,57300
201506082574399,SMFDB,16,16,109,1580,172220
201506082574729,SODBL,39,20,500,114,57000
201506082574639,SODBL,25,29,500,112,56000
201506082574638,SODBL,25,29,500,112,56000
201506082574637,SODBL,25,29,500,112,56000
201506082574636,SODBL,25,29,500,112,56000
201506082574449,SODBL,22,29,500,110,55000
201506082574448,SODBL,22,29,500,110,55000
201506082574446,SODBL,25,29,500,110,55000
201506082574398,SODBL,26,29,500,112,56000
201506082574397,SODBL,47,29,500,112,56000
201506082574395,SODBL,22,29,500,112,56000
201506082574781,SRBL,33,44,500,409,204500
201506082574768,SRBL,11,54,500,408,204000
201506082574756,SRBL,42,42,100,408,40800
201506082574743,SRBL,42,42,200,408,81600
201506082574741,SRBL,42,42,200,407,81400
201506082574726,SRBL,32,11,100,415,41500
201506082574708,SRBL,32,17,82,412,33784
201506082574801,SUPRME,45,21,1070,159,170130
201506082574524,SUPRME,51,45,11,162,1782
201506082574472,SUPRME,52,52,366,162,59292
201506082574370,SUPRME,36,47,64,160,10240
201506082574720,SYFL,29,8,45,101,4545
201506082574686,UFIL,22,29,550,136,74800
201506082574685,UFIL,43,29,200,136,27200
201506082574684,UFIL,39,29,100,137,13700
201506082574558,WDBL,21,7,135,307,41445
201506082574519,WDBL,45,45,12,302,3624
201506082574509,WDBL,45,45,12,302,3624
201506082574310,ADBL,26,26,52,426,22152
201506082574237,ADBL,4,4,70,433,30310
201506082574236,ADBL,4,4,70,433,30310
201506082574204,ADBL,53,5,200,432,86400
201506082574091,ADBL,26,26,61,427,26047
201506082573836,ADBL,29,8,110,434,47740
201506082574076,ADBL,25,5,500,425,212500
201506082573846,ADBL,17,5,200,430,86000
201506082573844,ADBL,5,5,200,432,86400
201506082573841,ADBL,29,36,101,434,43834
201506082574321,AHPC,16,21,500,340,170000
201506082574284,AHPC,41,16,68,337,22916
201506082574178,AHPC,41,20,80,334,26720
201506082574134,AHPC,26,21,558,335,186930
201506082574044,AHPC,22,58,164,335,54940
201506082573997,AHPC,22,28,200,335,67000
201506082574057,ALICL,44,17,500,950,475000
201506082574174,APEX,26,1,45,132,5940
201506082574052,APEX,26,16,30,132,3960
201506082574161,ARDBL,26,43,52,178,9256
201506082574158,ARDBL,26,43,52,178,9256
201506082574332,BHBL,45,17,1000,275,275000
201506082573927,BUDBL,8,32,205,203,41615
201506082573885,BUDBL,42,46,1619,202,327038
201506082573996,CBBL,45,45,50,1550,77500
201506082574269,CBL,44,55,100,285,28500
201506082574244,CBL,58,55,342,285,97470
201506082574221,CBL,44,21,917,285,261345
201506082574181,CBL,49,52,67,285,19095
201506082574167,CBL,38,36,200,287,57400
201506082574124,CBL,54,53,280,285,79800
201506082574102,CBL,11,19,79,288,22752
201506082574028,CBL,1,35,26,286,7436
201506082573972,CBL,1,28,110,286,31460
201506082573855,CBL,20,36,55,287,15785
201506082574309,CCBL,22,38,40,320,12800
201506082574097,CCBL,16,47,1000,318,318000
201506082574061,CCBL,16,3,290,319,92510
201506082574034,CCBL,22,49,60,320,19200
201506082574029,CCBL,16,43,1000,319,319000
201506082573994,CCBL,26,32,200,318,63600
201506082573952,CCBL,50,43,1000,317,317000
201506082573856,CCBL,50,49,542,319,172898
201506082574248,CDBL,40,32,50,340,17000
201506082574164,CDBL,40,26,169,340,57460
201506082573873,CDBL,49,32,240,338,81120
201506082573870,CDBL,49,45,194,336,65184
201506082574160,CDBL,40,38,30,340,10200
201506082574159,CDBL,40,58,20,340,6800
201506082574133,CDBL,41,41,168,335,56280
201506082574130,CDBL,41,7,100,335,33500
201506082574090,CDBL,26,7,100,335,33500
201506082574330,CFCL,8,41,56,176,9856
201506082574274,CFCL,21,1,100,176,17600
201506082574058,CFCL,21,1,100,179,17900
201506082574283,CHCL,51,7,100,1555,155500
201506082574259,CHCL,11,46,50,1555,77750
201506082574251,CHCL,51,7,200,1555,311000
201506082574241,CHCL,17,38,100,1561,156100
201506082574235,CHCL,17,38,100,1560,156000
201506082574234,CHCL,17,7,50,1560,78000
201506082573914,CHCL,29,7,30,1564,46920
201506082573899,CHCL,51,51,85,1560,132600
201506082574105,CHCL,47,5,48,1561,74928
201506082574054,CHCL,43,7,20,1570,31400
201506082574007,CHCL,7,7,50,1561,78050
201506082573936,CHCL,4,7,50,1562,78100
201506082573919,CHCL,57,7,20,1563,31260
201506082573918,CHCL,35,35,226,1559,352334
201506082574203,CHCL,19,7,100,1557,155700
201506082574202,CHCL,5,38,100,1560,156000
201506082574199,CHCL,35,38,100,1560,156000
201506082574188,CHCL,43,7,50,1560,78000
201506082574168,CHCL,5,32,56,1560,87360
201506082574122,CHCL,21,33,200,1557,311400
201506082574233,CHCL,17,7,50,1560,78000
201506082574232,CHCL,17,33,100,1560,156000
201506082574230,CHCL,17,41,277,1560,432120
201506082574229,CHCL,17,54,530,1558,825740
201506082574228,CHCL,35,7,100,1556,155600
201506082574226,CHCL,32,33,100,1559,155900
201506082574315,CSDBL,45,13,73,352,25696
201506082574253,CZBIL,37,38,29,467,13543
201506082573858,CZBIL,43,38,300,469,140700
201506082573857,CZBIL,43,38,150,469,70350
201506082573854,CZBIL,16,38,546,465,253890
201506082574089,DDBL,48,37,100,1147,114700
201506082574066,DDBL,26,44,100,1150,115000
201506082574285,EBL,6,35,500,2070,1035000
201506082574196,EBL,38,36,150,2065,309750
201506082574189,EBL,38,44,100,2074,207400
201506082574157,EBL,42,44,100,2074,207400
201506082573877,EBL,39,36,50,2062,103100
201506082573876,EBL,39,36,50,2062,103100
201506082573869,EBL,39,36,100,2062,206200
201506082573859,EBL,51,44,100,2063,206300
201506082573950,EBL,19,36,207,2058,426006
201506082573883,EBL,1,54,100,2060,206000
201506082574027,EBL,22,44,200,2065,413000
201506082574016,EBL,19,44,300,2059,617700
201506082574003,EBL,19,36,25,2060,51500
201506082573995,EBL,13,36,45,2060,92700
201506082573989,EBL,33,36,128,2060,263680
201506082573986,EBL,42,3,100,2069,206900
201506082574101,EBL,13,3,15,2070,31050
201506082574059,EBL,37,44,100,2068,206800
201506082574055,EBL,50,17,24,2069,49656
201506082574287,EIC,48,56,100,700,70000
201506082574249,EIC,48,56,100,700,70000
201506082574198,EIC,14,56,100,700,70000
201506082574116,EIC,46,56,100,700,70000
201506082574114,EIC,49,56,500,690,345000
201506082574040,EIC,48,56,100,700,70000
201506082574039,EIC,39,56,40,700,28000
201506082574017,EIC,4,56,100,700,70000
201506082573993,EIC,41,56,100,700,70000
201506082574118,GBIME,43,54,300,454,136200
201506082574087,GBIME,11,42,100,456,45600
201506082574073,GBIME,11,53,195,455,88725
201506082574020,GBIME,35,53,300,453,135900
201506082573963,GBIME,25,53,200,451,90200
201506082573895,GBIME,54,54,100,450,45000
201506082573889,GBIME,43,53,100,453,45300
201506082574256,GDBL,42,52,60,331,19860
201506082573981,GFCL,13,21,1500,208,312000
201506082574032,GLICL,10,13,14,540,7560
201506082574031,GLICL,38,13,14,540,7560
201506082574279,HAMA,14,45,70,156,10920
201506082574276,HAMA,14,45,60,156,9360
201506082574270,HAMA,39,45,50,156,7800
201506082574265,HAMA,39,45,40,156,6240
201506082574063,HBL,7,11,80,813,65040
201506082574021,HBL,7,36,915,814,744810
201506082574015,HBL,28,36,437,815,356155
201506082574012,HBL,7,36,88,828,72864
201506082574291,IDBL,20,50,145,179,25955
201506082574115,IDBL,20,16,22,178,3916
201506082574109,IDBL,20,50,79,177,13983
201506082574045,IDBL,50,6,226,176,39776
201506082574080,ILFC,14,32,335,158,52930
201506082574001,ILFC,25,58,105,159,16695
201506082573853,ILFC,25,44,12,157,1884
201506082573852,ILFC,25,44,390,157,61230
201506082574128,JBBL,36,17,20,165,3300
201506082574322,JBNL,6,6,519,280,145320
201506082574293,JBNL,6,58,119,279,33201
201506082574213,JBNL,22,55,170,275,46750
201506082574108,JBNL,50,26,120,279,33480
201506082573946,JBNL,48,32,262,280,73360
201506082574151,JFL,55,43,200,397,79400
201506082574084,JFL,14,32,300,392,117600
201506082574078,JFL,14,13,268,397,106396
201506082573990,JFL,55,39,50,405,20250
201506082574186,KAFIL,13,13,40,227,9080
201506082574033,KBBL,54,7,650,370,240500
201506082574277,KBL,49,17,100,385,38500
201506082574273,KBL,58,44,465,378,175770
201506082574201,KBL,14,5,165,383,63195
201506082574071,KBL,55,46,200,385,77000
201506082574070,KBL,26,46,50,385,19250
201506082574069,KBL,47,46,50,386,19300
201506082574068,KBL,16,46,50,386,19300
201506082574067,KBL,13,46,20,388,7760
201506082574047,KBL,1,44,300,385,115500
201506082573988,KBL,55,32,100,385,38500
201506082574218,KCDBL,17,34,90,209,18810
201506082574211,KCDBL,17,48,10,210,2100
201506082574210,KCDBL,17,48,10,210,2100
201506082574209,KCDBL,17,48,10,210,2100
201506082574208,KCDBL,17,48,10,210,2100
201506082574319,KDBL,28,55,1609,147,236523
201506082574271,KDBL,20,55,1033,150,154950
201506082574172,KDBL,14,13,57,150,8550
201506082574166,KDBL,14,13,57,150,8550
201506082573965,KDBL,20,39,250,150,37500
201506082573956,KDBL,20,20,33,150,4950
201506082573948,KDBL,20,20,33,150,4950
201506082574019,KMCDB,40,42,10,1040,10400
201506082574247,LLBS,11,26,174,825,143550
201506082574120,LLBS,5,1,10,834,8340
201506082574107,LLBS,5,1,10,834,8340
201506082574096,LLBS,5,1,10,834,8340
201506082574085,LLBS,5,1,10,834,8340
201506082574079,LLBS,5,1,10,834,8340
201506082574075,LLBS,5,1,10,834,8340
201506082574013,LLBS,5,52,10,834,8340
201506082573998,LLBS,5,28,10,834,8340
201506082573979,LLBS,5,14,10,834,8340
201506082573971,LLBS,5,14,10,834,8340
201506082573860,LLBS,52,26,71,840,59640
201506082574206,LUBL,48,47,679,354,240366
201506082574060,LUBL,29,32,500,350,175000
201506082574037,LUBL,51,32,500,351,175500
201506082573874,LUBL,48,7,240,352,84480
201506082574320,MBL,50,36,500,568,284000
201506082574275,MBL,39,53,250,567,141750
201506082574268,MBL,39,53,150,567,85050
201506082574267,MBL,1,53,200,568,113600
201506082574266,MBL,59,53,50,569,28450
201506082574103,MBL,41,44,300,570,171000
201506082574046,MBL,11,32,193,574,110782
201506082573987,MBL,11,56,721,570,410970
201506082573926,MDB,6,6,24,493,11832
201506082573834,MDB,45,6,266,493,131138
201506082573833,MDB,45,39,28,493,13804
201506082574316,METRO,17,17,19,323,6137
201506082574312,METRO,48,17,27,324,8748
201506082574123,MFIL,55,39,100,191,19100
201506082574282,MNBBL,16,42,240,555,133200
201506082574280,MNBBL,16,42,355,555,197025
201506082574278,MNBBL,5,42,361,557,201077
201506082574250,MNBBL,28,43,789,557,439473
201506082573945,MNBBL,14,41,40,568,22720
201506082574036,MTBL,7,19,194,324,62856
201506082574088,NABIL,57,49,38,1925,73150
201506082574082,NABIL,57,21,79,1920,151680
201506082574191,NABILP,17,49,390,1310,510900
201506082573894,NABILP,28,49,500,1315,657500
201506082574300,NBB,38,6,200,504,100800
201506082574257,NBB,50,54,1000,503,503000
201506082574246,NBB,4,38,293,501,146793
201506082574238,NBB,10,38,27,505,13635
201506082574100,NBB,59,47,600,503,301800
201506082573892,NBB,39,47,200,506,101200
201506082573891,NBB,42,47,300,506,151800
201506082574081,NBB,59,44,400,505,202000
201506082574056,NBB,33,32,300,507,152100
201506082574026,NBB,48,32,500,505,252500
201506082573975,NBB,40,26,181,500,90500
201506082573937,NBB,47,47,262,501,131262
201506082573917,NBB,25,54,200,501,100200
201506082574217,NBF1,17,38,2398,13,31774
201506082574150,NBF1,35,5,2997,13,39291
201506082573867,NBF1,1,16,21730,13,287053
201506082574286,NBL,17,49,300,300,90000
201506082574153,NBL,16,56,1000,295,295000
201506082574149,NBL,16,56,900,295,265500
201506082574148,NBL,16,56,1000,295,295000
201506082574147,NBL,5,56,500,295,147500
201506082574146,NBL,16,56,1000,295,295000
201506082574053,NBL,1,33,500,300,150000
201506082574024,NBL,16,56,1000,300,300000
201506082574023,NBL,16,56,1000,300,300000
201506082574022,NBL,16,33,500,299,149500
201506082573934,NBL,8,33,500,299,149500
201506082574139,NBL,59,56,1000,298,298000
201506082574137,NBL,45,49,500,298,149000
201506082574136,NBL,57,49,300,298,89400
201506082574135,NBL,7,49,50,299,14950
201506082574099,NBL,7,33,200,299,59800
201506082574098,NBL,26,33,200,299,59800
201506082574145,NBL,16,56,1000,295,295000
201506082574144,NBL,25,56,500,295,147500
201506082574143,NBL,8,56,1000,296,296000
201506082574142,NBL,52,56,500,296,148000
201506082574141,NBL,7,56,100,296,29600
201506082574140,NBL,28,56,500,297,148500
201506082574162,NCCB,49,7,230,580,133400
201506082574127,NCCB,26,7,500,581,290500
201506082573850,NCCB,56,56,242,590,142780
201506082573840,NEFL,14,6,10,257,2570
201506082574331,NHPC,25,25,2500,121,302500
201506082574243,NHPC,43,5,1000,119,119000
201506082574231,NHPC,21,5,500,120,60000
201506082574219,NHPC,26,7,1000,119,119000
201506082574216,NHPC,25,5,1000,120,120000
201506082574187,NHPC,25,32,1000,120,120000
201506082574179,NHPC,25,25,3000,121,363000
201506082574177,NHPC,21,32,1500,120,180000
201506082574154,NHPC,21,32,1000,122,122000
201506082574184,NIB,39,29,100,724,72400
201506082574182,NIB,8,35,912,718,654816
201506082574156,NIB,25,13,71,722,51262
201506082574042,NIB,25,11,105,720,75600
201506082573904,NIB,13,13,155,717,111135
201506082573878,NIB,13,13,322,717,230874
201506082573851,NIB,26,13,98,720,70560
201506082573847,NIB,13,13,324,719,232956
201506082573992,NIBPO,59,21,500,507,253500
201506082573991,NIBPO,50,21,100,508,50800
201506082573898,NIBPO,50,50,200,508,101600
201506082574292,NICA,42,32,354,644,227976
201506082574086,NICA,21,5,60,643,38580
201506082573999,NICA,38,52,100,641,64100
201506082573960,NICA,29,5,99,641,63459
201506082573953,NICA,49,5,200,641,128200
201506082573931,NICA,35,35,2010,638,1282380
201506082573920,NICA,35,35,4034,638,2573692
201506082573875,NICA,25,43,26,644,16744
201506082573838,NICA,41,21,15,648,9720
201506082574333,NLG,47,5,30,561,16830
201506082574258,NLG,26,48,70,561,39270
201506082574254,NLG,26,19,30,561,16830
201506082574240,NLG,26,19,30,561,16830
201506082574227,NLG,26,28,28,561,15708
201506082574220,NLG,26,28,28,561,15708
201506082573909,NLG,26,48,100,561,56100
201506082573893,NLG,26,36,39,561,21879
201506082573887,NLG,26,36,120,561,67320
201506082573882,NLG,26,28,28,561,15708
201506082573879,NLG,26,6,15,561,8415
201506082574006,NLG,11,57,44,561,24684
201506082574002,NLG,3,44,25,561,14025
201506082573966,NLG,3,22,15,561,8415
201506082573964,NLG,42,22,15,561,8415
201506082573961,NLG,42,22,15,561,8415
201506082573954,NLG,6,59,30,561,16830
201506082574215,NLG,26,16,74,561,41514
201506082574083,NLG,29,40,100,561,56100
201506082574051,NLG,11,48,20,561,11220
201506082574050,NLG,3,48,20,561,11220
201506082574049,NLG,42,48,80,561,44880
201506082574014,NLG,42,48,20,561,11220
201506082574303,NLIC,54,17,200,2825,565000
201506082574302,NLIC,54,38,120,2824,338880
201506082574299,NLIC,44,44,100,2823,282300
201506082574296,NLIC,44,35,142,2811,399162
201506082574262,NLIC,50,17,100,2820,282000
201506082574255,NLIC,38,38,50,2824,141200
201506082574009,NLIC,45,44,30,2830,84900
201506082573916,NLIC,16,38,200,2810,562000
201506082573915,NLIC,45,7,10,2830,28300
201506082573832,NLICL,34,36,56,1810,101360
201506082574065,NNFC,45,45,51,269,13719
201506082574064,NNFC,45,45,192,269,51648
201506082574225,NTC,17,13,100,616,61600
201506082574163,OFL,43,32,11,315,3465
201506082574119,OFL,28,49,28,309,8652
201506082573922,OHL,38,59,50,648,32400
201506082573968,OHL,38,57,70,650,45500
201506082574318,PCBL,11,11,271,447,121137
201506082574175,PCBL,11,36,72,445,32040
201506082574125,PCBL,50,17,500,449,224500
201506082573985,PCBL,45,49,1000,450,450000
201506082573984,PCBL,41,49,300,450,135000
201506082573983,PCBL,41,49,500,451,225500
201506082573982,PCBL,50,49,500,451,225500
201506082573977,PCBL,57,36,17,452,7684
201506082573911,PFL,14,13,60,315,18900
201506082574074,PLIC,16,16,40,1062,42480
201506082573848,PLIC,13,7,59,1072,63248
201506082574093,PRIN,14,5,31,359,11129
201506082574281,PRVU,59,41,194,340,65960
201506082574239,PRVU,59,14,251,339,85089
201506082574171,PRVU,59,49,486,340,165240
201506082574170,PRVU,59,35,900,340,306000
201506082574169,PRVU,32,14,812,339,275268
201506082573905,PRVU,43,53,11,342,3762
201506082573943,PRVU,28,32,500,339,169500
201506082573942,PRVU,25,32,250,340,85000
201506082573941,PRVU,43,32,100,340,34000
201506082573940,PRVU,47,32,200,340,68000
201506082573939,PRVU,21,32,250,341,85250
201506082573969,PRVU,21,7,72,338,24336
201506082573959,PRVU,21,32,300,338,101400
201506082573958,PRVU,43,32,100,338,33800
201506082573957,PRVU,45,32,300,338,101400
201506082573944,PRVU,57,32,1000,339,339000
201506082574132,PRVU,43,35,100,340,34000
201506082574111,PRVU,50,35,500,340,170000
201506082574106,PRVU,50,49,1000,340,340000
201506082574092,PRVU,59,35,1000,340,340000
201506082574035,PRVU,59,35,1000,340,340000
201506082574018,PRVU,59,32,568,340,193120
201506082573951,RBS,19,28,10,5043,50430
201506082574214,REDBL,17,53,100,210,21000
201506082574138,REDBL,17,17,38,210,7980
201506082574004,RHPC,28,28,12,431,5172
201506082574129,RLFL,14,14,500,162,81000
201506082573978,RLFL,59,59,20,165,3300
201506082574041,RMDC,16,17,58,665,38570
201506082574038,RMDC,16,14,15,663,9945
201506082573842,SADBL,7,19,211,332,70052
201506082574334,SANIMA,53,4,100,560,56000
201506082574324,SANIMA,53,53,200,560,112000
201506082574323,SANIMA,51,4,490,558,273420
201506082574305,SANIMA,45,4,40,560,22400
201506082574297,SANIMA,43,4,30,561,16830
201506082574295,SANIMA,53,53,592,559,330928
201506082573980,SANIMA,41,13,310,558,172980
201506082573974,SANIMA,21,13,200,560,112000
201506082573970,SANIMA,13,13,400,558,223200
201506082573949,SANIMA,43,53,170,561,95370
201506082573906,SANIMA,52,14,31,562,17422
201506082573896,SANIMA,52,8,250,562,140500
201506082574252,SANIMA,6,6,159,559,88881
201506082574245,SANIMA,6,6,318,559,177762
201506082574223,SANIMA,6,6,223,559,124657
201506082574207,SANIMA,6,6,159,559,88881
201506082574152,SANIMA,38,53,164,559,91676
201506082574110,SANIMA,6,6,159,559,88881
201506082574306,SBBLJ,50,45,500,389,194500
201506082574304,SBBLJ,41,45,500,390,195000
201506082573868,SBBLJ,50,45,500,396,198000
201506082574104,SBI,48,26,176,905,159280
201506082574011,SBI,21,6,102,915,93330
201506082574010,SBI,21,53,100,914,91400
201506082574005,SBI,21,1,123,913,112299
201506082573967,SBI,32,25,25,918,22950
201506082573843,SBI,17,53,500,906,453000
201506082574298,SBL,50,49,444,680,301920
201506082574190,SBL,22,5,20,680,13600
201506082574185,SBL,41,36,84,679,57036
201506082574062,SBL,22,49,70,680,47600
201506082574000,SBL,14,25,300,681,204300
201506082573933,SBL,17,54,194,680,131920
201506082573923,SBL,57,43,300,679,203700
201506082573910,SBL,16,16,113,682,77066
201506082574311,SCB,22,36,26,1910,49660
201506082574307,SCB,51,36,63,1901,119763
201506082574301,SCB,48,36,47,1903,89441
201506082574290,SCB,50,44,100,1920,192000
201506082574288,SCB,48,36,50,1903,95150
201506082574126,SCB,3,11,10,1920,19200
201506082574117,SCB,22,11,11,1910,21010
201506082573912,SCB,5,3,30,1930,57900
201506082573872,SCB,38,3,100,1915,191500
201506082573871,SCB,20,3,100,1915,191500
201506082574131,SDBL,42,36,300,200,60000
201506082574030,SEWA,1,38,200,285,57000
201506082574025,SEWA,6,38,100,286,28600
201506082573884,SEWA,26,32,44,287,12628
201506082574308,SHINE,21,1,21,350,7350
201506082573935,SHINE,42,6,500,351,175500
201506082573902,SHINE,43,29,20,354,7080
201506082573900,SHINE,40,43,10,349,3490
201506082574121,SHINE,25,10,101,347,35047
201506082574113,SHINE,33,10,101,348,35148
201506082574048,SHINE,40,7,186,349,64914
201506082574200,SHL,19,21,200,418,83600
201506082573976,SHL,22,17,1000,419,419000
201506082573913,SHL,14,21,200,419,83800
201506082573831,SHL,16,46,100,420,42000
201506082573861,SHPC,38,52,315,730,229950
201506082574183,SIFC,40,55,71,386,27406
201506082573837,SIFC,40,55,100,393,39300
201506082574222,SKBBL,37,36,12,1290,15480
201506082574173,SLICL,42,54,200,584,116800
201506082574008,SLICL,36,56,171,584,99864
201506082573903,SLICL,36,42,34,584,19856
201506082573973,SMFDB,32,7,200,1575,315000
201506082574194,SODBL,39,39,500,114,57000
201506082574329,SRBL,33,44,200,410,82000
201506082574328,SRBL,33,54,800,408,326400
201506082574317,SRBL,50,32,687,407,279609
201506082574314,SUPRME,49,49,1000,163,163000
201506082574313,SUPRME,49,49,1000,163,163000
201506082574112,SUPRME,57,47,1000,160,160000
201506082574095,SUPRME,36,17,20,160,3200
201506082574043,SUPRME,26,45,64,161,10304
201506082574327,SYFL,22,32,172,100,17200
201506082574326,SYFL,22,21,1000,100,100000
201506082574325,SYFL,22,19,500,100,50000
201506082574094,SYFL,50,26,800,99,79200
201506082574224,UFIL,8,29,206,138,28428
201506082574197,UFIL,13,29,200,140,28000
201506082574195,UFIL,20,29,250,142,35500
201506082574193,UFIL,39,29,100,144,14400
201506082574192,UFIL,14,29,100,144,14400
201506082574072,UFIL,58,26,20,146,2920
201506082573955,UFIL,33,47,1000,146,146000
201506082573835,UFIL,17,47,200,144,28800
201506082574180,UNL,59,13,10,19413,194130
201506082573849,UNL,59,13,10,19033,190330
201506082574205,WDBL,7,7,50,307,15350
201506082573839,WDBL,45,5,52,301,15652
201506082573742,AHPC,14,34,20,332,6640
201506082573648,AHPC,45,5,200,335,67000
201506082573646,AHPC,26,53,129,340,43860
201506082573803,ALICL,38,6,134,965,129310
201506082573761,APEX,8,59,300,131,39300
201506082573670,APEX,4,41,744,133,98952
201506082573657,APEX,4,41,20,131,2620
201506082573656,APEX,4,39,30,131,3930
201506082573653,APEX,8,41,778,130,101140
201506082573435,APEX,8,21,628,129,81012
201506082573434,APEX,8,39,20,129,2580
201506082573404,APEX,52,39,400,127,50800
201506082573396,APEX,19,32,535,126,67410
201506082573416,ARDBL,6,6,21,177,3717
201506082573578,BHBL,39,21,11,275,3025
201506082573428,BHBL,21,21,500,270,135000
201506082573610,BLDBL,25,20,10,312,3120
201506082573764,CBBL,45,17,300,1545,463500
201506082573642,CBBL,32,39,36,1550,55800
201506082573821,CBL,44,36,260,287,74620
201506082573808,CBL,1,55,500,286,143000
201506082573787,CBL,20,17,230,287,66010
201506082573766,CBL,1,36,157,287,45059
201506082573701,CBL,1,36,500,286,143000
201506082573686,CBL,13,59,136,286,38896
201506082573558,CBL,44,51,118,288,33984
201506082573469,CBL,44,55,400,288,115200
201506082573438,CBL,14,53,100,289,28900
201506082573432,CBL,14,42,331,288,95328
201506082573423,CBL,14,58,194,288,55872
201506082573413,CBL,14,6,35,287,10045
201506082573809,CCBL,50,43,1000,319,319000
201506082573784,CCBL,50,49,100,320,32000
201506082573771,CCBL,47,38,160,320,51200
201506082573751,CCBL,47,45,40,320,12800
201506082573718,CCBL,50,45,260,320,83200
201506082573694,CCBL,50,58,39,322,12558
201506082573395,CCBL,43,47,120,320,38400
201506082573504,CCBL,59,43,1000,324,324000
201506082573503,CCBL,59,26,40,324,12960
201506082573490,CCBL,50,49,200,320,64000
201506082573472,CCBL,50,43,1000,323,323000
201506082573448,CCBL,49,49,1000,318,318000
201506082573402,CCBL,59,54,100,323,32300
201506082573682,CCBL,50,49,200,322,64400
201506082573612,CCBL,57,38,40,326,13040
201506082573598,CCBL,57,8,40,326,13040
201506082573597,CCBL,57,47,120,325,39000
201506082573575,CCBL,50,49,200,322,64400
201506082573507,CCBL,50,49,100,320,32000
201506082573698,CDBL,35,1,500,335,167500
201506082573662,CDBL,7,26,140,336,47040
201506082573618,CDBL,16,7,200,333,66600
201506082573617,CDBL,16,47,59,331,19529
201506082573583,CDBL,49,32,13,330,4290
201506082573816,CHCL,11,5,84,1560,131040
201506082573785,CHCL,1,42,56,1561,87416
201506082573729,CHCL,56,5,100,1561,156100
201506082573728,CHCL,56,33,200,1561,312200
201506082573697,CHCL,57,58,29,1565,45385
201506082573677,CHCL,41,32,1000,1558,1558000
201506082573401,CHCL,19,5,166,1560,258960
201506082573359,CHCL,50,11,456,1560,711360
201506082573350,CHCL,29,41,32,1559,49888
201506082573467,CHCL,1,33,100,1563,156300
201506082573441,CHCL,26,32,200,1560,312000
201506082573421,CHCL,26,17,60,1563,93780
201506082573420,CHCL,26,22,10,1562,15620
201506082573411,CHCL,38,16,200,1560,312000
201506082573407,CHCL,32,5,133,1559,207347
201506082573549,CHCL,38,38,100,1567,156700
201506082573545,CHCL,38,19,52,1566,81432
201506082573524,CHCL,19,7,500,1565,782500
201506082573491,CHCL,5,6,100,1564,156400
201506082573478,CHCL,8,16,200,1565,313000
201506082573468,CHCL,1,6,50,1564,78200
201506082573671,CHCL,36,33,200,1559,311800
201506082573663,CHCL,1,40,94,1560,146640
201506082573625,CHCL,13,5,112,1562,174944
201506082573585,CHCL,6,47,100,1563,156300
201506082573557,CHCL,29,19,21,1564,32844
201506082573550,CHCL,38,32,100,1567,156700
201506082573457,CSDBL,45,5,475,346,164350
201506082573819,CZBIL,38,6,14,474,6636
201506082573793,CZBIL,45,38,180,469,84420
201506082573783,CZBIL,43,38,265,467,123755
201506082573770,CZBIL,57,32,234,469,109746
201506082573619,CZBIL,38,5,606,465,281790
201506082573437,CZBIL,39,50,105,470,49350
201506082573436,CZBIL,39,49,100,469,46900
201506082573533,CZBIL,16,49,600,471,282600
201506082573532,CZBIL,16,19,126,470,59220
201506082573531,CZBIL,16,38,711,470,334170
201506082573464,CZBIL,50,20,1000,470,470000
201506082573455,CZBIL,39,50,190,470,89300
201506082573443,CZBIL,39,6,119,470,55930
201506082573602,EBL,25,36,200,2060,412000
201506082573562,EBL,57,3,100,2080,208000
201506082573561,EBL,45,3,60,2090,125400
201506082573556,EBL,57,36,100,2080,208000
201506082573370,EBL,50,44,100,2060,206000
201506082573365,EBL,59,20,300,2069,620700
201506082573345,EBL,59,41,13,2065,26845
201506082573342,EBL,53,3,50,2070,103500
201506082573341,EBL,53,44,100,2070,207000
201506082573518,EBL,49,20,200,2082,416400
201506082573433,EBL,59,44,100,2079,207900
201506082573406,EBL,59,22,50,2075,103750
201506082573392,EBL,59,6,63,2073,130599
201506082573390,EBL,50,32,169,2072,350168
201506082573377,EBL,50,5,176,2071,364496
201506082573716,EIC,14,56,100,697,69700
201506082573715,EIC,14,56,30,697,20910
201506082573714,EIC,39,56,50,697,34850
201506082573635,GBIME,45,13,700,451,315700
201506082573634,GBIME,1,13,500,452,226000
201506082573633,GBIME,19,13,100,453,45300
201506082573632,GBIME,29,13,300,455,136500
201506082573631,GBIME,1,13,100,456,45600
201506082573552,GBIME,1,44,100,456,45600
201506082573624,HAMA,39,17,90,158,14220
201506082573623,HAMA,39,17,90,158,14220
201506082573622,HAMA,39,17,90,158,14220
201506082573514,HAMA,20,39,40,155,6200
201506082573512,HAMA,20,39,40,155,6200
201506082573509,HAMA,20,39,40,155,6200
201506082573497,HAMA,20,17,90,155,13950
201506082573493,HAMA,20,17,90,155,13950
201506082573732,HBL,36,43,15,844,12660
201506082573340,HBL,28,36,194,828,160632
201506082573753,IDBL,45,32,200,174,34800
201506082573398,IDBL,16,16,165,171,28215
201506082573391,IDBL,32,16,99,171,16929
201506082573374,IDBL,43,16,99,173,17127
201506082573791,ILFC,29,49,1000,158,158000
201506082573723,ILFC,57,36,358,159,56922
201506082573683,ILFC,50,49,335,160,53600
201506082573645,ILFC,22,59,370,162,59940
201506082573644,ILFC,43,59,100,164,16400
201506082573615,ILFC,43,49,100,164,16400
201506082573477,ILFC,14,49,1000,162,162000
201506082573387,ILFC,14,59,1000,165,165000
201506082573364,ILFC,14,58,400,164,65600
201506082573475,INDBL,22,49,200,216,43200
201506082573679,JBBL,36,39,180,167,30060
201506082573614,JBBL,36,32,10,165,1650
201506082573613,JBBL,36,25,65,165,10725
201506082573559,JBBL,36,19,100,164,16400
201506082573778,JBNL,48,43,84,284,23856
201506082573747,JBNL,1,32,117,285,33345
201506082573727,JBNL,4,32,209,285,59565
201506082573709,JBNL,14,19,459,286,131274
201506082573678,JBNL,1,52,30,285,8550
201506082573627,JBNL,47,50,69,286,19734
201506082573352,JBNL,4,19,17,285,4845
201506082573339,JBNL,4,19,117,284,33228
201506082573574,JBNL,16,6,1000,286,286000
201506082573410,JBNL,4,17,33,289,9537
201506082573400,JBNL,4,50,489,288,140832
201506082573381,JBNL,4,6,279,287,80073
201506082573372,JBNL,4,32,95,286,27170
201506082573363,JBNL,36,36,16,285,4560
201506082573798,JFL,55,55,20,398,7960
201506082573794,JFL,55,43,100,391,39100
201506082573789,JFL,55,14,71,390,27690
201506082573456,JFL,52,47,100,385,38500
201506082573453,JFL,55,55,20,385,7700
201506082573446,JFL,14,55,10,378,3780
201506082573580,KAFIL,13,32,23,231,5313
201506082573765,KBL,13,13,180,388,69840
201506082573724,KBL,43,46,100,390,39000
201506082573695,KBL,43,35,200,390,78000
201506082573658,KBL,21,53,436,390,170040
201506082573649,KBL,36,13,500,385,192500
201506082573643,KBL,16,16,263,386,101518
201506082573408,KBL,47,46,303,390,118170
201506082573393,KBL,45,45,10,392,3920
201506082573357,KBL,36,5,68,385,26180
201506082573606,KBL,13,1,36,391,14076
201506082573546,KBL,39,46,300,390,117000
201506082573543,KBL,20,46,100,390,39000
201506082573511,KBL,20,13,200,390,78000
201506082573486,KBL,21,35,1000,386,386000
201506082573431,KBL,49,49,147,387,56889
201506082573806,KCDBL,17,19,58,210,12180
201506082573361,KCDBL,48,19,271,208,56368
201506082573360,KCDBL,48,17,70,207,14490
201506082573817,KDBL,28,17,500,148,74000
201506082573659,KDBL,28,5,28,148,4144
201506082573812,LBL,8,16,442,433,191386
201506082573811,LBL,47,16,90,434,39060
201506082573807,LBL,22,16,150,435,65250
201506082573768,LBL,14,28,1445,429,619905
201506082573442,LBL,22,11,258,437,112746
201506082573506,LICN,26,1,14,2355,32970
201506082573501,LICN,26,28,45,2350,105750
201506082573743,LUBL,56,32,1000,354,354000
201506082573733,LUBL,56,41,36,352,12672
201506082573726,LUBL,48,32,610,353,215330
201506082573710,LUBL,25,32,1000,350,350000
201506082573674,LUBL,13,57,13,355,4615
201506082573636,LUBL,29,32,500,350,175000
201506082573409,LUBL,40,26,350,351,122850
201506082573399,LUBL,53,32,1000,350,350000
201506082573375,LUBL,40,26,348,355,123540
201506082573338,LUBL,40,32,350,355,124250
201506082573331,LUBL,40,48,42,355,14910
201506082573621,LUBL,53,32,1000,350,350000
201506082573577,LUBL,50,32,806,350,282100
201506082573567,LUBL,16,32,500,356,178000
201506082573541,LUBL,34,56,500,355,177500
201506082573460,LUBL,25,26,365,355,129575
201506082573459,LUBL,25,32,120,354,42480
201506082573620,MBBL,6,39,96,206,19776
201506082573463,MBBL,39,55,143,202,28886
201506082573825,MBL,26,32,81,570,46170
201506082573822,MBL,51,8,110,572,62920
201506082573815,MBL,47,16,99,572,56628
201506082573802,MBL,51,32,113,572,64636
201506082573725,MBL,4,4,500,570,285000
201506082573693,MBL,53,32,110,572,62920
201506082573405,MBL,53,42,500,570,285000
201506082573397,MBL,53,16,269,569,153061
201506082573389,MBL,53,50,113,570,64410
201506082573379,MBL,53,36,188,569,106972
201506082573376,MBL,53,47,85,569,48365
201506082573595,MBL,26,7,100,577,57700
201506082573560,MBL,14,34,1225,575,704375
201506082573452,MBL,14,38,500,575,287500
201506082573451,MBL,14,29,500,575,287500
201506082573440,MBL,50,29,1113,570,634410
201506082573439,MBL,50,29,1000,570,570000
201506082573596,MDB,41,43,49,493,24157
201506082573499,MDB,41,17,28,484,13552
201506082573483,MDB,38,17,28,475,13300
201506082573779,METRO,35,32,1483,325,481975
201506082573741,MNBBL,48,43,480,557,267360
201506082573737,MNBBL,20,21,135,565,76275
201506082573731,MNBBL,38,43,90,559,50310
201506082573508,MNBBL,51,51,105,560,58800
201506082573611,MTBL,35,22,463,330,152790
201506082573480,MTBL,39,21,388,325,126100
201506082573335,MTBL,39,57,97,331,32107
201506082573801,NABIL,45,45,42,1920,80640
201506082573481,NABIL,41,41,27,1935,52245
201506082573685,NABILP,28,3,120,1315,157800
201506082573684,NABILP,6,3,80,1320,105600
201506082573828,NBB,50,25,1000,505,505000
201506082573788,NBB,42,8,200,506,101200
201506082573705,NBB,55,38,200,510,102000
201506082573704,NBB,10,38,600,510,306000
201506082573703,NBB,40,38,500,512,256000
201506082573702,NBB,40,36,101,515,52015
201506082573484,NBB,57,13,200,517,103400
201506082573368,NBB,14,17,500,518,259000
201506082573692,NBB,40,59,95,514,48830
201506082573687,NBB,55,55,15,517,7755
201506082573681,NBB,55,55,15,517,7755
201506082573673,NBB,55,55,13,517,6721
201506082573553,NBB,34,36,100,515,51500
201506082573498,NBB,14,32,415,515,213725
201506082573769,NBF1,16,16,4575,13,59978
201506082573500,NBF1,22,21,5845,13,77154
201506082573495,NBF1,26,21,9890,13,129065
201506082573419,NBF1,26,50,2997,13,38961
201506082573418,NBF1,26,50,2997,13,38961
201506082573412,NBF1,16,16,218621,13,2820211
201506082573371,NBF1,6,6,300,13,3894
201506082573810,NBL,25,54,500,295,147500
201506082573760,NBL,16,49,1000,295,295000
201506082573759,NBL,45,49,500,295,147500
201506082573758,NBL,25,49,500,296,148000
201506082573757,NBL,25,49,500,296,148000
201506082573756,NBL,13,49,500,296,148000
201506082573347,NBL,45,33,500,305,152500
201506082573466,NBL,32,33,500,301,150500
201506082573458,NBL,38,38,1000,301,301000
201506082573414,NBL,20,45,10,307,3070
201506082573384,NBL,29,29,500,302,151000
201506082573373,NBL,38,33,500,305,152500
201506082573355,NBL,32,35,2000,302,604000
201506082573527,NBL,57,33,400,300,120000
201506082573526,NBL,11,33,500,300,150000
201506082573515,NBL,35,33,2000,301,602000
201506082573513,NBL,32,33,200,303,60600
201506082573492,NBL,20,33,10,307,3070
201506082573476,NBL,17,33,500,301,150500
201506082573572,NBL,29,56,500,300,150000
201506082573571,NBL,59,56,1000,300,300000
201506082573570,NBL,57,56,300,300,90000
201506082573548,NBL,34,45,1000,302,302000
201506082573529,NBL,57,57,1703,302,514306
201506082573528,NBL,32,33,1000,300,300000
201506082573721,NBL,29,56,500,300,150000
201506082573691,NBL,29,33,500,300,150000
201506082573592,NBL,16,16,483,299,144417
201506082573591,NBL,16,33,2103,297,624591
201506082573589,NBL,45,49,300,300,90000
201506082573576,NBL,43,16,300,304,91200
201506082573752,NCCB,14,26,95,593,56335
201506082573564,NCCB,5,56,300,595,178500
201506082573505,NCCB,26,26,105,600,63000
201506082573823,NEFL,41,6,10,252,2520
201506082573763,NEFL,21,6,10,248,2480
201506082573749,NEFL,41,6,10,244,2440
201506082573719,NEFL,14,6,10,240,2400
201506082573776,NHPC,5,55,200,124,24800
201506082573666,NHPC,21,5,1000,122,122000
201506082573665,NHPC,21,7,1000,121,121000
201506082573664,NHPC,21,17,1000,121,121000
201506082573661,NHPC,14,6,500,120,60000
201506082573654,NHPC,43,6,1000,120,120000
201506082573626,NHPC,39,7,1000,121,121000
201506082573542,NHPC,26,7,500,121,60500
201506082573525,NHPC,17,6,1000,121,121000
201506082573517,NHPC,32,54,2000,121,242000
201506082573510,NHPC,13,7,500,122,61000
201506082573424,NHPC,43,21,1000,122,122000
201506082573790,NIBPO,53,54,1000,507,507000
201506082573746,NIBPO,42,49,1000,510,510000
201506082573745,NIBPO,53,49,400,511,204400
201506082573540,NIBPO,59,59,500,520,260000
201506082573447,NIBPO,45,49,500,520,260000
201506082573354,NIBPO,59,14,200,525,105000
201506082573818,NICA,14,42,25,644,16100
201506082573813,NICA,57,42,69,645,44505
201506082573800,NICA,29,5,30,645,19350
201506082573799,NICA,49,5,60,645,38700
201506082573796,NICA,34,5,400,640,256000
201506082573795,NICA,41,5,30,648,19440
201506082573748,NICA,11,5,1000,642,642000
201506082573530,NICA,49,49,348,649,225852
201506082573427,NICA,41,5,450,648,291600
201506082573415,NICA,38,44,290,649,188210
201506082573792,NICA,17,5,100,645,64500
201506082573781,NICA,43,5,100,645,64500
201506082573780,NICA,38,5,400,641,256400
201506082573773,NICA,49,44,310,645,199950
201506082573772,NICA,49,44,120,645,77400
201506082573750,NICA,17,5,200,645,129000
201506082573820,NLG,19,6,156,561,87516
201506082573777,NLG,56,6,23,561,12903
201506082573762,NLG,56,21,12,567,6804
201506082573722,NLG,26,21,12,578,6936
201506082573696,NLG,26,25,10,588,5880
201506082573775,NLIC,58,44,100,2828,282800
201506082573711,NLIC,16,16,117,2815,329355
201506082573690,NLIC,16,16,481,2815,1354015
201506082573640,NLIC,16,59,200,2815,563000
201506082573639,NLIC,49,59,40,2815,112600
201506082573638,NLIC,28,59,10,2830,28300
201506082573356,NLIC,5,17,100,2825,282500
201506082573582,NLIC,16,28,172,2830,486760
201506082573522,NLIC,45,17,100,2835,283500
201506082573454,NLIC,5,16,100,2835,283500
201506082573422,NLIC,17,17,200,2815,563000
201506082573386,NLIC,6,6,100,2815,281500
201506082573358,NLIC,43,17,100,2823,282300
201506082573830,NLICL,11,36,100,1811,181100
201506082573829,NLICL,50,36,100,1815,181500
201506082573699,NLICL,50,17,200,1815,363000
201506082573604,NLICL,48,17,200,1815,363000
201506082573603,NLICL,7,17,100,1815,181500
201506082573587,NLICL,21,49,100,1822,182200
201506082573450,NLICL,50,25,284,1820,516880
201506082573449,NLICL,50,17,500,1815,907500
201506082573337,NLICL,8,44,500,1814,907000
201506082573334,NLICL,34,3,71,1820,129220
201506082573348,NNLB,26,1,10,915,9150
201506082573344,NNLB,26,1,10,915,9150
201506082573333,NNLB,26,1,10,915,9150
201506082573609,NUBL,40,17,291,1219,354729
201506082573651,OFL,35,32,100,312,31200
201506082573637,OFL,35,25,95,312,29640
201506082573362,OHL,44,44,2470,636,1570920
201506082573805,PCBL,32,42,64,453,28992
201506082573734,PCBL,56,49,1000,455,455000
201506082573652,PCBL,20,25,500,452,226000
201506082573629,PCBL,49,49,300,454,136200
201506082573628,PCBL,40,49,200,454,90800
201506082573462,PCBL,50,3,1636,455,744380
201506082573461,PCBL,57,32,361,457,164977
201506082573343,PCBL,40,20,1000,454,454000
201506082573826,PLIC,56,17,100,1090,109000
201506082573740,PLIC,13,25,67,1093,73231
201506082573700,PRIN,43,52,208,366,76128
201506082573735,PRVU,11,59,45,342,15390
201506082573667,PRVU,11,36,60,342,20520
201506082573655,PRVU,17,41,121,344,41624
201506082573565,PRVU,57,49,569,345,196305
201506082573474,PRVU,38,8,1000,348,348000
201506082573430,PRVU,38,8,364,349,127036
201506082573429,PRVU,38,8,1000,346,346000
201506082573417,PRVU,11,56,33,348,11484
201506082573426,REDBL,50,53,55,212,11660
201506082573755,RHPC,28,3,11,433,4763
201506082573827,RMDC,21,17,18,653,11754
201506082573824,RMDC,21,48,33,653,21549
201506082573804,RMDC,33,20,1000,650,650000
201506082573650,RMDC,11,7,148,652,96496
201506082573563,SADBL,17,7,211,336,70896
201506082573551,SADBL,45,7,200,335,67000
201506082573739,SANIMA,33,45,398,562,223676
201506082573730,SANIMA,49,57,644,561,361284
201506082573713,SANIMA,49,57,500,563,281500
201506082573708,SANIMA,49,57,500,563,281500
201506082573601,SANIMA,36,35,1000,562,562000
201506082573581,SANIMA,34,34,500,563,281500
201506082573380,SANIMA,14,17,473,562,265826
201506082573378,SANIMA,58,17,491,562,275942
201506082573353,SANIMA,49,35,1000,563,563000
201506082573346,SANIMA,34,32,110,564,62040
201506082573336,SANIMA,14,35,2000,562,1124000
201506082573332,SANIMA,53,34,500,562,281000
201506082573566,SANIMA,10,21,326,562,183212
201506082573494,SANIMA,48,17,75,567,42525
201506082573488,SANIMA,33,35,1000,564,564000
201506082573479,SANIMA,57,48,536,566,303376
201506082573425,SANIMA,47,32,580,564,327120
201506082573388,SANIMA,57,6,500,563,281500
201506082573782,SBBLJ,17,45,430,404,173720
201506082573774,SBBLJ,45,45,20,404,8080
201506082573672,SBBLJ,45,45,10,403,4030
201506082573669,SBBLJ,56,45,10,396,3960
201506082573554,SBBLJ,45,45,10,389,3890
201506082573485,SBBLJ,45,45,10,382,3820
201506082573465,SBBLJ,50,45,10,375,3750
201506082573668,SBI,5,11,225,914,205650
201506082573630,SBI,19,50,100,910,91000
201506082573403,SBI,22,36,11,907,9977
201506082573394,SBI,22,11,113,906,102378
201506082573382,SBI,35,35,690,901,621690
201506082573369,SBI,57,1,580,901,522580
201506082573349,SBI,43,43,413,900,371700
201506082573706,SBL,50,5,329,679,223391
201506082573660,SBL,45,20,82,682,55924
201506082573579,SBL,5,43,200,685,137000
201506082573767,SCB,58,3,10,1925,19250
201506082573754,SCB,52,3,100,1920,192000
201506082573744,SCB,38,36,20,1920,38400
201506082573738,SCB,21,1,35,1920,67200
201506082573489,SCB,41,3,20,1950,39000
201506082573814,SDBL,13,36,500,197,98500
201506082573588,SDBL,29,32,50,194,9700
201506082573584,SETI,17,32,33,200,6600
201506082573720,SEWA,40,50,18,288,5184
201506082573616,SEWA,29,38,85,293,24905
201506082573555,SEWA,32,38,86,288,24768
201506082573717,SHL,46,21,500,416,208000
201506082573605,SHL,21,21,400,416,166400
201506082573594,SHPC,10,56,18,737,13266
201506082573586,SHPC,10,56,18,725,13050
201506082573547,SHPC,10,43,16,711,11376
201506082573539,SHPC,39,28,18,703,12654
201506082573538,SHPC,39,28,18,703,12654
201506082573537,SHPC,39,28,18,703,12654
201506082573519,SHPC,39,7,18,702,12636
201506082573536,SHPC,39,28,18,703,12654
201506082573535,SHPC,39,28,18,703,12654
201506082573534,SHPC,39,28,18,703,12654
201506082573521,SHPC,39,28,18,702,12636
201506082573520,SHPC,39,28,18,702,12636
201506082573383,SIFC,40,55,100,400,40000
201506082573496,SIGS1,35,26,10000,15,150000
201506082573641,SKBBL,48,6,12,1289,15468
201506082573712,SMFDB,21,45,10,1585,15850
201506082573647,SUBBL,13,26,19,282,5358
201506082573593,SUPRME,59,58,816,163,133008
201506082573330,SUPRME,57,35,2000,162,324000
201506082573689,SWBBL,5,48,138,1596,220248
201506082573688,SWBBL,5,29,10,1596,15960
201506082573680,SWBBL,5,7,84,1595,133980
201506082573676,SYFL,47,59,1000,98,98000
201506082573675,SYFL,21,26,500,99,49500
201506082573590,UFCL,19,20,147,93,13671
201506082573470,UFCL,32,32,125,92,11500
201506082573444,UFCL,19,32,296,93,27528
201506082573385,UFIL,39,5,200,146,29200
201506082573797,UNL,59,13,10,18660,186600
201506082573165,AHPC,45,25,46,335,15410
201506082573127,AHPC,22,1,1000,330,330000
201506082573227,ALDBL,32,25,100,333,33300
201506082573186,ALDBL,32,25,200,331,66200
201506082573048,ALDBL,58,25,30,326,9780
201506082573047,ALDBL,58,6,10,326,3260
201506082572833,ALDBL,45,6,23,320,7360
201506082573297,ALICL,53,6,10,979,9790
201506082573205,ALICL,44,7,500,960,480000
201506082573155,ALICL,44,54,225,965,217125
201506082572970,ALICL,50,7,87,965,83955
201506082572933,ALICL,44,28,100,962,96200
201506082572918,ALICL,44,28,500,960,480000
201506082572997,APEX,35,32,22,127,2794
201506082572932,APEX,40,39,83,125,10375
201506082572901,APEX,8,20,204,123,25092
201506082572999,BUDBL,14,36,20,206,4120
201506082572905,BUDBL,32,46,96,204,19584
201506082573281,CBL,49,58,35,287,10045
201506082573280,CBL,49,57,500,287,143500
201506082573274,CBL,54,53,200,285,57000
201506082573262,CBL,44,53,500,285,142500
201506082573261,CBL,44,53,100,286,28600
201506082573254,CBL,44,17,500,286,143000
201506082572913,CBL,42,50,303,283,85749
201506082572911,CBL,39,53,100,285,28500
201506082572883,CBL,39,38,241,285,68685
201506082572875,CBL,47,35,1000,283,283000
201506082572836,CBL,34,34,500,285,142500
201506082572830,CBL,34,53,500,285,142500
201506082573134,CBL,44,16,370,285,105450
201506082573133,CBL,44,16,130,285,37050
201506082573132,CBL,44,17,500,285,142500
201506082573130,CBL,44,28,1098,284,311832
201506082573065,CBL,26,50,294,283,83202
201506082572943,CBL,6,42,115,283,32545
201506082573247,CBL,16,16,370,285,105450
201506082573245,CBL,44,43,35,286,10010
201506082573244,CBL,44,43,35,286,10010
201506082573241,CBL,44,43,35,286,10010
201506082573198,CBL,10,43,35,286,10010
201506082573197,CBL,10,10,200,286,57200
201506082573327,CCBL,59,45,399,322,128478
201506082573302,CCBL,50,43,1000,320,320000
201506082573271,CCBL,48,1,31,321,9951
201506082573270,CCBL,48,39,40,321,12840
201506082573201,CCBL,59,47,1000,320,320000
201506082573200,CCBL,59,43,1000,319,319000
201506082572967,CCBL,50,49,500,318,159000
201506082572963,CCBL,50,17,500,317,158500
201506082572873,CCBL,58,22,306,318,97308
201506082572865,CCBL,41,47,200,318,63600
201506082572861,CCBL,21,26,306,316,96696
201506082572831,CCBL,50,32,500,318,159000
201506082573078,CCBL,50,43,1000,318,318000
201506082573057,CCBL,4,50,487,319,155353
201506082573045,CCBL,4,43,1000,317,317000
201506082573022,CCBL,4,43,1000,315,315000
201506082573021,CCBL,38,43,1000,315,315000
201506082573001,CCBL,45,43,1000,315,315000
201506082573160,CCBL,17,47,500,320,160000
201506082573158,CCBL,4,43,1000,319,319000
201506082573135,CCBL,17,38,100,319,31900
201506082573121,CCBL,50,43,1000,318,318000
201506082573094,CCBL,50,21,40,318,12720
201506082573079,CCBL,50,49,500,318,159000
201506082573027,CDBL,21,47,179,325,58175
201506082573299,CFCL,21,41,100,182,18200
201506082573329,CHCL,4,33,200,1559,311800
201506082573139,CHCL,36,38,283,1560,441480
201506082573107,CHCL,50,5,155,1560,241800
201506082573035,CHCL,6,21,178,1559,277502
201506082572942,CHCL,36,33,146,1559,227614
201506082572926,CHCL,16,16,100,1557,155700
201506082572879,CHCL,45,6,100,1560,156000
201506082572862,CHCL,50,6,50,1560,78000
201506082572835,CHCL,33,33,3000,1550,4650000
201506082573143,CZBIL,14,57,20,470,9400
201506082573106,CZBIL,33,48,100,471,47100
201506082573091,CZBIL,13,57,480,470,225600
201506082573070,CZBIL,13,57,65,470,30550
201506082573033,CZBIL,14,5,24,469,11256
201506082572996,CZBIL,33,49,200,469,93800
201506082572965,CZBIL,11,48,200,469,93800
201506082572863,CZBIL,45,19,143,468,66924
201506082572856,CZBIL,20,49,50,465,23250
201506082572855,CZBIL,45,49,150,466,69900
201506082572898,DDBL,51,37,100,1170,117000
201506082572897,DDBL,51,7,100,1168,116800
201506082573140,EBL,38,38,49,2069,101381
201506082573128,EBL,38,1,64,2065,132160
201506082573126,EBL,41,1,37,2060,76220
201506082573125,EBL,48,3,100,2065,206500
201506082573117,EBL,48,19,38,2065,78470
201506082572871,EBL,50,20,200,2050,410000
201506082573003,EBL,13,13,150,2060,309000
201506082573002,EBL,13,32,119,2059,245021
201506082572916,EBL,59,3,100,2045,204500
201506082572895,EBL,49,49,1000,2029,2029000
201506082573309,EBLCP,26,11,600,971,582600
201506082573085,EKBL,58,26,33,288,9504
201506082573032,FMDBL,45,29,300,600,180000
201506082572961,GBIME,11,29,500,459,229500
201506082572899,HAMA,29,45,200,157,31400
201506082572906,HBL,21,22,76,812,61712
201506082573159,HBL,48,25,984,815,801960
201506082573195,HBL,39,6,100,822,82200
201506082573141,ILFC,4,4,54,167,9018
201506082573084,ILFC,4,11,576,164,94464
201506082573037,ILFC,4,3,200,165,33000
201506082573036,ILFC,4,11,620,163,101060
201506082572914,ILFC,22,11,630,162,102060
201506082572882,ILFC,32,26,100,163,16300
201506082572954,JBBL,52,52,96,162,15552
201506082573323,JBNL,26,36,459,284,130356
201506082573319,JBNL,36,36,500,284,142000
201506082573304,JBNL,36,36,248,283,70184
201506082573303,JBNL,4,50,968,285,275880
201506082573278,JBNL,44,36,1854,283,524682
201506082573263,JBNL,43,36,282,286,80652
201506082572842,JBNL,48,36,500,276,138000
201506082573060,JBNL,48,35,2872,275,789800
201506082573028,JBNL,48,36,500,278,139000
201506082572990,JBNL,6,26,163,277,45151
201506082572987,JBNL,6,40,34,276,9384
201506082572984,JBNL,22,32,118,275,32450
201506082572843,JBNL,48,48,240,277,66480
201506082573104,JBNL,44,36,1000,280,280000
201506082573103,JBNL,44,48,100,280,28000
201506082573101,JBNL,44,43,191,280,53480
201506082573100,JBNL,44,6,172,280,48160
201506082573095,JBNL,48,6,136,280,38080
201506082573080,JBNL,48,29,396,280,110880
201506082573124,JBNL,29,47,38,282,10716
201506082573123,JBNL,29,42,417,282,117594
201506082573122,JBNL,29,42,282,282,79524
201506082573116,JBNL,44,42,349,282,98418
201506082573114,JBNL,44,42,306,282,86292
201506082573108,JBNL,44,29,1648,280,461440
201506082573251,JBNL,10,36,1209,283,342147
201506082573149,JBNL,36,36,824,282,232368
201506082573147,JBNL,44,36,500,285,142500
201506082573146,JBNL,44,39,151,285,43035
201506082573144,JBNL,44,39,238,285,67830
201506082573136,JBNL,44,50,157,284,44588
201506082573314,JEFL,28,41,400,133,53200
201506082573300,JFL,20,47,1002,371,371742
201506082573264,JFL,39,47,120,375,45000
201506082573296,KAFIL,32,32,200,235,47000
201506082573089,KAFIL,29,1,171,234,40014
201506082573076,KAFIL,29,32,77,233,17941
201506082572929,KAFIL,1,1,57,230,13110
201506082572968,KBBL,49,14,26,370,9620
201506082573325,KBL,10,17,687,385,264495
201506082573231,KBL,10,21,500,385,192500
201506082573204,KBL,4,10,200,385,77000
201506082573185,KBL,43,39,100,387,38700
201506082573154,KBL,38,46,500,383,191500
201506082573129,KBL,26,26,50,385,19250
201506082572919,KBL,20,46,250,380,95000
201506082572851,KBL,17,36,200,383,76600
201506082573105,KBL,38,8,660,380,250800
201506082573087,KBL,10,40,1353,378,511434
201506082573061,KBL,32,1,151,379,57229
201506082573042,KBL,53,26,250,384,96000
201506082572921,KBL,50,46,300,380,114000
201506082572920,KBL,20,46,250,380,95000
201506082573228,KDBL,47,39,195,148,28860
201506082573222,KDBL,47,32,43,148,6364
201506082572900,KMCDB,33,36,184,1060,195040
201506082572878,KMCDB,45,40,10,1040,10400
201506082572877,KMCDB,45,6,10,1040,10400
201506082572876,KMCDB,45,50,10,1025,10250
201506082573166,LBL,14,6,138,436,60168
201506082573142,LBL,8,28,1000,435,435000
201506082572977,LBL,17,17,53,434,23002
201506082573255,LFLC,39,5,100,205,20500
201506082572854,LICN,41,32,50,2365,118250
201506082573268,LLBS,56,43,10,851,8510
201506082573267,LLBS,56,51,10,850,8500
201506082573266,LLBS,56,51,10,850,8500
201506082573265,LLBS,56,38,60,850,51000
201506082573328,LUBL,40,52,187,355,66385
201506082573324,LUBL,50,17,499,354,176646
201506082573318,LUBL,50,32,1000,353,353000
201506082573294,LUBL,40,6,49,351,17199
201506082573248,LUBL,14,32,500,354,177000
201506082573240,LUBL,14,48,115,354,40710
201506082572912,LUBL,58,32,500,345,172500
201506082572888,LUBL,40,32,500,349,174500
201506082572847,LUBL,40,11,423,350,148050
201506082573176,LUBL,47,8,220,351,77220
201506082573086,LUBL,14,47,115,350,40250
201506082572931,LUBL,22,32,450,348,156600
201506082572930,LUBL,50,32,20,350,7000
201506082572924,LUBL,32,32,500,344,172000
201506082572923,LUBL,38,32,500,344,172000
201506082573239,LUBL,14,47,51,354,18054
201506082573238,LUBL,14,21,38,353,13414
201506082573237,LUBL,14,6,93,353,32829
201506082573236,LUBL,49,32,500,351,175500
201506082573209,LUBL,40,32,1000,352,352000
201506082573202,LUBL,40,21,151,352,53152
201506082573307,MBL,59,5,50,569,28450
201506082573288,MBL,59,16,96,569,54624
201506082573283,MBL,59,52,92,568,52256
201506082573282,MBL,59,16,90,567,51030
201506082573120,MBL,34,1,100,566,56600
201506082572934,MBL,57,34,500,566,283000
201506082572903,MBL,50,56,1000,565,565000
201506082572894,MBL,50,17,97,565,54805
201506082572891,MBL,50,17,147,565,83055
201506082572890,MBL,50,16,100,563,56300
201506082572889,MBL,50,16,100,563,56300
201506082573215,MDBL,26,1,100,230,23000
201506082573066,MDBL,43,1,20,226,4520
201506082573316,METRO,14,50,1000,326,326000
201506082573308,METRO,17,42,111,326,36186
201506082573306,METRO,17,25,41,326,13366
201506082573170,MNBBL,7,48,10,562,5620
201506082572887,MNBBL,25,48,10,551,5510
201506082573151,NABIL,32,56,100,1940,194000
201506082572880,NABILP,53,4,100,1335,133500
201506082573096,NABILP,53,49,200,1330,266000
201506082572881,NABILP,53,32,100,1335,133500
201506082573298,NBB,49,53,500,515,257500
201506082573253,NBB,41,53,500,515,257500
201506082573252,NBB,45,53,500,516,258000
201506082573175,NBB,45,36,100,520,52000
201506082573174,NBB,45,5,500,520,260000
201506082573173,NBB,45,36,100,520,52000
201506082572870,NBB,39,39,150,499,74850
201506082572859,NBB,40,32,27,500,13500
201506082572946,NBB,48,48,30,501,15030
201506082572941,NBB,48,25,61,501,30561
201506082572935,NBB,40,17,100,500,50000
201506082572886,NBB,5,32,27,500,13500
201506082572885,NBB,5,17,100,500,50000
201506082572884,NBB,5,1,150,500,75000
201506082573007,NBB,10,42,125,505,63125
201506082573006,NBB,10,49,317,505,160085
201506082572960,NBB,45,35,1000,500,500000
201506082572958,NBB,5,14,100,500,50000
201506082572952,NBB,40,14,100,500,50000
201506082572947,NBB,48,42,100,502,50200
201506082573044,NBB,50,49,1375,505,694375
201506082573043,NBB,50,35,500,505,252500
201506082573016,NBB,10,29,112,504,56448
201506082573015,NBB,10,35,1000,503,503000
201506082573009,NBB,10,17,12,508,6096
201506082573008,NBB,10,55,200,508,101600
201506082573062,NBB,48,36,100,514,51400
201506082573056,NBB,10,50,400,510,204000
201506082573055,NBB,10,17,100,510,51000
201506082573054,NBB,10,42,240,510,122400
201506082573053,NBB,10,50,50,510,25500
201506082573052,NBB,10,14,300,510,153000
201506082573287,NBF1,26,21,5094,13,66731
201506082573315,NBL,20,33,70,307,21490
201506082573312,NBL,56,33,200,301,60200
201506082573260,NBL,20,43,200,307,61400
201506082573259,NBL,20,48,10,304,3040
201506082573235,NBL,8,33,500,303,151500
201506082573229,NBL,8,42,1000,301,301000
201506082573019,NBL,13,33,500,299,149500
201506082572945,NBL,19,33,500,295,147500
201506082572944,NBL,37,33,200,295,59000
201506082572844,NBL,5,33,500,296,148000
201506082572839,NBL,17,10,200,295,59000
201506082573192,NBL,44,16,500,299,149500
201506082573191,NBL,57,50,153,300,45900
201506082573190,NBL,57,38,200,300,60000
201506082573189,NBL,57,35,2000,300,600000
201506082573164,NBL,44,33,500,299,149500
201506082573148,NBL,33,33,5000,294,1470000
201506082573225,NBL,5,34,1000,300,300000
201506082573224,NBL,5,43,200,300,60000
201506082573213,NBL,57,55,27,300,8100
201506082573212,NBL,57,39,300,300,90000
201506082573211,NBL,57,33,500,299,149500
201506082573193,NBL,56,16,500,299,149500
201506082573279,NCCB,41,17,100,604,60400
201506082573112,NCCB,33,17,90,595,53550
201506082573111,NCCB,33,10,1000,594,594000
201506082573102,NCCB,33,6,120,592,71040
201506082573097,NCCB,33,19,27,591,15957
201506082573093,NCCB,33,43,500,590,295000
201506082573083,NCCB,33,8,1101,590,649590
201506082572989,NCCB,33,19,540,585,315900
201506082572845,NCCB,49,40,270,580,156600
201506082573286,NHPC,17,17,500,121,60500
201506082573034,NHPC,6,54,1000,121,121000
201506082573012,NHPC,32,40,1000,120,120000
201506082572892,NHPC,55,6,1000,120,120000
201506082572848,NHPC,55,54,1000,120,120000
201506082573203,NIB,46,46,500,725,362500
201506082573199,NIB,46,17,120,723,86760
201506082573194,NIB,46,22,66,722,47652
201506082573177,NIB,44,20,523,720,376560
201506082573171,NIB,1,35,581,719,417739
201506082573077,NIB,44,36,618,718,443724
201506082573031,NIB,44,1,43,718,30874
201506082573321,NIBPO,53,49,500,522,261000
201506082573320,NIBPO,53,32,500,520,260000
201506082573182,NIBPO,40,32,300,517,155100
201506082573181,NIBPO,40,49,500,517,258500
201506082573113,NIBPO,53,49,260,515,133900
201506082572979,NIBPO,40,52,100,517,51700
201506082572973,NIBPO,40,50,350,510,178500
201506082572853,NIBPO,53,32,500,508,254000
201506082573169,NICA,45,21,228,654,149112
201506082573168,NICA,45,1,120,650,78000
201506082573156,NICA,29,50,158,645,101910
201506082573138,NICA,38,53,500,642,321000
201506082573137,NICA,25,53,50,645,32250
201506082573109,NICA,5,21,10,654,6540
201506082572976,NICA,25,53,500,643,321500
201506082572975,NICA,29,53,200,643,128600
201506082572969,NICA,34,34,95,651,61845
201506082572959,NICA,34,49,498,650,323700
201506082573218,NLG,26,21,10,599,5990
201506082573161,NLG,26,53,10,611,6110
201506082573275,NLIC,16,17,100,2835,283500
201506082573269,NLIC,33,44,200,2830,566000
201506082573163,NLIC,49,16,119,2835,337365
201506082573153,NLIC,58,28,214,2840,607760
201506082572985,NLIC,42,44,100,2849,284900
201506082572849,NLIC,45,16,200,2815,563000
201506082572841,NLIC,33,44,200,2825,565000
201506082572838,NLIC,25,16,150,2820,423000
201506082573326,NNLB,26,1,10,915,9150
201506082573322,NNLB,26,1,10,915,9150
201506082573180,NUBL,40,29,163,1196,194948
201506082573277,OHL,42,44,20,648,12960
201506082572893,OHL,59,32,50,674,33700
201506082573013,OHL,44,44,10,661,6610
201506082573075,PCBL,50,49,1000,451,451000
201506082573074,PCBL,50,49,1000,451,451000
201506082573072,PCBL,50,49,1000,451,451000
201506082572998,PCBL,40,54,100,453,45300
201506082572966,PCBL,5,47,10,455,4550
201506082572962,PCBL,5,58,23,455,10465
201506082572928,PCBL,26,19,230,447,102810
201506082572927,PCBL,26,17,325,447,145275
201506082572902,PCBL,48,3,1000,446,446000
201506082572874,PCBL,14,14,28,444,12432
201506082572850,PCBL,45,7,25,445,11125
201506082572957,PCBL,50,32,171,451,77121
201506082572956,PCBL,50,17,500,450,225000
201506082572955,PCBL,50,7,40,449,17960
201506082572953,PCBL,50,3,500,449,224500
201506082572937,PCBL,48,7,19,448,8512
201506082572936,PCBL,48,26,200,448,89600
201506082573068,PLIC,5,29,300,1115,334500
201506082573018,PLIC,41,41,13,1100,14300
201506082572994,PLIC,50,6,54,1110,59940
201506082573273,PRIN,45,47,55,370,20350
201506082573310,PRVU,40,47,1500,344,516000
201506082573284,PRVU,17,26,11,343,3773
201506082573258,PRVU,59,52,100,343,34300
201506082573257,PRVU,59,52,300,343,102900
201506082573256,PRVU,59,55,836,342,285912
201506082572909,PRVU,43,20,380,338,128440
201506082572869,PRVU,50,49,1000,336,336000
201506082572868,PRVU,50,49,1000,336,336000
201506082572867,PRVU,50,49,1000,336,336000
201506082572866,PRVU,50,49,1000,336,336000
201506082572964,PRVU,28,14,486,339,164754
201506082572951,PRVU,11,42,11,339,3729
201506082572950,PRVU,19,17,44,339,14916
201506082572925,PRVU,28,51,148,339,50172
201506082572917,PRVU,28,14,342,339,115938
201506082572915,PRVU,11,14,500,339,169500
201506082573039,PRVU,28,14,500,339,169500
201506082573038,PRVU,21,42,33,339,11187
201506082573030,PRVU,5,42,33,340,11220
201506082573029,PRVU,5,7,100,340,34000
201506082573010,PRVU,6,20,778,339,263742
201506082573150,PRVU,17,42,33,340,11220
201506082573119,PRVU,57,50,1000,340,340000
201506082573118,PRVU,57,49,1000,340,340000
201506082573092,PRVU,57,7,500,340,170000
201506082573067,PRVU,39,8,544,339,184416
201506082573051,PRVU,17,42,33,339,11187
201506082573243,PRVU,59,59,4793,338,1620034
201506082573232,PRVU,57,8,1000,342,342000
201506082573220,PRVU,57,21,986,341,336226
201506082573188,PRVU,17,17,1056,338,356928
201506082573172,PRVU,38,50,1000,340,340000
201506082573167,PRVU,38,42,11,340,3740
201506082572922,PRVUPO,13,49,6760,148,1000480
201506082572872,PRVUPO,13,49,3219,148,476412
201506082572858,PRVUPO,13,49,15914,148,2355272
201506082572840,PRVUPO,13,49,20500,148,3034000
201506082572834,PRVUPO,13,49,26542,148,3928216
201506082573090,RHPC,47,35,75,425,31875
201506082573145,SADBL,17,19,390,333,129870
201506082573115,SADBL,17,8,200,332,66400
201506082573099,SADBL,17,7,200,328,65600
201506082573250,SANIMA,4,36,102,562,57324
201506082573249,SANIMA,4,25,100,562,56200
201506082573246,SANIMA,33,34,500,561,280500
201506082573230,SANIMA,51,34,500,560,280000
201506082573223,SANIMA,59,57,338,560,189280
201506082573221,SANIMA,58,21,145,560,81200
201506082572980,SANIMA,11,4,400,557,222800
201506082572940,SANIMA,49,14,388,555,215340
201506082573098,SANIMA,26,32,417,558,232686
201506082573088,SANIMA,38,41,575,557,320275
201506082573071,SANIMA,38,35,1000,555,555000
201506082573064,SANIMA,53,32,415,556,230740
201506082572991,SANIMA,48,35,979,555,543345
201506082572981,SANIMA,11,38,55,557,30635
201506082573217,SANIMA,59,45,372,560,208320
201506082573210,SANIMA,59,45,115,560,64400
201506082573187,SANIMA,58,59,302,559,168818
201506082573184,SANIMA,41,26,12,558,6696
201506082573162,SANIMA,35,35,10000,550,5500000
201506082573110,SANIMA,20,59,500,559,279500
201506082573041,SBI,42,50,40,900,36000
201506082572896,SBI,42,14,199,895,178105
201506082573293,SBL,14,5,98,678,66444
201506082573292,SBL,14,35,1000,678,678000
201506082573291,SBL,14,11,18,677,12186
201506082573290,SBL,14,11,18,677,12186
201506082573289,SBL,14,35,1000,673,673000
201506082573285,SBL,41,17,52,674,35048
201506082573005,SBL,50,35,1000,670,670000
201506082573004,SBL,50,16,230,670,154100
201506082572972,SBL,28,22,200,672,134400
201506082572938,SBL,26,20,435,670,291450
201506082572832,SBL,50,17,436,670,292120
201506082573242,SBL,50,17,291,672,195552
201506082573131,SBL,16,16,258,670,172860
201506082573023,SBL,50,35,1000,670,670000
201506082573020,SBL,50,20,322,670,215740
201506082573017,SBL,33,11,194,673,130562
201506082573014,SBL,33,50,122,672,81984
201506082572993,SCB,16,3,10,1940,19400
201506082572992,SCB,16,22,16,1940,31040
201506082572983,SCB,16,3,22,1939,42658
201506082572982,SCB,16,44,100,1939,193900
201506082572939,SCB,58,5,20,1925,38500
201506082572864,SCB,58,3,100,1925,192500
201506082572852,SCB,50,3,100,1925,192500
201506082572846,SCB,50,4,21,1925,40425
201506082573206,SEWA,50,50,18,283,5094
201506082573295,SHINE,26,43,10,347,3470
201506082573040,SHL,32,21,1000,415,415000
201506082573226,SHPC,10,48,18,702,12636
201506082573069,SHPC,26,19,90,690,62100
201506082573046,SHPC,38,36,312,689,214968
201506082573011,SLICL,25,45,784,595,466480
201506082573178,SODBL,35,32,300,116,34800
201506082573179,SRBL,33,44,200,410,82000
201506082573026,SRBL,33,11,150,408,61200
201506082573025,SRBL,33,42,10,408,4080
201506082573024,SRBL,33,44,200,406,81200
201506082573000,SRBL,47,44,200,403,80600
201506082572971,SRBL,11,44,50,400,20000
201506082573317,SUPRME,43,28,135,162,21870
201506082572860,SUPRME,45,58,991,161,159551
201506082573152,SYFL,21,51,800,99,79200
201506082573082,SYFL,40,19,500,99,49500
201506082572978,SYFL,21,19,500,98,49000
201506082572949,SYFL,32,7,1000,97,97000
201506082572948,SYFL,32,19,500,97,48500
201506082573234,UFIL,33,26,160,144,23040
201506082573233,UFIL,33,1,130,143,18590
201506082572988,WDBL,40,17,12,296,3552
201506082572857,WDBL,13,55,100,302,30200
201506082573063,YETI,59,14,152,142,21584
201506082572995,YETI,59,39,150,142,21300
201506082572986,YETI,59,46,490,142,69580
201506082572639,ADBL,53,53,30,438,13140
201506082572638,ADBL,53,53,30,438,13140
201506082572637,ADBL,53,53,30,438,13140
201506082572636,ADBL,53,53,30,438,13140
201506082572635,ADBL,53,53,40,438,17520
201506082572634,ADBL,53,53,40,438,17520
201506082572803,ALDBL,45,39,100,315,31500
201506082572782,ALDBL,40,14,160,314,50240
201506082572707,ALDBL,45,6,11,309,3399
201506082572802,CBBL,45,42,388,1520,589760
201506082572792,CBBL,41,17,200,1515,303000
201506082572767,CBBL,45,44,100,1515,151500
201506082572761,CBBL,41,17,100,1510,151000
201506082572737,CBBL,17,17,400,1504,601600
201506082572780,CBL,44,53,150,287,43050
201506082572776,CBL,44,10,200,287,57400
201506082572769,CBL,44,53,50,285,14250
201506082572766,CBL,19,53,200,285,57000
201506082572607,CBL,44,22,566,288,163008
201506082572606,CBL,44,11,52,288,14976
201506082572604,CBL,44,11,101,288,29088
201506082572571,CBL,17,11,83,288,23904
201506082572715,CCBL,45,6,153,318,48654
201506082572697,CCBL,42,43,446,320,142720
201506082572696,CCBL,42,55,40,320,12800
201506082572667,CCBL,45,57,40,318,12720
201506082572588,CCBL,17,49,100,318,31800
201506082572829,CHCL,50,33,200,1560,312000
201506082572819,CHCL,35,11,30,1565,46950
201506082572797,CHCL,50,11,44,1560,68640
201506082572791,CHCL,41,17,85,1565,133025
201506082572765,CHCL,29,17,60,1560,93600
201506082572680,CHCL,35,38,200,1560,312000
201506082572626,CHCL,33,53,28,1572,44016
201506082572616,CHCL,33,37,130,1570,204100
201506082572590,CHCL,33,44,75,1550,116250
201506082572586,CHCL,1,44,46,1536,70656
201506082572817,CZBIL,45,1,100,466,46600
201506082572779,CZBIL,14,38,92,467,42964
201506082572757,CZBIL,29,14,200,472,94400
201506082572748,CZBIL,33,48,300,470,141000
201506082572666,CZBIL,14,14,100,464,46400
201506082572589,CZBIL,22,22,345,455,156975
201506082572653,DDBL,26,37,100,1152,115200
201506082572783,EBL,49,49,377,2040,769080
201506082572770,EBL,50,20,300,2050,615000
201506082572743,EBL,57,44,500,2050,1025000
201506082572704,EBL,57,14,332,2055,682260
201506082572619,EBL,33,22,100,2065,206500
201506082572610,EBL,33,25,156,2045,319020
201506082572609,EBL,14,14,157,2030,318710
201506082572698,EBL,57,14,767,2015,1545505
201506082572691,EBL,44,44,500,2026,1013000
201506082572673,EBL,57,14,239,2065,493535
201506082572768,EIC,14,56,200,711,142200
201506082572750,GLICL,45,16,186,540,100440
201506082572798,HBL,50,20,70,800,56000
201506082572756,HBL,41,36,10,816,8160
201506082572652,HBL,39,57,46,800,36800
201506082572720,IDBL,32,32,100,172,17200
201506082572679,IDBL,45,57,47,169,7943
201506082572624,IDBL,16,16,99,166,16434
201506082572622,IDBL,16,16,99,166,16434
201506082572618,IDBL,16,16,99,166,16434
201506082572577,IDBL,16,16,165,164,27060
201506082572570,IDBL,16,16,99,167,16533
201506082572806,ILFC,22,26,54,162,8748
201506082572714,ILFC,32,3,50,164,8200
201506082572713,ILFC,32,51,108,162,17496
201506082572705,ILFC,58,59,500,161,80500
201506082572657,ILFC,16,59,500,158,79000
201506082572786,JBBL,25,52,96,162,15552
201506082572650,JBBL,19,19,170,159,27030
201506082572613,JBBL,1,1,10,156,1560
201506082572745,JBNL,10,48,300,275,82500
201506082572744,JBNL,59,48,60,275,16500
201506082572738,JBNL,22,48,200,276,55200
201506082572727,JBNL,57,36,1000,277,277000
201506082572712,JBNL,49,49,2000,275,550000
201506082572710,JBNL,44,48,200,280,56000
201506082572627,JBNL,35,36,406,280,113680
201506082572700,JBNL,36,36,500,278,139000
201506082572671,JBNL,36,36,500,283,141500
201506082572670,JBNL,48,35,726,279,202554
201506082572659,JBNL,26,47,153,280,42840
201506082572654,JBNL,44,36,500,279,139500
201506082572628,JBNL,35,57,500,280,140000
201506082572793,JFL,55,55,10,378,3780
201506082572669,KAFIL,17,25,57,226,12882
201506082572682,KBBL,49,45,100,370,37000
201506082572777,KBL,40,47,100,382,38200
201506082572674,KBL,45,46,50,385,19250
201506082572685,KDBL,50,59,34,146,4964
201506082572684,KDBL,50,25,28,145,4060
201506082572683,KDBL,50,25,57,145,8265
201506082572794,LBL,40,11,287,435,124845
201506082572592,LICN,34,22,22,2342,51524
201506082572762,LUBL,50,35,1380,350,483000
201506082572735,LUBL,36,59,20,349,6980
201506082572729,LUBL,33,48,500,346,173000
201506082572726,LUBL,33,35,599,345,206655
201506082572722,MBL,57,59,403,560,225680
201506082572678,MBL,26,50,975,567,552825
201506082572676,MBL,14,14,294,565,166110
201506082572664,MBL,26,34,500,564,282000
201506082572746,MDB,38,7,100,466,46600
201506082572741,MDB,38,50,67,460,30820
201506082572728,MDB,16,7,100,457,45700
201506082572778,MNBBL,14,48,10,541,5410
201506082572775,MNBBL,14,48,10,531,5310
201506082572689,MNBBL,53,53,5000,521,2605000
201506082572668,MNBBL,22,22,120,531,63720
201506082572665,MNBBL,51,22,41,530,21730
201506082572612,MNBBL,53,53,2580,520,1341600
201506082572595,MNBBL,53,53,7400,520,3848000
201506082572587,MNBBL,53,53,10,526,5260
201506082572581,MNBBL,53,53,10,536,5360
201506082572749,NABILP,54,3,200,1310,262000
201506082572706,NABILP,44,59,200,1310,262000
201506082572614,NABILP,17,3,1700,1290,2193000
201506082572585,NABILP,44,44,500,1300,650000
201506082572576,NABILP,44,44,500,1300,650000
201506082572625,NABILP,17,3,84,1303,109452
201506082572826,NBB,39,25,310,500,155000
201506082572824,NBB,40,48,288,499,143712
201506082572815,NBB,40,43,187,499,93313
201506082572814,NBB,40,48,100,499,49900
201506082572813,NBB,40,6,500,498,249000
201506082572808,NBB,40,50,86,497,42742
201506082572630,NBB,33,11,100,499,49900
201506082572629,NBB,33,32,160,495,79200
201506082572598,NBB,38,32,250,490,122500
201506082572593,NBB,38,32,210,490,102900
201506082572579,NBB,22,22,1000,481,481000
201506082572807,NBB,40,1,140,495,69300
201506082572764,NBB,41,14,500,494,247000
201506082572739,NBB,33,32,551,495,272745
201506082572732,NBB,14,32,155,495,76725
201506082572690,NBB,34,55,200,499,99800
201506082572675,NBB,52,32,170,494,83980
201506082572759,NBL,10,46,500,291,145500
201506082572754,NBL,25,49,200,295,59000
201506082572753,NBL,47,49,500,295,147500
201506082572752,NBL,33,49,500,295,147500
201506082572751,NBL,14,49,100,295,29500
201506082572686,NBL,14,49,50,301,15050
201506082572643,NBL,8,3,40,303,12120
201506082572642,NBL,8,48,200,301,60200
201506082572641,NBL,34,33,500,300,150000
201506082572615,NBL,8,25,100,299,29900
201506082572584,NBL,44,22,256,294,75264
201506082572569,NCCB,33,50,500,585,292500
201506082572827,NHPC,55,6,920,120,110400
201506082572825,NHPC,32,46,1000,121,121000
201506082572821,NHPC,55,54,1000,120,120000
201506082572810,NHPC,32,26,520,121,62920
201506082572771,NHPC,55,45,1500,121,181500
201506082572742,NHPC,32,26,490,121,59290
201506082572736,NHPC,52,45,1000,120,120000
201506082572718,NHPC,6,54,1000,122,122000
201506082572681,NHPC,32,6,280,120,33600
201506082572649,NHPC,32,6,10,118,1180
201506082572790,NIB,44,35,1000,720,720000
201506082572784,NIB,44,29,66,718,47388
201506082572800,NIBPO,40,35,200,499,99800
201506082572799,NIBPO,40,32,500,499,249500
201506082572605,NICA,38,25,14,656,9184
201506082572601,NICA,38,25,14,656,9184
201506082572594,NICA,14,14,10,644,6440
201506082572578,NICA,34,11,372,644,239568
201506082572575,NICA,38,11,291,644,187404
201506082572740,NLBBL,53,11,150,1156,173400
201506082572812,NLIC,44,28,300,2826,847800
201506082572811,NLIC,33,44,200,2830,566000
201506082572804,NLIC,41,44,100,2859,285900
201506082572721,NLIC,44,28,120,2870,344400
201506082572719,NLIC,42,17,100,2865,286500
201506082572711,NLIC,44,28,126,2860,360360
201506082572709,NLIC,53,19,15,2870,43050
201506082572708,NLIC,53,16,20,2865,57300
201506082572702,NLIC,44,1,43,2855,122765
201506082572699,NLIC,28,28,100,2850,285000
201506082572660,NLIC,17,59,50,2855,142750
201506082572651,NLIC,5,44,50,2840,142000
201506082572785,NLICL,50,50,550,1800,990000
201506082572816,PCBL,50,3,1000,445,445000
201506082572694,PCBL,39,3,500,445,222500
201506082572677,PCBL,40,36,196,451,88396
201506082572621,PCBL,14,47,10,451,4510
201506082572580,PCBL,33,3,319,451,143869
201506082572568,PCBL,58,58,32,443,14176
201506082572646,PLIC,28,6,27,1097,29619
201506082572789,PRVU,45,5,139,337,46843
201506082572788,PRVU,50,20,1000,335,335000
201506082572731,PRVU,59,5,121,337,40777
201506082572693,PRVU,32,8,500,340,170000
201506082572692,PRVU,57,8,500,340,170000
201506082572672,PRVU,6,25,1000,346,346000
201506082572574,PRVU,19,11,973,332,323036
201506082572658,PRVU,38,46,500,343,171500
201506082572655,PRVU,38,35,500,343,171500
201506082572647,PRVU,38,20,498,340,169320
201506082572644,PRVU,38,43,200,340,68000
201506082572591,PRVU,59,42,23,337,7751
201506082572583,PRVU,17,22,77,336,25872
201506082572828,PURBL,40,29,33,290,9570
201506082572801,REDBL,52,53,128,208,26624
201506082572763,REDBL,25,29,405,204,82620
201506082572760,REDBL,17,51,19,204,3876
201506082572663,REDBL,43,59,74,204,15096
201506082572662,REDBL,43,59,74,204,15096
201506082572661,REDBL,43,59,38,204,7752
201506082572822,RHPC,5,3,11,429,4719
201506082572730,RHPC,45,14,22,421,9262
201506082572645,RMDC,11,11,352,650,228800
201506082572631,RMDC,11,22,13,648,8424
201506082572716,SANIMA,33,32,480,557,267360
201506082572640,SANIMA,26,34,500,560,280000
201506082572633,SANIMA,58,25,95,561,53295
201506082572623,SANIMA,53,35,500,560,280000
201506082572608,SANIMA,36,35,500,553,276500
201506082572573,SANIMA,35,35,5000,543,2715000
201506082572572,SANIMA,35,35,5000,543,2715000
201506082572820,SBL,28,47,100,670,67000
201506082572818,SBL,50,11,241,668,160988
201506082572582,SBL,38,11,117,664,77688
201506082572823,SCB,39,3,10,1905,19050
201506082572781,SCB,32,3,50,1902,95100
201506082572717,SCB,25,42,200,1900,380000
201506082572688,SCB,57,3,200,1920,384000
201506082572687,SCB,57,44,100,1920,192000
201506082572703,SHINE,16,16,250,341,85250
201506082572701,SHINE,16,16,250,341,85250
201506082572809,SHPC,51,36,148,683,101084
201506082572755,SLICL,36,22,55,585,32175
201506082572795,SUPRME,36,26,1000,160,160000
201506082572758,SUPRME,49,39,294,163,47922
201506082572695,SUPRME,48,17,529,160,84640
201506082572656,UFIL,17,22,210,142,29820
201506082572597,UFIL,50,57,29,140,4060
201506082572734,YETI,59,59,20,144,2880
