contract,symbol,buyer,seller,qty,rate,amt
201506292600795,ADBL,42,32,101,420,42420
201506292600643,ADBL,42,42,170,420,71400
201506292600536,ADBL,56,43,30,417,12510
201506292600535,ADBL,56,37,170,416,70720
201506292600532,ADBL,56,43,30,414,12420
201506292600531,ADBL,56,37,150,414,62100
201506292600530,ADBL,56,43,30,413,12390
201506292600529,ADBL,56,43,30,412,12360
201506292600511,ADBL,17,37,482,411,198102
201506292600469,ADBL,49,49,1031,408,420648
201506292600817,AHPC,17,39,218,325,70850
201506292600669,AHPC,4,21,440,322,141680
201506292600641,AHPC,52,32,41,323,13243
201506292600526,AHPC,14,21,1100,319,350900
201506292600732,ALDBL,41,6,190,310,58900
201506292600392,ALDBL,58,1,59,308,18172
201506292600791,ALICL,14,17,769,1020,784380
201506292600788,ALICL,14,36,200,1024,204800
201506292600709,ALICL,22,57,126,1025,129150
201506292600705,ALICL,22,17,36,1020,36720
201506292600704,ALICL,22,17,20,1020,20400
201506292600703,ALICL,22,17,50,1020,51000
201506292600618,ALICL,50,57,692,1020,705840
201506292600617,ALICL,50,17,102,1020,104040
201506292600616,ALICL,50,41,200,1020,204000
201506292600431,ALICL,14,6,281,1020,286620
201506292600356,ALICL,14,48,200,1019,203800
201506292600383,APEX,11,50,30,121,3630
201506292600376,APEX,13,8,375,122,45750
201506292600850,ARDBL,55,20,100,168,16800
201506292600427,ARDBL,43,32,73,167,12191
201506292600812,BHBL,1,6,1000,291,291000
201506292600792,BHBL,45,45,1000,292,292000
201506292600758,BHBL,20,4,200,293,58600
201506292600722,BHBL,45,45,2000,290,580000
201506292600594,BHBL,45,45,400,291,116400
201506292600589,BHBL,45,48,50,291,14550
201506292600588,BHBL,45,6,250,291,72750
201506292600583,BHBL,45,45,5000,290,1450000
201506292600487,BHBL,45,39,110,286,31460
201506292600486,BHBL,45,48,10,285,2850
201506292600843,BLDBL,21,25,256,324,82944
201506292600509,BLDBL,3,10,209,323,67507
201506292600797,BUDBLP,43,38,7205,105,756525
201506292600811,CBL,14,47,510,272,138720
201506292600798,CBL,16,13,35,272,9520
201506292600781,CBL,20,6,216,272,58752
201506292600780,CBL,20,42,2000,272,544000
201506292600700,CBL,29,8,29,272,7888
201506292600662,CBL,50,21,917,271,248507
201506292600462,CBL,6,35,500,271,135500
201506292600819,CCBL,14,21,40,318,12720
201506292600816,CCBL,14,21,40,318,12720
201506292600809,CCBL,14,51,40,318,12720
201506292600808,CCBL,14,51,40,318,12720
201506292600807,CCBL,14,51,40,318,12720
201506292600806,CCBL,14,51,40,318,12720
201506292600805,CCBL,14,51,40,318,12720
201506292600804,CCBL,14,49,420,318,133560
201506292600803,CCBL,14,50,40,318,12720
201506292600645,CCBL,13,35,1000,317,317000
201506292600550,CCBL,59,50,153,316,48348
201506292600757,CDBL,14,11,38,330,12540
201506292600684,CDBL,52,52,24,324,7776
201506292600834,CHCL,19,38,100,1549,154900
201506292600821,CHCL,19,38,56,1549,86744
201506292600810,CHCL,19,33,200,1548,309600
201506292600708,CHCL,20,38,56,1549,86744
201506292600699,CHCL,20,57,140,1547,216580
201506292600667,CHCL,7,38,56,1549,86744
201506292600414,CHCL,45,33,464,1540,714560
201506292600410,CHCL,45,33,500,1540,770000
201506292600665,CHCL,7,38,56,1548,86688
201506292600639,CHCL,29,33,200,1547,309400
201506292600611,CHCL,1,21,73,1546,112858
201506292600534,CHCL,44,41,300,1545,463500
201506292600470,CHCL,29,17,81,1545,125145
201506292600432,CHCL,47,38,186,1548,287928
201506292600633,CSDBL,16,16,178,360,64080
201506292600587,CSDBL,16,16,90,360,32400
201506292600522,CSDBL,16,42,10,353,3530
201506292600504,CSDBL,50,21,10,350,3500
201506292600498,CSDBL,16,42,10,353,3530
201506292600497,CSDBL,16,42,10,353,3530
201506292600496,CSDBL,16,42,10,353,3530
201506292600495,CSDBL,16,42,10,353,3530
201506292600390,CSDBL,16,16,90,360,32400
201506292600659,CZBIL,5,51,119,453,53907
201506292600656,CZBIL,5,8,238,453,107814
201506292600373,CZBIL,13,17,148,451,66748
201506292600582,DDBL,22,7,197,1126,221822
201506292600784,EBL,11,48,50,2100,105000
201506292600602,EBL,55,53,100,2096,209600
201506292600361,EBL,29,53,33,2090,68970
201506292600360,EBL,44,53,100,2090,209000
201506292600485,EBL,20,45,118,2094,247092
201506292600479,EBL,20,34,165,2093,345345
201506292600464,EBL,11,11,24,2095,50280
201506292600585,EBL,5,40,150,2097,314550
201506292600568,EBL,54,14,300,2095,628500
201506292600561,EKBL,41,51,26,290,7540
201506292600559,EKBL,41,16,159,290,46110
201506292600403,EKBL,26,40,500,290,145000
201506292600738,GABL,45,45,20,282,5640
201506292600746,GBIME,14,48,183,448,81984
201506292600737,GBIME,29,16,500,446,223000
201506292600691,GBIME,26,40,300,445,133500
201506292600680,GBIME,16,16,1000,444,444000
201506292600624,GBIME,42,19,629,444,279276
201506292600428,GBIME,36,57,32,444,14208
201506292600832,GLICL,49,41,100,570,57000
201506292600751,GLICL,49,57,200,569,113800
201506292600653,GLICL,29,21,90,568,51120
201506292600637,GLICL,29,11,90,567,51030
201506292600636,GLICL,29,11,90,566,50940
201506292600630,GLICL,36,11,180,565,101700
201506292600507,GLICL,36,8,300,562,168600
201506292600506,GLICL,26,8,200,563,112600
201506292600505,GLICL,26,8,20,566,11320
201506292600493,GLICL,36,8,500,562,281000
201506292600465,GLICL,16,16,487,566,275642
201506292600626,GLICL,29,8,56,565,31640
201506292600625,GLICL,29,4,14,564,7896
201506292600543,GLICL,41,11,90,562,50580
201506292600525,GLICL,57,8,156,562,87672
201506292600519,GLICL,49,8,229,562,128698
201506292600508,GLICL,57,8,80,562,44960
201506292600670,HAMA,47,50,490,151,73990
201506292600358,HAMA,47,50,500,152,76000
201506292600357,HAMA,47,50,10,152,1520
201506292600609,HAMRO,48,48,200,247,49400
201506292600829,HBL,13,45,28,815,22820
201506292600546,HBL,1,45,500,821,410500
201506292600540,HBL,17,45,30,825,24750
201506292600538,HBL,38,45,120,830,99600
201506292600460,HBL,11,11,70,831,58170
201506292600411,HBL,36,19,143,831,118833
201506292600359,HBL,11,11,72,825,59400
201506292600824,HDL,59,59,30,572,17160
201506292600818,HDL,59,59,260,572,148720
201506292600629,HDL,48,48,10,571,5710
201506292600840,IDBL,50,56,500,173,86500
201506292600828,IDBL,50,6,324,173,56052
201506292600827,IDBL,50,45,57,173,9861
201506292600826,IDBL,50,8,561,173,97053
201506292600822,IDBL,50,8,33,173,5709
201506292600571,ILFC,4,51,168,153,25704
201506292600492,ILFC,52,7,168,150,25200
201506292600448,ILFC,4,45,100,151,15100
201506292600458,INDBL,48,48,10,180,1800
201506292600521,JBBL,29,32,170,165,28050
201506292600520,JBBL,29,39,150,165,24750
201506292600779,JBNL,36,36,206,276,56856
201506292600761,JBNL,4,8,423,277,117171
201506292600537,JBNL,36,43,960,276,264960
201506292600523,JBNL,6,29,2124,275,584100
201506292600482,JBNL,53,32,44,278,12232
201506292600790,KBL,44,38,79,383,30257
201506292600702,KBL,28,28,355,381,135255
201506292600696,KBL,44,40,70,383,26810
201506292600689,KBL,44,56,60,382,22920
201506292600688,KBL,44,38,74,382,28268
201506292600686,KBL,44,45,35,381,13335
201506292600638,KDBL,28,45,28,143,4004
201506292600400,KDBL,32,45,11,142,1562
201506292600393,KDBL,28,45,11,143,1573
201506292600787,LBL,17,32,125,410,51250
201506292600783,LBL,17,51,500,410,205000
201506292600368,LGIL,50,43,300,360,108000
201506292600447,LGIL,42,26,375,361,135375
201506292600586,LGIL,21,35,200,360,72000
201506292600740,LICN,14,40,50,2760,138000
201506292600739,LICN,14,8,60,2758,165480
201506292600701,LICN,59,58,50,2757,137850
201506292600674,LICN,14,11,250,2754,688500
201506292600657,LICN,20,8,60,2755,165300
201506292600590,LICN,14,41,34,2740,93160
201506292600480,LICN,59,59,100,2731,273100
201506292600420,LICN,38,17,500,2750,1375000
201506292600419,LICN,38,14,160,2749,439840
201506292600409,LICN,45,47,20,2760,55200
201506292600407,LICN,45,8,50,2750,137500
201506292600406,LICN,45,47,20,2750,55000
201506292600748,LLBS,37,21,41,805,33005
201506292600745,LLBS,37,38,10,805,8050
201506292600654,LLBS,37,51,10,795,7950
201506292600649,LLBS,37,51,10,795,7950
201506292600370,LLBS,14,42,10,791,7910
201506292600851,LUBL,51,32,500,342,171000
201506292600773,LUBL,1,32,600,342,205200
201506292600772,LUBL,42,32,300,343,102900
201506292600771,LUBL,51,32,500,344,172000
201506292600770,LUBL,42,32,300,344,103200
201506292600769,LUBL,36,32,200,344,68800
201506292600574,LUBL,38,11,94,345,32430
201506292600562,LUBL,32,11,164,345,56580
201506292600404,LUBL,32,32,500,343,171500
201506292600401,LUBL,36,32,500,343,171500
201506292600398,LUBL,29,32,500,344,172000
201506292600768,LUBL,34,32,250,345,86250
201506292600767,LUBL,29,32,100,345,34500
201506292600766,LUBL,38,32,90,345,31050
201506292600677,LUBL,42,32,500,344,172000
201506292600655,LUBL,4,32,1000,343,343000
201506292600727,MBL,4,37,150,566,84900
201506292600721,MBL,4,1,69,565,38985
201506292600717,MBL,36,36,76,562,42712
201506292600634,MBL,4,34,200,563,112600
201506292600483,MBL,34,21,145,566,82070
201506292600471,MBL,14,53,953,563,536539
201506292600778,MDB,1,32,72,510,36720
201506292600499,MDB,1,11,19,505,9595
201506292600490,MDB,1,11,20,505,10100
201506292600553,MDBL,52,16,185,234,43290
201506292600384,METRO,1,26,22,338,7436
201506292600382,METRO,25,26,22,338,7436
201506292600378,METRO,1,26,22,340,7480
201506292600666,MLBBL,41,50,45,890,40050
201506292600660,MLBBL,36,50,105,891,93555
201506292600635,MLBBL,5,50,45,892,40140
201506292600605,MLBBL,39,50,45,893,40185
201506292600524,MLBBL,10,33,123,905,111315
201506292600692,MPFL,32,7,40,150,6000
201506292600697,NABIL,14,11,136,1905,259080
201506292600615,NABIL,20,3,60,1900,114000
201506292600379,NABIL,11,20,66,1900,125400
201506292600825,NABILP,6,6,50,1320,66000
201506292600750,NABILP,6,6,150,1309,196350
201506292600443,NABILP,17,6,1000,1301,1301000
201506292600417,NABILP,6,6,50,1310,65500
201506292600391,NABILP,42,6,1000,1301,1301000
201506292600786,NBB,6,45,500,517,258500
201506292600729,NBB,32,10,159,517,82203
201506292600723,NBB,32,10,165,517,85305
201506292600720,NBB,32,10,217,517,112189
201506292600719,NBB,32,10,200,517,103400
201506292600715,NBB,32,13,400,516,206400
201506292600461,NBB,4,46,500,514,257000
201506292600451,NBB,53,1,100,517,51700
201506292600672,NBB,4,1,40,517,20680
201506292600415,NBF1,19,10,450,14,6156
201506292600355,NBF1,19,37,6862,14,94284
201506292600849,NBL,28,10,580,284,164720
201506292600753,NBL,28,45,500,283,141500
201506292600854,NCCB,39,1,105,604,63420
201506292600853,NCCB,39,26,200,604,120800
201506292600852,NCCB,39,51,300,604,181200
201506292600847,NCCB,56,43,388,602,233576
201506292600744,NCCB,40,21,225,603,135675
201506292600734,NCCB,56,29,231,602,139062
201506292600412,NCCB,1,55,200,601,120200
201506292600408,NCCB,8,55,500,600,300000
201506292600389,NCCB,48,48,200,602,120400
201506292600364,NCCB,49,34,1175,600,705000
201506292600554,NCCB,56,50,500,602,301000
201506292600545,NCCB,26,34,200,603,120600
201506292600541,NCCB,1,39,100,602,60200
201506292600528,NCCB,13,13,60,603,36180
201506292600517,NCCB,13,50,50,603,30150
201506292600466,NCCB,29,13,200,603,120600
201506292600597,NCCB,50,11,300,602,180600
201506292600567,NCCB,11,57,310,602,186620
201506292600566,NCCB,52,57,50,602,30100
201506292600565,NCCB,1,57,40,602,24080
201506292600564,NCCB,21,57,30,604,18120
201506292600555,NCCB,56,50,500,602,301000
201506292600685,NCCB,56,17,1000,602,602000
201506292600683,NCCB,11,43,88,602,52976
201506292600679,NCCB,58,58,700,603,422100
201506292600678,NCCB,36,22,40,604,24160
201506292600664,NCCB,58,34,500,602,301000
201506292600610,NCCB,36,41,20,603,12060
201506292600730,NCCB,56,17,500,602,301000
201506292600725,NCCB,6,28,770,601,462770
201506292600724,NCCB,51,42,25,601,15025
201506292600718,NCCB,14,49,110,601,66110
201506292600711,NCCB,8,51,375,600,225000
201506292600693,NCCB,58,13,70,603,42210
201506292600754,NHPC,43,21,1000,120,120000
201506292600612,NHPC,33,26,1000,120,120000
201506292600476,NHPC,33,8,1000,121,121000
201506292600848,NIB,7,39,100,714,71400
201506292600820,NIB,58,52,207,713,147591
201506292600556,NIB,49,45,88,712,62656
201506292600501,NIBPO,59,55,500,509,254500
201506292600756,NIBSF1,5,32,4900,10,48559
201506292600658,NICA,52,52,115,620,71300
201506292600622,NICL,48,6,200,375,75000
201506292600581,NIL,14,16,100,447,44700
201506292600576,NIL,14,26,71,447,31737
201506292600575,NIL,14,1,10,446,4460
201506292600777,NLBBL,6,53,100,1190,119000
201506292600614,NLBBL,21,53,100,1190,119000
201506292600444,NLBBL,41,53,100,1190,119000
201506292600397,NLBBL,41,53,49,1190,58310
201506292600710,NLG,37,42,24,572,13728
201506292600801,NLIC,32,34,100,2900,290000
201506292600764,NLIC,16,28,100,2900,290000
201506292600763,NLIC,46,28,60,2900,174000
201506292600743,NLIC,16,17,100,2900,290000
201506292600726,NLIC,34,16,300,2890,867000
201506292600620,NLIC,21,44,100,2900,290000
201506292600366,NLIC,56,4,21,2900,60900
201506292600455,NLIC,59,59,150,2901,435150
201506292600453,NLIC,55,49,500,2900,1450000
201506292600450,NLIC,56,34,200,2905,581000
201506292600449,NLIC,56,44,100,2904,290400
201506292600442,NLIC,29,44,100,2900,290000
201506292600385,NLIC,34,34,100,2900,290000
201506292600600,NLIC,16,16,310,2900,899000
201506292600599,NLIC,59,3,150,2900,435000
201506292600491,NLIC,59,49,200,2901,580200
201506292600489,NLIC,29,44,100,2900,290000
201506292600478,NLIC,42,44,100,2900,290000
201506292600457,NLIC,56,3,50,2907,145350
201506292600762,NLICL,21,18,81,1900,153900
201506292600682,NLICL,38,44,100,1899,189900
201506292600631,NLICL,26,11,200,1892,378400
201506292600591,NLICL,51,5,100,1891,189100
201506292600577,NLICL,22,39,126,1893,238518
201506292600570,NLICL,22,57,93,1892,175956
201506292600514,NLICL,8,3,100,1895,189500
201506292600513,NLICL,8,36,200,1895,379000
201506292600399,NLICL,46,57,51,1890,96390
201506292600381,NLICL,46,39,155,1890,292950
201506292600380,NLICL,46,44,300,1889,566700
201506292600369,NLICL,34,57,169,1888,319072
201506292600429,NTC,45,45,100,620,62000
201506292600424,NTC,36,5,100,620,62000
201506292600413,NTC,36,5,100,620,62000
201506292600387,NTC,36,5,100,620,62000
201506292600512,NTC,38,38,400,620,248000
201506292600502,NTC,38,38,400,620,248000
201506292600475,NTC,36,52,400,622,248800
201506292600474,NTC,36,17,100,622,62200
201506292600673,NTC,5,39,110,624,68640
201506292600627,NTC,48,39,10,633,6330
201506292600580,NTC,36,39,100,622,62200
201506292600539,NTC,49,14,1460,620,905200
201506292600515,NTC,38,38,310,620,192200
201506292600752,NUBL,1,44,100,1230,123000
201506292600713,OHL,43,4,40,606,24240
201506292600375,OHL,50,45,460,605,278300
201506292600439,OHL,50,17,521,605,315205
201506292600367,PADBL,14,1,59,401,23659
201506292600652,PCBL,38,51,231,448,103488
201506292600651,PCBL,38,6,380,448,170240
201506292600468,PCBL,22,36,95,449,42655
201506292600386,PCBL,29,50,133,447,59451
201506292600374,PCBL,13,50,502,446,223892
201506292600549,PIC,14,20,39,505,19695
201506292600830,PLIC,53,53,13,1206,15678
201506292600823,PLIC,53,56,17,1196,20332
201506292600815,PLIC,53,48,20,1196,23920
201506292600796,PLIC,7,52,40,1173,46920
201506292600789,PLIC,7,5,27,1173,31671
201506292600776,PLIC,53,48,13,1175,15275
201506292600533,PLIC,47,17,300,1165,349500
201506292600527,PLIC,21,17,200,1166,233200
201506292600445,PLIC,16,8,448,1166,522368
201506292600441,PLIC,43,43,13,1166,15158
201506292600426,PLIC,43,43,13,1167,15171
201506292600423,PLIC,26,11,500,1166,583000
201506292600765,PLIC,35,25,149,1172,174628
201506292600747,PLIC,35,36,134,1171,156914
201506292600733,PLIC,35,25,458,1170,535860
201506292600675,PLIC,7,49,100,1170,117000
201506292600668,PLIC,53,49,200,1170,234000
201506292600607,PLIC,42,17,500,1169,584500
201506292600518,PRIN,32,49,100,379,37900
201506292600831,PRVU,33,56,200,323,64600
201506292600728,PRVU,28,45,1000,322,322000
201506292600707,PRVU,51,56,200,323,64600
201506292600706,PRVU,52,56,100,323,32300
201506292600676,PRVU,28,29,269,322,86618
201506292600395,PRVU,22,7,802,322,258244
201506292600388,PRVU,5,55,389,322,125258
201506292600363,PRVU,13,56,300,323,96900
201506292600595,PRVU,59,35,1000,321,321000
201506292600592,PRVU,59,35,1000,321,321000
201506292600548,PRVU,17,45,1000,322,322000
201506292600481,PRVU,5,56,500,323,161500
201506292600396,PRVU,19,56,200,323,64600
201506292600833,PURBL,47,44,258,335,86430
201506292600647,REDBL,40,45,38,201,7638
201506292600544,REDBL,43,1,17,205,3485
201506292600841,RHPC,51,47,11,418,4598
201506292600839,RHPC,51,21,12,418,5016
201506292600838,RHPC,51,21,12,418,5016
201506292600837,RHPC,51,21,12,418,5016
201506292600836,RHPC,51,47,11,417,4587
201506292600835,RHPC,51,47,11,417,4587
201506292600456,RHPC,50,21,12,418,5016
201506292600454,RHPC,50,21,12,418,5016
201506292600377,RHPC,51,21,12,416,4992
201506292600372,RHPC,51,21,12,416,4992
201506292600365,RHPC,43,21,12,416,4992
201506292600362,RHPC,32,21,12,416,4992
201506292600436,RMDC,13,41,99,635,62865
201506292600435,RMDC,13,38,200,634,126800
201506292600712,SANIMA,59,36,75,563,42225
201506292600547,SANIMA,51,45,500,560,280000
201506292600782,SBI,16,45,88,896,78848
201506292600572,SBI,20,32,96,901,86496
201506292600563,SBI,20,38,174,900,156600
201506292600437,SBI,5,39,100,895,89500
201506292600742,SBL,25,44,500,665,332500
201506292600646,SBL,14,6,45,670,30150
201506292600560,SBL,22,45,242,666,161172
201506292600558,SBL,33,33,400,674,269600
201506292600552,SBL,33,19,64,674,43136
201506292600551,SBL,33,44,200,670,134000
201506292600516,SBL,17,44,249,670,166830
201506292600394,SBL,41,42,288,670,192960
201506292600813,SCB,13,3,100,1915,191500
201506292600613,SCB,13,22,67,1908,127836
201506292600433,SEOS,37,26,5000,10,49500
201506292600418,SEOS,37,1,500,10,4900
201506292600604,SETI,16,10,27,200,5400
201506292600606,SEWA,6,32,346,276,95496
201506292600484,SEWA,13,29,18,275,4950
201506292600473,SEWA,13,29,18,275,4950
201506292600463,SEWA,13,29,18,275,4950
201506292600459,SEWA,13,29,37,275,10175
201506292600452,SEWA,13,29,37,275,10175
201506292600446,SEWA,13,29,37,275,10175
201506292600440,SEWA,13,29,37,275,10175
201506292600434,SEWA,13,29,193,275,53075
201506292600430,SEWA,13,21,207,274,56718
201506292600422,SEWA,13,38,178,273,48594
201506292600845,SHBL,55,33,200,1170,234000
201506292600736,SHBL,16,33,100,1165,116500
201506292600735,SHBL,21,33,300,1166,349800
201506292600503,SHBL,55,45,200,1167,233400
201506292600802,SHINE,43,21,23,351,8073
201506292600671,SHINE,11,42,131,345,45195
201506292600598,SHINE,43,26,126,340,42840
201506292600557,SHINE,43,32,111,340,37740
201506292600510,SHINE,43,26,347,340,117980
201506292600488,SHINE,29,26,168,340,57120
201506292600731,SHL,19,6,100,424,42400
201506292600405,SHL,13,51,500,425,212500
201506292600844,SHPC,49,49,583,696,405768
201506292600687,SHPC,4,51,18,710,12780
201506292600714,SIC,14,22,50,954,47700
201506292600698,SIC,14,22,10,954,9540
201506292600695,SIC,14,22,20,954,19080
201506292600690,SIC,14,22,10,954,9540
201506292600681,SIC,14,22,10,961,9610
201506292600650,SIC,50,22,10,980,9800
201506292600628,SIC,50,22,10,999,9990
201506292600621,SIC,50,22,10,1019,10190
201506292600438,SIC,14,22,30,1039,31170
201506292600542,SIL,45,44,100,588,58800
201506292600755,SKBBL,8,57,99,1316,130284
201506292600749,SKBBL,8,3,19,1315,24985
201506292600569,SKBBL,38,14,100,1301,130100
201506292600846,SLICL,45,33,300,658,197400
201506292600814,SLICL,53,51,65,659,42835
201506292600794,SLICL,45,33,300,658,197400
201506292600760,SLICL,14,37,500,657,328500
201506292600759,SLICL,14,51,120,656,78720
201506292600716,SLICL,42,51,96,657,63072
201506292600694,SLICL,32,17,120,655,78600
201506292600421,SLICL,14,11,161,657,105777
201506292600793,SMFDB,19,1,50,1639,81950
201506292600774,SMFDB,47,14,198,1636,323928
201506292600741,SMFDB,19,1,50,1630,81500
201506292600640,SMFDB,16,57,705,1607,1132935
201506292600619,SRBL,44,53,500,415,207500
201506292600608,SRBL,1,53,500,416,208000
201506292600402,SRBL,26,36,300,415,124500
201506292600584,SUPRME,36,55,666,154,102564
201506292600416,SUPRME,40,55,400,154,61600
201506292600785,SWBBL,47,17,50,1585,79250
201506292600663,SYFL,45,26,500,96,48000
201506292600842,UFIL,52,14,10,138,1380
201506292600603,UFIL,17,7,11,137,1507
201506292600425,UFIL,1,1,44,135,5940
201506292600644,UIC,21,14,30,419,12570
201506292600579,UIC,21,44,104,418,43472
201506292600578,UIC,21,44,50,418,20900
201506292600573,UIC,21,44,97,418,40546
201506292600642,WDBL,5,22,266,303,80598
201506292600632,WDBL,35,11,24,304,7296
201506292600623,WDBL,35,58,78,303,23634
201506292600648,YETI,13,14,11,129,1419
201506292600601,YETI,4,26,11,127,1397
201506292600477,YETI,52,7,70,125,8750
201506292600472,YETI,52,7,70,125,8750
201506292600467,YETI,52,7,70,125,8750
201506292600250,ADBL,35,54,1000,406,406000
201506292600249,ADBL,47,54,700,407,284900
201506292600248,ADBL,25,54,800,408,326400
201506292600247,ADBL,21,54,500,409,204500
201506292600246,ADBL,50,54,20,412,8240
201506292599851,ADBL,40,26,50,415,20750
201506292600057,ADBL,50,43,30,412,12360
201506292600334,AHPC,5,34,330,322,106260
201506292600096,AHPC,21,57,300,320,96000
201506292599979,AHPC,28,7,90,323,29070
201506292599919,AHPC,5,42,17,326,5542
201506292600135,ALICL,14,48,100,1018,101800
201506292600134,ALICL,14,33,39,1015,39585
201506292600122,ALICL,14,50,200,1002,200400
201506292600097,ALICL,5,25,96,1000,96000
201506292599971,APEX,25,8,22,124,2728
201506292599943,APEX,13,8,190,122,23180
201506292600019,ARDBL,39,20,200,168,33600
201506292600060,BHBL,45,44,1000,281,281000
201506292600161,BLDBL,13,20,219,318,69642
201506292600140,BLDBL,17,48,100,317,31700
201506292600310,BPCL,41,49,300,630,189000
201506292600309,BPCL,41,49,110,630,69300
201506292599906,BUDBL,14,54,100,203,20300
201506292599981,CBBL,29,50,58,1661,96338
201506292599878,CBBL,48,25,96,1662,159552
201506292599959,CBL,50,10,545,271,147695
201506292599905,CBL,50,35,1000,271,271000
201506292599900,CBL,41,8,112,271,30352
201506292599897,CBL,33,8,300,271,81300
201506292600274,CCBL,29,29,3572,316,1128752
201506292600245,CCBL,49,49,39,317,12363
201506292600244,CCBL,49,49,39,317,12363
201506292600243,CCBL,49,49,39,317,12363
201506292600242,CCBL,49,38,20,317,6340
201506292600167,CCBL,10,38,80,317,25360
201506292600021,CCBL,45,49,39,318,12402
201506292599916,CCBL,29,58,40,317,12680
201506292599896,CCBL,37,1,37,317,11729
201506292599874,CCBL,37,8,96,317,30432
201506292600164,CCBL,10,38,120,317,38040
201506292600163,CCBL,37,38,30,317,9510
201506292600132,CCBL,45,49,39,318,12402
201506292600077,CCBL,37,18,40,317,12680
201506292600056,CCBL,45,49,39,318,12402
201506292600043,CCBL,32,40,500,317,158500
201506292600333,CDBL,33,42,38,323,12274
201506292600298,CDBL,51,42,38,324,12312
201506292599985,CDBL,55,29,55,330,18150
201506292599931,CDBL,18,18,38,331,12578
201506292599927,CDBL,14,5,67,330,22110
201506292600176,CDBL,5,5,67,325,21775
201506292600325,CHCL,19,26,104,1545,160680
201506292600272,CHCL,19,33,200,1547,309400
201506292600199,CHCL,36,38,150,1548,232200
201506292600195,CHCL,22,51,35,1550,54250
201506292600162,CHCL,19,51,316,1547,488852
201506292600160,CHCL,36,38,150,1548,232200
201506292600103,CHCL,19,38,28,1548,43344
201506292600102,CHCL,19,38,100,1548,154800
201506292600013,CHCL,14,10,28,1553,43484
201506292599994,CHCL,42,38,100,1546,154600
201506292599926,CHCL,42,45,40,1546,61840
201506292599861,CHCL,10,10,150,1547,232050
201506292600349,CZBIL,13,51,274,452,123848
201506292600346,CZBIL,16,16,190,451,85690
201506292600326,CZBIL,40,47,143,451,64493
201506292600073,CZBIL,6,51,192,453,86976
201506292600058,CZBIL,38,38,461,452,208372
201506292599885,CZBIL,5,16,459,447,205173
201506292600038,EBL,42,6,181,2097,379557
201506292599978,EBL,59,40,350,2090,731500
201506292599970,EBL,29,48,13,2110,27430
201506292599966,EBL,57,18,100,2099,209900
201506292599961,EBL,33,45,312,2084,650208
201506292599863,EBL,10,48,34,2091,71094
201506292599958,EBL,25,45,197,2090,411730
201506292599948,EBL,57,33,58,2098,121684
201506292599946,EBL,6,50,300,2089,626700
201506292599914,EBL,26,6,41,2097,85977
201506292600189,EDBL,53,48,616,576,354816
201506292600188,EDBL,53,48,10,576,5760
201506292599983,EDBL,57,52,103,570,58710
201506292599853,EIC,57,32,200,782,156400
201506292600099,EKBL,5,40,500,292,146000
201506292600305,GBIME,37,57,44,441,19404
201506292600273,GBIME,13,40,300,445,133500
201506292600240,GBIME,11,45,254,440,111760
201506292600229,GBIME,13,45,373,440,164120
201506292600221,GBIME,52,45,630,441,277830
201506292600220,GBIME,8,45,1000,441,441000
201506292599987,GBIME,16,16,2000,445,890000
201506292599976,GBIME,40,40,200,445,89000
201506292599913,GBIME,21,40,200,444,88800
201506292599912,GBIME,17,40,200,445,89000
201506292599911,GBIME,22,40,30,445,13350
201506292600204,GBIME,1,45,300,442,132600
201506292600203,GBIME,5,45,200,443,88600
201506292600202,GBIME,48,45,60,444,26640
201506292600064,GBIME,16,16,48,445,21360
201506292600049,GBIME,43,40,300,445,133500
201506292600023,GBIME,43,40,200,445,89000
201506292600347,GLICL,26,7,28,567,15876
201506292600345,GLICL,26,4,80,566,45280
201506292600055,GLICL,45,45,500,562,281000
201506292600033,GLICL,16,6,53,564,29892
201506292599998,GLICL,38,50,157,562,88234
201506292599960,GLICL,45,21,115,565,64975
201506292599944,GLICL,59,43,174,566,98484
201506292599925,GLICL,45,50,166,565,93790
201506292599940,HDL,33,34,20,569,11380
201506292600015,ICFC,16,16,37,258,9546
201506292599962,ICFC,16,26,570,256,145920
201506292600297,INDB,14,47,42,392,16464
201506292600166,JBNL,34,19,195,276,53820
201506292600128,JBNL,13,35,1000,275,275000
201506292600121,JBNL,5,35,1000,275,275000
201506292600119,JBNL,46,46,67,277,18559
201506292600115,JBNL,5,35,1000,275,275000
201506292599964,JFL,39,39,120,398,47760
201506292599977,KAFIL,13,29,81,243,19683
201506292599973,KAFIL,13,29,81,243,19683
201506292599972,KAFIL,13,29,40,243,9720
201506292599968,KAFIL,13,29,81,243,19683
201506292599864,KAFIL,13,20,177,243,43011
201506292599862,KAFIL,13,20,57,243,13851
201506292600285,KBL,44,53,132,380,50160
201506292600178,KBL,44,26,116,380,44080
201506292600145,KBL,44,6,138,380,52440
201506292600034,KBL,38,38,646,379,244834
201506292600020,KBL,29,51,500,379,189500
201506292599975,KBL,39,32,34,378,12852
201506292599963,KBL,44,55,1000,376,376000
201506292599886,KBL,39,52,35,380,13300
201506292599866,KBL,44,5,300,377,113100
201506292600321,KMCDB,33,50,50,1030,51500
201506292600196,KMCDB,29,16,30,1030,30900
201506292599872,KMCDB,7,45,175,1010,176750
201506292599870,KMCDB,58,50,10,1020,10200
201506292600258,KNBL,38,50,43,275,11825
201506292600257,KNBL,38,50,137,276,37812
201506292600016,KNBL,16,50,43,277,11911
201506292600086,LBL,17,45,165,405,66825
201506292600107,LGIL,38,43,300,355,106500
201506292600062,LGIL,50,19,671,350,234850
201506292600052,LGIL,50,26,86,350,30100
201506292599937,LGIL,7,46,585,350,204750
201506292599876,LGIL,1,1,398,351,139698
201506292600329,LICN,14,17,160,2745,439200
201506292600231,LICN,14,34,24,2744,65856
201506292600230,LICN,14,19,26,2730,70980
201506292600226,LICN,14,43,100,2725,272500
201506292600225,LICN,14,43,30,2724,81720
201506292600198,LICN,14,28,100,2725,272500
201506292600007,LICN,45,45,120,2725,327000
201506292599917,LICN,45,14,180,2720,489600
201506292599903,LICN,32,14,100,2710,271000
201506292599928,LLBS,50,50,10,790,7900
201506292599923,LLBS,50,50,10,790,7900
201506292599915,LLBS,50,50,10,790,7900
201506292599908,LLBS,50,50,10,790,7900
201506292600266,LUBL,20,56,1000,344,344000
201506292600259,LUBL,32,56,1000,344,344000
201506292600037,LUBL,38,58,10,345,3450
201506292599993,LUBL,1,8,200,346,69200
201506292599992,LUBL,40,14,1000,342,342000
201506292599988,LUBL,32,14,1000,343,343000
201506292599986,LUBL,32,14,1000,343,343000
201506292599967,LUBL,45,28,500,345,172500
201506292599955,LUBL,5,38,593,344,203992
201506292600317,MBL,33,47,164,564,92496
201506292599984,MBL,25,46,11,565,6215
201506292599951,MBL,26,53,1000,565,565000
201506292600284,MDBL,48,25,30,235,7050
201506292600087,MLBBL,21,21,20,909,18180
201506292600294,MNBBL,50,42,181,538,97378
201506292600267,MNBBL,50,50,30,538,16140
201506292600264,MNBBL,33,50,20,538,10760
201506292600255,MNBBL,50,50,30,538,16140
201506292600165,MNBBL,33,56,500,532,266000
201506292600144,MNBBL,33,56,50,538,26900
201506292600137,MNBBL,33,56,17,548,9316
201506292600251,MNBBL,50,50,30,538,16140
201506292600241,MNBBL,50,50,30,538,16140
201506292600236,MNBBL,33,50,30,538,16140
201506292600183,MNBBL,41,56,40,532,21280
201506292600175,MNBBL,33,56,2400,522,1252800
201506292600268,NABIL,20,52,152,1890,287280
201506292600046,NABIL,17,52,100,1900,190000
201506292600024,NABIL,17,3,50,1900,95000
201506292599858,NABIL,11,3,20,1900,38000
201506292599942,NABILP,42,51,120,1301,156120
201506292600348,NBB,32,45,450,516,232200
201506292600342,NBB,32,44,500,517,258500
201506292600331,NBB,32,45,500,516,258000
201506292600330,NBB,32,45,100,515,51500
201506292600327,NBB,32,36,181,515,93215
201506292600319,NBB,32,36,181,515,93215
201506292599884,NBB,4,45,18,514,9252
201506292599880,NBB,4,3,180,514,92520
201506292600090,NBB,56,46,2000,512,1024000
201506292600318,NBB,32,53,900,515,463500
201506292600316,NBB,51,45,494,514,253916
201506292600302,NBB,6,35,1000,514,514000
201506292600354,NBF1,19,39,300,14,4119
201506292600353,NBF1,19,7,1498,14,20538
201506292600219,NBF1,41,7,1498,14,20388
201506292599999,NBF1,6,26,2997,14,40609
201506292600261,NBL,44,38,500,280,140000
201506292600343,NCCB,33,40,1000,602,602000
201506292600278,NCCB,29,13,100,602,60200
201506292600254,NCCB,49,47,520,600,312000
201506292600239,NCCB,52,5,66,602,39732
201506292600237,NCCB,16,47,36,603,21708
201506292600232,NCCB,7,47,100,602,60200
201506292599938,NCCB,52,52,500,602,301000
201506292599924,NCCB,56,56,632,603,381096
201506292599921,NCCB,56,25,452,603,272556
201506292599879,NCCB,6,25,500,602,301000
201506292600003,NCCB,21,21,700,601,420700
201506292600000,NCCB,49,48,150,603,90450
201506292599990,NCCB,56,28,1000,601,601000
201506292599957,NCCB,8,57,500,601,300500
201506292599950,NCCB,8,33,1000,601,601000
201506292599945,NCCB,8,33,1000,601,601000
201506292600036,NCCB,56,50,1000,600,600000
201506292600026,NCCB,56,38,1000,600,600000
201506292600017,NCCB,13,7,500,600,300000
201506292600014,NCCB,7,14,112,602,67424
201506292600009,NCCB,41,14,490,600,294000
201506292600006,NCCB,45,14,500,600,300000
201506292600068,NCCB,28,28,500,601,300500
201506292600067,NCCB,49,59,580,600,348000
201506292600051,NCCB,45,17,231,602,139062
201506292600047,NCCB,1,1,900,600,540000
201506292600044,NCCB,56,28,1000,600,600000
201506292600041,NCCB,56,28,1000,600,600000
201506292600141,NCCB,4,21,250,602,150500
201506292600133,NCCB,6,21,200,602,120400
201506292600130,NCCB,49,28,700,600,420000
201506292600116,NCCB,13,21,150,603,90450
201506292600104,NCCB,49,28,2000,600,1200000
201506292600078,NCCB,49,8,1000,600,600000
201506292600184,NCCB,16,21,60,603,36180
201506292600173,NCCB,8,46,300,602,180600
201506292600172,NCCB,8,32,270,602,162540
201506292600171,NCCB,8,33,270,602,162540
201506292600170,NCCB,8,35,500,602,301000
201506292600168,NCCB,1,40,105,603,63315
201506292600228,NCCB,49,5,44,603,26532
201506292600227,NCCB,17,13,100,603,60300
201506292600224,NCCB,58,46,200,603,120600
201506292600208,NCCB,6,47,100,602,60200
201506292600200,NCCB,21,26,128,602,77056
201506292600190,NCCB,1,21,63,603,37989
201506292600323,NHPC,41,8,1000,120,120000
201506292600306,NHPC,51,8,500,120,60000
201506292600304,NHPC,41,8,500,120,60000
201506292600301,NHPC,21,8,1000,120,120000
201506292600296,NHPC,25,8,100,122,12200
201506292600283,NHPC,11,8,1000,120,120000
201506292600277,NHPC,32,8,1000,120,120000
201506292600252,NHPC,41,38,1000,121,121000
201506292600066,NHPC,34,45,500,121,60500
201506292599953,NHPC,25,51,1000,121,121000
201506292599922,NHPC,48,33,1000,121,121000
201506292600234,NIB,48,6,237,709,168033
201506292600212,NIB,51,19,584,709,414056
201506292600012,NIB,1,19,500,710,355000
201506292599935,NIB,49,39,110,712,78320
201506292599898,NIB,40,48,313,711,222543
201506292600223,NIBPO,26,55,500,510,255000
201506292600222,NIBPO,26,55,500,508,254000
201506292599871,NIBPO,42,55,3000,505,1515000
201506292600114,NIBPO,41,53,350,505,176750
201506292600113,NIBPO,53,53,200,506,101200
201506292600112,NIBPO,6,53,100,506,50600
201506292600293,NICA,6,59,490,620,303800
201506292600292,NICA,49,59,500,620,310000
201506292600291,NICA,40,59,80,620,49600
201506292600290,NICA,48,59,1000,621,621000
201506292600289,NICA,51,59,500,621,310500
201506292600288,NICA,51,59,230,621,142830
201506292600287,NICA,5,59,500,622,311000
201506292600080,NICA,28,47,22,630,13860
201506292599907,NICA,29,51,500,623,311500
201506292599854,NICA,40,3,20,620,12400
201506292600282,NICL,48,13,50,374,18700
201506292600059,NICL,48,39,18,367,6606
201506292600027,NICL,48,43,200,360,72000
201506292599894,NICL,14,4,100,353,35300
201506292600192,NIL,43,26,10,439,4390
201506292600177,NIL,44,16,807,431,347817
201506292599920,NIL,47,47,200,430,86000
201506292600187,NLBBL,6,6,169,1190,201110
201506292600185,NLBBL,6,6,190,1190,226100
201506292599980,NLBBL,6,39,164,1181,193684
201506292599941,NLBBL,47,53,200,1190,238000
201506292599873,NLBBL,17,53,100,1190,119000
201506292600127,NLG,51,35,500,570,285000
201506292599932,NLG,53,29,76,570,43320
201506292599869,NLG,38,49,169,568,95992
201506292600352,NLIC,43,1,10,2914,29140
201506292600350,NLIC,38,4,30,2892,86760
201506292600344,NLIC,42,28,178,2910,517980
201506292600341,NLIC,42,28,100,2910,291000
201506292600340,NLIC,42,49,100,2907,290700
201506292600339,NLIC,42,28,300,2906,871800
201506292599995,NLIC,42,16,300,2894,868200
201506292599868,NLIC,43,3,20,2895,57900
201506292599867,NLIC,56,11,200,2887,577400
201506292600075,NLIC,14,17,100,2900,290000
201506292600069,NLIC,55,44,500,2899,1449500
201506292600063,NLIC,34,34,100,2900,290000
201506292600053,NLIC,8,19,43,2904,124872
201506292600022,NLIC,56,16,300,2900,870000
201506292599996,NLIC,42,40,200,2895,579000
201506292600338,NLIC,42,17,100,2905,290500
201506292600337,NLIC,42,49,200,2905,581000
201506292600336,NLIC,42,35,50,2900,145000
201506292600335,NLIC,42,17,500,2900,1450000
201506292600271,NLIC,57,41,100,2900,290000
201506292600263,NLIC,34,34,30,2900,87000
201506292600328,NLICL,29,45,106,1888,200128
201506292600315,NLICL,8,39,122,1890,230580
201506292600210,NLICL,35,3,100,1890,189000
201506292600143,NLICL,7,39,76,1885,143260
201506292600138,NLICL,25,39,42,1886,79212
201506292600120,NLICL,38,39,102,1890,192780
201506292600061,NLICL,14,39,160,1886,301760
201506292600054,NLICL,49,39,100,1890,189000
201506292600050,NLICL,38,39,40,1891,75640
201506292600048,NLICL,38,39,100,1892,189200
201506292600010,NLICL,37,3,50,1893,94650
201506292600101,NLICL,38,17,100,1887,188700
201506292600095,NLICL,14,3,50,1890,94500
201506292600093,NLICL,38,39,36,1890,68040
201506292600089,NLICL,53,3,100,1890,189000
201506292600079,NLICL,38,3,40,1891,75640
201506292600065,NLICL,14,39,102,1886,192372
201506292599949,NTC,3,5,100,620,62000
201506292599947,NTC,28,25,100,619,61900
201506292599936,NTC,28,26,200,619,123800
201506292600275,NTC,45,4,100,620,62000
201506292599997,NTC,3,38,145,619,89755
201506292599956,NTC,42,21,3000,620,1860000
201506292599954,NTC,28,38,105,619,64995
201506292599952,NTC,42,21,2000,620,1240000
201506292600280,NTC,45,39,100,621,62100
201506292600279,NTC,45,43,420,621,260820
201506292600276,NTC,45,52,265,620,164300
201506292600314,NUBL,6,36,100,1210,121000
201506292600270,NUBL,32,45,37,1210,44770
201506292600209,NUBL,16,38,10,1210,12100
201506292600201,NUBL,6,38,196,1210,237160
201506292600109,NUBL,45,13,100,1211,121100
201506292600035,NUBL,53,53,199,1210,240790
201506292599902,NUBL,21,44,104,1215,126360
201506292599899,NUBL,32,53,200,1200,240000
201506292599895,NUBL,6,53,200,1210,242000
201506292599891,OHL,33,17,500,606,303000
201506292599890,OHL,51,17,210,607,127470
201506292599892,OHL,58,17,210,605,127050
201506292600320,PCBL,32,50,159,446,70914
201506292600300,PCBL,21,45,114,447,50958
201506292600186,PCBL,43,50,64,449,28736
201506292600039,PCBL,45,26,78,446,34788
201506292600008,PCBL,48,59,11,447,4917
201506292599860,PIC,35,47,11,500,5500
201506292600303,PLIC,57,21,154,1170,180180
201506292600295,PLIC,32,5,94,1169,109886
201506292600233,PLIC,53,5,40,1169,46760
201506292600211,PLIC,53,5,48,1170,56160
201506292600206,PLIC,58,11,107,1170,125190
201506292600205,PLIC,53,5,200,1170,234000
201506292600197,PLIC,53,43,150,1169,175350
201506292600194,PLIC,53,52,81,1169,94689
201506292600131,PLIC,42,28,500,1165,582500
201506292600011,PLIC,45,49,200,1164,232800
201506292599989,PLIC,38,59,122,1165,142130
201506292600191,PRIN,39,35,500,379,189500
201506292600169,PRIN,20,35,500,379,189500
201506292600142,PRIN,20,35,300,379,113700
201506292600129,PRIN,5,8,67,378,25326
201506292600045,PRIN,21,35,200,372,74400
201506292599877,PRIN,7,43,92,365,33580
201506292600159,PRVU,45,29,200,320,64000
201506292600158,PRVU,41,29,100,320,32000
201506292600157,PRVU,41,29,200,320,64000
201506292600156,PRVU,41,29,200,320,64000
201506292600155,PRVU,41,29,150,320,48000
201506292600154,PRVU,49,29,200,320,64000
201506292600074,PRVU,5,3,204,322,65688
201506292600071,PRVU,5,38,12,323,3876
201506292600070,PRVU,5,44,11,322,3542
201506292600030,PRVU,7,45,77,322,24794
201506292599974,PRVU,25,29,134,321,43014
201506292600147,PRVU,14,29,100,321,32100
201506292600146,PRVU,13,29,100,322,32200
201506292600092,PRVU,5,6,243,324,78732
201506292600088,PRVU,5,7,190,323,61370
201506292600084,PRVU,5,38,12,323,3876
201506292600082,PRVU,5,38,12,323,3876
201506292600153,PRVU,11,29,100,320,32000
201506292600152,PRVU,47,29,200,320,64000
201506292600151,PRVU,16,29,300,320,96000
201506292600150,PRVU,58,29,300,320,96000
201506292600149,PRVU,33,29,200,321,64200
201506292600148,PRVU,36,29,300,321,96300
201506292600308,RHPC,43,21,12,416,4992
201506292600265,RHPC,51,42,18,416,7488
201506292600126,RHPC,51,41,12,416,4992
201506292600100,RHPC,5,42,11,417,4587
201506292600081,RHPC,50,42,12,420,5040
201506292600042,RHPC,32,29,92,418,38456
201506292600040,RHPC,32,29,92,418,38456
201506292599909,RMDC,44,34,540,635,342900
201506292600260,SANIMA,17,38,398,560,222880
201506292600207,SANIMA,33,16,150,561,84150
201506292599893,SANIMA,36,16,300,561,168300
201506292600253,SBBLJ,28,28,500,392,196000
201506292600094,SBI,54,14,500,895,447500
201506292599888,SBL,13,52,113,676,76388
201506292599859,SBL,53,16,326,670,218420
201506292599852,SBL,36,49,200,672,134400
201506292600110,SCB,57,3,70,1910,133700
201506292600098,SCB,57,34,13,1910,24830
201506292600085,SCB,57,5,36,1909,68724
201506292600076,SCB,57,7,50,1900,95000
201506292599887,SCB,55,3,100,1900,190000
201506292599883,SCB,55,7,19,1900,36100
201506292600322,SEWA,57,38,178,273,48594
201506292600286,SEWA,57,45,193,274,52882
201506292600025,SEWA,57,29,37,275,10175
201506292600001,SEWA,57,29,37,275,10175
201506292600072,SHBL,21,45,200,1175,235000
201506292599889,SHBL,16,45,200,1170,234000
201506292600123,SHINE,5,58,336,344,115584
201506292599857,SHINE,42,17,75,344,25800
201506292599856,SHINE,42,26,232,344,79808
201506292599855,SHINE,42,26,55,344,18920
201506292599882,SHINE,38,26,84,341,28644
201506292600136,SHPC,38,6,400,700,280000
201506292600125,SHPC,57,35,18,700,12600
201506292600111,SHPC,57,35,18,700,12600
201506292600005,SHPC,5,50,30,695,20850
201506292600002,SHPC,5,22,18,690,12420
201506292600313,SKBBL,41,44,200,1300,260000
201506292600312,SKBBL,6,44,100,1300,130000
201506292600311,SKBBL,13,44,100,1301,130100
201506292600262,SKBBL,13,42,12,1301,15612
201506292600218,SKBBL,57,44,200,1305,261000
201506292600217,SKBBL,13,44,50,1306,65300
201506292600032,SKBBL,42,14,232,1310,303920
201506292600031,SKBBL,42,3,11,1310,14410
201506292600299,SLICL,14,28,500,652,326000
201506292600238,SLICL,14,25,149,654,97446
201506292600216,SLICL,42,57,602,650,391300
201506292600215,SLICL,42,6,102,650,66300
201506292600108,SLICL,14,42,287,645,185115
201506292600106,SLICL,14,37,42,643,27006
201506292600029,SLICL,14,43,685,640,438400
201506292599865,SLICL,4,43,228,640,145920
201506292600214,SLICL,42,6,277,650,180050
201506292600213,SLICL,42,37,380,649,246620
201506292600193,SLICL,48,33,50,648,32400
201506292600269,SODBL,8,8,3815,106,404390
201506292599901,SODBL,47,35,200,108,21600
201506292600324,SRBL,36,53,250,417,104250
201506292600281,SRBL,58,43,330,418,137940
201506292600332,SUPRME,22,55,200,155,31000
201506292600256,SUPRME,32,55,390,154,60060
201506292600235,SUPRME,32,55,500,154,77000
201506292600004,SUPRME,41,55,100,155,15500
201506292599991,SUPRME,16,55,200,155,31000
201506292599965,SUPRME,22,14,11,156,1716
201506292600307,SWBBL,14,14,124,1586,196664
201506292599939,SWBBL,33,44,200,1600,320000
201506292599934,SWBBL,33,44,200,1600,320000
201506292599933,SWBBL,33,44,200,1600,320000
201506292599930,SWBBL,33,44,200,1600,320000
201506292599929,SWBBL,33,44,200,1600,320000
201506292600174,UFIL,17,1,44,137,6028
201506292600139,UIC,39,44,100,414,41400
201506292600105,UIC,21,39,98,411,40278
201506292600018,UIC,21,55,370,410,151700
201506292599969,UIC,45,55,500,408,204000
201506292599881,UIC,10,20,600,405,243000
201506292599875,UIC,10,55,500,404,202000
201506292600351,WDBL,45,43,44,300,13200
201506292599918,WDBL,18,18,21,296,6216
201506292599910,WDBL,18,18,21,296,6216
201506292599904,WDBL,18,18,21,296,6216
201506292600028,YETI,11,55,70,126,8820
201506292599844,ADBL,40,37,260,415,107900
201506292599837,ADBL,43,26,290,410,118900
201506292599817,ADBL,38,37,755,415,313325
201506292599413,ADBL,22,37,30,420,12600
201506292599657,ADBL,48,57,700,414,289800
201506292599642,ADBL,36,57,1040,412,428480
201506292599525,ADBL,14,26,71,415,29465
201506292599472,ADBL,14,26,420,415,174300
201506292599710,AHPC,5,17,40,326,13040
201506292599491,AHPC,7,21,346,321,111066
201506292599449,AHPC,5,26,180,326,58680
201506292599714,ALDBL,41,3,300,310,93000
201506292599561,ALDBL,58,37,40,312,12480
201506292599680,ALICL,14,50,500,1000,500000
201506292599568,ALICL,40,49,179,1010,180790
201506292599566,ALICL,40,14,170,1010,171700
201506292599563,ALICL,22,41,31,1018,31558
201506292599723,APEX,13,47,397,123,48831
201506292599722,APEX,13,8,100,123,12300
201506292599442,APEX,11,48,20,121,2420
201506292599438,APEX,11,48,20,121,2420
201506292599451,APEX,11,48,20,121,2420
201506292599448,APEX,11,48,20,121,2420
201506292599831,ARDBL,14,47,52,171,8892
201506292599830,ARDBL,14,14,31,170,5270
201506292599559,ARDBL,39,47,52,168,8736
201506292599787,CBBL,16,17,82,1665,136530
201506292599718,CBBL,45,18,29,1666,48314
201506292599551,CBBL,45,22,300,1666,499800
201506292599545,CBBL,45,22,100,1670,167000
201506292599426,CBBL,45,50,100,1680,168000
201506292599717,CBL,16,35,1000,272,272000
201506292599693,CBL,1,35,1000,270,270000
201506292599692,CBL,16,35,1000,271,271000
201506292599676,CBL,16,26,221,271,59891
201506292599669,CBL,1,26,204,270,55080
201506292599651,CBL,1,26,323,270,87210
201506292599417,CBL,50,50,117,272,31824
201506292599355,CBL,50,59,583,272,158576
201506292599349,CBL,36,26,137,272,37264
201506292599623,CBL,1,35,700,270,189000
201506292599622,CBL,19,35,300,271,81300
201506292599599,CBL,19,35,1000,271,271000
201506292599598,CBL,1,35,1000,272,272000
201506292599586,CBL,1,58,981,271,265851
201506292599428,CBL,50,50,99,272,26928
201506292599810,CCBL,17,49,39,318,12402
201506292599763,CCBL,38,38,40,318,12720
201506292599749,CCBL,21,49,92,318,29256
201506292599746,CCBL,36,49,39,318,12402
201506292599743,CCBL,58,40,500,318,159000
201506292599634,CCBL,36,13,40,318,12720
201506292599399,CCBL,14,39,1000,315,315000
201506292599482,CCBL,38,40,500,317,158500
201506292599437,CCBL,29,39,2000,316,632000
201506292599422,CCBL,29,43,100,320,32000
201506292599421,CCBL,29,18,40,320,12800
201506292599406,CCBL,36,38,240,318,76320
201506292599405,CCBL,59,16,1072,317,339824
201506292599600,CCBL,38,38,20,319,6380
201506292599595,CCBL,36,26,100,318,31800
201506292599594,CCBL,38,26,100,318,31800
201506292599577,CCBL,38,18,40,319,12760
201506292599570,CCBL,38,50,40,319,12760
201506292599483,CCBL,59,40,500,317,158500
201506292599591,CDBL,14,14,17,336,5712
201506292599839,CHCL,36,38,100,1550,155000
201506292599835,CHCL,48,48,543,1549,841107
201506292599809,CHCL,36,38,100,1548,154800
201506292599803,CHCL,37,38,100,1549,154900
201506292599777,CHCL,48,33,45,1554,69930
201506292599736,CHCL,51,11,350,1548,541800
201506292599490,CHCL,42,41,100,1546,154600
201506292599487,CHCL,42,41,100,1546,154600
201506292599466,CHCL,19,22,104,1544,160576
201506292599424,CHCL,29,11,500,1543,771500
201506292599414,CHCL,10,13,50,1545,77250
201506292599381,CHCL,42,36,130,1542,200460
201506292599625,CHCL,44,33,500,1550,775000
201506292599624,CHCL,44,38,100,1550,155000
201506292599611,CHCL,44,11,165,1548,255420
201506292599543,CHCL,42,55,50,1546,77300
201506292599506,CHCL,42,41,500,1543,771500
201506292599504,CHCL,42,41,200,1544,308800
201506292599728,CHCL,44,11,500,1545,772500
201506292599726,CHCL,10,10,100,1549,154900
201506292599707,CHCL,51,13,162,1548,250776
201506292599646,CHCL,42,38,100,1550,155000
201506292599635,CHCL,42,41,500,1550,775000
201506292599628,CHCL,44,41,500,1549,774500
201506292599644,CZBIL,36,19,66,451,29766
201506292599471,CZBIL,6,49,268,455,121940
201506292599452,CZBIL,5,8,441,455,200655
201506292599410,CZBIL,5,26,73,456,33288
201506292599849,EBL,19,48,50,2090,104500
201506292599706,EBL,49,49,150,2098,314700
201506292599655,EBL,45,48,50,2100,105000
201506292599648,EBL,6,48,500,2090,1045000
201506292599633,EBL,10,49,66,2100,138600
201506292599432,EIC,57,39,200,782,156400
201506292599762,EKBL,58,48,16,292,4672
201506292599758,EKBL,47,4,170,288,48960
201506292599757,EKBL,58,48,16,292,4672
201506292599747,EKBL,58,11,98,291,28518
201506292599697,EKBL,26,40,1000,290,290000
201506292599715,FMDBL,11,26,25,556,13900
201506292599804,GBIME,21,50,32,445,14240
201506292599739,GBIME,55,16,100,446,44600
201506292599738,GBIME,55,16,100,446,44600
201506292599610,GBIME,22,16,69,446,30774
201506292599492,GBIME,16,16,10,455,4550
201506292599402,GBIME,35,16,500,450,225000
201506292599373,GBIME,35,34,600,450,270000
201506292599820,GLICL,37,7,28,568,15904
201506292599818,GLICL,37,35,70,565,39550
201506292599802,GLICL,38,48,120,562,67440
201506292599764,GLICL,7,21,30,568,17040
201506292599725,GLICL,45,16,500,565,282500
201506292599510,GLICL,38,4,131,566,74146
201506292599354,GLICL,25,8,200,566,113200
201506292599352,GLICL,22,8,100,567,56700
201506292599351,GLICL,36,8,100,568,56800
201506292599350,GLICL,45,8,10,577,5770
201506292599509,GLICL,38,10,90,565,50850
201506292599436,GLICL,25,59,42,557,23394
201506292599419,GLICL,47,21,90,560,50400
201506292599376,GLICL,38,48,498,560,278880
201506292599370,GLICL,45,8,168,563,94584
201506292599358,GLICL,13,26,500,565,282500
201506292599654,HAMA,47,14,50,152,7600
201506292599597,HAMA,47,45,440,152,66880
201506292599503,HAMA,47,39,90,154,13860
201506292599475,ICFC,13,39,50,260,13000
201506292599433,ICFC,42,42,10,261,2610
201506292599756,IDBL,29,52,11,176,1936
201506292599755,IDBL,29,14,22,175,3850
201506292599401,ILFC,1,8,970,149,144530
201506292599365,ILFC,1,8,200,149,29800
201506292599364,ILFC,32,8,100,150,15000
201506292599363,ILFC,1,8,80,152,12160
201506292599362,ILFC,26,8,50,152,7600
201506292599407,JBBL,53,37,10,162,1620
201506292599619,JBNL,36,43,811,277,224647
201506292599532,JBNL,52,50,140,276,38640
201506292599751,KAFIL,13,41,120,243,29160
201506292599429,KAFIL,35,32,113,243,27459
201506292599822,KBL,55,5,46,378,17388
201506292599621,KBL,29,45,140,380,53200
201506292599511,KBL,35,41,266,380,101080
201506292599496,KBL,35,47,500,380,190000
201506292599474,KBL,44,14,538,382,205516
201506292599468,KBL,29,43,100,383,38300
201506292599462,KBL,29,46,221,383,84643
201506292599841,KDBL,32,43,55,143,7865
201506292599507,KDBL,51,8,21,141,2961
201506292599488,KDBL,50,50,109,140,15260
201506292599485,KDBL,50,5,43,141,6063
201506292599659,KMCDB,7,50,10,1010,10100
201506292599389,KNBL,16,37,10,275,2750
201506292599695,LBL,36,35,300,405,121500
201506292599681,LBL,52,35,200,406,81200
201506292599460,LFLC,39,11,161,204,32844
201506292599774,LGIL,41,22,200,350,70000
201506292599773,LGIL,41,14,467,349,162983
201506292599554,LGIL,38,26,10,346,3460
201506292599553,LGIL,38,14,50,346,17300
201506292599552,LGIL,38,42,44,341,15004
201506292599396,LGIL,38,38,537,340,182580
201506292599812,LICN,28,8,100,2725,272500
201506292599686,LICN,28,57,300,2725,817500
201506292599664,LICN,39,47,20,2750,55000
201506292599501,LICN,25,17,1300,2740,3562000
201506292599470,LICN,14,45,200,2740,548000
201506292599439,LICN,39,22,30,2760,82800
201506292599416,LICN,39,32,20,2760,55200
201506292599660,LUBL,5,11,241,347,83627
201506292599445,LUBL,25,8,214,346,74044
201506292599378,MBBL,45,37,63,196,12348
201506292599850,MBL,25,20,11,565,6215
201506292599785,MBL,1,59,99,567,56133
201506292599784,MBL,1,52,200,567,113400
201506292599731,MBL,49,38,71,566,40186
201506292599653,MBL,25,38,130,565,73450
201506292599643,MBL,36,36,500,566,283000
201506292599608,MBL,57,38,500,565,282500
201506292599469,MBL,14,16,619,565,349735
201506292599418,MBL,25,45,142,564,80088
201506292599585,MDB,19,34,84,505,42420
201506292599531,MDBL,38,1,313,232,72616
201506292599459,METRO,57,50,19,344,6536
201506292599444,METRO,57,58,26,344,8944
201506292599443,METRO,57,58,500,344,172000
201506292599807,MNBBL,48,25,10,559,5590
201506292599798,MNBBL,48,48,682,549,374418
201506292599797,MNBBL,48,39,10,549,5490
201506292599796,MNBBL,48,7,10,542,5420
201506292599795,MNBBL,48,8,500,542,271000
201506292599794,MNBBL,48,36,500,540,270000
201506292599779,MNBBL,48,45,102,541,55182
201506292599778,MNBBL,48,36,500,538,269000
201506292599647,MNBBL,16,7,36,540,19440
201506292599638,MNBBL,16,36,1000,535,535000
201506292599753,NABIL,17,52,200,1899,379800
201506292599694,NABIL,6,6,763,1897,1447411
201506292599670,NABIL,6,6,764,1897,1449308
201506292599656,NABIL,11,41,72,1900,136800
201506292599379,NABIL,14,14,350,1907,667450
201506292599377,NABIL,50,41,30,1900,57000
201506292599356,NABIL,14,14,150,1907,286050
201506292599789,NABILP,32,33,120,1300,156000
201506292599783,NABILP,26,29,240,1300,312000
201506292599814,NBB,20,46,200,515,103000
201506292599481,NBB,33,53,1000,515,515000
201506292599450,NBB,44,45,500,514,257000
201506292599388,NBB,36,53,1000,515,515000
201506292599375,NBB,46,44,500,515,257500
201506292599527,NBB,36,6,100,518,51800
201506292599518,NBB,36,7,200,518,103600
201506292599516,NBB,36,45,120,516,61920
201506292599512,NBB,56,7,1000,517,517000
201506292599508,NBB,56,36,181,516,93396
201506292599502,NBB,56,21,49,517,25333
201506292599629,NBB,56,50,65,515,33475
201506292599607,NBB,56,45,1620,515,834300
201506292599601,NBB,4,45,250,515,128750
201506292599702,NBB,56,17,435,514,223590
201506292599668,NBB,6,5,605,514,310970
201506292599639,NBB,46,19,42,515,21630
201506292599771,NBB,5,50,15,511,7665
201506292599769,NBB,54,42,200,507,101400
201506292599768,NBB,5,50,90,510,45900
201506292599729,NBB,44,46,300,514,154200
201506292599834,NBL,44,33,5000,282,1410000
201506292599721,NBL,53,25,95,287,27265
201506292599677,NBL,29,20,105,287,30135
201506292599673,NBL,5,3,100,287,28700
201506292599560,NBL,5,48,100,287,28700
201506292599453,NBL,48,47,100,289,28900
201506292599382,NBL,34,8,1051,285,299535
201506292599829,NCCB,8,6,120,603,72360
201506292599826,NCCB,59,6,300,603,180900
201506292599825,NCCB,49,6,300,603,180900
201506292599824,NCCB,57,6,30,603,18090
201506292599823,NCCB,29,6,100,603,60300
201506292599816,NCCB,8,51,488,603,294264
201506292599372,NCCB,1,45,105,604,63420
201506292599366,NCCB,21,32,500,602,301000
201506292599360,NCCB,40,32,1000,602,602000
201506292599479,NCCB,56,21,306,604,184824
201506292599476,NCCB,56,36,114,604,68856
201506292599454,NCCB,33,14,500,601,300500
201506292599420,NCCB,52,49,525,602,316050
201506292599412,NCCB,25,52,210,604,126840
201506292599387,NCCB,8,40,940,600,564000
201506292599549,NCCB,56,59,810,600,486000
201506292599542,NCCB,36,5,40,605,24200
201506292599535,NCCB,1,5,50,605,30250
201506292599521,NCCB,56,14,786,603,473958
201506292599515,NCCB,36,42,10,605,6050
201506292599500,NCCB,58,49,472,603,284616
201506292599587,NCCB,50,6,100,605,60500
201506292599576,NCCB,57,5,220,603,132660
201506292599574,NCCB,50,21,100,605,60500
201506292599558,NCCB,25,5,90,604,54360
201506292599555,NCCB,52,5,100,604,60400
201506292599550,NCCB,57,39,500,604,302000
201506292599815,NCCB,8,21,420,603,253260
201506292599775,NCCB,1,43,221,603,133263
201506292599708,NCCB,1,42,105,603,63315
201506292599705,NCCB,26,42,100,604,60400
201506292599632,NCCB,4,4,105,605,63525
201506292599618,NCCB,29,32,500,604,302000
201506292599772,NCM,22,17,252,232,58464
201506292599759,NCM,48,48,360,231,83160
201506292599689,NHPC,36,21,1000,120,120000
201506292599652,NHPC,48,4,1000,120,120000
201506292599590,NHPC,57,4,1000,120,120000
201506292599440,NHPC,36,21,1000,122,122000
201506292599588,NIB,19,8,100,715,71500
201506292599415,NIB,26,45,214,710,151940
201506292599397,NIB,40,26,66,716,47256
201506292599833,NIBPO,19,55,1000,505,505000
201506292599650,NIBPO,6,55,500,505,252500
201506292599631,NIBPO,1,55,500,505,252500
201506292599848,NICA,51,3,25,621,15525
201506292599727,NICA,51,29,200,621,124200
201506292599700,NICA,21,34,69,622,42918
201506292599737,NICL,14,19,34,350,11900
201506292599661,NICL,32,19,34,348,11832
201506292599836,NIL,25,20,55,429,23595
201506292599691,NLG,53,26,39,568,22152
201506292599391,NLG,21,36,213,567,120771
201506292599845,NLIC,16,16,2085,2890,6025650
201506292599821,NLIC,19,55,60,2890,173400
201506292599806,NLIC,14,25,25,2900,72500
201506292599805,NLIC,43,25,25,2900,72500
201506292599801,NLIC,19,54,200,2890,578000
201506292599800,NLIC,56,40,120,2895,347400
201506292599441,NLIC,43,3,30,2905,87150
201506292599393,NLIC,10,17,100,2900,290000
201506292599616,NLIC,50,53,80,2900,232000
201506292599615,NLIC,10,53,20,2900,58000
201506292599548,NLIC,56,19,43,2912,125216
201506292599539,NLIC,56,26,20,2908,58160
201506292599534,NLIC,56,52,40,2904,116160
201506292599526,NLIC,56,32,72,2900,208800
201506292599799,NLIC,56,44,370,2899,1072630
201506292599679,NLIC,42,28,300,2905,871500
201506292599678,NLIC,42,17,200,2905,581000
201506292599658,NLIC,57,49,100,2900,290000
201506292599645,NLIC,34,28,200,2905,581000
201506292599617,NLIC,34,53,100,2900,290000
201506292599666,NLICL,17,32,100,1893,189300
201506292599589,NLICL,10,3,50,1890,94500
201506292599578,NLICL,10,41,95,1890,179550
201506292599528,NLICL,38,26,22,1887,41514
201506292599383,NLICL,55,39,420,1881,790020
201506292599371,NLICL,35,39,771,1880,1449480
201506292599808,NTC,3,5,100,620,62000
201506292599793,NTC,42,21,2000,622,1244000
201506292599792,NTC,42,22,100,622,62200
201506292599791,NTC,42,8,50,621,31050
201506292599781,NTC,42,17,200,620,124000
201506292599478,NTC,42,43,500,620,310000
201506292599626,NTC,17,25,300,620,186000
201506292599614,NTC,17,5,100,620,62000
201506292599593,NTC,42,5,100,620,62000
201506292599640,NTC,17,5,100,620,62000
201506292599637,NTC,28,1,120,622,74640
201506292599636,NTC,28,6,300,621,186300
201506292599780,NTC,42,5,100,620,62000
201506292599716,NTC,28,5,100,620,62000
201506292599811,NUBL,6,6,140,1210,169400
201506292599499,PCBL,3,50,64,450,28800
201506292599457,PCBL,3,7,11,450,4950
201506292599842,PIC,35,1,29,500,14500
201506292599703,PIC,3,1,10,491,4910
201506292599411,PIC,39,22,78,482,37596
201506292599665,PICL,7,28,407,396,161172
201506292599367,PICL,3,58,10,396,3960
201506292599357,PICL,6,58,10,395,3950
201506292599353,PICL,38,58,10,388,3880
201506292599813,PLIC,21,21,11,1170,12870
201506292599770,PLIC,50,36,135,1165,157275
201506292599766,PLIC,21,56,199,1167,232233
201506292599765,PLIC,32,45,53,1167,61851
201506292599752,PLIC,26,25,114,1168,133152
201506292599734,PLIC,50,56,94,1170,109980
201506292599602,PLIC,53,6,108,1171,126468
201506292599575,PLIC,48,48,150,1170,175500
201506292599564,PLIC,26,16,500,1165,582500
201506292599556,PLIC,44,14,671,1166,782386
201506292599688,PLIC,57,41,350,1173,410550
201506292599675,PLIC,53,43,81,1178,95418
201506292599674,PLIC,53,48,50,1177,58850
201506292599663,PLIC,53,6,50,1175,58750
201506292599649,PLIC,53,6,50,1174,58700
201506292599627,PLIC,38,17,300,1170,351000
201506292599782,PRDBL,39,8,20,154,3080
201506292599408,PRDBL,39,17,110,154,16940
201506292599847,PRIN,7,35,400,365,146000
201506292599713,PRIN,3,35,100,358,35800
201506292599767,PRVU,11,8,11,320,3520
201506292599761,PRVU,7,8,44,321,14124
201506292599760,PRVU,16,45,191,320,61120
201506292599754,PRVU,11,45,100,321,32100
201506292599750,PRVU,11,45,100,321,32100
201506292599742,PRVU,11,45,200,321,64200
201506292599380,PRVU,37,37,33,328,10824
201506292599435,PRVU,37,37,11,327,3597
201506292599404,PRVU,17,10,500,325,162500
201506292599403,PRVU,40,10,1000,324,324000
201506292599398,PRVU,17,8,1239,324,401436
201506292599395,PRVU,4,10,44,327,14388
201506292599394,PRVU,22,10,216,326,70416
201506292599497,PRVU,48,8,11,325,3575
201506292599495,PRVU,53,8,11,325,3575
201506292599465,PRVU,37,6,40,326,13040
201506292599464,PRVU,5,6,100,326,32600
201506292599463,PRVU,48,6,100,326,32600
201506292599446,PRVU,37,50,160,326,52160
201506292599544,PRVU,25,29,500,321,160500
201506292599540,PRVU,25,29,500,321,160500
201506292599533,PRVU,25,29,500,321,160500
201506292599524,PRVU,50,29,200,321,64200
201506292599523,PRVU,21,29,1000,322,322000
201506292599522,PRVU,36,29,500,324,162000
201506292599741,PRVU,25,45,500,320,160000
201506292599740,PRVU,25,45,500,320,160000
201506292599712,PRVU,7,38,12,322,3864
201506292599682,PRVU,7,38,12,322,3864
201506292599613,PRVU,36,38,12,321,3852
201506292599546,PRVU,25,29,310,321,99510
201506292599744,REDBL,48,48,111,202,22422
201506292599719,REDBL,50,48,136,201,27336
201506292599447,RHPC,20,50,11,420,4620
201506292599838,RMDC,13,42,33,625,20625
201506292599819,RMDC,50,34,330,632,208560
201506292599790,RMDC,13,38,232,630,146160
201506292599788,RMDC,13,51,144,629,90576
201506292599735,RMDC,13,42,33,620,20460
201506292599489,RMDC,13,42,33,622,20526
201506292599832,SANIMA,36,16,378,560,211680
201506292599662,SANIMA,25,16,61,560,34160
201506292599374,SANIMA,4,36,178,563,100214
201506292599368,SANIMA,45,17,52,565,29380
201506292599827,SBI,47,56,80,900,72000
201506292599486,SBI,47,51,240,901,216240
201506292599427,SBI,47,26,130,901,117130
201506292599519,SBL,10,25,11,672,7392
201506292599477,SBL,36,19,293,675,197775
201506292599828,SCB,36,3,100,1890,189000
201506292599732,SCB,55,16,93,1890,175770
201506292599571,SCB,35,8,179,1910,341890
201506292599541,SDBL,1,11,35,195,6825
201506292599699,SEWA,43,32,76,279,21204
201506292599592,SEWA,43,50,20,279,5580
201506292599529,SEWA,36,32,50,279,13950
201506292599840,SHBL,55,45,200,1170,234000
201506292599846,SHINE,43,45,216,342,73872
201506292599843,SHINE,43,45,31,342,10602
201506292599605,SHINE,13,48,450,341,153450
201506292599604,SHINE,43,48,200,341,68200
201506292599603,SHINE,43,48,350,342,119700
201506292599696,SHINE,43,26,23,338,7774
201506292599683,SHINE,43,26,29,338,9802
201506292599612,SHINE,13,48,48,341,16368
201506292599498,SHPC,16,22,18,682,12276
201506292599431,SICL,5,38,300,725,217500
201506292599386,SICL,6,38,300,726,217800
201506292599385,SICL,49,38,100,726,72600
201506292599606,SIFC,17,5,500,344,172000
201506292599569,SIL,35,35,1000,600,600000
201506292599565,SIL,35,26,18,593,10674
201506292599514,SIL,39,38,10,593,5930
201506292599390,SIL,29,26,18,582,10476
201506292599720,SKBBL,59,44,200,1305,261000
201506292599687,SKBBL,48,48,135,1315,177525
201506292599748,SLICL,22,22,17,637,10829
201506292599733,SLICL,22,22,25,637,15925
201506292599685,SLICL,37,14,34,638,21692
201506292599423,SLICL,25,10,12,633,7596
201506292599392,SLICL,38,59,500,631,315500
201506292599369,SLICL,48,7,42,633,26586
201506292599596,SLICL,13,26,351,635,222885
201506292599572,SLICL,25,26,34,634,21556
201506292599484,SLICL,45,26,125,632,79000
201506292599480,SLICL,45,26,111,632,70152
201506292599473,SLICL,25,11,42,633,26586
201506292599467,SLICL,13,11,93,633,58869
201506292599455,SMFDB,1,40,100,1639,163900
201506292599745,SODBL,11,35,300,110,33000
201506292599730,SRBL,38,45,605,414,250470
201506292599724,SRBL,25,45,500,415,207500
201506292599461,SRBL,44,34,500,418,209000
201506292599458,SRBL,26,36,200,418,83600
201506292599384,SRBL,1,1,500,421,210500
201506292599641,SUPRME,22,45,140,156,21840
201506292599630,SUPRME,32,50,210,155,32550
201506292599530,SUPRME,46,20,800,153,122400
201506292599520,SUPRME,17,16,228,154,35112
201506292599517,SUPRME,17,8,21,157,3297
201506292599513,SUPRME,19,8,21,157,3297
201506292599709,SWBBL,33,1,100,1600,160000
201506292599667,SWBBL,36,6,100,1600,160000
201506292599562,SWBBL,33,44,100,1600,160000
201506292599672,SYFL,32,26,500,95,47500
201506292599620,SYFL,32,14,21,95,1995
201506292599409,UIC,10,58,96,408,39168
201506292599776,WDBL,5,8,36,300,10800
201506292599704,YETI,28,57,2998,125,374750
201506292599701,YETI,38,57,91,126,11466
201506292599698,YETI,13,49,20,128,2560
201506292599690,YETI,13,49,20,128,2560
201506292599684,YETI,13,49,20,128,2560
201506292599671,YETI,13,49,20,128,2560
201506292599430,YETI,13,17,154,126,19404
201506292599425,YETI,13,51,232,126,29232
201506292599400,YETI,11,14,60,126,7560
201506292599557,YETI,45,45,40,127,5080
201506292599547,YETI,11,50,23,126,2898
201506292599538,YETI,4,49,20,128,2560
201506292599537,YETI,4,49,70,128,8960
201506292599536,YETI,4,49,20,128,2560
201506292599505,YETI,11,8,50,126,6300
201506292599222,AHPC,52,39,135,326,44010
201506292599073,AHPC,26,5,24,326,7824
201506292599165,ALDBL,5,25,47,312,14664
201506292599148,ALICL,17,36,100,1038,103800
201506292598951,ALICL,5,36,33,1058,34914
201506292598891,ALICL,43,41,106,1040,110240
201506292598859,ALICL,43,48,100,1020,102000
201506292598858,ALICL,43,41,15,1020,15300
201506292599329,BHBL,45,36,500,277,138500
201506292599042,BPCL,48,43,30,642,19260
201506292599128,BUDBL,35,4,96,205,19680
201506292599124,BUDBL,35,45,330,204,67320
201506292599067,BUDBL,4,11,30,201,6030
201506292599184,CBBL,45,26,41,1690,69290
201506292599107,CBBL,29,58,46,1693,77878
201506292599321,CBL,1,53,272,272,73984
201506292599285,CBL,1,53,272,271,73712
201506292599191,CBL,1,59,872,273,238056
201506292599141,CBL,49,46,1000,272,272000
201506292599034,CBL,33,11,359,276,99084
201506292599013,CBL,36,35,1000,275,275000
201506292599012,CBL,1,14,66,280,18480
201506292598851,CBL,36,59,872,275,239800
201506292599340,CCBL,38,16,1000,317,317000
201506292599258,CCBL,38,58,500,317,158500
201506292599255,CCBL,1,58,71,319,22649
201506292599238,CCBL,1,39,50,319,15950
201506292599223,CCBL,38,36,183,318,58194
201506292599171,CCBL,4,17,352,320,112640
201506292599168,CCBL,4,16,200,319,63800
201506292599100,CCBL,59,43,50,321,16050
201506292598981,CCBL,11,52,500,321,160500
201506292598980,CCBL,11,34,500,321,160500
201506292598856,CCBL,11,29,24,320,7680
201506292599233,CDBL,37,37,13,331,4303
201506292599144,CDBL,37,37,13,331,4303
201506292599106,CDBL,14,11,46,330,15180
201506292599084,CDBL,37,37,26,324,8424
201506292599337,CHCL,42,41,500,1552,776000
201506292599336,CHCL,42,11,500,1550,775000
201506292599335,CHCL,42,33,200,1550,310000
201506292599293,CHCL,35,21,200,1545,309000
201506292599251,CHCL,43,45,187,1540,287980
201506292599108,CHCL,25,33,200,1550,310000
201506292599105,CHCL,7,33,200,1550,310000
201506292599102,CHCL,42,41,200,1554,310800
201506292599101,CHCL,10,41,100,1555,155500
201506292599109,CZBIL,34,22,100,460,46000
201506292599076,CZBIL,29,41,147,460,67620
201506292599069,CZBIL,29,11,17,460,7820
201506292599068,CZBIL,29,11,28,460,12880
201506292599004,CZBIL,38,41,147,460,67620
201506292598998,CZBIL,33,33,532,459,244188
201506292598993,CZBIL,38,49,12,460,5520
201506292598952,CZBIL,26,11,190,458,87020
201506292599219,EBL,45,29,200,2100,420000
201506292599186,EBL,42,42,1000,2110,2110000
201506292598913,EBL,25,49,100,2121,212100
201506292598899,EBL,44,11,300,2110,633000
201506292599252,EIC,48,48,100,782,78200
201506292599250,EIC,57,41,100,782,78200
201506292599190,EIC,5,41,200,782,156400
201506292599120,EIC,57,41,200,782,156400
201506292599097,EIC,57,17,100,782,78200
201506292599096,EIC,57,14,10,782,7820
201506292599023,EIC,48,17,50,753,37650
201506292598875,EIC,14,14,10,739,7390
201506292599082,EIC,42,14,50,782,39100
201506292599081,EIC,42,39,50,782,39100
201506292599080,EIC,42,41,100,782,78200
201506292599071,EIC,17,17,200,768,153600
201506292599047,EIC,17,16,50,782,39100
201506292599028,EIC,17,17,50,768,38400
201506292599018,EKBL,58,10,163,293,47759
201506292599200,FMDBL,10,26,300,555,166500
201506292598999,FMDBL,4,7,100,563,56300
201506292598984,GBIME,29,29,30,449,13470
201506292599231,GLICL,38,33,322,578,186116
201506292599228,GLICL,48,43,82,575,47150
201506292599221,GLICL,45,39,15,580,8700
201506292599164,GLICL,50,42,25,569,14225
201506292599121,GLICL,45,16,180,580,104400
201506292599115,GLICL,45,35,500,578,289000
201506292598896,GLICL,32,41,120,572,68640
201506292599092,GLICL,48,19,166,579,96114
201506292599066,GLICL,29,19,93,578,53754
201506292599003,GLICL,45,16,690,577,398130
201506292598923,GLICL,47,39,10,583,5830
201506292598922,GLICL,47,3,70,583,40810
201506292598910,GLICL,45,41,131,572,74932
201506292599294,HBL,25,25,20,827,16540
201506292599296,ICFC,41,11,184,261,48024
201506292599248,ICFC,13,11,240,260,62400
201506292599208,ICFC,54,11,126,263,33138
201506292599194,ICFC,54,11,40,263,10520
201506292599147,ICFC,54,58,203,264,53592
201506292599130,ICFC,17,42,500,260,130000
201506292598905,IDBL,26,29,300,174,52200
201506292599343,ILFC,1,49,420,152,63840
201506292598983,ILFC,20,20,2500,155,387500
201506292598979,ILFC,26,26,1050,157,164850
201506292598944,ILFC,20,22,26,157,4082
201506292598865,ILFC,35,22,20,154,3080
201506292598849,ILFC,3,11,100,151,15100
201506292599278,JBBL,53,37,10,162,1620
201506292599265,JBBL,53,37,10,162,1620
201506292599241,JBBL,46,37,10,165,1650
201506292599235,JBBL,46,37,10,165,1650
201506292598867,JBBL,22,37,10,161,1610
201506292598881,JBBL,13,49,10,162,1620
201506292598880,JBBL,13,49,10,162,1620
201506292598879,JBBL,13,49,10,162,1620
201506292598878,JBBL,13,49,10,162,1620
201506292598877,JBBL,13,49,10,162,1620
201506292598876,JBBL,13,49,10,162,1620
201506292598889,JBBL,13,53,32,162,5184
201506292598883,JBBL,13,49,10,162,1620
201506292598882,JBBL,13,49,10,162,1620
201506292599237,JBNL,5,35,1000,278,278000
201506292599236,JBNL,5,35,500,280,140000
201506292599183,JBNL,42,22,395,285,112575
201506292599180,JBNL,42,22,200,285,57000
201506292599177,JBNL,1,43,136,285,38760
201506292599176,JBNL,1,54,33,286,9438
201506292599167,JBNL,34,34,172,287,49364
201506292599140,JBNL,34,34,172,287,49364
201506292599132,JBNL,1,48,20,286,5720
201506292598941,JBNL,4,39,223,281,62663
201506292599277,JFL,55,3,75,402,30150
201506292599247,JFL,55,47,10,395,3950
201506292599152,JFL,55,52,70,388,27160
201506292599224,KAFIL,47,32,113,247,27911
201506292599217,KAFIL,47,49,57,247,14079
201506292599213,KAFIL,47,11,16,247,3952
201506292599207,KAFIL,47,49,57,247,14079
201506292599206,KAFIL,47,1,100,246,24600
201506292599342,KBL,42,16,193,380,73340
201506292599226,KBL,17,40,99,382,37818
201506292599185,KBL,38,6,1000,380,380000
201506292599173,KBL,38,42,165,385,63525
201506292599138,KBL,38,14,1330,385,512050
201506292599065,KBL,29,54,10,390,3900
201506292598948,KBL,44,29,100,387,38700
201506292598947,KBL,44,53,100,386,38600
201506292598942,KBL,44,21,2915,385,1122275
201506292598919,KBL,17,54,90,382,34380
201506292598887,KBL,32,32,15,382,5730
201506292598863,KMCDB,38,50,10,1000,10000
201506292598848,KMCDB,50,50,149,1000,149000
201506292599253,LBL,42,51,200,409,81800
201506292599205,LBL,32,32,81,410,33210
201506292599033,LBL,13,11,105,417,43785
201506292598903,LBL,17,11,280,416,116480
201506292598900,LBL,17,11,60,415,24900
201506292598888,LBL,17,29,132,410,54120
201506292598885,LBL,17,29,238,410,97580
201506292599142,LGIL,26,29,150,340,51000
201506292599301,LICN,48,21,50,2788,139400
201506292599300,LICN,48,5,100,2788,278800
201506292599299,LICN,48,14,100,2788,278800
201506292599284,LICN,28,44,100,2750,275000
201506292599263,LICN,5,19,26,2745,71370
201506292599156,LUBL,48,14,1000,348,348000
201506292599155,LUBL,41,14,250,349,87250
201506292599154,LUBL,10,14,300,350,105000
201506292599153,LUBL,5,14,200,350,70000
201506292599113,LUBL,10,11,105,355,37275
201506292598892,LUBL,41,11,15,348,5220
201506292599093,LUBL,25,14,1000,351,351000
201506292599075,LUBL,41,14,100,349,34900
201506292599049,LUBL,49,49,15000,343,5145000
201506292598904,LUBL,41,11,80,349,27920
201506292598901,LUBL,41,11,32,349,11168
201506292598894,LUBL,41,11,22,349,7678
201506292599188,MBBL,50,25,84,193,16212
201506292598933,MBBL,26,17,214,190,40660
201506292598929,MBBL,26,49,29,190,5510
201506292599281,MBL,3,22,21,570,11970
201506292599280,MBL,3,22,60,570,34200
201506292599271,MBL,14,1,165,570,94050
201506292599225,MBL,35,20,1000,570,570000
201506292598992,MBL,25,8,156,580,90480
201506292598988,MBL,25,8,813,580,471540
201506292598959,MBL,21,10,260,575,149500
201506292598955,MBL,21,11,126,572,72072
201506292598940,MBL,36,14,50,571,28550
201506292598939,MBL,36,42,60,570,34200
201506292598906,MBL,57,20,1000,571,571000
201506292599310,MDB,40,42,50,501,25050
201506292599182,MDB,58,11,14,510,7140
201506292599000,METRO,18,58,100,338,33800
201506292599157,NABIL,19,41,100,1910,191000
201506292599074,NABIL,19,17,200,1920,384000
201506292599070,NABIL,19,6,17,1920,32640
201506292599054,NABIL,13,32,305,1910,582550
201506292599053,NABIL,13,41,100,1907,190700
201506292598969,NABIL,49,49,43,1900,81700
201506292599326,NBB,5,26,23,515,11845
201506292599312,NBB,44,26,200,514,102800
201506292599311,NBB,36,39,108,515,55620
201506292599309,NBB,36,39,300,515,154500
201506292599273,NBB,5,41,55,515,28325
201506292598925,NBB,36,17,100,525,52500
201506292598924,NBB,36,42,15,522,7830
201506292598895,NBB,33,45,805,520,418600
201506292598994,NBB,48,45,60,526,31560
201506292598931,NBB,36,59,100,525,52500
201506292598930,NBB,36,59,200,525,105000
201506292598928,NBB,36,59,500,525,262500
201506292598927,NBB,36,59,18,525,9450
201506292598926,NBB,36,6,100,525,52500
201506292599123,NBB,6,44,540,520,280800
201506292599095,NBB,6,51,200,520,104000
201506292599094,NBB,48,42,40,530,21200
201506292599015,NBB,48,45,450,530,238500
201506292599002,NBB,48,59,547,530,289910
201506292598995,NBB,48,1,50,530,26500
201506292599345,NBL,48,41,200,289,57800
201506292599331,NBL,22,41,100,290,29000
201506292599330,NBL,13,59,1000,285,285000
201506292599295,NBL,5,8,644,286,184184
201506292599287,NBL,53,8,500,287,143500
201506292599209,NBL,48,26,352,289,101728
201506292598902,NBL,22,25,500,291,145500
201506292599127,NBL,5,25,800,287,229600
201506292599125,NBL,29,33,500,289,144500
201506292599058,NBL,28,33,1000,290,290000
201506292599011,NBL,28,34,1000,291,291000
201506292599010,NBL,28,33,500,290,145000
201506292598978,NBL,44,8,5000,286,1430000
201506292599344,NCCB,29,26,10,603,6030
201506292599339,NCCB,17,26,135,603,81405
201506292599298,NCCB,1,42,63,604,38052
201506292599290,NCCB,34,17,25,606,15150
201506292599288,NCCB,39,26,63,605,38115
201506292599286,NCCB,39,10,100,605,60500
201506292598921,NCCB,6,7,84,607,50988
201506292598915,NCCB,6,7,63,607,38241
201506292598914,NCCB,40,21,300,605,181500
201506292598870,NCCB,6,29,400,606,242400
201506292599007,NCCB,21,26,348,604,210192
201506292598989,NCCB,36,45,500,605,302500
201506292598962,NCCB,3,51,45,610,27450
201506292598958,NCCB,8,32,882,605,533610
201506292598946,NCCB,8,36,1302,603,785106
201506292598932,NCCB,6,7,63,607,38241
201506292599196,NCCB,1,6,20,611,12220
201506292599078,NCCB,1,32,130,608,79040
201506292599064,NCCB,1,58,200,608,121600
201506292599052,NCCB,1,8,52,610,31720
201506292599041,NCCB,40,53,302,609,183918
201506292599024,NCCB,44,51,200,608,121600
201506292599283,NCCB,45,48,525,604,317100
201506292599282,NCCB,49,26,84,606,50904
201506292599229,NCCB,6,32,200,606,121200
201506292599211,NCCB,21,8,250,605,151250
201506292599198,NCCB,55,6,20,610,12200
201506292599197,NCCB,3,6,110,610,67100
201506292599170,NHPC,41,8,2030,120,243600
201506292599005,NIB,11,11,146,730,106580
201506292598936,NIB,26,44,200,726,145200
201506292599319,NICA,40,28,100,620,62000
201506292599318,NICA,6,28,500,621,310500
201506292599317,NICA,49,28,150,622,93300
201506292599316,NICA,11,28,500,623,311500
201506292599315,NICA,51,28,250,623,155750
201506292599314,NICA,11,28,100,625,62500
201506292599292,NICA,10,3,70,626,43820
201506292599192,NICA,10,50,23,630,14490
201506292599099,NICA,6,36,258,630,162540
201506292598987,NICA,5,47,17,630,10710
201506292598986,NICA,5,32,70,630,44100
201506292599323,NICL,32,32,30,348,10440
201506292599305,NICL,25,44,267,350,93450
201506292599215,NICL,51,43,200,354,70800
201506292599131,NICL,26,44,200,353,70600
201506292599117,NICL,19,44,200,347,69400
201506292599324,NLG,47,29,205,570,116850
201506292599086,NLG,43,43,468,572,267696
201506292599060,NLG,38,43,27,583,15741
201506292599059,NLG,38,49,150,583,87450
201506292599057,NLG,38,3,25,583,14575
201506292599056,NLG,38,49,200,580,116000
201506292598954,NLG,48,29,26,572,14872
201506292598950,NLG,48,29,26,572,14872
201506292598968,NLG,48,29,26,572,14872
201506292598965,NLG,38,29,26,572,14872
201506292598964,NLG,38,29,26,572,14872
201506292598963,NLG,38,29,26,572,14872
201506292598960,NLG,48,29,26,572,14872
201506292598956,NLG,38,29,26,572,14872
201506292599027,NLG,26,29,26,572,14872
201506292599025,NLG,48,29,26,572,14872
201506292599020,NLG,48,29,26,572,14872
201506292599016,NLG,48,29,26,572,14872
201506292598982,NLG,38,29,26,572,14872
201506292598970,NLG,48,29,26,572,14872
201506292599055,NLG,38,11,47,580,27260
201506292599038,NLG,26,26,244,579,141276
201506292599035,NLG,26,26,77,575,44275
201506292599031,NLG,26,29,26,572,14872
201506292599029,NLG,48,29,26,572,14872
201506292599332,NLIC,13,38,50,2905,145250
201506292599245,NLIC,10,53,100,2900,290000
201506292599204,NLIC,13,3,52,2911,151372
201506292599178,NLIC,56,57,475,2901,1377975
201506292599166,NLIC,14,49,100,2922,292200
201506292599162,NLIC,10,16,500,2901,1450500
201506292598855,NLIC,44,55,27,2900,78300
201506292598852,NLIC,14,53,100,2900,290000
201506292598918,NLIC,33,32,144,2918,420192
201506292598917,NLIC,33,1,10,2917,29170
201506292598912,NLIC,42,17,200,2915,583000
201506292598893,NLIC,34,55,46,2900,133400
201506292598871,NLIC,25,53,100,2910,291000
201506292598862,NLIC,33,16,144,2901,417744
201506292599021,NLIC,19,3,50,2942,147100
201506292598991,NLIC,34,6,70,2940,205800
201506292598966,NLIC,33,33,100,2930,293000
201506292598961,NLIC,42,17,200,2945,589000
201506292598935,NLIC,33,6,56,2920,163520
201506292598934,NLIC,42,53,200,2915,583000
201506292599161,NLIC,21,28,200,2915,583000
201506292599145,NLIC,59,49,200,2921,584200
201506292599136,NLIC,14,49,200,2925,585000
201506292599122,NLIC,42,53,370,2930,1084100
201506292599111,NLIC,6,28,200,2930,586000
201506292599022,NLIC,34,3,100,2940,294000
201506292599334,NLICL,11,41,100,1890,189000
201506292599303,NLICL,38,18,100,1900,190000
201506292599272,NLICL,35,47,200,1880,376000
201506292599267,NLICL,49,36,100,1890,189000
201506292599259,NLICL,7,36,100,1892,189200
201506292599243,NLICL,21,41,50,1912,95600
201506292598872,NLICL,14,3,100,1915,191500
201506292598854,NLICL,34,3,100,1910,191000
201506292599030,NLICL,38,58,100,1920,192000
201506292599001,NLICL,29,3,100,1930,193000
201506292598990,NLICL,38,44,100,1930,193000
201506292598920,NLICL,42,8,300,1915,574500
201506292598898,NLICL,29,44,100,1920,192000
201506292598890,NLICL,49,49,5000,1905,9525000
201506292599201,NLICL,34,36,309,1918,592662
201506292599195,NLICL,19,3,50,1920,96000
201506292599160,NLICL,13,38,100,1917,191700
201506292599137,NLICL,13,42,100,1920,192000
201506292599085,NLICL,50,39,100,1920,192000
201506292599079,NLICL,13,48,100,1920,192000
201506292599227,NLICL,11,41,162,1900,307800
201506292599218,NLICL,47,17,300,1910,573000
201506292599216,NLICL,21,48,100,1912,191200
201506292599214,NLICL,13,41,100,1915,191500
201506292599210,NLICL,1,59,156,1911,298116
201506292599202,NLICL,40,11,100,1916,191600
201506292599126,NLICP,59,17,1850,2222,4110700
201506292599119,NLICP,59,17,2000,2222,4444000
201506292599230,NTC,42,28,100,620,62000
201506292599346,PCBL,3,3,11,450,4950
201506292599304,PCBL,19,39,163,448,73024
201506292599302,PCBL,19,39,200,448,89600
201506292599291,PCBL,17,10,99,450,44550
201506292599249,PCBL,17,8,774,450,348300
201506292599203,PCBL,19,50,17,451,7667
201506292599116,PCBL,59,44,1000,454,454000
201506292599104,PCBL,59,50,64,454,29056
201506292598953,PCBL,17,20,74,454,33596
201506292598861,PCBL,17,49,26,455,11830
201506292598857,PCBL,17,29,22,454,9988
201506292599199,PCBL,17,5,92,450,41400
201506292599179,PCBL,19,50,64,451,28864
201506292599175,PCBL,19,50,64,451,28864
201506292599174,PCBL,22,50,17,452,7684
201506292599150,PCBL,22,5,40,452,18080
201506292599139,PCBL,5,5,204,453,92412
201506292599146,PIC,21,22,15,473,7095
201506292599017,PIC,17,47,69,465,32085
201506292599151,PLIC,38,49,54,1180,63720
201506292599143,PLIC,55,16,1000,1176,1176000
201506292599103,PLIC,16,49,200,1186,237200
201506292599098,PLIC,13,6,67,1190,79730
201506292599036,PLIC,41,49,100,1199,119900
201506292599032,PLIC,41,56,100,1199,119900
201506292598911,PLIC,4,41,100,1184,118400
201506292598860,PLIC,26,41,91,1183,107653
201506292599014,PLIC,43,43,418,1176,491568
201506292599009,PLIC,13,41,100,1200,120000
201506292599008,PLIC,13,49,200,1200,240000
201506292598938,PLIC,16,4,13,1200,15600
201506292598937,PLIC,16,41,100,1200,120000
201506292598916,PLIC,4,28,100,1185,118500
201506292599320,PRIN,32,41,100,351,35100
201506292598967,PRIN,45,7,206,345,71070
201506292598957,PRIN,45,7,168,345,57960
201506292599347,PRVU,43,10,500,325,162500
201506292599341,PRVU,53,10,500,325,162500
201506292599279,PRVU,35,56,350,328,114800
201506292599275,PRVU,20,56,200,328,65600
201506292599274,PRVU,45,56,50,328,16400
201506292599270,PRVU,35,56,500,326,163000
201506292599083,PRVU,40,50,1000,326,326000
201506292599061,PRVU,37,37,11,327,3597
201506292598949,PRVU,13,10,1000,325,325000
201506292598853,PRVU,37,37,22,327,7194
201506292599260,PRVU,37,37,11,329,3619
201506292599256,PRVU,35,56,500,328,164000
201506292599254,PRVU,48,10,500,325,162500
201506292599159,PRVU,45,38,12,329,3948
201506292599158,PRVU,45,38,12,329,3948
201506292599091,PRVU,17,56,100,327,32700
201506292599308,RHPC,20,35,103,425,43775
201506292599129,RHPC,20,45,11,425,4675
201506292598945,SADBL,17,7,348,322,112056
201506292599348,SANIMA,1,22,1000,560,560000
201506292599327,SANIMA,22,4,96,567,54432
201506292599240,SANIMA,57,36,100,567,56700
201506292599232,SANIMA,57,42,102,566,57732
201506292599172,SANIMA,26,22,30,568,17040
201506292599163,SANIMA,26,28,380,570,216600
201506292599133,SANIMA,26,14,370,568,210160
201506292599062,SANIMA,45,13,146,574,83804
201506292599019,SANIMA,57,20,276,568,156768
201506292599040,SBI,38,11,90,908,81720
201506292599039,SBI,38,56,83,905,75115
201506292599037,SBI,38,26,139,904,125656
201506292598974,SBL,36,19,261,681,177741
201506292598973,SBL,36,7,52,680,35360
201506292599118,SCB,11,11,155,1910,296050
201506292599112,SCB,11,11,200,1910,382000
201506292599110,SCB,11,11,200,1910,382000
201506292598908,SCB,22,22,19,1913,36347
201506292599135,SDBL,55,21,1000,194,194000
201506292599187,SEOS,36,29,1000,10,9790
201506292598873,SHINE,43,49,148,347,51356
201506292599306,SHL,1,6,500,423,211500
201506292599193,SHL,40,21,700,426,298200
201506292599169,SHL,39,11,108,430,46440
201506292599149,SHL,46,39,280,427,119560
201506292599090,SHL,13,13,1000,424,424000
201506292599072,SHL,32,6,100,427,42700
201506292598884,SHL,36,13,1000,420,420000
201506292599050,SICL,6,57,94,724,68056
201506292599338,SIFC,48,48,135,338,45630
201506292599328,SIFC,17,5,46,344,15824
201506292599322,SIFC,17,5,100,344,34400
201506292599220,SIGS1,35,33,20000,16,310000
201506292599333,SIL,21,26,100,571,57100
201506292599212,SIL,38,38,10,560,5600
201506292599313,SLICL,13,26,75,635,47625
201506292599276,SLICL,42,18,30,639,19170
201506292599246,SLICL,13,42,500,644,322000
201506292599244,SLICL,42,42,120,639,76680
201506292599242,SLICL,25,45,22,640,14080
201506292599234,SLICL,42,40,45,640,28800
201506292598874,SLICL,1,22,79,660,52140
201506292598869,SLICL,29,18,30,655,19650
201506292598868,SLICL,29,7,34,655,22270
201506292598850,SLICL,38,28,500,650,325000
201506292599043,SLICL,10,33,300,662,198600
201506292598985,SLICL,45,35,104,666,69264
201506292598972,SLICL,13,33,300,660,198000
201506292598909,SLICL,42,28,1000,660,660000
201506292598897,SLICL,1,43,42,655,27510
201506292598886,SLICL,13,41,198,655,129690
201506292599181,SLICL,22,11,34,644,21896
201506292599089,SLICL,1,42,200,657,131400
201506292599088,SLICL,13,42,200,658,131600
201506292599087,SLICL,21,42,100,661,66100
201506292599051,SLICL,29,22,100,665,66500
201506292599046,SLICL,29,57,184,665,122360
201506292599114,SMFDB,21,47,12,1672,20064
201506292599044,SODBL,39,19,71,110,7810
201506292598977,SODBL,57,45,500,108,54000
201506292599077,SRBL,11,50,500,425,212500
201506292598907,SRBL,44,34,500,422,211000
201506292598864,SRBL,36,34,500,420,210000
201506292599307,SUBBL,6,13,20,264,5280
201506292599189,SUBBL,37,37,76,265,20140
201506292598976,SUBBL,17,49,76,269,20444
201506292598975,SUBBL,17,49,76,269,20444
201506292598971,SUBBL,17,49,76,269,20444
201506292599289,SUPRME,17,14,1000,157,157000
201506292599045,SUPRME,47,47,580,156,90480
201506292599239,SYFL,19,57,200,94,18800
201506292599063,SYFL,32,29,3023,93,281139
201506292599269,UFIL,39,8,22,137,3014
201506292599268,UFIL,39,8,22,137,3014
201506292599266,UFIL,39,8,22,137,3014
201506292599264,UFIL,39,8,22,137,3014
201506292599261,UFIL,39,49,11,137,1507
201506292599257,UFIL,39,49,11,137,1507
201506292598996,UIC,10,44,200,406,81200
201506292599262,WDBL,32,11,24,300,7200
201506292599026,WDBL,32,11,24,299,7176
201506292598845,ADBL,29,29,40,420,16800
201506292598827,ALICL,41,11,200,1000,200000
201506292598818,ALICL,43,49,20,999,19980
201506292598804,CDBL,37,37,13,322,4186
201506292598799,CDBL,37,37,13,322,4186
201506292598798,CDBL,37,37,13,322,4186
201506292598766,CDBL,49,49,27,319,8613
201506292598765,CDBL,49,49,30,319,9570
201506292598763,CDBL,49,49,16,319,5104
201506292598761,CDBL,49,49,50,319,15950
201506292598760,CDBL,49,49,15,319,4785
201506292598759,CDBL,49,49,43,319,13717
201506292598780,CFCL,22,22,3294,165,543510
201506292598828,CHCL,42,41,23,1553,35719
201506292598826,CHCL,14,11,35,1553,54355
201506292598817,CHCL,14,41,23,1552,35696
201506292598797,CHCL,45,45,19,1530,29070
201506292598840,EDBL,45,39,134,565,75710
201506292598743,EDBL,22,22,25,555,13875
201506292598742,EDBL,22,22,25,555,13875
201506292598806,EIC,45,14,10,725,7250
201506292598835,GLICL,47,7,20,570,11400
201506292598813,GLICL,20,3,11,563,6193
201506292598812,GLICL,20,49,70,563,39410
201506292598793,HDL,16,16,400,580,232000
201506292598790,HDL,16,16,1000,590,590000
201506292598788,IDBL,26,26,11,171,1881
201506292598808,ILFC,22,8,112,149,16688
201506292598805,ILFC,35,59,50,151,7550
201506292598803,ILFC,35,59,50,149,7450
201506292598800,ILFC,32,59,50,147,7350
201506292598789,ILFC,20,20,2520,145,365400
201506292598748,JBBL,44,53,53,158,8374
201506292598747,JBBL,44,53,10,158,1580
201506292598746,JBBL,44,53,10,158,1580
201506292598783,KBL,36,17,338,380,128440
201506292598777,KBL,32,32,204,373,76092
201506292598838,LGIL,41,7,110,334,36740
201506292598847,LICN,36,42,100,2734,273400
201506292598846,LICN,45,45,200,2700,540000
201506292598825,LICN,14,14,100,2682,268200
201506292598801,LICN,38,42,100,2681,268100
201506292598837,MBL,5,11,176,570,100320
201506292598836,MDB,33,33,72,500,36000
201506292598830,NABIL,14,17,100,1900,190000
201506292598770,NABIL,41,17,100,1900,190000
201506292598822,NBL,16,16,104,289,30056
201506292598771,NBL,44,21,1586,287,455182
201506292598794,NCCB,19,8,200,607,121400
201506292598792,NCCB,34,17,100,606,60600
201506292598787,NHPC,25,25,2000,118,236000
201506292598843,NLG,16,6,49,572,28028
201506292598842,NLG,16,3,15,572,8580
201506292598841,NLG,16,7,26,570,14820
201506292598769,NLG,41,8,20,561,11220
201506292598768,NLG,41,25,30,560,16800
201506292598767,NLG,41,25,30,560,16800
201506292598834,NLIC,34,6,20,2860,57200
201506292598833,NLIC,16,28,500,2855,1427500
201506292598832,NLIC,44,53,270,2900,783000
201506292598821,NLIC,59,53,200,2903,580600
201506292598820,NLIC,6,53,30,2910,87300
201506292598819,NLIC,57,17,300,2901,870300
201506292598772,NLIC,44,41,100,2900,290000
201506292598762,NLIC,35,11,200,2856,571200
201506292598816,NLIC,33,33,400,2910,1164000
201506292598810,NLIC,44,44,500,2940,1470000
201506292598786,NLIC,33,17,100,2960,296000
201506292598785,NLIC,34,53,100,2950,295000
201506292598784,NLIC,34,28,40,2949,117960
201506292598774,NLIC,44,11,200,2913,582600
201506292598824,NLICL,35,35,3000,1900,5700000
201506292598823,NLICL,35,35,2000,1900,3800000
201506292598814,NLICL,7,41,100,1900,190000
201506292598807,NLICL,11,3,100,1900,190000
201506292598795,NLICL,34,44,100,1890,189000
201506292598778,PCBL,42,58,25,453,11325
201506292598776,PCBL,3,3,11,454,4994
201506292598775,PIC,17,17,24,465,11160
201506292598844,PICL,39,39,50,381,19050
201506292598839,PICL,6,39,10,374,3740
201506292598745,PICL,48,8,540,367,198180
201506292598802,PLIC,28,28,30,1163,34890
201506292598773,PLIC,43,43,400,1141,456400
201506292598758,PLIC,42,11,1000,1162,1162000
201506292598815,PRVU,37,37,33,327,10791
201506292598791,PRVU,22,17,486,327,158922
201506292598764,PRVU,16,16,11,321,3531
201506292598831,SANIMA,5,17,385,570,219450
201506292598744,SCB,41,29,100,1900,190000
201506292598796,SFL,1,32,53,135,7155
201506292598781,SHL,43,43,1757,412,723884
201506292598779,SHL,43,43,703,413,290339
201506292598811,SICL,48,11,100,710,71000
201506292598829,SLICL,48,28,100,643,64300
201506292598809,SLICL,14,43,130,631,82030
