contract,symbol,buyer,seller,qty,rate,amt
201509032749593,ACEDBL,1,48,500,305,152500
201509032749592,ACEDBL,19,48,500,306,153000
201509032749591,ACEDBL,41,48,500,307,153500
201509032749590,ACEDBL,50,48,100,307,30700
201509032749839,ADBL,5,6,70,465,32550
201509032749834,ADBL,10,6,90,466,41940
201509032749734,AHPC,13,48,200,286,57200
201509032749709,AHPC,6,28,136,282,38352
201509032749975,ALICL,52,45,200,1240,248000
201509032749974,ALICL,16,45,90,1250,112500
201509032749843,ALICL,20,21,500,1260,630000
201509032749842,ALICL,20,5,30,1255,37650
201509032749678,ALICL,16,47,10,1250,12500
201509032749661,BHBL,6,17,500,324,162000
201509032749771,CBBL,39,48,315,1595,502425
201509032749666,CBBL,59,17,190,1595,303050
201509032750054,CBL,29,32,500,293,146500
201509032750053,CBL,29,32,300,293,87900
201509032750052,CBL,29,5,252,292,73584
201509032749930,CBL,29,47,115,290,33350
201509032749754,CBL,6,39,679,291,197589
201509032749746,CBL,32,25,500,290,145000
201509032749695,CBL,32,21,107,290,31030
201509032749693,CBL,32,21,300,290,87000
201509032749690,CBL,32,21,100,290,29000
201509032749689,CBL,41,21,1000,290,290000
201509032749688,CBL,45,21,100,290,29000
201509032749614,CBL,17,47,258,291,75078
201509032750012,CCBL,16,50,700,381,266700
201509032750011,CCBL,43,50,150,381,57150
201509032750010,CCBL,6,50,500,382,191000
201509032750009,CCBL,6,50,500,382,191000
201509032750008,CCBL,49,50,500,382,191000
201509032750007,CCBL,34,50,300,382,114600
201509032749682,CCBL,49,48,25,385,9625
201509032749675,CCBL,49,48,100,385,38500
201509032749674,CCBL,52,48,200,385,77000
201509032749618,CCBL,58,48,200,386,77200
201509032749721,CCBL,42,50,200,384,76800
201509032749720,CCBL,32,50,1000,384,384000
201509032749719,CCBL,6,50,200,384,76800
201509032749718,CCBL,6,50,300,384,115200
201509032749717,CCBL,36,50,150,384,57600
201509032749713,CCBL,45,50,319,385,122815
201509032749820,CCBL,58,50,40,385,15400
201509032749819,CCBL,58,40,160,385,61600
201509032749805,CCBL,58,50,100,385,38500
201509032749778,CCBL,26,50,600,385,231000
201509032749766,CCBL,45,50,400,385,154000
201509032749722,CCBL,6,50,150,384,57600
201509032750006,CCBL,13,50,200,383,76600
201509032750005,CCBL,44,50,1000,383,383000
201509032750004,CCBL,49,50,10,383,3830
201509032749871,CCBL,44,50,660,385,254100
201509032749838,CCBL,58,50,200,385,77000
201509032749822,CCBL,59,50,1000,384,384000
201509032749877,CFCL,28,21,495,237,117315
201509032749575,CFCL,45,25,500,239,119500
201509032749574,CFCL,55,25,300,240,72000
201509032749573,CFCL,43,25,100,240,24000
201509032749572,CFCL,28,25,200,241,48200
201509032749571,CFCL,18,25,10,241,2410
201509032750044,CHCL,11,47,20,1455,29100
201509032750015,CHCL,7,48,285,1450,413250
201509032750014,CHCL,42,47,10,1456,14560
201509032750002,CHCL,19,54,233,1449,337617
201509032749988,CHCL,47,48,170,1450,246500
201509032749981,CHCL,7,54,79,1451,114629
201509032749703,CHCL,51,59,188,1452,272976
201509032749696,CHCL,17,48,102,1455,148410
201509032749651,CHCL,17,48,100,1455,145500
201509032749594,CHCL,6,48,100,1455,145500
201509032749588,CHCL,6,39,200,1451,290200
201509032749784,CHCL,49,59,91,1455,132405
201509032749777,CHCL,6,54,299,1450,433550
201509032749755,CHCL,13,59,148,1450,214600
201509032749753,CHCL,11,59,149,1450,216050
201509032749743,CHCL,49,26,11,1457,16027
201509032749714,CHCL,52,59,234,1451,339534
201509032749861,CHCL,21,41,54,1450,78300
201509032749846,CHCL,26,41,71,1450,102950
201509032749840,CHCL,11,54,208,1450,301600
201509032749821,CHCL,26,59,188,1450,272600
201509032749809,CHCL,59,29,100,1450,145000
201509032749799,CHCL,59,36,100,1450,145000
201509032749945,CHCL,22,54,120,1451,174120
201509032749934,CHCL,7,39,360,1450,522000
201509032749915,CHCL,21,54,166,1450,240700
201509032749904,CHCL,3,36,300,1450,435000
201509032749895,CHCL,11,54,200,1450,290000
201509032749868,CHCL,3,39,480,1450,696000
201509032749961,CZBIL,6,49,150,692,103800
201509032749960,CZBIL,39,49,100,694,69400
201509032749948,CZBIL,26,6,452,694,313688
201509032749946,CZBIL,56,16,1130,690,779700
201509032749911,CZBIL,6,5,100,692,69200
201509032749879,CZBIL,16,16,1068,691,737988
201509032749627,CZBIL,58,49,500,695,347500
201509032749610,CZBIL,14,41,500,694,347000
201509032749878,CZBIL,7,38,60,695,41700
201509032749797,CZBIL,7,49,140,695,97300
201509032749783,CZBIL,37,26,150,694,104100
201509032749779,CZBIL,16,33,1000,693,693000
201509032749725,CZBIL,21,49,200,695,139000
201509032749992,DDBL,11,50,200,1641,328200
201509032749991,DDBL,10,50,100,1645,164500
201509032749845,DDBL,33,38,50,1660,83000
201509032749844,DDBL,33,44,300,1660,498000
201509032749731,DDBL,33,33,100,1646,164600
201509032750058,EBL,56,56,5270,3185,16784950
201509032750056,EBL,52,56,50,3190,159500
201509032750041,EBL,8,56,130,3190,414700
201509032750023,EBL,36,56,50,3190,159500
201509032750022,EBL,36,17,100,3189,318900
201509032749648,EBL,49,56,20,3200,64000
201509032749711,EBL,19,4,200,3198,639600
201509032749658,EBL,45,4,91,3198,291018
201509032749652,EBL,8,13,90,3190,287100
201509032749795,EBL,49,49,1000,3192,3192000
201509032749742,EBL,38,32,100,3183,318300
201509032749741,EBL,14,32,100,3183,318300
201509032749740,EBL,57,32,100,3184,318400
201509032749739,EBL,6,32,100,3185,318500
201509032749983,EBL,56,56,2600,3190,8294000
201509032749982,EBL,56,17,400,3189,1275600
201509032749966,EBL,56,56,2000,3190,6380000
201509032749893,EBL,16,56,130,3195,415350
201509032749947,EIC,38,36,200,880,176000
201509032749854,EKBL,26,58,98,301,29498
201509032749828,EKBL,26,22,99,300,29700
201509032749621,EKBL,22,28,32,298,9536
201509032749619,EKBL,22,28,32,298,9536
201509032749913,FMDBL,58,37,500,626,313000
201509032749832,GBIME,40,53,380,530,201400
201509032749831,GBIME,40,48,500,530,265000
201509032749829,GBIME,13,53,100,530,53000
201509032749781,GBIME,6,53,20,530,10600
201509032749774,GBIME,47,38,210,529,111090
201509032749761,GBIME,47,38,603,529,318987
201509032749716,GBIME,47,45,541,529,286189
201509032749657,GFCL,11,5,350,216,75600
201509032749639,GFCL,11,5,350,216,75600
201509032749626,GFCL,11,5,350,216,75600
201509032749954,GLICL,20,48,200,643,128600
201509032749953,GLICL,20,48,150,643,96450
201509032749952,GLICL,47,48,50,643,32150
201509032749951,GLICL,47,48,50,643,32150
201509032749950,GLICL,20,48,100,643,64300
201509032749949,GLICL,7,48,200,650,130000
201509032749707,GLICL,20,5,96,656,62976
201509032749634,GLICL,20,5,100,656,65600
201509032749787,HAMA,6,39,380,154,58520
201509032749987,HBL,43,36,108,1250,135000
201509032749972,HBL,16,36,100,1255,125500
201509032749587,HBL,49,49,500,1280,640000
201509032750028,ICFC,17,49,10,310,3100
201509032750001,ICFC,1,49,500,311,155500
201509032750000,ICFC,17,49,100,312,31200
201509032749957,ILFC,54,52,500,223,111500
201509032749921,ILFC,21,52,210,222,46620
201509032749920,ILFC,21,6,1000,222,222000
201509032749919,ILFC,21,47,50,222,11100
201509032749918,ILFC,21,10,100,222,22200
201509032749899,ILFC,49,49,2000,221,442000
201509032749641,ILFC,47,6,96,220,21120
201509032749804,ILFC,21,50,431,221,95251
201509032749770,ILFC,38,29,503,220,110660
201509032749751,ILFC,38,13,500,220,110000
201509032749656,ILFC,54,52,60,221,13260
201509032749655,ILFC,54,29,1000,221,221000
201509032749645,ILFC,47,6,200,220,44000
201509032749980,JBBL,56,45,100,211,21100
201509032749859,JBNL,21,45,200,310,62000
201509032749858,JBNL,42,45,200,310,62000
201509032749857,JBNL,42,45,200,310,62000
201509032749856,JBNL,42,45,200,310,62000
201509032749855,JBNL,42,45,200,310,62000
201509032749847,JBNL,18,45,429,311,133419
201509032749700,JBNL,18,48,480,311,149280
201509032749699,JBNL,4,48,20,313,6260
201509032749649,JBNL,4,13,730,313,228490
201509032749642,JBNL,45,13,20,313,6260
201509032749635,JBNL,41,35,1000,312,312000
201509032749605,JBNL,41,38,247,312,77064
201509032750057,KBBL,43,43,10,487,4870
201509032750045,KBBL,43,43,10,478,4780
201509032750061,KBL,16,35,496,448,222208
201509032749967,KBL,59,35,200,450,90000
201509032749958,KBL,16,35,500,450,225000
201509032749941,KBL,14,35,200,451,90200
201509032749905,KBL,47,47,100,450,45000
201509032749900,KBL,57,58,500,450,225000
201509032749608,KBL,18,5,500,449,224500
201509032749776,KBL,45,44,500,450,225000
201509032749775,KBL,49,44,20,450,9000
201509032749685,KBL,54,54,7000,445,3115000
201509032749629,KBL,42,47,90,450,40500
201509032749628,KBL,42,47,170,450,76500
201509032749620,KBL,4,5,333,449,149517
201509032749929,KCDBL,45,45,17,184,3128
201509032749928,KCDBL,45,45,10,184,1840
201509032749922,KCDBL,45,45,17,184,3128
201509032749912,KCDBL,45,45,17,184,3128
201509032749737,KEBL,58,26,100,466,46600
201509032750026,KMCDB,29,45,100,1380,138000
201509032749938,KMCDB,33,33,100,1385,138500
201509032749631,KNBL,6,25,10,298,2980
201509032749577,KNBL,6,25,10,298,2980
201509032749998,KRBL,13,10,200,265,53000
201509032749901,KRBL,13,10,300,260,78000
201509032749712,LFLC,16,5,71,223,15833
201509032749692,LFLC,38,5,500,219,109500
201509032749680,LFLC,40,5,142,224,31808
201509032749606,LFLC,38,38,41,225,9225
201509032749883,LGIL,50,38,14,420,5880
201509032749866,LICN,14,48,300,3655,1096500
201509032749827,LICN,21,47,100,3651,365100
201509032750031,LUBL,43,21,500,410,205000
201509032750025,LUBL,43,42,100,410,41000
201509032750024,LUBL,43,6,500,410,205000
201509032750021,LUBL,43,45,497,410,203770
201509032749897,LUBL,38,6,1000,408,408000
201509032749841,LUBL,49,49,1000,409,409000
201509032749814,LUBL,49,36,500,409,204500
201509032749813,LUBL,49,50,22,409,8998
201509032749812,LUBL,49,49,500,409,204500
201509032749811,LUBL,49,6,400,409,163600
201509032749611,LUBL,58,25,150,408,61200
201509032749963,MBL,59,40,100,571,57100
201509032749923,MBL,55,45,10,575,5750
201509032749576,MBL,20,8,74,573,42402
201509032749793,MDB,21,16,50,571,28550
201509032749792,MDB,22,16,100,572,57200
201509032749637,MNBBL,34,25,500,665,332500
201509032749860,MSBBL,21,59,200,280,56000
201509032750049,NABIL,25,53,130,2465,320450
201509032749973,NABIL,8,53,200,2465,493000
201509032749916,NABIL,41,13,100,2460,246000
201509032749824,NABIL,36,49,100,2470,247000
201509032749823,NABIL,36,13,100,2465,246500
201509032749786,NABIL,35,49,200,2470,494000
201509032749597,NABIL,47,49,60,2476,148560
201509032749596,NABIL,48,49,20,2476,49520
201509032749668,NABIL,57,53,70,2466,172620
201509032749602,NABIL,43,49,100,2470,247000
201509032749601,NABIL,39,49,100,2472,247200
201509032749600,NABIL,42,49,230,2475,569250
201509032749599,NABIL,35,49,50,2475,123750
201509032749598,NABIL,25,49,50,2475,123750
201509032749747,NABIL,48,29,53,2454,130062
201509032749706,NABIL,48,29,260,2454,638040
201509032749705,NABIL,19,29,200,2455,491000
201509032749681,NABIL,13,53,110,2465,271150
201509032749670,NABIL,25,53,200,2465,493000
201509032749669,NABIL,39,53,120,2465,295800
201509032750020,NABILP,29,50,300,1820,546000
201509032749650,NABILP,43,33,200,1820,364000
201509032749697,NABILP,49,49,1000,1824,1824000
201509032749683,NABILP,41,33,100,1820,182000
201509032749676,NABILP,49,49,1000,1824,1824000
201509032749874,NABILP,29,50,200,1818,363600
201509032749926,NBB,53,55,500,664,332000
201509032749890,NBB,43,1,300,664,199200
201509032749826,NBB,57,39,500,664,332000
201509032749798,NBB,57,19,500,664,332000
201509032749762,NBB,43,17,500,662,331000
201509032749733,NBB,57,34,496,663,328848
201509032749687,NBB,43,51,200,662,132400
201509032749607,NBB,10,48,500,663,331500
201509032749767,NBL,6,38,200,279,55800
201509032749971,NCCB,16,26,400,455,182000
201509032749803,NCCB,11,28,545,456,248520
201509032749612,NCCB,16,50,525,460,241500
201509032749800,NCM,58,17,334,250,83500
201509032749896,NEFL,21,39,30,239,7170
201509032750060,NHPC,13,6,1000,121,121000
201509032750051,NHPC,55,14,500,123,61500
201509032750048,NHPC,13,52,2000,121,242000
201509032749864,NHPC,41,6,1000,121,121000
201509032749694,NHPC,41,35,2000,121,242000
201509032749586,NHPC,10,1,500,122,61000
201509032749585,NHPC,10,16,5000,122,610000
201509032749584,NHPC,10,6,1000,122,122000
201509032749583,NHPC,10,25,2000,122,244000
201509032749582,NHPC,10,45,2000,122,244000
201509032749581,NHPC,10,10,1000,121,121000
201509032749580,NHPC,10,54,1000,121,121000
201509032749993,NIB,14,10,168,1000,168000
201509032749990,NIB,38,11,20,1002,20040
201509032749908,NIB,1,10,100,1000,100000
201509032749862,NIB,21,53,101,996,100596
201509032749836,NIB,25,53,300,997,299100
201509032749789,NIB,21,21,300,999,299700
201509032749691,NIB,42,51,50,999,49950
201509032749765,NIB,21,53,100,996,99600
201509032749764,NIB,40,53,100,996,99600
201509032749763,NIB,1,53,300,997,299100
201509032749757,NIB,35,51,123,999,122877
201509032749756,NIB,35,14,150,999,149850
201509032749745,NIB,25,48,500,997,498500
201509032750035,NIBPO,42,32,300,800,240000
201509032750034,NIBPO,42,32,100,800,80000
201509032749925,NIBPO,44,50,1000,800,800000
201509032749710,NIBPO,44,14,1420,798,1133160
201509032749644,NIBPO,44,40,1500,796,1194000
201509032750055,NICA,16,4,410,874,358340
201509032749887,NICA,16,40,300,872,261600
201509032749810,NICA,16,6,200,870,174000
201509032749769,NICA,58,50,130,868,112840
201509032749698,NICA,28,39,228,870,198360
201509032749898,NIL,14,13,155,665,103075
201509032749892,NIL,14,16,312,662,206544
201509032749891,NIL,14,13,200,660,132000
201509032749748,NIL,14,13,200,660,132000
201509032749646,NLG,41,51,196,736,144256
201509032750018,NLIC,42,33,100,3630,363000
201509032749885,NLIC,11,26,100,3630,363000
201509032749884,NLIC,11,48,300,3620,1086000
201509032749736,NLIC,14,32,200,3630,726000
201509032749984,NLICL,29,35,500,2299,1149500
201509032749978,NLICL,37,36,200,2300,460000
201509032749977,NLICL,43,36,40,2300,92000
201509032749976,NLICL,26,36,100,2301,230100
201509032749965,NLICL,10,21,200,2305,461000
201509032749939,NLICL,26,50,160,2300,368000
201509032749933,NLICL,19,36,200,2297,459400
201509032749917,NLICL,34,50,132,2300,303600
201509032749903,NLICL,37,50,51,2300,117300
201509032749726,NLICL,19,22,100,2299,229900
201509032749684,NLICL,19,33,200,2295,459000
201509032749638,NLICL,29,35,110,2291,252010
201509032750017,NMBSF1,19,49,2000,10,20200
201509032749970,NMBSF1,36,49,2000,10,20200
201509032749964,NMBSF1,36,49,2000,10,20200
201509032750019,NNFC,58,26,259,330,85470
201509032749630,NTC,43,41,500,670,335000
201509032750047,OHL,7,13,40,613,24520
201509032749760,OHL,4,28,11,615,6765
201509032749729,OHL,4,28,11,615,6765
201509032750059,PADBL,22,5,198,415,82170
201509032749907,PCBL,10,40,200,600,120000
201509032749906,PCBL,33,40,100,600,60000
201509032749888,PCBL,33,43,300,600,180000
201509032749870,PCBL,33,13,1000,600,600000
201509032749788,PCBL,33,38,100,600,60000
201509032749750,PCBL,53,22,18,600,10800
201509032749671,PCBL,53,41,100,600,60000
201509032749662,PCBL,53,49,270,600,162000
201509032749604,PCBL,53,44,500,600,300000
201509032749568,PCBL,33,52,500,600,300000
201509032749732,PFL,52,14,1008,404,407232
201509032749853,PLIC,32,36,200,1390,278000
201509032749752,PLIC,14,7,100,1385,138500
201509032749708,PLIC,14,36,200,1390,278000
201509032749679,PLIC,20,38,200,1375,275000
201509032749738,PROFL,16,11,20,149,2980
201509032750029,PRVU,19,19,249,433,107817
201509032749881,PRVU,1,45,1000,432,432000
201509032749815,PRVU,26,38,30,433,12990
201509032749802,PRVU,6,38,106,431,45686
201509032749567,PRVU,49,32,100,433,43300
201509032749749,PRVU,38,41,1000,431,431000
201509032749701,PRVU,26,32,200,433,86600
201509032749667,PRVU,49,32,50,433,21650
201509032749640,PRVU,49,32,200,433,86600
201509032749633,PRVU,49,47,58,432,25056
201509032749589,PURBL,43,45,200,340,68000
201509032749830,RBBBL,1,42,11,230,2530
201509032749791,RBBBL,36,42,11,230,2530
201509032749782,RBBBL,21,5,153,230,35190
201509032749617,RBBBL,36,42,11,230,2530
201509032749997,RBCL,22,17,483,5550,2680650
201509032749935,REDBL,39,55,28,231,6468
201509032749889,REDBL,13,40,18,232,4176
201509032749880,REDBL,13,40,18,232,4176
201509032749852,REDBL,56,40,18,234,4212
201509032750027,RHPC,11,50,92,403,37076
201509032749944,RHPC,40,43,154,404,62216
201509032749910,RHPC,40,25,12,409,4908
201509032749902,RHPC,40,25,12,409,4908
201509032749872,RHPC,40,25,12,409,4908
201509032749785,RHPC,25,25,12,405,4860
201509032749613,RHPC,42,25,12,405,4860
201509032749595,RHPC,40,29,12,406,4872
201509032749579,RHPC,40,29,12,406,4872
201509032749702,RHPC,7,7,11,406,4466
201509032749677,RHPC,7,7,11,406,4466
201509032749664,RHPC,25,57,11,405,4455
201509032749663,RHPC,25,25,12,405,4860
201509032749647,RHPC,25,25,12,405,4860
201509032749632,RHPC,25,25,12,405,4860
201509032750066,SANIMA,58,48,300,792,237600
201509032750065,SANIMA,47,48,50,793,39650
201509032750064,SANIMA,47,48,80,793,63440
201509032750063,SANIMA,56,48,150,793,118950
201509032750040,SANIMA,57,48,100,794,79400
201509032750033,SANIMA,37,44,600,795,477000
201509032749616,SANIMA,45,17,100,795,79500
201509032749578,SANIMA,47,48,500,794,397000
201509032749772,SANIMA,59,42,50,800,40000
201509032749728,SANIMA,45,43,564,795,448380
201509032749659,SANIMA,36,48,400,795,318000
201509032749625,SANIMA,45,48,400,795,318000
201509032749624,SANIMA,14,48,50,795,39750
201509032749623,SANIMA,14,48,50,795,39750
201509032749994,SANIMA,57,48,200,794,158800
201509032749962,SANIMA,41,48,200,794,158800
201509032749927,SANIMA,39,48,100,794,79400
201509032749869,SANIMA,10,50,57,794,45258
201509032749796,SANIMA,34,48,500,794,397000
201509032749794,SANIMA,10,28,130,794,103220
201509032750043,SBI,36,11,100,1515,151500
201509032750042,SBI,36,11,30,1514,45420
201509032749959,SBI,44,14,100,1511,151100
201509032749715,SBI,44,35,500,1512,756000
201509032749999,SBL,39,4,141,824,116184
201509032749851,SBL,16,50,181,820,148420
201509032749808,SBL,26,48,100,820,82000
201509032749807,SBL,42,48,100,821,82100
201509032749806,SBL,43,48,100,822,82200
201509032749653,SBL,1,4,500,823,411500
201509032750050,SCB,25,13,100,2800,280000
201509032750013,SCB,25,17,50,2780,139000
201509032749995,SCB,25,4,124,2775,344100
201509032749882,SCB,25,4,150,2748,412200
201509032749865,SCB,33,17,100,2750,275000
201509032749848,SCB,29,8,45,2755,123975
201509032749768,SCB,25,13,100,2750,275000
201509032749704,SCB,58,49,76,2749,208924
201509032749686,SCB,58,22,200,2748,549600
201509032749615,SCB,33,53,73,2745,200385
201509032749609,SEOS,18,7,5000,10,50000
201509032749850,SEWA,28,28,10,324,3240
201509032749673,SEWA,28,28,500,320,160000
201509032749837,SHINE,22,45,77,506,38962
201509032749914,SHINE,6,52,111,510,56610
201509032749942,SHPC,41,33,40,822,32880
201509032749801,SHPC,11,17,86,820,70520
201509032750046,SICL,22,5,100,946,94600
201509032750032,SICL,22,5,500,947,473500
201509032749730,SICL,4,40,300,950,285000
201509032749672,SICL,21,33,200,950,190000
201509032749723,SIFC,14,14,197,360,70920
201509032749996,SKBBL,36,13,72,2015,145080
201509032749867,SKBBL,55,58,30,2001,60030
201509032749654,SKBBL,45,41,100,2001,200100
201509032749989,SLBBL,58,6,10,1980,19800
201509032749986,SLICL,32,34,190,736,139840
201509032749790,SLICL,43,36,84,736,61824
201509032749780,SLICL,32,36,94,737,69278
201509032749724,SLICL,32,11,200,737,147400
201509032750030,SODBL,59,8,1000,124,124000
201509032750003,SODBL,49,39,701,122,85522
201509032749968,SODBL,48,50,500,123,61500
201509032749931,SODBL,59,40,500,124,62000
201509032749875,SODBL,46,41,300,124,37200
201509032749744,SODBL,58,54,500,123,61500
201509032749735,SODBL,58,48,1000,123,123000
201509032749727,SODBL,58,54,1500,123,184500
201509032749979,SRBL,36,45,1000,508,508000
201509032749665,SRBL,20,22,100,510,51000
201509032749660,SRBL,20,14,22,510,11220
201509032750039,SUBBL,18,17,14,299,4186
201509032749835,SUBBL,41,33,76,294,22344
201509032750062,SUPRME,32,42,5000,191,955000
201509032750036,SUPRME,32,42,1000,191,191000
201509032750016,SUPRME,32,42,1000,190,190000
201509032749985,SUPRME,32,42,500,191,95500
201509032749956,SUPRME,25,42,84,189,15876
201509032749943,SUPRME,25,42,400,189,75600
201509032749873,SUPRME,32,57,230,191,43930
201509032749833,SUPRME,32,57,1000,191,191000
201509032749643,SUPRME,44,57,500,190,95000
201509032750038,SWBBL,45,6,200,2008,401600
201509032750037,SWBBL,45,35,100,2007,200700
201509032749818,SWBBL,26,33,100,2000,200000
201509032749817,SWBBL,21,33,200,2001,400200
201509032749816,SWBBL,50,33,50,2005,100250
201509032749570,SWBBL,7,35,100,2006,200600
201509032749569,SWBBL,7,35,100,2006,200600
201509032749940,UIC,47,40,140,414,57960
201509032749932,UIC,26,40,60,415,24900
201509032749955,UNL,8,19,30,30000,900000
201509032749622,UNL,8,56,20,30000,600000
201509032749969,VBBL,4,4,950,165,156750
201509032749937,VBBL,25,4,500,165,82500
201509032749936,VBBL,16,4,500,166,83000
201509032749924,WDBL,26,41,300,322,96600
201509032749849,WDBL,21,44,316,322,101752
201509032749603,YETI,5,41,200,178,35600
201509032749379,ACEDBL,41,8,605,306,185130
201509032749354,AHPC,6,48,45,284,12780
201509032749350,AHPC,13,48,45,285,12825
201509032749336,AHPC,13,22,20,285,5700
201509032749233,AHPC,52,5,25,284,7100
201509032749140,AHPC,13,14,226,287,64862
201509032749121,AHPC,52,21,90,286,25740
201509032749109,AHPC,13,10,100,285,28500
201509032749108,AHPC,13,41,30,285,8550
201509032749111,ALICL,50,33,25,1240,31000
201509032749411,ARDBL,7,13,52,186,9672
201509032749373,ARDBL,18,1,31,183,5673
201509032749372,ARDBL,18,20,50,183,9150
201509032749371,ARDBL,18,20,50,183,9150
201509032749076,ARDBL,42,47,10,186,1860
201509032749551,BFCL,11,17,14,126,1764
201509032749546,BFCL,11,17,14,126,1764
201509032749531,BFCL,11,17,14,126,1764
201509032749505,BFCL,52,17,14,126,1764
201509032749496,BFCL,32,17,14,126,1764
201509032749490,BFCL,11,17,14,127,1778
201509032749170,BHBL,19,17,250,325,81250
201509032749550,BLDBL,43,44,800,402,321600
201509032749549,BLDBL,11,44,20,402,8040
201509032749497,BLDBL,34,25,500,410,205000
201509032749178,BUDBL,8,48,500,265,132500
201509032749122,BUDBL,58,45,215,265,56975
201509032749513,CBL,1,28,1000,290,290000
201509032749204,CBL,56,25,500,291,145500
201509032749203,CBL,38,25,150,291,43650
201509032749184,CBL,38,36,50,291,14550
201509032749171,CBL,39,36,266,292,77672
201509032749162,CBL,48,36,450,293,131850
201509032749147,CBL,36,14,200,294,58800
201509032749085,CBL,48,32,50,293,14650
201509032749084,CBL,16,32,150,294,44100
201509032749361,CCBL,55,39,324,386,125064
201509032749349,CCBL,55,13,500,385,192500
201509032749292,CCBL,32,26,500,384,192000
201509032749226,CCBL,6,21,200,384,76800
201509032749217,CCBL,32,53,352,385,135520
201509032749069,CCBL,59,38,1500,385,577500
201509032749556,CFCL,13,52,46,241,11086
201509032749472,CHCL,11,48,100,1455,145500
201509032749461,CHCL,11,16,136,1459,198424
201509032749444,CHCL,4,40,56,1452,81312
201509032749442,CHCL,11,22,200,1457,291400
201509032749441,CHCL,11,48,100,1455,145500
201509032749419,CHCL,57,48,100,1455,145500
201509032749224,CHCL,52,45,61,1452,88572
201509032749206,CHCL,33,45,40,1453,58120
201509032749195,CHCL,42,40,30,1456,43680
201509032749093,CHCL,6,48,100,1455,145500
201509032749335,CHCL,4,25,150,1452,217800
201509032749330,CHCL,46,48,27,1453,39231
201509032749300,CHCL,40,40,56,1454,81424
201509032749247,CHCL,21,48,100,1455,145500
201509032749230,CHCL,6,48,67,1455,97485
201509032749225,CHCL,13,40,56,1451,81256
201509032749255,CNDBL,22,50,100,177,17700
201509032749098,CSDBL,22,39,73,317,23141
201509032749525,CZBIL,52,49,200,695,139000
201509032749468,CZBIL,37,49,400,695,278000
201509032749467,CZBIL,21,49,300,695,208500
201509032749466,CZBIL,49,49,200,695,139000
201509032749465,CZBIL,21,49,60,695,41700
201509032749445,CZBIL,47,38,95,695,66025
201509032749127,CZBIL,21,49,238,695,165410
201509032749216,CZBIL,45,5,143,695,99385
201509032749205,CZBIL,21,5,300,695,208500
201509032749190,CZBIL,19,5,200,696,139200
201509032749183,CZBIL,21,45,397,696,276312
201509032749177,CZBIL,16,45,50,697,34850
201509032749175,CZBIL,19,5,200,696,139200
201509032749404,CZBIL,6,38,100,696,69600
201509032749381,CZBIL,56,42,345,695,239775
201509032749275,CZBIL,56,33,500,695,347500
201509032749236,CZBIL,47,53,100,695,69500
201509032749235,CZBIL,54,53,100,695,69500
201509032749234,CZBIL,38,53,100,695,69500
201509032749249,DDBL,45,38,50,1660,83000
201509032749521,EBL,51,7,50,3200,160000
201509032749433,EBL,54,13,100,3190,319000
201509032749432,EBL,47,13,150,3191,478650
201509032749431,EBL,45,13,100,3192,319200
201509032749430,EBL,43,13,50,3200,160000
201509032749423,EBL,55,42,195,3190,622050
201509032749077,EBL,1,6,20,3205,64100
201509032749144,EBL,1,6,20,3201,64020
201509032749139,EBL,1,41,80,3201,256080
201509032749119,EBL,35,7,150,3200,480000
201509032749100,EBL,1,10,14,3203,44842
201509032749097,EBL,57,7,50,3202,160100
201509032749096,EBL,14,7,50,3203,160150
201509032749399,EBL,51,6,50,3200,160000
201509032749341,EBL,53,53,970,3190,3094300
201509032749243,EBL,41,6,60,3200,192000
201509032749215,EBL,49,6,50,3200,160000
201509032749566,EKBL,38,28,32,296,9472
201509032749558,EKBL,41,28,32,296,9472
201509032749548,EKBL,22,28,32,297,9504
201509032749538,EKBL,22,58,150,297,44550
201509032749484,EKBL,41,28,32,298,9536
201509032749478,EKBL,43,28,32,298,9536
201509032749386,EKBL,35,48,10,298,2980
201509032749380,EKBL,35,48,10,298,2980
201509032749254,EKBL,55,49,231,303,69993
201509032749536,GBIME,6,13,53,530,28090
201509032749410,GBIME,39,22,455,528,240240
201509032749409,GBIME,39,38,1000,528,528000
201509032749398,GBIME,50,50,231,526,121506
201509032749374,GBIME,6,13,53,527,27931
201509032749317,GBIME,6,11,50,527,26350
201509032749212,GBIME,39,39,43,527,22661
201509032749110,GBIME,51,52,500,527,263500
201509032749073,GBIME,39,17,39,528,20592
201509032749560,GFCL,43,5,354,222,78588
201509032749440,GFCL,43,21,427,218,93086
201509032749426,GFCL,45,21,200,220,44000
201509032749348,GFCL,25,25,285,220,62700
201509032749524,GLICL,20,5,220,656,144320
201509032749523,GLICL,47,5,50,656,32800
201509032749522,GLICL,3,5,20,656,13120
201509032749308,HAMA,16,39,40,157,6280
201509032749307,HAMA,16,21,50,155,7750
201509032749306,HAMA,16,20,180,155,27900
201509032749555,HBL,49,49,617,1280,789760
201509032749483,HBL,42,52,150,1275,191250
201509032749435,HBL,18,36,25,1250,31250
201509032749079,HBL,34,6,26,1250,32500
201509032749403,IDBL,29,39,150,201,30150
201509032749400,IDBL,14,50,100,198,19800
201509032749537,ILFC,4,21,1844,220,405680
201509032749533,ILFC,4,26,500,220,110000
201509032749532,ILFC,4,22,500,220,110000
201509032749508,ILFC,21,21,878,220,193160
201509032749481,ILFC,21,6,254,219,55626
201509032749453,ILFC,38,58,1500,219,328500
201509032749446,ILFC,38,38,500,218,109000
201509032749424,ILFC,21,14,221,218,48178
201509032749364,ILFC,54,37,4000,217,868000
201509032749257,ILFC,21,39,930,218,202740
201509032749219,ILFC,32,52,200,218,43600
201509032749071,ILFC,32,4,200,219,43800
201509032749518,INDB,43,46,42,408,17136
201509032749475,INDB,49,42,300,405,121500
201509032749509,JBNL,18,50,36,311,11196
201509032749495,JBNL,18,50,1400,311,435400
201509032749494,JBNL,39,50,100,312,31200
201509032749387,JBNL,18,42,1000,311,311000
201509032749347,JBNL,18,18,300,312,93600
201509032749346,JBNL,18,7,200,312,62400
201509032749211,JBNL,21,36,23,310,7130
201509032749087,JBNL,36,13,150,311,46650
201509032749311,JBNL,22,38,100,311,31100
201509032749305,JBNL,42,57,169,310,52390
201509032749299,JBNL,18,7,500,311,155500
201509032749296,JBNL,42,38,172,310,53320
201509032749293,JBNL,42,38,172,310,53320
201509032749274,JBNL,42,54,261,310,80910
201509032749231,JEFL,49,28,500,200,100000
201509032749199,JEFL,49,28,500,200,100000
201509032749562,KBBL,43,43,10,469,4690
201509032749520,KBL,53,54,1500,445,667500
201509032749519,KBL,46,5,100,450,45000
201509032749504,KBL,49,44,500,450,225000
201509032749503,KBL,47,44,200,450,90000
201509032749502,KBL,52,44,200,450,90000
201509032749501,KBL,18,44,100,450,45000
201509032749256,KBL,16,6,300,452,135600
201509032749081,KBL,57,38,500,455,227500
201509032749080,KBL,57,39,1000,454,454000
201509032749067,KBL,32,54,147,452,66444
201509032749500,KBL,56,44,100,451,45100
201509032749499,KBL,43,44,100,451,45100
201509032749498,KBL,35,44,300,453,135900
201509032749463,KBL,21,47,500,453,226500
201509032749378,KBL,1,11,299,450,134550
201509032749285,KBL,21,43,518,450,233100
201509032749401,KCDBL,11,22,85,183,15555
201509032749397,KCDBL,13,22,85,184,15640
201509032749342,KCDBL,13,1,17,186,3162
201509032749340,KCDBL,13,39,17,186,3162
201509032749223,KCDBL,22,25,10,189,1890
201509032749222,KCDBL,22,25,10,189,1890
201509032749218,KCDBL,22,25,17,189,3213
201509032749213,KCDBL,22,25,17,189,3213
201509032749138,KCDBL,19,26,96,186,17856
201509032749352,KEBL,5,20,18,475,8550
201509032749187,KEBL,49,26,1000,475,475000
201509032749186,KEBL,49,26,500,475,237500
201509032749220,KMCDB,38,39,10,1404,14040
201509032749208,KMCDB,38,44,50,1432,71600
201509032749511,KNBL,37,25,10,293,2930
201509032749482,KNBL,41,25,10,288,2880
201509032749534,LBL,41,6,731,460,336260
201509032749451,LBL,41,6,740,460,340400
201509032749407,LICN,25,48,100,3650,365000
201509032749429,LUBL,53,50,47,407,19129
201509032749417,LUBL,35,50,290,407,118030
201509032749416,LUBL,25,50,360,407,146520
201509032749415,LUBL,6,50,100,408,40800
201509032749414,LUBL,25,50,100,408,40800
201509032749232,LUBL,57,22,500,409,204500
201509032749214,LUBL,56,6,100,409,40900
201509032749185,LUBL,56,6,300,409,122700
201509032749179,LUBL,38,6,1000,408,408000
201509032749148,LUBL,22,22,500,409,204500
201509032749130,LUBL,21,49,155,407,63085
201509032749512,MBL,55,14,250,572,143000
201509032749377,MBL,44,14,500,572,286000
201509032749329,MBL,44,22,74,572,42328
201509032749328,MBL,44,14,500,572,286000
201509032749270,MBL,55,45,10,575,5750
201509032749106,MBL,48,32,200,565,113000
201509032749105,MBL,13,32,1000,565,565000
201509032749104,MBL,22,32,100,565,56500
201509032749103,MBL,16,32,1500,566,849000
201509032749102,MBL,45,32,500,568,284000
201509032749559,NABIL,38,29,55,2475,136125
201509032749540,NABIL,48,53,30,2476,74280
201509032749539,NABIL,40,53,50,2476,123800
201509032749529,NABIL,40,29,50,2476,123800
201509032749528,NABIL,40,29,100,2477,247700
201509032749491,NABIL,41,13,100,2480,248000
201509032749143,NABIL,8,6,100,2487,248700
201509032749142,NABIL,8,56,100,2485,248500
201509032749479,NABIL,59,26,100,2478,247800
201509032749450,NABIL,45,45,626,2479,1551854
201509032749422,NABIL,1,26,100,2480,248000
201509032749288,NABIL,42,13,200,2480,496000
201509032749287,NABIL,19,13,100,2481,248100
201509032749286,NABIL,21,13,100,2481,248100
201509032749284,NABILP,5,53,67,1820,121940
201509032749476,NBB,57,48,140,663,92820
201509032749436,NBB,38,55,183,662,121146
201509032749408,NBB,41,25,100,664,66400
201509032749369,NBB,57,5,60,663,39780
201509032749368,NBB,57,5,100,663,66300
201509032749358,NBB,7,48,100,660,66000
201509032749357,NBB,45,48,500,660,330000
201509032749356,NBB,57,48,1000,660,660000
201509032749351,NBB,53,53,500,661,330500
201509032749207,NBB,41,48,500,663,331500
201509032749151,NBB,38,53,500,663,331500
201509032749092,NBB,29,22,100,662,66200
201509032749291,NCCB,5,33,300,465,139500
201509032749251,NCCB,16,56,600,460,276000
201509032749250,NCCB,16,33,200,457,91400
201509032749197,NCCB,7,49,200,455,91000
201509032749564,NEFL,21,21,416,239,99424
201509032749563,NHPC,10,28,500,121,60500
201509032749449,NHPC,17,54,1000,121,121000
201509032749322,NHPC,33,42,100,122,12200
201509032749279,NHPC,17,6,1000,121,121000
201509032749253,NHPC,33,46,500,122,61000
201509032749245,NHPC,33,46,500,122,61000
201509032749129,NHPC,56,44,2000,120,240000
201509032749128,NHPC,38,13,1000,122,122000
201509032749118,NHPC,49,44,2000,121,242000
201509032749210,NHPC,33,55,2000,121,242000
201509032749209,NHPC,33,6,500,122,61000
201509032749198,NHPC,33,44,300,122,36600
201509032749173,NHPC,49,55,2000,121,242000
201509032749160,NHPC,50,55,1000,121,121000
201509032749132,NHPC,10,45,1000,121,121000
201509032749565,NIB,22,22,232,998,231536
201509032749543,NIB,25,22,74,998,73852
201509032749469,NIB,25,10,200,1000,200000
201509032749355,NIB,1,10,100,1000,100000
201509032749260,NIB,46,51,100,1003,100300
201509032749169,NIB,25,6,500,1000,500000
201509032749125,NIB,29,39,300,1001,300300
201509032749124,NIB,14,39,300,1001,300300
201509032749123,NIB,53,39,150,1002,150300
201509032749168,NIB,25,6,200,1000,200000
201509032749167,NIB,25,6,500,1000,500000
201509032749166,NIB,41,6,100,1000,100000
201509032749165,NIB,21,6,100,1000,100000
201509032749164,NIB,26,6,100,1000,100000
201509032749126,NIB,29,39,100,1001,100100
201509032749542,NIBPO,44,16,500,796,398000
201509032749439,NIBPO,5,16,500,796,398000
201509032749428,NIBPO,16,16,1000,795,795000
201509032749312,NIBPO,44,48,1000,800,800000
201509032749156,NIBPO,42,26,577,795,458715
201509032749304,NIBPO,44,11,300,800,240000
201509032749303,NIBPO,44,59,800,800,640000
201509032749302,NIBPO,44,20,100,799,79900
201509032749301,NIBPO,44,43,300,799,239700
201509032749248,NIBPO,54,22,100,795,79500
201509032749455,NICA,56,7,188,870,163560
201509032749427,NICA,59,34,720,871,627120
201509032749394,NICA,56,40,230,870,200100
201509032749338,NICA,56,17,500,870,435000
201509032749267,NICA,56,40,200,869,173800
201509032749180,NICA,16,43,365,867,316455
201509032749485,NICL,42,50,228,440,100320
201509032749448,NICL,25,50,150,441,66150
201509032749506,NIL,43,57,35,661,23135
201509032749480,NIL,25,57,1000,661,661000
201509032749474,NIL,16,57,500,662,331000
201509032749277,NIL,16,57,500,659,329500
201509032749527,NLG,47,51,200,737,147400
201509032749083,NLG,47,56,33,735,24255
201509032749547,NLIC,51,41,30,3620,108600
201509032749535,NLIC,37,32,100,3630,363000
201509032749390,NLIC,17,22,150,3610,541500
201509032749470,NLICL,34,47,270,2288,617760
201509032749261,NLICL,25,42,85,2290,194650
201509032749194,NLICL,19,36,50,2300,115000
201509032749193,NLICL,51,36,50,2300,115000
201509032749192,NLICL,26,36,20,2300,46000
201509032749191,NLICL,45,36,20,2320,46400
201509032749150,NLICL,22,47,50,2300,115000
201509032749545,NNFC,42,17,50,335,16750
201509032749239,NNFC,52,11,201,336,67536
201509032749117,NNFC,58,19,1100,330,363000
201509032749228,NNLB,16,39,12,860,10320
201509032749384,OHL,36,28,22,615,13530
201509032749298,OHL,7,32,22,613,13486
201509032749114,OHL,16,28,300,615,184500
201509032749526,PCBL,53,39,200,594,118800
201509032749510,PCBL,1,1,548,600,328800
201509032749486,PCBL,29,1,166,602,99932
201509032749385,PCBL,29,44,500,602,301000
201509032749289,PCBL,53,44,300,602,180600
201509032749280,PCBL,53,17,144,601,86544
201509032749268,PCBL,47,56,1000,600,600000
201509032749264,PCBL,47,22,640,599,383360
201509032749263,PCBL,47,21,500,599,299500
201509032749241,PCBL,10,22,95,595,56525
201509032749202,PCBL,34,39,500,592,296000
201509032749334,PFL,38,42,31,406,12586
201509032749146,PFL,52,14,1008,404,407232
201509032749189,PLIC,43,51,40,1366,54640
201509032749557,PRVU,6,1,300,431,129300
201509032749516,PRVU,6,25,30,432,12960
201509032749515,PRVU,6,25,100,432,43200
201509032749514,PRVU,1,25,300,432,129600
201509032749487,PRVU,22,32,100,433,43300
201509032749447,PRVU,16,32,150,433,64950
201509032749112,PRVU,21,49,101,432,43632
201509032749101,PRVU,16,49,11,431,4741
201509032749095,PRVU,26,49,11,431,4741
201509032749091,PRVU,6,49,55,432,23760
201509032749068,PRVU,16,14,700,431,301700
201509032749297,PRVU,6,49,11,432,4752
201509032749266,PRVU,49,32,200,433,86600
201509032749182,PRVU,57,39,11,432,4752
201509032749396,PURBL,43,14,200,345,69000
201509032749395,PURBL,14,14,200,346,69200
201509032749454,RBBBL,43,45,13,228,2964
201509032749443,RBBBL,43,45,13,228,2964
201509032749437,RBBBL,47,45,13,228,2964
201509032749281,RBBBL,1,42,11,230,2530
201509032749272,RBBBL,1,42,11,230,2530
201509032749155,RBBBL,1,42,10,230,2300
201509032749154,RBBBL,1,42,10,230,2300
201509032749153,RBBBL,1,42,10,230,2300
201509032749269,RBBBL,1,42,11,230,2530
201509032749265,RBBBL,1,42,11,230,2530
201509032749259,RBBBL,1,1,13,228,2964
201509032749240,RBBBL,1,1,17,228,3876
201509032749227,RBBBL,1,1,10,228,2280
201509032749221,RBBBL,1,1,10,230,2300
201509032749418,RBCL,40,17,149,5550,826950
201509032749370,RBCL,40,38,186,5580,1037880
201509032749337,RBCL,40,58,154,5555,855470
201509032749507,REDBL,56,45,79,233,18407
201509032749488,REDBL,56,48,17,234,3978
201509032749471,REDBL,13,17,147,231,33957
201509032749460,REDBL,13,28,421,230,96830
201509032749425,REDBL,13,17,147,232,34104
201509032749072,REDBL,57,5,120,231,27720
201509032749553,RHPC,40,14,130,409,53170
201509032749464,RHPC,40,25,12,405,4860
201509032749363,RHPC,21,25,12,405,4860
201509032749331,RHPC,21,51,300,406,121800
201509032749319,RHPC,50,50,92,405,37260
201509032749318,RHPC,50,25,12,405,4860
201509032749181,RHPC,52,25,12,405,4860
201509032749099,RHPC,50,50,92,405,37260
201509032749315,RHPC,50,25,12,405,4860
201509032749309,RHPC,7,7,11,404,4444
201509032749294,RHPC,7,7,11,404,4444
201509032749237,RHPC,6,4,94,404,37976
201509032749200,RHPC,52,51,75,406,30450
201509032749188,RHPC,52,25,12,405,4860
201509032749434,SADBL,25,10,211,374,78914
201509032749345,SADBL,48,46,172,371,63812
201509032749406,SANIMA,55,49,95,794,75430
201509032749327,SANIMA,21,49,500,791,395500
201509032749326,SANIMA,6,49,100,792,79200
201509032749325,SANIMA,36,49,100,792,79200
201509032749323,SANIMA,36,17,200,792,158400
201509032749320,SANIMA,21,17,200,793,158600
201509032749229,SANIMA,45,49,200,795,159000
201509032749161,SANIMA,45,42,10,800,8000
201509032749115,SANIMA,45,6,200,798,159600
201509032749088,SANIMA,45,26,500,795,397500
201509032749452,SBBLJ,43,47,50,506,25300
201509032749244,SBI,45,6,125,1510,188750
201509032749137,SBI,44,35,1000,1506,1506000
201509032749136,SBI,44,22,100,1500,150000
201509032749135,SBI,44,36,200,1500,300000
201509032749376,SBL,5,6,100,825,82500
201509032749375,SBL,5,50,170,824,140080
201509032749367,SBL,5,21,223,824,183752
201509032749158,SBL,1,50,30,824,24720
201509032749157,SBL,1,50,150,824,123600
201509032749070,SBL,48,50,100,824,82400
201509032749552,SCB,58,34,100,2739,273900
201509032749489,SCB,33,13,100,2738,273800
201509032749462,SCB,25,13,450,2735,1230750
201509032749421,SCB,17,49,100,2725,272500
201509032749405,SCB,6,49,39,2725,106275
201509032749402,SCB,6,49,100,2725,272500
201509032749290,SCB,28,28,200,2724,544800
201509032749176,SCB,28,28,200,2723,544600
201509032749134,SCB,17,22,300,2726,817800
201509032749107,SCB,21,5,11,2740,30140
201509032749074,SCB,58,22,100,2721,272100
201509032749393,SCB,33,49,20,2724,54480
201509032749392,SCB,17,49,100,2724,272400
201509032749389,SCB,11,49,50,2725,136250
201509032749388,SCB,19,49,30,2726,81780
201509032749382,SCB,16,50,11,2740,30140
201509032749324,SCB,17,13,300,2723,816900
201509032749246,SHINE,6,26,58,505,29290
201509032749473,SHPC,39,49,50,816,40800
201509032749459,SHPC,11,49,280,816,228480
201509032749458,SHPC,39,49,100,817,81700
201509032749457,SHPC,39,49,100,817,81700
201509032749456,SHPC,35,49,70,817,57190
201509032749278,SHPC,58,1,218,821,178978
201509032749090,SICL,21,39,35,950,33250
201509032749086,SICL,21,32,68,950,64600
201509032749391,SIGS1,57,40,15000,17,259500
201509032749344,SIGS1,57,17,5000,17,86500
201509032749343,SIGS1,57,40,30000,17,517500
201509032749561,SIL,18,50,58,737,42746
201509032749493,SIL,47,50,50,737,36850
201509032749492,SIL,21,50,450,737,331650
201509032749295,SIL,42,16,100,738,73800
201509032749316,SINDU,22,43,750,183,137250
201509032749554,SKBBL,36,38,100,2000,200000
201509032749412,SKBBL,35,38,100,2000,200000
201509032749383,SKBBL,45,13,72,2000,144000
201509032749314,SKBBL,55,38,200,1990,398000
201509032749313,SKBBL,35,38,20,2000,40000
201509032749544,SLICL,43,45,104,737,76648
201509032749541,SLICL,32,45,99,738,73062
201509032749078,SLICL,26,49,185,740,136900
201509032749238,SLICL,28,39,34,738,25092
201509032749530,SRBL,58,41,195,508,99060
201509032749283,SRBL,28,36,57,507,28899
201509032749517,STC,22,22,3654,228,833112
201509032749362,SUBBL,18,43,38,294,11172
201509032749333,SUBBL,18,43,10,289,2890
201509032749332,SUBBL,18,11,690,289,199410
201509032749282,SUBBL,18,16,148,285,42180
201509032749273,SUBBL,18,43,125,285,35625
201509032749271,SUBBL,18,57,38,284,10792
201509032749366,SUPRME,18,36,672,191,128352
201509032749359,SUPRME,38,45,33,192,6336
201509032749310,SUPRME,38,58,500,192,96000
201509032749196,SUPRME,38,39,32,192,6144
201509032749477,SWBBL,7,48,50,2006,100300
201509032749252,UFIL,47,54,44,145,6380
201509032749201,UFIL,17,17,11,147,1617
201509032749174,UFIL,17,17,11,147,1617
201509032749172,UFIL,17,17,11,147,1617
201509032749159,UFIL,17,17,11,147,1617
201509032749075,UFIL,17,17,11,147,1617
201509032749113,UFIL,17,17,11,147,1617
201509032749094,UFIL,17,17,11,147,1617
201509032749089,UFIL,17,17,11,147,1617
201509032749082,UFIL,17,17,11,147,1617
201509032749152,UFIL,17,17,11,147,1617
201509032749145,UFIL,17,17,11,147,1617
201509032749141,UFIL,17,17,11,147,1617
201509032749133,UFIL,17,17,11,147,1617
201509032749131,UFIL,17,17,11,147,1617
201509032749116,UFIL,17,17,11,147,1617
201509032749149,UFL,38,32,200,379,75800
201509032749120,UFL,38,16,39,379,14781
201509032749163,UIC,10,54,43,415,17845
201509032749321,VBBL,16,38,500,168,84000
201509032749276,VBBL,36,38,100,170,17000
201509032749413,WDBL,21,7,100,322,32200
201509032749365,WDBL,13,48,21,323,6783
201509032749360,WDBL,14,48,21,324,6804
201509032749262,WDBL,45,21,289,325,93925
201509032749258,YETI,21,39,100,181,18100
201509032748888,ACEDBL,49,36,500,310,155000
201509032748859,ADBL,6,46,100,472,47200
201509032748663,ADBL,14,17,500,478,239000
201509032748933,AHPC,25,57,500,280,140000
201509032748913,AHPC,48,26,301,285,85785
201509032748912,AHPC,48,10,500,285,142500
201509032748876,AHPC,48,39,180,284,51120
201509032748875,AHPC,48,39,180,284,51120
201509032748874,AHPC,48,39,180,284,51120
201509032748863,AHPC,48,17,82,283,23206
201509032748862,AHPC,48,10,500,283,141500
201509032748683,AHPC,11,39,23,282,6486
201509032748618,AHPC,29,21,46,284,13064
201509032748634,ALICL,57,21,131,1250,163750
201509032748718,ARDBL,1,47,10,183,1830
201509032748781,BFCL,52,21,14,127,1778
201509032748769,BFCL,52,21,20,127,2540
201509032748743,BFCL,11,21,14,127,1778
201509032748952,BHBL,45,17,250,322,80500
201509032748911,BHBL,1,42,60,320,19200
201509032748732,BLDBL,11,39,30,410,12300
201509032748731,BLDBL,11,39,50,410,20500
201509032748730,BLDBL,11,20,100,410,41000
201509032748900,CBBL,59,17,74,1595,118030
201509032748770,CBL,16,53,1050,294,308700
201509032748658,CBL,42,53,650,293,190450
201509032748585,CBL,42,34,300,293,87900
201509032749043,CCBL,1,38,500,385,192500
201509032748974,CCBL,44,43,200,383,76600
201509032748970,CCBL,32,29,24,384,9216
201509032748965,CCBL,32,43,100,384,38400
201509032748942,CCBL,32,13,96,385,36960
201509032748934,CCBL,32,45,369,384,141696
201509032748641,CCBL,16,57,316,381,120396
201509032748619,CCBL,49,5,100,385,38500
201509032748597,CCBL,49,17,200,385,77000
201509032748586,CCBL,49,58,166,385,63910
201509032748908,CCBL,49,45,180,384,69120
201509032748907,CCBL,6,45,100,385,38500
201509032748906,CCBL,49,45,100,385,38500
201509032748836,CCBL,49,49,6320,384,2426880
201509032748814,CCBL,58,16,500,385,192500
201509032748651,CCBL,13,5,200,383,76600
201509032749047,CHCL,40,57,16,1457,23312
201509032748973,CHCL,38,19,11,1465,16115
201509032748932,CHCL,51,26,113,1453,164189
201509032748794,CHCL,26,57,120,1450,174000
201509032748773,CHCL,4,29,249,1450,361050
201509032748716,CHCL,58,54,130,1456,189280
201509032748673,CHCL,49,36,152,1455,221160
201509032748661,CHCL,42,42,11,1456,16016
201509032748660,CHCL,11,25,253,1450,366850
201509032748652,CHCL,11,25,300,1450,435000
201509032748986,CZBIL,47,38,536,697,373592
201509032748963,CZBIL,38,41,500,695,347500
201509032748946,CZBIL,42,42,300,694,208200
201509032748807,CZBIL,56,49,7697,690,5310930
201509032748599,CZBIL,21,46,100,691,69100
201509032748749,CZBIL,29,17,565,694,392110
201509032748686,CZBIL,36,17,28,691,19348
201509032748604,CZBIL,29,47,238,690,164220
201509032748602,CZBIL,29,46,90,690,62100
201509032748601,CZBIL,53,46,100,690,69000
201509032748600,CZBIL,13,46,190,690,131100
201509032749044,DDBL,45,44,106,1670,177020
201509032749006,DDBL,45,51,100,1665,166500
201509032748779,DDBL,45,44,200,1660,332000
201509032748776,DDBL,45,14,100,1655,165500
201509032749062,EBL,57,7,200,3202,640400
201509032749054,EBL,57,10,250,3200,800000
201509032749025,EBL,52,10,100,3200,320000
201509032748722,EBL,38,6,100,3201,320100
201509032748720,EBL,55,53,200,3205,641000
201509032748717,EBL,44,35,150,3202,480300
201509032748631,EBL,44,8,50,3202,160100
201509032748746,EBL,54,6,80,3200,256000
201509032748736,EBL,34,6,150,3200,480000
201509032748726,EBL,25,6,100,3200,320000
201509032748725,EBL,25,6,50,3200,160000
201509032748724,EBL,41,6,30,3200,96000
201509032748723,EBL,25,6,90,3200,288000
201509032748869,EBL,26,7,100,3195,319500
201509032748835,EBL,56,28,150,3200,480000
201509032748823,EBL,56,7,50,3200,160000
201509032748822,EBL,54,7,100,3200,320000
201509032748821,EBL,25,7,100,3200,320000
201509032748621,EIC,11,48,50,882,44100
201509032749033,EKBL,40,58,200,301,60200
201509032748923,EKBL,41,49,95,301,28595
201509032748916,EKBL,14,42,14,302,4228
201509032748878,EKBL,14,49,460,302,138920
201509032748630,EKBL,43,25,708,301,213108
201509032748623,EKBL,41,49,10,301,3010
201509032748622,FMDBL,57,5,200,635,127000
201509032749050,GBIME,21,8,25,526,13150
201509032748984,GBIME,41,38,300,525,157500
201509032748983,GBIME,42,38,100,525,52500
201509032748982,GBIME,48,38,200,525,105000
201509032748981,GBIME,50,38,200,525,105000
201509032748980,GBIME,17,38,500,525,262500
201509032748788,GBIME,49,28,242,529,128018
201509032748753,GBIME,13,6,200,528,105600
201509032748752,GBIME,42,6,150,528,79200
201509032748751,GBIME,45,6,150,528,79200
201509032748747,GBIME,19,6,50,530,26500
201509032748698,GBIME,13,13,399,528,210672
201509032748828,GBIME,36,8,100,527,52700
201509032748827,GBIME,13,8,500,527,263500
201509032748826,GBIME,26,8,200,528,105600
201509032748825,GBIME,50,8,300,529,158700
201509032748824,GBIME,1,48,122,530,64660
201509032748808,GBIME,49,49,500,529,264500
201509032748979,GBIME,22,38,200,526,105200
201509032748877,GBIME,16,46,328,526,172528
201509032748832,GBIME,16,8,640,526,336640
201509032748831,GBIME,53,8,150,526,78900
201509032748830,GBIME,56,8,200,526,105200
201509032748829,GBIME,51,8,500,527,263500
201509032748850,GDBL,21,44,200,407,81400
201509032748713,GDBL,55,44,100,411,41100
201509032748669,GDBL,14,44,100,415,41500
201509032748798,GFCL,43,5,700,221,154700
201509032748937,GLICL,47,49,50,669,33450
201509032748936,GLICL,20,49,220,669,147180
201509032748935,GLICL,3,49,20,670,13400
201509032748591,GLICL,47,54,50,682,34100
201509032748590,GLICL,20,54,320,682,218240
201509032748581,GLICL,3,54,20,693,13860
201509032748727,GMFIL,46,43,50,242,12100
201509032748926,HBL,16,11,100,1240,124000
201509032748909,HBL,16,36,150,1264,189600
201509032748899,HBL,18,36,261,1263,329643
201509032748884,HBL,34,44,100,1265,126500
201509032748865,ICFC,55,3,91,315,28665
201509032748864,IDBL,38,59,28,195,5460
201509032748612,IDBL,17,59,300,195,58500
201509032748611,IDBL,16,59,300,195,58500
201509032748609,IDBL,38,59,200,196,39200
201509032748861,ILFC,47,29,335,218,73030
201509032748815,ILFC,16,59,3344,216,722304
201509032748793,ILFC,32,32,54,220,11880
201509032748577,ILFC,55,52,100,220,22000
201509032748682,JBBL,16,42,150,208,31200
201509032748680,JBBL,16,35,36,208,7488
201509032748603,JBBL,42,33,514,208,106912
201509032748971,JBNL,21,50,103,311,32033
201509032748967,JBNL,21,26,500,311,155500
201509032748964,JBNL,21,36,500,311,155500
201509032748950,JBNL,19,13,100,313,31300
201509032748947,JBNL,38,36,512,312,159744
201509032748670,JBNL,25,25,1000,315,315000
201509032748650,JBNL,49,25,500,314,157000
201509032748632,JBNL,42,50,558,316,176328
201509032748616,JBNL,42,36,200,317,63400
201509032749004,JFL,47,3,120,386,46320
201509032748938,JFL,47,3,120,392,47040
201509032748687,KBBL,43,16,174,460,80040
201509032748674,KBBL,37,37,15,461,6915
201509032748988,KBL,16,43,500,450,225000
201509032748978,KBL,39,37,200,450,90000
201509032748960,KBL,39,37,200,450,90000
201509032748719,KBL,16,46,43,448,19264
201509032748711,KBL,16,46,150,448,67200
201509032748710,KBL,43,46,500,448,224000
201509032748605,KBL,56,54,500,449,224500
201509032748596,KBL,57,5,500,450,225000
201509032748709,KBL,17,46,400,448,179200
201509032748708,KBL,16,46,200,448,89600
201509032748707,KBL,19,46,350,449,157150
201509032748706,KBL,34,46,200,450,90000
201509032748702,KBL,34,10,400,450,180000
201509032748637,KBL,36,44,300,450,135000
201509032749037,KMCDB,38,45,50,1461,73050
201509032749015,LBL,1,14,100,454,45400
201509032749002,LBL,1,34,265,453,120045
201509032748998,LBL,1,35,500,452,226000
201509032748771,LGIL,39,35,100,428,42800
201509032748712,LGIL,56,42,100,430,43000
201509032748917,LICN,57,57,190,3670,697300
201509032749060,LUBL,25,49,141,407,57387
201509032748851,LUBL,22,22,500,409,204500
201509032748797,LUBL,22,43,444,409,181596
201509032748775,LUBL,58,6,200,409,81800
201509032748742,LUBL,49,25,160,409,65440
201509032748692,LUBL,49,49,1340,409,548060
201509032748643,LUBL,58,50,263,407,107041
201509032749009,MBL,20,43,93,570,53010
201509032748903,MBL,16,14,200,570,114000
201509032748902,MBL,39,14,50,572,28600
201509032748690,MBL,19,36,100,570,57000
201509032748689,MBL,47,36,200,570,114000
201509032748688,MBL,40,36,200,573,114600
201509032748675,MBL,41,36,29,574,16646
201509032748642,MBL,55,14,500,574,287000
201509032748820,MFIL,48,55,2000,219,438000
201509032748627,MFIL,48,55,1000,219,219000
201509032749064,NABIL,40,34,100,2481,248100
201509032748843,NABIL,25,28,50,2475,123750
201509032748842,NABIL,34,28,200,2476,495200
201509032748841,NABIL,58,28,150,2478,371700
201509032748840,NABIL,36,28,200,2480,496000
201509032748839,NABIL,59,28,200,2481,496200
201509032748738,NABIL,32,42,30,2485,74550
201509032748838,NABIL,21,28,50,2481,124050
201509032748837,NABIL,25,28,200,2482,496400
201509032748802,NABIL,59,49,85,2490,211650
201509032748741,NABIL,21,42,50,2481,124050
201509032748740,NABIL,6,42,80,2482,198560
201509032748739,NABIL,22,42,50,2482,124100
201509032749048,NABILP,14,53,300,1816,544800
201509032749029,NABILP,54,1,1000,1811,1811000
201509032748629,NABILP,19,36,400,1812,724800
201509032748628,NABILP,14,36,100,1814,181400
201509032748624,NABILP,42,53,100,1815,181500
201509032748639,NABILP,45,53,50,1814,90700
201509032748633,NABILP,19,36,48,1812,86976
201509032749032,NBB,41,25,500,660,330000
201509032749027,NBB,29,53,500,662,331000
201509032749021,NBB,45,54,626,661,413786
201509032749020,NBB,45,49,500,661,330500
201509032748969,NBB,45,53,500,660,330000
201509032748968,NBB,45,19,500,660,330000
201509032748571,NBB,51,55,500,659,329500
201509032748962,NBB,29,19,500,660,330000
201509032748745,NBB,49,6,500,661,330500
201509032748705,NBB,35,54,500,662,331000
201509032748594,NBB,20,42,30,662,19860
201509032748587,NBB,43,16,40,660,26400
201509032748881,NBL,29,38,200,280,56000
201509032748880,NBL,29,10,400,280,112000
201509032748879,NBL,29,49,400,279,111600
201509032748610,NBL,42,49,100,279,27900
201509032749066,NHPC,33,45,1000,122,122000
201509032749059,NHPC,40,45,240,123,29520
201509032749039,NHPC,33,46,1000,122,122000
201509032748992,NHPC,32,44,1000,123,123000
201509032748991,NHPC,40,26,750,123,92250
201509032748976,NHPC,33,39,1500,122,183000
201509032748715,NHPC,10,54,1000,121,121000
201509032748672,NHPC,10,50,1000,120,120000
201509032748645,NHPC,10,8,1000,121,121000
201509032748638,NHPC,10,16,5000,120,600000
201509032748625,NHPC,45,8,1000,120,120000
201509032748584,NHPC,10,1,1000,120,120000
201509032748764,NHPC,10,55,1000,122,122000
201509032748763,NHPC,10,56,1000,122,122000
201509032748762,NHPC,10,25,800,122,97600
201509032748761,NHPC,10,38,1000,122,122000
201509032748760,NHPC,10,40,1000,122,122000
201509032748759,NHPC,10,55,2000,122,244000
201509032748785,NHPC,32,21,1000,123,123000
201509032748784,NHPC,32,1,1000,123,123000
201509032748783,NHPC,32,11,1000,122,122000
201509032748782,NHPC,32,25,1000,122,122000
201509032748774,NHPC,10,32,280,122,34160
201509032748765,NHPC,10,16,1479,122,180438
201509032748816,NHPC,32,41,500,123,61500
201509032748811,NHPC,32,53,1000,123,123000
201509032748810,NHPC,32,49,1000,123,123000
201509032748803,NHPC,20,13,1000,123,123000
201509032748796,NHPC,20,44,5000,122,610000
201509032748789,NHPC,32,44,2000,122,244000
201509032748892,NHPC,33,1,2000,123,246000
201509032748891,NHPC,33,55,500,123,61500
201509032748890,NHPC,33,38,1000,122,122000
201509032748889,NHPC,39,39,1000,122,122000
201509032748867,NHPC,32,16,500,122,61000
201509032748834,NHPC,17,18,500,122,61000
201509032748898,NHPC,33,49,683,124,84692
201509032748897,NHPC,33,49,700,124,86800
201509032748896,NHPC,33,11,1000,124,124000
201509032748895,NHPC,33,11,1000,124,124000
201509032748894,NHPC,33,55,1300,123,159900
201509032748893,NHPC,33,49,1000,123,123000
201509032748966,NHPC,33,5,1000,122,122000
201509032748945,NHPC,32,1,1000,123,123000
201509032748941,NHPC,32,44,2000,123,246000
201509032748940,NHPC,32,28,1000,123,123000
201509032748905,NHPC,33,14,500,124,62000
201509032748904,NHPC,33,21,2000,124,248000
201509032749031,NIB,14,11,100,1001,100100
201509032748901,NIB,50,19,200,1006,201200
201509032748818,NIB,14,11,100,1000,100000
201509032748813,NIB,54,26,223,1000,223000
201509032748805,NIB,39,38,30,1005,30150
201509032748795,NIB,45,35,69,1000,69000
201509032748754,NIB,22,46,50,1005,50250
201509032748748,NIB,39,46,24,1005,24120
201509032748786,NIB,16,35,100,1001,100100
201509032748777,NIB,38,29,739,1001,739739
201509032748758,NIB,6,46,100,1002,100200
201509032748757,NIB,59,46,300,1002,300600
201509032748756,NIB,50,46,100,1002,100200
201509032748755,NIB,22,46,50,1003,50150
201509032748996,NIBPO,5,4,500,796,398000
201509032748985,NIBPO,54,32,500,798,399000
201509032748930,NIBPO,6,20,200,800,160000
201509032748929,NIBPO,6,20,200,800,160000
201509032748928,NIBPO,25,20,500,800,400000
201509032748614,NIBPO,54,20,1000,800,800000
201509032748667,NIBPO,44,20,1000,800,800000
201509032748656,NIBPO,38,58,218,800,174400
201509032749045,NICA,16,40,500,867,433500
201509032749030,NICA,16,40,100,867,86700
201509032749019,NICA,16,40,100,867,86700
201509032749018,NICA,16,40,100,867,86700
201509032749008,NICA,16,40,300,867,260100
201509032748997,NICA,18,21,87,870,75690
201509032748570,NICA,16,50,500,865,432500
201509032748569,NICA,39,50,100,865,86500
201509032748568,NICA,18,50,120,867,104040
201509032748750,NICA,44,50,320,867,277440
201509032748704,NICA,44,36,500,866,433000
201509032748678,NICA,36,55,200,864,172800
201509032748666,NICA,36,59,200,864,172800
201509032748657,NICA,44,5,141,865,121965
201509032748578,NICA,18,50,280,865,242200
201509032748993,NICA,18,47,75,870,65250
201509032748882,NICA,42,6,117,870,101790
201509032748845,NICA,16,11,200,867,173400
201509032748844,NICA,16,50,500,867,433500
201509032748806,NICA,44,5,410,866,355060
201509032748778,NICA,44,50,500,866,433000
201509032748914,NICL,42,22,200,441,88200
201509032748772,NICL,43,18,106,441,46746
201509032748613,NICL,25,22,150,450,67500
201509032748598,NICL,42,22,50,459,22950
201509032748860,NIL,5,45,51,670,34170
201509032748858,NIL,5,45,100,661,66100
201509032748856,NIL,14,45,100,661,66100
201509032748607,NLG,47,16,15,750,11250
201509032749041,NLIC,21,32,100,3630,363000
201509032748583,NLIC,10,57,50,3630,181500
201509032749065,NLICL,37,33,100,2290,229000
201509032749056,NLICL,6,33,200,2293,458600
201509032748927,NLICL,46,47,32,2310,73920
201509032748918,NLICL,14,17,200,2294,458800
201509032748655,NLICL,36,50,28,2315,64820
201509032748579,NLICL,13,42,100,2300,230000
201509032748792,NNFC,45,46,1000,335,335000
201509032748852,NTC,5,38,20,674,13480
201509032748949,OHL,49,49,2010,619,1244190
201509032748833,OHL,7,59,90,613,55170
201509032748635,OHL,25,25,77,611,47047
201509032748574,OHL,45,51,11,620,6820
201509032748573,OHL,45,51,11,620,6820
201509032748572,OHL,45,21,11,617,6787
201509032748703,OHL,6,29,11,611,6721
201509032749016,PCBL,25,25,200,591,118200
201509032749000,PCBL,33,19,1500,595,892500
201509032748999,PCBL,49,44,200,594,118800
201509032748994,PCBL,49,11,200,594,118800
201509032748989,PCBL,49,25,100,594,59400
201509032748812,PCBL,33,33,322,593,190946
201509032748575,PCBL,42,22,100,591,59100
201509032748801,PCBL,33,45,398,592,235616
201509032748800,PCBL,33,49,450,590,265500
201509032748799,PCBL,33,36,350,590,206500
201509032748791,PCBL,49,47,143,588,84084
201509032748729,PCBL,41,49,50,590,29500
201509032748576,PCBL,36,22,100,590,59000
201509032749058,PLIC,43,51,20,1392,27840
201509032749052,PLIC,32,51,240,1395,334800
201509032749046,PLIC,32,51,100,1400,140000
201509032749042,PLIC,20,51,100,1401,140100
201509032748606,PLIC,18,50,94,1415,133010
201509032748567,PRDBL,51,22,100,177,17700
201509032749053,PRVU,6,49,11,432,4752
201509032748787,PRVU,8,49,950,433,411350
201509032748768,PRVU,37,49,150,432,64800
201509032748767,PRVU,21,49,150,432,64800
201509032748766,PRVU,36,49,50,433,21650
201509032748653,PRVU,36,36,200,433,86600
201509032749003,RBBBL,1,3,13,234,3042
201509032749013,RBCL,32,33,110,5545,609950
201509032749005,RBCL,32,37,85,5540,470900
201509032749024,REDBL,36,44,74,232,17168
201509032749017,REDBL,42,44,1000,231,231000
201509032748676,REDBL,57,21,115,234,26910
201509032748654,REDBL,1,48,56,233,13048
201509032748648,REDBL,1,48,28,233,6524
201509032749057,RHPC,50,50,92,404,37168
201509032749026,RHPC,28,4,56,402,22512
201509032749014,RHPC,40,6,15,408,6120
201509032749011,RHPC,11,4,56,403,22568
201509032748953,RHPC,21,20,409,404,165236
201509032748948,RHPC,7,7,11,405,4455
201509032748620,RHPC,5,26,100,404,40400
201509032748593,RHPC,21,21,11,405,4455
201509032748819,RHPC,29,57,11,405,4455
201509032748714,RHPC,40,21,11,407,4477
201509032748699,RHPC,40,21,11,407,4477
201509032748697,RHPC,40,21,11,407,4477
201509032748693,RHPC,40,39,12,406,4872
201509032748644,RHPC,40,26,11,403,4433
201509032748939,RHPC,7,7,11,405,4455
201509032748931,RHPC,7,7,11,405,4455
201509032748924,RHPC,7,7,11,405,4455
201509032748872,RHPC,29,16,11,408,4488
201509032748847,RHPC,29,21,11,408,4488
201509032748846,RHPC,29,21,11,408,4488
201509032748592,SADBL,48,50,244,378,92232
201509032748961,SANIMA,45,6,200,798,159600
201509032748915,SANIMA,45,11,300,795,238500
201509032748694,SANIMA,36,11,231,790,182490
201509032748664,SANIMA,13,13,1838,790,1452020
201509032748647,SANIMA,29,6,200,798,159600
201509032748646,SANIMA,29,6,10,797,7970
201509032748608,SANIMA,37,20,40,790,31600
201509032748871,SBBLJ,1,45,200,500,100000
201509032748870,SBBLJ,1,16,80,499,39920
201509032748987,SBI,44,26,825,1492,1230900
201509032748954,SBI,19,29,22,1492,32824
201509032748925,SBI,1,36,98,1492,146216
201509032748921,SBI,49,36,140,1495,209300
201509032748910,SBI,49,17,60,1498,89880
201509032749055,SBL,42,46,17,821,13957
201509032749049,SBL,29,46,100,822,82200
201509032749040,SBL,48,50,100,824,82400
201509032749038,SBL,1,50,150,824,123600
201509032748868,SBL,18,6,100,825,82500
201509032748735,SBL,1,22,100,820,82000
201509032748734,SBL,1,50,250,820,205000
201509032748728,SBL,26,50,100,820,82000
201509032748700,SBL,21,50,100,820,82000
201509032748662,SBL,38,50,50,820,41000
201509032749007,SCB,21,34,140,2736,383040
201509032748951,SCB,54,34,222,2735,607170
201509032748920,SCB,58,46,11,2721,29931
201509032748809,SCB,17,34,200,2740,548000
201509032748944,SDBL,25,17,50,275,13750
201509032748943,SDBL,25,6,500,271,135500
201509032748990,SEOS,13,7,5000,10,50000
201509032748854,SEWA,51,32,50,318,15900
201509032748887,SHINE,53,45,250,505,126250
201509032748817,SHINE,53,45,179,515,92185
201509032749036,SHPC,16,57,150,822,123300
201509032749035,SHPC,49,57,100,823,82300
201509032749034,SHPC,13,57,100,825,82500
201509032749028,SHPC,21,33,267,825,220275
201509032748995,SHPC,47,33,267,824,220008
201509032748804,SHPC,16,50,36,825,29700
201509032748737,SHPC,42,50,190,822,156180
201509032748668,SIC,21,44,100,900,90000
201509032749063,SICL,26,52,100,949,94900
201509032749051,SICL,21,49,240,942,226080
201509032749022,SICL,22,32,72,950,68400
201509032748958,SIGS1,22,40,30000,17,516000
201509032748790,SIL,21,21,50,737,36850
201509032749010,SKBBL,35,57,38,2000,76000
201509032748959,SKBBL,35,49,19,2000,38000
201509032748955,SKBBL,35,49,20,2000,40000
201509032748849,SKBBL,55,57,100,2035,203500
201509032748696,SKBBL,58,58,100,2065,206500
201509032748919,SLICL,32,42,34,736,25024
201509032748857,SLICL,14,34,120,750,90000
201509032748855,SLICL,14,34,12,740,8880
201509032748701,SLICL,43,25,42,736,30912
201509032748659,SLICL,32,51,111,736,81696
201509032749001,SODBL,58,21,1000,124,124000
201509032748977,SODBL,21,21,1000,124,124000
201509032748922,SODBL,58,59,500,123,61500
201509032748733,SODBL,19,8,1000,123,123000
201509032748721,SODBL,58,50,1000,125,125000
201509032748665,SODBL,58,50,1000,124,124000
201509032748595,SODBL,21,50,500,125,62500
201509032748975,SRBL,17,11,400,507,202800
201509032748866,SRBL,17,50,214,508,108712
201509032748695,SRBL,8,36,400,508,203200
201509032748685,SRBL,8,39,500,516,258000
201509032748679,SRBL,8,58,236,515,121540
201509032748649,SRBL,8,45,515,508,261620
201509032748640,SRBL,8,10,500,512,256000
201509032748615,SRBL,28,47,110,507,55770
201509032748582,SRBL,17,45,1000,510,510000
201509032748580,SRBL,17,11,117,510,59670
201509032748883,SUBBL,39,5,36,285,10260
201509032748972,SUPRME,32,17,1000,191,191000
201509032748684,SUPRME,5,17,1000,190,190000
201509032748681,SUPRME,5,16,235,190,44650
201509032748677,SUPRME,5,42,353,189,66717
201509032749012,SWBBL,47,38,100,2019,201900
201509032748853,SWBBL,47,35,100,2010,201000
201509032748848,SWBBL,26,7,78,2010,156780
201509032748780,SWBBL,22,35,200,2005,401000
201509032748671,SWBBL,21,35,200,2002,400400
201509032749061,UFIL,17,17,11,148,1628
201509032748957,UFIL,16,36,423,147,62181
201509032748873,UIC,10,40,960,422,405120
201509032748589,UNL,8,28,20,30000,600000
201509032748588,UNL,8,28,40,30000,1200000
201509032748956,VBBL,16,6,221,170,37570
201509032748617,YETI,20,20,1340,184,246560
201509032748362,ACEDBL,58,22,1000,304,304000
201509032748361,ACEDBL,42,22,1000,305,305000
201509032748327,ACEDBL,58,22,2000,304,608000
201509032748326,ACEDBL,17,22,1000,305,305000
201509032748325,ACEDBL,49,22,50,305,15250
201509032748324,ACEDBL,58,22,500,306,153000
201509032748176,ACEDBL,58,22,300,309,92700
201509032748411,AHPC,29,19,20,284,5680
201509032748453,BFCL,22,22,56,128,7168
201509032748179,BHBL,39,17,250,322,80500
201509032748178,BHBL,39,17,250,320,80000
201509032748546,BLDBL,49,20,100,402,40200
201509032748475,BLDBL,46,33,490,395,193550
201509032748448,BLDBL,45,33,10,388,3880
201509032748532,CBL,42,7,50,293,14650
201509032748297,CBL,16,16,500,293,146500
201509032748068,CBL,49,49,44,290,12760
201509032748544,CCBL,13,5,100,384,38400
201509032748530,CCBL,49,14,500,383,191500
201509032748527,CCBL,13,58,100,384,38400
201509032748520,CCBL,49,39,477,384,183168
201509032748464,CCBL,49,36,500,385,192500
201509032748423,CCBL,48,43,60,388,23280
201509032748077,CCBL,49,49,100,383,38300
201509032748398,CCBL,43,11,200,385,77000
201509032748307,CCBL,16,42,1072,385,412720
201509032748137,CCBL,10,53,376,385,144760
201509032748127,CCBL,49,58,83,384,31872
201509032748126,CCBL,49,16,555,384,213120
201509032748095,CCBL,49,49,390,383,149370
201509032748501,CFCL,16,16,571,240,137040
201509032748364,CFCL,28,26,10,237,2370
201509032748498,CHCL,42,19,38,1455,55290
201509032748429,CHCL,52,19,20,1456,29120
201509032748422,CHCL,6,41,32,1451,46432
201509032748416,CHCL,39,39,50,1457,72850
201509032748410,CHCL,11,43,112,1450,162400
201509032748402,CHCL,11,19,28,1456,40768
201509032748079,CHCL,51,45,171,1458,249318
201509032748078,CHCL,11,52,30,1460,43800
201509032748125,CHCL,51,54,62,1460,90520
201509032748110,CHCL,51,54,52,1460,75920
201509032748106,CHCL,6,6,72,1455,104760
201509032748099,CHCL,51,22,56,1460,81760
201509032748098,CHCL,51,42,100,1460,146000
201509032748084,CHCL,35,52,20,1460,29200
201509032748395,CHCL,52,19,43,1455,62565
201509032748381,CHCL,19,19,100,1455,145500
201509032748350,CHCL,39,39,170,1452,246840
201509032748175,CHCL,51,54,54,1460,78840
201509032748160,CHCL,6,26,40,1460,58400
201509032748130,CHCL,6,6,72,1455,104760
201509032748549,CZBIL,13,26,10,690,6900
201509032748531,CZBIL,16,45,400,688,275200
201509032748523,CZBIL,43,14,430,687,295410
201509032748502,CZBIL,48,26,500,689,344500
201509032748479,CZBIL,54,26,500,690,345000
201509032748478,CZBIL,8,26,690,690,476100
201509032748150,CZBIL,45,20,500,700,350000
201509032748149,CZBIL,45,4,40,699,27960
201509032748122,CZBIL,19,4,160,699,111840
201509032748089,CZBIL,47,4,200,699,139800
201509032748081,CZBIL,10,4,100,699,69900
201509032748193,CZBIL,56,42,100,697,69700
201509032748187,CZBIL,26,4,24,698,16752
201509032748169,CZBIL,19,44,57,697,39729
201509032748151,CZBIL,45,45,408,700,285600
201509032748199,CZBIL,26,42,100,695,69500
201509032748198,CZBIL,32,42,100,695,69500
201509032748197,CZBIL,14,42,1000,696,696000
201509032748196,CZBIL,56,42,600,696,417600
201509032748195,CZBIL,34,42,160,696,111360
201509032748194,CZBIL,19,42,50,697,34850
201509032748315,CZBIL,54,45,100,692,69200
201509032748220,CZBIL,6,4,890,691,614990
201509032748205,CZBIL,36,4,200,695,139000
201509032748204,CZBIL,33,4,110,695,76450
201509032748201,CZBIL,33,42,890,695,618550
201509032748200,CZBIL,56,42,1000,695,695000
201509032748460,CZBIL,8,4,310,690,213900
201509032748459,CZBIL,6,4,110,691,76010
201509032748458,CZBIL,52,4,50,692,34600
201509032748457,CZBIL,29,4,30,693,20790
201509032748409,CZBIL,13,17,541,691,373831
201509032748316,CZBIL,38,45,500,692,346000
201509032748515,EBL,44,11,87,3202,278574
201509032748507,EBL,44,19,300,3202,960600
201509032748506,EBL,41,19,100,3210,321000
201509032748505,EBL,34,19,50,3210,160500
201509032748483,EBL,34,6,150,3210,481500
201509032748186,EBL,45,28,100,3240,324000
201509032748181,EBL,34,28,100,3235,323500
201509032748142,EBL,34,28,100,3235,323500
201509032748482,EBL,38,6,50,3215,160750
201509032748462,EBL,49,57,100,3215,321500
201509032748354,EBL,49,10,200,3220,644000
201509032748257,EIC,17,17,60,890,53400
201509032748251,EKBL,22,1,33,299,9867
201509032748248,EKBL,22,1,33,298,9834
201509032748225,EKBL,40,1,33,298,9834
201509032748526,GBIME,51,43,187,529,98923
201509032748421,GBIME,45,14,50,528,26400
201509032748420,GBIME,38,14,100,528,52800
201509032748419,GBIME,13,14,150,528,79200
201509032748417,GBIME,16,16,229,530,121370
201509032748413,GBIME,40,14,500,529,264500
201509032748246,GBIME,42,8,10,530,5300
201509032748245,GBIME,53,8,1100,530,583000
201509032748244,GBIME,25,8,100,531,53100
201509032748217,GBIME,22,5,45,531,23895
201509032748183,GBIME,53,48,244,530,129320
201509032748096,GBIME,44,44,1000,535,535000
201509032748412,GBIME,48,14,200,529,105800
201509032748288,GBIME,19,26,144,530,76320
201509032748274,GBIME,13,36,100,528,52800
201509032748270,GBIME,40,36,200,528,105600
201509032748269,GBIME,42,36,100,528,52800
201509032748268,GBIME,40,36,100,528,52800
201509032748486,GDBL,45,44,50,419,20950
201509032748529,GLICL,56,18,100,695,69500
201509032748508,GLICL,7,17,311,695,216145
201509032748463,GLICL,7,34,755,695,524725
201509032748440,GLICL,38,48,200,699,139800
201509032748439,GLICL,47,48,50,699,34950
201509032748276,GLICL,38,22,80,713,57040
201509032748091,HAMA,43,39,40,154,6160
201509032748425,ICFC,29,49,170,315,53550
201509032748317,ILFC,11,35,2000,219,438000
201509032748275,ILFC,54,10,590,220,129800
201509032748191,ILFC,54,32,310,220,68200
201509032748184,ILFC,54,10,100,217,21700
201509032748262,INDBL,39,6,88,190,16720
201509032748258,INDBL,39,25,62,190,11780
201509032748117,JBBL,56,17,32,204,6528
201509032748548,JBNL,38,59,513,317,162621
201509032748528,JBNL,21,42,244,316,77104
201509032748503,JBNL,21,45,480,315,151200
201509032748418,JBNL,38,22,250,315,78750
201509032748336,JBNL,25,43,200,315,63000
201509032748292,JBNL,25,17,47,314,14758
201509032748289,JBNL,25,13,17,314,5338
201509032748278,JBNL,21,6,279,312,87048
201509032748271,JBNL,25,49,400,311,124400
201509032748266,JBNL,25,26,2000,310,620000
201509032748561,KBL,16,16,51,449,22899
201509032748542,KBL,56,44,200,450,90000
201509032748541,KBL,17,44,300,450,135000
201509032748540,KBL,20,44,200,450,90000
201509032748539,KBL,48,44,500,450,225000
201509032748538,KBL,34,44,500,450,225000
201509032748189,KBL,48,48,475,455,216125
201509032748170,KBL,35,57,1252,457,572164
201509032748105,KBL,42,42,150,460,69000
201509032748234,KBL,35,47,872,454,395888
201509032748232,KBL,52,47,500,455,227500
201509032748230,KBL,35,54,1000,455,455000
201509032748229,KBL,16,41,321,455,146055
201509032748206,KBL,35,53,500,454,227000
201509032748202,KBL,36,50,447,454,202938
201509032748401,KBL,35,54,2000,452,904000
201509032748296,KBL,52,44,500,450,225000
201509032748295,KBL,56,44,200,450,90000
201509032748294,KBL,18,44,100,451,45100
201509032748293,KBL,36,44,500,452,226000
201509032748272,KBL,39,44,1000,453,453000
201509032748537,KBL,34,44,600,450,270000
201509032748536,KBL,33,44,200,451,90200
201509032748535,KBL,21,44,500,451,225500
201509032748509,KBL,19,57,635,451,286385
201509032748477,KBL,35,44,200,457,91400
201509032748437,KBL,21,46,209,453,94677
201509032748306,KCDBL,11,39,10,183,1830
201509032748255,KCDBL,11,56,10,183,1830
201509032748211,KDBL,22,49,100,172,17200
201509032748405,KEBL,4,7,14,473,6622
201509032748253,LBL,45,35,500,450,225000
201509032748088,LGIL,39,48,40,436,17440
201509032748140,LICN,14,6,124,3680,456320
201509032748129,LICN,8,50,150,3690,553500
201509032748564,LUBL,57,6,500,411,205500
201509032748562,LUBL,25,58,250,407,101750
201509032748522,LUBL,42,6,580,410,237800
201509032748488,LUBL,21,43,200,409,81800
201509032748399,LUBL,56,6,120,410,49200
201509032748396,LUBL,57,6,300,410,123000
201509032748209,LUBL,49,22,1000,406,406000
201509032748208,LUBL,52,22,200,406,81200
201509032748207,LUBL,45,22,300,407,122100
201509032748103,LUBL,7,33,60,410,24600
201509032748388,LUBL,57,26,200,410,82000
201509032748382,LUBL,16,33,452,409,184868
201509032748377,LUBL,16,22,1000,409,409000
201509032748351,LUBL,42,26,1000,408,408000
201509032748219,LUBL,49,22,1000,405,405000
201509032748218,LUBL,32,22,100,405,40500
201509032748146,MBL,38,45,100,575,57500
201509032748145,MBL,40,45,100,576,57600
201509032748481,MFIL,48,55,2000,223,446000
201509032748476,NABIL,25,6,30,2493,74790
201509032748465,NABIL,25,48,13,2490,32370
201509032748455,NABIL,25,50,150,2480,372000
201509032748392,NABIL,25,49,20,2475,49500
201509032748391,NABIL,42,49,50,2475,123750
201509032748390,NABIL,38,49,30,2476,74280
201509032748380,NABIL,22,50,100,2480,248000
201509032748309,NABIL,41,50,100,2480,248000
201509032748308,NABIL,13,50,100,2481,248100
201509032748254,NABIL,49,49,130,2481,322530
201509032748226,NABIL,57,49,100,2480,248000
201509032748111,NABIL,5,50,70,2481,173670
201509032748525,NABILP,14,53,100,1816,181600
201509032748235,NABILP,43,36,100,1825,182500
201509032748147,NABILP,43,17,200,1825,365000
201509032748134,NABILP,42,36,200,1842,368400
201509032748374,NABILP,7,36,100,1820,182000
201509032748328,NABILP,45,50,200,1820,364000
201509032748236,NABILP,42,36,200,1820,364000
201509032748551,NBB,53,36,500,658,329000
201509032748504,NBB,45,14,100,658,65800
201509032748438,NBB,10,58,200,660,132000
201509032748428,NBB,45,22,130,658,85540
201509032748427,NBB,46,22,70,659,46130
201509032748414,NBB,10,25,227,660,149820
201509032748320,NBB,38,54,500,663,331500
201509032748303,NBB,57,54,500,661,330500
201509032748291,NBB,57,42,66,661,43626
201509032748261,NBB,48,50,500,660,330000
201509032748080,NBB,38,53,302,662,199924
201509032748407,NBB,10,25,70,660,46200
201509032748406,NBB,44,44,1000,661,661000
201509032748393,NBB,10,44,1000,660,660000
201509032748368,NBB,44,44,1500,662,993000
201509032748338,NBB,58,53,500,660,330000
201509032748337,NBB,57,53,500,661,330500
201509032748545,NBL,42,26,1000,279,279000
201509032748359,NBL,25,25,1000,280,280000
201509032748358,NBL,25,59,100,280,28000
201509032748357,NBL,25,7,500,280,140000
201509032748356,NBL,25,56,2000,280,560000
201509032748152,NBL,11,59,100,278,27800
201509032748447,NCCB,7,43,210,455,95550
201509032748321,NCCB,14,56,200,456,91200
201509032748136,NCCB,11,5,100,448,44800
201509032748133,NCCB,49,5,200,450,90000
201509032748128,NCCB,22,5,300,452,135600
201509032748118,NCCB,22,56,200,460,92000
201509032748116,NCCB,16,5,200,451,90200
201509032748162,NCM,58,54,244,255,62220
201509032748552,NHPC,28,6,1000,120,120000
201509032748497,NHPC,32,43,1000,122,122000
201509032748496,NHPC,32,55,2000,122,244000
201509032748495,NHPC,32,5,1000,122,122000
201509032748494,NHPC,32,47,1000,122,122000
201509032748493,NHPC,32,6,500,122,61000
201509032748434,NHPC,56,29,2000,118,236000
201509032748379,NHPC,10,1,1000,120,120000
201509032748378,NHPC,10,42,1000,120,120000
201509032748161,NHPC,10,56,1000,120,120000
201509032748492,NHPC,32,25,2000,122,244000
201509032748491,NHPC,32,41,1000,121,121000
201509032748490,NHPC,32,8,1000,121,121000
201509032748489,NHPC,32,25,1000,121,121000
201509032748452,NHPC,10,35,500,120,60000
201509032748451,NHPC,10,55,1000,120,120000
201509032748415,NIB,1,6,100,1001,100100
201509032748083,NIB,34,33,353,1000,353000
201509032748560,NIBPO,54,14,300,795,238500
201509032748559,NIBPO,25,14,200,795,159000
201509032748558,NIBPO,37,14,500,796,398000
201509032748553,NIBPO,51,59,500,800,400000
201509032748135,NIBPO,42,59,200,805,161000
201509032748123,NIBPO,42,11,200,805,161000
201509032748517,NIBPO,54,53,500,800,400000
201509032748516,NIBPO,54,20,500,800,400000
201509032748487,NIBPO,54,20,500,800,400000
201509032748389,NIBPO,54,20,1000,800,800000
201509032748386,NIBPO,59,59,500,801,400500
201509032748369,NIBPO,54,28,300,800,240000
201509032748444,NIBSF1,13,45,1000,10,10000
201509032748565,NICA,40,5,100,868,86800
201509032748404,NICA,53,14,141,866,122106
201509032748376,NICA,18,5,11,867,9537
201509032748373,NICA,44,5,11,868,9548
201509032748372,NICA,17,40,200,872,174400
201509032748370,NICA,56,5,11,869,9559
201509032748154,NICA,44,14,200,870,174000
201509032748148,NICA,44,33,178,872,155216
201509032748144,NICA,44,40,500,870,435000
201509032748100,NICA,56,36,357,870,310590
201509032748365,NICA,56,56,300,870,261000
201509032748355,NICA,17,50,173,871,150683
201509032748342,NICA,56,40,200,870,174000
201509032748323,NICA,16,14,200,875,175000
201509032748210,NICA,16,40,500,870,435000
201509032748155,NICA,44,14,500,868,434000
201509032748319,NICL,19,38,2561,468,1198548
201509032748213,NIL,7,57,500,670,335000
201509032748082,NIL,45,6,50,665,33250
201509032748555,NLIC,10,17,50,3630,181500
201509032748554,NLIC,34,17,100,3631,363100
201509032748550,NLIC,37,5,18,3631,65358
201509032748524,NLIC,10,43,30,3630,108900
201509032748500,NLICL,19,17,300,2301,690300
201509032748484,NLICL,22,20,151,2314,349414
201509032748474,NLICL,46,20,110,2310,254100
201509032748461,NLICL,25,20,200,2315,463000
201509032748360,NLICL,54,17,200,2325,465000
201509032748349,NLICL,54,48,81,2325,188325
201509032748114,NLICL,47,8,50,2330,116500
201509032748113,NLICL,47,8,50,2350,117500
201509032748067,NLICL,44,44,80,2350,188000
201509032748343,NLICL,22,17,200,2320,464000
201509032748330,NLICL,22,17,93,2320,215760
201509032748290,NLICL,55,47,78,2318,180804
201509032748231,NLICL,17,47,70,2300,161000
201509032748172,NLICL,22,50,100,2300,230000
201509032748115,NLICL,51,8,50,2325,116250
201509032748435,NMBSF1,13,45,1500,10,15000
201509032748329,NNFC,58,46,1000,335,335000
201509032748397,OHL,38,44,77,609,46893
201509032748192,OHL,25,25,77,610,46970
201509032748121,OHL,21,28,64,615,39360
201509032748119,OHL,25,25,77,616,47432
201509032748104,OHL,38,28,194,620,120280
201509032748224,OHL,6,7,11,616,6776
201509032748223,OHL,6,7,22,616,13552
201509032748222,OHL,6,7,11,616,6776
201509032748216,OHL,6,7,11,616,6776
201509032748547,PCBL,49,45,500,590,295000
201509032748543,PCBL,45,45,1000,590,590000
201509032748519,PCBL,42,36,350,595,208250
201509032748499,PCBL,42,43,119,595,70805
201509032748468,PCBL,47,45,500,592,296000
201509032748467,PCBL,59,45,500,593,296500
201509032748403,PCBL,43,35,89,594,52866
201509032748366,PCBL,49,55,48,595,28560
201509032748188,PCBL,1,59,558,593,330894
201509032748163,PCBL,49,5,39,595,23205
201509032748157,PCBL,49,5,100,595,59500
201509032748076,PCBL,47,44,500,600,300000
201509032748221,PFL,42,11,1000,407,407000
201509032748173,PFL,42,14,160,410,65600
201509032748264,PIC,42,42,131,696,91176
201509032748263,PIC,42,45,22,695,15290
201509032748190,PLIC,32,28,98,1420,139160
201509032748174,PLIC,20,17,100,1431,143100
201509032748168,PLIC,32,17,170,1435,243950
201509032748167,PLIC,11,17,30,1436,43080
201509032748566,PRDBL,13,22,100,178,17800
201509032748241,PRIN,25,26,100,451,45100
201509032748450,PRVU,21,59,394,431,169814
201509032748385,PRVU,1,48,150,432,64800
201509032748384,PRVU,55,6,100,432,43200
201509032748352,PRVU,21,59,1000,430,430000
201509032748085,PRVU,8,36,100,435,43500
201509032748087,PRVU,43,36,200,433,86600
201509032748086,PRVU,52,36,100,433,43300
201509032748304,PRVU,50,36,100,435,43500
201509032748279,PRVU,14,14,35,436,15260
201509032748347,PRVU,6,59,1000,430,430000
201509032748335,PRVU,19,36,100,433,43300
201509032748334,PRVU,25,36,100,433,43300
201509032748333,PRVU,56,36,100,433,43300
201509032748332,PRVU,21,36,100,435,43500
201509032748318,PRVU,21,36,400,435,174000
201509032748472,RBBBL,1,45,85,238,20230
201509032748259,RBBBL,1,21,13,242,3146
201509032748243,RBBBL,25,25,10,238,2380
201509032748242,RBBBL,25,25,10,238,2380
201509032748240,RBBBL,25,25,10,238,2380
201509032748239,RBBBL,25,25,10,238,2380
201509032748238,RBBBL,25,25,10,238,2380
201509032748237,RBBBL,25,25,10,238,2380
201509032748445,RBCLPO,56,33,100,3819,381900
201509032748267,RBCLPO,56,33,100,3745,374500
201509032748215,REDBL,29,42,59,232,13688
201509032748214,REDBL,49,42,78,232,18096
201509032748212,REDBL,49,42,20,233,4660
201509032748158,REDBL,49,45,10,233,2330
201509032748143,REDBL,49,49,18,233,4194
201509032748141,REDBL,49,49,18,233,4194
201509032748139,REDBL,49,49,18,233,4194
201509032748534,RHPC,29,29,11,409,4499
201509032748533,RHPC,29,29,11,409,4499
201509032748518,RHPC,29,29,11,409,4499
201509032748471,RHPC,29,29,11,409,4499
201509032748470,RHPC,29,29,11,409,4499
201509032748469,RHPC,29,29,11,409,4499
201509032748072,RHPC,45,58,12,410,4920
201509032748314,RHPC,5,41,12,405,4860
201509032748312,RHPC,5,41,12,405,4860
201509032748311,RHPC,5,41,12,405,4860
201509032748310,RHPC,5,41,12,405,4860
201509032748120,RHPC,1,1,12,403,4836
201509032748093,RHPC,1,1,12,402,4824
201509032748446,RHPC,21,26,12,405,4860
201509032748442,RHPC,40,21,11,403,4433
201509032748441,RHPC,21,26,12,405,4860
201509032748433,RHPC,40,21,11,403,4433
201509032748426,RHPC,40,21,62,403,24986
201509032748387,RHPC,21,26,12,405,4860
201509032748432,SANIMA,57,16,210,795,166950
201509032748367,SANIMA,48,16,300,794,238200
201509032748363,SANIMA,17,16,190,795,151050
201509032748344,SANIMA,17,7,10,795,7950
201509032748340,SANIMA,45,57,592,795,470640
201509032748322,SANIMA,38,1,500,796,398000
201509032748097,SANIMA,42,41,50,800,40000
201509032748075,SANIMA,42,44,18,800,14400
201509032748074,SANIMA,42,44,320,800,256000
201509032748249,SANIMA,45,16,500,795,397500
201509032748247,SANIMA,45,16,500,795,397500
201509032748233,SANIMA,34,34,100,799,79900
201509032748185,SANIMA,37,25,50,798,39900
201509032748180,SANIMA,13,34,636,799,508164
201509032748131,SANIMA,42,25,50,800,40000
201509032748305,SANIMA,38,6,200,797,159400
201509032748285,SANIMA,56,49,4447,795,3535365
201509032748283,SANIMA,38,47,100,797,79700
201509032748277,SANIMA,56,49,3910,795,3108450
201509032748256,SANIMA,19,16,100,798,79800
201509032748252,SANIMA,37,16,200,798,159600
201509032748375,SBI,44,8,436,1491,650076
201509032748348,SBI,44,36,578,1500,867000
201509032748346,SBI,56,56,1500,1500,2250000
201509032748286,SBI,44,17,166,1500,249000
201509032748203,SBI,44,14,130,1500,195000
201509032748177,SBI,44,36,310,1500,465000
201509032748171,SBI,44,36,427,1500,640500
201509032748159,SBI,44,17,14,1500,21000
201509032748156,SBI,44,17,480,1500,720000
201509032748112,SBI,44,36,500,1500,750000
201509032748071,SBI,44,36,500,1501,750500
201509032748070,SBI,44,36,40,1505,60200
201509032748521,SBL,1,14,16,819,13104
201509032748514,SBL,1,14,350,819,286650
201509032748513,SBL,43,14,100,820,82000
201509032748512,SBL,52,14,200,820,164000
201509032748511,SBL,20,14,800,821,656800
201509032748510,SBL,18,14,500,822,411000
201509032748282,SBL,38,6,180,830,149400
201509032748281,SBL,49,6,50,831,41550
201509032748280,SBL,39,6,20,832,16640
201509032748454,SBL,38,6,100,825,82500
201509032748443,SBL,43,36,76,825,62700
201509032748436,SBL,20,36,200,821,164200
201509032748383,SBL,22,11,156,821,128076
201509032748300,SBL,38,6,49,830,40670
201509032748299,SBL,49,49,2000,833,1666000
201509032748331,SCB,44,50,200,2700,540000
201509032748301,SCB,58,5,100,2745,274500
201509032748298,SCB,44,8,200,2745,549000
201509032748287,SCB,45,5,100,2750,275000
201509032748473,SDBL,25,17,50,270,13500
201509032748431,SEOS,41,7,5000,10,50300
201509032748430,SEOS,41,7,5000,10,50250
201509032748485,SIC,21,44,100,918,91800
201509032748480,SICL,22,19,50,950,47500
201509032748313,SICL,4,41,300,950,285000
201509032748273,SIGS1,55,36,1000,17,17080
201509032748166,SIGS1,17,42,10000,17,172000
201509032748109,SIGS1,25,40,20000,17,345000
201509032748108,SIGS1,55,40,3000,17,51750
201509032748107,SIGS1,38,40,5000,17,86300
201509032748069,SIGS1,25,40,20000,17,346000
201509032748408,SINDU,29,7,2000,180,360000
201509032748124,SINDU,22,54,500,182,91000
201509032748563,SLICL,43,49,95,735,69825
201509032748557,SLICL,32,49,114,736,83904
201509032748094,SLICL,14,59,111,748,83028
201509032748092,SLICL,14,59,111,748,83028
201509032748353,SLICL,16,54,500,740,370000
201509032748339,SLICL,20,34,190,740,140600
201509032748284,SLICL,10,54,138,741,102258
201509032748101,SLICL,14,42,34,750,25500
201509032748456,SODBL,6,50,394,125,49250
201509032748424,SODBL,41,50,147,127,18669
201509032748394,SODBL,5,50,500,127,63500
201509032748371,SODBL,6,39,86,127,10922
201509032748345,SODBL,45,20,586,126,73836
201509032748302,SODBL,6,17,87,127,11049
201509032748090,SODBL,58,8,1000,125,125000
201509032748466,SRBL,39,43,53,505,26765
201509032748449,SRBL,16,50,400,506,202400
201509032748260,SRBL,8,57,89,506,45034
201509032748153,SRBL,8,58,57,505,28785
201509032748164,SWBBL,48,33,100,2000,200000
201509032748341,UFIL,1,13,11,145,1595
201509032748102,UIC,21,44,197,430,84710
201509032748556,VBBL,45,6,500,168,84000
201509032748400,WDBL,39,21,200,328,65600
201509032748182,WDBL,39,44,300,328,98400
201509032748138,WDBL,18,13,30,328,9840
201509032747993,ACEDBL,58,22,200,311,62200
201509032747879,ACEDBL,49,49,1650,305,503250
201509032748023,AHPC,48,39,180,284,51120
201509032748022,AHPC,48,39,180,284,51120
201509032747985,AHPC,40,17,500,280,140000
201509032747901,AHPC,6,6,90,283,25470
201509032747900,CBL,41,49,50,293,14650
201509032748030,CCBL,43,5,42,381,16002
201509032747928,CCBL,45,57,784,384,301056
201509032747892,CCBL,49,49,2769,384,1063296
201509032748012,CHCL,22,50,48,1460,70080
201509032747999,CHCL,52,45,50,1455,72750
201509032747998,CHCL,47,45,91,1455,132405
201509032747992,CHCL,6,6,123,1452,178596
201509032747948,CHCL,41,45,174,1455,253170
201509032747942,CHCL,13,13,161,1456,234416
201509032747926,CHCL,52,36,88,1456,128128
201509032747914,CHCL,42,42,61,1459,88999
201509032747905,CHCL,11,54,71,1460,103660
201509032747890,CHCL,42,17,28,1460,40880
201509032747824,CHCL,35,35,56,1460,81760
201509032748056,CZBIL,54,20,100,700,70000
201509032748019,CZBIL,33,33,500,696,348000
201509032748002,CZBIL,11,39,100,706,70600
201509032747997,CZBIL,36,5,24,700,16800
201509032747982,CZBIL,14,53,250,703,175750
201509032747980,CZBIL,49,36,100,702,70200
201509032747822,CZBIL,47,21,160,710,113600
201509032747800,CZBIL,34,39,90,717,64530
201509032747799,CZBIL,34,6,10,717,7170
201509032747844,CZBIL,19,20,160,709,113440
201509032747842,CZBIL,26,48,467,710,331570
201509032747841,CZBIL,34,22,200,705,141000
201509032747839,CZBIL,49,49,190,709,134710
201509032747836,CZBIL,49,14,10,712,7120
201509032747823,CZBIL,47,20,40,714,28560
201509032747865,CZBIL,29,36,40,700,28000
201509032747850,CZBIL,29,33,10,700,7000
201509032747849,CZBIL,57,33,300,700,210000
201509032747848,CZBIL,38,33,50,700,35000
201509032747847,CZBIL,34,33,100,705,70500
201509032747846,CZBIL,19,33,40,710,28400
201509032747910,CZBIL,56,17,100,700,70000
201509032747906,CZBIL,56,53,800,700,560000
201509032747902,CZBIL,56,26,200,700,140000
201509032747885,CZBIL,34,26,40,696,27840
201509032747876,CZBIL,45,17,24,700,16800
201509032747873,CZBIL,45,17,24,700,16800
201509032747927,CZBIL,19,36,220,703,154660
201509032747923,CZBIL,48,48,105,704,73920
201509032747921,CZBIL,52,14,217,703,152551
201509032747920,CZBIL,19,26,100,697,69700
201509032747915,CZBIL,48,21,250,700,175000
201509032747912,CZBIL,56,21,100,700,70000
201509032747977,CZBIL,49,40,100,702,70200
201509032747964,CZBIL,13,53,50,703,35150
201509032747963,CZBIL,13,36,80,703,56240
201509032747940,CZBIL,45,21,100,700,70000
201509032747939,CZBIL,45,21,100,700,70000
201509032747932,CZBIL,19,26,80,703,56240
201509032748059,EBL,45,42,200,3230,646000
201509032748058,EBL,38,42,100,3235,323500
201509032748035,EBL,25,33,150,3240,486000
201509032748021,EBL,8,4,100,3259,325900
201509032748020,EBL,8,19,100,3258,325800
201509032747821,EBL,28,49,10,3292,32920
201509032747946,EBL,36,49,200,3264,652800
201509032747935,EBL,56,56,12500,3200,40000000
201509032747925,EBL,56,56,12400,3200,39680000
201509032747922,EBL,56,56,100,3227,322700
201509032748003,EBL,25,40,100,3250,325000
201509032748001,EBL,34,49,56,3250,182000
201509032747987,EBL,8,49,90,3264,293760
201509032747986,EBL,8,56,200,3262,652400
201509032747968,EBL,34,16,100,3260,326000
201509032748055,EKBL,42,1,33,299,9867
201509032747996,EKBL,41,1,33,299,9867
201509032747994,EKBL,41,1,33,298,9834
201509032747984,EKBL,43,1,33,298,9834
201509032747979,EKBL,40,1,46,298,13708
201509032747953,EKBL,43,1,33,299,9867
201509032747924,EKBL,43,1,46,300,13800
201509032747896,EKBL,43,1,46,300,13800
201509032747798,EKBL,1,1,33,304,10032
201509032747786,EKBL,1,1,33,304,10032
201509032747775,EKBL,1,1,46,304,13984
201509032748011,FMDBL,58,58,59,630,37170
201509032747956,HAMA,43,39,40,151,6040
201509032747882,HAMA,32,1,50,149,7450
201509032747804,HAMA,43,57,40,151,6040
201509032747803,HAMA,43,57,40,151,6040
201509032747802,HAMA,43,57,40,151,6040
201509032748032,ILFC,54,56,176,213,37488
201509032748063,KBL,45,42,1000,454,454000
201509032748062,KBL,38,42,100,455,45500
201509032748018,KBL,18,3,15,462,6930
201509032747954,KBL,16,44,200,453,90600
201509032747951,KBL,35,26,300,447,134100
201509032747919,KBL,37,37,600,448,268800
201509032747868,KBL,35,17,300,445,133500
201509032747867,KBL,26,17,200,445,89000
201509032747891,KCDBL,13,13,10,184,1840
201509032747889,KCDBL,13,13,10,184,1840
201509032747888,KCDBL,13,13,10,184,1840
201509032747887,KCDBL,13,13,10,184,1840
201509032747774,KCDBL,1,1,17,186,3162
201509032747773,KCDBL,1,1,17,186,3162
201509032747771,KCDBL,1,1,17,186,3162
201509032748008,LFLC,38,36,309,223,68907
201509032748052,LGIL,39,48,100,436,43600
201509032748051,LGIL,6,48,50,440,22000
201509032748038,LUBL,21,25,1000,403,403000
201509032747978,MBL,38,28,500,579,289500
201509032747967,MBL,55,36,400,577,230800
201509032748064,NABIL,40,50,200,2481,496200
201509032748046,NABIL,57,53,100,2500,250000
201509032747990,NABIL,5,5,10,2504,25040
201509032747949,NABIL,36,11,150,2505,375750
201509032747937,NABIL,42,11,50,2475,123750
201509032747895,NABIL,13,57,203,2480,503440
201509032748042,NABILP,28,8,50,1879,93950
201509032747875,NABILP,7,8,50,1847,92350
201509032748057,NBB,49,39,107,661,70727
201509032748036,NBB,49,26,80,661,52880
201509032748034,NBB,28,53,695,660,458700
201509032747981,NBB,10,33,500,665,332500
201509032747966,NBB,57,39,300,661,198300
201509032747958,NBB,38,42,907,657,595899
201509032747898,NBB,38,39,400,664,265600
201509032747897,NBB,38,22,200,663,132600
201509032747872,NBB,48,36,204,660,134640
201509032747843,NBB,38,36,100,660,66000
201509032748029,NIB,58,36,13,1000,13000
201509032748028,NIB,58,36,140,1000,140000
201509032748027,NIB,13,36,300,1001,300300
201509032747899,NIB,1,36,500,1002,501000
201509032748053,NICA,16,49,500,870,435000
201509032748026,NICA,56,40,300,867,260100
201509032748025,NICA,56,40,500,866,433000
201509032747955,NICA,53,46,100,863,86300
201509032748065,NIL,55,39,100,660,66000
201509032748050,NIL,21,6,300,657,197100
201509032748049,NIL,51,6,100,657,65700
201509032748037,NIL,55,50,138,660,91080
201509032748016,NIL,32,50,500,659,329500
201509032747970,NIL,22,6,300,661,198300
201509032747965,NIL,58,6,150,663,99450
201509032747913,NIL,16,6,100,669,66900
201509032747969,NLIC,8,33,100,3675,367500
201509032747952,NLIC,45,58,50,3700,185000
201509032747943,NLIC,52,58,50,3700,185000
201509032747995,NLICL,51,10,100,2372,237200
201509032747983,NLICL,46,33,100,2373,237300
201509032747840,NLICL,33,33,1771,2420,4285820
201509032747941,NLICP,17,28,1000,1765,1765000
201509032747936,NLICP,17,28,1000,1765,1765000
201509032747933,NLICP,17,28,18000,1765,31770000
201509032748048,OHL,49,28,710,620,440200
201509032748041,OHL,49,21,22,619,13618
201509032747837,OHL,25,25,77,605,46585
201509032747908,OHL,28,57,11,617,6787
201509032747904,OHL,28,22,22,615,13530
201509032747903,OHL,38,22,22,610,13420
201509032747884,OHL,38,21,11,610,6710
201509032747959,OHL,25,25,77,609,46893
201509032747916,OHL,28,57,11,617,6787
201509032747911,OHL,28,57,11,617,6787
201509032748061,PCBL,57,44,224,600,134400
201509032748031,PCBL,33,8,200,600,120000
201509032748010,PCBL,32,8,100,593,59300
201509032748009,PCBL,22,8,60,594,35640
201509032748033,PFL,47,14,100,411,41100
201509032747957,PFL,41,14,48,412,19776
201509032747931,PFL,42,17,320,410,131200
201509032747893,PLIC,38,38,100,1460,146000
201509032748044,PRVU,6,36,200,433,86600
201509032748043,PRVU,17,36,500,433,216500
201509032748039,PRVU,17,41,1000,435,435000
201509032748007,PRVU,17,36,100,433,43300
201509032747871,PRVU,49,49,100,432,43200
201509032747838,PRVU,17,17,300,433,129900
201509032747909,PRVU,7,59,286,431,123266
201509032747907,PRVU,55,49,900,432,388800
201509032748006,PRVU,7,36,500,433,216500
201509032748005,PRVU,17,36,100,434,43400
201509032747961,PRVU,7,8,486,435,211410
201509032747870,RBBBL,16,16,13,242,3146
201509032747866,RBBBL,16,16,13,242,3146
201509032747864,RBBBL,16,16,13,242,3146
201509032747863,RBBBL,16,16,13,242,3146
201509032747862,RBBBL,16,16,13,242,3146
201509032747860,RBBBL,16,16,13,242,3146
201509032747704,RBBBL,16,16,13,242,3146
201509032747710,RBBBL,16,16,13,242,3146
201509032747709,RBBBL,16,16,13,242,3146
201509032747708,RBBBL,16,16,13,242,3146
201509032747707,RBBBL,16,16,13,242,3146
201509032747706,RBBBL,16,16,13,242,3146
201509032747705,RBBBL,16,16,13,242,3146
201509032747722,RBBBL,16,16,13,242,3146
201509032747720,RBBBL,16,16,13,242,3146
201509032747718,RBBBL,16,16,13,242,3146
201509032747716,RBBBL,16,16,13,242,3146
201509032747713,RBBBL,16,16,13,242,3146
201509032747711,RBBBL,16,16,13,242,3146
201509032747730,RBBBL,16,16,13,242,3146
201509032747729,RBBBL,16,16,13,242,3146
201509032747728,RBBBL,16,16,13,242,3146
201509032747727,RBBBL,16,16,13,242,3146
201509032747725,RBBBL,16,16,13,242,3146
201509032747724,RBBBL,16,16,13,242,3146
201509032747742,RBBBL,16,16,13,242,3146
201509032747740,RBBBL,16,16,13,242,3146
201509032747738,RBBBL,16,16,13,242,3146
201509032747736,RBBBL,16,16,13,242,3146
201509032747733,RBBBL,16,16,13,242,3146
201509032747732,RBBBL,16,16,13,242,3146
201509032747751,RBBBL,16,16,13,242,3146
201509032747750,RBBBL,16,16,13,242,3146
201509032747749,RBBBL,16,16,13,242,3146
201509032747747,RBBBL,16,16,13,242,3146
201509032747745,RBBBL,16,16,13,242,3146
201509032747743,RBBBL,16,16,13,242,3146
201509032747757,RBBBL,16,16,13,242,3146
201509032747756,RBBBL,16,16,13,242,3146
201509032747755,RBBBL,16,16,13,242,3146
201509032747754,RBBBL,16,16,13,242,3146
201509032747753,RBBBL,16,16,13,242,3146
201509032747752,RBBBL,16,16,13,242,3146
201509032747763,RBBBL,16,16,13,242,3146
201509032747762,RBBBL,16,16,13,242,3146
201509032747761,RBBBL,16,16,13,242,3146
201509032747760,RBBBL,16,16,13,242,3146
201509032747759,RBBBL,16,16,13,242,3146
201509032747758,RBBBL,16,16,13,242,3146
201509032747777,RBBBL,16,16,13,242,3146
201509032747776,RBBBL,16,16,13,242,3146
201509032747767,RBBBL,16,16,13,242,3146
201509032747766,RBBBL,16,16,13,242,3146
201509032747765,RBBBL,16,16,13,242,3146
201509032747764,RBBBL,16,16,13,242,3146
201509032747783,RBBBL,16,16,13,242,3146
201509032747782,RBBBL,16,16,13,242,3146
201509032747781,RBBBL,16,16,13,242,3146
201509032747780,RBBBL,16,16,13,242,3146
201509032747779,RBBBL,16,16,13,242,3146
201509032747778,RBBBL,16,16,13,242,3146
201509032747790,RBBBL,16,16,13,242,3146
201509032747789,RBBBL,16,16,13,242,3146
201509032747788,RBBBL,16,16,13,242,3146
201509032747787,RBBBL,16,16,13,242,3146
201509032747785,RBBBL,16,16,13,242,3146
201509032747784,RBBBL,16,16,13,242,3146
201509032747796,RBBBL,16,16,13,242,3146
201509032747795,RBBBL,16,16,13,242,3146
201509032747794,RBBBL,16,16,13,242,3146
201509032747793,RBBBL,16,16,13,242,3146
201509032747792,RBBBL,16,16,13,242,3146
201509032747791,RBBBL,16,16,13,242,3146
201509032747809,RBBBL,16,16,13,242,3146
201509032747808,RBBBL,16,16,13,242,3146
201509032747807,RBBBL,16,16,13,242,3146
201509032747806,RBBBL,16,16,13,242,3146
201509032747805,RBBBL,16,16,13,242,3146
201509032747797,RBBBL,16,16,13,242,3146
201509032747815,RBBBL,16,16,13,242,3146
201509032747814,RBBBL,16,16,13,242,3146
201509032747813,RBBBL,16,16,13,242,3146
201509032747812,RBBBL,16,16,13,242,3146
201509032747811,RBBBL,16,16,13,242,3146
201509032747810,RBBBL,16,16,13,242,3146
201509032747825,RBBBL,16,16,13,242,3146
201509032747820,RBBBL,16,16,13,242,3146
201509032747819,RBBBL,16,16,13,242,3146
201509032747818,RBBBL,16,16,13,242,3146
201509032747817,RBBBL,16,16,13,242,3146
201509032747816,RBBBL,16,16,13,242,3146
201509032747831,RBBBL,16,16,13,242,3146
201509032747830,RBBBL,16,16,13,242,3146
201509032747829,RBBBL,16,16,13,242,3146
201509032747828,RBBBL,16,16,13,242,3146
201509032747827,RBBBL,16,16,13,242,3146
201509032747826,RBBBL,16,16,13,242,3146
201509032747853,RBBBL,16,16,13,242,3146
201509032747852,RBBBL,16,16,13,242,3146
201509032747851,RBBBL,16,16,13,242,3146
201509032747834,RBBBL,16,16,13,242,3146
201509032747833,RBBBL,16,16,13,242,3146
201509032747832,RBBBL,16,16,13,242,3146
201509032747859,RBBBL,16,16,13,242,3146
201509032747858,RBBBL,16,16,13,242,3146
201509032747857,RBBBL,16,16,13,242,3146
201509032747856,RBBBL,16,16,13,242,3146
201509032747855,RBBBL,16,16,13,242,3146
201509032747854,RBBBL,16,16,13,242,3146
201509032747938,REDBL,13,55,498,236,117528
201509032747772,REDBL,58,58,18,240,4320
201509032747770,REDBL,58,58,18,240,4320
201509032747769,REDBL,58,58,18,240,4320
201509032747768,REDBL,58,58,18,240,4320
201509032748066,RHPC,45,58,12,410,4920
201509032747972,RHPC,50,50,92,402,36984
201509032747835,RHPC,5,5,12,408,4896
201509032747748,RHPC,16,16,12,400,4800
201509032747746,RHPC,16,16,12,400,4800
201509032747744,RHPC,16,16,12,400,4800
201509032747714,RHPC,16,16,12,400,4800
201509032747712,RHPC,16,16,12,400,4800
201509032747726,RHPC,16,16,12,400,4800
201509032747723,RHPC,16,16,12,400,4800
201509032747721,RHPC,16,16,12,400,4800
201509032747719,RHPC,16,16,12,400,4800
201509032747717,RHPC,16,16,12,400,4800
201509032747715,RHPC,16,16,12,400,4800
201509032747741,RHPC,16,16,12,400,4800
201509032747739,RHPC,16,16,12,400,4800
201509032747737,RHPC,16,16,12,400,4800
201509032747735,RHPC,16,16,12,400,4800
201509032747734,RHPC,16,16,12,400,4800
201509032747731,RHPC,16,16,12,400,4800
201509032748015,SANIMA,42,44,100,800,80000
201509032748014,SANIMA,19,44,40,800,32000
201509032748013,SANIMA,46,44,30,800,24000
201509032748004,SANIMA,28,28,500,800,400000
201509032747988,SANIMA,46,5,170,800,136000
201509032747976,SANIMA,41,28,50,805,40250
201509032747801,SANIMA,58,47,107,805,86135
201509032747880,SANIMA,42,53,400,819,327600
201509032747878,SANIMA,42,39,157,815,127955
201509032747877,SANIMA,37,53,100,815,81500
201509032747874,SANIMA,37,36,200,815,163000
201509032747861,SANIMA,37,36,50,815,40750
201509032747845,SANIMA,37,36,150,805,120750
201509032747947,SANIMA,56,36,100,808,80800
201509032747945,SANIMA,45,28,20,810,16200
201509032747944,SANIMA,45,28,50,810,40500
201509032747929,SANIMA,45,28,50,815,40750
201509032747883,SANIMA,42,47,715,821,587015
201509032747881,SANIMA,42,47,100,820,82000
201509032747975,SANIMA,41,45,150,805,120750
201509032747974,SANIMA,58,45,100,805,80500
201509032747973,SANIMA,46,45,50,805,40250
201509032747971,SANIMA,19,5,60,806,48360
201509032747960,SANIMA,19,28,200,806,161200
201509032747950,SANIMA,19,36,63,807,50841
201509032748060,SBI,44,50,160,1505,240800
201509032747962,SEWA,51,5,443,318,140874
201509032747918,SEWA,57,57,600,320,192000
201509032747869,SHINE,38,59,500,535,267500
201509032747886,SHINE,36,28,328,535,175480
201509032748017,SHINE,53,45,280,525,147000
201509032748047,SHL,11,33,500,470,235000
201509032747917,SINDU,22,45,215,184,39560
201509032748054,SKBBL,58,58,100,2095,209500
201509032748024,SKBBL,55,38,11,2076,22836
201509032747930,SLICL,16,18,189,745,140805
201509032748045,SRBL,41,45,22,505,11110
201509032747989,SRBL,48,48,409,506,206954
201509032748000,SUBBL,21,6,76,285,21660
201509032747894,UFIL,32,45,79,143,11297
201509032748040,UIC,39,39,470,430,202100
201509032747991,UIC,21,21,100,430,43000
