contract,symbol,buyer,seller,qty,rate,amt
201506172587515,ADBL,26,26,31,423,13113
201506172587342,ADBL,26,26,31,425,13175
201506172587277,ADBL,21,29,122,425,51850
201506172587563,AHPC,45,37,75,329,24675
201506172587547,AHPC,45,6,15,328,4920
201506172587343,AHPC,47,43,100,325,32500
201506172587355,ALDBL,49,17,163,312,50856
201506172587680,ALICL,14,19,173,940,162620
201506172587509,ALICL,44,19,160,940,150400
201506172587351,ALICL,14,48,1000,940,940000
201506172587601,APEX,39,39,504,121,60984
201506172587574,APEX,39,39,100,123,12300
201506172587566,ARDBL,6,6,42,174,7308
201506172587404,ARDBL,17,35,73,174,12702
201506172587403,ARDBL,17,45,31,174,5394
201506172587243,ARDBL,14,45,31,174,5394
201506172587671,BPCL,35,28,180,601,108180
201506172587670,BPCL,43,28,100,603,60300
201506172587669,BPCL,43,28,100,604,60400
201506172587569,BPCL,41,28,300,610,183000
201506172587550,BPCL,41,28,200,610,122000
201506172587337,BPCL,43,28,200,605,121000
201506172587330,BPCL,41,28,200,609,121800
201506172587345,BPCL,49,49,2000,610,1220000
201506172587339,BPCL,43,28,100,610,61000
201506172587617,BUDBL,57,5,155,198,30690
201506172587608,BUDBL,57,46,1646,198,325908
201506172587537,BUDBL,57,40,500,199,99500
201506172587518,BUDBL,48,46,100,198,19800
201506172587398,BUDBL,57,44,456,196,89376
201506172587250,BUDBL,51,28,37,197,7289
201506172587244,BUDBL,48,28,181,195,35295
201506172587696,CBBL,46,7,160,1655,264800
201506172587554,CBBL,52,57,364,1650,600600
201506172587512,CBBL,7,22,49,1654,81046
201506172587495,CBBL,7,13,82,1652,135464
201506172587238,CBBL,7,53,175,1646,288050
201506172587643,CBL,16,16,82,268,21976
201506172587618,CBL,16,16,82,269,22058
201506172587609,CBL,5,36,13,268,3484
201506172587573,CBL,17,25,12,271,3252
201506172587562,CBL,38,19,343,269,92267
201506172587405,CBL,58,33,17,271,4607
201506172587211,CBL,1,5,1000,270,270000
201506172587284,CBL,40,28,67,270,18090
201506172587283,CBL,48,33,713,270,192510
201506172587276,CBL,46,28,67,270,18090
201506172587241,CBL,52,48,102,271,27642
201506172587239,CBL,52,48,102,271,27642
201506172587230,CBL,16,14,200,270,54000
201506172587320,CBL,14,28,67,270,18090
201506172587319,CBL,14,28,67,270,18090
201506172587318,CBL,52,28,67,270,18090
201506172587316,CBL,14,28,67,270,18090
201506172587315,CBL,14,28,67,270,18090
201506172587309,CBL,14,28,67,270,18090
201506172587396,CBL,7,32,297,271,80487
201506172587393,CBL,10,33,1018,270,274860
201506172587368,CBL,10,17,144,270,38880
201506172587367,CBL,4,17,144,270,38880
201506172587326,CBL,52,28,67,270,18090
201506172587321,CBL,7,28,67,270,18090
201506172587651,CCBL,6,17,60,315,18900
201506172587650,CCBL,6,6,150,315,47250
201506172587649,CCBL,6,46,200,315,63000
201506172587648,CCBL,6,21,500,315,157500
201506172587644,CCBL,6,32,153,314,48042
201506172587473,CCBL,55,48,158,314,49612
201506172587413,CCBL,58,17,40,315,12600
201506172587227,CCBL,57,48,31,314,9734
201506172587222,CCBL,57,48,31,314,9734
201506172587212,CCBL,57,48,61,314,19154
201506172587698,CDBL,21,16,491,335,164485
201506172587531,CDBL,1,26,22,335,7370
201506172587378,CDBL,28,21,24,332,7968
201506172587223,CDBL,17,59,41,330,13530
201506172587401,CDBL,21,50,60,331,19860
201506172587397,CDBL,28,13,24,333,7992
201506172587395,CDBL,28,13,24,333,7992
201506172587392,CDBL,28,26,500,333,166500
201506172587381,CDBL,28,21,24,332,7968
201506172587682,CHCL,52,32,42,1530,64260
201506172587662,CHCL,1,11,130,1523,197990
201506172587654,CHCL,17,41,16,1525,24400
201506172587556,CHCL,43,17,96,1528,146688
201506172587553,CHCL,48,32,85,1528,129880
201506172587546,CHCL,42,5,67,1529,102443
201506172587202,CHCL,10,13,85,1529,129965
201506172587200,CHCL,34,13,42,1531,64302
201506172587503,CHCL,19,39,200,1524,304800
201506172587494,CHCL,1,13,42,1529,64218
201506172587366,CHCL,1,13,31,1531,47461
201506172587298,CHCL,16,13,31,1529,47399
201506172587255,CHCL,34,13,31,1530,47430
201506172587248,CHCL,10,13,54,1530,82620
201506172587489,CSDBL,26,45,43,350,15050
201506172587487,CSDBL,26,46,62,349,21638
201506172587485,CSDBL,26,46,222,349,77478
201506172587477,CSDBL,26,46,210,348,73080
201506172587426,CSDBL,11,50,200,345,69000
201506172587666,CZBIL,33,1,500,450,225000
201506172587646,CZBIL,19,13,131,450,58950
201506172587637,CZBIL,14,57,175,451,78925
201506172587612,CZBIL,19,1,500,450,225000
201506172587551,CZBIL,16,16,72,451,32472
201506172587467,CZBIL,50,1,1000,450,450000
201506172587274,CZBIL,38,47,24,451,10824
201506172587266,CZBIL,38,47,24,451,10824
201506172587465,CZBIL,6,26,124,449,55676
201506172587452,CZBIL,6,1,100,449,44900
201506172587305,CZBIL,32,32,57,449,25593
201506172587296,CZBIL,32,49,20,449,8980
201506172587295,CZBIL,49,49,80,449,35920
201506172587294,CZBIL,38,49,150,450,67500
201506172587577,DDBL,47,21,100,1115,111500
201506172587525,DDBL,47,14,300,1115,334500
201506172587415,DDBL,53,14,300,1115,334500
201506172587306,DDBL,46,55,50,1108,55400
201506172587684,EBL,54,45,500,2025,1012500
201506172587614,EBL,54,6,300,2029,608700
201506172587613,EBL,54,45,300,2028,608400
201506172587564,EBL,48,42,50,2030,101500
201506172587530,EBL,54,45,300,2028,608400
201506172587254,EBL,59,13,100,2030,203000
201506172587208,EBL,42,42,200,2030,406000
201506172587346,EBL,10,22,105,2030,213150
201506172587265,EBL,17,10,14,2026,28364
201506172587257,EBL,6,10,30,2030,60900
201506172587482,EBL,54,45,200,2030,406000
201506172587407,EBL,19,42,20,2034,40680
201506172587360,EBL,45,45,200,2025,405000
201506172587359,EBL,17,45,200,2026,405200
201506172587653,EKBL,13,39,33,279,9207
201506172587517,EKBL,13,18,198,280,55440
201506172587506,EKBL,6,29,33,279,9207
201506172587235,EKBL,13,18,262,280,73360
201506172587645,GBIME,42,42,50,460,23000
201506172587625,GBIME,29,44,46,455,20930
201506172587624,GBIME,29,44,46,455,20930
201506172587623,GBIME,29,44,46,455,20930
201506172587622,GBIME,29,44,46,455,20930
201506172587621,GBIME,29,44,46,455,20930
201506172587620,GBIME,29,44,46,455,20930
201506172587615,GBIME,29,44,46,455,20930
201506172587605,GBIME,42,42,293,454,133022
201506172587588,GBIME,19,21,500,454,227000
201506172587308,GBIME,48,45,500,454,227000
201506172587634,GDBL,7,14,308,317,97636
201506172587232,GLICL,48,55,125,512,64000
201506172587228,GLICL,48,55,125,512,64000
201506172587516,HAMA,39,33,240,144,34560
201506172587478,HBL,38,45,61,800,48800
201506172587438,HBL,38,13,357,795,283815
201506172587433,HBL,13,13,854,789,673806
201506172587590,ICFC,52,6,120,256,30720
201506172587570,ICFC,28,45,800,254,203200
201506172587567,ICFC,28,26,86,254,21844
201506172587459,ICFC,32,26,300,253,75900
201506172587445,ICFC,22,45,200,253,50600
201506172587412,ICFC,46,26,200,253,50600
201506172587400,ICFC,43,26,83,254,21082
201506172587399,ICFC,22,1,200,256,51200
201506172587372,ICFC,32,5,200,255,51000
201506172587639,IDBL,57,50,1100,172,189200
201506172587697,ILFC,59,59,20,151,3020
201506172587660,ILFC,59,59,20,149,2980
201506172587636,ILFC,1,59,1000,147,147000
201506172587633,ILFC,45,59,200,148,29600
201506172587632,ILFC,33,59,1500,148,222000
201506172587631,ILFC,43,59,100,149,14900
201506172587630,ILFC,36,59,100,149,14900
201506172587312,INDBL,29,17,884,188,166192
201506172587493,JBBL,36,52,200,165,33000
201506172587492,JBBL,36,17,100,162,16200
201506172587691,JBNL,44,47,405,269,108945
201506172587383,JBNL,45,50,622,269,167318
201506172587610,KAFIL,13,14,145,220,31900
201506172587364,KBBL,17,13,290,358,103820
201506172587422,KBL,10,14,330,371,122430
201506172587408,KBL,10,33,905,370,334850
201506172587692,KDBL,44,25,43,149,6407
201506172587683,KDBL,44,4,50,148,7400
201506172587589,KDBL,28,5,548,147,80556
201506172587535,KDBL,44,16,63,147,9261
201506172587533,KDBL,44,43,57,147,8379
201506172587497,KDBL,28,11,107,145,15515
201506172587480,KDBL,36,4,50,147,7350
201506172587425,KDBL,28,11,213,145,30885
201506172587519,KMCDB,16,16,10,991,9910
201506172587508,KMCDB,16,16,10,991,9910
201506172587505,KMCDB,16,16,10,991,9910
201506172587471,KMCDB,38,6,50,1000,50000
201506172587242,KNBL,28,55,54,288,15552
201506172587560,LBL,29,8,200,405,81000
201506172587559,LBL,22,8,250,406,101500
201506172587558,LBL,14,8,90,406,36540
201506172587557,LBL,19,8,100,407,40700
201506172587479,LBL,7,28,116,405,46980
201506172587476,LBL,14,28,193,406,78358
201506172587470,LBL,19,28,310,407,126170
201506172587469,LBL,51,28,90,407,36630
201506172587456,LBL,19,57,90,410,36900
201506172587435,LBL,51,16,102,409,41718
201506172587501,LICN,57,54,136,2265,308040
201506172587338,LICN,57,32,246,2250,553500
201506172587251,LICN,45,39,21,2240,47040
201506172587544,LUBL,17,22,427,332,141764
201506172587524,LUBL,43,41,21,336,7056
201506172587481,LUBL,56,59,176,336,59136
201506172587279,LUBL,43,35,94,340,31960
201506172587600,MBL,7,48,182,556,101192
201506172587596,MBL,4,1,44,557,24508
201506172587496,MBL,53,48,300,556,166800
201506172587431,MBL,53,28,188,557,104716
201506172587394,MBL,19,57,177,556,98412
201506172587344,MBL,42,57,43,554,23822
201506172587203,MBL,56,22,30,556,16680
201506172587335,MBL,14,22,655,555,363525
201506172587299,MBL,32,22,500,555,277500
201506172587209,MBL,42,22,20,554,11080
201506172587206,MBL,38,22,200,555,111000
201506172587205,MBL,26,22,150,555,83250
201506172587204,MBL,33,22,100,556,55600
201506172587656,MDB,38,43,56,481,26936
201506172587527,MDBL,57,42,133,229,30457
201506172587521,MDBL,57,52,48,228,10944
201506172587678,MLBBL,34,41,12,889,10668
201506172587676,MLBBL,32,41,12,890,10680
201506172587439,MLBBL,32,44,10,890,8900
201506172587434,MLBBL,32,44,10,890,8900
201506172587430,MLBBL,32,44,10,890,8900
201506172587427,MLBBL,32,44,10,890,8900
201506172587416,MLBBL,32,44,10,890,8900
201506172587659,MNBBL,14,14,179,542,97018
201506172587607,MNBBL,36,14,500,540,270000
201506172587466,MNBBL,20,14,200,542,108400
201506172587432,MNBBL,41,14,200,542,108400
201506172587424,MNBBL,41,5,163,540,88020
201506172587606,MTBL,7,45,97,305,29585
201506172587695,NABIL,54,16,400,1881,752400
201506172587694,NABIL,22,16,500,1882,941000
201506172587693,NABIL,42,16,20,1885,37700
201506172587690,NABIL,19,11,50,1899,94950
201506172587591,NABIL,32,16,100,1890,189000
201506172587303,NABIL,21,3,100,1886,188600
201506172587300,NABIL,54,3,400,1881,752400
201506172587220,NABIL,42,3,180,1885,339300
201506172587219,NABIL,22,3,300,1886,565800
201506172587218,NABIL,39,3,100,1890,189000
201506172587217,NABIL,49,3,100,1895,189500
201506172587216,NABIL,17,3,20,1900,38000
201506172587500,NABILP,49,49,750,1290,967500
201506172587264,NABILP,8,8,2900,1300,3770000
201506172587259,NABILP,8,7,43,1300,55900
201506172587258,NABILP,8,59,100,1300,130000
201506172587491,NABILP,49,49,2000,1290,2580000
201506172587369,NABILP,53,59,340,1295,440300
201506172587571,NBB,45,53,11,503,5533
201506172587510,NBB,48,11,270,503,135810
201506172587498,NBB,50,41,300,502,150600
201506172587370,NBB,19,22,100,502,50200
201506172587455,NBB,7,22,100,503,50300
201506172587450,NBB,43,25,500,500,250000
201506172587437,NBB,1,17,100,503,50300
201506172587390,NBB,10,10,456,500,228000
201506172587373,NBB,10,10,706,500,353000
201506172587371,NBB,58,22,150,502,75300
201506172587603,NBBL,7,26,20,2000,40000
201506172587576,NBBL,7,16,13,1995,25935
201506172587575,NBBL,7,16,13,1990,25870
201506172587539,NBF1,42,17,11208,13,149066
201506172587641,NBL,38,33,500,285,142500
201506172587640,NBL,38,5,300,285,85500
201506172587628,NBL,45,33,200,285,57000
201506172587483,NBL,48,43,200,284,56800
201506172587474,NBL,48,41,128,284,36352
201506172587460,NBL,32,41,200,284,56800
201506172587457,NBL,21,41,50,288,14400
201506172587409,NBL,56,40,500,284,142000
201506172587382,NBL,22,26,1051,283,297433
201506172587379,NBL,38,45,1000,283,283000
201506172587199,NBL,35,48,500,283,141500
201506172587374,NBSL,14,17,203,320,64960
201506172587528,NCCB,45,50,237,569,134853
201506172587347,NCM,29,57,40,241,9640
201506172587453,NHPC,32,5,500,119,59500
201506172587447,NHPC,33,5,1000,119,119000
201506172587317,NHPC,36,50,1000,119,119000
201506172587572,NIB,37,8,82,703,57646
201506172587421,NIB,34,8,500,701,350500
201506172587420,NIB,11,8,250,702,175500
201506172587419,NIB,1,8,500,703,351500
201506172587418,NIB,40,8,500,704,352000
201506172587417,NIB,49,8,20,705,14100
201506172587236,NIB,13,49,981,701,687681
201506172587341,NIBPO,5,5,483,504,243432
201506172587325,NIBPO,39,53,100,509,50900
201506172587282,NIBPO,39,53,100,509,50900
201506172587668,NIBSF1,56,41,2500,10,24725
201506172587667,NIBSF1,56,41,2500,10,24725
201506172587602,NICA,22,5,158,622,98276
201506172587597,NICA,22,5,250,621,155250
201506172587532,NICA,37,7,123,620,76260
201506172587357,NICA,11,53,54,620,33480
201506172587329,NICA,37,43,60,616,36960
201506172587263,NICA,58,16,120,618,74160
201506172587443,NLBBL,19,19,100,1160,116000
201506172587442,NLG,49,40,47,521,24487
201506172587441,NLG,49,40,22,519,11418
201506172587440,NLG,49,40,22,518,11396
201506172587414,NLG,55,21,117,520,60840
201506172587361,NLG,29,21,30,523,15690
201506172587685,NLIC,6,17,200,2750,550000
201506172587647,NMBSF1,36,19,1500,10,14925
201506172587313,NMBSF1,36,21,13050,10,130500
201506172587611,NNFC,45,45,600,260,156000
201506172587468,NNFC,45,45,500,265,132500
201506172587297,NNFC,17,11,300,265,79500
201506172587594,NTC,3,52,100,620,62000
201506172587593,NTC,3,21,200,619,123800
201506172587540,NTC,38,38,990,616,609840
201506172587328,NTC,3,14,285,618,176130
201506172587246,NTC,3,20,100,617,61700
201506172587245,NTC,3,14,100,617,61700
201506172587486,NUBL,28,44,200,1150,230000
201506172587592,OFL,25,25,500,311,155500
201506172587689,PCBL,7,42,500,465,232500
201506172587688,PCBL,7,39,500,465,232500
201506172587687,PCBL,7,22,500,464,232000
201506172587686,PCBL,7,50,500,460,230000
201506172587679,PCBL,7,47,17,461,7837
201506172587672,PCBL,7,25,190,460,87400
201506172587201,PCBL,7,32,62,460,28520
201506172587461,PCBL,7,43,20,460,9200
201506172587423,PCBL,7,49,500,459,229500
201506172587272,PCBL,17,26,64,450,28800
201506172587262,PCBL,3,26,64,451,28864
201506172587234,PCBL,7,43,128,460,58880
201506172587224,PCBL,7,33,500,457,228500
201506172587504,PCBL,7,34,19,460,8740
201506172587488,PCBL,40,40,49,454,22246
201506172587472,PCBL,7,10,162,459,74358
201506172587464,PCBL,7,50,500,460,230000
201506172587463,PCBL,7,11,100,460,46000
201506172587462,PCBL,7,19,60,460,27600
201506172587664,PCBL,7,21,95,460,43700
201506172587658,PCBL,7,21,95,460,43700
201506172587652,PCBL,7,49,363,459,166617
201506172587561,PCBL,7,7,351,460,161460
201506172587555,PCBL,7,17,77,460,35420
201506172587541,PCBL,7,47,23,460,10580
201506172587340,PFL,13,11,499,292,145708
201506172587278,PFL,32,32,1436,291,417876
201506172587673,PLIC,38,19,200,1075,215000
201506172587635,PLIC,32,28,81,1074,86994
201506172587499,PLIC,53,29,103,1073,110519
201506172587354,PLIC,32,28,81,1074,86994
201506172587352,PLIC,32,28,81,1074,86994
201506172587237,PLIC,32,17,13,1075,13975
201506172587275,PRDBL,7,32,240,154,36960
201506172587604,PRVU,45,13,119,329,39151
201506172587534,PRVU,48,11,973,325,316225
201506172587389,PRVU,48,13,350,326,114100
201506172587388,PRVU,38,13,200,326,65200
201506172587387,PRVU,21,13,500,326,163000
201506172587302,PRVU,19,28,583,328,191224
201506172587229,PRVU,41,59,48,328,15744
201506172587386,PRVU,42,13,300,326,97800
201506172587385,PRVU,41,13,250,327,81750
201506172587384,PRVU,49,13,100,327,32700
201506172587363,PRVU,41,8,64,328,20992
201506172587327,PRVU,45,26,97,330,32010
201506172587314,PRVU,19,16,456,328,149568
201506172587350,PURBL,4,55,88,320,28160
201506172587336,RBS,34,32,30,5202,156060
201506172587599,REDBL,43,43,1097,204,223788
201506172587579,RHPC,6,6,12,429,5148
201506172587511,RHPC,41,53,515,430,221450
201506172587377,RHPC,29,21,12,431,5172
201506172587376,RHPC,29,21,11,431,4741
201506172587629,RMDC,52,13,216,630,136080
201506172587548,RMDC,47,38,840,628,527520
201506172587490,RMDC,38,29,37,628,23236
201506172587484,RMDC,19,29,37,629,23273
201506172587475,RMDC,47,29,37,629,23273
201506172587293,RMDC,53,34,435,630,274050
201506172587271,RMDC,19,34,344,631,217064
201506172587267,RMDC,6,34,99,632,62568
201506172587545,SADBL,48,28,500,310,155000
201506172587429,SADBL,59,5,200,312,62400
201506172587661,SANIMA,26,17,95,555,52725
201506172587458,SANIMA,50,11,500,556,278000
201506172587311,SANIMA,25,41,90,556,50040
201506172587268,SANIMA,59,42,232,556,128992
201506172587256,SANIMA,57,14,1220,555,677100
201506172587448,SBBLJ,28,26,500,400,200000
201506172587543,SBI,11,8,18,890,16020
201506172587449,SBI,17,17,1710,890,1521900
201506172587391,SBI,17,44,221,885,195585
201506172587332,SBI,17,19,112,890,99680
201506172587331,SBI,17,32,221,888,196248
201506172587307,SBI,42,19,98,885,86730
201506172587454,SBL,50,35,500,659,329500
201506172587249,SBL,16,16,100,653,65300
201506172587529,SDBL,53,8,158,190,30020
201506172587233,SDBL,53,53,363,190,68970
201506172587375,SDBL,51,34,300,189,56700
201506172587310,SDBL,25,7,350,190,66500
201506172587520,SDBL,25,8,500,190,95000
201506172587655,SEOS,46,19,5000,10,47800
201506172587247,SEOS,36,32,5000,10,48700
201506172587428,SETI,36,26,325,200,65000
201506172587353,SETI,36,56,560,200,112000
201506172587292,SETI,16,47,27,200,5400
201506172587291,SETI,16,47,27,200,5400
201506172587290,SETI,16,47,27,200,5400
201506172587289,SETI,16,47,27,200,5400
201506172587288,SETI,16,47,27,200,5400
201506172587287,SETI,16,47,27,200,5400
201506172587286,SETI,16,48,34,200,6800
201506172587273,SETI,36,47,27,199,5373
201506172587269,SETI,36,56,200,199,39800
201506172587225,SETI,36,56,200,196,39200
201506172587657,SEWA,46,37,50,280,14000
201506172587578,SEWA,46,37,120,280,33600
201506172587549,SEWA,46,17,80,280,22400
201506172587642,SFL,52,32,500,137,68500
201506172587252,SFL,40,40,48,137,6576
201506172587240,SFL,40,40,48,137,6576
201506172587348,SHL,1,37,240,410,98400
201506172587253,SHL,8,37,100,408,40800
201506172587627,SHPC,1,7,10,667,6670
201506172587616,SHPC,7,7,15,668,10020
201506172587587,SHPC,7,7,10,668,6680
201506172587210,SHPC,22,48,108,666,71928
201506172587681,SICL,13,29,452,603,272556
201506172587270,SICL,41,39,35,601,21035
201506172587663,SIGS1,38,19,600,15,9120
201506172587674,SKBBL,57,33,100,1298,129800
201506172587619,SKBBL,51,53,200,1295,259000
201506172587598,SKBBL,48,33,500,1295,647500
201506172587595,SKBBL,51,53,19,1299,24681
201506172587568,SKBBL,57,33,100,1295,129500
201506172587362,SKBBL,33,26,12,1285,15420
201506172587358,SKBBL,42,33,100,1285,128500
201506172587304,SKBBL,1,33,100,1285,128500
201506172587285,SKBBL,1,25,19,1284,24396
201506172587523,SKBBL,57,56,248,1290,319920
201506172587522,SKBBL,57,33,100,1289,128900
201506172587513,SKBBL,51,40,19,1285,24415
201506172587502,SKBBL,51,40,19,1285,24415
201506172587380,SKBBL,1,40,19,1280,24320
201506172587538,SLICL,19,11,31,553,17143
201506172587626,SMFDB,19,36,69,1560,107640
201506172587436,SMFDB,21,21,10,1565,15650
201506172587565,SODBL,57,18,1000,107,107000
201506172587451,SODBL,57,59,1000,108,108000
201506172587280,SODBL,57,29,2000,109,218000
201506172587446,SRBL,59,48,186,410,76260
201506172587444,SRBL,38,48,300,411,123300
201506172587402,SRBL,58,33,500,412,206000
201506172587324,SRBL,59,44,150,410,61500
201506172587323,SRBL,11,44,200,410,82000
201506172587322,SRBL,38,44,100,411,41100
201506172587214,SRBL,29,44,100,412,41200
201506172587213,SRBL,56,44,100,413,41300
201506172587675,SUPRME,17,56,500,155,77500
201506172587261,SUPRME,17,7,21,156,3276
201506172587260,SUPRME,17,56,500,156,78000
201506172587231,SUPRME,19,18,21,154,3234
201506172587226,SUPRME,41,18,21,153,3213
201506172587221,SUPRME,41,18,21,153,3213
201506172587215,SUPRME,19,18,21,154,3234
201506172587552,SWBBL,32,45,100,1540,154000
201506172587281,SWBBL,47,55,25,1559,38975
201506172587349,SYFL,8,8,780,96,74880
201506172587365,UFIL,50,26,1000,135,135000
201506172587207,UFIL,7,14,200,136,27200
201506172587514,YETI,13,28,1495,127,189865
201506172587033,ADBL,14,51,482,426,205332
201506172587002,ADBL,21,42,484,425,205700
201506172586995,ADBL,21,20,40,425,17000
201506172586987,ADBL,32,45,280,420,117600
201506172586710,ADBL,6,6,30,422,12660
201506172586986,AHPC,41,41,2000,325,650000
201506172586981,AHPC,41,26,60,325,19500
201506172586937,AHPC,32,26,126,322,40572
201506172586935,AHPC,16,26,200,324,64800
201506172586934,AHPC,39,26,20,328,6560
201506172587141,ALDBL,49,10,59,311,18349
201506172586885,ALDBL,49,22,60,310,18600
201506172586806,ALDBL,16,16,11,308,3388
201506172586798,ALDBL,16,16,11,308,3388
201506172586792,ALDBL,16,16,11,308,3388
201506172586786,ALDBL,16,16,11,308,3388
201506172586784,ALDBL,16,16,11,308,3388
201506172586783,ALDBL,16,16,11,308,3388
201506172586782,ALDBL,16,16,11,308,3388
201506172586776,ALDBL,16,16,11,308,3388
201506172587048,ALICL,45,55,37,925,34225
201506172586973,ALICL,22,45,48,931,44688
201506172586968,ALICL,22,45,48,931,44688
201506172586965,ALICL,20,11,400,926,370400
201506172586971,APEX,13,21,90,123,11070
201506172586753,APEX,39,39,191,122,23302
201506172586748,APEX,25,39,22,122,2684
201506172586742,APEX,25,39,100,122,12200
201506172586970,APEX,13,17,20,123,2460
201506172586955,APEX,41,7,204,122,24888
201506172586942,APEX,47,6,100,122,12200
201506172586926,APEX,20,7,204,122,24888
201506172586791,APEX,13,32,2050,120,246000
201506172586770,APEX,39,39,140,121,16940
201506172587146,BLDBL,39,37,81,314,25434
201506172587000,BPCL,43,29,83,610,50630
201506172587003,BUDBL,57,7,401,198,79398
201506172586734,BUDBL,25,28,657,195,128115
201506172586717,BUDBL,41,28,182,196,35672
201506172586712,BUDBL,48,28,1000,195,195000
201506172587161,CBL,14,33,200,270,54000
201506172587160,CBL,42,33,200,270,54000
201506172587159,CBL,49,33,60,270,16200
201506172587158,CBL,47,33,100,271,27100
201506172587149,CBL,48,25,397,270,107190
201506172587074,CBL,47,17,88,271,23848
201506172586894,CBL,17,33,300,271,81300
201506172586893,CBL,14,33,300,271,81300
201506172586892,CBL,52,33,100,272,27200
201506172586855,CBL,25,21,378,271,102438
201506172586785,CBL,47,34,122,272,33184
201506172586700,CBL,44,19,1000,270,270000
201506172587032,CBL,7,17,144,272,39168
201506172587028,CBL,7,17,144,272,39168
201506172586966,CBL,40,34,500,271,135500
201506172586931,CBL,40,33,434,270,117180
201506172586896,CBL,53,33,900,270,243000
201506172586895,CBL,14,33,200,270,54000
201506172587071,CBL,13,43,500,271,135500
201506172587070,CBL,13,33,510,270,137700
201506172587069,CBL,48,33,178,270,48060
201506172587053,CBL,49,36,40,270,10800
201506172587052,CBL,52,36,300,270,81000
201506172587051,CBL,53,36,100,270,27000
201506172587172,CCBL,14,8,400,313,125200
201506172586921,CCBL,6,44,304,312,94848
201506172586908,CCBL,45,28,10,310,3100
201506172586906,CCBL,45,28,10,310,3100
201506172586905,CCBL,45,28,10,310,3100
201506172586904,CCBL,45,28,10,310,3100
201506172586751,CCBL,42,8,276,310,85560
201506172586744,CCBL,38,8,281,310,87110
201506172586730,CCBL,13,8,500,310,155000
201506172586796,CCBL,45,28,10,312,3120
201506172586795,CCBL,45,28,10,312,3120
201506172586793,CCBL,45,28,10,312,3120
201506172586790,CCBL,45,28,10,312,3120
201506172586762,CCBL,26,8,31,313,9703
201506172586756,CCBL,45,8,276,310,85560
201506172586804,CCBL,45,28,10,312,3120
201506172586803,CCBL,45,28,10,312,3120
201506172586802,CCBL,45,28,10,312,3120
201506172586801,CCBL,45,28,10,312,3120
201506172586800,CCBL,7,8,153,312,47736
201506172586797,CCBL,45,28,10,312,3120
201506172586811,CCBL,45,28,10,312,3120
201506172586810,CCBL,43,39,40,312,12480
201506172586809,CCBL,45,28,10,312,3120
201506172586808,CCBL,45,39,40,312,12480
201506172586807,CCBL,45,28,10,312,3120
201506172586805,CCBL,45,39,40,312,12480
201506172586821,CCBL,16,28,10,311,3110
201506172586818,CCBL,43,39,16,312,4992
201506172586817,CCBL,43,28,10,312,3120
201506172586814,CCBL,43,39,40,312,12480
201506172586813,CCBL,43,28,10,312,3120
201506172586812,CCBL,43,39,40,312,12480
201506172586832,CCBL,47,28,10,311,3110
201506172586831,CCBL,16,28,10,311,3110
201506172586829,CCBL,16,28,10,311,3110
201506172586827,CCBL,16,28,10,311,3110
201506172586824,CCBL,16,28,10,311,3110
201506172586823,CCBL,16,28,10,311,3110
201506172586840,CCBL,47,28,10,311,3110
201506172586838,CCBL,47,28,10,311,3110
201506172586837,CCBL,47,28,10,311,3110
201506172586836,CCBL,47,28,10,311,3110
201506172586834,CCBL,47,28,10,311,3110
201506172586833,CCBL,47,28,10,311,3110
201506172586851,CCBL,47,28,10,311,3110
201506172586849,CCBL,56,39,16,312,4992
201506172586848,CCBL,56,28,10,312,3120
201506172586847,CCBL,47,28,10,311,3110
201506172586845,CCBL,47,28,10,311,3110
201506172586843,CCBL,47,28,10,311,3110
201506172586862,CCBL,26,28,10,312,3120
201506172586861,CCBL,26,28,10,312,3120
201506172586858,CCBL,26,28,10,312,3120
201506172586856,CCBL,47,28,10,311,3110
201506172586854,CCBL,47,28,10,311,3110
201506172586852,CCBL,47,28,10,311,3110
201506172586871,CCBL,26,28,10,312,3120
201506172586870,CCBL,26,28,10,312,3120
201506172586869,CCBL,26,28,10,312,3120
201506172586867,CCBL,26,28,10,312,3120
201506172586865,CCBL,26,28,10,312,3120
201506172586864,CCBL,26,28,10,312,3120
201506172586880,CCBL,47,28,10,311,3110
201506172586878,CCBL,47,28,10,311,3110
201506172586877,CCBL,47,28,10,311,3110
201506172586876,CCBL,47,28,10,311,3110
201506172586875,CCBL,26,28,10,312,3120
201506172586872,CCBL,26,28,10,312,3120
201506172586889,CCBL,47,28,10,311,3110
201506172586886,CCBL,47,28,10,311,3110
201506172586884,CCBL,47,28,10,311,3110
201506172586883,CCBL,47,28,10,311,3110
201506172586882,CCBL,47,28,10,311,3110
201506172586881,CCBL,47,28,10,311,3110
201506172586903,CCBL,45,28,10,310,3100
201506172586901,CCBL,45,28,10,310,3100
201506172586899,CCBL,45,28,10,310,3100
201506172586898,CCBL,45,28,10,310,3100
201506172586897,CCBL,45,28,10,310,3100
201506172586890,CCBL,47,28,10,311,3110
201506172587145,CDBL,17,17,50,330,16500
201506172587113,CDBL,17,21,24,330,7920
201506172587181,CHCL,10,21,85,1528,129880
201506172587153,CHCL,19,13,12,1535,18420
201506172587143,CHCL,10,10,73,1525,111325
201506172587118,CHCL,10,51,200,1525,305000
201506172587040,CHCL,40,13,85,1525,129625
201506172586976,CHCL,45,13,85,1524,129540
201506172586769,CHCL,45,21,100,1530,153000
201506172587167,CSDBL,26,46,150,344,51600
201506172587152,CSDBL,26,46,100,338,33800
201506172587035,CSDBL,38,39,73,332,24236
201506172587029,CSDBL,38,46,94,332,31208
201506172587026,CSDBL,16,26,106,332,35192
201506172586996,CSDBL,16,32,70,335,23450
201506172586956,CSDBL,16,46,295,335,98825
201506172586952,CSDBL,50,46,97,338,32786
201506172587091,CZBIL,38,26,105,451,47355
201506172586953,CZBIL,7,7,84,449,37716
201506172587169,DDBL,26,14,200,1115,223000
201506172587011,DDBL,53,51,196,1120,219520
201506172587007,DDBL,53,51,68,1120,76160
201506172587188,EBL,42,42,50,2030,101500
201506172587187,EBL,42,42,100,2030,203000
201506172587186,EBL,42,42,100,2030,203000
201506172587185,EBL,42,42,100,2030,203000
201506172587184,EBL,42,42,100,2030,203000
201506172586757,EBL,56,42,20,2034,40680
201506172586755,EBL,6,11,55,2030,111650
201506172586754,EBL,16,11,80,2030,162400
201506172586740,EBL,16,11,60,2033,121980
201506172586722,EBL,16,22,100,2030,203000
201506172586974,EBL,40,42,200,2030,406000
201506172586969,EBL,40,10,10,2029,20290
201506172586962,EBL,54,32,160,2027,324320
201506172586760,EBL,16,42,20,2030,40600
201506172586759,EBL,7,42,40,2031,81240
201506172586758,EBL,16,42,10,2033,20330
201506172587125,EKBL,58,13,13,280,3640
201506172587100,EKBL,25,18,99,276,27324
201506172587097,EKBL,47,18,198,277,54846
201506172586924,EKBL,25,18,196,280,54880
201506172587021,GBIME,29,45,1000,454,454000
201506172587182,GLICL,22,29,97,512,49664
201506172587171,GLICL,22,55,125,512,64000
201506172586979,GLICL,28,11,300,510,153000
201506172587177,ICFC,20,45,3000,252,756000
201506172587126,ICFC,32,45,200,255,51000
201506172587043,ICFC,32,5,200,255,51000
201506172587042,ICFC,32,36,30,255,7650
201506172587030,ICFC,46,6,300,253,75900
201506172586765,ICFC,25,5,200,250,50000
201506172586723,ICFC,25,45,56,255,14280
201506172586957,IDBL,20,50,95,170,16150
201506172586911,IDBL,20,50,47,170,7990
201506172586910,IDBL,20,50,95,170,16150
201506172586815,IDBL,3,50,95,170,16150
201506172586725,IDBL,3,55,57,169,9633
201506172586719,IDBL,21,55,57,170,9690
201506172586711,IDBL,20,17,500,171,85500
201506172586704,IDBL,25,39,1000,170,170000
201506172587168,ILFC,35,59,50,151,7550
201506172587157,ILFC,49,20,168,149,25032
201506172587089,ILFC,38,59,503,147,73941
201506172587087,ILFC,1,28,440,148,65120
201506172587031,ILFC,33,39,166,148,24568
201506172587018,ILFC,33,20,1000,149,149000
201506172586774,ILFC,33,59,1000,150,150000
201506172586726,ILFC,33,59,1000,150,150000
201506172587062,JBBL,43,57,30,160,4800
201506172587010,JBBL,1,38,90,162,14580
201506172586929,JBBL,1,38,90,162,14580
201506172586923,JBBL,1,38,30,162,4860
201506172587122,JBNL,40,8,470,270,126900
201506172586922,JBNL,16,16,276,269,74244
201506172587105,KBBL,14,39,50,363,18150
201506172587075,KBBL,14,6,90,358,32220
201506172586983,KBL,51,42,386,369,142434
201506172586888,KBL,10,32,69,370,25530
201506172586739,KBL,10,17,75,370,27750
201506172587175,KCDBL,14,53,572,191,109252
201506172587156,KCDBL,16,16,10,192,1920
201506172587147,KCDBL,16,16,10,192,1920
201506172587144,KCDBL,16,16,10,192,1920
201506172587139,KCDBL,16,16,10,192,1920
201506172587129,KCDBL,16,16,10,192,1920
201506172587127,KCDBL,16,16,10,192,1920
201506172587123,KCDBL,16,16,10,192,1920
201506172587106,KCDBL,16,16,10,192,1920
201506172587131,KDBL,28,26,55,145,7975
201506172587111,KDBL,36,16,33,146,4818
201506172587110,KDBL,36,16,33,146,4818
201506172587068,KDBL,28,11,120,145,17400
201506172587064,KDBL,28,57,20,143,2860
201506172587020,KDBL,28,59,149,145,21605
201506172586773,KDBL,18,18,21,146,3066
201506172586767,KDBL,18,18,21,146,3066
201506172586830,KDBL,16,20,28,146,4088
201506172586825,KDBL,16,16,33,146,4818
201506172586820,KDBL,16,55,40,146,5840
201506172586799,KDBL,18,18,21,146,3066
201506172586787,KDBL,18,18,21,146,3066
201506172586781,KDBL,18,18,21,146,3066
201506172586891,KDBL,16,26,56,146,8176
201506172586863,KDBL,16,16,33,146,4818
201506172586857,KDBL,16,16,33,146,4818
201506172586850,KDBL,16,16,33,146,4818
201506172586841,KDBL,16,16,33,146,4818
201506172586835,KDBL,16,16,33,146,4818
201506172587128,KMCDB,38,17,10,1000,10000
201506172587012,KNBL,28,26,30,288,8640
201506172587176,LICN,29,21,10,2250,22500
201506172586761,LICN,14,32,90,2250,202500
201506172586716,LICN,14,38,27,2250,60750
201506172586715,LICN,14,38,48,2245,107760
201506172587170,LLBS,37,26,101,792,79992
201506172587166,LLBS,37,57,10,792,7920
201506172587165,LLBS,37,22,10,792,7920
201506172587164,LLBS,37,22,10,792,7920
201506172587163,LLBS,37,3,10,792,7920
201506172587162,LLBS,37,26,10,790,7900
201506172586707,LLBS,37,25,10,780,7800
201506172587140,LUBL,1,11,27,341,9207
201506172587098,LUBL,39,45,16,339,5424
201506172587045,LUBL,20,26,39,339,13221
201506172587041,LUBL,49,26,45,340,15300
201506172586709,LUBL,20,38,320,339,108480
201506172587037,MBL,4,4,497,552,274344
201506172586938,MBL,49,38,99,556,55044
201506172586763,MBL,42,22,113,558,63054
201506172587183,MDB,17,26,21,483,10143
201506172586732,MDB,38,8,57,482,27474
201506172587101,MDBL,21,43,30,225,6750
201506172587093,MDBL,32,25,160,225,36000
201506172587173,METRO,32,32,788,328,258464
201506172586728,METRO,32,32,94,328,30832
201506172586975,MLBBL,34,10,12,889,10668
201506172587198,MNBBL,10,14,600,540,324000
201506172587197,MNBBL,45,14,100,540,54000
201506172587196,MNBBL,47,14,500,540,270000
201506172587195,MNBBL,53,14,500,541,270500
201506172587194,MNBBL,21,14,500,543,271500
201506172587193,MNBBL,1,14,250,545,136250
201506172587061,MNBBL,1,50,30,550,16500
201506172587060,MNBBL,1,50,30,550,16500
201506172587059,MNBBL,1,21,100,549,54900
201506172586984,MNBBL,45,39,54,549,29646
201506172587192,MNBBL,39,14,100,546,54600
201506172587191,MNBBL,45,14,100,546,54600
201506172587096,MNBBL,32,14,10,550,5500
201506172587092,MNBBL,49,14,2000,540,1080000
201506172586842,MSBBL,17,5,119,250,29750
201506172587174,MTBL,29,19,579,303,175437
201506172587104,MTBL,29,45,100,309,30900
201506172586826,MTBL,6,45,245,303,74235
201506172586794,MTBL,6,48,97,309,29973
201506172586839,NABIL,25,14,150,1900,285000
201506172587112,NBB,36,32,158,501,79158
201506172587102,NBB,36,50,200,501,100200
201506172587047,NBB,43,39,47,501,23547
201506172587039,NBB,19,39,12,502,6024
201506172587036,NBB,19,36,60,502,30120
201506172587017,NBB,10,17,850,500,425000
201506172586960,NBB,45,38,33,502,16566
201506172586699,NBB,48,17,49,502,24598
201506172587024,NBBL,47,16,13,1975,25675
201506172586721,NBBL,55,51,30,2015,60450
201506172587001,NBF1,14,32,2997,13,39950
201506172586998,NBF1,14,28,4117,13,54797
201506172586994,NBF1,48,49,1373,13,18192
201506172586991,NBF1,49,49,4575,13,59933
201506172586985,NBF1,11,28,599,13,7967
201506172586948,NBF1,41,28,659,13,8771
201506172586932,NBF1,48,21,2000,13,26500
201506172587142,NBL,26,33,500,284,142000
201506172587107,NBL,32,5,1000,284,284000
201506172587119,NHPC,42,5,1000,119,119000
201506172586980,NHPC,33,34,1000,118,118000
201506172586917,NHPC,36,5,1000,120,120000
201506172586749,NHPC,14,32,1000,119,119000
201506172587004,NIB,26,5,234,705,164970
201506172587006,NIBPO,5,5,483,509,245847
201506172587124,NICA,11,10,29,619,17951
201506172587094,NICA,29,50,200,619,123800
201506172587085,NICA,7,10,151,616,93016
201506172587058,NICA,43,39,40,618,24720
201506172587025,NICA,7,39,12,616,7392
201506172587023,NICA,1,10,25,618,15450
201506172586743,NICA,21,21,20,615,12300
201506172586963,NICA,28,10,189,615,116235
201506172586940,NICA,1,44,121,618,74778
201506172586916,NICA,29,34,89,616,54824
201506172586900,NICA,7,17,183,615,112545
201506172586772,NICA,6,32,778,613,476914
201506172586768,NICA,6,32,2188,612,1339056
201506172586950,NLG,55,40,144,520,74880
201506172586977,NLIC,40,17,200,2760,552000
201506172586738,NLIC,21,42,100,2750,275000
201506172586737,NLIC,55,42,100,2760,276000
201506172586736,NLIC,49,42,100,2760,276000
201506172586735,NLIC,49,42,50,2765,138250
201506172587137,NMBSF1,40,40,5000,10,49600
201506172587103,NMBSF1,40,40,5000,10,49550
201506172587084,NMBSF1,40,40,5000,10,49600
201506172587009,NMBSF1,40,40,5000,10,49550
201506172586933,NTC,5,53,410,617,252970
201506172586819,NTC,8,8,200,616,123200
201506172586775,NUBL,6,6,140,1131,158340
201506172586918,OFL,25,7,323,310,100130
201506172587190,PCBL,7,32,62,460,28520
201506172587180,PCBL,7,25,54,459,24786
201506172587135,PCBL,14,14,20,451,9020
201506172586945,PCBL,45,45,62,451,27962
201506172586939,PCBL,45,45,62,451,27962
201506172586919,PCBL,10,55,159,450,71550
201506172586720,PCBL,10,29,130,450,58500
201506172586766,PLIC,56,33,100,1065,106500
201506172587121,PRVU,49,49,1309,326,426734
201506172587065,PRVU,28,16,530,326,172780
201506172586990,PRVU,28,8,470,326,153220
201506172586909,PRVU,40,32,500,326,163000
201506172586902,PRVU,1,8,20,327,6540
201506172586780,PRVU,45,55,11,326,3586
201506172586779,PRVU,45,55,11,326,3586
201506172586778,PRVU,45,55,11,326,3586
201506172586777,PRVU,45,55,11,326,3586
201506172586764,PRVU,33,29,13,326,4238
201506172586746,PRVU,20,8,40,327,13080
201506172587109,REDBL,46,39,74,205,15170
201506172587108,REDBL,46,43,200,205,41000
201506172587154,RHPC,50,21,12,429,5148
201506172587136,RHPC,50,17,64,429,27456
201506172587079,RHPC,49,43,12,426,5112
201506172587078,RHPC,49,43,12,426,5112
201506172587077,RHPC,49,43,12,426,5112
201506172587076,RHPC,49,43,12,426,5112
201506172587063,RHPC,54,43,12,425,5100
201506172586879,RHPC,16,16,10,426,4260
201506172586874,RHPC,16,16,10,426,4260
201506172586868,RHPC,16,16,10,426,4260
201506172586860,RHPC,16,16,10,426,4260
201506172586846,RHPC,16,16,10,426,4260
201506172586946,RMDC,53,34,1000,630,630000
201506172586912,RMDC,49,49,1784,630,1123920
201506172586930,SADBL,44,28,500,312,156000
201506172586828,SADBL,6,6,500,310,155000
201506172587044,SANIMA,34,11,498,555,276390
201506172586978,SANIMA,38,17,15,557,8355
201506172586947,SANIMA,40,48,96,556,53376
201506172587138,SBBLJ,34,26,223,408,90984
201506172587178,SBI,54,14,269,890,239410
201506172587027,SBI,17,5,304,890,270560
201506172586920,SBI,4,4,280,890,249200
201506172587155,SBL,29,32,181,654,118374
201506172587099,SBL,39,5,13,651,8463
201506172587090,SBL,40,5,13,651,8463
201506172587081,SBL,25,5,13,652,8476
201506172587072,SBL,50,28,192,654,125568
201506172587056,SBL,11,33,200,652,130400
201506172587038,SBL,51,5,13,653,8489
201506172587034,SBL,25,5,13,654,8502
201506172586993,SBL,17,33,112,655,73360
201506172586853,SBL,50,35,500,655,327500
201506172586731,SBL,57,35,500,655,327500
201506172587179,SCB,21,35,100,1899,189900
201506172587134,SCB,40,56,200,1900,380000
201506172587133,SCB,26,56,130,1900,247000
201506172587132,SCB,21,56,100,1900,190000
201506172586927,SCB,11,32,142,1900,269800
201506172587117,SDBL,55,53,540,191,103140
201506172587116,SDBL,32,53,50,191,9550
201506172587115,SDBL,51,53,120,193,23160
201506172586941,SDBL,41,28,120,194,23280
201506172587054,SETI,36,47,27,193,5211
201506172587022,SETI,6,6,25,191,4775
201506172587016,SETI,6,6,25,191,4775
201506172586959,SETI,36,55,75,193,14475
201506172586958,SETI,36,55,75,193,14475
201506172586949,SETI,7,47,27,193,5211
201506172586936,SETI,36,55,75,193,14475
201506172586706,SETI,16,45,25,190,4750
201506172586705,SETI,32,45,25,190,4750
201506172586859,SEWA,46,10,21,279,5859
201506172587015,SFL,1,13,48,138,6624
201506172586750,SHBL,21,38,13,1257,16341
201506172586714,SHBL,52,38,64,1257,80448
201506172586702,SHBL,21,38,10,1257,12570
201506172586701,SHBL,55,38,64,1257,80448
201506172587189,SHINE,47,26,25,346,8650
201506172587095,SHPC,1,29,10,667,6670
201506172587088,SHPC,1,29,10,667,6670
201506172587067,SHPC,7,29,10,670,6700
201506172587046,SHPC,1,17,40,667,26680
201506172587120,SKBBL,1,40,23,1285,29555
201506172587082,SKBBL,48,33,100,1280,128000
201506172587050,SKBBL,41,17,50,1285,64250
201506172586844,SKBBL,41,10,19,1275,24225
201506172587049,SKBBL,48,49,12,1280,15360
201506172587005,SKBBL,11,49,12,1280,15360
201506172586999,SKBBL,11,49,12,1280,15360
201506172586967,SKBBL,41,49,12,1276,15312
201506172586964,SKBBL,11,6,29,1280,37120
201506172586997,SLBBL,26,26,18,1600,28800
201506172586989,SLBBL,14,26,18,1601,28818
201506172586988,SLBBL,51,26,44,1600,70400
201506172586982,SLBBL,14,26,20,1601,32020
201506172586928,SLBBL,37,13,78,1605,125190
201506172586873,SLBBL,37,7,20,1600,32000
201506172586789,SLICL,19,45,42,560,23520
201506172587073,SODBL,29,29,410,109,44690
201506172586992,SODBL,17,33,184,108,19872
201506172586944,SRBL,59,50,687,412,283044
201506172586914,SRBL,56,13,570,416,237120
201506172586913,SRBL,56,44,100,415,41500
201506172586887,SRBL,38,44,50,417,20850
201506172586745,SRBL,38,44,200,417,83400
201506172587086,SUBBL,50,43,76,270,20520
201506172587014,SUBBL,22,55,165,270,44550
201506172587008,SUBBL,22,55,33,270,8910
201506172586972,SUBBL,14,32,54,268,14472
201506172586866,SUPRME,6,52,236,156,36816
201506172586788,SUPRME,41,55,50,153,7650
201506172586915,SWBBL,41,6,11,1585,17435
201506172586822,WDBL,56,29,13,296,3848
201506172587013,YETI,13,33,340,127,43180
201506172586925,YETI,55,35,60,127,7620
201506172586727,YETI,19,29,120,65,7800
201506172586718,YETI,18,18,20,128,2560
201506172586713,YETI,18,18,20,128,2560
201506172586708,YETI,18,18,20,128,2560
201506172586703,YETI,18,18,20,128,2560
201506172586597,ADBL,53,5,200,418,83600
201506172586562,AHPC,46,26,10,334,3340
201506172586551,AHPC,48,26,10,334,3340
201506172586415,ALICL,22,22,43,913,39259
201506172586396,ALICL,22,11,200,931,186200
201506172586267,ALICL,32,32,14,950,13300
201506172586571,APEX,6,6,30,122,3660
201506172586567,APEX,6,6,30,122,3660
201506172586565,APEX,6,6,30,122,3660
201506172586442,BBC,17,48,46,2280,104880
201506172586380,BHBL,45,44,50,275,13750
201506172586504,BHBL,58,42,200,271,54200
201506172586503,BHBL,45,42,50,275,13750
201506172586681,BLDBL,39,26,110,319,35090
201506172586378,BUDBL,1,21,49,198,9702
201506172586374,BUDBL,1,21,49,198,9702
201506172586278,BUDBL,10,52,500,195,97500
201506172586675,CBBL,26,42,135,1646,222210
201506172586637,CBBL,34,45,23,1650,37950
201506172586450,CBBL,26,45,100,1650,165000
201506172586438,CBBL,26,53,199,1670,332330
201506172586683,CBL,48,48,1000,272,272000
201506172586631,CBL,10,43,318,272,86496
201506172586595,CBL,36,36,400,273,109200
201506172586554,CBL,54,29,26,273,7098
201506172586547,CBL,34,36,100,274,27400
201506172586543,CBL,34,33,800,274,219200
201506172586301,CBL,22,44,85,275,23375
201506172586300,CBL,22,44,55,275,15125
201506172586318,CBL,53,13,52,277,14404
201506172586317,CBL,53,17,144,276,39744
201506172586316,CBL,53,34,591,275,162525
201506172586314,CBL,53,17,144,276,39744
201506172586304,CBL,25,17,144,274,39456
201506172586303,CBL,22,44,82,275,22550
201506172586350,CBL,13,13,26,277,7202
201506172586349,CBL,13,13,26,276,7176
201506172586346,CBL,13,13,26,276,7176
201506172586339,CBL,13,13,52,276,14352
201506172586332,CBL,13,13,52,276,14352
201506172586328,CBL,13,13,78,276,21528
201506172586449,CBL,49,38,110,275,30250
201506172586433,CBL,34,16,102,274,27948
201506172586422,CBL,49,16,102,274,27948
201506172586356,CBL,13,13,26,278,7228
201506172586354,CBL,13,13,26,278,7228
201506172586352,CBL,13,13,26,277,7202
201506172586542,CBL,52,33,200,274,54800
201506172586491,CBL,13,33,500,275,137500
201506172586485,CBL,16,36,110,274,30140
201506172586484,CBL,49,36,40,275,11000
201506172586458,CBL,22,29,135,275,37125
201506172586451,CBL,51,33,100,275,27500
201506172586628,CCBL,7,44,304,312,94848
201506172586615,CCBL,43,44,304,312,94848
201506172586465,CCBL,16,22,40,311,12440
201506172586459,CCBL,40,22,35,312,10920
201506172586408,CCBL,10,5,153,312,47736
201506172586286,CCBL,6,6,40,316,12640
201506172586341,CCBL,40,32,10,314,3140
201506172586296,CCBL,6,6,40,315,12600
201506172586294,CCBL,6,6,40,315,12600
201506172586292,CCBL,6,6,40,315,12600
201506172586290,CCBL,6,6,40,316,12640
201506172586289,CCBL,6,6,40,316,12640
201506172586657,CDBL,17,26,19,335,6365
201506172586582,CDBL,16,16,200,339,67800
201506172586496,CDBL,16,48,24,335,8040
201506172586364,CDBL,16,16,59,337,19883
201506172586517,CFCL,22,26,11,168,1848
201506172586319,CFCL,28,11,24,168,4032
201506172586684,CHCL,50,13,42,1529,64218
201506172586621,CHCL,17,13,12,1525,18300
201506172586616,CHCL,19,5,19,1526,28994
201506172586613,CHCL,43,5,94,1520,142880
201506172586608,CHCL,38,5,100,1521,152100
201506172586594,CHCL,16,13,85,1525,129625
201506172586409,CHCL,32,13,12,1521,18252
201506172586407,CHCL,4,46,28,1520,42560
201506172586403,CHCL,55,46,56,1521,85176
201506172586383,CHCL,16,16,28,1533,42924
201506172586377,CHCL,16,16,28,1533,42924
201506172586577,CHCL,19,13,31,1531,47461
201506172586549,CHCL,19,46,28,1532,42896
201506172586534,CHCL,17,6,302,1530,462060
201506172586520,CHCL,16,46,141,1529,215589
201506172586482,CHCL,17,13,85,1525,129625
201506172586455,CHCL,29,51,150,1524,228600
201506172586689,CSDBL,16,58,29,341,9889
201506172586686,CSDBL,16,58,10,341,3410
201506172586553,CSDBL,16,48,43,347,14921
201506172586505,CSDBL,16,48,14,354,4956
201506172586480,CSDBL,16,48,14,361,5054
201506172586646,CZBIL,29,1,500,450,225000
201506172586596,CZBIL,33,26,72,449,32328
201506172586584,CZBIL,6,14,19,448,8512
201506172586546,CZBIL,49,29,65,448,29120
201506172586530,CZBIL,33,33,2738,446,1221148
201506172586526,CZBIL,6,50,250,448,112000
201506172586414,CZBIL,11,21,80,452,36160
201506172586411,CZBIL,11,37,63,451,28413
201506172586384,CZBIL,41,14,12,450,5400
201506172586370,CZBIL,39,33,143,450,64350
201506172586508,CZBIL,36,13,190,450,85500
201506172586486,CZBIL,39,18,24,452,10848
201506172586479,CZBIL,36,46,10,450,4500
201506172586439,CZBIL,7,21,95,455,43225
201506172586696,DDBL,53,51,168,1120,188160
201506172586695,DDBL,53,51,200,1120,224000
201506172586694,DDBL,53,51,200,1120,224000
201506172586619,EBL,16,5,66,2030,133980
201506172586592,EBL,42,55,279,2035,567765
201506172586587,EBL,7,5,65,2039,132535
201506172586556,EBL,19,33,14,2045,28630
201506172586510,EBL,16,5,72,2030,146160
201506172586248,EBL,58,58,35,2035,71225
201506172586247,EBL,58,58,15,2035,30525
201506172586246,EBL,58,58,44,2035,89540
201506172586245,EBL,58,58,15,2035,30525
201506172586244,EBLCP,58,58,24,989,23736
201506172586243,EBLCP,58,58,24,989,23736
201506172586242,EBLCP,58,58,18,989,17802
201506172586241,EBLCP,58,58,18,989,17802
201506172586258,EKBL,51,51,33,285,9405
201506172586497,GBIME,16,45,100,456,45600
201506172586471,GBIME,16,8,44,456,20064
201506172586435,GBIME,29,45,30,460,13800
201506172586397,GBIME,29,45,30,460,13800
201506172586358,GBIME,42,42,2113,455,961415
201506172586344,GBIME,42,42,3617,455,1645735
201506172586337,GBIME,29,45,27,463,12501
201506172586335,GBIME,42,42,4270,455,1942850
201506172586307,GBIME,47,47,44,454,19976
201506172586305,GBIME,47,47,44,454,19976
201506172586280,GBIME,1,1,359,455,163345
201506172586437,GDBL,6,54,18,316,5688
201506172586557,GDBL,47,17,110,315,34650
201506172586268,GLICL,36,11,195,515,100425
201506172586257,GLICL,16,16,14,507,7098
201506172586256,GLICL,16,16,14,507,7098
201506172586255,GLICL,16,16,14,507,7098
201506172586254,GLICL,16,16,14,507,7098
201506172586253,GLICL,16,16,14,507,7098
201506172586252,GLICL,16,16,14,507,7098
201506172586251,GLICL,16,16,14,507,7098
201506172586250,GLICL,16,16,14,507,7098
201506172586590,HBL,17,13,19,805,15295
201506172586589,HBL,11,13,95,794,75430
201506172586673,IDBL,25,52,11,170,1870
201506172586440,IDBL,21,33,500,171,85500
201506172586389,IDBL,52,50,95,173,16435
201506172586388,IDBL,52,50,95,172,16340
201506172586347,IDBL,52,50,95,171,16245
201506172586279,IDBL,3,50,47,170,7990
201506172586678,ILFC,33,56,200,150,30000
201506172586617,ILFC,36,59,420,149,62580
201506172586563,ILFC,21,59,168,148,24864
201506172586506,ILFC,44,59,160,150,24000
201506172586501,ILFC,21,59,100,148,14800
201506172586302,ILFC,35,59,1000,147,147000
201506172586297,ILFC,37,7,1000,150,150000
201506172586266,ILFC,35,59,50,153,7650
201506172586265,ILFC,35,59,50,150,7500
201506172586379,JBBL,1,48,60,162,9720
201506172586326,JBBL,25,45,21,159,3339
201506172586313,JBBL,1,45,21,159,3339
201506172586636,JBNL,22,52,133,269,35777
201506172586635,JBNL,16,52,71,270,19170
201506172586570,JBNL,16,29,133,270,35910
201506172586552,JBNL,16,37,33,272,8976
201506172586548,JBNL,16,37,41,272,11152
201506172586355,JFL,55,47,20,426,8520
201506172586342,JFL,55,42,20,418,8360
201506172586329,JFL,55,17,33,410,13530
201506172586515,KAFIL,13,5,69,218,15042
201506172586629,KBL,52,14,343,371,127253
201506172586529,KBL,10,32,24,370,8880
201506172586417,KBL,57,5,232,367,85144
201506172586477,KCDBL,22,48,24,191,4584
201506172586473,KCDBL,22,14,10,194,1940
201506172586697,KDBL,28,20,62,145,8990
201506172586682,KDBL,28,20,62,145,8990
201506172586419,KDBL,28,33,1106,145,160370
201506172586395,KDBL,13,10,57,145,8265
201506172586385,KDBL,13,20,200,145,29000
201506172586325,KDBL,28,45,64,145,9280
201506172586677,KMCDB,38,48,10,1000,10000
201506172586676,KMCDB,38,48,10,1000,10000
201506172586360,KMCDB,47,45,200,1000,200000
201506172586476,KNBL,28,16,175,293,51275
201506172586475,KNBL,28,38,50,293,14650
201506172586474,KNBL,28,3,10,293,2930
201506172586445,KNBL,28,3,10,288,2880
201506172586444,KNBL,28,38,30,288,8640
201506172586443,KNBL,28,3,10,288,2880
201506172586400,KNBL,38,3,10,279,2790
201506172586398,KNBL,38,3,10,276,2760
201506172586299,KNBL,16,3,10,272,2720
201506172586298,KNBL,16,3,10,272,2720
201506172586430,KNBL,28,3,10,283,2830
201506172586429,KNBL,28,3,10,283,2830
201506172586428,KNBL,28,3,10,283,2830
201506172586427,KNBL,28,3,10,283,2830
201506172586426,KNBL,28,3,10,283,2830
201506172586402,KNBL,38,3,10,278,2780
201506172586432,LGIL,26,29,10,289,2890
201506172586593,LICN,53,59,20,2225,44500
201506172586513,LICN,7,7,513,2217,1137321
201506172586423,LLBS,16,42,10,765,7650
201506172586343,LLBS,26,29,10,763,7630
201506172586293,LLBS,46,46,32,777,24864
201506172586566,LUBL,1,34,240,340,81600
201506172586447,LUBL,43,36,26,338,8788
201506172586564,MBBL,25,25,84,190,15960
201506172586494,MBL,49,49,866,554,479764
201506172586470,MBL,13,48,200,560,112000
201506172586468,MBL,13,34,244,560,136640
201506172586467,MBL,13,22,100,559,55900
201506172586463,MBL,13,55,866,558,483228
201506172586462,MBL,13,29,135,557,75195
201506172586585,MDBL,32,5,46,225,10350
201506172586410,METRO,28,28,62,322,19964
201506172586630,MLBBL,32,48,10,900,9000
201506172586284,MLBBL,34,41,12,907,10884
201506172586645,MNBBL,14,14,1500,547,820500
201506172586622,MNBBL,17,14,100,548,54800
201506172586618,MNBBL,58,14,1000,545,545000
201506172586516,MNBBL,29,14,431,551,237481
201506172586492,NABIL,21,17,100,1900,190000
201506172586365,NABIL,57,45,100,1900,190000
201506172586687,NBB,45,20,22,503,11066
201506172586672,NBB,43,22,500,503,251500
201506172586545,NBB,48,1,150,502,75300
201506172586541,NBB,54,5,623,500,311500
201506172586338,NBB,54,49,630,500,315000
201506172586334,NBB,54,49,850,500,425000
201506172586532,NBB,10,5,500,500,250000
201506172586523,NBB,43,5,190,501,95190
201506172586514,NBB,59,36,847,500,423500
201506172586507,NBB,25,45,15,506,7590
201506172586436,NBB,17,5,100,505,50500
201506172586688,NBF1,48,8,4575,13,60619
201506172586493,NBL,36,5,1000,284,284000
201506172586406,NBL,13,33,500,285,142500
201506172586323,NBL,14,38,10,289,2890
201506172586310,NBL,38,11,200,285,57000
201506172586287,NBL,17,17,30,284,8520
201506172586357,NCCB,36,36,50,580,29000
201506172586692,NHPC,49,43,1000,119,119000
201506172586644,NHPC,36,10,500,120,60000
201506172586381,NHPC,21,5,1000,121,121000
201506172586581,NIB,49,21,35,703,24605
201506172586620,NIBPO,22,32,200,510,102000
201506172586421,NIBPO,42,42,4900,511,2503900
201506172586420,NIBPO,42,53,100,511,51100
201506172586575,NIBSF1,21,52,2000,10,19400
201506172586573,NIBSF1,21,21,500,10,4850
201506172586569,NIBSF1,21,21,500,10,4850
201506172586603,NICA,7,45,25,622,15550
201506172586448,NICA,7,19,60,622,37320
201506172586441,NICA,7,5,183,621,113643
201506172586394,NIL,20,14,120,425,51000
201506172586693,NLG,55,47,35,521,18235
201506172586434,NLG,19,29,30,522,15660
201506172586330,NLG,40,29,30,525,15750
201506172586309,NLG,10,33,200,532,106400
201506172586674,NLIC,7,44,20,2799,55980
201506172586670,NLIC,7,42,100,2781,278100
201506172586668,NLIC,7,17,50,2780,139000
201506172586627,NLIC,41,28,100,2775,277500
201506172586626,NLIC,1,28,100,2775,277500
201506172586321,NLIC,16,16,815,2790,2273850
201506172586285,NLIC,1,17,100,2800,280000
201506172586263,NLIC,17,17,10,2775,27750
201506172586404,NLICLP,49,40,20000,1000,20000000
201506172586401,NLICLP,49,40,3000,1020,3060000
201506172586580,NTC,3,11,200,619,123800
201506172586574,NTC,19,52,100,620,62000
201506172586362,NTC,41,41,100,619,61900
201506172586272,NTC,21,21,200,615,123000
201506172586405,NTC,3,52,100,620,62000
201506172586659,PCBL,7,21,222,459,101898
201506172586655,PCBL,7,40,49,458,22442
201506172586578,PCBL,7,33,500,455,227500
201506172586568,PCBL,7,21,189,456,86184
201506172586472,PCBL,7,39,53,459,24327
201506172586469,PCBL,10,46,11,451,4961
201506172586333,PCBL,44,26,50,450,22500
201506172586327,PCBL,44,44,26,450,11700
201506172586322,PCBL,44,26,96,450,43200
201506172586282,PCBL,59,44,26,455,11830
201506172586277,PCBL,45,45,32,463,14816
201506172586466,PCBL,7,32,638,460,293480
201506172586461,PCBL,7,39,27,459,12393
201506172586351,PCBL,7,42,137,460,63020
201506172586348,PCBL,7,44,24,455,10920
201506172586345,PCBL,7,44,26,455,11830
201506172586336,PCBL,39,44,77,448,34496
201506172586612,PLIC,59,59,211,1055,222605
201506172586634,PRDBL,43,55,50,151,7550
201506172586633,PRDBL,43,55,50,151,7550
201506172586588,PRDBL,39,55,55,152,8360
201506172586452,PRDBL,39,29,33,152,5016
201506172586353,PRDBL,39,29,33,153,5049
201506172586652,PRVU,19,8,100,327,32700
201506172586651,PRVU,7,8,400,327,130800
201506172586650,PRVU,19,8,150,327,49050
201506172586649,PRVU,39,8,100,327,32700
201506172586648,PRVU,11,8,50,328,16400
201506172586647,PRVU,48,8,40,328,13120
201506172586260,PRVU,25,25,25000,333,8325000
201506172586324,PRVU,29,11,301,329,99029
201506172586295,PRVU,21,21,844,329,277676
201506172586276,PRVU,49,49,2424,325,787800
201506172586271,PRVU,45,49,11,327,3597
201506172586262,PRVU,58,35,1000,331,331000
201506172586261,PRVU,58,44,166,333,55278
201506172586456,PRVU,43,8,30,330,9900
201506172586453,PRVU,7,11,121,330,39930
201506172586390,PRVU,7,5,106,329,34874
201506172586387,PRVU,43,29,10,330,3300
201506172586331,PRVU,43,43,36,334,12024
201506172586512,PRVU,7,17,11,328,3608
201506172586502,PRVU,42,17,11,328,3608
201506172586483,PRVU,48,17,11,328,3608
201506172586481,PRVU,50,8,200,329,65800
201506172586478,PRVU,49,17,11,328,3608
201506172586457,PRVU,17,8,200,329,65800
201506172586538,PRVU,6,8,20,329,6580
201506172586537,PRVU,6,8,20,329,6580
201506172586536,PRVU,6,8,20,329,6580
201506172586522,PRVU,28,32,500,326,163000
201506172586521,PRVU,48,17,11,328,3608
201506172586518,PRVU,28,32,500,326,163000
201506172586638,PRVU,7,13,625,327,204375
201506172586599,PRVU,10,45,97,327,31719
201506172586560,PRVU,19,19,973,324,315252
201506172586540,PRVU,6,8,20,329,6580
201506172586539,PRVU,6,8,20,329,6580
201506172586679,PURBL,58,47,30,323,9690
201506172586604,REDBL,43,43,212,203,43036
201506172586698,RHPC,54,40,11,425,4675
201506172586663,RHPC,54,7,12,425,5100
201506172586661,RHPC,21,7,12,425,5100
201506172586611,RHPC,16,42,52,430,22360
201506172586607,RHPC,16,42,11,430,4730
201506172586606,RHPC,16,42,36,430,15480
201506172586363,RHPC,50,29,12,430,5160
201506172586240,RHPC,1,1,11,427,4697
201506172586586,RHPC,54,29,12,425,5100
201506172586555,RHPC,14,21,11,426,4686
201506172586490,RHPC,50,6,52,430,22360
201506172586488,RHPC,50,32,11,426,4686
201506172586487,RHPC,50,32,11,426,4686
201506172586367,RHPC,50,29,12,426,5112
201506172586264,RMDC,32,32,13,635,8255
201506172586642,SADBL,41,45,200,310,62000
201506172586464,SADBL,41,21,500,314,157000
201506172586671,SANIMA,13,21,253,555,140415
201506172586669,SANIMA,13,33,398,554,220492
201506172586550,SANIMA,42,29,126,550,69300
201506172586643,SBI,13,43,219,895,196005
201506172586639,SBI,13,28,299,895,267605
201506172586632,SBI,11,11,101,890,89890
201506172586524,SBL,40,32,22,651,14322
201506172586519,SBL,29,32,22,651,14322
201506172586495,SBL,40,40,91,652,59332
201506172586416,SBL,48,26,338,650,219700
201506172586366,SBL,11,11,200,652,130400
201506172586662,SCB,34,34,200,1909,381800
201506172586583,SCB,50,3,100,1910,191000
201506172586680,SETI,17,45,25,193,4825
201506172586666,SETI,17,45,25,196,4900
201506172586274,SETI,32,32,22,200,4400
201506172586690,SEWA,56,16,29,284,8236
201506172586273,SEWA,36,26,20,289,5780
201506172586311,SFL,1,13,105,136,14280
201506172586691,SHBL,55,16,64,1257,80448
201506172586667,SHBL,55,38,100,1257,125700
201506172586664,SHBL,55,38,10,1235,12350
201506172586660,SHBL,55,38,10,1211,12110
201506172586658,SHBL,55,38,10,1188,11880
201506172586306,SHBL,38,54,10,1165,11650
201506172586576,SHPC,42,21,10,665,6650
201506172586572,SHPC,7,7,10,670,6700
201506172586561,SIL,46,32,13,535,6955
201506172586454,SIL,46,1,100,535,53500
201506172586359,SIL,26,44,100,541,54100
201506172586259,SIL,22,22,26,531,13806
201506172586525,SLBBL,51,26,100,1600,160000
201506172586528,SRBL,11,32,500,415,207500
201506172586527,SRBL,11,33,500,415,207500
201506172586641,SUPRME,57,56,500,154,77000
201506172586640,SUPRME,59,56,500,155,77500
201506172586609,SUPRME,52,57,21,157,3297
201506172586605,SUPRME,52,57,21,157,3297
201506172586602,SUPRME,52,57,21,157,3297
201506172586600,SUPRME,52,32,11,156,1716
201506172586418,SUPRME,32,45,20,155,3100
201506172586579,SWBBL,38,10,115,1583,182045
201506172586531,SWBBL,41,29,74,1585,117290
201506172586489,WDBL,32,29,13,296,3848
201506172586460,WDBL,25,29,13,293,3809
201506172586249,WDBL,58,58,26,291,7566
201506172586591,YETI,22,17,11,127,1397
201506172586559,YETI,6,6,40,128,5120
201506172586511,YETI,13,59,6000,130,780000
201506172586509,YETI,13,41,20,130,2600
201506172586499,YETI,13,49,35,130,4550
201506172586498,YETI,13,10,40,129,5160
201506172586281,YETI,59,10,60,128,7680
201506172586275,YETI,59,10,70,128,8960
201506172586270,YETI,59,17,60,129,7740
201506172586269,YETI,59,17,60,129,7740
201506172586391,YETI,13,21,50,126,6300
201506172586315,YETI,11,45,11,126,1386
201506172586308,YETI,59,45,41,128,5248
201506172586291,YETI,59,10,60,128,7680
201506172586288,YETI,59,10,70,128,8960
201506172586283,YETI,59,10,90,128,11520
201506172586425,YETI,49,34,1723,128,220544
201506172586424,YETI,49,45,30,127,3810
201506172586393,YETI,13,45,30,126,3780
201506172586392,YETI,13,21,50,126,6300
