contract,symbol,buyer,seller,qty,rate,amt
201503252529660,ACEDBL,58,13,269,254,68326
201503252530097,ADBL,14,35,40,470,18800
201503252529961,ADBL,39,34,40,464,18560
201503252529865,ADBL,40,58,91,464,42224
201503252529711,ADBL,40,34,40,464,18560
201503252529707,ADBL,40,34,40,464,18560
201503252529703,ADBL,40,34,50,464,23200
201503252529695,ADBL,40,34,50,464,23200
201503252530060,AHPC,16,11,1000,343,343000
201503252530024,AHPC,17,41,293,342,100206
201503252530023,AHPC,17,48,500,342,171000
201503252529700,AHPC,41,19,96,343,32928
201503252529893,AIC,47,52,190,367,69730
201503252529891,AIC,14,52,200,368,73600
201503252530051,ALICL,45,19,80,1230,98400
201503252530017,ALICL,45,49,29,1225,35525
201503252530071,ARDBL,5,46,180,210,37800
201503252530087,BLDBL,19,43,100,324,32400
201503252530022,BLDBL,39,32,24,327,7848
201503252529841,BUDBL,17,22,500,205,102500
201503252529960,CBBL,57,55,175,1560,273000
201503252529845,CBBL,57,59,189,1550,292950
201503252529691,CBBL,39,59,162,1546,250452
201503252529618,CBBL,57,53,100,1555,155500
201503252530093,CBL,34,54,900,282,253800
201503252530055,CBL,25,1,100,283,28300
201503252530054,CBL,51,1,200,283,56600
201503252530018,CBL,13,16,754,282,212628
201503252529924,CBL,40,33,500,283,141500
201503252529692,CBL,11,1,30,285,8550
201503252529677,CBL,59,14,102,285,29070
201503252529671,CBL,17,14,89,285,25365
201503252529665,CBL,40,50,530,284,150520
201503252529664,CBL,42,14,68,285,19380
201503252529870,CBL,22,1,219,284,62196
201503252529869,CBL,48,54,1000,282,282000
201503252529831,CBL,59,44,81,283,22923
201503252529694,CBL,17,1,50,285,14250
201503252529693,CBL,11,1,30,285,8550
201503252529955,CCBL,57,56,200,308,61600
201503252529954,CCBL,28,56,460,308,141680
201503252529953,CCBL,17,56,100,309,30900
201503252529852,CCBL,33,56,150,310,46500
201503252529630,CCBL,47,25,40,310,12400
201503252529621,CCBL,47,6,160,310,49600
201503252529602,CCBL,49,6,50,310,15500
201503252529837,CCBL,25,25,40,310,12400
201503252529834,CCBL,25,25,40,310,12400
201503252529821,CCBL,32,44,153,309,47277
201503252529731,CCBL,32,32,34,311,10574
201503252529729,CCBL,32,32,40,311,12440
201503252529675,CCBL,57,1,200,310,62000
201503252529856,CDBL,32,16,11,335,3685
201503252529854,CDBL,32,16,11,335,3685
201503252530026,CHCL,42,26,28,1594,44632
201503252529967,CHCL,52,54,180,1580,284400
201503252529951,CHCL,45,54,200,1580,316000
201503252529950,CHCL,6,54,20,1580,31600
201503252529949,CHCL,47,54,100,1584,158400
201503252529948,CHCL,32,54,230,1585,364550
201503252529635,CHCL,53,22,80,1592,127360
201503252529620,CHCL,52,5,15,1592,23880
201503252529612,CHCL,53,5,18,1593,28674
201503252529605,CHCL,51,5,18,1591,28638
201503252529604,CHCL,8,25,491,1589,780199
201503252529941,CHCL,19,54,10,1595,15950
201503252529889,CHCL,52,29,36,1592,57312
201503252529811,CHCL,37,6,120,1591,190920
201503252529755,CHCL,43,6,126,1589,200214
201503252529726,CHCL,43,25,378,1589,600642
201503252529678,CHCL,19,58,70,1592,111440
201503252529947,CHCL,19,54,50,1588,79400
201503252529946,CHCL,7,54,30,1588,47640
201503252529945,CHCL,6,54,30,1590,47700
201503252529944,CHCL,1,54,100,1591,159100
201503252529943,CHCL,51,54,30,1592,47760
201503252529942,CHCL,53,54,20,1592,31840
201503252530090,CNDBL,1,32,20,180,3600
201503252530089,CNDBL,1,47,360,180,64800
201503252530088,CNDBL,1,21,320,180,57600
201503252529830,CNDBL,14,14,20,183,3660
201503252529829,CNDBL,14,14,20,183,3660
201503252529828,CNDBL,14,14,20,183,3660
201503252529827,CNDBL,14,14,20,183,3660
201503252529826,CNDBL,14,14,20,183,3660
201503252529825,CNDBL,14,14,20,183,3660
201503252529824,CNDBL,14,14,20,183,3660
201503252529649,CNDBL,47,47,40,185,7400
201503252529614,CNDBL,47,37,20,184,3680
201503252530070,CSDBL,49,21,71,384,27264
201503252530027,CZBIL,57,57,143,446,63778
201503252529790,CZBIL,36,40,200,446,89200
201503252529662,CZBIL,8,26,500,445,222500
201503252530012,DDBL,22,53,24,1192,28608
201503252529999,DDBL,10,51,200,1185,237000
201503252529937,EBL,54,5,206,2083,429098
201503252529820,EBL,50,22,73,2083,152059
201503252529673,EBL,49,49,363,2075,753225
201503252529642,EBL,8,48,89,2080,185120
201503252529956,EKBL,42,1,33,283,9339
201503252529767,FMDBL,7,36,100,657,65700
201503252529764,FMDBL,16,22,99,660,65340
201503252529760,FMDBL,16,22,200,660,132000
201503252530079,GBIME,19,32,151,448,67648
201503252529816,GBIME,39,44,36,447,16092
201503252529804,GBIME,32,8,72,447,32184
201503252529799,GBIME,43,8,500,446,223000
201503252529785,GBIME,14,8,35,447,15645
201503252529781,GBIME,14,8,190,447,84930
201503252529633,GBIME,45,50,25,450,11250
201503252529607,GBIME,19,40,18,449,8082
201503252529774,GBIME,10,8,200,449,89800
201503252529773,GBIME,35,8,60,450,27000
201503252529745,GBIME,35,32,91,450,40950
201503252529725,GBIME,19,8,109,450,49050
201503252529713,GBIME,45,8,249,450,112050
201503252529688,GBIME,35,35,45,450,20250
201503252529780,GBIME,56,8,300,448,134400
201503252529779,GBIME,56,8,200,448,89600
201503252529778,GBIME,25,8,200,448,89600
201503252529777,GBIME,47,8,150,448,67200
201503252529776,GBIME,19,8,100,448,44800
201503252529775,GBIME,32,8,100,448,44800
201503252529818,GDBL,43,17,1000,318,318000
201503252529815,GDBL,13,17,110,320,35200
201503252529814,GDBL,10,17,400,320,128000
201503252529709,GDBL,42,17,1792,320,573440
201503252530080,GLICL,36,54,420,522,219240
201503252529919,GLICL,16,28,125,520,65000
201503252529917,GLICL,16,28,125,520,65000
201503252529898,GLICL,22,35,95,520,49400
201503252529696,HBDL,29,10,2000,112,224000
201503252529822,HBDL,41,22,169,113,19097
201503252530058,HBL,7,37,78,858,66924
201503252529848,HBL,7,44,200,860,172000
201503252529809,HBL,7,28,45,858,38610
201503252530075,HDL,16,17,10,710,7100
201503252529795,ICFC,28,17,201,275,55275
201503252529625,INDB,29,16,104,398,41392
201503252529863,JBBL,5,38,230,190,43700
201503252529862,JBBL,5,38,500,190,95000
201503252529861,JBBL,42,38,100,190,19000
201503252529860,JBBL,42,38,100,190,19000
201503252529859,JBBL,42,38,100,190,19000
201503252529855,JBBL,43,38,100,191,19100
201503252529749,JBBL,5,38,10,190,1900
201503252529746,JBBL,5,38,10,190,1900
201503252529743,JBBL,5,38,10,190,1900
201503252529738,JBBL,5,38,10,190,1900
201503252529727,JBBL,29,38,32,191,6112
201503252529717,JBBL,29,38,10,191,1910
201503252529844,JBBL,5,38,150,192,28800
201503252529759,JBBL,42,51,32,190,6080
201503252529758,JBBL,42,38,10,190,1900
201503252529757,JBBL,43,51,32,190,6080
201503252529756,JBBL,5,51,32,190,6080
201503252529754,JBBL,5,38,10,190,1900
201503252530098,JBNL,57,49,38,270,10260
201503252530094,JBNL,43,49,38,270,10260
201503252529899,JBNL,16,32,38,273,10374
201503252529813,JBNL,25,50,640,269,172160
201503252529793,JBNL,22,59,271,269,72899
201503252530047,JFL,8,28,515,366,188490
201503252529890,KBBL,43,13,310,370,114700
201503252530077,KBL,32,36,86,376,32336
201503252530069,KBL,29,22,135,377,50895
201503252529679,KBL,32,48,200,376,75200
201503252529651,KBL,26,28,522,375,195750
201503252529615,KBL,29,6,20,375,7500
201503252530042,KCDBL,22,22,17,239,4063
201503252529690,KCDBL,22,33,17,235,3995
201503252529666,KCDBL,22,33,17,235,3995
201503252529646,KCDBL,22,33,17,235,3995
201503252530028,KDBL,59,45,21,158,3318
201503252529938,KDBL,28,45,21,157,3297
201503252529905,KDBL,53,45,21,160,3360
201503252529897,KDBL,28,45,21,160,3360
201503252529864,KDBL,59,45,21,160,3360
201503252529687,KDBL,53,34,57,159,9063
201503252530053,KKBL,38,37,112,397,44464
201503252529970,KKBL,38,7,50,396,19800
201503252530052,KMCDB,25,17,10,1070,10700
201503252530001,KMCDB,33,26,266,1071,284886
201503252529912,KMCDB,33,22,100,1071,107100
201503252529833,KMCDB,16,26,299,1072,320528
201503252529715,KMCDB,33,26,272,1075,292400
201503252530076,LBL,6,14,300,539,161700
201503252529697,LBL,6,22,200,538,107600
201503252530065,LFLC,45,17,90,220,19800
201503252530036,LLBS,26,32,100,860,86000
201503252530009,LLBS,1,20,205,850,174250
201503252530003,LLBS,26,32,174,845,147030
201503252529849,LLBS,41,22,10,850,8500
201503252529742,LLBS,43,57,10,848,8480
201503252529732,LLBS,43,57,10,848,8480
201503252529658,LLBS,55,32,30,855,25650
201503252529628,LLBS,55,58,10,855,8550
201503252529627,LLBS,55,58,10,855,8550
201503252529983,LUBL,53,50,142,351,49842
201503252529982,LUBL,53,50,80,351,28080
201503252529975,LUBL,6,13,206,350,72100
201503252529682,LUBL,57,17,517,350,180950
201503252529669,LUBL,40,50,550,351,193050
201503252529668,LUBL,26,50,200,351,70200
201503252529667,LUBL,6,50,370,352,130240
201503252530099,MBBL,50,50,47,213,10011
201503252529714,MBBL,26,50,20,209,4180
201503252529634,MBBL,26,26,23,205,4715
201503252530031,MBL,6,50,500,550,275000
201503252530008,MBL,57,45,500,550,275000
201503252530007,MBL,57,34,500,550,275000
201503252530006,MBL,57,10,700,549,384300
201503252529907,MBL,59,50,500,545,272500
201503252529906,MBL,58,50,1000,545,545000
201503252529753,MBL,46,22,107,550,58850
201503252529736,MBL,49,45,1000,549,549000
201503252529716,MBL,46,45,177,550,97350
201503252529670,MBL,59,10,500,550,275000
201503252529880,MBL,42,50,300,550,165000
201503252529879,MBL,26,50,150,550,82500
201503252529878,MBL,53,50,300,550,165000
201503252529877,MBL,7,50,100,550,55000
201503252529876,MBL,47,50,100,551,55100
201503252529874,MBL,7,33,409,548,224132
201503252529886,MBL,53,50,1000,547,547000
201503252529885,MBL,14,50,1200,548,657600
201503252529884,MBL,42,50,150,548,82200
201503252529883,MBL,46,50,200,549,109800
201503252529882,MBL,46,50,200,549,109800
201503252529881,MBL,21,50,200,550,110000
201503252529842,MDB,16,14,200,499,99800
201503252529838,MDB,16,40,316,498,157368
201503252529836,MDB,16,11,14,499,6986
201503252529835,MDB,16,11,57,495,28215
201503252530044,MDBL,38,57,694,221,153374
201503252530038,MDBL,38,29,1000,220,220000
201503252530011,MDBL,39,6,510,220,112200
201503252529875,METRO,45,22,35,343,12005
201503252529817,METRO,45,28,140,343,48020
201503252530035,MLBBL,14,1,12,953,11436
201503252529988,MLBBL,14,1,12,972,11664
201503252529636,MNBBL,29,11,60,570,34200
201503252529654,MTBL,5,16,194,380,73720
201503252530073,NABIL,3,25,50,1887,94350
201503252530066,NABIL,3,25,98,1886,184828
201503252530059,NABIL,3,28,82,1880,154160
201503252530040,NABIL,25,6,153,1870,286110
201503252529772,NABIL,57,49,20,1870,37400
201503252529771,NABIL,53,49,100,1875,187500
201503252529770,NABIL,22,49,10,1876,18760
201503252529769,NABIL,19,49,50,1876,93800
201503252529768,NABIL,29,49,20,1877,37540
201503252529623,NABIL,22,22,329,1865,613585
201503252530095,NABILP,52,38,180,1317,237060
201503252529986,NABILP,52,38,100,1320,132000
201503252529806,NABILP,46,38,200,1322,264400
201503252529805,NABILP,46,38,200,1322,264400
201503252529762,NABILP,46,38,40,1326,53040
201503252529752,NABILP,46,38,100,1325,132500
201503252529751,NABILP,46,38,100,1326,132600
201503252529750,NABILP,46,38,60,1330,79800
201503252529739,NABILP,17,17,1000,1320,1320000
201503252529702,NABILP,46,7,106,1330,140980
201503252530063,NBB,29,51,100,499,49900
201503252529723,NBB,52,51,100,499,49900
201503252529740,NBB,52,51,100,499,49900
201503252529981,NBB,52,10,75,496,37200
201503252529933,NBF1,29,47,599,13,8027
201503252529730,NBF1,21,10,2997,13,39890
201503252530091,NBL,33,19,100,311,31100
201503252530000,NBL,17,45,500,310,155000
201503252529851,NBL,56,40,400,310,124000
201503252529744,NBL,3,40,100,312,31200
201503252529735,NBL,13,40,500,309,154500
201503252529672,NBL,14,59,352,310,109120
201503252530078,NCCB,56,22,315,583,183645
201503252530013,NGBL,29,10,20,275,5500
201503252529987,NGBL,39,10,60,280,16800
201503252529873,NGBL,29,10,20,285,5700
201503252529787,NGBL,19,26,98,290,28420
201503252530062,NHPC,5,48,1000,125,125000
201503252530025,NHPC,26,54,1500,124,186000
201503252529993,NHPC,26,48,1000,125,125000
201503252529922,NHPC,59,29,1000,126,126000
201503252529894,NHPC,26,29,1000,125,125000
201503252529892,NHPC,26,48,1000,126,126000
201503252529684,NHPC,5,25,1000,125,125000
201503252529603,NHPC,5,33,1000,125,125000
201503252530081,NIB,7,43,300,707,212100
201503252529784,NIB,25,25,309,701,216609
201503252529990,NIBPO,26,14,600,491,294600
201503252529935,NIBPO,29,49,1000,490,490000
201503252529832,NIBPO,8,54,1000,490,490000
201503252529802,NIBPO,6,54,1000,490,490000
201503252529801,NIBPO,6,49,1000,490,490000
201503252529686,NIBPO,8,49,1000,490,490000
201503252529974,NIBSF1,19,39,500,10,5050
201503252529973,NIBSF1,19,39,500,10,5050
201503252529972,NIBSF1,19,39,500,10,5050
201503252529971,NIBSF1,19,39,500,10,5050
201503252530056,NICA,19,40,80,645,51600
201503252530015,NICA,3,44,50,650,32500
201503252530014,NICA,3,44,200,649,129800
201503252530002,NICA,3,16,192,648,124416
201503252529952,NICA,53,54,388,641,248708
201503252529853,NICA,7,32,20,654,13080
201503252529789,NICA,3,16,420,646,271320
201503252529782,NICA,3,39,329,645,212205
201503252529689,NICA,58,40,80,642,51360
201503252529683,NICA,21,40,80,642,51360
201503252529663,NICA,19,49,200,645,129000
201503252529733,NLG,26,26,380,640,243200
201503252529705,NLG,47,26,100,640,64000
201503252529704,NLG,41,26,300,641,192300
201503252530010,NLIC,17,17,500,4545,2272500
201503252529940,NLIC,17,17,100,4550,455000
201503252529918,NLIC,26,21,40,4549,181960
201503252529706,NLIC,17,22,43,4525,194575
201503252529659,NLIC,16,26,300,4500,1350000
201503252529847,NLICP,59,17,500,2328,1164000
201503252530068,NTC,5,51,100,649,64900
201503252530067,NTC,5,51,100,649,64900
201503252530037,NTC,3,51,100,649,64900
201503252530032,NTC,3,47,150,648,97200
201503252530005,NTC,43,17,100,647,64700
201503252529657,NTC,5,14,100,644,64400
201503252529653,NTC,7,14,100,645,64500
201503252529645,NTC,29,14,100,647,64700
201503252529850,NTC,3,14,100,646,64600
201503252529846,NTC,3,49,250,645,161250
201503252529800,NTC,13,11,200,644,128800
201503252529792,NTC,43,21,810,645,522450
201503252529734,NTC,53,3,50,648,32400
201503252529934,NTC,13,19,250,646,161500
201503252529921,NTC,46,57,100,647,64700
201503252529909,NTC,46,29,380,647,245860
201503252529904,NTC,46,7,100,647,64700
201503252529887,NTC,46,35,110,647,71170
201503252529871,NTC,46,14,100,647,64700
201503252530004,NTC,43,8,500,647,323500
201503252529978,NTC,13,19,100,646,64600
201503252529966,NTC,13,57,160,646,103360
201503252529963,NTC,13,57,100,646,64600
201503252529962,NTC,13,57,110,646,71060
201503252529637,OHL,14,10,370,715,264550
201503252529995,PCBL,25,53,500,429,214500
201503252529991,PCBL,29,36,42,430,18060
201503252529857,PCBL,17,58,80,430,34400
201503252529681,PCBL,14,53,500,430,215000
201503252530085,PIC,45,22,50,515,25750
201503252529968,PLIC,28,43,37,1110,41070
201503252529923,PLIC,49,33,289,1105,319345
201503252529908,PLIC,41,43,30,1105,33150
201503252529656,PLIC,19,36,92,1106,101752
201503252529648,PLIC,44,33,576,1100,633600
201503252530061,PRVU,28,19,1000,329,329000
201503252529858,PRVU,26,17,111,330,36630
201503252529839,PRVU,10,56,1150,325,373750
201503252529810,PRVU,25,25,1070,325,347750
201503252529761,PRVU,26,57,23,330,7590
201503252530074,PURBL,5,44,327,397,129819
201503252530072,PURBL,11,6,32,393,12576
201503252529600,RBS,52,52,10,5880,58800
201503252530033,REDBL,5,44,17,227,3859
201503252530030,REDBL,5,44,17,227,3859
201503252529965,REDBL,5,58,200,225,45000
201503252529617,REDBL,5,1,38,225,8550
201503252529613,REDBL,5,58,200,223,44600
201503252529601,REDBL,5,58,200,223,44600
201503252529936,SADBL,17,56,100,406,40600
201503252529916,SADBL,6,17,200,405,81000
201503252529747,SADBL,26,17,110,406,44660
201503252529728,SADBL,5,55,20,409,8180
201503252529998,SANIMA,17,42,500,550,275000
201503252529997,SANIMA,17,8,10,550,5500
201503252529996,SANIMA,17,6,200,549,109800
201503252529980,SANIMA,21,47,66,546,36036
201503252529719,SANIMA,19,28,17,546,9282
201503252529927,SBBLJ,50,59,500,400,200000
201503252529741,SBI,43,26,500,909,454500
201503252529674,SBI,54,16,295,906,267270
201503252530046,SBL,59,50,50,660,33000
201503252529931,SBL,59,50,100,655,65500
201503252529930,SBL,11,50,350,655,229250
201503252529929,SBL,43,50,400,656,262400
201503252529928,SBL,17,50,100,656,65600
201503252529843,SBL,43,1,309,656,202704
201503252529823,SBL,11,44,100,655,65500
201503252529797,SBL,55,1,250,656,164000
201503252529796,SBL,36,1,50,657,32850
201503252530048,SCB,54,25,121,1920,232320
201503252529640,SCB,53,36,238,1920,456960
201503252529808,SCB,57,25,119,1925,229075
201503252529791,SCB,57,5,38,1922,73036
201503252529994,SDBL,5,21,200,222,44400
201503252529765,SDBL,26,40,645,221,142545
201503252529622,SEWA,43,58,46,285,13110
201503252530064,SFL,26,10,250,153,38250
201503252530057,SHBL,29,45,64,1415,90560
201503252529958,SHBL,3,33,64,1413,90432
201503252529925,SHBL,41,45,20,1411,28220
201503252529915,SHBL,26,50,100,1412,141200
201503252529914,SHBL,14,50,50,1413,70650
201503252529632,SHBL,51,1,13,1417,18421
201503252529626,SHBL,32,1,13,1418,18434
201503252529609,SHBL,35,50,50,1420,71000
201503252529724,SHBL,51,45,10,1418,14180
201503252529722,SHBL,51,45,10,1418,14180
201503252529721,SHBL,51,45,10,1418,14180
201503252529718,SHBL,51,45,10,1418,14180
201503252529701,SHBL,16,33,50,1419,70950
201503252529641,SHBL,32,1,13,1417,18421
201503252529786,SHBL,32,33,50,1416,70800
201503252529766,SHBL,32,33,90,1416,127440
201503252529763,SHBL,32,33,30,1417,42510
201503252529748,SHBL,51,26,10,1418,14180
201503252529737,SHBL,7,17,100,1416,141600
201503252529913,SHBL,55,50,10,1414,14140
201503252529868,SHBL,52,33,64,1418,90752
201503252529840,SHBL,55,21,10,1414,14140
201503252529812,SHBL,45,33,32,1415,45280
201503252529807,SHBL,16,33,84,1415,118860
201503252529798,SHBL,32,33,36,1416,50976
201503252530039,SHPC,13,37,12,730,8760
201503252530029,SHPC,19,7,87,731,63597
201503252529959,SHPC,10,37,12,731,8772
201503252529803,SHPC,41,38,18,728,13104
201503252529794,SHPC,19,38,18,729,13122
201503252529788,SHPC,13,38,18,729,13122
201503252529608,SHPC,39,59,13,733,9529
201503252529606,SHPC,29,59,13,730,9490
201503252529783,SHPC,19,38,18,730,13140
201503252529638,SHPC,57,59,13,728,9464
201503252529629,SHPC,29,59,13,729,9477
201503252529624,SHPC,43,59,13,730,9490
201503252529619,SHPC,29,59,13,729,9477
201503252529616,SHPC,29,59,13,730,9490
201503252529720,SIC,53,11,200,1059,211800
201503252529710,SINDU,20,38,500,231,115500
201503252529984,SKBBL,21,37,76,1490,113240
201503252529708,SKBBL,17,37,16,1490,23840
201503252530019,SLICL,22,5,52,600,31200
201503252529932,SLICL,25,5,57,603,34371
201503252529911,SLICL,44,5,142,605,85910
201503252529910,SLICL,44,5,200,605,121000
201503252529655,SLICL,47,5,84,611,51324
201503252529650,SLICL,47,5,30,611,18330
201503252529644,SLICL,47,5,70,611,42770
201503252529872,SLICL,44,5,120,605,72600
201503252529867,SLICL,44,5,400,605,242000
201503252530096,SMFDB,26,21,165,1515,249975
201503252529903,SMFDB,14,38,300,1490,447000
201503252529902,SMFDB,42,38,200,1491,298200
201503252529901,SMFDB,26,38,200,1492,298400
201503252529900,SMFDB,50,38,100,1500,150000
201503252529896,SMFDB,50,38,100,1520,152000
201503252529895,SMFDB,16,38,100,1522,152200
201503252529699,SMFDB,50,21,69,1534,105846
201503252530016,SRBL,6,44,651,389,253239
201503252530092,SUPRME,28,20,10,159,1590
201503252530083,SUPRME,10,20,500,160,80000
201503252530082,SUPRME,28,20,1000,160,160000
201503252530045,SUPRME,25,20,400,161,64400
201503252530034,SUPRME,28,20,10,159,1590
201503252530021,SUPRME,57,20,1300,160,208000
201503252529920,SUPRME,21,14,37,161,5957
201503252529712,SUPRME,51,20,195,162,31590
201503252529639,SUPRME,42,41,500,164,82000
201503252529631,SUPRME,42,43,11,163,1793
201503252530020,SUPRME,22,20,300,161,48300
201503252529992,SUPRME,22,14,118,161,18998
201503252529979,SUPRME,54,14,37,160,5920
201503252529977,SUPRME,26,14,37,160,5920
201503252529976,SUPRME,39,14,37,160,5920
201503252529926,SUPRME,57,20,1000,161,161000
201503252530084,SWBBL,49,22,78,1629,127062
201503252530050,SWBBL,29,17,10,1632,16320
201503252530043,SWBBL,29,29,12,1632,19584
201503252530041,UIC,8,16,140,962,134680
201503252529989,UIC,14,16,15,970,14550
201503252529964,UIC,16,58,314,955,299870
201503252529939,UIC,39,58,100,965,96500
201503252529866,UIC,14,16,29,970,28130
201503252529680,UIC,57,46,500,961,480500
201503252530049,VBBL,35,4,700,158,110600
201503252529888,VBBL,57,32,1000,159,159000
201503252529676,VBBL,51,49,160,158,25280
201503252529661,VBBL,5,54,850,158,134300
201503252529698,YETI,58,5,11,134,1474
201503252529685,YETI,56,26,31,136,4216
201503252529611,YETI,35,6,132,137,18084
201503252529610,YETI,35,55,230,137,31510
201503252529123,ACEDBL,53,14,200,251,50200
201503252529457,ADBL,14,49,260,465,120900
201503252529319,ADBL,45,16,61,461,28121
201503252529224,ADBL,29,48,40,460,18400
201503252529175,ADBL,36,11,40,459,18360
201503252529510,AHPC,1,22,420,342,143640
201503252529197,AHPC,7,19,70,342,23940
201503252529189,AHPC,41,49,100,340,34000
201503252529179,AHPC,25,35,90,340,30600
201503252529164,AHPC,7,26,254,340,86360
201503252529299,ALICL,11,19,100,1230,123000
201503252529173,ALICL,39,43,32,1230,39360
201503252529494,APEX,38,47,172,138,23736
201503252529471,APEX,35,38,2000,137,274000
201503252529449,APEX,14,49,60,136,8160
201503252529446,APEX,17,49,60,136,8160
201503252529288,APEX,14,41,713,137,97681
201503252529543,ARDBL,47,46,20,210,4200
201503252529534,ARDBL,47,46,100,210,21000
201503252529426,ARDBL,47,6,80,210,16800
201503252529374,ARDBL,47,6,52,210,10920
201503252529470,BLDBL,20,16,920,321,295320
201503252529439,BLDBL,20,16,400,321,128400
201503252529181,BLDBL,20,14,337,327,110199
201503252529107,BLDBL,20,11,70,327,22890
201503252529185,BPCL,43,56,500,590,295000
201503252529160,BPCL,7,29,35,590,20650
201503252529450,BUDBL,21,52,126,206,25956
201503252529512,CBBL,7,29,98,1550,151900
201503252529116,CBBL,6,53,60,1552,93120
201503252529115,CBBL,6,53,50,1554,77700
201503252529114,CBBL,13,53,40,1555,62200
201503252529113,CBBL,39,53,10,1560,15600
201503252529435,CBL,13,33,316,282,89112
201503252529381,CBL,29,54,1000,283,283000
201503252529353,CBL,16,16,500,282,141000
201503252529350,CBL,16,16,500,282,141000
201503252529277,CBL,8,26,130,284,36920
201503252529276,CBL,8,26,130,284,36920
201503252529420,CCBL,28,33,40,308,12320
201503252529386,CCBL,16,1,500,309,154500
201503252529385,CCBL,17,1,300,309,92700
201503252529318,CCBL,6,1,500,310,155000
201503252529317,CCBL,50,1,100,310,31000
201503252529316,CCBL,51,1,480,310,148800
201503252529315,CCBL,32,1,100,311,31100
201503252529188,CDBL,6,39,108,338,36504
201503252529187,CDBL,44,49,61,337,20557
201503252529269,CHCL,25,25,200,1590,318000
201503252529206,CHCL,19,39,43,1590,68370
201503252529184,CHCL,7,39,43,1589,68327
201503252529172,CHCL,49,48,87,1588,138156
201503252529428,CNDBL,47,38,200,181,36200
201503252529493,CZBIL,26,20,30,445,13350
201503252529476,CZBIL,49,14,167,446,74482
201503252529312,CZBIL,1,16,78,445,34710
201503252529281,CZBIL,38,26,192,446,85632
201503252529274,CZBIL,38,26,500,446,223000
201503252529273,CZBIL,38,22,200,446,89200
201503252529218,CZBIL,38,26,300,446,133800
201503252529205,CZBIL,25,58,24,447,10728
201503252529203,CZBIL,21,16,485,445,215825
201503252529199,CZBIL,38,36,589,445,262105
201503252529190,CZBIL,38,41,340,445,151300
201503252529335,EBL,53,57,100,2078,207800
201503252529219,EBL,53,48,200,2075,415000
201503252529180,EBL,8,36,129,2084,268836
201503252529178,EBL,8,17,61,2083,127063
201503252529466,EKBL,52,29,14,281,3934
201503252529463,EKBL,52,29,14,281,3934
201503252529459,EKBL,52,29,14,281,3934
201503252529455,EKBL,52,29,14,281,3934
201503252529451,EKBL,52,29,14,281,3934
201503252529445,EKBL,52,29,14,281,3934
201503252529255,EKBL,17,1,33,281,9273
201503252529431,GBBL,37,41,250,320,80000
201503252529311,GBBL,55,41,128,320,40960
201503252529287,GBBL,55,46,52,319,16588
201503252529282,GBBL,47,47,104,320,33280
201503252529228,GBBL,32,47,100,320,32000
201503252529497,GBIME,34,40,18,448,8064
201503252529486,GBIME,19,33,69,449,30981
201503252529485,GBIME,50,28,500,448,224000
201503252529454,GBIME,29,44,10,449,4490
201503252529430,GBIME,19,44,149,449,66901
201503252529427,GBIME,32,50,25,450,11250
201503252529425,GBIME,19,50,31,450,13950
201503252529220,GBIME,5,7,163,453,73839
201503252529193,GBIME,19,35,44,449,19756
201503252529473,GDBL,16,17,710,324,230040
201503252529305,GFCL,21,21,200,226,45200
201503252529296,GFCL,21,11,165,226,37290
201503252529294,GFCL,47,51,200,222,44400
201503252529283,GFCL,16,51,498,222,110556
201503252529332,HAMA,8,59,40,154,6160
201503252529127,HBDL,29,50,1000,113,113000
201503252529580,HBL,7,39,223,858,191334
201503252529229,HBL,11,44,100,860,86000
201503252529429,HDL,59,21,100,706,70600
201503252529293,HDL,16,16,70,700,49000
201503252529292,HDL,16,16,220,700,154000
201503252529146,HDL,25,34,10,711,7110
201503252529145,HDL,25,16,200,710,142000
201503252529144,HDL,25,17,10,710,7100
201503252529143,HDL,25,34,10,710,7100
201503252529125,HDL,58,38,110,708,77880
201503252529396,IDBL,50,39,198,181,35838
201503252529100,INDB,16,16,10,391,3910
201503252529404,JBBL,5,49,340,193,65620
201503252529365,JBBL,5,16,210,190,39900
201503252529152,JBBL,42,51,32,193,6176
201503252529150,JBBL,42,51,32,193,6176
201503252529147,JBBL,42,51,32,193,6176
201503252529128,JBBL,42,51,32,193,6176
201503252529563,JBNL,38,14,662,269,178078
201503252529533,JBNL,5,48,195,270,52650
201503252529498,JBNL,52,48,157,270,42390
201503252529411,JBNL,57,26,442,268,118456
201503252529346,JBNL,43,26,20,270,5400
201503252529344,JBNL,43,26,20,270,5400
201503252529342,JBNL,43,26,20,270,5400
201503252529340,JBNL,43,26,20,270,5400
201503252529338,JBNL,43,26,20,270,5400
201503252529336,JBNL,43,26,20,270,5400
201503252529541,JEFL,1,45,470,149,70030
201503252529120,JEFL,58,32,500,151,75500
201503252529231,KBBL,21,32,200,363,72600
201503252529403,KBL,37,28,500,375,187500
201503252529201,KBL,32,48,384,377,144768
201503252529191,KBL,21,21,200,377,75400
201503252529165,KBL,6,55,250,376,94000
201503252529159,KBL,46,36,100,377,37700
201503252529158,KBL,38,36,300,377,113100
201503252529157,KBL,39,36,250,377,94250
201503252529156,KBL,6,36,300,377,113100
201503252529597,KCDBL,22,40,17,236,4012
201503252529596,KCDBL,22,43,17,234,3978
201503252529595,KCDBL,26,16,17,230,3910
201503252529594,KCDBL,26,16,17,230,3910
201503252529593,KCDBL,26,16,17,230,3910
201503252529592,KCDBL,22,16,17,230,3910
201503252529118,KCDBL,47,16,17,230,3910
201503252529516,KCDBL,36,16,17,230,3910
201503252529515,KCDBL,36,16,17,230,3910
201503252529514,KCDBL,36,16,17,230,3910
201503252529513,KCDBL,36,16,17,230,3910
201503252529491,KCDBL,26,16,10,228,2280
201503252529483,KCDBL,26,16,10,228,2280
201503252529527,KCDBL,22,16,17,230,3910
201503252529526,KCDBL,22,16,17,230,3910
201503252529520,KCDBL,36,16,17,230,3910
201503252529519,KCDBL,36,16,17,230,3910
201503252529518,KCDBL,36,16,17,230,3910
201503252529517,KCDBL,36,16,17,230,3910
201503252529542,KCDBL,22,16,17,230,3910
201503252529540,KCDBL,22,16,17,230,3910
201503252529538,KCDBL,22,16,17,230,3910
201503252529536,KCDBL,22,16,17,230,3910
201503252529532,KCDBL,22,16,17,230,3910
201503252529529,KCDBL,22,16,17,230,3910
201503252529550,KCDBL,22,16,17,230,3910
201503252529549,KCDBL,22,16,17,230,3910
201503252529548,KCDBL,22,16,17,230,3910
201503252529547,KCDBL,22,16,17,230,3910
201503252529545,KCDBL,22,16,17,230,3910
201503252529544,KCDBL,22,16,17,230,3910
201503252529556,KCDBL,26,16,17,230,3910
201503252529555,KCDBL,26,16,17,230,3910
201503252529554,KCDBL,26,16,17,230,3910
201503252529553,KCDBL,26,16,17,230,3910
201503252529552,KCDBL,26,16,17,230,3910
201503252529551,KCDBL,26,16,17,230,3910
201503252529564,KCDBL,22,16,17,230,3910
201503252529562,KCDBL,17,16,17,230,3910
201503252529561,KCDBL,26,16,17,230,3910
201503252529560,KCDBL,26,16,17,230,3910
201503252529559,KCDBL,22,16,17,230,3910
201503252529557,KCDBL,26,16,17,230,3910
201503252529570,KCDBL,26,16,17,230,3910
201503252529569,KCDBL,22,16,17,230,3910
201503252529568,KCDBL,26,16,17,230,3910
201503252529567,KCDBL,26,16,17,230,3910
201503252529566,KCDBL,26,16,17,230,3910
201503252529565,KCDBL,22,16,17,230,3910
201503252529577,KCDBL,26,16,17,230,3910
201503252529576,KCDBL,26,16,17,230,3910
201503252529575,KCDBL,26,16,17,230,3910
201503252529574,KCDBL,26,16,17,230,3910
201503252529573,KCDBL,26,16,17,230,3910
201503252529571,KCDBL,26,16,17,230,3910
201503252529584,KCDBL,36,16,17,230,3910
201503252529583,KCDBL,36,16,17,230,3910
201503252529582,KCDBL,36,16,17,230,3910
201503252529581,KCDBL,22,16,17,230,3910
201503252529579,KCDBL,22,16,17,230,3910
201503252529578,KCDBL,26,16,17,230,3910
201503252529591,KCDBL,26,16,17,230,3910
201503252529590,KCDBL,17,16,17,230,3910
201503252529588,KCDBL,36,16,17,230,3910
201503252529587,KCDBL,36,16,17,230,3910
201503252529586,KCDBL,36,16,17,230,3910
201503252529585,KCDBL,36,16,17,230,3910
201503252529407,KDBL,59,20,107,160,17120
201503252529453,KFL,41,32,366,161,58926
201503252529213,KFL,41,32,1000,160,160000
201503252529183,KFL,17,32,300,160,48000
201503252529167,KFL,17,32,200,160,32000
201503252529166,KFL,28,32,100,160,16000
201503252529163,KFL,58,28,512,160,81920
201503252529378,KMCDB,7,26,264,1060,279840
201503252529371,KMCDB,7,26,151,1060,160060
201503252529351,KMCDB,25,22,82,1061,87002
201503252529408,KRBL,57,32,110,267,29370
201503252529358,KRBL,57,32,100,263,26300
201503252529535,LBL,16,17,500,538,269000
201503252529531,LBL,22,17,500,538,269000
201503252529524,LBL,16,14,150,539,80850
201503252529508,LBL,11,14,60,545,32700
201503252529405,LBL,16,55,358,539,192962
201503252529349,LBL,48,14,119,540,64260
201503252529148,LBL,49,49,333,540,179820
201503252529419,LLBS,36,32,60,855,51300
201503252529406,LLBS,58,1,10,850,8500
201503252529389,LLBS,41,1,10,848,8480
201503252529384,LLBS,41,1,10,848,8480
201503252529376,LLBS,41,1,10,848,8480
201503252529280,LLBS,43,45,49,855,41895
201503252529270,LLBS,47,20,193,860,165980
201503252529239,LLBS,41,32,201,861,173061
201503252529468,LUBL,6,1,30,352,10560
201503252529448,LUBL,6,52,200,354,70800
201503252529469,MBBL,39,26,23,201,4623
201503252529298,MBBL,25,49,200,198,39600
201503252529523,MBL,53,45,886,550,487300
201503252529492,MBL,42,26,362,550,199100
201503252529235,MBL,59,1,200,553,110600
201503252529215,MBL,59,16,100,553,55300
201503252529211,MBL,46,22,188,550,103400
201503252529126,MBL,46,14,300,550,165000
201503252529256,MDB,38,11,40,490,19600
201503252529522,NABIL,52,36,140,1880,263200
201503252529456,NABIL,39,6,25,1885,47125
201503252529447,NABIL,38,26,173,1871,323683
201503252529214,NABIL,57,1,359,1870,671330
201503252529153,NABIL,21,25,40,1886,75440
201503252529598,NABILP,28,17,1000,1320,1320000
201503252529478,NABILP,17,17,500,1320,660000
201503252529474,NABILP,44,17,1000,1320,1320000
201503252529303,NABILP,3,21,200,1330,266000
201503252529207,NBB,5,41,100,502,50200
201503252529521,NBBL,1,26,50,1856,92800
201503252529364,NBBL,16,26,20,1892,37840
201503252529363,NBBL,1,26,50,1895,94750
201503252529401,NBL,47,52,500,309,154500
201503252529503,NBSL,42,55,163,356,58028
201503252529212,NCCB,11,48,500,590,295000
201503252529210,NCCB,6,36,500,592,296000
201503252529209,NCCB,11,36,150,595,89250
201503252529195,NCCB,6,36,250,596,149000
201503252529268,NCDB,59,26,10,346,3460
201503252529366,NCM,25,54,150,227,34050
201503252529475,NGBL,39,29,50,290,14500
201503252529422,NHPC,37,56,1000,125,125000
201503252529359,NHPC,33,14,500,126,63000
201503252529437,NIB,22,43,211,705,148755
201503252529434,NIB,22,32,284,703,199652
201503252529392,NIB,16,5,302,700,211400
201503252529379,NIB,51,5,200,702,140400
201503252529357,NIB,21,17,221,700,154700
201503252529290,NIB,22,21,423,702,296946
201503252529204,NIB,5,40,32,705,22560
201503252529169,NIB,44,39,30,704,21120
201503252529154,NIB,14,5,186,700,130200
201503252529482,NIBPO,49,49,100,490,49000
201503252529284,NIBPO,6,49,1000,490,490000
201503252529222,NIBPO,8,14,2000,490,980000
201503252529171,NIBPO,6,14,500,490,245000
201503252529112,NIBPO,49,49,200,490,98000
201503252529101,NIBPO,8,40,1000,490,490000
201503252529106,NIBSF1,11,39,500,10,5050
201503252529105,NICA,21,40,400,642,256800
201503252529104,NICA,41,40,200,643,128600
201503252529103,NICA,47,40,110,645,70950
201503252529102,NICA,5,40,100,646,64600
201503252529465,NLG,39,26,80,644,51520
201503252529460,NLG,39,40,70,644,45080
201503252529452,NLG,36,28,15,644,9660
201503252529444,NLG,36,26,40,639,25560
201503252529440,NLG,39,19,38,643,24434
201503252529438,NLG,28,26,500,636,318000
201503252529421,NLG,43,10,30,638,19140
201503252529413,NLG,44,10,30,637,19110
201503252529402,NLG,44,10,30,637,19110
201503252529248,NLG,26,28,15,644,9660
201503252529462,NLIC,44,21,72,4530,326160
201503252529441,NLIC,7,5,108,4550,491400
201503252529412,NLIC,57,26,300,4500,1350000
201503252529400,NLIC,17,32,100,4520,452000
201503252529398,NLIC,34,22,43,4510,193930
201503252529397,NLIC,57,45,100,4500,450000
201503252529300,NLIC,44,28,100,4500,450000
201503252529388,NLIC,17,45,400,4500,1800000
201503252529377,NLIC,57,39,68,4501,306068
201503252529334,NLIC,17,32,100,4500,450000
201503252529333,NLIC,17,26,100,4500,450000
201503252529302,NLIC,44,26,100,4500,450000
201503252529301,NLIC,44,26,100,4500,450000
201503252529390,NLICL,33,33,735,2250,1653750
201503252529237,NLICL,54,45,200,2275,455000
201503252529236,NLICL,54,33,100,2270,227000
201503252529155,NNFC,45,41,500,277,138500
201503252529304,NNLB,39,21,10,1001,10010
201503252529558,NTC,29,49,100,647,64700
201503252529387,NTC,17,11,200,648,129600
201503252529327,NTC,53,51,100,648,64800
201503252529326,NTC,53,11,150,648,97200
201503252529325,NTC,53,48,110,648,71280
201503252529314,NTC,53,21,200,647,129400
201503252529313,NTC,53,43,110,646,71060
201503252529307,NTC,53,43,110,646,71060
201503252529306,NTC,53,43,110,646,71060
201503252529142,NTC,53,7,230,647,148810
201503252529117,NTC,45,6,50,646,32300
201503252529509,OHL,35,33,500,710,355000
201503252529505,OHL,14,52,100,710,71000
201503252529530,PCBL,26,47,52,431,22412
201503252529495,PCBL,55,53,500,430,215000
201503252529394,PCBL,29,53,500,430,215000
201503252529375,PCBL,21,52,97,432,41904
201503252529291,PCBL,16,5,46,430,19780
201503252529289,PCBL,50,50,480,429,205920
201503252529192,PCBL,58,39,71,431,30601
201503252529286,PCBL,50,5,280,428,119840
201503252529240,PCBL,16,45,20,430,8600
201503252529225,PCBL,14,53,500,430,215000
201503252529200,PCBL,6,39,36,431,15516
201503252529196,PCBL,17,39,101,431,43531
201503252529194,PCBL,16,39,36,430,15480
201503252529487,PLIC,17,14,81,1103,89343
201503252529480,PLIC,41,39,13,1105,14365
201503252529477,PLIC,48,39,108,1105,119340
201503252529472,PLIC,44,33,867,1106,958902
201503252529537,PRVU,13,50,1000,326,326000
201503252529285,PRVU,49,36,1000,327,327000
201503252529279,PRVU,14,51,43,328,14104
201503252529223,PRVU,5,57,11,330,3630
201503252529208,PRVU,38,52,500,327,163500
201503252529245,PRVU,5,57,11,330,3630
201503252529243,PRVU,5,57,11,330,3630
201503252529241,PRVU,5,57,11,330,3630
201503252529238,PRVU,5,57,11,330,3630
201503252529232,PRVU,5,57,11,330,3630
201503252529230,PRVU,5,57,11,330,3630
201503252529254,PRVU,5,57,11,330,3630
201503252529253,PRVU,49,57,11,330,3630
201503252529252,PRVU,49,57,11,330,3630
201503252529251,PRVU,49,57,12,330,3960
201503252529249,PRVU,5,57,12,330,3960
201503252529247,PRVU,5,57,12,330,3960
201503252529572,REDBL,5,58,300,223,66900
201503252529546,REDBL,5,50,493,224,110432
201503252529161,REDBL,5,43,186,226,42036
201503252529507,RHPC,34,29,10,490,4900
201503252529506,RHPC,34,29,10,490,4900
201503252529467,RMDC,22,17,24,705,16920
201503252529373,RMDC,35,40,400,695,278000
201503252529370,SADBL,29,55,100,405,40500
201503252529369,SADBL,20,55,800,405,324000
201503252529368,SADBL,43,55,50,405,20250
201503252529367,SADBL,43,55,30,405,12150
201503252529227,SADBL,43,1,60,407,24420
201503252529226,SADBL,43,13,110,407,44770
201503252529589,SANIMA,43,48,500,548,274000
201503252529511,SANIMA,53,4,132,547,72204
201503252529380,SANIMA,10,41,75,545,40875
201503252529330,SANIMA,43,29,100,546,54600
201503252529329,SANIMA,43,29,100,546,54600
201503252529328,SANIMA,43,29,100,546,54600
201503252529250,SANIMA,53,39,200,544,108800
201503252529202,SANIMA,25,8,20,546,10920
201503252529182,SANIMA,25,39,52,545,28340
201503252529464,SBI,54,39,200,913,182600
201503252529275,SBI,43,17,214,912,195168
201503252529267,SBI,43,32,364,910,331240
201503252529186,SBI,54,32,291,910,264810
201503252529504,SBL,52,1,200,655,131000
201503252529496,SBL,17,1,500,654,327000
201503252529345,SBL,49,49,738,653,481914
201503252529244,SBL,59,6,90,662,59580
201503252529170,SBL,20,33,149,655,97595
201503252529111,SBL,17,35,219,654,143226
201503252529433,SCB,25,25,45,1919,86355
201503252529410,SCB,53,1,263,1916,503908
201503252529409,SCB,53,25,155,1924,298220
201503252529297,SCB,22,25,128,1923,246144
201503252529216,SCB,21,33,28,1922,53816
201503252529198,SCB,53,25,107,1920,205440
201503252529177,SCB,22,33,100,1920,192000
201503252529458,SDBL,25,25,180,221,39780
201503252529129,SEOS,41,32,1000,10,10000
201503252529110,SEOS,47,32,1000,10,10000
201503252529488,SEWA,29,16,24,285,6840
201503252529525,SHBL,35,8,13,1423,18499
201503252529499,SHBL,19,33,30,1422,42660
201503252529490,SHBL,13,33,114,1420,161880
201503252529393,SHBL,11,25,100,1422,142200
201503252529266,SHBL,32,33,50,1415,70750
201503252529263,SHBL,45,50,60,1415,84900
201503252529242,SHBL,40,50,40,1424,56960
201503252529233,SHBL,40,25,10,1424,14240
201503252529162,SHBL,26,38,100,1420,142000
201503252529119,SHBL,41,4,40,1411,56440
201503252529278,SHL,42,57,1000,443,443000
201503252529272,SHL,13,37,400,445,178000
201503252529599,SHPC,19,59,13,731,9503
201503252529502,SHPC,44,59,13,732,9516
201503252529489,SHPC,39,59,13,733,9529
201503252529424,SHPC,52,7,297,745,221265
201503252529423,SHPC,38,50,18,740,13320
201503252529418,SHPC,38,50,18,740,13320
201503252529339,SHPC,44,50,18,740,13320
201503252529331,SHPC,44,16,128,739,94592
201503252529320,SHPC,44,34,315,735,231525
201503252529257,SHPC,29,56,36,738,26568
201503252529151,SHPC,58,49,10,739,7390
201503252529356,SHPC,44,1,18,740,13320
201503252529354,SHPC,44,50,18,740,13320
201503252529352,SHPC,44,50,18,740,13320
201503252529348,SHPC,44,50,18,740,13320
201503252529347,SHPC,44,50,18,740,13320
201503252529343,SHPC,44,50,18,740,13320
201503252529417,SHPC,38,50,18,740,13320
201503252529416,SHPC,38,50,18,740,13320
201503252529415,SHPC,38,57,10,740,7400
201503252529414,SHPC,38,57,13,740,9620
201503252529362,SHPC,44,36,389,740,287860
201503252529360,SHPC,44,36,297,740,219780
201503252529539,SIC,47,11,93,1070,99510
201503252529443,SICL,39,7,28,710,19880
201503252529442,SICL,39,11,100,710,71000
201503252529264,SICL,44,34,200,708,141600
201503252529461,SINDU,20,4,46,235,10810
201503252529271,SKBBL,35,50,500,1470,735000
201503252529121,SKBBL,42,37,95,1490,141550
201503252529500,SLBBL,13,6,44,2750,121000
201503252529337,SLBBL,19,56,59,2750,162250
201503252529321,SLBBL,13,56,110,2750,302500
201503252529341,SLICL,42,5,200,615,123000
201503252529322,SLICL,42,49,154,614,94556
201503252529528,SMFDB,50,21,73,1530,111690
201503252529484,SRBL,58,32,1252,385,482020
201503252529481,SRBL,58,35,72,385,27720
201503252529265,SRBL,38,48,72,385,27720
201503252529234,SRBL,56,33,226,387,87462
201503252529395,SUPRME,28,45,42,165,6930
201503252529391,SUPRME,28,43,184,164,30176
201503252529361,SUPRME,38,20,300,163,48900
201503252529246,SUPRME,39,49,30,160,4800
201503252529355,SWBBL,17,21,200,1600,320000
201503252529295,TRH,8,25,50,266,13300
201503252529432,UIC,37,7,88,970,85360
201503252529399,UIC,1,49,98,971,95158
201503252529309,UIC,28,16,64,970,62080
201503252529262,UIC,21,55,200,974,194800
201503252529261,UIC,58,55,100,974,97400
201503252529134,UIC,14,16,72,975,70200
201503252529124,UIC,39,16,40,977,39080
201503252529122,UIC,45,16,10,980,9800
201503252529260,UIC,38,55,200,975,195000
201503252529259,UIC,19,55,30,975,29250
201503252529258,UIC,13,55,100,975,97500
201503252529221,UIC,19,19,15,975,14625
201503252529168,UIC,45,11,200,980,196000
201503252529149,UIC,6,16,184,974,179216
201503252529436,UNL,32,32,30,17300,519000
201503252529479,VBBL,5,4,120,158,18960
201503252529383,VBBL,48,4,500,158,79000
201503252529382,VBBL,48,40,20,158,3160
201503252529372,VBBL,57,54,210,156,32760
201503252529324,VBBL,4,22,90,156,14040
201503252529323,VBBL,4,22,90,156,14040
201503252529217,VBBL,5,53,240,157,37680
201503252529308,YETI,42,5,11,137,1507
201503252529174,YETI,42,55,120,137,16440
201503252529141,YETI,29,29,11,137,1507
201503252529140,YETI,29,29,11,137,1507
201503252529139,YETI,29,29,11,137,1507
201503252529138,YETI,29,29,11,137,1507
201503252529130,YETI,29,29,11,137,1507
201503252529109,YETI,29,29,23,137,3151
201503252529108,YETI,29,29,23,137,3151
201503252529137,YETI,29,29,11,137,1507
201503252529136,YETI,29,29,11,137,1507
201503252529135,YETI,29,29,11,137,1507
201503252529133,YETI,29,29,11,137,1507
201503252529132,YETI,29,29,11,137,1507
201503252529131,YETI,29,29,11,137,1507
201503252528935,ACEDBL,32,13,300,252,75600
201503252528652,ADBL,51,51,45,467,21015
201503252529067,AHPC,52,38,46,341,15686
201503252528996,AHPC,53,58,136,344,46784
201503252528899,AHPC,10,10,90,344,30960
201503252528894,AHPC,10,10,90,344,30960
201503252529054,APEX,35,4,90,136,12240
201503252529049,APEX,44,4,651,136,88536
201503252528819,APEX,35,6,22,136,2992
201503252528818,APEX,17,6,22,136,2992
201503252528721,APEX,44,16,1000,136,136000
201503252528966,ARDBL,5,4,21,210,4410
201503252529090,BLDBL,21,14,81,327,26487
201503252528982,BLDBL,21,11,80,333,26640
201503252528849,BPCL,28,40,500,600,300000
201503252528760,BUDBLP,43,38,65508,105,6878340
201503252528934,CBBL,58,4,200,1535,307000
201503252528907,CBBL,13,53,16,1555,24880
201503252528844,CBBL,57,42,180,1540,277200
201503252528809,CBBL,25,42,57,1551,88407
201503252528792,CBBL,58,42,181,1550,280550
201503252529076,CBL,59,49,215,283,60845
201503252529075,CBL,28,40,1018,283,288094
201503252529065,CBL,17,1,1152,281,323712
201503252528957,CBL,11,13,89,285,25365
201503252528850,CBL,11,35,102,285,29070
201503252528817,CBL,11,48,82,285,23370
201503252528707,CBL,11,32,57,285,16245
201503252529087,CCBL,55,14,555,312,173160
201503252529027,CCBL,51,22,20,310,6200
201503252528878,CCBL,57,26,214,310,66340
201503252528877,CCBL,57,26,40,310,12400
201503252528875,CCBL,57,26,40,310,12400
201503252528776,CCBL,45,45,38,314,11932
201503252529043,CDBL,38,38,123,336,41328
201503252529052,CFCL,25,16,482,205,98810
201503252529023,CFCL,14,22,59,201,11859
201503252529022,CFCL,14,22,100,201,20100
201503252528924,CFCL,14,4,330,201,66330
201503252528842,CFCL,14,22,117,201,23517
201503252528944,CHCL,52,8,35,1585,55475
201503252528669,CNDBL,36,36,20,184,3680
201503252528668,CNDBL,36,36,30,184,5520
201503252528667,CNDBL,36,36,30,184,5520
201503252528666,CNDBL,36,36,20,184,3680
201503252528665,CNDBL,36,36,20,184,3680
201503252528664,CNDBL,36,36,20,184,3680
201503252528657,CNDBL,36,36,30,184,5520
201503252528663,CNDBL,36,36,20,184,3680
201503252528662,CNDBL,36,36,20,184,3680
201503252528661,CNDBL,36,36,20,184,3680
201503252528660,CNDBL,36,36,20,184,3680
201503252528659,CNDBL,36,36,30,184,5520
201503252528658,CNDBL,36,36,30,184,5520
201503252529095,CZBIL,38,48,72,446,32112
201503252529072,CZBIL,19,33,48,451,21648
201503252529006,CZBIL,21,39,300,447,134100
201503252528999,CZBIL,21,37,24,447,10728
201503252528998,CZBIL,21,37,24,447,10728
201503252528991,CZBIL,21,21,478,446,213188
201503252528702,CZBIL,44,44,48,446,21408
201503252528695,CZBIL,44,44,72,448,32256
201503252528959,CZBIL,26,43,39,450,17550
201503252528956,CZBIL,6,35,214,446,95444
201503252528941,CZBIL,53,1,987,448,442176
201503252528789,CZBIL,26,33,48,448,21504
201503252528712,CZBIL,38,22,100,445,44500
201503252528711,CZBIL,38,48,143,445,63635
201503252528927,DDBL,46,51,150,1190,178500
201503252529074,EBL,19,36,20,2085,41700
201503252529064,EBL,47,21,50,2080,104000
201503252528972,EBL,7,26,191,2073,395943
201503252528881,EBL,53,26,191,2070,395370
201503252528838,EBL,22,26,141,2071,292011
201503252528709,EBL,59,59,294,2080,611520
201503252529055,EDBL,34,11,153,600,91800
201503252528856,EDBL,55,55,153,601,91953
201503252529009,GBBL,29,49,11,322,3542
201503252529003,GBBL,29,49,11,322,3542
201503252529002,GBBL,29,49,11,322,3542
201503252528787,GBBL,55,40,260,316,82160
201503252528714,GBBL,35,35,285,319,90915
201503252529094,GBIME,38,36,91,451,41041
201503252528970,GBIME,58,58,207,448,92736
201503252528882,GBIME,38,38,80,453,36240
201503252528879,GBIME,38,38,207,451,93357
201503252528865,GBIME,38,38,75,451,33825
201503252528864,GBIME,14,49,27,450,12150
201503252528677,GBIME,36,36,88,459,40392
201503252528676,GBIME,36,36,88,459,40392
201503252528671,GBIME,36,36,474,459,217566
201503252528796,GBIME,41,35,44,450,19800
201503252528794,GBIME,22,35,113,450,50850
201503252528793,GBIME,11,35,44,450,19800
201503252528786,GBIME,22,57,80,450,36000
201503252528756,GBIME,51,47,71,451,32021
201503252528716,GBIME,52,52,161,451,72611
201503252528816,GBIME,28,28,39,451,17589
201503252528811,GBIME,28,28,43,451,19393
201503252528804,GBIME,41,35,44,450,19800
201503252528802,GBIME,41,35,44,450,19800
201503252528801,GBIME,41,35,44,450,19800
201503252528797,GBIME,51,35,44,450,19800
201503252529017,GBIMEP,45,42,3208,250,802000
201503252529070,GDBL,13,51,40,325,13000
201503252528772,GLICL,45,45,166,525,87150
201503252529042,HAMA,8,4,270,155,41850
201503252529025,HAMA,39,4,190,156,29640
201503252528720,HAMA,8,8,10,158,1580
201503252528830,HBDL,29,22,269,115,30935
201503252528829,HBDL,29,37,1500,115,172500
201503252528986,HBL,7,32,134,860,115240
201503252528985,HBL,7,44,200,860,172000
201503252528783,HBL,22,22,105,860,90300
201503252528911,IDBL,35,4,500,179,89500
201503252528910,IDBL,53,4,145,180,26100
201503252528820,IDBL,53,57,91,179,16289
201503252528954,JBBL,42,57,53,193,10229
201503252528948,JBBL,42,57,53,193,10229
201503252528945,JBBL,42,57,53,193,10229
201503252528940,JBBL,42,57,53,193,10229
201503252528785,JBBL,45,45,53,196,10388
201503252529050,JBNL,43,41,33,270,8910
201503252529038,JBNL,47,41,33,270,8910
201503252528749,JBNL,41,32,22,273,6006
201503252528747,JBNL,41,32,38,272,10336
201503252528746,JBNL,41,32,20,272,5440
201503252528745,JBNL,41,32,20,272,5440
201503252528900,JEFL,1,45,500,154,77000
201503252528868,KBL,55,36,300,377,113100
201503252528867,KBL,16,36,500,378,189000
201503252528866,KBL,1,36,200,378,75600
201503252528861,KBL,33,33,717,378,271026
201503252528813,KCDBL,47,49,17,234,3978
201503252528795,KCDBL,22,16,17,235,3995
201503252529063,KDBL,28,14,13,160,2080
201503252528994,KDBL,59,14,13,160,2080
201503252528901,KDBL,59,48,28,160,4480
201503252528828,KDBL,59,17,47,160,7520
201503252528697,KDBL,59,50,363,160,58080
201503252528897,KDBL,59,48,85,160,13600
201503252528860,KDBL,38,36,122,163,19886
201503252528848,KDBL,38,13,28,161,4508
201503252528833,KDBL,10,10,33,160,5280
201503252529001,KFL,28,32,1000,160,160000
201503252528983,KFL,28,32,2900,160,464000
201503252528980,KFL,28,32,100,161,16100
201503252528920,KMCDB,45,45,551,1070,589570
201503252528779,KRBL,6,36,60,258,15480
201503252528768,KRBL,16,26,160,258,41280
201503252529035,LBL,16,17,200,535,107000
201503252528784,LBL,16,57,200,540,108000
201503252528717,LBL,59,49,800,540,432000
201503252528909,LLBS,47,20,50,865,43250
201503252528906,LLBS,17,17,10,866,8660
201503252528896,MBL,22,8,50,559,27950
201503252528895,MBL,22,40,30,557,16710
201503252529086,MDB,42,48,96,486,46656
201503252529028,MDB,42,22,25,481,12025
201503252529077,MDBL,7,41,500,218,109000
201503252528965,MDBL,57,21,490,220,107800
201503252528750,MDBL,39,57,500,220,110000
201503252529005,MNBBL,32,26,129,565,72885
201503252528719,NABB,14,22,147,154,22638
201503252529048,NABIL,21,21,20,1895,37900
201503252529033,NABIL,25,25,77,1886,145222
201503252528930,NABIL,22,25,10,1900,19000
201503252528921,NABIL,32,26,100,1880,188000
201503252528917,NABIL,26,26,20,1901,38020
201503252528977,NBB,6,48,100,500,50000
201503252528976,NBB,50,48,200,500,100000
201503252528975,NBB,51,48,100,500,50000
201503252529012,NBF1,17,4,2937,13,39356
201503252528923,NBL,42,42,101,313,31613
201503252528773,NGBL,45,45,24,295,7080
201503252528914,NHPC,37,36,1000,125,125000
201503252529046,NIB,52,5,194,701,135994
201503252528981,NIB,44,59,21,705,14805
201503252528936,NIB,6,39,64,704,45056
201503252528903,NIB,10,40,201,703,141303
201503252528887,NIB,5,1,200,701,140200
201503252528757,NIB,22,17,250,700,175000
201503252528732,NIB,6,25,298,700,208600
201503252529016,NIBPO,29,29,1000,488,488000
201503252529008,NIBPO,16,29,200,490,98000
201503252528964,NIBPO,57,14,400,490,196000
201503252528943,NIBPO,26,40,500,492,246000
201503252528853,NIBPO,57,57,394,490,193060
201503252528925,NIBSF1,11,11,1500,10,15150
201503252529092,NICA,10,35,75,646,48450
201503252529021,NICA,53,17,1000,640,640000
201503252528979,NICA,19,58,101,646,65246
201503252528974,NICA,19,33,20,646,12920
201503252528967,NICA,19,33,20,646,12920
201503252528962,NICA,44,37,10,651,6510
201503252528736,NICA,19,59,38,650,24700
201503252528902,NICA,52,57,37,645,23865
201503252528837,NICA,52,33,20,645,12900
201503252528836,NICA,19,16,150,646,96900
201503252528805,NICA,5,5,231,638,147378
201503252528741,NICA,55,44,200,650,130000
201503252528739,NICA,26,26,40,640,25600
201503252528681,NLBBL,36,36,54,1250,67500
201503252528680,NLBBL,36,36,54,1250,67500
201503252529085,NLIC,28,32,50,4450,222500
201503252529084,NLIC,17,32,150,4450,667500
201503252529083,NLIC,44,32,300,4451,1335300
201503252529082,NLIC,26,32,100,4475,447500
201503252529062,NLIC,17,32,150,4450,667500
201503252529061,NLIC,28,32,200,4451,890200
201503252529060,NLIC,57,32,200,4452,890400
201503252529059,NLIC,55,32,50,4452,222600
201503252529058,NLIC,55,32,100,4455,445500
201503252529057,NLIC,14,32,100,4460,446000
201503252529056,NLIC,48,32,100,4461,446100
201503252528919,NLIC,56,56,357,4450,1588650
201503252528891,NLICP,59,17,1000,2288,2288000
201503252528889,NLICP,59,17,850,2244,1907400
201503252528885,NLICP,59,17,100,2200,220000
201503252528883,NLICP,59,17,100,2157,215700
201503252528690,NLICP,50,49,1785,2115,3775275
201503252528689,NLICP,59,17,100,2158,215800
201503252528688,NLICP,59,17,100,2116,211600
201503252528687,NLICP,50,49,500,2075,1037500
201503252528840,NMBSF1,25,25,5000,10,50250
201503252528839,NMBSF1,25,25,5000,10,50250
201503252529019,NNFC,45,22,200,281,56200
201503252529014,NNFC,54,22,123,282,34686
201503252528978,NNFC,45,1,300,281,84300
201503252528988,NTC,53,11,105,647,67935
201503252528987,NTC,53,11,200,647,129400
201503252528858,NTC,45,21,300,647,194100
201503252528857,NTC,45,19,100,647,64700
201503252528774,NTC,17,48,100,645,64500
201503252528706,NTC,8,8,400,648,259200
201503252528955,OHL,38,38,70,711,49770
201503252528946,OHL,38,38,40,713,28520
201503252528740,OHL,42,49,150,712,106800
201503252529040,PCBL,34,5,46,431,19826
201503252529039,PCBL,58,17,101,431,43531
201503252529015,PCBL,21,8,47,433,20351
201503252529011,PCBL,25,17,550,427,234850
201503252528953,PCBL,58,34,1000,431,431000
201503252528904,PCBL,25,44,1307,430,562010
201503252528703,PCBL,22,49,69,430,29670
201503252528698,PCBL,39,53,112,430,48160
201503252528682,PCBL,49,22,53,422,22366
201503252528672,PCBL,22,22,7823,415,3246545
201503252528670,PCBL,47,22,11,422,4642
201503252528755,PCBL,25,39,12,431,5172
201503252528753,PCBL,40,39,38,431,16378
201503252528738,PCBL,17,34,1000,431,431000
201503252528731,PCBL,13,44,212,430,91160
201503252528710,PCBL,21,21,10,432,4320
201503252528705,PCBL,40,53,500,432,216000
201503252528884,PCBL,40,8,138,430,59340
201503252528788,PCBL,42,45,135,435,58725
201503252528781,PCBL,42,8,47,434,20398
201503252528775,PCBL,53,53,520,426,221520
201503252528765,PCBL,25,53,500,432,216000
201503252528764,PCBL,42,8,47,433,20351
201503252529066,PLIC,44,54,515,1119,576285
201503252528769,PLIC,38,26,10,1125,11250
201503252528767,PLIC,45,45,81,1120,90720
201503252528743,PLIC,38,35,94,1125,105750
201503252528742,PLIC,38,35,94,1125,105750
201503252528674,PLIC,49,49,27,1110,29970
201503252528673,PLIC,49,49,40,1110,44400
201503252529018,PRDBL,39,55,200,168,33600
201503252528961,PRDBL,8,13,100,171,17100
201503252528971,PRVU,6,1,700,326,228200
201503252528942,PRVU,41,57,11,327,3597
201503252528939,PRVU,41,57,11,327,3597
201503252528653,PRVU,44,44,44,330,14520
201503252528684,PRVU,49,49,44,328,14432
201503252528683,PRVU,44,44,11,330,3630
201503252528675,PRVU,44,44,11,330,3630
201503252528656,PRVU,44,44,44,330,14520
201503252528655,PRVU,44,44,11,330,3630
201503252528654,PRVU,44,44,11,330,3630
201503252528737,PRVU,36,8,486,328,159408
201503252528701,PRVU,49,57,23,330,7590
201503252528700,PRVU,49,57,23,330,7590
201503252528699,PRVU,49,57,23,330,7590
201503252528686,PRVU,49,49,44,328,14432
201503252528685,PRVU,49,49,11,328,3608
201503252528780,PRVU,49,57,23,327,7521
201503252528778,PRVU,1,1,84,327,27468
201503252528777,PRVU,49,57,12,327,3924
201503252528759,PRVU,38,1,321,327,104967
201503252528754,PRVU,38,1,500,327,163500
201503252528937,PRVU,41,57,12,327,3924
201503252528916,PRVU,6,57,55,326,17930
201503252528873,PRVU,41,57,11,327,3597
201503252528871,PRVU,45,1,271,327,88617
201503252528815,PRVU,7,44,728,327,238056
201503252528806,PRVU,1,1,100,327,32700
201503252529037,PURBL,32,44,201,392,78792
201503252528854,PURBL,43,44,200,395,79000
201503252528846,PURBL,43,58,55,395,21725
201503252528735,PURBL,43,11,11,395,4345
201503252528713,PURBL,21,21,40,400,16000
201503252528859,REDBL,5,43,497,225,111825
201503252528847,REDBL,53,43,100,226,22600
201503252528766,REDBL,53,43,170,226,38420
201503252528870,RHPC,20,26,94,485,45590
201503252528803,RLFL,11,11,50,171,8550
201503252529032,SADBL,7,22,60,404,24240
201503252528758,SANIMA,25,25,23,540,12420
201503252529004,SBI,22,39,72,916,65952
201503252528984,SBI,36,17,144,915,131760
201503252528821,SBI,36,11,26,915,23790
201503252529081,SBL,33,33,2608,649,1692592
201503252529007,SBL,53,17,147,654,96138
201503252529030,SCB,22,17,241,1914,461274
201503252528963,SCB,37,25,131,1920,251520
201503252528958,SCB,53,25,232,1920,445440
201503252528908,SFL,1,32,500,151,75500
201503252528862,SFL,6,55,217,150,32550
201503252528763,SFL,46,46,310,150,46500
201503252528762,SFL,46,46,310,150,46500
201503252529088,SHBL,25,16,13,1415,18395
201503252529041,SHBL,25,51,10,1411,14110
201503252529036,SHBL,19,51,10,1410,14100
201503252529026,SHBL,43,50,100,1425,142500
201503252529024,SHBL,43,33,238,1422,338436
201503252528723,SHBL,47,33,100,1391,139100
201503252528722,SHBL,55,33,20,1392,27840
201503252528718,SHBL,45,50,10,1391,13910
201503252528715,SHBL,45,33,10,1364,13640
201503252528708,SHBL,16,33,10,1338,13380
201503252528730,SHBL,45,33,90,1364,122760
201503252528729,SHBL,51,33,100,1364,136400
201503252528728,SHBL,22,33,50,1364,68200
201503252528727,SHBL,16,33,100,1364,136400
201503252528726,SHBL,7,33,200,1364,272800
201503252528725,SHBL,7,33,500,1364,682000
201503252528752,SHBL,26,26,64,1350,86400
201503252528751,SHBL,43,50,10,1345,13450
201503252528748,SHBL,22,45,10,1346,13460
201503252528744,SHBL,39,26,64,1340,85760
201503252528734,SHBL,7,55,19,1364,25916
201503252528733,SHBL,43,33,30,1364,40920
201503252528800,SHBL,44,50,50,1408,70400
201503252528799,SHBL,44,56,30,1408,42240
201503252528798,SHBL,44,33,100,1408,140800
201503252528791,SHBL,36,36,10,1381,13810
201503252528771,SHBL,44,37,20,1377,27540
201503252528761,SHBL,50,36,10,1350,13500
201503252528863,SHBL,59,33,100,1405,140500
201503252528843,SHBL,44,33,100,1400,140000
201503252528841,SHBL,47,44,355,1399,496645
201503252528835,SHBL,51,37,20,1395,27900
201503252528812,SHBL,50,50,100,1400,140000
201503252528807,SHBL,38,50,100,1400,140000
201503252528898,SHBL,32,45,124,1400,173600
201503252528888,SHBL,36,50,20,1402,28040
201503252528886,SHBL,36,37,10,1402,14020
201503252528880,SHBL,36,45,30,1402,42060
201503252528874,SHBL,44,33,100,1400,140000
201503252528869,SHBL,59,50,100,1401,140100
201503252528932,SHBL,16,50,10,1418,14180
201503252528931,SHBL,16,51,10,1417,14170
201503252528928,SHBL,16,33,78,1410,109980
201503252528926,SHBL,59,38,100,1405,140500
201503252528913,SHBL,43,50,40,1400,56000
201503252528905,SHBL,40,19,50,1400,70000
201503252528952,SHBL,55,39,10,1428,14280
201503252528951,SHBL,55,51,10,1428,14280
201503252528950,SHBL,55,51,10,1428,14280
201503252528949,SHBL,55,26,200,1428,285600
201503252528938,SHBL,16,50,100,1420,142000
201503252528933,SHBL,25,5,10,1401,14010
201503252529010,SHBL,57,56,123,1420,174660
201503252529000,SHBL,57,33,206,1415,291490
201503252528990,SHBL,21,21,10,1411,14110
201503252528989,SHBL,21,21,10,1411,14110
201503252528973,SHBL,56,56,384,1410,541440
201503252528968,SHBL,51,33,130,1420,184600
201503252528808,SHINE,13,39,76,341,25916
201503252529079,SHL,21,21,1376,443,609568
201503252528969,SHL,13,37,100,452,45200
201503252528696,SHL,58,58,100,461,46100
201503252529089,SHPC,22,22,90,730,65700
201503252529073,SHPC,22,22,36,729,26244
201503252528834,SHPC,58,49,10,738,7380
201503252528831,SHPC,58,49,10,738,7380
201503252529044,SIC,19,11,11,1080,11880
201503252528993,SIC,53,32,306,1079,330174
201503252528922,SIC,19,19,105,1080,113400
201503252528845,SIC,19,19,50,1099,54950
201503252528960,SICL,22,34,200,705,141000
201503252529098,SKBBL,42,28,19,1495,28405
201503252529097,SKBBL,42,28,19,1495,28405
201503252529096,SKBBL,42,28,19,1495,28405
201503252529093,SKBBL,42,28,19,1495,28405
201503252529069,SKBBL,42,51,29,1490,43210
201503252529045,SKBBL,7,51,29,1485,43065
201503252528929,SLBBL,22,36,100,2800,280000
201503252528947,SLICL,11,59,42,615,25830
201503252528770,SLICL,45,45,111,620,68820
201503252528679,SLICL,49,49,34,611,20774
201503252528678,SLICL,49,49,34,611,20774
201503252529047,SMFDB,14,21,169,1520,256880
201503252528814,SRBL,10,10,22,394,8668
201503252528790,SRBL,38,38,178,387,68886
201503252528918,SUPRME,22,22,10,157,1570
201503252528915,SUPRME,22,22,10,160,1600
201503252529053,SWBBL,17,21,100,1600,160000
201503252529080,UIC,32,16,50,990,49500
201503252529078,UIC,6,16,96,976,93696
201503252529068,UIC,45,16,140,980,137200
201503252528892,UIC,37,40,77,988,76076
201503252528890,UIC,37,8,34,988,33592
201503252529091,VBBL,5,4,1000,155,155000
201503252528997,VBBL,5,4,100,157,15700
201503252528995,VBBL,49,49,9520,156,1485120
201503252528992,VBBL,35,4,30,158,4740
201503252528912,VBBL,35,40,20,158,3160
201503252528876,VBBL,35,49,950,158,150100
201503252528822,VBBL,5,20,60,160,9600
201503252528872,VBBL,35,32,500,159,79500
201503252528827,VBBL,5,20,30,160,4800
201503252528826,VBBL,5,20,60,160,9600
201503252528825,VBBL,5,20,60,160,9600
201503252528824,VBBL,5,20,60,160,9600
201503252528823,VBBL,5,20,60,160,9600
201503252529099,YETI,29,29,23,137,3151
201503252529071,YETI,56,4,110,136,14960
201503252529034,YETI,14,26,11,137,1507
201503252529031,YETI,56,26,70,136,9520
201503252529029,YETI,56,26,540,136,73440
201503252529020,YETI,56,26,150,136,20400
201503252528810,YETI,43,6,180,136,24480
201503252528782,YETI,45,45,90,135,12150
201503252528694,YETI,59,22,110,136,14960
201503252528693,YETI,59,22,110,136,14960
201503252528692,YETI,59,22,220,136,29920
201503252528691,YETI,59,22,110,136,14960
201503252529013,YETI,14,26,70,137,9590
201503252528893,YETI,56,19,210,137,28770
201503252528855,YETI,56,57,504,137,69048
201503252528852,YETI,56,57,1195,137,163715
201503252528851,YETI,56,6,180,136,24480
201503252528832,YETI,59,1,500,136,68000
