contract,symbol,buyer,seller,qty,rate,amt
201507022605824,ADBL,46,53,146,405,59130
201507022605950,ADBL,46,14,100,405,40500
201507022605875,ADBL,58,16,90,406,36540
201507022606213,AHPC,39,39,774,315,243810
201507022606037,AHPC,22,29,155,315,48825
201507022605983,AHPC,42,29,100,316,31600
201507022606259,ALICL,14,38,50,1009,50450
201507022606018,ALICL,28,59,200,1000,200000
201507022606110,APEX,29,45,35,118,4130
201507022606039,APEX,39,45,35,118,4130
201507022606035,APEX,29,45,82,118,9676
201507022606033,APEX,4,45,82,118,9676
201507022605851,APEX,4,45,61,120,7320
201507022606032,APEX,54,45,82,118,9676
201507022606031,APEX,56,45,82,119,9758
201507022605955,APEX,56,45,82,120,9840
201507022605854,APEX,56,45,35,120,4200
201507022606095,ARDBL,43,43,52,167,8684
201507022606168,BLDBL,44,57,937,310,290470
201507022606158,BLDBL,50,21,70,315,22050
201507022606161,BPCL,32,28,500,605,302500
201507022606096,BPCL,32,48,150,605,90750
201507022605812,BUDBL,28,22,200,199,39800
201507022606278,CBBL,26,59,300,1715,514500
201507022606130,CBBL,28,6,45,1715,77175
201507022606074,CBBL,28,3,12,1703,20436
201507022606065,CBBL,48,26,110,1701,187110
201507022606064,CBBL,33,50,200,1700,340000
201507022605805,CBBL,48,29,100,1700,170000
201507022605799,CBBL,42,21,81,1700,137700
201507022605793,CBBL,42,5,45,1700,76500
201507022606006,CBBL,10,8,94,1699,159706
201507022605998,CBBL,36,16,41,1702,69782
201507022605991,CBBL,48,25,361,1699,613339
201507022605944,CBBL,36,50,38,1700,64600
201507022605830,CBBL,48,5,98,1700,166600
201507022605806,CBBL,48,59,300,1700,510000
201507022606063,CBBL,26,6,40,1702,68080
201507022606058,CBBL,1,14,130,1700,221000
201507022606057,CBBL,1,59,200,1700,340000
201507022606056,CBBL,1,26,200,1700,340000
201507022606019,CBBL,36,49,30,1700,51000
201507022606016,CBBL,10,6,200,1700,340000
201507022606202,CBL,47,19,60,267,16020
201507022606166,CBL,50,10,1000,266,266000
201507022606147,CBL,6,19,140,267,37380
201507022606136,CBL,6,17,46,267,12282
201507022606099,CBL,21,48,35,265,9275
201507022606094,CBL,1,10,504,266,134064
201507022605940,CBL,19,14,40,267,10680
201507022605939,CBL,44,14,130,268,34840
201507022605907,CBL,53,57,232,268,62176
201507022605866,CBL,13,13,130,268,34840
201507022606091,CBL,21,48,400,265,106000
201507022606087,CBL,55,48,200,266,53200
201507022606028,CBL,41,39,506,265,134090
201507022605976,CBL,13,21,68,267,18156
201507022605945,CBL,6,17,46,267,12282
201507022605941,CBL,6,14,30,267,8010
201507022606149,CCBL,36,16,1016,310,314960
201507022606093,CCBL,36,58,412,314,129368
201507022606055,CCBL,36,6,76,314,23864
201507022606047,CCBL,36,38,130,314,40820
201507022606021,CCBL,43,6,76,314,23864
201507022605921,CCBL,14,17,10,314,3140
201507022605828,CCBL,14,53,40,314,12560
201507022605927,CCBL,45,17,290,312,90480
201507022605926,CCBL,26,17,30,312,9360
201507022605925,CCBL,58,17,110,313,34430
201507022605924,CCBL,38,17,50,313,15650
201507022605923,CCBL,42,17,500,313,156500
201507022605922,CCBL,43,17,10,313,3130
201507022606131,CDBL,7,47,37,325,12025
201507022606123,CDBL,7,47,10,325,3250
201507022605965,CDBL,7,29,93,325,30225
201507022606267,CHCL,29,42,156,1525,237900
201507022606182,CHCL,16,57,148,1532,226736
201507022606181,CHCL,16,43,100,1531,153100
201507022606180,CHCL,16,43,100,1531,153100
201507022606170,CHCL,48,42,382,1526,582932
201507022606152,CHCL,36,43,100,1531,153100
201507022606072,CHCL,19,43,100,1531,153100
201507022605912,CHCL,21,45,38,1542,58596
201507022605886,CHCL,22,42,47,1542,72474
201507022605885,CHCL,29,41,146,1533,223818
201507022605860,CHCL,51,51,200,1535,307000
201507022605779,CHCL,17,17,40,1543,61720
201507022606191,CZBIL,47,35,80,445,35600
201507022606053,CZBIL,50,6,333,446,148518
201507022606051,CZBIL,6,26,1076,445,478820
201507022606044,CZBIL,58,26,103,446,45938
201507022605935,CZBIL,58,44,30,446,13380
201507022605908,CZBIL,41,39,177,446,78942
201507022606236,EBL,7,45,19,2085,39615
201507022605911,EBL,6,28,100,2090,209000
201507022605814,EBL,57,38,168,2092,351456
201507022605789,EBL,6,38,221,2090,461890
201507022606079,EBL,38,11,130,2093,272090
201507022606078,EBL,7,11,20,2095,41900
201507022606077,EBL,6,11,10,2096,20960
201507022606054,EBL,50,25,20,2100,42000
201507022605946,EBL,6,44,10,2096,20960
201507022606197,EBL,54,49,732,2080,1522560
201507022606155,EBL,22,56,69,2089,144141
201507022606142,EBL,22,56,79,2088,164952
201507022606081,EBL,19,11,10,2090,20900
201507022606080,EBL,36,11,30,2091,62730
201507022605995,EBLCP,58,11,339,1004,340356
201507022605992,EBLCP,58,10,48,1004,48192
201507022606008,EKBL,13,59,33,281,9273
201507022606003,EKBL,26,59,33,281,9273
201507022605783,EKBL,26,29,20,281,5620
201507022606277,GBIME,8,47,1075,436,468700
201507022606135,GBIME,19,45,84,437,36708
201507022606102,GBIME,19,48,500,437,218500
201507022605971,GBIME,49,49,500,438,219000
201507022605943,GBIME,16,16,100,441,44100
201507022605792,GBIME,53,10,243,438,106434
201507022606261,GDBL,26,47,541,326,176366
201507022606154,GFCL,13,53,125,201,25125
201507022606007,GLICL,8,50,834,553,461202
201507022605914,GLICL,56,33,55,559,30745
201507022605904,GLICL,56,50,90,559,50310
201507022605855,GLICL,7,44,31,560,17360
201507022605853,GLICL,29,14,11,560,6160
201507022605852,GLICL,7,14,30,560,16800
201507022606164,HBL,47,28,449,819,367731
201507022606129,HBL,22,32,77,823,63371
201507022605781,HGI,52,57,31,395,12245
201507022605803,ICFC,50,50,203,245,49735
201507022605846,IDBL,14,14,11,173,1903
201507022605845,IDBL,14,14,11,173,1903
201507022605844,IDBL,14,14,11,173,1903
201507022605843,IDBL,14,14,11,173,1903
201507022605842,IDBL,14,14,11,173,1903
201507022606242,INDB,38,48,12,378,4536
201507022606265,JBNL,32,35,1000,266,266000
201507022606219,JBNL,32,35,1000,266,266000
201507022606194,JBNL,51,48,145,267,38715
201507022606089,JBNL,5,48,405,267,108135
201507022606046,JBNL,5,35,1000,267,267000
201507022605987,JBNL,6,6,50,266,13300
201507022605813,JBNL,36,43,500,264,132000
201507022605788,JBNL,36,43,500,265,132500
201507022605782,JBNL,22,43,500,264,132000
201507022605970,JBNL,48,35,1000,266,266000
201507022605963,JBNL,48,43,709,264,187176
201507022605961,JBNL,41,6,100,266,26600
201507022605952,JBNL,47,6,80,268,21440
201507022605951,JBNL,36,6,60,268,16080
201507022605883,JBNL,22,45,622,263,163586
201507022605920,JFL,41,39,410,378,154980
201507022606276,KAFIL,19,47,466,233,108578
201507022606071,KAFIL,13,13,57,234,13338
201507022605918,KAFIL,1,1,279,234,65286
201507022606022,KBBL,5,40,500,360,180000
201507022606009,KBBL,5,35,518,360,186480
201507022605984,KBL,14,48,192,370,71040
201507022605878,KBL,38,45,163,372,60636
201507022606086,KDBL,28,25,267,144,38448
201507022605817,KDBL,28,19,1000,144,144000
201507022606143,KMCDB,28,25,82,1040,85280
201507022606073,KMCDB,36,36,202,1026,207252
201507022605865,LBL,56,41,174,404,70296
201507022605795,LBL,56,14,100,404,40400
201507022605934,LFLC,8,39,44,190,8360
201507022605902,LGIL,39,44,10,349,3490
201507022606280,LICN,57,41,30,2822,84660
201507022606279,LICN,57,41,50,2820,141000
201507022606115,LICN,57,6,100,2818,281800
201507022606060,LICN,43,45,20,2820,56400
201507022606052,LICN,14,38,500,2803,1401500
201507022606034,LICN,57,19,26,2815,73190
201507022606001,LICN,19,45,10,2820,28200
201507022605856,LICN,21,21,90,2801,252090
201507022605816,LICN,25,19,26,2815,73190
201507022606141,LLBS,16,16,10,766,7660
201507022606224,LUBL,45,14,2000,334,668000
201507022606220,LUBL,46,13,110,337,37070
201507022606203,LUBL,48,56,500,335,167500
201507022606196,LUBL,21,56,1000,335,335000
201507022606189,LUBL,45,56,500,336,168000
201507022606184,LUBL,25,56,500,336,168000
201507022606266,MBBL,14,40,107,193,20651
201507022606253,MBL,48,48,300,557,167100
201507022606250,MBL,11,32,327,558,182466
201507022606243,MBL,48,35,100,557,55700
201507022606207,MBL,26,48,252,557,140364
201507022606195,MBL,48,48,571,557,318047
201507022606185,MBL,45,26,100,556,55600
201507022605892,MBL,41,48,100,557,55700
201507022605890,MBL,5,14,109,557,60713
201507022605898,MBL,46,48,500,556,278000
201507022605897,MBL,7,48,330,556,183480
201507022605896,MBL,7,48,200,556,111200
201507022605895,MBL,39,48,100,556,55600
201507022605894,MBL,32,48,100,557,55700
201507022605893,MBL,49,48,100,557,55700
201507022606140,MBL,45,34,100,556,55600
201507022606076,MBL,45,35,100,556,55600
201507022606070,MBL,1,20,1000,557,557000
201507022606015,MBL,42,45,372,555,206460
201507022605989,MBL,41,48,100,557,55700
201507022605899,MBL,48,48,500,556,278000
201507022606199,MDB,39,29,35,490,17150
201507022606137,MDB,19,28,86,486,41796
201507022606075,MDBL,46,32,714,226,161364
201507022605881,MLBBL,38,21,12,905,10860
201507022605869,MLBBL,38,21,12,905,10860
201507022605868,MLBBL,38,21,12,905,10860
201507022605867,MLBBL,38,21,12,905,10860
201507022606263,MNBBL,1,49,49,537,26313
201507022605974,MNBBL,32,43,383,531,203373
201507022605786,MNBBL,29,42,500,533,266500
201507022606098,MSBBL,17,39,20,231,4620
201507022606246,NABIL,3,20,20,1909,38180
201507022606245,NABIL,3,40,150,1905,285750
201507022606159,NABIL,14,44,30,1904,57120
201507022606017,NABIL,3,4,60,1904,114240
201507022605969,NABIL,3,49,40,1900,76000
201507022605956,NABIL,16,49,50,1900,95000
201507022605819,NABIL,36,49,40,1900,76000
201507022605818,NABIL,56,49,20,1900,38000
201507022606256,NABILP,40,39,300,1306,391800
201507022606252,NABILP,6,6,20,1325,26500
201507022605838,NABILP,6,6,1000,1309,1309000
201507022606041,NABILP,19,44,1000,1308,1308000
201507022606225,NABILP,40,57,200,1306,261200
201507022606271,NBB,26,10,20,508,10160
201507022606227,NBB,19,36,100,508,50800
201507022606167,NBB,42,1,220,507,111540
201507022606163,NBB,17,17,100,509,50900
201507022606157,NBB,32,45,1000,505,505000
201507022606150,NBB,54,45,1000,507,507000
201507022605863,NBB,26,39,150,508,76200
201507022605807,NBB,26,22,200,510,102000
201507022606133,NBB,54,57,211,507,106977
201507022606120,NBB,51,45,199,508,101092
201507022605905,NBF1,6,39,1168,13,15476
201507022605901,NBF1,41,39,2937,13,39062
201507022606222,NBL,8,44,1000,277,277000
201507022606221,NBL,18,44,100,277,27700
201507022605953,NBL,28,35,400,277,110800
201507022605900,NBL,32,14,800,276,220800
201507022605849,NBL,28,45,46,277,12742
201507022605836,NBL,28,45,1000,277,277000
201507022605800,NBL,28,10,500,277,138500
201507022606264,NCCB,8,6,475,440,209000
201507022606258,NCCB,8,6,300,443,132900
201507022606178,NCCB,8,34,160,440,70400
201507022606145,NCCB,8,1,300,440,132000
201507022605917,NCCB,56,40,40,437,17480
201507022605913,NCCB,56,40,40,437,17480
201507022605909,NCCB,14,40,40,438,17520
201507022605879,NCCB,56,45,337,435,146595
201507022606205,NHPC,41,6,1000,116,116000
201507022606193,NHPC,1,6,1000,116,116000
201507022606186,NHPC,36,6,1000,117,117000
201507022606176,NHPC,40,6,1000,116,116000
201507022606171,NHPC,37,6,1000,116,116000
201507022606162,NHPC,41,6,1000,116,116000
201507022606000,NHPC,32,21,1000,118,118000
201507022605931,NHPC,41,25,1000,118,118000
201507022605910,NHPC,41,56,1000,118,118000
201507022606127,NHPC,6,6,2000,116,232000
201507022606111,NHPC,33,6,1000,116,116000
201507022606103,NHPC,40,6,2000,116,232000
201507022606097,NHPC,16,6,1060,116,122960
201507022606013,NHPC,36,6,1000,117,117000
201507022606012,NHPC,54,6,1000,117,117000
201507022605972,NIB,11,44,523,709,370807
201507022605942,NIB,32,44,263,706,185678
201507022605936,NIB,46,20,85,707,60095
201507022605928,NIB,13,44,199,706,140494
201507022606043,NIBPO,41,38,500,506,253000
201507022605937,NIBPO,32,38,100,506,50600
201507022606085,NIBPO,42,55,500,507,253500
201507022606084,NIBPO,42,55,500,507,253500
201507022606233,NICA,22,55,500,608,304000
201507022606214,NICA,1,29,15,607,9105
201507022606179,NICA,51,14,16,608,9728
201507022605916,NICA,42,17,500,609,304500
201507022605891,NICA,21,26,69,608,41952
201507022605884,NICA,51,26,69,608,41952
201507022605880,NICA,16,26,69,609,42021
201507022605798,NICA,16,53,12,610,7320
201507022605797,NICA,16,11,100,610,61000
201507022606114,NICL,39,14,100,396,39600
201507022606254,NLG,3,40,200,567,113400
201507022606235,NLG,56,40,500,565,282500
201507022606121,NLG,56,40,500,565,282500
201507022606215,NLIC,48,20,64,2890,184960
201507022605994,NLIC,16,17,50,2890,144500
201507022605988,NLIC,16,17,50,2890,144500
201507022605986,NLIC,16,17,140,2890,404600
201507022605841,NLIC,56,51,60,2900,174000
201507022605840,NLIC,56,51,60,2900,174000
201507022605839,NLIC,56,41,100,2900,290000
201507022605837,NLIC,56,8,100,2900,290000
201507022605829,NLIC,56,44,100,2898,289800
201507022606260,NLICL,21,17,100,1854,185400
201507022606212,NLICL,46,21,146,1855,270830
201507022606211,NLICL,13,43,279,1850,516150
201507022606160,NLICL,33,14,50,1851,92550
201507022605962,NLICL,17,21,200,1855,371000
201507022605954,NLICL,43,8,200,1850,370000
201507022605871,NLICL,26,19,50,1866,93300
201507022605870,NLICL,35,19,70,1870,130900
201507022605847,NLICL,29,21,100,1867,186700
201507022605825,NLICL,25,25,260,1869,485940
201507022605938,NLICL,56,11,1000,1850,1850000
201507022605932,NLICL,53,58,100,1860,186000
201507022605906,NLICL,17,11,200,1855,371000
201507022605874,NLICL,48,19,100,1860,186000
201507022605873,NLICL,47,19,130,1865,242450
201507022605872,NLICL,35,19,150,1865,279750
201507022605876,NTC,45,50,200,620,124000
201507022605794,NTC,45,19,500,620,310000
201507022605780,NTC,45,45,200,620,124000
201507022606132,NTC,45,19,250,620,155000
201507022606105,NTC,45,5,100,620,62000
201507022606090,NTC,45,49,100,620,62000
201507022606088,NTC,38,50,500,620,310000
201507022606240,NUBL,35,21,93,1293,120249
201507022605810,NUBL,32,21,115,1269,145935
201507022606247,PCBL,7,47,40,440,17600
201507022606206,PCBL,42,51,152,443,67336
201507022606198,PCBL,42,29,41,445,18245
201507022606148,PCBL,42,43,677,442,299234
201507022606059,PCBL,26,32,45,445,20025
201507022606050,PCBL,47,17,95,440,41800
201507022605823,PCBL,41,49,20,441,8820
201507022605811,PCBL,29,47,967,440,425480
201507022606048,PCBL,39,17,95,440,41800
201507022606042,PCBL,7,32,184,440,80960
201507022605915,PCBL,25,43,520,440,228800
201507022605861,PCBL,25,35,95,441,41895
201507022605835,PCBL,1,10,115,441,50715
201507022605826,PCBL,41,49,15,441,6615
201507022606014,PIC,17,20,30,446,13380
201507022606204,PICL,13,39,30,404,12120
201507022606188,PICL,13,39,10,401,4010
201507022606153,PICL,13,39,10,394,3940
201507022606124,PICL,47,7,200,391,78200
201507022606030,PICL,1,49,229,388,88852
201507022605833,PICL,13,7,18,390,7020
201507022606275,PLIC,1,26,100,1160,116000
201507022606237,PLIC,47,20,25,1160,29000
201507022606217,PLIC,32,49,50,1161,58050
201507022606200,PLIC,1,5,202,1156,233512
201507022606144,PLIC,1,13,81,1157,93717
201507022605997,PLIC,32,46,266,1156,307496
201507022605832,PLIC,26,59,81,1160,93960
201507022605815,PLIC,19,59,81,1162,94122
201507022605973,PLIC,4,4,294,1163,341922
201507022605903,PLIC,16,17,17,1165,19805
201507022605889,PLIC,16,17,90,1165,104850
201507022605888,PLIC,26,3,26,1170,30420
201507022605887,PLIC,26,38,20,1170,23400
201507022605857,PLIC,16,38,80,1165,93200
201507022606175,PRDBL,28,14,20,155,3100
201507022606174,PRDBL,28,14,20,155,3100
201507022606029,PRDBL,7,28,840,152,127680
201507022605804,PRIN,20,45,168,379,63672
201507022605785,PRIN,5,7,16,386,6176
201507022606190,PRVU,45,28,11,318,3498
201507022606187,PRVU,51,28,11,318,3498
201507022606183,PRVU,34,28,11,319,3509
201507022606177,PRVU,7,28,11,320,3520
201507022606151,PRVU,41,10,590,317,187030
201507022605993,PRVU,50,39,62,320,19840
201507022605990,PRVU,50,21,200,319,63800
201507022605982,PRVU,50,7,146,320,46720
201507022605966,PRVU,14,14,88,322,28336
201507022605864,PRVU,42,59,1000,319,319000
201507022605820,PRVU,34,45,500,318,159000
201507022605975,PURBL,19,40,94,330,31020
201507022606268,RHPC,51,51,12,412,4944
201507022606255,RHPC,16,41,12,412,4944
201507022606251,RHPC,16,51,12,412,4944
201507022606241,RHPC,16,51,12,412,4944
201507022606210,RHPC,5,51,12,413,4956
201507022606104,RHPC,51,51,12,413,4956
201507022605949,RHPC,37,51,12,413,4956
201507022605933,RHPC,37,51,11,414,4554
201507022605929,RHPC,37,51,12,414,4968
201507022606083,RHPC,51,51,12,413,4956
201507022606010,RHPC,51,51,12,413,4956
201507022605996,RHPC,51,51,12,413,4956
201507022605979,RHPC,50,51,11,414,4554
201507022605978,RHPC,50,51,11,413,4543
201507022605964,RHPC,7,51,12,413,4956
201507022606209,RMDC,6,7,13,634,8242
201507022606169,RMDC,55,39,379,622,235738
201507022606045,RMDC,26,39,378,619,233982
201507022605980,RMDC,52,39,151,618,93318
201507022605850,RMDC,33,57,233,620,144460
201507022605790,SADBL,19,26,200,322,64400
201507022606218,SANIMA,11,47,223,554,123542
201507022606134,SANIMA,38,34,110,555,61050
201507022606113,SANIMA,36,47,77,554,42658
201507022606172,SBI,39,52,15,895,13425
201507022606208,SBL,47,28,500,666,333000
201507022605930,SBL,38,50,83,660,54780
201507022605862,SBL,22,45,154,660,101640
201507022605834,SBL,42,53,42,659,27678
201507022605787,SBL,42,35,370,659,243830
201507022606011,SBLPO,26,16,10,279,2790
201507022606005,SBLPO,26,16,10,284,2840
201507022606002,SBLPO,26,16,10,289,2890
201507022605999,SBLPO,26,16,10,294,2940
201507022605981,SBLPO,26,16,10,294,2940
201507022605977,SBLPO,26,16,10,300,3000
201507022606128,SCB,36,45,15,1900,28500
201507022606125,SCB,1,1,64,1896,121344
201507022606069,SCB,40,26,30,1899,56970
201507022606231,SDBL,16,16,840,190,159600
201507022606230,SDBL,16,26,500,190,95000
201507022606229,SDBL,16,5,600,190,114000
201507022606068,SDBL,59,16,500,190,95000
201507022606067,SDBL,17,16,160,190,30400
201507022606066,SDBL,45,16,100,190,19000
201507022605808,SDBL,55,7,648,191,123768
201507022606244,SETI,17,17,102,203,20706
201507022606234,SEWA,17,38,332,269,89308
201507022606274,SHINE,43,16,16,348,5568
201507022606273,SHINE,43,45,37,345,12765
201507022606272,SHINE,43,45,37,345,12765
201507022606257,SHL,46,51,485,423,205155
201507022606004,SHL,52,20,140,422,59080
201507022606226,SHPC,10,6,18,690,12420
201507022606119,SHPC,10,6,18,685,12330
201507022606117,SHPC,10,6,18,685,12330
201507022606116,SHPC,10,39,90,684,61560
201507022606040,SHPC,10,59,30,680,20400
201507022606027,SHPC,10,6,18,682,12276
201507022606025,SHPC,10,6,18,682,12276
201507022606024,SHPC,10,6,18,682,12276
201507022606023,SHPC,10,6,18,682,12276
201507022605985,SHPC,52,39,54,677,36558
201507022606192,SICL,17,7,100,705,70500
201507022606173,SICL,38,37,100,704,70400
201507022605960,SICL,42,38,50,704,35200
201507022605948,SICL,42,57,302,700,211400
201507022605877,SICL,5,39,170,695,118150
201507022606026,SKBBL,6,34,185,1288,238280
201507022605796,SKBBL,58,56,67,1285,86095
201507022605821,SLBBL,26,39,13,1606,20878
201507022606270,SLICL,28,14,729,673,490617
201507022606269,SLICL,26,21,34,669,22746
201507022606262,SLICL,28,6,205,672,137760
201507022606249,SLICL,28,21,552,671,370392
201507022606239,SLICL,28,21,200,670,134000
201507022606238,SLICL,28,35,300,668,200400
201507022606061,SLICL,7,43,34,670,22780
201507022606036,SLICL,7,21,54,670,36180
201507022606020,SLICL,28,21,500,667,333500
201507022605848,SLICL,26,11,42,671,28182
201507022606232,SLICL,36,42,100,665,66500
201507022606118,SLICL,53,35,428,666,285048
201507022606101,SLICL,28,35,468,667,312156
201507022606082,SLICL,28,21,500,667,333500
201507022605919,SMFDB,45,6,68,1608,109344
201507022606109,SRBL,21,57,180,406,73080
201507022606108,SRBL,53,57,500,407,203500
201507022606107,SRBL,50,57,310,407,126170
201507022605947,SRBL,50,38,190,407,77330
201507022606126,SUPRME,11,11,404,154,62216
201507022606049,SUPRME,26,28,500,154,77000
201507022605831,SUPRME,13,44,400,154,61600
201507022605827,SUPRME,26,44,500,154,77000
201507022605822,SUPRME,26,44,1000,154,154000
201507022605968,SWBBL,33,6,30,1590,47700
201507022605882,SWBBL,41,6,70,1600,112000
201507022605784,SWBBL,41,48,180,1600,288000
201507022606248,SYFL,49,33,1281,94,120414
201507022606122,SYFL,37,26,500,93,46500
201507022606100,SYFL,28,22,800,93,74400
201507022606038,SYFL,37,50,1000,94,94000
201507022605967,UFIL,11,11,10,137,1370
201507022605791,WDBL,51,51,21,298,6258
201507022606216,YETI,42,26,120,124,14880
201507022606201,YETI,49,26,50,125,6250
201507022605551,ADBL,36,28,70,408,28560
201507022605543,ADBL,55,51,600,407,244200
201507022605542,ADBL,36,51,31,407,12617
201507022605505,ADBL,36,51,31,407,12617
201507022605435,ADBL,42,57,210,405,85050
201507022605396,ADBL,37,51,31,407,12617
201507022605395,ADBL,37,51,30,407,12210
201507022605672,AHPC,4,36,550,313,172150
201507022605558,AHPC,32,41,46,316,14536
201507022605459,AHPC,17,41,46,317,14582
201507022605382,AHPC,46,47,46,317,14582
201507022605345,AHPC,46,34,90,317,28530
201507022605599,ALICL,25,33,100,1004,100400
201507022605469,ALICL,36,33,100,1003,100300
201507022605461,ALICL,36,33,100,1004,100400
201507022605402,ALICL,21,59,200,1004,200800
201507022605567,ARDBL,1,20,311,164,51004
201507022605546,ARDBL,28,20,100,165,16500
201507022605535,ARDBL,32,20,450,164,73800
201507022605522,ARDBL,43,20,200,166,33200
201507022605494,ARDBL,1,20,20,167,3340
201507022605759,BLDBL,7,26,200,315,63000
201507022605687,BLDBL,54,32,128,314,40192
201507022605331,BLDBL,45,45,1349,310,418190
201507022605616,CBBL,33,38,106,1690,179140
201507022605541,CBBL,33,17,171,1690,288990
201507022605311,CBBL,33,25,477,1695,808515
201507022605310,CBBL,33,48,100,1694,169400
201507022605644,CBL,53,51,545,269,146605
201507022605488,CBL,1,43,322,268,86296
201507022605452,CBL,39,39,142,267,37914
201507022605436,CBL,25,38,55,267,14685
201507022605392,CBL,26,14,68,268,18224
201507022605280,CBL,29,29,88,267,23496
201507022605762,CCBL,42,38,50,315,15750
201507022605646,CCBL,38,29,52,313,16276
201507022605617,CCBL,25,38,71,314,22294
201507022605600,CCBL,42,29,156,313,48828
201507022605590,CCBL,43,38,80,313,25040
201507022605559,CCBL,42,53,100,313,31300
201507022605533,CCBL,43,41,10,313,3130
201507022605527,CCBL,7,53,40,316,12640
201507022605490,CCBL,7,53,40,316,12640
201507022605489,CCBL,7,53,40,316,12640
201507022605347,CCBL,6,32,40,318,12720
201507022605636,CDBL,7,28,105,325,34125
201507022605507,CFCL,26,26,30,166,4980
201507022605728,CHCL,17,39,62,1540,95480
201507022605716,CHCL,52,39,100,1541,154100
201507022605611,CHCL,57,43,100,1544,154400
201507022605606,CHCL,6,6,72,1548,111456
201507022605588,CHCL,21,43,100,1543,154300
201507022605586,CHCL,29,49,152,1540,234080
201507022605487,CHCL,41,29,100,1543,154300
201507022605433,CHCL,26,45,58,1542,89436
201507022605425,CHCL,57,57,113,1540,174020
201507022605414,CHCL,41,49,80,1540,123200
201507022605323,CHCL,10,26,94,1541,144854
201507022605300,CHCL,48,38,331,1545,511395
201507022605582,CHCL,29,41,146,1538,224548
201507022605562,CHCL,36,17,18,1547,27846
201507022605545,CHCL,26,41,28,1542,43176
201507022605539,CHCL,19,41,114,1539,175446
201507022605519,CHCL,6,11,500,1536,768000
201507022605513,CHCL,41,41,149,1540,229460
201507022605296,CNDBL,25,32,20,151,3020
201507022605681,CZBIL,32,29,24,448,10752
201507022605667,CZBIL,42,29,24,448,10752
201507022605657,CZBIL,42,29,24,448,10752
201507022605621,CZBIL,20,19,24,447,10728
201507022605604,CZBIL,20,26,470,447,210090
201507022605447,CZBIL,13,14,72,447,32184
201507022605555,DDBL,51,32,37,1110,41070
201507022605554,DDBL,51,32,37,1110,41070
201507022605553,DDBL,51,32,37,1110,41070
201507022605737,EBL,6,38,374,2088,780912
201507022605713,EBL,26,38,200,2090,418000
201507022605709,EBL,17,28,100,2091,209100
201507022605706,EBL,17,28,100,2091,209100
201507022605703,EBL,17,28,100,2091,209100
201507022605677,EBL,51,59,42,2093,87906
201507022605575,EBL,54,44,1000,2090,2090000
201507022605308,EBLCP,13,13,18,985,17730
201507022605295,EBLCP,13,13,36,987,35532
201507022605288,EBLCP,13,13,36,985,35460
201507022605283,EBLCP,13,13,36,985,35460
201507022605279,EBLCP,13,13,36,985,35460
201507022605472,EIC,53,46,90,815,73350
201507022605467,EIC,53,17,100,815,81500
201507022605450,EIC,53,14,10,815,8150
201507022605581,EKBL,41,59,33,280,9240
201507022605578,EKBL,57,59,33,279,9207
201507022605571,EKBL,13,59,33,280,9240
201507022605482,EKBL,13,59,33,280,9240
201507022605479,EKBL,58,59,33,282,9306
201507022605309,EKBL,26,59,33,282,9306
201507022605305,EKBL,47,59,33,285,9405
201507022605755,GBIME,49,49,500,438,219000
201507022605752,GBIME,53,26,121,437,52877
201507022605749,GBIME,53,17,743,438,325434
201507022605745,GBIME,49,49,520,438,227760
201507022605736,GBIME,49,49,500,438,219000
201507022605733,GBIME,26,49,200,438,87600
201507022605442,GBIME,22,42,100,436,43600
201507022605427,GBIME,55,49,20,439,8780
201507022605633,GBIME,26,53,113,439,49607
201507022605538,GBIME,1,25,37,439,16243
201507022605534,GBIME,1,25,32,439,14048
201507022605524,GBIME,1,25,32,439,14048
201507022605523,GBIME,1,49,200,439,87800
201507022605453,GBIME,11,49,50,439,21950
201507022605772,GLICL,26,50,90,560,50400
201507022605726,GLICL,7,35,34,560,19040
201507022605574,GLICL,29,50,340,560,190400
201507022605517,GLICL,53,50,120,560,67200
201507022605492,GLICL,46,22,83,563,46729
201507022605491,GLICL,46,1,30,563,16890
201507022605390,HAMA,47,50,40,150,6000
201507022605389,HAMA,47,50,40,150,6000
201507022605457,HAMRO,14,26,50,246,12300
201507022605443,HBL,46,32,20,819,16380
201507022605441,HBL,5,32,90,819,73710
201507022605387,HBL,46,55,14,819,11466
201507022605338,HBL,53,14,204,815,166260
201507022605764,HDL,59,13,180,566,101880
201507022605632,HDL,16,59,100,566,56600
201507022605748,HGI,14,57,100,401,40100
201507022605747,HGI,6,57,200,402,80400
201507022605746,HGI,14,57,80,403,32240
201507022605366,HGI,39,32,200,400,80000
201507022605328,HGI,14,57,100,407,40700
201507022605327,HGI,36,57,300,410,123000
201507022605326,HGI,6,57,100,411,41100
201507022605573,ICFC,10,50,203,245,49735
201507022605549,ICFC,20,50,203,244,49532
201507022605315,IDBL,50,51,95,176,16720
201507022605597,JBBL,1,8,10,161,1610
201507022605568,JBBL,32,26,110,160,17600
201507022605550,JBBL,11,11,170,160,27200
201507022605767,JBNL,6,43,500,265,132500
201507022605684,JBNL,22,35,1000,266,266000
201507022605583,JBNL,36,16,85,265,22525
201507022605580,JBNL,1,16,85,265,22525
201507022605579,JBNL,14,16,85,265,22525
201507022605577,JBNL,40,16,85,265,22525
201507022605569,JBNL,36,36,55,268,14740
201507022605512,JBNL,6,35,1000,265,265000
201507022605456,JBNL,49,49,1000,265,265000
201507022605439,JBNL,22,35,1000,265,265000
201507022605608,JFL,52,7,75,379,28425
201507022605725,KBL,36,34,145,370,53650
201507022605720,KBL,47,34,151,370,55870
201507022605591,KBL,52,10,190,370,70300
201507022605434,KBL,58,14,90,370,33300
201507022605431,KBL,14,14,47,371,17437
201507022605388,KBL,21,34,202,370,74740
201507022605381,KBL,58,34,210,370,77700
201507022605376,KBL,21,34,260,370,96200
201507022605371,KBL,48,34,153,371,56763
201507022605335,KBL,48,34,512,370,189440
201507022605765,KDBL,20,51,42,145,6090
201507022605640,KDBL,20,19,740,145,107300
201507022605369,KDBL,20,47,149,145,21605
201507022605333,KDBL,20,16,33,146,4818
201507022605297,KDBL,20,22,85,146,12410
201507022605293,KDBL,20,22,85,146,12410
201507022605407,KEBL,16,41,26,375,9750
201507022605654,KMCDB,48,16,10,1012,10120
201507022605653,KMCDB,48,16,10,1012,10120
201507022605651,KMCDB,48,16,10,1012,10120
201507022605437,KNBL,28,16,82,283,23206
201507022605418,KNBL,28,16,82,283,23206
201507022605278,KRBL,18,41,10,252,2520
201507022605674,LBL,56,17,60,404,24240
201507022605528,LBL,51,22,65,404,26260
201507022605485,LBL,16,58,100,405,40500
201507022605751,LFLC,8,13,113,193,21809
201507022605742,LFLC,40,13,113,193,21809
201507022605423,LFLC,40,41,339,196,66444
201507022605685,LGIL,36,50,26,349,9074
201507022605286,LGIL,57,49,500,356,178000
201507022605285,LGIL,19,49,100,356,35600
201507022605771,LICN,16,16,100,2820,282000
201507022605721,LICN,57,40,100,2800,280000
201507022605692,LICN,48,41,200,2800,560000
201507022605689,LICN,57,47,200,2801,560200
201507022605683,LICN,57,21,300,2801,840300
201507022605675,LICN,14,47,110,2805,308550
201507022605313,LICN,45,6,41,2825,115825
201507022605504,LICN,48,47,100,2819,281900
201507022605499,LICN,14,47,16,2822,45152
201507022605495,LICN,32,47,50,2820,141000
201507022605493,LICN,57,21,67,2825,189275
201507022605424,LICN,5,8,100,2820,282000
201507022605397,LICN,57,35,26,2828,73528
201507022605669,LICN,57,47,80,2810,224800
201507022605631,LICN,57,22,101,2815,284315
201507022605622,LICN,19,22,20,2822,56440
201507022605576,LICN,57,41,200,2816,563200
201507022605572,LICN,48,41,200,2817,563400
201507022605520,LICN,14,47,200,2818,563600
201507022605701,LLBS,21,6,10,780,7800
201507022605699,LLBS,21,6,10,780,7800
201507022605664,LLBS,21,6,10,780,7800
201507022605663,LLBS,21,6,10,780,7800
201507022605662,LLBS,21,6,10,775,7750
201507022605661,LLBS,21,6,10,775,7750
201507022605377,LLBS,1,6,10,767,7670
201507022605363,LLBS,1,6,10,767,7670
201507022605660,LLBS,21,6,10,775,7750
201507022605659,LLBS,21,6,10,775,7750
201507022605658,LLBS,21,1,20,770,15400
201507022605413,LLBS,25,25,20,765,15300
201507022605393,LLBS,1,6,10,767,7670
201507022605386,LLBS,1,6,10,767,7670
201507022605722,LUBL,13,13,110,338,37180
201507022605673,LUBL,13,48,200,337,67400
201507022605629,LUBL,53,14,2000,334,668000
201507022605625,LUBL,53,50,133,338,44954
201507022605623,LUBL,35,14,5000,334,1670000
201507022605593,LUBL,13,10,96,337,32352
201507022605500,LUBL,51,13,110,337,37070
201507022605339,LUBL,53,56,1000,339,339000
201507022605560,MBBL,32,21,24,190,4560
201507022605486,MBBL,57,5,154,190,29260
201507022605778,MBL,34,4,1000,555,555000
201507022605696,MBL,20,50,411,557,228927
201507022605634,MBL,41,32,11,557,6127
201507022605544,MBL,13,13,500,555,277500
201507022605502,MBL,16,16,205,554,113570
201507022605481,MBL,45,7,18,556,10008
201507022605312,MBL,45,50,60,556,33360
201507022605478,MBL,1,16,500,555,277500
201507022605477,MBL,1,16,500,555,277500
201507022605446,MBL,39,22,111,556,61716
201507022605400,MBL,48,13,500,554,277000
201507022605378,MBL,48,16,484,556,269104
201507022605344,MBL,39,13,500,556,278000
201507022605476,MDB,6,26,128,490,62720
201507022605449,MDB,25,26,500,491,245500
201507022605743,MDBL,38,7,115,230,26450
201507022605652,MLBBL,17,21,12,900,10800
201507022605648,MLBBL,17,21,12,900,10800
201507022605647,MLBBL,17,21,12,900,10800
201507022605532,MLBBL,17,21,12,900,10800
201507022605776,MNBBL,49,42,500,534,267000
201507022605735,MNBBL,56,22,24,535,12840
201507022605732,MNBBL,17,22,14,536,7504
201507022605589,MNBBL,17,26,80,536,42880
201507022605341,MSBBL,17,39,20,228,4560
201507022605536,NABIL,11,40,70,1905,133350
201507022605428,NABIL,11,40,100,1905,190500
201507022605404,NABIL,43,45,15,1910,28650
201507022605336,NABIL,54,17,500,1900,950000
201507022605342,NABILP,49,49,510,1310,668100
201507022605340,NABILP,59,6,500,1312,656000
201507022605521,NABILP,16,6,500,1314,657000
201507022605501,NABILP,40,48,790,1310,1034900
201507022605734,NBB,51,45,42,509,21378
201507022605727,NBB,32,1,500,509,254500
201507022605718,NBB,6,1,90,510,45900
201507022605714,NBB,33,1,50,510,25500
201507022605711,NBB,6,7,110,510,56100
201507022605705,NBB,45,7,100,510,51000
201507022605511,NBB,17,18,18,510,9180
201507022605508,NBB,17,18,36,510,18360
201507022605506,NBB,17,18,36,510,18360
201507022605455,NBB,10,8,55,508,27940
201507022605682,NBB,17,17,42,510,21420
201507022605678,NBB,25,17,57,510,29070
201507022605627,NBB,45,5,300,510,153000
201507022605615,NBB,45,36,900,510,459000
201507022605516,NBB,32,33,426,509,216834
201507022605498,NBF1,6,33,4575,14,61991
201507022605351,NBF1,17,33,2997,14,40519
201507022605349,NBF1,17,37,1798,14,24345
201507022605761,NBL,48,44,1000,277,277000
201507022605760,NBL,17,44,500,277,138500
201507022605702,NBL,34,22,500,278,139000
201507022605585,NBL,42,44,100,279,27900
201507022605422,NBL,11,44,500,278,139000
201507022605421,NBL,32,44,300,278,83400
201507022605420,NBL,47,44,200,278,55600
201507022605419,NBL,21,44,300,278,83400
201507022605385,NBL,13,44,300,279,83700
201507022605374,NBL,11,36,500,278,139000
201507022605373,NBL,11,44,100,279,27900
201507022605372,NBL,11,44,90,279,25110
201507022605628,NCCB,56,11,337,437,147269
201507022605531,NCCB,41,5,200,437,87400
201507022605464,NCCB,56,19,227,439,99653
201507022605445,NCM,7,39,21,233,4893
201507022605375,NEFL,42,42,49,222,10878
201507022605368,NEFL,42,42,65,222,14430
201507022605367,NEFL,42,42,65,222,14430
201507022605365,NEFL,42,42,65,222,14430
201507022605361,NEFL,42,42,65,222,14430
201507022605360,NEFL,42,42,65,222,14430
201507022605353,NEFL,42,42,65,222,14430
201507022605303,NEFL,42,42,33,226,7458
201507022605359,NEFL,42,42,65,222,14430
201507022605358,NEFL,42,42,65,222,14430
201507022605357,NEFL,42,42,65,222,14430
201507022605356,NEFL,42,42,65,222,14430
201507022605355,NEFL,42,42,65,222,14430
201507022605354,NEFL,42,42,65,222,14430
201507022605740,NHPC,42,6,500,117,58500
201507022605739,NHPC,5,6,500,117,58500
201507022605738,NHPC,41,6,1000,117,117000
201507022605480,NHPC,42,6,500,117,58500
201507022605475,NHPC,16,6,1000,117,117000
201507022605415,NHPC,32,6,820,117,95940
201507022605601,NIB,32,26,219,705,154395
201507022605710,NIBPO,28,38,200,506,101200
201507022605618,NIBPO,48,55,1000,507,507000
201507022605566,NIBPO,19,55,1000,507,507000
201507022605556,NIBPO,55,55,1000,507,507000
201507022605394,NIBPO,35,55,1000,507,507000
201507022605693,NICA,11,13,200,610,122000
201507022605649,NICA,25,53,46,609,28014
201507022605645,NICA,25,53,46,609,28014
201507022605643,NICA,25,29,76,608,46208
201507022605642,NICA,25,29,15,608,9120
201507022605639,NICA,25,29,57,608,34656
201507022605530,NICA,55,6,115,609,70035
201507022605529,NICA,55,39,30,609,18270
201507022605525,NICA,55,6,69,609,42021
201507022605337,NICA,29,29,30,609,18270
201507022605540,NICL,59,57,487,400,194800
201507022605515,NICL,59,44,200,400,80000
201507022605497,NICL,35,48,100,402,40200
201507022605474,NICL,35,17,100,402,40200
201507022605700,NIL,39,39,10,434,4340
201507022605613,NIL,39,39,11,442,4862
201507022605650,NLG,48,48,500,565,282500
201507022605620,NLG,16,40,300,566,169800
201507022605775,NLIC,16,44,100,2889,288900
201507022605774,NLIC,16,38,120,2888,346560
201507022605707,NLIC,56,44,100,2888,288800
201507022605584,NLIC,48,44,100,2884,288400
201507022605334,NLIC,22,35,89,2880,256320
201507022605763,NLICL,26,25,45,1875,84375
201507022605548,NLICL,48,28,200,1870,374000
201507022605547,NLICL,48,59,60,1870,112200
201507022605380,NLICL,35,28,100,1870,187000
201507022605468,NTC,3,39,150,619,92850
201507022605346,NTC,5,29,100,619,61900
201507022605637,NTC,3,6,200,619,123800
201507022605563,NUBL,32,51,100,1265,126500
201507022605411,OHL,38,38,20,604,12080
201507022605282,OHL,5,46,150,605,90750
201507022605766,PCBL,42,43,900,441,396900
201507022605719,PCBL,28,28,66,441,29106
201507022605626,PCBL,25,19,27,441,11907
201507022605598,PCBL,39,26,805,440,354200
201507022605514,PCBL,36,21,187,442,82654
201507022605444,PCBL,43,14,50,441,22050
201507022605440,PCBL,17,57,233,441,102753
201507022605317,PCBL,22,44,490,443,217070
201507022605306,PCBL,43,49,40,441,17640
201507022605609,PICL,13,11,1000,395,395000
201507022605638,PLIC,49,49,500,1165,582500
201507022605316,PLIC,57,49,200,1170,234000
201507022605299,PLIC,1,28,93,1170,108810
201507022605298,PLIC,1,49,200,1169,233800
201507022605291,PLIC,1,28,147,1170,171990
201507022605284,PLIC,57,1,310,1168,362080
201507022605773,PRIN,20,7,100,390,39000
201507022605592,PRIN,53,7,117,393,45981
201507022605510,PRIN,53,49,68,400,27200
201507022605401,PRIN,5,58,165,407,67155
201507022605758,PRVU,7,11,12,320,3840
201507022605666,PRVU,7,17,31,320,9920
201507022605518,PRVU,5,57,326,316,103016
201507022605503,PRVU,7,42,11,320,3520
201507022605496,PRVU,7,42,11,320,3520
201507022605406,PRVU,57,39,544,318,172992
201507022605756,PURBL,19,6,120,329,39480
201507022605294,PURBL,29,29,70,335,23450
201507022605292,PURBL,29,40,11,335,3685
201507022605712,RBCL,25,38,51,4995,254745
201507022605465,RBCLPO,59,59,100,4145,414500
201507022605777,REDBL,11,43,158,207,32706
201507022605432,REDBL,45,36,527,206,108562
201507022605430,REDBL,45,42,49,204,9996
201507022605398,REDBL,56,36,628,202,126856
201507022605322,REDBL,40,36,480,202,96960
201507022605321,REDBL,56,36,1000,202,202000
201507022605680,RHPC,37,21,12,414,4968
201507022605676,RHPC,37,21,12,414,4968
201507022605671,RHPC,37,21,12,413,4956
201507022605670,RHPC,37,21,12,413,4956
201507022605656,RHPC,37,21,12,413,4956
201507022605460,RHPC,25,25,11,412,4532
201507022605429,RHPC,45,49,66,413,27258
201507022605417,RHPC,29,29,25,412,10300
201507022605289,RHPC,20,49,66,413,27258
201507022605287,RHPC,20,49,66,413,27258
201507022605744,SADBL,58,58,1000,324,324000
201507022605768,SANIMA,40,40,3320,556,1845920
201507022605715,SANIMA,48,48,157,554,86978
201507022605694,SANIMA,4,45,85,555,47175
201507022605595,SANIMA,56,16,75,554,41550
201507022605483,SANIMA,36,43,345,553,190785
201507022605698,SBI,46,56,48,898,43104
201507022605688,SBI,17,59,312,894,278928
201507022605484,SBI,20,32,151,896,135296
201507022605463,SBI,22,32,1578,891,1405998
201507022605690,SBL,48,48,42,657,27594
201507022605754,SCB,22,41,105,1901,199605
201507022605750,SCB,22,41,235,1900,446500
201507022605565,SCB,28,40,110,1900,209000
201507022605416,SCB,40,40,200,1900,380000
201507022605409,SCB,43,45,12,1915,22980
201507022605379,SCB,21,41,100,1900,190000
201507022605364,SCB,40,41,155,1900,294500
201507022605348,SCB,26,41,100,1901,190100
201507022605304,SCB,3,19,64,1908,122112
201507022605290,SCB,26,41,100,1905,190500
201507022605729,SHBL,55,1,10,1155,11550
201507022605686,SHBL,16,45,300,1142,342600
201507022605350,SHBL,55,13,10,1165,11650
201507022605695,SHINE,25,16,100,345,34500
201507022605324,SHINE,47,50,18,345,6210
201507022605320,SHINE,47,50,18,345,6210
201507022605405,SHINE,25,45,102,346,35292
201507022605332,SHINE,47,50,101,345,34845
201507022605330,SHINE,47,50,18,345,6210
201507022605325,SHINE,47,50,18,345,6210
201507022605624,SHINE,25,29,61,350,21350
201507022605614,SHINE,25,39,101,350,35350
201507022605770,SHPC,25,6,18,677,12186
201507022605679,SHPC,10,28,500,670,335000
201507022605281,SHPC,10,6,18,682,12276
201507022605612,SHPC,52,6,18,677,12186
201507022605537,SHPC,52,41,10,677,6770
201507022605471,SHPC,10,57,119,680,80920
201507022605697,SIC,11,25,42,785,32970
201507022605691,SICL,17,25,315,700,220500
201507022605635,SIGS1,7,45,3300,15,49830
201507022605630,SIGS1,56,45,5000,15,75500
201507022605384,SIGS1,56,33,10000,15,151000
201507022605343,SIGS1,6,37,4000,15,60400
201507022605757,SKBBL,52,14,229,1282,293578
201507022605564,SKBBL,25,25,12,1285,15420
201507022605561,SKBBL,25,25,12,1285,15420
201507022605557,SKBBL,25,25,12,1285,15420
201507022605552,SKBBL,25,25,12,1285,15420
201507022605302,SKBBL,41,32,200,1290,258000
201507022605301,SKBBL,45,32,20,1310,26200
201507022605596,SLBBL,21,35,74,1575,116550
201507022605753,SLICL,26,43,55,674,37070
201507022605641,SLICL,45,18,30,675,20250
201507022605610,SLICL,32,35,100,671,67100
201507022605594,SLICL,8,6,500,670,335000
201507022605438,SRBL,11,38,200,408,81600
201507022605314,SRBL,53,51,850,409,347650
201507022605307,SRBL,52,51,150,409,61350
201507022605470,SYFL,29,14,90,94,8460
201507022605587,UFCL,20,14,122,93,11346
201507022605403,UFIL,18,38,25,137,3425
201507022605730,UIC,41,16,110,405,44550
201507022605665,UIC,17,16,140,401,56140
201507022605399,WDBL,17,14,13,297,3861
201507022605708,YETI,42,22,150,124,18600
201507022605668,YETI,42,17,30,124,3720
201507022605619,YETI,49,51,20,125,2500
201507022605526,YETI,49,41,20,125,2500
201507022605466,YETI,49,41,20,125,2500
201507022605454,YETI,49,41,20,125,2500
201507022605408,YETI,49,29,23,125,2875
201507022605383,YETI,49,29,20,125,2500
201507022604877,ADBL,7,51,700,407,284900
201507022605241,AHPC,7,14,363,315,114345
201507022605000,AHPC,1,26,558,312,174096
201507022604957,AHPC,46,6,63,317,19971
201507022604884,AHPC,1,45,41,318,13038
201507022604869,AHPC,52,29,45,318,14310
201507022604866,AHPC,52,29,45,318,14310
201507022604864,AHPC,1,29,45,318,14310
201507022604808,AHPC,52,52,201,317,63717
201507022605154,ALDBL,41,6,118,311,36698
201507022604819,ALICL,41,49,20,1004,20080
201507022605162,APEX,4,25,11,122,1342
201507022605158,APEX,4,8,20,120,2400
201507022605153,APEX,4,32,300,120,36000
201507022605149,APEX,51,8,20,119,2380
201507022605142,APEX,1,57,772,120,92640
201507022605139,APEX,51,8,20,119,2380
201507022604969,APEX,1,8,20,120,2400
201507022604965,APEX,1,8,20,120,2400
201507022604949,APEX,1,47,40,120,4800
201507022605076,APEX,39,8,20,118,2360
201507022605063,APEX,39,8,20,118,2360
201507022605031,APEX,39,38,45,119,5355
201507022605014,APEX,47,38,45,119,5355
201507022604995,APEX,1,8,20,120,2400
201507022605127,APEX,19,8,20,120,2400
201507022605123,APEX,51,8,20,119,2380
201507022605110,APEX,51,8,20,119,2380
201507022605104,APEX,51,51,50,119,5950
201507022605101,APEX,51,8,20,119,2380
201507022605090,APEX,51,8,20,119,2380
201507022605136,ARDBL,43,25,42,168,7056
201507022605046,ARDBL,5,5,73,168,12264
201507022605040,ARDBL,5,5,73,168,12264
201507022604813,ARDBL,37,37,52,167,8684
201507022604812,ARDBL,37,37,52,167,8684
201507022604907,BLDBL,7,45,500,313,156500
201507022604871,BLDBL,50,8,96,315,30240
201507022605204,BUDBL,32,11,27,200,5400
201507022605265,CBBL,45,21,35,1698,59430
201507022605129,CBBL,16,48,200,1694,338800
201507022605125,CBBL,16,45,42,1690,70980
201507022605032,CBBL,6,41,30,1690,50700
201507022604805,CBBL,57,45,400,1690,676000
201507022605263,CBL,29,29,88,267,23496
201507022605256,CBL,29,29,88,267,23496
201507022605235,CBL,29,29,88,267,23496
201507022605207,CBL,29,29,88,267,23496
201507022605187,CBL,29,29,88,267,23496
201507022605108,CBL,22,16,270,269,72630
201507022604786,CBL,19,48,40,270,10800
201507022604780,CBL,13,13,135,270,36450
201507022604779,CBL,13,21,72,270,19440
201507022604777,CBL,13,35,235,268,62980
201507022604934,CBL,49,49,144,267,38448
201507022604929,CBL,49,49,981,267,261927
201507022604928,CBL,29,29,88,268,23584
201507022604920,CBL,6,28,36,267,9612
201507022604854,CBL,13,45,133,266,35378
201507022604803,CBL,13,13,135,270,36450
201507022604983,CBL,29,29,88,268,23584
201507022604982,CBL,29,29,88,268,23584
201507022604981,CBL,29,11,84,267,22428
201507022604968,CBL,6,33,562,267,150054
201507022604962,CBL,19,5,57,267,15219
201507022604956,CBL,6,5,105,267,28035
201507022605100,CBL,29,29,88,267,23496
201507022605099,CBL,22,11,111,267,29637
201507022605080,CBL,13,43,52,266,13832
201507022605036,CBL,29,29,88,267,23496
201507022605011,CBL,13,42,500,266,133000
201507022605008,CBL,1,42,500,266,133000
201507022605234,CCBL,38,41,187,315,58905
201507022605215,CCBL,36,21,1000,314,314000
201507022605184,CCBL,36,35,1000,313,313000
201507022605132,CCBL,21,35,1000,312,312000
201507022605027,CCBL,28,11,40,316,12640
201507022605026,CCBL,28,47,40,315,12600
201507022604959,CCBL,35,35,5000,310,1550000
201507022604950,CCBL,35,35,1000,312,312000
201507022604930,CCBL,39,35,1000,312,312000
201507022605175,CDBL,44,3,24,331,7944
201507022605084,CDBL,7,22,17,325,5525
201507022604986,CFCL,43,39,464,163,75632
201507022604980,CFCL,32,39,95,164,15580
201507022605196,CHCL,6,6,396,1545,611820
201507022605192,CHCL,36,41,36,1545,55620
201507022605150,CHCL,21,14,65,1545,100425
201507022605146,CHCL,36,20,61,1549,94489
201507022605145,CHCL,36,43,100,1548,154800
201507022605141,CHCL,7,14,51,1548,78948
201507022604790,CHCL,21,21,28,1546,43288
201507022604829,CHCL,21,21,28,1545,43260
201507022604828,CHCL,1,26,13,1553,20189
201507022604826,CHCL,21,21,28,1545,43260
201507022604816,CHCL,36,7,26,1545,40170
201507022604799,CHCL,21,21,28,1546,43288
201507022604793,CHCL,21,21,28,1546,43288
201507022604837,CHCL,1,26,13,1554,20202
201507022604836,CHCL,21,21,28,1545,43260
201507022604834,CHCL,21,21,28,1545,43260
201507022604832,CHCL,21,21,28,1545,43260
201507022604831,CHCL,21,45,19,1545,29355
201507022604830,CHCL,21,45,19,1545,29355
201507022604845,CHCL,21,21,28,1545,43260
201507022604844,CHCL,21,21,28,1545,43260
201507022604841,CHCL,21,21,28,1545,43260
201507022604840,CHCL,21,21,28,1545,43260
201507022604839,CHCL,36,45,126,1540,194040
201507022604838,CHCL,21,21,28,1545,43260
201507022604859,CHCL,21,21,28,1545,43260
201507022604858,CHCL,21,21,28,1545,43260
201507022604857,CHCL,21,21,28,1545,43260
201507022604855,CHCL,21,21,28,1545,43260
201507022604853,CHCL,21,21,28,1545,43260
201507022604852,CHCL,21,21,28,1545,43260
201507022605002,CHCL,41,43,100,1547,154700
201507022604997,CHCL,13,29,300,1545,463500
201507022604977,CHCL,36,17,352,1545,543840
201507022604911,CHCL,29,16,28,1545,43260
201507022604888,CHCL,26,16,113,1545,174585
201507022604886,CHCL,42,16,113,1545,174585
201507022605137,CHCL,57,43,100,1547,154700
201507022605128,CHCL,32,38,56,1545,86520
201507022605075,CHCL,41,43,100,1547,154700
201507022605059,CHCL,45,11,500,1541,770500
201507022605045,CHCL,41,14,100,1546,154600
201507022605009,CHCL,36,26,255,1548,394740
201507022604842,CNDBL,25,21,40,151,6040
201507022605151,CZBIL,13,58,46,447,20562
201507022605015,CZBIL,10,29,102,447,45594
201507022605004,CZBIL,16,29,88,447,39336
201507022604937,CZBIL,32,5,100,451,45100
201507022605269,DDBL,55,32,37,1100,40700
201507022605260,DDBL,59,59,1463,1110,1623930
201507022604801,DDBL,33,44,1851,1110,2054610
201507022605208,EBL,25,44,100,2091,209100
201507022605203,EBL,36,48,65,2091,135915
201507022605194,EBL,22,38,113,2090,236170
201507022605190,EBL,22,33,156,2090,326040
201507022605043,EBL,54,44,100,2085,208500
201507022604784,EBL,22,45,100,2060,206000
201507022604908,EBL,11,26,153,2070,316710
201507022604818,EBL,36,51,164,2079,340956
201507022604802,EBL,36,35,50,2075,103750
201507022604788,EBL,55,55,12,2061,24732
201507022604787,EBL,11,45,67,2060,138020
201507022604785,EBL,22,45,100,2060,206000
201507022604998,EBL,5,44,100,2081,208100
201507022604991,EBL,53,35,227,2077,471479
201507022604973,EBL,25,20,114,2078,236892
201507022604963,EBL,14,35,310,2075,643250
201507022604936,EBL,17,17,88,2077,182776
201507022605168,GBIME,19,42,100,440,44000
201507022605126,GBIME,47,19,392,439,172088
201507022605174,GLICL,36,50,160,560,89600
201507022605093,GLICL,36,47,41,560,22960
201507022605068,GLICL,53,25,14,556,7784
201507022605244,HAMA,39,50,40,150,6000
201507022605239,HAMA,39,50,40,150,6000
201507022604887,HBL,1,20,21,815,17115
201507022605071,HBL,11,52,63,820,51660
201507022604795,HGI,36,32,200,415,83000
201507022604783,HGI,6,32,100,423,42300
201507022604993,ICFC,22,21,66,244,16104
201507022604987,ICFC,13,13,173,245,42385
201507022604878,ICFC,13,13,89,247,21983
201507022604874,ICFC,13,13,116,247,28652
201507022605242,IDBL,26,26,11,176,1936
201507022605240,IDBL,26,26,11,173,1903
201507022605238,IDBL,26,26,11,173,1903
201507022605237,IDBL,26,26,11,173,1903
201507022605217,IDBL,26,8,11,170,1870
201507022605216,IDBL,26,8,11,170,1870
201507022604822,IDBL,37,37,22,173,3806
201507022604915,IDBL,16,8,11,168,1848
201507022604910,IDBL,16,8,11,167,1837
201507022604903,IDBL,16,8,11,167,1837
201507022604863,IDBL,57,8,11,170,1870
201507022604860,IDBL,26,8,11,170,1870
201507022604850,IDBL,16,8,11,170,1870
201507022605202,IDBL,49,26,11,168,1848
201507022604954,IDBL,41,8,11,165,1815
201507022604946,IDBL,45,8,11,165,1815
201507022604943,IDBL,41,8,11,166,1826
201507022604941,IDBL,41,8,11,166,1826
201507022604938,IDBL,41,8,11,166,1826
201507022605272,INDB,19,48,118,385,45430
201507022605270,JBBL,25,8,10,159,1590
201507022605267,JBBL,25,8,10,159,1590
201507022605250,JBBL,25,8,10,159,1590
201507022605243,JBBL,25,8,10,159,1590
201507022605230,JBBL,25,8,10,159,1590
201507022605212,JBBL,13,8,10,158,1580
201507022605096,JBBL,36,26,53,163,8639
201507022604804,JBBL,17,45,74,160,11840
201507022605205,JBBL,13,8,10,158,1580
201507022605200,JBBL,36,8,10,161,1610
201507022605199,JBBL,36,8,10,161,1610
201507022605198,JBBL,36,8,10,161,1610
201507022605197,JBBL,36,8,10,161,1610
201507022605112,JBBL,11,3,32,164,5248
201507022605201,JBNL,6,53,1510,265,400150
201507022605166,JBNL,34,53,200,265,53000
201507022605165,JBNL,36,53,700,265,185500
201507022605164,JBNL,13,53,200,265,53000
201507022605163,JBNL,43,53,100,266,26600
201507022605148,JBNL,8,53,19,267,5073
201507022604932,JBNL,32,48,38,267,10146
201507022605135,JBNL,19,53,30,272,8160
201507022605134,JBNL,16,53,30,272,8160
201507022605133,JBNL,19,53,30,272,8160
201507022605120,JBNL,6,44,682,268,182776
201507022605070,JBNL,32,48,189,267,50463
201507022605050,JBNL,38,48,440,266,117040
201507022605041,KAFIL,14,11,31,236,7316
201507022605231,KBL,58,7,113,371,41923
201507022605143,KBL,48,34,191,373,71243
201507022605116,KBL,17,32,100,375,37500
201507022605013,KBL,5,34,240,374,89760
201507022605113,KDBL,28,19,850,144,122400
201507022605091,KDBL,28,45,150,144,21600
201507022604927,KDBL,28,19,1000,144,144000
201507022604899,KMCDB,17,16,10,1030,10300
201507022604953,KMCDB,17,16,10,1030,10300
201507022604906,KMCDB,17,16,10,1030,10300
201507022604901,KMCDB,17,16,10,1030,10300
201507022604971,KMCDB,17,16,10,1030,10300
201507022604792,KRBL,57,25,490,248,121520
201507022604791,KRBL,41,52,40,251,10040
201507022605069,LBL,51,14,109,404,44036
201507022604935,LBL,5,37,145,405,58725
201507022604891,LBL,56,48,179,403,72137
201507022604875,LBL,40,37,143,402,57486
201507022604867,LBL,40,53,100,402,40200
201507022604833,LBL,40,37,155,402,62310
201507022605061,LGIL,39,49,20,363,7260
201507022605169,LICN,14,49,30,2822,84660
201507022605152,LICN,26,21,108,2820,304560
201507022605109,LICN,14,21,200,2813,562600
201507022605095,LICN,45,21,100,2815,281500
201507022605092,LICN,21,21,100,2816,281600
201507022605081,LICN,45,21,100,2820,282000
201507022605044,LICN,1,7,100,2820,282000
201507022604924,LICN,21,21,100,2825,282500
201507022604881,LICN,14,50,182,2820,513240
201507022605189,LLBS,38,34,41,768,31488
201507022604821,LLBS,16,16,10,768,7680
201507022604815,LLBS,16,16,10,768,7680
201507022604811,LLBS,16,16,10,768,7680
201507022605124,LUBL,16,11,50,338,16900
201507022605119,LUBL,39,39,500,336,168000
201507022605115,LUBL,1,39,1000,338,338000
201507022605102,LUBL,13,56,1000,340,340000
201507022605195,MBL,49,20,5000,550,2750000
201507022605171,MBL,33,33,1295,551,713545
201507022605160,MBL,33,33,4671,551,2573721
201507022605131,MBL,49,20,2000,552,1104000
201507022605105,MBL,14,38,200,555,111000
201507022605083,MBL,28,52,32,556,17792
201507022604966,MBL,14,50,603,559,337077
201507022604925,MBL,28,8,150,556,83400
201507022604789,MBL,16,39,46,562,25852
201507022605138,MDB,6,52,32,500,16000
201507022605051,MDBL,32,32,297,230,68310
201507022604797,MDBL,47,36,44,230,10120
201507022605232,MNBBL,1,43,179,539,96481
201507022605210,MNBBL,1,43,117,537,62829
201507022605209,MNBBL,1,43,240,537,128880
201507022604978,MSBBL,26,6,878,224,196672
201507022604972,MSBBL,50,21,81,222,17982
201507022604922,MSBBL,26,21,549,218,119682
201507022605130,NABIL,29,45,100,1910,191000
201507022605089,NABIL,54,32,200,1910,382000
201507022605087,NABIL,54,3,270,1910,515700
201507022605086,NABIL,54,40,150,1908,286200
201507022605025,NABIL,54,57,381,1910,727710
201507022605024,NABIL,54,40,200,1910,382000
201507022605018,NABIL,53,40,200,1900,380000
201507022605017,NABIL,19,40,10,1900,19000
201507022604948,NABIL,1,40,190,1900,361000
201507022604947,NABIL,48,40,80,1900,152000
201507022604796,NABIL,1,59,110,1900,209000
201507022605228,NBB,33,33,836,510,426360
201507022605211,NBB,33,53,500,509,254500
201507022605176,NBB,51,44,300,508,152400
201507022605173,NBB,51,26,100,508,50800
201507022604843,NBB,48,18,36,513,18468
201507022604798,NBB,33,6,275,514,141350
201507022604905,NBB,48,45,170,513,87210
201507022604904,NBB,48,53,50,515,25750
201507022604902,NBB,32,10,62,515,31930
201507022604900,NBB,48,26,330,513,169290
201507022604870,NBB,33,6,213,514,109482
201507022605167,NBB,51,39,310,508,157480
201507022605155,NBB,51,53,500,509,254500
201507022605079,NBB,32,22,11,514,5654
201507022604909,NBB,26,53,154,511,78694
201507022605259,NBF1,6,33,4575,14,61808
201507022605254,NBF1,17,33,10000,14,135000
201507022605249,NBF1,5,33,2997,14,40609
201507022605261,NBL,26,51,1500,278,417000
201507022604975,NBL,46,14,500,279,139500
201507022604967,NBL,17,48,500,277,138500
201507022604919,NBL,11,20,105,279,29295
201507022604917,NBL,11,11,80,279,22320
201507022604883,NBL,11,43,500,279,139500
201507022604882,NBL,11,43,330,279,92070
201507022604880,NBL,11,43,500,279,139500
201507022605172,NCCB,56,5,400,437,174800
201507022604961,NCCB,56,6,400,437,174800
201507022604952,NCCB,8,5,490,438,214620
201507022604914,NCCB,1,6,500,439,219500
201507022605003,NCDB,28,39,10,349,3490
201507022605253,NHPC,6,6,1000,117,117000
201507022604939,NHPC,32,32,100,116,11600
201507022604894,NHPC,32,6,200,118,23600
201507022604827,NHPC,41,6,50,120,6000
201507022605236,NIB,33,16,119,706,84014
201507022605060,NIB,33,44,189,705,133245
201507022605054,NIB,14,44,260,706,183560
201507022604984,NIB,32,11,88,710,62480
201507022605252,NIBPO,43,29,100,507,50700
201507022605180,NIBPO,43,55,500,508,254000
201507022605159,NIBPO,52,55,500,508,254000
201507022605098,NIBPO,17,55,500,507,253500
201507022605057,NIBPO,43,55,500,507,253500
201507022605038,NIBPO,52,55,500,506,253000
201507022605257,NICA,32,34,79,609,48111
201507022605251,NICA,32,50,500,608,304000
201507022605246,NICA,22,39,46,607,27922
201507022605188,NICA,29,50,500,605,302500
201507022605161,NICA,22,34,527,607,319889
201507022604976,NICA,22,14,30,602,18060
201507022604970,NICA,39,47,59,610,35990
201507022604862,NICA,51,14,500,604,302000
201507022604861,NICA,22,14,500,605,302500
201507022604865,NICL,39,6,205,404,82820
201507022604955,NLG,41,40,100,565,56500
201507022605255,NLIC,28,28,51,2880,146880
201507022605117,NLIC,32,35,50,2876,143800
201507022605042,NLIC,16,50,100,2875,287500
201507022605034,NLIC,19,14,10,2882,28820
201507022604921,NLIC,54,36,200,2875,575000
201507022604916,NLIC,52,35,120,2875,345000
201507022604895,NLIC,16,17,102,2875,293250
201507022604893,NLIC,16,21,200,2875,575000
201507022604892,NLIC,16,17,100,2875,287500
201507022604873,NLIC,54,44,100,2880,288000
201507022604817,NLIC,34,44,100,2881,288100
201507022605056,NNLB,39,45,16,830,13280
201507022605191,NTC,3,53,100,623,62300
201507022605177,NTC,3,43,100,621,62100
201507022604823,NTC,38,35,50,620,31000
201507022604810,NTC,38,35,160,620,99200
201507022604868,NTC,38,52,400,620,248000
201507022604945,NTC,38,51,100,620,62000
201507022604926,NTC,59,59,1050,615,645750
201507022604851,NUBL,29,53,114,1270,144780
201507022604849,NUBL,43,53,100,1271,127100
201507022604835,OHL,25,45,110,610,67100
201507022604794,OHL,44,44,2470,609,1504230
201507022605073,PADBL,14,6,70,392,27440
201507022605065,PADBL,38,43,160,387,61920
201507022605271,PCBL,25,51,614,443,272002
201507022604913,PCBL,29,29,70,442,30940
201507022604824,PCBL,39,37,15,441,6615
201507022604781,PCBL,39,37,15,441,6615
201507022605268,PLIC,57,44,598,1165,696670
201507022605266,PLIC,57,47,93,1160,107880
201507022605262,PLIC,57,39,54,1160,62640
201507022605066,PLIC,11,52,60,1150,69000
201507022605035,PLIC,21,21,72,1151,82872
201507022605023,PLIC,26,49,500,1155,577500
201507022605022,PLIC,1,49,600,1155,693000
201507022605021,PLIC,18,49,500,1155,577500
201507022605020,PLIC,48,49,600,1156,693600
201507022605007,PLIC,32,49,300,1160,348000
201507022604958,PLIC,8,1,40,1169,46760
201507022605247,PROFL,36,36,1010,161,162610
201507022605193,PRVU,21,21,197,318,62646
201507022605185,PRVU,34,43,380,317,120460
201507022605183,PRVU,5,47,11,319,3509
201507022605181,PRVU,51,43,100,318,31800
201507022605067,PRVU,43,42,11,317,3487
201507022605062,PRVU,51,42,11,318,3498
201507022604807,PRVU,34,42,11,320,3520
201507022605048,PRVU,51,42,11,318,3498
201507022604992,PRVU,45,8,11,318,3498
201507022604974,PRVU,39,8,11,318,3498
201507022604944,PRVU,51,5,145,316,45820
201507022604912,PRVU,51,8,11,316,3476
201507022604879,PRVU,44,49,11,317,3487
201507022605170,REDBL,48,45,280,201,56280
201507022604964,REDBL,28,28,49,201,9849
201507022605033,RHPC,39,21,12,410,4920
201507022604996,RHPC,20,21,12,411,4932
201507022604890,RHPC,25,25,11,410,4510
201507022604885,RHPC,25,25,11,410,4510
201507022604872,RHPC,25,25,11,410,4510
201507022604848,RHPC,55,52,11,412,4532
201507022604847,RHPC,20,52,11,412,4532
201507022605258,RMDC,6,48,10,621,6210
201507022604898,RMDC,29,29,13,632,8216
201507022604897,RMDC,29,29,13,632,8216
201507022604800,RMDC,6,32,13,633,8229
201507022604940,SANIMA,35,45,75,552,41400
201507022605055,SBI,54,14,442,899,397358
201507022605233,SBL,10,52,42,658,27636
201507022605077,SBL,11,50,444,655,290820
201507022605248,SCB,53,21,73,1900,138700
201507022605214,SCB,26,41,100,1900,190000
201507022605144,SCB,29,19,85,1905,161925
201507022605030,SCB,53,44,20,1910,38200
201507022605029,SCB,53,41,100,1909,190900
201507022605064,SDBL,17,40,540,190,102600
201507022605006,SDBL,49,45,100,193,19300
201507022605005,SDBL,49,16,200,192,38400
201507022604923,SDBL,45,16,50,190,9500
201507022604918,SDBL,52,16,200,189,37800
201507022605277,SEWA,16,36,600,266,159600
201507022605276,SEWA,14,36,200,266,53200
201507022605275,SEWA,16,36,20,266,5320
201507022605274,SEWA,13,36,200,267,53400
201507022605273,SEWA,13,36,100,269,26900
201507022605028,SHINE,47,32,126,344,43344
201507022605016,SHINE,47,32,84,344,28896
201507022605245,SHPC,10,41,82,682,55924
201507022605114,SHPC,51,50,18,680,12240
201507022605157,SICL,21,25,300,694,208200
201507022605156,SICL,17,25,400,695,278000
201507022605121,SICL,10,38,200,703,140600
201507022604951,SICL,38,33,100,700,70000
201507022604782,SICL,17,57,400,695,278000
201507022605182,SIL,41,32,13,608,7904
201507022605179,SIL,41,32,13,608,7904
201507022605178,SIL,41,45,150,608,91200
201507022605213,SKBBL,52,14,112,1300,145600
201507022604999,SKBBL,39,53,94,1300,122200
201507022604988,SKBBL,32,53,65,1305,84825
201507022605058,SLICL,59,47,55,678,37290
201507022604960,SLICL,38,44,147,668,98196
201507022604846,SLICL,34,49,12,665,7980
201507022604820,SLICL,16,17,200,664,132800
201507022604778,SLICL,28,49,150,665,99750
201507022605053,SLICL,59,47,42,678,28476
201507022605052,SLICL,59,6,1000,678,678000
201507022605049,SLICL,59,25,448,675,302400
201507022605010,SLICL,26,47,55,670,36850
201507022604979,SLICL,28,35,300,667,200100
201507022605206,SRBL,16,16,3019,405,1222695
201507022605082,SRBL,49,49,1137,410,466170
201507022604806,SRBL,17,34,86,410,35260
201507022605039,SUPRME,19,22,21,153,3213
201507022605037,SUPRME,16,22,32,153,4896
201507022605019,SUPRME,13,43,135,154,20790
201507022605012,SUPRME,45,43,32,155,4960
201507022604994,SUPRME,45,41,120,155,18600
201507022604942,SUPRME,45,43,114,155,17670
201507022604931,SUPRME,45,14,20,155,3100
201507022605047,SWBBL,55,49,200,1605,321000
201507022605085,UFCL,20,5,30,94,2820
201507022604856,UFIL,11,11,11,138,1518
201507022605094,WDBL,32,47,19,300,5700
201507022605229,YETI,49,33,1000,125,125000
201507022605111,YETI,49,50,11,124,1364
201507022605106,YETI,17,50,11,124,1364
201507022605088,YETI,57,50,11,124,1364
201507022605078,YETI,57,50,40,124,4960
201507022605074,YETI,57,50,40,124,4960
201507022605072,YETI,17,50,40,124,4960
201507022604889,YETI,28,58,11,125,1375
201507022604825,YETI,44,44,20,126,2520
201507022604809,YETI,57,45,70,124,8680
201507022604776,ADBL,37,6,50,404,20200
201507022604774,ADBL,29,29,1730,403,697190
201507022604741,ADBL,21,20,150,403,60450
201507022604717,ADBL,37,26,90,404,36360
201507022604739,AHPC,52,52,46,316,14536
201507022604757,CBL,22,34,102,264,26928
201507022604745,CBL,49,49,1500,260,390000
201507022604724,CBL,45,35,500,265,132500
201507022604654,CBL,21,21,72,265,19080
201507022604650,CDBL,16,16,189,319,60291
201507022604676,HAMRO,1,39,10,251,2510
201507022604746,HGI,14,57,100,431,43100
201507022604712,HGI,14,49,60,439,26340
201507022604706,HGI,14,49,40,447,17880
201507022604701,HGI,14,49,90,456,41040
201507022604699,HGI,14,49,10,455,4550
201507022604698,HGI,14,49,10,447,4470
201507022604696,HGI,14,58,75,439,32925
201507022604694,HGI,3,58,75,431,32325
201507022604670,HGI,39,56,10,423,4230
201507022604749,JBNL,43,26,41,267,10947
201507022604736,JBNL,50,50,85,268,22780
201507022604723,KAFIL,14,6,60,238,14280
201507022604664,KAFIL,6,6,113,236,26668
201507022604700,KDBL,44,44,21,144,3024
201507022604697,KDBL,44,44,21,144,3024
201507022604754,KRBL,28,28,20,251,5020
201507022604753,KRBL,28,28,10,251,2510
201507022604752,KRBL,28,28,10,251,2510
201507022604747,LGIL,21,22,50,370,18500
201507022604775,LICN,25,25,54,2815,152010
201507022604772,LICN,14,47,50,2850,142500
201507022604771,LICN,14,45,50,2850,142500
201507022604770,LICN,14,21,100,2850,285000
201507022604769,LICN,14,10,100,2849,284900
201507022604768,LICN,14,21,15,2845,42675
201507022604738,LICN,57,53,50,2841,142050
201507022604732,LICN,14,53,70,2840,198800
201507022604675,LICN,49,49,2000,2845,5690000
201507022604673,LICN,14,17,100,2850,285000
201507022604733,LLBS,29,29,41,782,32062
201507022604730,LLBS,29,29,41,782,32062
201507022604728,LLBS,29,29,41,782,32062
201507022604727,LLBS,29,29,41,782,32062
201507022604721,LLBS,29,29,41,782,32062
201507022604704,LLBS,29,29,41,782,32062
201507022604662,LUBL,6,6,226,341,77066
201507022604695,MBBL,44,44,71,193,13703
201507022604648,METRO,16,16,36,324,11664
201507022604647,METRO,16,16,36,324,11664
201507022604646,METRO,16,16,36,324,11664
201507022604644,METRO,16,16,36,330,11880
201507022604729,MNBBL,56,43,38,538,20444
201507022604692,MNBBL,25,25,20,537,10740
201507022604725,MSBBL,34,44,324,220,71280
201507022604767,NBB,48,48,1000,514,514000
201507022604755,NBB,48,45,24,515,12360
201507022604663,NBB,51,51,10,511,5110
201507022604653,NCCB,19,19,50,445,22250
201507022604737,NHPC,16,6,100,120,12000
201507022604731,NIB,22,45,34,710,24140
201507022604726,NIB,32,42,93,710,66030
201507022604652,NIB,22,6,50,710,35500
201507022604645,NIBPO,43,43,1000,506,506000
201507022604669,NICA,49,49,102,615,62730
201507022604667,NICA,49,49,608,615,373920
201507022604750,NTC,38,38,460,620,285200
201507022604658,OHL,17,17,70,605,42350
201507022604744,PCBL,43,34,51,440,22440
201507022604743,PCBL,32,34,51,440,22440
201507022604742,PCBL,25,34,143,440,62920
201507022604682,PCBL,44,44,32,441,14112
201507022604765,PRVU,25,47,500,320,160000
201507022604764,PRVU,25,47,500,320,160000
201507022604763,PRVU,7,47,300,320,96000
201507022604762,PRVU,47,47,200,321,64200
201507022604761,PRVU,16,47,100,322,32200
201507022604760,PRVU,16,47,100,322,32200
201507022604759,PRVU,16,47,200,322,64400
201507022604660,PRVU,37,37,11,323,3553
201507022604657,PRVU,37,37,11,323,3553
201507022604656,PRVU,37,37,11,323,3553
201507022604693,RHPC,6,48,12,415,4980
201507022604691,RHPC,6,48,12,415,4980
201507022604690,RHPC,6,25,11,415,4565
201507022604689,RHPC,6,25,11,415,4565
201507022604688,RHPC,6,25,11,415,4565
201507022604687,RHPC,6,25,11,415,4565
201507022604679,RHPC,29,29,103,414,42642
201507022604678,RHPC,29,29,52,414,21528
201507022604686,RHPC,6,25,11,415,4565
201507022604685,RHPC,6,25,11,415,4565
201507022604684,RHPC,6,29,11,414,4554
201507022604683,RHPC,6,29,11,414,4554
201507022604681,RHPC,29,29,11,414,4554
201507022604680,RHPC,29,29,103,414,42642
201507022604711,SEWA,44,44,37,271,10027
201507022604708,SEWA,16,16,180,266,47880
201507022604707,SEWA,44,44,37,271,10027
201507022604702,SEWA,44,44,37,271,10027
201507022604766,SHINE,53,53,150,338,50700
201507022604748,SHINE,43,53,55,338,18590
201507022604735,SICL,38,38,50,708,35400
201507022604734,SICL,38,11,19,708,13452
201507022604719,SICL,38,38,100,703,70300
201507022604773,SLICL,28,35,300,665,199500
201507022604758,SLICL,16,40,60,664,39840
201507022604751,SLICL,28,40,492,665,327180
201507022604710,SRBL,39,34,100,410,41000
201507022604661,SRBL,25,25,17,410,6970
201507022604659,SRBL,25,25,17,410,6970
201507022604655,SRBL,25,25,17,410,6970
201507022604651,SRBL,25,25,17,410,6970
201507022604649,SRBL,25,25,17,410,6970
201507022604722,SUBBL,6,3,76,263,19988
201507022604720,SUBBL,6,3,48,260,12480
201507022604668,SUBBL,6,3,38,258,9804
201507022604705,SUPRME,13,48,529,155,81995
201507022604703,SUPRME,6,11,32,158,5056
201507022604674,SUPRME,17,11,21,155,3255
201507022604672,SUPRME,17,11,21,155,3255
201507022604671,SUPRME,17,11,21,155,3255
201507022604666,SUPRME,50,50,21,153,3213
201507022604665,SUPRME,50,50,21,153,3213
201507022604756,YETI,57,57,617,125,77125
201507022604740,YETI,28,28,53,124,6572
201507022604718,YETI,16,36,119,123,14637
201507022604716,YETI,16,36,60,123,7380
201507022604715,YETI,16,36,60,123,7380
201507022604714,YETI,16,36,60,123,7380
201507022604713,YETI,16,36,60,123,7380
201507022604643,YETI,41,16,20,122,2440
