contract,symbol,buyer,seller,qty,rate,amt
201506232593219,ACEDBL,10,48,100,241,24100
201506232593182,ADBL,6,57,940,420,394800
201506232593164,ADBL,7,48,40,416,16640
201506232593163,ADBL,7,37,40,416,16640
201506232592878,ADBL,53,48,600,417,250200
201506232592898,ADBL,43,48,100,418,41800
201506232592887,ADBL,14,14,200,423,84600
201506232593341,AHPC,26,32,46,323,14858
201506232593072,AHPC,26,25,200,317,63400
201506232593028,AHPC,7,13,500,317,158500
201506232592972,AHPC,28,28,86,318,27348
201506232592912,AHPC,22,14,16,317,5072
201506232593179,ALDBL,39,25,23,312,7176
201506232593144,ALDBL,34,26,236,310,73160
201506232593304,ALICL,26,49,70,964,67480
201506232593259,ALICL,6,40,100,960,96000
201506232593258,ALICL,6,59,200,960,192000
201506232593257,ALICL,6,57,300,959,287700
201506232593180,ALICL,25,40,31,960,29760
201506232593154,ALICL,41,59,200,960,192000
201506232592917,ALICL,36,49,30,960,28800
201506232593229,APEX,19,39,394,123,48462
201506232593045,APEX,56,10,1630,121,197230
201506232593024,APEX,58,51,40,121,4840
201506232593238,BLDBL,29,35,210,316,66360
201506232592885,BPCL,41,32,500,606,303000
201506232593328,BUDBL,13,16,49,197,9653
201506232593325,BUDBL,28,16,49,198,9702
201506232593183,BUDBL,28,44,364,195,70980
201506232593314,CBBL,10,58,88,1660,146080
201506232593175,CBBL,26,57,318,1651,525018
201506232592915,CBBL,53,57,90,1655,148950
201506232593245,CBL,8,11,187,269,50303
201506232593240,CBL,8,14,100,268,26800
201506232593235,CBL,32,14,68,268,18224
201506232593113,CBL,43,26,43,269,11567
201506232593107,CBL,32,11,107,268,28676
201506232593032,CBL,32,50,417,265,110505
201506232593022,CBL,16,50,500,266,133000
201506232592867,CBL,21,50,815,265,215975
201506232593190,CCBL,6,51,492,313,153996
201506232593189,CCBL,6,51,500,313,156500
201506232593159,CCBL,45,42,76,313,23788
201506232592916,CDBL,48,48,400,324,129600
201506232592938,CDBL,48,48,246,324,79704
201506232592929,CDBL,25,48,200,325,65000
201506232593199,CDBL,1,25,21,330,6930
201506232593005,CFCL,14,35,186,170,31620
201506232593004,CFCL,14,28,200,169,33800
201506232593355,CHCL,1,16,200,1500,300000
201506232593345,CHCL,37,29,28,1500,42000
201506232593327,CHCL,44,29,28,1500,42000
201506232593299,CHCL,1,57,173,1493,258289
201506232593218,CHCL,21,49,273,1497,408681
201506232593198,CHCL,45,45,65,1496,97240
201506232592927,CHCL,41,1,151,1495,225745
201506232592911,CHCL,47,57,200,1492,298400
201506232592904,CHCL,1,57,352,1490,524480
201506232592886,CHCL,49,1,85,1497,127245
201506232592866,CHCL,48,1,32,1498,47936
201506232592862,CHCL,32,1,97,1497,145209
201506232593134,CHCL,57,45,309,1496,462264
201506232593132,CHCL,17,38,100,1497,149700
201506232593009,CHCL,13,14,112,1495,167440
201506232592996,CHCL,5,5,56,1497,83832
201506232592956,CHCL,19,26,32,1496,47872
201506232592949,CHCL,35,35,1294,1490,1928060
201506232593334,CZBIL,16,26,200,450,90000
201506232593332,CZBIL,52,43,77,452,34804
201506232593278,CZBIL,33,5,258,450,116100
201506232593249,CZBIL,10,5,180,450,81000
201506232593248,CZBIL,10,8,1130,449,507370
201506232593205,CZBIL,33,5,233,448,104384
201506232592980,CZBIL,16,13,221,450,99450
201506232592961,CZBIL,13,13,200,450,90000
201506232592952,CZBIL,33,53,300,450,135000
201506232593184,CZBIL,52,53,68,450,30600
201506232593153,CZBIL,26,26,100,449,44900
201506232593119,CZBIL,39,26,100,449,44900
201506232593097,CZBIL,16,16,512,448,229376
201506232593036,CZBIL,21,21,24,450,10800
201506232593023,CZBIL,38,38,242,450,108900
201506232593291,EBL,43,29,100,2020,202000
201506232593290,EBL,7,29,30,2020,60600
201506232593209,EBL,52,41,51,2020,103020
201506232593208,EBL,54,21,214,2011,430354
201506232592995,EBL,25,29,50,2020,101000
201506232592983,EBL,55,29,160,2021,323360
201506232592902,EBL,32,28,49,2017,98833
201506232593174,EDBL,53,1,153,557,85221
201506232593322,EIC,41,56,450,647,291150
201506232593321,EIC,11,56,50,652,32600
201506232593320,EIC,5,56,100,653,65300
201506232593319,EIC,14,56,100,654,65400
201506232593318,EIC,14,56,100,655,65500
201506232593317,EIC,14,56,100,656,65600
201506232593066,EIC,26,56,500,656,328000
201506232592897,EIC,17,56,50,665,33250
201506232593316,EIC,14,56,50,658,32900
201506232593315,EIC,41,56,60,660,39600
201506232593187,EIC,41,39,40,660,26400
201506232593139,EIC,17,56,200,655,131000
201506232593137,EIC,41,56,500,652,326000
201506232593067,EIC,45,56,50,660,33000
201506232593162,EKBL,53,1,33,285,9405
201506232593157,EKBL,53,51,67,284,19028
201506232593143,EKBL,17,1,33,280,9240
201506232593141,EKBL,17,1,33,280,9240
201506232593140,EKBL,17,1,33,280,9240
201506232593135,EKBL,38,44,33,278,9174
201506232593087,EKBL,58,44,33,280,9240
201506232593048,EKBL,13,1,33,285,9405
201506232593043,EKBL,13,1,33,285,9405
201506232592987,EKBL,13,1,33,285,9405
201506232592978,EKBL,13,1,33,285,9405
201506232592930,EKBL,38,1,33,283,9339
201506232593354,GBIME,26,42,30,468,14040
201506232593331,GBIME,29,48,65,459,29835
201506232593302,GBIME,29,41,45,452,20340
201506232592939,GBIME,20,36,320,449,143680
201506232592925,GBIME,20,34,80,449,35920
201506232592919,GBIME,20,22,63,449,28287
201506232592914,GBIME,33,51,500,447,223500
201506232592935,GLICL,25,56,39,542,21138
201506232592934,GLICL,25,40,50,541,27050
201506232592933,GLICL,25,6,10,540,5400
201506232592973,HAMA,47,43,90,144,12960
201506232593289,ICFC,17,6,230,247,56810
201506232593262,ICFC,32,5,100,250,25000
201506232593171,ICFC,28,5,120,250,30000
201506232593168,ICFC,4,5,180,250,45000
201506232593121,ICFC,16,6,500,249,124500
201506232593068,ICFC,4,4,130,250,32500
201506232593310,IDBL,45,52,832,171,142272
201506232593073,IDBL,40,40,35,171,5985
201506232593012,IDBL,40,40,35,171,5985
201506232593003,IDBL,39,1,341,172,58652
201506232592999,IDBL,40,40,35,171,5985
201506232592993,IDBL,40,40,35,171,5985
201506232592976,IDBL,40,40,35,171,5985
201506232592970,IDBL,40,40,35,171,5985
201506232592909,IDBL,40,40,35,171,5985
201506232592888,IDBL,40,40,35,171,5985
201506232592877,IDBL,40,40,35,171,5985
201506232592868,IDBL,40,40,35,171,5985
201506232593279,ILFC,26,10,310,150,46500
201506232593202,ILFC,26,59,1000,151,151000
201506232593194,ILFC,26,59,1000,149,149000
201506232593122,ILFC,26,26,1050,147,154350
201506232593086,ILFC,58,45,80,150,12000
201506232593013,JBBL,3,44,21,165,3465
201506232593092,JBNL,32,40,133,270,35910
201506232593046,JBNL,22,22,271,268,72628
201506232592955,JBNL,6,36,300,268,80400
201506232592928,KAFIL,13,1,20,234,4680
201506232592921,KAFIL,13,51,81,232,18792
201506232593297,KBL,44,10,342,373,127566
201506232593241,KBL,13,29,51,374,19074
201506232593225,KBL,38,13,350,373,130550
201506232593158,KBL,38,57,210,373,78330
201506232593142,KBL,10,13,697,370,257890
201506232592931,KBL,44,48,1005,370,371850
201506232592926,KBL,44,16,1000,370,370000
201506232593193,KDBL,1,55,1205,145,174725
201506232593150,KDBL,13,44,21,144,3024
201506232593050,KDBL,13,17,57,145,8265
201506232592860,KDBL,39,42,42,144,6048
201506232593188,KMCDB,13,44,10,995,9950
201506232593075,KMCDB,11,44,10,992,9920
201506232592890,KMCDB,59,11,87,1010,87870
201506232592889,KMCDB,59,47,100,1000,100000
201506232593120,KNBL,28,42,21,285,5985
201506232593201,LBL,41,45,100,409,40900
201506232593181,LBL,26,35,25,409,10225
201506232593178,LBL,26,21,16,409,6544
201506232593344,LFLC,32,13,113,202,22826
201506232593269,LFLC,28,13,113,200,22600
201506232593165,LFLC,40,40,57,201,11457
201506232593356,LICN,21,45,300,2380,714000
201506232593346,LICN,14,44,100,2384,238400
201506232593343,LICN,19,7,16,2377,38032
201506232593298,LICN,50,17,100,2378,237800
201506232593266,LICN,50,19,100,2377,237700
201506232593206,LICN,57,17,300,2375,712500
201506232593082,LICN,17,17,100,2375,237500
201506232593081,LICN,17,17,300,2375,712500
201506232593080,LICN,5,17,100,2376,237600
201506232593079,LICN,21,17,100,2378,237800
201506232593002,LICN,25,44,100,2380,238000
201506232592971,LICN,21,44,100,2390,239000
201506232593011,LLBS,3,38,12,780,9360
201506232593010,LLBS,3,38,10,780,7800
201506232593096,LUBL,33,47,12,337,4044
201506232592936,LUBL,33,28,500,338,169000
201506232592998,MBBL,45,44,48,189,9072
201506232593313,MBL,33,37,100,554,55400
201506232593268,MBL,48,20,1000,550,550000
201506232593237,MBL,56,1,42,555,23310
201506232593089,MBL,58,38,107,553,59171
201506232593030,MBL,33,20,1000,551,551000
201506232592989,MBL,45,34,181,552,99912
201506232592986,MBL,26,26,25,558,13950
201506232592900,MBL,42,57,379,554,209966
201506232593228,MDBL,42,25,20,225,4500
201506232593095,MLBBL,11,53,20,887,17740
201506232593324,MNBBL,45,32,80,528,42240
201506232593311,MNBBL,14,32,158,527,83266
201506232593303,MNBBL,43,32,44,527,23188
201506232593294,MNBBL,49,32,100,527,52700
201506232593284,MNBBL,22,32,200,526,105200
201506232593250,MNBBL,26,32,32,528,16896
201506232592874,MNBBL,43,14,92,533,49036
201506232592966,MNBBL,16,42,200,531,106200
201506232592965,MNBBL,39,42,200,532,106400
201506232592964,MNBBL,21,42,100,533,53300
201506232592963,MNBBL,43,42,100,534,53400
201506232592992,MNBBL,53,42,500,526,263000
201506232592991,MNBBL,39,42,100,527,52700
201506232592990,MNBBL,43,42,100,532,53200
201506232592969,MNBBL,16,42,500,530,265000
201506232592968,MNBBL,55,42,50,530,26500
201506232592967,MNBBL,7,42,500,531,265500
201506232593101,MNBBL,14,42,100,526,52600
201506232593100,MNBBL,39,42,50,526,26300
201506232593099,MNBBL,26,42,300,527,158100
201506232593098,MNBBL,49,42,100,527,52700
201506232593088,MNBBL,49,42,2500,525,1312500
201506232593074,MNBBL,53,42,456,528,240768
201506232593211,MNBBL,32,32,44,528,23232
201506232593109,MNBBL,1,42,101,525,53025
201506232593104,MNBBL,1,42,830,525,435750
201506232593103,MNBBL,43,42,100,525,52500
201506232593102,MNBBL,14,42,20,525,10500
201506232593127,MTBL,6,32,97,328,31816
201506232592975,NABIL,3,45,18,1880,33840
201506232592941,NABILP,53,21,200,1291,258200
201506232593357,NBB,53,25,20,508,10160
201506232593348,NBB,53,25,50,502,25100
201506232592940,NBB,10,32,521,500,260500
201506232592937,NBB,17,22,225,502,112950
201506232592981,NBB,6,32,500,500,250000
201506232592977,NBB,6,5,435,500,217500
201506232592953,NBB,25,38,78,500,39000
201506232593026,NBF1,49,55,2287,13,29845
201506232593021,NBF1,6,55,2997,13,39111
201506232593019,NBF1,1,33,2287,13,29822
201506232592974,NBF1,6,55,2997,13,39111
201506232593347,NBL,35,44,500,284,142000
201506232593230,NBL,35,44,1000,279,279000
201506232593169,NBL,25,25,190,278,52820
201506232593007,NBL,56,10,500,277,138500
201506232593296,NCCB,47,48,200,597,119400
201506232593287,NCCB,50,8,500,595,297500
201506232593276,NCCB,56,7,81,599,48519
201506232593273,NCCB,56,21,50,598,29900
201506232593252,NCCB,45,57,500,596,298000
201506232593243,NCCB,45,56,500,597,298500
201506232592913,NCCB,29,53,500,595,297500
201506232592910,NCCB,29,8,400,594,237600
201506232592880,NCCB,38,48,84,595,49980
201506232592879,NCCB,38,56,100,595,59500
201506232592865,NCCB,50,8,500,594,297000
201506232593093,NCCB,50,53,500,594,297000
201506232593055,NCCB,3,3,100,595,59500
201506232593017,NCCB,29,8,100,594,59400
201506232593014,NCCB,7,48,42,595,24990
201506232592997,NCCB,21,21,42,594,24948
201506232592932,NCCB,29,48,42,595,24990
201506232593161,NCCB,50,8,500,595,297500
201506232593156,NCCB,50,3,400,595,238000
201506232593155,NCCB,50,3,100,595,59500
201506232593152,NCCB,14,3,100,595,59500
201506232593146,NCCB,14,37,115,595,68425
201506232593138,NCCB,14,6,105,595,62475
201506232593242,NCCB,35,56,10000,592,5920000
201506232593233,NCCB,45,48,200,597,119400
201506232593221,NCCB,49,56,500,597,298500
201506232593220,NCCB,49,48,200,596,119200
201506232593200,NCCB,29,3,100,596,59600
201506232593195,NCCB,29,48,200,596,119200
201506232593053,NCM,10,48,632,231,145992
201506232593038,NHPC,16,25,200,119,23800
201506232593034,NHPC,33,25,2000,117,234000
201506232593084,NIB,45,41,417,708,295236
201506232593083,NIBPO,25,55,500,500,250000
201506232593076,NIBPO,25,32,500,500,250000
201506232593260,NIBSF1,17,20,500,10,4900
201506232593264,NICA,54,33,906,615,557190
201506232593125,NICA,25,57,23,615,14145
201506232593031,NICA,1,28,225,620,139500
201506232593029,NICA,21,21,29,620,17980
201506232593215,NLBBL,49,16,748,1146,857208
201506232593145,NLBBL,41,32,49,1155,56595
201506232593151,NLG,47,49,199,549,109251
201506232593136,NLG,37,43,93,547,50871
201506232592985,NLG,37,14,77,548,42196
201506232592984,NLG,37,45,30,545,16350
201506232592906,NLG,22,25,130,538,69940
201506232593358,NLIC,42,28,500,2736,1368000
201506232593149,NLIC,42,44,100,2755,275500
201506232593071,NLIC,34,44,50,2750,137500
201506232592959,NLIC,21,44,200,2750,550000
201506232592951,NLIC,52,44,200,2751,550200
201506232592950,NLIC,13,44,50,2754,137700
201506232592893,NLIC,28,49,100,2760,276000
201506232592892,NLIC,17,49,150,2765,414750
201506232592891,NLIC,6,49,20,2766,55320
201506232592861,NLIC,55,26,100,2769,276900
201506232592944,NLIC,5,44,100,2757,275700
201506232592943,NLIC,57,44,50,2757,137850
201506232592942,NLIC,55,44,30,2758,82740
201506232592896,NLIC,55,49,470,2758,1296260
201506232592895,NLIC,55,49,60,2758,165480
201506232592894,NLIC,16,49,200,2760,552000
201506232593309,NLICL,39,44,100,1760,176000
201506232593285,NLICL,50,17,100,1756,175600
201506232593271,NLICL,21,36,100,1754,175400
201506232593176,NLICL,26,36,100,1754,175400
201506232593116,NLICL,21,17,200,1755,351000
201506232593108,NLICL,21,36,100,1755,175500
201506232593001,NLICL,5,36,104,1755,182520
201506232593000,NLICL,5,4,100,1754,175400
201506232593234,NMBSF1,40,40,5000,10,47750
201506232593305,NNFC,28,16,235,270,63450
201506232593227,NNFC,13,32,32,271,8672
201506232592905,NNFC,28,16,425,273,116025
201506232593191,NNLB,39,44,10,847,8470
201506232593283,NTC,49,26,1845,615,1134675
201506232593282,NTC,49,3,100,615,61500
201506232593281,NTC,49,25,200,615,123000
201506232593280,NTC,49,34,280,614,171920
201506232592875,NTC,5,3,100,614,61400
201506232593231,NTC,59,41,1460,612,893520
201506232593148,NTC,26,38,260,614,159640
201506232593147,NTC,26,42,100,613,61300
201506232592864,NUBL,28,44,100,1150,115000
201506232593244,OFL,25,52,95,325,30875
201506232593239,OFL,25,52,100,325,32500
201506232592883,OFL,32,32,21,325,6825
201506232593307,PCBL,55,5,21,446,9366
201506232593039,PCBL,21,21,80,447,35760
201506232592918,PCBL,42,40,62,450,27900
201506232593210,PICL,38,51,1040,353,367120
201506232593353,PLIC,52,45,54,1099,59346
201506232593352,PLIC,52,45,40,1099,43960
201506232593351,PLIC,52,45,40,1099,43960
201506232593342,PLIC,5,7,13,1097,14261
201506232593339,PLIC,5,7,13,1097,14261
201506232593338,PLIC,32,7,13,1097,14261
201506232593124,PLIC,4,57,13,1095,14235
201506232593117,PLIC,4,49,150,1093,163950
201506232593112,PLIC,33,49,50,1094,54700
201506232593094,PLIC,34,17,500,1092,546000
201506232592988,PLIC,52,49,250,1095,273750
201506232593336,PLIC,32,19,13,1095,14235
201506232593288,PLIC,58,17,500,1096,548000
201506232593224,PLIC,17,16,135,1098,148230
201506232593222,PLIC,17,7,14,1096,15344
201506232593186,PLIC,26,46,61,1095,66795
201506232593129,PLIC,4,41,54,1095,59130
201506232593042,PRIN,43,19,92,352,32384
201506232593037,PRIN,5,19,100,352,35200
201506232593300,PRVU,17,21,100,325,32500
201506232593131,PRVU,28,21,500,324,162000
201506232593085,PRVU,59,21,1140,323,368220
201506232593077,PRVU,28,21,500,324,162000
201506232593065,PRVU,28,21,500,324,162000
201506232593064,PRVU,45,21,500,324,162000
201506232593057,PRVU,7,21,300,327,98100
201506232593056,PRVU,19,21,20,327,6540
201506232593025,PRVU,28,22,973,324,315252
201506232593063,PRVU,29,21,100,324,32400
201506232593062,PRVU,28,21,100,325,32500
201506232593061,PRVU,28,21,100,325,32500
201506232593060,PRVU,14,21,50,325,16250
201506232593059,PRVU,19,21,50,325,16250
201506232593058,PRVU,25,21,100,326,32600
201506232593170,RHPC,52,49,12,426,5112
201506232593167,RHPC,52,49,12,426,5112
201506232592881,RHPC,13,49,12,426,5112
201506232593350,RMDC,43,17,165,630,103950
201506232593214,RMDC,52,14,206,625,128750
201506232593018,RMDC,11,14,265,625,165625
201506232593008,RMDC,6,14,330,623,205590
201506232593330,SANIMA,34,21,109,556,60604
201506232593123,SANIMA,52,52,120,556,66720
201506232593115,SANIMA,11,35,75,557,41775
201506232593114,SANIMA,11,35,630,556,350280
201506232592920,SANIMA,42,16,150,558,83700
201506232593349,SBI,37,41,113,885,100005
201506232593070,SBI,26,41,261,885,230985
201506232592901,SBI,54,19,500,889,444500
201506232592994,SBL,6,26,389,659,256351
201506232592958,SBL,58,58,156,655,102180
201506232593185,SCB,11,14,85,1879,159715
201506232593177,SCB,11,41,150,1878,281700
201506232593160,SCB,33,56,1398,1875,2621250
201506232593106,SCB,17,14,34,1880,63920
201506232593041,SCB,45,19,97,1878,182166
201506232592957,SCB,17,19,37,1887,69819
201506232592954,SCB,17,19,50,1885,94250
201506232593133,SDBL,25,21,300,191,57300
201506232593130,SETI,17,41,248,205,50840
201506232593128,SETI,17,10,55,204,11220
201506232592870,SETI,7,17,25,204,5100
201506232593232,SEWA,32,38,150,271,40650
201506232592907,SEWA,55,47,59,268,15812
201506232592899,SEWA,22,47,59,270,15930
201506232593329,SHINE,20,44,81,340,27540
201506232593090,SHINE,42,44,10,338,3380
201506232593052,SHINE,42,44,81,338,27378
201506232592948,SHL,43,8,180,413,74340
201506232592924,SHL,33,56,9000,410,3690000
201506232592923,SHL,33,21,1000,410,410000
201506232593213,SHPC,14,47,13,666,8658
201506232593207,SHPC,3,43,15,670,10050
201506232593118,SHPC,41,44,15,665,9975
201506232593105,SHPC,14,44,15,664,9960
201506232593091,SHPC,3,44,15,665,9975
201506232592876,SHPC,10,14,18,661,11898
201506232592859,SHPC,13,14,18,662,11916
201506232592962,SHPC,45,19,300,665,199500
201506232592903,SHPC,45,14,18,665,11970
201506232593204,SICL,37,38,100,646,64600
201506232593203,SICL,37,14,10,646,6460
201506232593295,SIFC,8,39,197,338,66586
201506232593301,SKBBL,3,6,11,1300,14300
201506232593286,SKBBL,52,25,35,1299,45465
201506232593192,SKBBL,52,52,112,1299,145488
201506232592873,SKBBL,41,53,99,1299,128601
201506232592872,SKBBL,41,10,12,1298,15576
201506232592871,SKBBL,41,48,70,1295,90650
201506232593263,SLBBL,44,56,100,1610,161000
201506232593335,SLICL,35,45,100,605,60500
201506232593323,SLICL,35,22,428,604,258512
201506232593274,SLICL,35,26,300,600,180000
201506232593246,SLICL,35,34,208,599,124592
201506232593236,SLICL,45,43,116,599,69484
201506232593226,SLICL,17,56,143,598,85514
201506232592884,SLICL,13,34,75,592,44400
201506232593166,SLICL,35,22,260,596,154960
201506232593054,SLICL,45,56,30,596,17880
201506232593051,SLICL,45,56,76,595,45220
201506232592922,SLICL,25,56,100,595,59500
201506232593111,SMFDB,19,14,109,1605,174945
201506232593033,SODBL,47,16,500,108,54000
201506232593277,SRBL,48,48,72,413,29736
201506232593275,SRBL,48,48,72,413,29736
201506232593265,SRBL,48,48,43,413,17759
201506232593255,SRBL,48,48,57,413,23541
201506232593254,SRBL,48,32,500,413,206500
201506232593247,SRBL,48,33,100,412,41200
201506232592982,SRBL,25,32,102,406,41412
201506232592863,SRBL,54,54,3611,402,1451622
201506232593027,SUBBL,6,39,116,267,30972
201506232593016,SUBBL,42,10,135,264,35640
201506232593035,SUPRME,36,35,512,154,78848
201506232593340,SWBBL,10,49,150,1575,236250
201506232593197,SWBBL,47,49,50,1575,78750
201506232593196,SWBBL,47,49,100,1576,157600
201506232593337,SYFL,38,51,500,93,46500
201506232593326,SYFL,38,51,500,93,46500
201506232593306,SYFL,38,51,500,93,46500
201506232593293,SYFL,1,51,500,93,46500
201506232593251,SYFL,39,51,500,93,46500
201506232593223,SYFL,1,51,500,93,46500
201506232592908,SYFL,19,51,500,94,47000
201506232593333,UIC,14,7,96,399,38304
201506232593272,UIC,41,44,200,399,79800
201506232593110,UIC,52,44,100,395,39500
201506232593049,UIC,14,45,17,398,6766
201506232593047,WDBL,34,44,60,300,18000
201506232592979,WDBL,42,44,49,300,14700
201506232593292,YETI,13,16,60,125,7500
201506232593270,YETI,11,16,11,125,1375
201506232593267,YETI,25,16,31,125,3875
201506232593261,YETI,25,16,60,125,7500
201506232593256,YETI,13,16,11,126,1386
201506232593253,YETI,26,16,11,127,1397
201506232593173,YETI,26,16,70,127,8890
201506232593172,YETI,26,1,11,127,1397
201506232592947,YETI,22,22,70,126,8820
201506232592946,YETI,22,22,70,126,8820
201506232592945,YETI,22,51,60,126,7560
201506232592728,ADBL,25,48,70,423,29610
201506232592705,ADBL,25,25,3085,416,1283360
201506232592607,ADBL,25,25,500,418,209000
201506232592598,ADBL,25,25,2000,416,832000
201506232592792,AHPC,5,13,500,319,159500
201506232592779,AHPC,34,13,180,317,57060
201506232592747,AHPC,21,21,46,317,14582
201506232592534,AHPC,5,45,41,317,12997
201506232592533,AHPC,5,45,41,317,12997
201506232592460,AHPC,22,35,136,316,42976
201506232592457,AHPC,22,19,10,316,3160
201506232592376,AHPC,5,26,225,317,71325
201506232592476,ALDBL,25,45,350,306,107100
201506232592795,ALICL,36,49,50,960,48000
201506232592793,ALICL,36,52,15,959,14385
201506232592726,ALICL,39,45,31,958,29698
201506232592725,ALICL,39,52,15,957,14355
201506232592626,ALICL,41,52,15,951,14265
201506232592386,ALICL,56,45,22,950,20900
201506232592384,ALICL,56,45,11,950,10450
201506232592381,ALICL,56,56,98,950,93100
201506232592378,ALICL,56,45,43,950,40850
201506232592372,ALICL,56,45,11,950,10450
201506232592367,ALICL,56,45,22,950,20900
201506232592365,ALICL,56,45,11,950,10450
201506232592500,BLDBL,14,52,42,311,13062
201506232592826,CBBL,28,55,184,1665,306360
201506232592707,CBBL,26,57,16,1671,26736
201506232592637,CBBL,21,14,200,1660,332000
201506232592777,CBL,16,25,58,266,15428
201506232592574,CBL,21,48,27,266,7182
201506232592509,CBL,52,57,218,263,57334
201506232592453,CBL,35,10,55,265,14575
201506232592445,CBL,35,45,54,265,14310
201506232592415,CBL,16,45,16,264,4224
201506232592403,CBL,16,14,89,263,23407
201506232592833,CCBL,32,36,130,313,40690
201506232592807,CCBL,14,51,1000,313,313000
201506232592806,CCBL,14,51,500,312,156000
201506232592805,CCBL,14,8,16,312,4992
201506232592803,CCBL,14,36,313,312,97656
201506232592802,CCBL,14,42,12,311,3732
201506232592483,CCBL,17,51,28,313,8764
201506232592465,CCBL,3,51,28,312,8736
201506232592459,CCBL,32,51,28,312,8736
201506232592443,CCBL,3,10,16,312,4992
201506232592531,CCBL,48,36,200,310,62000
201506232592530,CCBL,41,36,300,310,93000
201506232592529,CCBL,39,36,500,311,155500
201506232592520,CCBL,32,53,31,312,9672
201506232592516,CCBL,17,53,31,313,9703
201506232592495,CCBL,17,51,36,313,11268
201506232592751,CCBL,57,36,500,310,155000
201506232592750,CCBL,42,36,70,310,21700
201506232592653,CCBL,42,53,31,310,9610
201506232592564,CCBL,17,17,50,312,15600
201506232592557,CCBL,17,53,31,311,9641
201506232592532,CCBL,1,36,1000,310,310000
201506232592828,CDBL,1,1,10054,325,3267550
201506232592804,CDBL,48,48,48,330,15840
201506232592783,CDBL,16,48,200,324,64800
201506232592406,CDBL,47,47,526,319,167794
201506232592499,CDBLPO,1,25,13267,170,2255390
201506232592848,CFCL,28,28,404,168,67872
201506232592815,CFCL,43,7,81,167,13527
201506232592813,CFCL,29,7,81,167,13527
201506232592809,CFCL,43,7,81,168,13608
201506232592616,CFCL,14,32,95,170,16150
201506232592537,CFCL,14,21,394,171,67374
201506232592536,CFCL,14,10,126,169,21294
201506232592845,CHCL,41,1,100,1499,149900
201506232592700,CHCL,19,44,100,1499,149900
201506232592696,CHCL,33,38,50,1500,75000
201506232592688,CHCL,57,38,100,1500,150000
201506232592658,CHCL,11,16,150,1499,224850
201506232592634,CHCL,6,44,50,1500,75000
201506232592549,CHCL,45,44,100,1501,150100
201506232592487,CHCL,6,35,50,1500,75000
201506232592440,CHCL,7,38,44,1500,66000
201506232592417,CHCL,50,44,100,1500,150000
201506232592414,CHCL,22,22,18,1500,27000
201506232592385,CHCL,41,37,100,1500,150000
201506232592618,CHCL,10,38,30,1500,45000
201506232592617,CHCL,45,38,10,1500,15000
201506232592614,CHCL,45,38,40,1500,60000
201506232592597,CHCL,11,44,100,1500,150000
201506232592579,CHCL,10,18,150,1500,225000
201506232592578,CHCL,49,44,100,1500,150000
201506232592416,CSDBL,45,16,14,358,5012
201506232592405,CSDBL,16,16,10,351,3510
201506232592842,CZBIL,33,53,361,450,162450
201506232592609,CZBIL,16,53,119,450,53550
201506232592595,CZBIL,16,53,207,450,93150
201506232592590,CZBIL,16,42,12,450,5400
201506232592589,CZBIL,13,18,22,447,9834
201506232592565,CZBIL,13,5,28,447,12516
201506232592514,CZBIL,13,57,119,451,53669
201506232592510,CZBIL,13,53,158,450,71100
201506232592462,CZBIL,26,42,24,450,10800
201506232592409,CZBIL,42,53,203,450,91350
201506232592396,CZBIL,16,53,157,450,70650
201506232592822,EBL,37,29,200,2020,404000
201506232592684,EBL,5,29,100,2020,202000
201506232592441,EBL,29,29,100,2021,202100
201506232592412,EBL,22,29,100,2022,202200
201506232592411,EBL,37,29,100,2022,202200
201506232592754,EBLCP,58,58,258,980,252840
201506232592656,EDBLPO,43,38,20230,275,5563250
201506232592652,EDBLPO,43,38,20,277,5540
201506232592798,EIC,17,56,100,665,66500
201506232592785,EIC,17,17,100,666,66600
201506232592744,EKBL,13,49,33,288,9504
201506232592743,EKBL,38,49,33,288,9504
201506232592651,GABL,45,45,20,252,5040
201506232592631,GBIME,55,22,26,453,11778
201506232592621,GBIME,19,59,160,448,71680
201506232592559,GLICL,57,56,100,539,53900
201506232592387,GLICL,36,42,1650,540,891000
201506232592380,HBL,13,13,150,780,117000
201506232592377,HBL,21,21,282,775,218550
201506232592764,IDBL,21,1,11,170,1870
201506232592761,IDBL,21,1,11,170,1870
201506232592619,IDBL,21,1,11,170,1870
201506232592504,ILFC,35,59,20,151,3020
201506232592464,ILFC,22,59,20,149,2980
201506232592408,ILFC,1,26,420,147,61740
201506232592535,JBBL,3,55,139,165,22935
201506232592422,JBBL,3,5,160,165,26400
201506232592418,JBBL,3,5,160,165,26400
201506232592854,JBNL,32,55,20,271,5420
201506232592648,JBNL,4,17,282,270,76140
201506232592641,JBNL,4,19,38,270,10260
201506232592633,JBNL,4,17,100,269,26900
201506232592587,KAFIL,34,34,40,230,9200
201506232592855,KBL,16,17,30,371,11130
201506232592844,KBL,16,43,114,370,42180
201506232592843,KBL,1,21,56,369,20664
201506232592819,KBL,38,38,462,370,170940
201506232592709,KBL,10,53,500,370,185000
201506232592659,KBL,44,28,262,370,96940
201506232592627,KBL,44,53,500,370,185000
201506232592604,KBL,26,49,351,368,129168
201506232592547,KBL,42,58,751,368,276368
201506232592538,KBL,33,28,268,370,99160
201506232592546,KCDBL,17,10,10,185,1850
201506232592540,KCDBL,22,10,11,186,2046
201506232592839,KDBL,39,5,107,146,15622
201506232592770,KDBL,39,52,170,145,24650
201506232592766,KDBL,39,25,31,145,4495
201506232592496,KDBL,20,7,55,144,7920
201506232592434,KDBL,39,51,127,144,18288
201506232592402,KDBL,28,51,107,143,15301
201506232592586,KDBL,21,43,42,144,6048
201506232592584,KDBL,21,45,20,144,2880
201506232592572,KDBL,21,45,20,144,2880
201506232592556,KDBL,39,33,400,144,57600
201506232592755,KDBL,39,25,28,145,4060
201506232592752,KDBL,39,45,20,144,2880
201506232592765,KDBL,39,25,31,145,4495
201506232592760,KDBL,39,25,31,145,4495
201506232592759,KDBL,39,25,31,145,4495
201506232592758,KDBL,39,25,28,145,4060
201506232592757,KDBL,39,25,28,145,4060
201506232592756,KDBL,39,25,28,145,4060
201506232592718,KMCDB,11,29,10,999,9990
201506232592717,KMCDB,11,29,10,999,9990
201506232592716,KMCDB,11,29,10,999,9990
201506232592715,KMCDB,11,29,10,999,9990
201506232592714,KMCDB,11,29,10,999,9990
201506232592713,KMCDB,11,29,10,999,9990
201506232592769,KNBL,44,43,43,286,12298
201506232592573,KNBL,47,16,20,288,5760
201506232592542,KNBL,44,1,10,287,2870
201506232592704,LBL,21,45,100,409,40900
201506232592703,LBL,21,19,20,408,8160
201506232592665,LBL,40,19,300,406,121800
201506232592664,LBL,13,19,100,406,40600
201506232592663,LBL,14,19,20,406,8120
201506232592662,LBL,45,19,60,408,24480
201506232592636,LBL,19,19,500,405,202500
201506232592568,LBL,5,37,100,406,40600
201506232592466,LBL,7,58,107,405,43335
201506232592390,LBL,19,11,99,408,40392
201506232592812,LFLC,32,13,113,202,22826
201506232592519,LFLC,41,13,113,200,22600
201506232592507,LGIL,56,18,44,311,13684
201506232592425,LGIL,26,18,44,311,13684
201506232592392,LGIL,56,44,298,311,92678
201506232592851,LICN,13,32,51,2405,122655
201506232592850,LICN,13,33,100,2400,240000
201506232592849,LICN,13,42,50,2398,119900
201506232592846,LICN,13,28,18,2390,43020
201506232592767,LICN,14,32,30,2385,71550
201506232592745,LICN,57,33,262,2379,623298
201506232592741,LICN,14,44,100,2378,237800
201506232592686,LICN,26,26,11,2370,26070
201506232592685,LICN,26,26,21,2370,49770
201506232592474,LICN,50,44,200,2352,470400
201506232592473,LICN,55,44,100,2355,235500
201506232592677,LUBL,13,18,367,336,123312
201506232592661,LUBL,16,28,500,336,168000
201506232592551,LUBL,57,34,1246,338,421148
201506232592371,MBBL,11,17,214,186,39804
201506232592780,MBL,49,20,1000,550,550000
201506232592695,MBL,26,49,200,553,110600
201506232592601,MBL,49,20,1000,550,550000
201506232592541,MBL,45,11,195,558,108810
201506232592503,MBL,34,20,1000,550,550000
201506232592468,MBL,49,20,1000,550,550000
201506232592419,MBL,45,35,1000,552,552000
201506232592400,MBL,10,20,1000,550,550000
201506232592790,MDB,26,56,50,485,24250
201506232592720,MDB,41,45,32,480,15360
201506232592719,MDB,17,45,32,483,15456
201506232592650,MDBL,46,52,210,226,47460
201506232592646,MDBL,21,49,27,225,6075
201506232592644,MDBL,46,49,27,226,6102
201506232592561,MDBL,47,26,33,230,7590
201506232592413,MNBBL,1,1,18,540,9720
201506232592360,NABB,26,16,77,130,10010
201506232592753,NABIL,54,48,52,1851,96252
201506232592749,NABIL,7,48,100,1852,185200
201506232592689,NABIL,6,48,50,1854,92700
201506232592640,NABIL,13,48,100,1855,185500
201506232592639,NABIL,41,48,60,1855,111300
201506232592629,NABIL,34,48,100,1855,185500
201506232592368,NABIL,36,48,50,1860,93000
201506232592362,NABIL,22,48,100,1865,186500
201506232592361,NABIL,7,48,20,1865,37300
201506232592615,NABIL,22,57,311,1855,576905
201506232592591,NABIL,22,57,500,1855,927500
201506232592571,NABIL,22,48,100,1855,185500
201506232592554,NABIL,6,48,50,1856,92800
201506232592508,NABIL,35,48,200,1856,371200
201506232592379,NABIL,14,48,100,1858,185800
201506232592654,NABILP,49,49,525,1290,677250
201506232592489,NABILP,47,14,800,1295,1036000
201506232592830,NBB,58,58,286,500,143000
201506232592733,NBB,1,47,78,498,38844
201506232592730,NBB,47,47,150,498,74700
201506232592470,NBB,38,53,170,500,85000
201506232592469,NBB,38,32,500,500,250000
201506232592467,NBB,48,19,1000,499,499000
201506232592452,NBB,10,20,36,497,17892
201506232592446,NBB,33,19,500,499,249500
201506232592838,NBBL,45,18,21,1919,40299
201506232592523,NBBL,32,40,13,1882,24466
201506232592521,NBBL,32,10,15,1881,28215
201506232592857,NBL,56,56,791,277,219107
201506232592691,NBL,10,10,500,277,138500
201506232592687,NBL,7,10,426,277,118002
201506232592682,NBL,32,10,485,277,134345
201506232592488,NBL,59,14,550,278,152900
201506232592841,NCCB,50,8,300,594,178200
201506232592836,NCCB,56,14,284,594,168696
201506232592835,NCCB,56,8,500,594,297000
201506232592823,NCCB,29,8,300,594,178200
201506232592801,NCCB,57,48,42,595,24990
201506232592800,NCCB,57,34,200,595,119000
201506232592657,NCCB,35,8,300,593,177900
201506232592555,NCCB,50,6,560,592,331520
201506232592479,NCCB,52,28,500,591,295500
201506232592471,NCCB,41,8,500,593,296500
201506232592461,NCCB,50,8,500,593,296500
201506232592788,NCCB,57,51,14,594,8316
201506232592698,NCCB,14,36,200,592,118400
201506232592694,NCCB,50,8,300,593,177900
201506232592693,NCCB,56,40,436,593,258548
201506232592672,NCCB,56,51,790,592,467680
201506232592667,NCCB,35,8,200,593,118600
201506232592630,NCM,10,22,137,227,31099
201506232592575,NCM,10,17,127,231,29337
201506232592570,NCM,10,17,127,231,29337
201506232592569,NCM,10,17,127,231,29337
201506232592762,NHPC,28,38,500,118,59000
201506232592701,NHPC,28,38,500,118,59000
201506232592548,NHPC,21,38,500,117,58500
201506232592544,NHPC,21,38,500,117,58500
201506232592543,NHPC,21,38,1000,117,117000
201506232592821,NIB,16,19,500,710,355000
201506232592818,NIB,16,33,2204,709,1562636
201506232592373,NIB,53,26,20,710,14200
201506232592364,NIB,26,50,25,707,17675
201506232592782,NIBPO,42,32,500,500,250000
201506232592781,NIBPO,42,55,500,500,250000
201506232592447,NIBPO,25,14,500,500,250000
201506232592426,NIBPO,59,14,500,500,250000
201506232592395,NIBPO,54,14,500,500,250000
201506232592625,NIBPO,21,55,500,500,250000
201506232592550,NIBPO,43,55,500,500,250000
201506232592463,NIBPO,42,50,400,502,200800
201506232592814,NICA,6,6,183,624,114192
201506232592796,NICA,6,6,105,624,65520
201506232592773,NICA,26,43,23,624,14352
201506232592731,NICA,38,42,29,615,17835
201506232592645,NICA,26,45,301,615,185115
201506232592481,NICA,3,38,28,611,17108
201506232592454,NICA,26,20,11,611,6721
201506232592748,NICL,43,48,200,312,62400
201506232592397,NICL,11,5,81,312,25272
201506232592808,NLBBL,33,16,3000,1145,3435000
201506232592734,NLG,22,45,30,538,16140
201506232592608,NLG,55,34,51,537,27387
201506232592517,NLG,56,43,95,544,51680
201506232592486,NLG,56,45,30,544,16320
201506232592482,NLG,56,45,30,544,16320
201506232592477,NLG,56,45,30,544,16320
201506232592837,NLIC,45,28,100,2765,276500
201506232592831,NLIC,40,28,100,2768,276800
201506232592787,NLIC,37,28,100,2770,277000
201506232592775,NLIC,41,44,100,2772,277200
201506232592736,NLIC,37,36,40,2778,111120
201506232592697,NLIC,37,28,100,2775,277500
201506232592431,NLIC,11,44,100,2765,276500
201506232592430,NLIC,54,44,10,2770,27700
201506232592429,NLIC,55,44,50,2770,138500
201506232592428,NLIC,26,44,30,2775,83250
201506232592451,NLIC,57,44,50,2757,137850
201506232592450,NLIC,55,44,100,2758,275800
201506232592449,NLIC,26,44,50,2760,138000
201506232592444,NLIC,55,44,100,2761,276100
201506232592433,NLIC,55,44,10,2762,27620
201506232592432,NLIC,55,44,100,2763,276300
201506232592678,NLICL,21,4,100,1759,175900
201506232592613,NLICL,29,4,51,1759,89709
201506232592594,NLICL,28,59,100,1758,175800
201506232592593,NLICL,28,59,200,1758,351600
201506232592778,NNFC,13,43,132,272,35904
201506232592423,NNFC,28,46,500,270,135000
201506232592840,NTC,59,13,855,612,523260
201506232592824,NTC,5,19,245,614,150430
201506232592673,NTC,59,59,360,612,220320
201506232592498,NTC,59,19,495,613,303435
201506232592724,NUBL,11,33,100,1160,116000
201506232592676,NUBL,33,33,500,1150,575000
201506232592610,NUBL,45,44,100,1150,115000
201506232592582,NUBL,33,33,500,1151,575500
201506232592522,NUBL,13,21,100,1151,115100
201506232592692,OFL,26,47,100,327,32700
201506232592772,OHL,21,46,40,612,24480
201506232592738,OHL,21,46,40,612,24480
201506232592708,OHL,42,32,1000,615,615000
201506232592612,OHL,38,14,70,611,42770
201506232592606,OHL,25,14,500,610,305000
201506232592383,OHL,45,14,500,615,307500
201506232592363,OHL,49,49,2010,610,1226100
201506232592834,PCBL,33,16,222,445,98790
201506232592827,PCBL,33,14,1121,444,497724
201506232592600,PCBL,35,34,97,444,43068
201506232592566,PCBL,7,39,112,443,49616
201506232592552,PCBL,55,49,64,443,28352
201506232592545,PCBL,34,49,95,444,42180
201506232592512,PCBL,33,49,95,444,42180
201506232592491,PCBL,19,49,64,445,28480
201506232592438,PCBL,19,38,23,445,10235
201506232592407,PCBL,49,49,160,445,71200
201506232592399,PCBL,42,25,102,449,45798
201506232592388,PCBL,42,21,104,449,46696
201506232592784,PLIC,47,49,50,1090,54500
201506232592737,PLIC,41,7,200,1091,218200
201506232592735,PLIC,47,49,100,1090,109000
201506232592722,PLIC,47,53,60,1090,65400
201506232592721,PLIC,53,53,100,1090,109000
201506232592666,PLIC,35,49,30,1090,32700
201506232592370,PLIC,33,52,50,1096,54800
201506232592366,PLIC,48,52,10,1100,11000
201506232592576,PLIC,47,53,40,1090,43600
201506232592528,PLIC,53,49,300,1090,327000
201506232592527,PLIC,43,49,210,1093,229530
201506232592526,PLIC,21,49,120,1093,131160
201506232592525,PLIC,41,49,100,1094,109400
201506232592398,PLIC,21,46,100,1095,109500
201506232592723,PRVU,21,21,500,325,162500
201506232592375,PRVU,20,18,127,324,41148
201506232592359,PRVU,6,26,547,325,177775
201506232592797,PRVUPO,45,42,9731,150,1459650
201506232592794,PRVUPO,45,42,15997,150,2399550
201506232592776,PRVUPO,45,42,7998,150,1199700
201506232592763,PRVUPO,45,42,15315,150,2297250
201506232592493,PURBL,7,58,200,316,63200
201506232592592,REDBL,56,36,1000,204,204000
201506232592484,REDBL,56,42,518,204,105672
201506232592856,RMDC,21,21,175,621,108675
201506232592599,RMDC,33,50,33,621,20493
201506232592660,SANIMA,45,32,159,558,88722
201506232592628,SANIMA,28,39,179,558,99882
201506232592623,SANIMA,59,48,75,555,41625
201506232592596,SANIMA,45,14,20,560,11200
201506232592588,SANIMA,22,36,1372,552,757344
201506232592455,SANIMA,45,14,10,560,5600
201506232592391,SANIMA,16,35,200,551,110200
201506232592683,SBI,22,19,1000,889,889000
201506232592681,SBI,22,11,72,888,63936
201506232592674,SBI,22,20,19,885,16815
201506232592435,SBI,17,17,121,888,107448
201506232592424,SBI,17,17,121,888,107448
201506232592421,SBI,17,46,356,888,316128
201506232592832,SBL,11,11,98,656,64288
201506232592829,SBL,14,43,218,658,143444
201506232592825,SBL,11,18,86,656,56416
201506232592811,SBL,58,35,100,655,65500
201506232592620,SBL,16,11,1194,654,780876
201506232592524,SBL,8,33,909,651,591759
201506232592389,SBL,38,52,30,656,19680
201506232592501,SBL,16,35,308,655,201740
201506232592492,SBL,41,18,42,655,27510
201506232592456,SBL,37,18,29,655,18995
201506232592439,SBL,33,18,95,655,62225
201506232592404,SBL,38,18,74,656,48544
201506232592401,SBL,41,35,152,655,99560
201506232592605,SCB,52,22,93,1885,175305
201506232592602,SCB,17,40,100,1884,188400
201506232592518,SCB,11,26,13,1880,24440
201506232592638,SEOS,17,42,5000,9,46550
201506232592671,SETI,7,1,20,200,4000
201506232592668,SETI,7,1,20,200,4000
201506232592643,SETI,7,1,20,197,3940
201506232592635,SETI,7,1,20,197,3940
201506232592858,SEWA,43,47,30,268,8040
201506232592847,SEWA,43,47,30,268,8040
201506232592810,SEWA,43,47,30,267,8010
201506232592799,SEWA,45,47,30,266,7980
201506232592791,SEWA,13,45,238,266,63308
201506232592786,SEWA,45,47,30,266,7980
201506232592729,SEWA,43,45,23,267,6141
201506232592727,SEWA,43,47,30,267,8010
201506232592774,SEWA,20,47,30,267,8010
201506232592746,SEWA,48,38,200,265,53000
201506232592742,SEWA,6,45,11,267,2937
201506232592740,SEWA,43,45,11,267,2937
201506232592739,SEWA,43,45,11,267,2937
201506232592732,SEWA,13,45,23,266,6118
201506232592515,SFL,20,26,687,133,91371
201506232592513,SFL,40,40,48,135,6480
201506232592562,SHINE,33,58,169,340,57460
201506232592558,SHINE,33,7,209,339,70851
201506232592485,SHINE,42,10,10,336,3360
201506232592567,SHL,4,32,120,411,49320
201506232592852,SHPC,45,14,45,665,29925
201506232592448,SHPC,1,47,13,662,8606
201506232592442,SHPC,41,47,13,662,8606
201506232592437,SHPC,13,47,11,663,7293
201506232592436,SHPC,43,47,13,664,8632
201506232592622,SIGS1,26,32,10000,15,151100
201506232592655,SIL,44,32,13,534,6942
201506232592649,SIL,44,32,13,534,6942
201506232592420,SIL,29,32,13,524,6812
201506232592374,SIL,39,26,10,514,5140
201506232592820,SKBBL,40,40,19,1285,24415
201506232592768,SLICL,47,6,80,594,47520
201506232592706,SLICL,47,44,45,594,26730
201506232592702,SLICL,47,18,12,591,7092
201506232592699,SLICL,47,45,55,590,32450
201506232592393,SLICL,14,53,206,588,121128
201506232592624,SLICL,14,51,30,587,17610
201506232592505,SLICL,7,45,42,590,24780
201506232592502,SLICL,14,45,111,588,65268
201506232592789,SODBL,4,16,500,110,55000
201506232592771,SODBL,4,10,479,109,52211
201506232592712,SODBL,28,10,284,108,30672
201506232592711,SODBL,28,10,1000,108,108000
201506232592670,SODBL,28,35,200,108,21600
201506232592669,SODBL,28,16,500,108,54000
201506232592632,SODBL,21,16,63,108,6804
201506232592490,SODBL,25,57,1000,106,106000
201506232592427,SODBL,6,16,63,107,6741
201506232592410,SODBL,47,48,118,105,12390
201506232592585,SUPRME,26,45,536,154,82544
201506232592394,SUPRME,19,18,118,155,18290
201506232592369,SUPRME,19,35,42,154,6468
201506232592603,SWBBL,45,56,100,1580,158000
201506232592563,SWBBL,22,33,94,1578,148332
201506232592853,UIC,19,44,50,398,19900
201506232592817,UIC,10,51,100,400,40000
201506232592816,UIC,10,44,200,399,79800
201506232592642,UIC,17,17,100,395,39500
201506232592560,UIC,35,7,500,395,197500
201506232592690,UIC,17,44,200,400,80000
201506232592680,UIC,17,44,100,395,39500
201506232592679,UIC,14,44,30,395,11850
201506232592675,UIC,19,44,500,390,195000
201506232592647,WDBL,42,34,19,300,5700
201506232592583,WDBL,42,55,21,300,6300
201506232592581,WDBL,42,55,21,300,6300
201506232592580,WDBL,42,55,21,300,6300
201506232592577,WDBL,42,55,21,300,6300
201506232592511,YETI,11,1,11,127,1397
201506232592506,YETI,11,1,20,127,2540
201506232592497,YETI,11,1,20,127,2540
201506232592314,ADBL,26,38,31,418,12958
201506232592277,ADBL,7,19,70,416,29120
201506232592243,ADBL,29,19,120,416,49920
201506232592118,ADBL,25,46,30,415,12450
201506232592072,ADBL,3,42,30,415,12450
201506232592010,ADBL,36,47,41,415,17015
201506232592341,AHPC,19,19,905,314,284170
201506232592281,AHPC,39,26,75,316,23700
201506232592272,AHPC,1,57,300,312,93600
201506232592229,AHPC,29,29,1000,318,318000
201506232592217,AHPC,29,29,1033,318,328494
201506232592108,AHPC,3,20,136,318,43248
201506232592104,AHPC,45,41,243,317,77031
201506232591999,AHPC,29,29,1000,317,317000
201506232592278,ALDBL,3,45,300,300,90000
201506232592227,ALDBL,6,45,200,300,60000
201506232592226,ALDBL,25,45,200,301,60200
201506232592225,ALDBL,17,45,100,303,30300
201506232592134,ALDBL,25,10,59,300,17700
201506232592279,ALICL,39,52,15,955,14325
201506232592180,ALICL,39,52,15,960,14400
201506232592178,ALICL,22,52,15,960,14400
201506232592170,ALICL,21,49,20,965,19300
201506232592167,ALICL,21,17,80,965,77200
201506232592166,ALICL,43,17,200,965,193000
201506232591993,ALICL,44,17,394,930,366420
201506232592045,ALICL,14,22,43,995,42785
201506232592042,ALICL,14,36,50,995,49750
201506232592029,ALICL,41,17,390,985,384150
201506232592027,ALICL,28,17,300,970,291000
201506232592024,ALICL,42,17,300,958,287400
201506232591996,ALICL,28,17,100,940,94000
201506232592165,ALICL,36,17,20,970,19400
201506232592163,ALICL,21,49,200,966,193200
201506232592145,ALICL,41,49,106,973,103138
201506232592103,ALICL,39,43,30,974,29220
201506232592065,ALICL,41,17,200,966,193200
201506232592049,ALICL,21,44,300,976,292800
201506232592204,APEX,58,5,30,121,3630
201506232592190,APEX,58,5,30,121,3630
201506232592187,APEX,58,5,30,121,3630
201506232592035,APEX,39,20,22,121,2662
201506232592033,APEX,39,20,11,121,1331
201506232592294,BLDBL,28,1,108,310,33480
201506232592340,CBL,7,45,71,265,18815
201506232592268,CBL,16,45,43,265,11395
201506232592245,CBL,39,57,28,264,7392
201506232592244,CBL,11,1,207,263,54441
201506232592235,CBL,7,45,118,263,31034
201506232592231,CBL,25,45,89,264,23496
201506232592122,CBL,11,48,111,268,29748
201506232592174,CCBL,3,58,40,312,12480
201506232592083,CCBL,39,16,40,317,12680
201506232592082,CCBL,39,16,200,317,63400
201506232592276,CDBL,48,48,766,323,247418
201506232592012,CDBL,21,25,77,327,25179
201506232592216,CHCL,10,10,66,1500,99000
201506232592211,CHCL,10,59,42,1500,63000
201506232592209,CHCL,10,59,41,1500,61500
201506232592208,CHCL,10,59,75,1500,112500
201506232592191,CHCL,22,44,100,1499,149900
201506232592158,CHCL,17,44,100,1496,149600
201506232592069,CHCL,3,44,30,1500,45000
201506232592030,CHCL,47,44,100,1499,149900
201506232592309,CZBIL,42,42,203,445,90335
201506232592289,CZBIL,14,45,130,450,58500
201506232592288,CZBIL,14,45,130,450,58500
201506232592280,CZBIL,42,42,12,444,5328
201506232592275,CZBIL,42,42,12,444,5328
201506232592267,CZBIL,42,42,12,444,5328
201506232592199,CZBIL,33,33,1000,447,447000
201506232592112,CZBIL,33,33,2858,445,1271810
201506232592109,CZBIL,14,16,104,450,46800
201506232592105,CZBIL,14,53,13,449,5837
201506232591985,CZBIL,17,17,11,451,4961
201506232592282,EBL,48,48,200,2025,405000
201506232592315,EDBL,48,48,283,547,154801
201506232592238,GABL,45,45,20,248,4960
201506232592323,GLICL,48,4,97,535,51895
201506232592301,GLICL,36,43,127,539,68453
201506232592154,GLICL,41,56,28,545,15260
201506232592138,GLICL,7,3,20,555,11100
201506232592131,GLICL,41,8,15,545,8175
201506232592130,GLICL,41,39,50,545,27250
201506232592116,GLICL,43,3,10,535,5350
201506232592079,GLICL,16,3,10,525,5250
201506232592219,HAMA,29,5,50,142,7100
201506232592172,HAMA,29,5,50,144,7200
201506232592168,HAMA,29,5,50,144,7200
201506232592206,HGI,47,28,298,378,112644
201506232592338,ICFC,16,21,398,250,99500
201506232592254,IDBL,16,5,22,170,3740
201506232592253,IDBL,16,5,22,170,3740
201506232592147,IDBL,57,19,22,170,3740
201506232592086,IDBL,57,37,11,167,1837
201506232592071,IDBL,57,37,11,168,1848
201506232592040,IDBL,26,37,11,168,1848
201506232592015,IDBL,16,37,11,169,1859
201506232592337,ILFC,22,57,310,149,46190
201506232592334,JBBL,3,5,160,165,26400
201506232592330,JBBL,3,5,160,165,26400
201506232592316,JBBL,3,5,160,165,26400
201506232592237,JBBL,43,43,53,166,8798
201506232592212,JBBL,43,43,53,166,8798
201506232592198,JBBL,43,43,53,166,8798
201506232592053,JBBL,26,20,50,167,8350
201506232592273,JBNL,16,19,41,270,11070
201506232592269,JBNL,16,19,54,270,14580
201506232592161,JBNL,38,55,20,271,5420
201506232592102,JBNL,54,14,261,269,70209
201506232592284,KBL,44,54,2396,365,874540
201506232592233,KBL,49,11,129,372,47988
201506232592232,KBL,49,58,33,372,12276
201506232592121,KBL,8,21,168,370,62160
201506232592094,KBL,52,16,15,369,5535
201506232592021,KBL,16,16,43,367,15781
201506232592018,KBL,16,16,60,364,21840
201506232592016,KBL,42,20,25,365,9125
201506232592188,KCDBL,22,29,17,187,3179
201506232592344,KDBL,28,28,18,143,2574
201506232592073,KDBL,39,25,28,144,4032
201506232592064,KDBL,1,19,80,142,11360
201506232592345,LBL,5,11,100,409,40900
201506232592160,LBL,8,19,200,408,81600
201506232592106,LBL,5,11,60,414,24840
201506232592068,LBL,45,37,143,410,58630
201506232592298,LFLC,40,39,71,200,14200
201506232592296,LFLC,40,13,113,199,22487
201506232592293,LFLC,40,39,148,198,29304
201506232592210,LFLC,50,13,113,197,22261
201506232592192,LFLC,41,39,50,196,9800
201506232592179,LFLC,41,13,57,194,11058
201506232592139,LFLC,50,13,57,191,10887
201506232592101,LFLC,14,13,113,190,21470
201506232592100,LFLC,14,13,170,190,32300
201506232592099,LFLC,32,13,113,191,21583
201506232592019,LFLC,32,13,57,193,11001
201506232592349,LGIL,6,25,500,311,155500
201506232592325,LGIL,42,18,44,311,13684
201506232592285,LGIL,32,52,29,307,8903
201506232592250,LGIL,50,40,65,311,20215
201506232592140,LGIL,29,26,10,290,2900
201506232592127,LGIL,44,26,10,285,2850
201506232592077,LGIL,45,43,300,280,84000
201506232592076,LGIL,19,43,400,281,112400
201506232592215,LGIL,35,47,200,311,62200
201506232592189,LGIL,32,43,72,311,22392
201506232592186,LGIL,7,26,10,306,3060
201506232592185,LGIL,7,43,100,306,30600
201506232592175,LGIL,41,43,300,300,90000
201506232592149,LGIL,5,26,10,295,2950
201506232592310,LICN,28,44,200,2351,470200
201506232592230,LICN,50,49,200,2350,470000
201506232592195,LICN,55,42,200,2348,469600
201506232592194,LICN,17,42,100,2350,235000
201506232592028,LICN,32,32,99,2360,233640
201506232592011,LICN,5,32,16,2351,37616
201506232592300,LUBL,6,43,80,340,27200
201506232592255,LUBL,6,6,168,339,56952
201506232592290,MBL,49,20,1000,553,553000
201506232592265,MBL,33,35,1000,550,550000
201506232592085,MBL,58,36,209,550,114950
201506232592005,MBL,33,33,180,547,98460
201506232592062,MDB,19,56,50,485,24250
201506232592283,MDBL,46,52,73,228,16644
201506232592043,MDBL,46,33,93,224,20832
201506232592026,MLBBL,48,6,22,870,19140
201506232592070,NABB,6,8,47,128,6016
201506232592059,NABB,6,8,69,130,8970
201506232592336,NABIL,25,57,200,1865,373000
201506232592308,NABIL,5,20,100,1860,186000
201506232592306,NABIL,7,43,32,1870,59840
201506232592020,NABIL,3,6,50,1861,93050
201506232592311,NABILP,58,8,500,1300,650000
201506232592236,NABILP,54,8,200,1300,260000
201506232592354,NBB,10,35,1000,496,496000
201506232592263,NBB,33,33,1625,496,806000
201506232592261,NBB,49,35,100,496,49600
201506232592248,NBB,10,35,600,495,297000
201506232592213,NBB,54,20,36,494,17784
201506232592205,NBB,19,20,36,494,17784
201506232592171,NBB,54,44,500,499,249500
201506232592141,NBB,6,36,522,498,259956
201506232592097,NBB,26,26,15,492,7380
201506232592096,NBB,26,26,15,492,7380
201506232592095,NBB,26,26,30,492,14760
201506232592123,NBF1,56,1,114368,13,1509658
201506232592262,NBL,32,17,1314,277,363978
201506232592353,NCCB,50,51,210,594,124740
201506232592352,NCCB,50,51,280,594,166320
201506232592351,NCCB,50,57,500,594,297000
201506232592350,NCCB,50,8,2000,594,1188000
201506232592346,NCCB,56,40,1000,591,591000
201506232592333,NCCB,50,1,200,591,118200
201506232592182,NCCB,20,56,100,595,59500
201506232592173,NCCB,34,16,240,595,142800
201506232592151,NCCB,20,8,200,595,119000
201506232592119,NCCB,45,48,200,596,119200
201506232592078,NCCB,52,57,500,596,298000
201506232592075,NCCB,34,16,500,595,297500
201506232592305,NCCB,56,6,321,593,190353
201506232592270,NCCB,22,6,500,593,296500
201506232592224,NCCB,45,8,320,590,188800
201506232592223,NCCB,49,8,80,591,47280
201506232592222,NCCB,19,8,100,592,59200
201506232592183,NCCB,34,56,60,595,35700
201506232592332,NCCB,29,6,500,594,297000
201506232592321,NCCB,36,8,1000,591,591000
201506232592320,NCCB,22,8,400,591,236400
201506232592319,NCCB,22,8,100,591,59100
201506232592318,NCCB,29,51,200,594,118800
201506232592317,NCCB,29,16,300,594,178200
201506232592258,NCM,10,10,78,231,18018
201506232592299,NHPC,33,17,1000,117,117000
201506232592259,NHPC,21,56,1000,117,117000
201506232591990,NIB,20,20,330,698,230340
201506232591983,NIB,21,21,74,712,52688
201506232592240,NIBPO,21,21,290,500,145000
201506232592152,NICA,43,43,34,605,20570
201506232592358,NICL,32,52,350,312,109200
201506232592181,NIL,39,14,11,428,4708
201506232592091,NIL,48,20,50,420,21000
201506232592087,NIL,48,14,11,420,4620
201506232592074,NIL,39,14,10,412,4120
201506232592221,NLBBL,11,35,90,1155,103950
201506232591977,NLBBL,11,55,28,1140,31920
201506232591975,NLBBL,49,49,40,1145,45800
201506232591974,NLBBL,49,49,40,1145,45800
201506232592327,NLG,49,49,150,555,83250
201506232592326,NLG,49,49,200,555,111000
201506232592266,NLG,5,41,15,555,8325
201506232592256,NLG,7,14,26,550,14300
201506232592203,NLG,42,41,14,540,7560
201506232592117,NLIC,6,28,100,2790,279000
201506232592113,NLIC,6,49,30,2790,83700
201506232592088,NLIC,46,49,100,2785,278500
201506232592081,NLIC,14,28,100,2780,278000
201506232592066,NLIC,36,28,200,2770,554000
201506232592061,NLIC,5,49,100,2775,277500
201506232592052,NLIC,41,28,100,2752,275200
201506232592039,NLIC,34,28,100,2753,275300
201506232592031,NLIC,57,28,100,2751,275100
201506232592025,NLIC,11,28,100,2750,275000
201506232591994,NLIC,40,49,50,2780,139000
201506232591989,NLIC,44,49,100,2776,277600
201506232592324,NLICL,41,44,100,1760,176000
201506232592292,NLICL,17,45,40,1769,70760
201506232592286,NLICL,55,55,220,1770,389400
201506232592274,NLICL,50,59,200,1764,352800
201506232592067,NLICL,29,25,66,1800,118800
201506232592054,NLICL,50,59,490,1775,869750
201506232592051,NLICL,50,25,300,1774,532200
201506232592050,NLICL,50,59,100,1770,177000
201506232592023,NLICL,34,6,66,1768,116688
201506232592022,NLICL,34,59,100,1768,176800
201506232592014,NLICL,17,59,100,1734,173400
201506232592251,NNLB,16,16,10,848,8480
201506232592001,NNLB,17,17,10,864,8640
201506232591998,NNLB,17,17,10,864,8640
201506232591995,NNLB,17,17,10,864,8640
201506232591991,NNLB,17,17,10,864,8640
201506232591988,NNLB,17,17,10,864,8640
201506232592124,NTC,28,42,1000,610,610000
201506232592013,OHL,28,57,22,610,13420
201506232592356,PCBL,49,26,49,445,21805
201506232592348,PCBL,49,32,15,446,6690
201506232592218,PCBL,1,1,183,445,81435
201506232592146,PCBL,44,48,550,442,243100
201506232592137,PCBL,44,48,558,445,248310
201506232592056,PCBL,33,33,601,450,270450
201506232591987,PCBL,17,17,182,446,81172
201506232591984,PCBL,17,17,182,446,81172
201506232592228,PIC,29,1,10,505,5050
201506232592347,PLIC,39,1,20,1100,22000
201506232592304,PLIC,48,45,40,1100,44000
201506232592303,PLIC,39,25,40,1100,44000
201506232592302,PLIC,39,25,40,1100,44000
201506232592271,PLIC,21,53,54,1100,59400
201506232592207,PLIC,21,21,80,1115,89200
201506232592044,PLIC,38,25,13,1086,14118
201506232592009,PLIC,49,49,2747,1065,2925555
201506232592002,PLIC,5,25,13,1086,14118
201506232592136,PLIC,47,25,13,1120,14560
201506232592126,PLIC,41,39,350,1116,390600
201506232592125,PLIC,41,25,13,1110,14430
201506232592111,PLIC,41,53,91,1101,100191
201506232592107,PLIC,43,53,202,1100,222200
201506232592060,PLIC,36,56,379,1090,413110
201506232592202,PLIC,13,25,13,1108,14404
201506232592200,PLIC,36,25,200,1098,219600
201506232592197,PLIC,36,25,300,1098,329400
201506232592193,PLIC,13,25,40,1108,44320
201506232592143,PLIC,47,25,40,1130,45200
201506232592142,PLIC,47,25,40,1130,45200
201506232592355,PRIN,5,25,220,359,78980
201506232592339,PRVU,42,19,11,325,3575
201506232592335,PRVU,46,19,11,325,3575
201506232592246,PRVU,29,38,500,325,162500
201506232592164,PRVU,22,38,500,324,162000
201506232592162,PURBL,19,58,200,318,63600
201506232592177,RBCL,6,6,214,5098,1090972
201506232592041,RHPC,20,52,94,434,40796
201506232592000,RHPC,6,6,12,430,5160
201506232591997,RHPC,6,6,12,430,5160
201506232591992,RLFL,59,53,20,171,3420
201506232592214,SANIMA,1,29,99,551,54549
201506232592148,SANIMA,19,45,150,556,83400
201506232592058,SANIMA,45,53,200,560,112000
201506232592036,SANIMA,45,20,62,560,34720
201506232592357,SBL,41,35,264,650,171600
201506232592313,SBL,22,35,396,650,257400
201506232592312,SBL,33,35,190,655,124450
201506232592307,SBL,22,35,500,650,325000
201506232592257,SBL,37,57,35,652,22820
201506232592241,SBL,42,57,35,652,22820
201506232592234,SBL,37,18,42,655,27510
201506232592155,SCB,22,22,95,1885,179075
201506232592084,SCB,1,19,200,1885,377000
201506232592089,SHBL,55,55,10,1156,11560
201506232592008,SHBL,21,42,10,1177,11770
201506232591982,SHINE,42,42,27,334,9018
201506232592144,SHPC,43,16,18,670,12060
201506232592032,SHPC,6,6,18,662,11916
201506232592184,SICL,13,32,332,634,210488
201506232592220,SIL,38,26,10,504,5040
201506232592201,SIL,38,26,10,495,4950
201506232592331,SLICL,14,57,34,590,20060
201506232592329,SLICL,14,57,45,590,26550
201506232592328,SLICL,14,57,34,590,20060
201506232592297,SLICL,14,38,125,593,74125
201506232592239,SLICL,14,58,52,588,30576
201506232592034,SLICL,35,10,70,585,40950
201506232592017,SLICL,7,43,34,587,19958
201506232592007,SLICL,36,1,42,576,24192
201506232592006,SLICL,36,1,42,576,24192
201506232592003,SLICL,36,1,42,576,24192
201506232592092,SLICL,47,42,119,600,71400
201506232592090,SLICL,47,48,32,600,19200
201506232592057,SLICL,34,10,70,593,41510
201506232592048,SLICL,34,14,55,596,32780
201506232592047,SLICL,34,11,80,596,47680
201506232592046,SLICL,21,10,70,585,40950
201506232592196,SLICL,35,4,34,600,20400
201506232592169,SLICL,21,43,510,602,307020
201506232592159,SLICL,41,22,349,603,210447
201506232592135,SLICL,34,43,204,605,123420
201506232592133,SLICL,34,40,68,608,41344
201506232592110,SLICL,45,8,14,612,8568
201506232592342,SODBL,8,48,4000,104,416000
201506232592264,SODBL,25,16,1063,104,110552
201506232592252,SODBL,25,48,500,106,53000
201506232592247,SODBL,19,48,1000,106,106000
201506232592120,SRBL,16,16,64,405,25920
201506232592114,SRBL,46,16,32,405,12960
201506232592080,SRBL,25,32,1000,412,412000
201506232592176,SUBBL,22,26,12,262,3144
201506232592004,SUBBL,6,20,38,265,10070
201506232591981,SUBBL,6,20,38,265,10070
201506232592322,UIC,10,55,500,403,201500
201506232592291,UIC,17,49,100,411,41100
201506232592260,UIC,17,16,100,415,41500
201506232592150,UIC,10,16,200,416,83200
201506232592132,UIC,59,59,168,416,69888
201506232592038,UIC,10,50,60,416,24960
201506232592037,UIC,10,11,240,416,99840
201506232592129,UIC,10,20,10,420,4200
201506232592128,UIC,10,6,100,420,42000
201506232592093,UIC,41,36,34,416,14144
201506232592063,UIC,41,17,200,416,83200
201506232592115,WDBL,51,51,174,300,52200
201506232592098,WDBL,45,55,21,300,6300
201506232592055,WDBL,45,20,11,306,3366
201506232592343,YETI,11,19,40,127,5080
201506232592157,YETI,11,5,11,127,1397
201506232592156,YETI,11,5,50,127,6350
201506232592153,YETI,11,5,50,127,6350
201506232591980,YETI,11,37,40,127,5080
201506232591979,YETI,11,37,40,127,5080
201506232591978,YETI,11,59,90,127,11430
201506232591976,YETI,49,49,40,129,5160
