contract,symbol,buyer,seller,qty,rate,amt
201504222554786,ADBL,14,14,31,440,13640
201504222554732,ADBL,40,38,147,436,64092
201504222554453,ADBL,21,35,30,435,13050
201504222554366,ADBL,40,21,140,436,61040
201504222554704,AHPC,35,13,30,350,10500
201504222554625,AHPC,45,11,270,348,93960
201504222554376,AHPC,45,39,60,348,20880
201504222554370,AHPC,35,39,12,350,4200
201504222554785,ALICL,5,16,220,1169,257180
201504222554695,ALICL,5,40,29,1175,34075
201504222554450,ALICL,50,40,56,1171,65576
201504222554424,ALICL,14,40,43,1170,50310
201504222554418,ALICL,5,21,191,1175,224425
201504222554758,APEX,25,14,286,131,37466
201504222554730,APEX,14,14,1000,131,131000
201504222554724,APEX,25,14,200,131,26200
201504222554723,APEX,25,14,494,131,64714
201504222554324,APEX,36,13,462,137,63294
201504222554481,APEX,47,51,40,135,5400
201504222554428,APEX,13,33,30,134,4020
201504222554377,APEX,36,45,461,135,62235
201504222554371,APEX,36,59,705,135,95175
201504222554721,APEX,46,14,300,131,39300
201504222554711,APEX,25,14,500,131,65500
201504222554607,APEX,8,28,750,133,99750
201504222554606,APEX,13,28,250,134,33500
201504222554598,APEX,11,28,500,134,67000
201504222554525,APEX,13,1,224,134,30016
201504222554583,BGDBL,16,47,100,291,29100
201504222554733,BLDBL,13,21,211,319,67309
201504222554717,BLDBL,13,13,200,319,63800
201504222554744,BPCL,43,13,100,600,60000
201504222554743,BPCL,32,13,100,605,60500
201504222554325,BUDBL,11,11,188,205,38540
201504222554805,CBBL,45,37,57,1555,88635
201504222554739,CBBL,58,37,100,1557,155700
201504222554367,CBBL,45,6,174,1573,273702
201504222554793,CBL,13,50,1000,283,283000
201504222554741,CBL,48,50,1000,282,282000
201504222554539,CBL,45,50,1000,283,283000
201504222554537,CBL,22,50,1000,283,283000
201504222554536,CBL,45,50,2000,281,562000
201504222554534,CBL,34,50,1000,284,284000
201504222554516,CBL,20,13,33,287,9471
201504222554415,CBL,21,13,33,285,9405
201504222554411,CBL,48,19,1039,284,295076
201504222554777,CCBL,49,3,40,310,12400
201504222554726,CCBL,51,3,168,307,51576
201504222554631,CCBL,47,3,40,308,12320
201504222554576,CCBL,47,3,40,308,12320
201504222554575,CCBL,47,3,40,308,12320
201504222554406,CCBL,50,33,40,308,12320
201504222554375,CCBL,50,3,40,308,12320
201504222554533,CCBL,17,3,40,307,12280
201504222554527,CCBL,17,3,40,307,12280
201504222554495,CCBL,16,3,40,308,12320
201504222554478,CCBL,14,3,40,309,12360
201504222554442,CCBL,1,41,10,310,3100
201504222554440,CCBL,14,3,40,309,12360
201504222554565,CCBL,17,3,40,307,12280
201504222554563,CCBL,17,3,40,307,12280
201504222554562,CCBL,17,3,40,307,12280
201504222554560,CCBL,17,3,40,307,12280
201504222554558,CCBL,17,3,40,307,12280
201504222554557,CCBL,17,3,40,307,12280
201504222554683,CDBL,22,7,77,338,26026
201504222554628,CDBL,45,17,46,334,15364
201504222554658,CFCL,1,19,28,196,5488
201504222554654,CFCL,1,19,37,197,7289
201504222554650,CFCL,28,19,95,198,18810
201504222554318,CFCL,14,25,293,196,57428
201504222554751,CHCL,36,38,100,1604,160400
201504222554750,CHCL,36,58,90,1604,144360
201504222554749,CHCL,36,38,50,1603,80150
201504222554748,CHCL,36,32,100,1603,160300
201504222554747,CHCL,36,35,124,1600,198400
201504222554555,CHCL,58,7,101,1599,161499
201504222554387,CHCL,6,7,50,1597,79850
201504222554520,CHCL,4,51,56,1598,89488
201504222554493,CHCL,14,14,168,1597,268296
201504222554437,CHCL,4,7,60,1595,95700
201504222554397,CHCL,41,25,740,1590,1176600
201504222554389,CHCL,16,7,100,1595,159500
201504222554388,CHCL,37,7,100,1596,159600
201504222554714,CSDBL,45,51,36,360,12960
201504222554713,CSDBL,45,51,36,360,12960
201504222554712,CSDBL,45,51,36,360,12960
201504222554719,CZBIL,20,33,1415,460,650900
201504222554541,CZBIL,29,36,65,461,29965
201504222554515,CZBIL,17,11,460,461,212060
201504222554473,CZBIL,20,11,110,463,50930
201504222554469,CZBIL,20,6,168,463,77784
201504222554419,CZBIL,26,7,110,463,50930
201504222554334,CZBIL,41,56,157,460,72220
201504222554333,CZBIL,41,50,250,460,115000
201504222554319,CZBIL,19,45,1000,459,459000
201504222554392,CZBIL,11,50,267,460,122820
201504222554390,CZBIL,19,32,12,460,5520
201504222554364,CZBIL,49,47,12,460,5520
201504222554358,CZBIL,45,45,200,460,92000
201504222554357,CZBIL,45,45,200,460,92000
201504222554341,CZBIL,19,38,14,461,6454
201504222554526,DDBL,57,57,500,1232,616000
201504222554615,EBL,36,29,60,2131,127860
201504222554351,EBL,33,44,150,2132,319800
201504222554350,EBL,26,44,110,2132,234520
201504222554349,EBL,49,44,50,2133,106650
201504222554348,EBL,43,44,20,2140,42800
201504222554402,EBL,20,17,100,2136,213600
201504222554361,EBL,54,44,160,2130,340800
201504222554354,EBL,16,44,1000,2130,2130000
201504222554353,EBL,47,44,210,2130,447300
201504222554352,EBL,49,44,300,2131,639300
201504222554548,EBL,6,1,203,2135,433405
201504222554545,EBL,36,25,200,2134,426800
201504222554513,EBL,54,26,100,2130,213000
201504222554492,EBL,6,10,97,2130,206610
201504222554774,EKBL,17,42,10,292,2920
201504222554773,EKBL,17,42,10,292,2920
201504222554772,EKBL,17,42,10,292,2920
201504222554770,EKBL,17,42,18,292,5256
201504222554766,EKBL,17,42,18,292,5256
201504222554764,EKBL,17,40,32,292,9344
201504222554761,EKBL,17,40,32,292,9344
201504222554326,FMDBL,5,57,49,639,31311
201504222554694,GBBL,20,39,100,323,32300
201504222554665,GBBL,52,26,186,322,59892
201504222554535,GBBL,22,6,54,321,17334
201504222554641,GBIME,19,42,100,464,46400
201504222554337,GBIME,16,52,100,464,46400
201504222554317,GBIME,53,42,500,460,230000
201504222554807,GLICL,16,42,15,520,7800
201504222554561,GLICL,39,33,41,511,20951
201504222554523,GLICL,48,48,400,511,204400
201504222554426,GLICL,29,42,10,520,5200
201504222554734,HAMA,45,26,40,160,6400
201504222554477,HAMA,29,32,140,158,22120
201504222554812,HBL,3,10,16,838,13408
201504222554715,HBL,28,22,112,825,92400
201504222554532,IDBL,50,40,11,179,1969
201504222554359,IDBL,25,18,45,179,8055
201504222554649,JBBL,14,59,32,164,5248
201504222554771,JBNL,29,50,200,271,54200
201504222554759,JBNL,51,50,200,272,54400
201504222554410,JBNL,14,50,500,272,136000
201504222554779,JEFL,28,1,50,133,6650
201504222554655,JEFL,28,1,500,133,66500
201504222554504,JEFL,58,19,50,133,6650
201504222554365,JEFL,47,1,470,133,62510
201504222554512,JFL,45,29,100,397,39700
201504222554595,KAFIL,1,11,11,224,2464
201504222554589,KAFIL,1,11,11,222,2442
201504222554590,KDBL,55,17,21,156,3276
201504222554479,KDBL,48,16,28,155,4340
201504222554459,KDBL,25,16,21,155,3255
201504222554368,KDBL,53,54,107,157,16799
201504222554815,LBL,17,36,690,530,365700
201504222554331,LBL,42,25,117,526,61542
201504222554328,LBL,38,58,20,532,10640
201504222554760,LFLC,19,17,15,219,3285
201504222554753,LFLC,19,17,15,219,3285
201504222554796,LICN,22,32,167,2349,392283
201504222554795,LICN,22,32,50,2349,117450
201504222554647,LICN,22,32,52,2349,122148
201504222554529,LICN,53,32,44,2349,103356
201504222554780,LLBS,44,42,200,852,170400
201504222554449,LLBS,44,28,61,855,52155
201504222554446,LLBS,44,11,10,850,8500
201504222554445,LLBS,44,6,10,849,8490
201504222554441,LLBS,44,6,41,848,34768
201504222554735,LUBL,21,11,134,347,46498
201504222554567,LUBL,13,49,534,345,184230
201504222554546,LUBL,37,1,322,345,111090
201504222554381,LUBL,21,42,122,345,42090
201504222554617,MBBL,16,16,500,209,104500
201504222554616,MBBL,16,6,120,209,25080
201504222554794,MBL,11,29,561,561,314721
201504222554781,MBL,1,51,86,563,48418
201504222554622,MBL,28,28,730,560,408800
201504222554466,MBL,11,44,500,563,281500
201504222554465,MBL,11,13,100,562,56200
201504222554752,METRO,26,13,132,350,46200
201504222554623,MLBBL,10,17,12,960,11520
201504222554619,MLBBL,10,19,12,955,11460
201504222554809,MNBBL,39,21,97,565,54805
201504222554776,MNBBL,45,45,837,562,470394
201504222554644,MNBBL,40,42,76,562,42712
201504222554420,MNBBL,39,58,100,564,56400
201504222554657,NABIL,7,11,200,1900,380000
201504222554540,NABIL,58,11,84,1900,159600
201504222554401,NABIL,26,11,100,1893,189300
201504222554386,NABIL,1,33,240,1889,453360
201504222554716,NABILP,49,49,1000,1325,1325000
201504222554701,NABILP,8,49,1000,1325,1325000
201504222554356,NABILP,32,33,45,1333,59985
201504222554502,NABILP,8,10,50,1325,66250
201504222554814,NBB,22,49,500,490,245000
201504222554791,NBB,54,49,170,492,83640
201504222554790,NBB,46,49,230,493,113390
201504222554789,NBB,47,49,50,494,24700
201504222554737,NBB,5,25,100,496,49600
201504222554384,NBB,44,45,83,500,41500
201504222554471,NBB,38,45,200,499,99800
201504222554443,NBB,44,45,70,500,35000
201504222554425,NBB,54,45,500,499,249500
201504222554398,NBB,44,10,500,499,249500
201504222554509,NBB,36,25,100,498,49800
201504222554498,NBB,11,1,100,498,49800
201504222554491,NBB,39,1,100,498,49800
201504222554488,NBB,50,45,180,498,89640
201504222554475,NBB,50,45,200,498,99600
201504222554474,NBB,39,45,200,498,99600
201504222554572,NBB,17,45,1000,495,495000
201504222554566,NBB,50,25,80,496,39680
201504222554559,NBB,44,25,274,496,135904
201504222554547,NBB,44,38,540,496,267840
201504222554511,NBB,54,45,450,497,223650
201504222554510,NBB,36,45,100,498,49800
201504222554648,NBB,54,45,1000,493,493000
201504222554594,NBB,41,36,100,495,49500
201504222554593,NBB,36,36,300,495,148500
201504222554587,NBB,44,45,1000,495,495000
201504222554585,NBB,50,45,120,496,59520
201504222554581,NBB,46,45,1000,495,495000
201504222554679,NBB,50,45,50,492,24600
201504222554671,NBB,53,45,100,492,49200
201504222554670,NBB,50,45,190,492,93480
201504222554663,NBB,53,45,900,492,442800
201504222554652,NBB,45,45,200,493,98600
201504222554722,NBB,46,36,400,493,197200
201504222554720,NBB,22,45,345,492,169740
201504222554709,NBB,42,6,17,492,8364
201504222554697,NBB,42,45,130,492,63960
201504222554691,NBB,50,13,1200,492,590400
201504222554682,NBB,50,45,60,492,29520
201504222554813,NBBL,45,32,65,1900,123500
201504222554621,NBBL,58,17,20,1880,37600
201504222554808,NBL,47,25,100,300,30000
201504222554802,NBL,51,25,210,298,62580
201504222554798,NBL,17,20,200,300,60000
201504222554708,NBL,21,17,1000,296,296000
201504222554470,NBL,25,33,1000,297,297000
201504222554801,NCCB,33,36,42,574,24108
201504222554797,NCCB,33,51,100,570,57000
201504222554767,NCCB,51,7,100,568,56800
201504222554763,NCCB,51,57,110,566,62260
201504222554629,NCCB,53,13,336,564,189504
201504222554531,NCCB,33,33,2168,564,1222752
201504222554503,NCCB,16,57,300,565,169500
201504222554447,NCM,14,26,57,203,11571
201504222554444,NCM,47,26,79,203,16037
201504222554738,NGBL,39,33,500,268,134000
201504222554345,NGBL,1,33,500,266,133000
201504222554344,NGBL,13,33,500,267,133500
201504222554343,NGBL,39,33,500,269,134500
201504222554342,NGBL,39,33,100,269,26900
201504222554338,NGBL,58,33,200,270,54000
201504222554768,NHPC,5,33,1000,122,122000
201504222554736,NHPC,13,33,1000,122,122000
201504222554659,NHPC,21,33,2000,121,242000
201504222554494,NHPC,47,33,1000,123,123000
201504222554454,NHPC,21,5,1000,122,122000
201504222554436,NHPC,51,33,1000,123,123000
201504222554409,NHPC,48,5,1000,122,122000
201504222554322,NHPC,41,56,100,124,12400
201504222554636,NIB,49,11,218,723,157614
201504222554448,NIB,45,17,37,720,26640
201504222554404,NIB,47,21,500,715,357500
201504222554742,NIBSF1,41,11,17189,10,171890
201504222554740,NIBSF1,41,11,17189,10,171890
201504222554396,NIBSF1,41,10,5000,10,50000
201504222554395,NIBSF1,41,10,5000,10,50000
201504222554394,NIBSF1,41,10,5000,10,50000
201504222554632,NICA,13,28,1500,645,967500
201504222554374,NICA,32,32,140,650,91000
201504222554373,NICA,32,32,140,650,91000
201504222554372,NICA,32,32,140,650,91000
201504222554556,NLBBL,53,42,150,1200,180000
201504222554427,NLG,47,38,15,632,9480
201504222554422,NLG,47,38,15,632,9480
201504222554412,NLG,42,38,15,630,9450
201504222554792,NLIC,51,32,20,4190,83800
201504222554703,NLIC,51,32,24,4190,100560
201504222554586,NLIC,58,14,99,4180,413820
201504222554574,NLIC,35,32,100,4200,420000
201504222554573,NLIC,37,32,30,4200,126000
201504222554551,NLIC,3,32,10,4205,42050
201504222554549,NLIC,45,32,48,4201,201648
201504222554784,NLICL,6,38,500,2150,1075000
201504222554729,NLICL,3,54,363,2152,781176
201504222554725,NLICL,3,35,350,2150,752500
201504222554681,NLICL,59,56,100,2166,216600
201504222554677,NLICL,11,56,100,2160,216000
201504222554676,NLICL,25,56,100,2160,216000
201504222554378,NLICL,45,29,65,2179,141635
201504222554432,NLICL,25,56,200,2172,434400
201504222554431,NLICL,38,56,150,2172,325800
201504222554430,NLICL,21,56,70,2175,152250
201504222554429,NLICL,25,56,50,2175,108750
201504222554414,NLICL,45,29,55,2179,119845
201504222554408,NLICL,21,21,100,2175,217500
201504222554592,NLICL,19,56,30,2172,65160
201504222554550,NLICL,38,38,515,2158,1111370
201504222554438,NLICL,38,56,200,2166,433200
201504222554435,NLICL,38,56,300,2166,649800
201504222554434,NLICL,44,56,10,2170,21700
201504222554433,NLICL,7,56,200,2171,434200
201504222554675,NLICL,43,56,50,2161,108050
201504222554674,NLICL,58,56,100,2165,216500
201504222554673,NLICL,21,56,40,2165,86600
201504222554672,NLICL,50,56,60,2166,129960
201504222554662,NLICL,38,38,512,2159,1105408
201504222554596,NLICL,19,56,30,2170,65100
201504222554800,NNFC,28,7,502,273,137046
201504222554700,NNFC,28,11,551,268,147668
201504222554385,NNFC,26,11,407,271,110297
201504222554413,NNLB,28,28,60,944,56640
201504222554799,NTC,3,19,20,610,12200
201504222554380,NTC,41,21,750,599,449250
201504222554379,NTC,41,19,300,598,179400
201504222554468,NTC,41,45,310,605,187550
201504222554467,NTC,41,39,260,604,157040
201504222554661,NTC,17,17,200,602,120400
201504222554355,NUBL,5,5,134,1196,160264
201504222554332,NUBL,43,5,222,1200,266400
201504222554710,OFL,48,7,400,305,122000
201504222554689,OFL,13,49,350,301,105350
201504222554688,OFL,39,49,200,301,60200
201504222554687,OFL,43,49,500,302,151000
201504222554686,OFL,14,49,150,303,45450
201504222554685,OFL,14,49,100,305,30500
201504222554645,OFL,56,7,300,305,91500
201504222554643,OFL,47,7,100,306,30600
201504222554627,OFL,14,7,400,305,122000
201504222554613,OFL,56,7,1000,305,305000
201504222554542,OHL,59,25,300,719,215700
201504222554456,PCBL,6,43,303,444,134532
201504222554451,PCBL,17,35,80,445,35600
201504222554393,PLIC,54,54,40,1070,42800
201504222554811,PRVU,17,17,11,352,3872
201504222554803,PRVU,17,17,44,352,15488
201504222554788,PRVU,17,17,44,352,15488
201504222554782,PRVU,17,17,44,352,15488
201504222554757,PRVU,36,29,618,351,216918
201504222554728,PRVU,36,21,321,351,112671
201504222554476,PRVU,14,14,754,350,263900
201504222554458,PRVU,14,13,97,351,34047
201504222554421,PRVU,7,6,11,351,3861
201504222554339,PRVU,25,25,243,350,85050
201504222554718,PRVU,36,21,510,351,179010
201504222554690,PRVU,36,32,35,352,12320
201504222554668,PRVU,36,6,500,352,176000
201504222554667,PRVU,36,35,500,352,176000
201504222554552,PRVU,28,32,1946,350,681100
201504222554769,PURBL,26,16,33,316,10428
201504222554745,REDBL,53,53,19,218,4142
201504222554400,REDBL,58,21,124,214,26536
201504222554705,RHPC,43,13,10,443,4430
201504222554684,RMDC,26,39,261,685,178785
201504222554518,RMDC,14,14,13,676,8788
201504222554609,SANIMA,34,42,200,560,112000
201504222554579,SANIMA,42,4,1000,555,555000
201504222554571,SANIMA,42,4,1000,555,555000
201504222554564,SANIMA,28,4,500,556,278000
201504222554480,SANIMA,54,10,986,558,550188
201504222554464,SANIMA,16,42,100,560,56000
201504222554347,SANIMA,48,53,386,559,215774
201504222554463,SANIMA,17,42,100,560,56000
201504222554462,SANIMA,52,42,100,561,56100
201504222554461,SANIMA,19,42,50,561,28050
201504222554460,SANIMA,26,42,100,562,56200
201504222554403,SANIMA,47,19,400,557,222800
201504222554382,SANIMA,53,41,1430,555,793650
201504222554405,SBI,39,45,239,890,212710
201504222554787,SBL,20,13,74,691,51134
201504222554554,SBL,48,48,95,691,65645
201504222554524,SBL,54,28,500,692,346000
201504222554489,SBL,54,28,301,693,208593
201504222554487,SBL,54,36,141,693,97713
201504222554399,SBL,47,19,422,691,291602
201504222554329,SBL,26,25,42,691,29022
201504222554646,SCB,36,22,69,1969,135861
201504222554482,SCB,43,10,50,1965,98250
201504222554457,SCB,58,26,100,1965,196500
201504222554702,SEWA,42,45,113,285,32205
201504222554783,SFL,1,1,60,143,8580
201504222554611,SHBL,37,38,64,1225,78400
201504222554521,SHBL,7,16,64,1201,76864
201504222554517,SHBL,21,16,64,1202,76928
201504222554778,SHINE,29,11,19,354,6726
201504222554775,SHINE,29,11,19,354,6726
201504222554591,SHINE,29,11,19,355,6745
201504222554323,SHINE,29,29,28,354,9912
201504222554321,SHINE,29,29,28,354,9912
201504222554320,SHINE,29,29,28,354,9912
201504222554316,SHINE,29,29,28,354,9912
201504222554330,SHINE,29,32,10,354,3540
201504222554327,SHINE,29,29,28,354,9912
201504222554538,SHINE,52,17,140,356,49840
201504222554544,SHL,56,56,3133,437,1369121
201504222554519,SHL,1,56,500,440,220000
201504222554508,SHL,53,56,4400,437,1922800
201504222554507,SHL,56,56,1000,437,437000
201504222554506,SHL,39,56,300,439,131700
201504222554505,SHL,47,56,100,440,44000
201504222554455,SHL,51,58,200,444,88800
201504222554499,SHL,43,44,100,440,44000
201504222554490,SHL,41,44,100,440,44000
201504222554486,SHL,7,44,200,440,88000
201504222554485,SHL,48,44,1000,440,440000
201504222554484,SHL,22,44,500,440,220000
201504222554483,SHL,55,44,100,441,44100
201504222554416,SIC,11,32,10,1060,10600
201504222554383,SIC,38,40,37,1055,39035
201504222554335,SIC,11,11,70,1040,72800
201504222554656,SKBBL,38,14,428,1460,624880
201504222554651,SKBBL,21,28,38,1452,55176
201504222554680,SLICL,52,42,200,592,118400
201504222554346,SLICL,25,18,55,581,31955
201504222554407,SMFDB,55,48,185,1530,283050
201504222554762,SODBL,29,1,500,118,59000
201504222554578,SODBL,6,6,500,118,59000
201504222554568,SODBL,6,28,500,118,59000
201504222554340,SODBL,57,28,500,118,59000
201504222554810,SRBL,26,51,197,401,78997
201504222554570,SRBL,20,28,53,405,21465
201504222554497,SRBL,16,42,117,406,47502
201504222554472,SRBL,22,8,107,408,43656
201504222554439,SRBL,26,7,89,406,36134
201504222554804,SUPRME,16,21,1008,157,158256
201504222554698,SUPRME,13,13,32,159,5088
201504222554693,SUPRME,13,13,32,159,5088
201504222554634,SUPRME,10,54,63,158,9954
201504222554620,SUPRME,4,29,560,158,88480
201504222554423,SUPRME,13,10,385,159,61215
201504222554746,SWBBL,45,17,21,1608,33768
201504222554699,SWBBL,45,6,100,1605,160500
201504222554678,SWBBL,38,6,50,1600,80000
201504222554653,SWBBL,49,10,93,1601,148893
201504222554452,SYFL,17,13,1310,98,128380
201504222554731,VBBL,20,52,20,168,3360
201504222554727,VBBL,29,29,40,166,6640
201504222554707,VBBL,37,11,90,166,14940
201504222554706,VBBL,37,29,160,166,26560
201504222554640,VBBL,42,29,40,167,6680
201504222554639,VBBL,42,48,500,167,83500
201504222554501,VBBL,41,38,20,165,3300
201504222554500,VBBL,41,38,60,165,9900
201504222554417,VBBL,37,52,20,165,3300
201504222554369,VBBL,22,38,20,163,3260
201504222554363,VBBL,36,38,20,164,3280
201504222554336,VBBL,38,38,70,164,11480
201504222554601,VBBL,29,29,40,166,6640
201504222554600,VBBL,29,29,40,166,6640
201504222554599,VBBL,29,29,40,166,6640
201504222554553,VBBL,36,6,1830,164,300120
201504222554528,VBBL,38,38,40,165,6600
201504222554522,VBBL,37,38,20,164,3280
201504222554638,VBBL,42,43,1000,167,167000
201504222554637,VBBL,42,39,420,167,70140
201504222554605,VBBL,29,29,40,166,6640
201504222554604,VBBL,29,29,40,166,6640
201504222554603,VBBL,29,29,40,166,6640
201504222554602,VBBL,29,29,40,166,6640
201504222554608,WDBL,21,49,39,316,12324
201504222554580,WDBL,42,57,36,315,11340
201504222554577,WDBL,45,57,21,317,6657
201504222554569,WDBL,40,57,21,318,6678
201504222554514,WDBL,13,49,43,318,13674
201504222554362,WDBL,56,26,21,319,6699
201504222554360,WDBL,10,26,127,318,40386
201504222554304,ADBL,35,41,61,435,26535
201504222554202,ADBL,21,21,140,435,60900
201504222554061,ADBL,40,43,70,435,30450
201504222554144,AHPC,45,40,500,347,173500
201504222554122,AHPC,45,29,90,348,31320
201504222554121,AHPC,35,5,70,350,24500
201504222554118,AHPC,45,29,90,348,31320
201504222554107,AHPC,45,34,255,348,88740
201504222554086,AHPC,45,26,61,348,21228
201504222554072,AHPC,45,32,300,347,104100
201504222554070,AHPC,45,33,327,345,112815
201504222553962,AHPC,26,14,11,342,3762
201504222553932,ALDBL,16,22,40,310,12400
201504222553889,ALDBL,22,22,252,304,76608
201504222553882,ALDBL,25,22,50,310,15500
201504222554186,ALICL,50,19,128,1175,150400
201504222554096,ALICL,19,49,59,1165,68735
201504222553940,ALICL,19,39,31,1167,36177
201504222554289,APEX,36,13,20,135,2700
201504222554288,APEX,36,13,20,135,2700
201504222554287,APEX,36,13,20,135,2700
201504222554286,APEX,36,13,20,135,2700
201504222554285,APEX,36,13,20,135,2700
201504222553956,APEX,36,13,20,134,2680
201504222553955,APEX,36,13,20,134,2680
201504222553954,APEX,36,13,20,134,2680
201504222553953,APEX,36,13,20,134,2680
201504222554271,APEX,36,5,1179,134,157986
201504222554227,APEX,8,42,68,133,9044
201504222553959,APEX,36,1,331,135,44685
201504222553957,APEX,36,13,20,134,2680
201504222554275,BHBL,16,32,110,270,29700
201504222554074,BLDBL,45,32,252,320,80640
201504222554065,BPCL,21,21,133,610,81130
201504222554087,BUDBL,48,16,117,205,23985
201504222553909,CBBL,29,37,50,1605,80250
201504222554282,CBL,49,49,1018,284,289112
201504222554273,CBL,5,25,255,284,72420
201504222554166,CBL,43,33,500,285,142500
201504222554165,CBL,42,33,200,285,57000
201504222554164,CBL,42,33,350,285,99750
201504222554104,CBL,45,33,200,286,57200
201504222554080,CBL,35,42,27,285,7695
201504222554077,CBL,14,13,33,286,9438
201504222553937,CBL,34,33,305,285,86925
201504222553898,CBL,53,25,510,283,144330
201504222553841,CBL,34,7,112,286,32032
201504222554208,CCBL,49,49,3000,310,930000
201504222554198,CCBL,49,49,1113,310,345030
201504222554197,CCBL,49,33,40,310,12400
201504222554017,CCBL,37,33,40,310,12400
201504222553996,CCBL,17,33,40,307,12280
201504222553972,CCBL,57,25,153,310,47430
201504222553970,CCBL,51,25,553,307,169771
201504222553944,CCBL,16,4,156,310,48360
201504222553855,CCBL,35,7,34,309,10506
201504222554042,CDBL,32,32,19,334,6346
201504222553992,CDBL,20,7,120,334,40080
201504222553990,CDBL,39,33,398,333,132534
201504222553969,CDBL,45,43,28,330,9240
201504222553965,CDBL,17,21,320,330,105600
201504222553913,CDBL,19,49,15,333,4995
201504222553958,CDBL,47,49,48,330,15840
201504222553952,CDBL,47,49,50,330,16500
201504222553951,CDBL,29,49,200,330,66000
201504222553950,CDBL,52,49,50,330,16500
201504222553949,CDBL,1,49,200,331,66200
201504222553948,CDBL,19,49,100,332,33200
201504222554124,CHCL,16,54,300,1592,477600
201504222554120,CHCL,38,38,30,1600,48000
201504222554119,CHCL,38,38,50,1600,80000
201504222554116,CHCL,37,32,100,1600,160000
201504222554094,CHCL,21,32,100,1600,160000
201504222554091,CHCL,21,32,100,1600,160000
201504222553904,CHCL,38,38,30,1600,48000
201504222553903,CHCL,38,38,20,1601,32020
201504222553897,CHCL,52,49,85,1601,136085
201504222553883,CHCL,25,41,178,1600,284800
201504222553838,CHCL,37,49,27,1606,43362
201504222554055,CHCL,21,41,23,1600,36800
201504222554050,CHCL,38,41,70,1600,112000
201504222553989,CHCL,21,6,60,1600,96000
201504222553907,CHCL,38,38,100,1600,160000
201504222553906,CHCL,44,38,100,1600,160000
201504222553905,CHCL,37,38,100,1600,160000
201504222554149,CSDBL,50,40,71,359,25489
201504222553966,CSDBL,16,40,71,352,24992
201504222554302,CZBIL,47,33,101,460,46460
201504222554276,CZBIL,39,32,12,461,5532
201504222554272,CZBIL,17,32,12,462,5544
201504222554257,CZBIL,1,33,668,459,306612
201504222554235,CZBIL,49,21,95,460,43700
201504222553934,CZBIL,47,22,48,460,22080
201504222553871,CZBIL,53,10,214,459,98226
201504222553867,CZBIL,29,22,17,458,7786
201504222553986,CZBIL,39,38,24,461,11064
201504222553985,CZBIL,39,38,80,461,36880
201504222553982,CZBIL,39,11,86,461,39646
201504222553963,CZBIL,53,50,106,461,48866
201504222553961,CZBIL,49,19,220,460,101200
201504222553946,CZBIL,49,50,210,460,96600
201504222554063,CZBIL,26,50,500,462,231000
201504222554049,CZBIL,25,51,60,462,27720
201504222554038,CZBIL,4,7,128,462,59136
201504222554035,CZBIL,4,40,168,462,77616
201504222554016,CZBIL,53,38,280,461,129080
201504222554006,CZBIL,32,32,226,461,104186
201504222554174,CZBIL,32,21,190,460,87400
201504222554160,CZBIL,40,29,100,461,46100
201504222554148,CZBIL,49,45,500,460,230000
201504222554145,CZBIL,39,13,37,461,17057
201504222554141,CZBIL,49,45,500,460,230000
201504222554089,CZBIL,17,42,24,462,11088
201504222554027,EBL,39,44,100,2135,213500
201504222553899,EBL,19,11,28,2130,59640
201504222554098,EBL,34,44,100,2133,213300
201504222554095,EBL,16,44,200,2135,427000
201504222554125,EBL,45,58,200,2132,426400
201504222554233,EKBL,36,42,371,290,107590
201504222554232,EKBL,36,19,272,290,78880
201504222554231,EKBL,36,39,33,289,9537
201504222554230,EKBL,36,7,131,288,37728
201504222554229,EKBL,36,22,196,287,56252
201504222554151,EKBL,58,26,13,285,3705
201504222553844,EKBL,58,22,248,287,71176
201504222553964,EKBL,56,39,33,285,9405
201504222553947,EKBL,58,26,649,287,186263
201504222553868,EKBL,43,39,33,285,9405
201504222553866,EKBL,58,39,33,285,9405
201504222553863,EKBL,47,39,33,285,9405
201504222553862,EKBL,56,39,33,286,9438
201504222554299,GBBL,1,45,500,318,159000
201504222554292,GBBL,45,45,5000,315,1575000
201504222554255,GBBL,5,56,101,320,32320
201504222554249,GBBL,5,39,150,320,48000
201504222554243,GBBL,6,32,269,321,86349
201504222553870,GBBL,17,1,259,323,83657
201504222553825,GBBL,52,32,269,323,86887
201504222554191,GBIME,53,42,300,460,138000
201504222554178,GBIME,1,42,500,461,230500
201504222554171,GBIME,53,26,200,460,92000
201504222554023,GBIME,5,7,48,460,22080
201504222554312,GDBL,10,20,200,320,64000
201504222554297,GDBL,6,58,935,316,295460
201504222553824,GDBL,17,32,70,320,22400
201504222553821,GDBL,17,32,70,320,22400
201504222553880,GDBL,10,43,766,326,249716
201504222554040,GDBL,10,11,365,320,116800
201504222554034,GDBL,10,11,500,320,160000
201504222554084,GLICL,39,48,18,520,9360
201504222554083,GLICL,37,17,28,512,14336
201504222554078,GLICL,3,17,28,512,14336
201504222554051,GLICL,14,14,1235,502,619970
201504222554048,GLICL,43,14,14,512,7168
201504222553820,GLICL,29,25,90,520,46800
201504222554262,HBL,43,18,342,822,281124
201504222554103,HBL,11,18,48,825,39600
201504222554005,HBL,25,25,120,821,98520
201504222554127,HDL,50,29,30,630,18900
201504222554007,ICFC,58,58,101,262,26462
201504222553999,ICFC,58,58,51,262,13362
201504222553938,ICFC,58,58,51,262,13362
201504222553851,ICFC,58,58,51,265,13515
201504222553826,ICFC,58,58,51,265,13515
201504222553817,ICFC,58,58,51,265,13515
201504222554236,IDBL,50,45,224,180,40320
201504222554266,INDB,59,26,88,400,35200
201504222554283,JBBL,39,39,20,167,3340
201504222554138,JBBL,35,33,19,167,3173
201504222553916,JBBL,35,59,32,169,5408
201504222554143,JBNL,47,50,500,272,136000
201504222554068,JBNL,26,26,17,270,4590
201504222553833,JBNL,32,42,33,269,8877
201504222554303,KAFIL,43,39,217,220,47740
201504222554294,KAFIL,32,39,105,218,22890
201504222554028,KBBL,13,14,500,380,190000
201504222554173,KBL,10,14,64,380,24320
201504222554158,KBL,10,14,45,380,17100
201504222554150,KBL,10,14,45,380,17100
201504222554132,KBL,41,14,64,382,24448
201504222554062,KDBL,43,42,42,158,6636
201504222553902,KDBL,28,7,109,159,17331
201504222553901,KDBL,28,53,41,159,6519
201504222554109,LBL,25,1,32,533,17056
201504222554025,LBL,48,47,307,530,162710
201504222554002,LBL,36,47,61,530,32330
201504222553896,LBL,41,29,111,524,58164
201504222553895,LBL,11,29,111,525,58275
201504222554195,LFLC,50,36,305,217,66185
201504222554033,LFLC,50,26,328,216,70848
201504222553818,LFLC,14,10,82,215,17630
201504222553835,LLBS,45,49,30,840,25200
201504222554163,LUBL,1,26,349,340,118660
201504222554039,LUBL,11,45,106,345,36570
201504222553890,LUBL,1,25,613,340,208420
201504222554003,MBBL,22,50,35,210,7350
201504222554001,MBBL,22,32,71,210,14910
201504222554307,MBL,59,44,1000,560,560000
201504222554306,MBL,34,44,120,560,67200
201504222554305,MBL,38,44,20,560,11200
201504222554254,MBL,34,18,380,560,212800
201504222554213,MBL,40,18,194,561,108834
201504222554194,MBL,34,44,500,563,281500
201504222553960,MBL,47,25,593,555,329115
201504222553923,MBL,53,25,486,559,271674
201504222553914,MBL,41,46,312,563,175656
201504222554246,MDBL,57,32,300,225,67500
201504222554240,MDBL,57,21,122,225,27450
201504222554228,MDBL,57,57,24,223,5352
201504222553850,MDBL,57,49,28,220,6160
201504222554057,MLBBL,57,57,133,960,127680
201504222554117,MNBBL,25,57,46,565,25990
201504222553822,MNBBL,36,10,260,554,144040
201504222553892,MNBBL,32,17,88,554,48752
201504222553881,MNBBL,45,28,1987,545,1082915
201504222553860,MNBBL,1,49,92,550,50600
201504222553837,MNBBL,45,45,35,555,19425
201504222553828,MNBBL,56,28,477,550,262350
201504222553894,MNBBLP,14,57,5000,285,1425000
201504222553891,MNBBLP,14,57,3260,285,929100
201504222553888,MNBBLP,14,57,17154,285,4888890
201504222553886,MNBBLP,14,57,10000,285,2850000
201504222553879,MNBBLP,14,57,9128,285,2601480
201504222553876,MNBBLP,14,57,3000,285,855000
201504222553872,MNBBLP,14,57,3000,285,855000
201504222553864,MNBBLP,14,57,3000,285,855000
201504222553856,MNBBLP,14,57,5000,285,1425000
201504222553845,MNBBLP,14,57,5000,285,1425000
201504222553840,MNBBLP,14,57,6000,285,1710000
201504222553836,MNBBLP,14,57,15572,285,4438020
201504222554310,NABIL,28,28,366,1890,691740
201504222554110,NABIL,21,54,150,1892,283800
201504222554101,NABIL,8,54,997,1880,1874360
201504222554073,NABIL,45,29,105,1895,198975
201504222554298,NABILP,32,34,100,1332,133200
201504222554280,NABILP,43,7,200,1330,266000
201504222554269,NABILP,43,7,500,1330,665000
201504222554264,NABILP,42,7,300,1330,399000
201504222553998,NABILP,39,7,250,1330,332500
201504222554081,NABILP,43,29,89,1329,118281
201504222554200,NABILP,43,42,300,1330,399000
201504222554187,NABILP,43,7,150,1330,199500
201504222554185,NABILP,43,7,500,1330,665000
201504222554177,NABILP,43,7,100,1330,133000
201504222554281,NBB,44,57,1000,500,500000
201504222554250,NBB,44,38,632,500,316000
201504222554242,NBB,44,49,400,500,200000
201504222554220,NBB,25,25,15,504,7560
201504222554218,NBB,25,50,50,501,25050
201504222554215,NBB,44,35,210,500,105000
201504222554114,NBB,50,33,165,498,82170
201504222554112,NBB,45,22,30,502,15060
201504222554036,NBB,42,38,100,500,50000
201504222553831,NBB,44,16,500,500,250000
201504222554214,NBB,44,38,200,500,100000
201504222554211,NBB,44,38,100,500,50000
201504222554210,NBB,44,16,330,500,165000
201504222554209,NBB,44,57,500,500,250000
201504222554133,NBB,54,38,1000,498,498000
201504222554071,NBF1,19,40,5994,13,80020
201504222554067,NBF1,19,45,2398,13,31893
201504222554131,NBL,39,7,71,299,21229
201504222554059,NBL,29,19,1151,295,339545
201504222553927,NBL,13,44,100,295,29500
201504222554045,NCCB,51,28,200,570,114000
201504222554044,NCCB,25,28,300,571,171300
201504222554043,NCCB,52,28,100,571,57100
201504222553926,NCCB,16,55,300,571,171300
201504222554066,NCM,14,54,125,207,25875
201504222554315,NGBL,13,33,200,270,54000
201504222554314,NGBL,58,33,200,270,54000
201504222554226,NGBL,58,26,100,271,27100
201504222554225,NGBL,58,26,100,271,27100
201504222553877,NGBL,39,7,96,274,26304
201504222554290,NHPC,13,33,1000,123,123000
201504222554224,NHPC,16,33,500,123,61500
201504222554069,NHPC,47,56,1000,123,123000
201504222554053,NHPC,32,56,200,125,25000
201504222553994,NIB,32,50,87,715,62205
201504222554260,NICA,49,21,462,650,300300
201504222554259,NICA,14,19,156,653,101868
201504222554221,NICA,16,35,30,652,19560
201504222554076,NICA,32,42,10,650,6500
201504222554060,NICA,44,7,80,654,52320
201504222553921,NICA,32,32,120,650,78000
201504222553915,NICA,32,32,70,650,45500
201504222553900,NICA,32,36,25,650,16250
201504222553878,NICA,5,55,60,656,39360
201504222553865,NICA,41,26,84,649,54516
201504222553884,NLBBL,53,11,180,1200,216000
201504222554058,NLG,26,26,30,626,18780
201504222554188,NLIC,19,28,50,4220,211000
201504222554147,NLIC,7,49,100,4222,422200
201504222554136,NLIC,45,41,20,4225,84500
201504222554135,NLIC,45,41,30,4225,126750
201504222554134,NLIC,59,41,10,4240,42400
201504222554130,NLIC,7,41,50,4226,211300
201504222553869,NLIC,19,32,35,4243,148505
201504222553852,NLIC,41,44,100,4240,424000
201504222553842,NLIC,43,44,100,4241,424100
201504222553941,NLIC,47,6,11,4271,46981
201504222553939,NLIC,7,49,80,4234,338720
201504222553936,NLIC,43,32,100,4231,423100
201504222553919,NLIC,26,10,100,4232,423200
201504222553918,NLIC,17,11,43,4240,182320
201504222553912,NLIC,22,4,70,4235,296450
201504222554093,NLIC,17,28,150,4230,634500
201504222554092,NLIC,7,28,100,4230,423000
201504222553984,NLIC,1,28,100,4230,423000
201504222553971,NLIC,7,7,100,4240,424000
201504222553943,NLIC,26,49,30,4245,127350
201504222553942,NLIC,36,49,20,4250,85000
201504222554192,NLICL,21,19,69,2178,150282
201504222554146,NLICL,25,19,38,2177,82726
201504222554140,NLICL,25,33,50,2175,108750
201504222554129,NLICL,25,33,50,2170,108500
201504222554032,NLICL,3,54,500,2152,1076000
201504222554014,NLICL,46,56,260,2170,564200
201504222553977,NLICL,41,56,200,2181,436200
201504222553843,NLICL,49,33,104,2185,227240
201504222553839,NLICL,28,33,50,2190,109500
201504222554013,NLICL,14,56,100,2175,217500
201504222554012,NLICL,46,56,100,2175,217500
201504222554011,NLICL,14,56,50,2176,108800
201504222554010,NLICL,25,56,100,2176,217600
201504222553979,NLICL,3,56,300,2177,653100
201504222553978,NLICL,41,56,100,2180,218000
201504222553887,NNLB,39,49,10,926,9260
201504222554139,NTC,25,42,100,600,60000
201504222554126,NUBL,36,19,21,1206,25326
201504222553827,OFL,14,49,500,311,155500
201504222554270,PCBL,45,43,500,444,222000
201504222554170,PCBL,39,44,27,445,12015
201504222554169,PCBL,39,44,27,445,12015
201504222554159,PCBL,39,44,27,445,12015
201504222554137,PCBL,40,28,27,444,11988
201504222554075,PCBL,17,50,46,443,20378
201504222554041,PCBL,40,17,159,443,70437
201504222553991,PCBL,53,7,89,443,39427
201504222553924,PCBL,53,11,193,442,85306
201504222554239,PIC,42,17,10,540,5400
201504222554238,PIC,42,6,10,540,5400
201504222554237,PIC,42,39,43,539,23177
201504222554123,PIC,21,6,300,535,160500
201504222553846,PICL,42,42,756,408,308448
201504222554234,PLIC,32,52,100,1080,108000
201504222553993,PLIC,17,17,27,1081,29187
201504222553847,PLIC,38,53,40,1080,43200
201504222554199,PRDBL,22,22,180,175,31500
201504222554196,PRDBL,22,48,10,172,1720
201504222554161,PRDBL,22,47,100,169,16900
201504222554142,PRDBL,22,47,100,169,16900
201504222553987,PRDBL,22,13,10,169,1690
201504222553859,PRDBL,22,59,10,166,1660
201504222554296,PRVU,25,32,11,350,3850
201504222554293,PRVU,29,32,11,350,3850
201504222554284,PRVU,29,32,11,350,3850
201504222554278,PRVU,25,32,11,350,3850
201504222553816,PRVU,29,19,192,350,67200
201504222553858,PRVU,50,16,194,350,67900
201504222553854,PRVU,50,32,11,350,3850
201504222553853,PRVU,50,32,11,350,3850
201504222553849,PRVU,45,7,379,348,131892
201504222553995,PRVU,28,25,2052,346,709992
201504222553933,PRVU,45,29,11,350,3850
201504222553930,PRVU,45,29,11,350,3850
201504222553929,PRVU,45,29,11,350,3850
201504222553873,PRVU,17,29,11,350,3850
201504222554111,PRVU,51,29,11,350,3850
201504222554100,PRVU,14,29,11,350,3850
201504222554099,PRVU,14,29,11,350,3850
201504222554064,PRVU,59,6,850,349,296650
201504222554167,PRVU,49,29,11,350,3850
201504222554157,PRVU,49,29,11,350,3850
201504222554156,PRVU,49,29,11,350,3850
201504222554155,PRVU,49,29,11,350,3850
201504222554154,PRVU,49,29,11,350,3850
201504222554153,PRVU,49,29,11,350,3850
201504222554184,PRVU,14,32,11,350,3850
201504222554183,PRVU,14,32,11,350,3850
201504222554182,PRVU,14,32,11,350,3850
201504222554181,PRVU,14,29,11,350,3850
201504222554180,PRVU,19,32,11,349,3839
201504222554168,PRVU,49,32,11,350,3850
201504222554277,PRVU,29,32,11,350,3850
201504222554274,PRVU,14,21,166,352,58432
201504222554268,PRVU,32,32,11,350,3850
201504222554245,PRVU,14,32,11,350,3850
201504222554244,PRVU,25,32,11,350,3850
201504222554189,PRVU,25,48,70,350,24500
201504222554115,PURBL,4,47,77,310,23870
201504222554222,RHPC,28,41,11,448,4928
201504222554009,RHPC,25,49,10,440,4400
201504222554024,RMDC,21,49,33,680,22440
201504222554256,SADBL,16,55,100,325,32500
201504222554179,SANIMA,19,8,47,561,26367
201504222554176,SANIMA,34,4,500,559,279500
201504222554175,SANIMA,41,16,289,558,161262
201504222554018,SANIMA,25,25,52,561,29172
201504222554004,SANIMA,36,25,112,559,62608
201504222553988,SANIMA,28,25,500,556,278000
201504222553861,SANIMA,17,25,200,560,112000
201504222554291,SBI,21,45,81,896,72576
201504222554162,SBI,25,45,87,895,77865
201504222554097,SBI,53,20,656,890,583840
201504222554085,SBI,53,29,256,890,227840
201504222553968,SBI,17,45,169,890,150410
201504222553925,SBI,36,45,91,886,80626
201504222553917,SBI,55,45,90,888,79920
201504222553910,SBI,25,25,62,886,54932
201504222554313,SBL,44,56,500,690,345000
201504222554056,SBL,26,28,92,695,63940
201504222554029,SBL,26,28,553,693,383229
201504222554019,SBL,45,1,23,692,15916
201504222553922,SBL,28,28,238,694,165172
201504222554216,SCB,45,56,200,1965,393000
201504222554152,SCB,45,56,200,1970,394000
201504222553920,SCB,46,53,238,1970,468860
201504222553893,SCB,44,53,155,1975,306125
201504222553874,SCB,46,36,70,1970,137900
201504222554082,SDBL,6,6,50,208,10400
201504222553967,SDBL,6,16,250,211,52750
201504222554309,SEWA,42,17,150,290,43500
201504222553928,SEWA,5,49,52,285,14820
201504222554311,SHINE,29,29,28,354,9912
201504222554308,SHINE,29,29,28,354,9912
201504222553997,SHINE,20,17,102,354,36108
201504222553945,SHINE,43,17,15,352,5280
201504222554105,SHINE,43,53,55,355,19525
201504222554090,SHINE,56,32,556,353,196268
201504222554088,SHINE,56,32,431,352,151712
201504222554106,SHINE,43,19,18,359,6462
201504222554223,SHPC,10,11,18,730,13140
201504222554113,SHPC,41,6,30,725,21750
201504222554046,SHPC,26,26,10,723,7230
201504222553885,SHPC,41,49,36,722,25992
201504222553834,SHPC,41,49,50,722,36100
201504222554301,SIGS1,26,40,5000,16,77750
201504222554212,SIGS1,26,40,10000,16,155500
201504222554193,SLICL,25,33,220,580,127600
201504222554102,SLICL,25,46,500,588,294000
201504222553875,SMFDB,17,10,86,1528,131408
201504222554248,SODBL,48,54,970,118,114460
201504222554217,SODBL,21,6,500,118,59000
201504222554021,SODBL,20,6,500,119,59500
201504222554020,SODBL,20,22,1000,118,118000
201504222554000,SODBL,6,6,500,117,58500
201504222553857,SODBL,29,8,500,116,58000
201504222554265,SRBL,51,5,43,408,17544
201504222554261,SRBL,17,5,14,410,5740
201504222554108,SRBL,17,10,11,410,4510
201504222554054,SRBL,20,57,12614,412,5196968
201504222554052,SRBL,20,49,51,411,20961
201504222553848,SRBL,20,22,26,413,10738
201504222553832,SRBL,20,49,48,414,19872
201504222553829,SRBL,20,49,208,415,86320
201504222554047,SUPRME,53,41,352,159,55968
201504222554015,SUPRME,17,17,11,159,1749
201504222553931,SWBBL,56,25,77,1608,123816
201504222553819,SWBBL,32,39,12,1640,19680
201504222554241,SYFL,39,18,1000,99,99000
201504222553935,SYFL,17,25,448,100,44800
201504222553823,SYFL,21,22,379,102,38658
201504222554190,UFIL,36,13,11,149,1639
201504222554172,UFIL,16,47,156,147,22932
201504222554037,UFIL,36,57,44,149,6556
201504222554026,UFIL,59,42,40,151,6040
201504222554022,UFIL,59,57,44,149,6556
201504222554008,UFIL,47,57,44,149,6556
201504222554128,UFL,21,22,69,234,16146
201504222554267,VBBL,36,25,50,166,8300
201504222554258,VBBL,36,48,520,164,85280
201504222554253,VBBL,45,11,100,165,16500
201504222554252,VBBL,36,51,20,166,3320
201504222554251,VBBL,36,51,20,166,3320
201504222553983,VBBL,47,51,20,165,3300
201504222553981,VBBL,47,17,60,165,9900
201504222553980,VBBL,36,51,20,164,3280
201504222553976,VBBL,36,51,20,164,3280
201504222553975,VBBL,36,51,20,164,3280
201504222553974,VBBL,36,51,20,164,3280
201504222553973,VBBL,36,51,20,164,3280
201504222554219,WDBL,56,6,11,324,3564
201504222554207,WDBL,29,29,13,325,4225
201504222554206,WDBL,29,29,13,325,4225
201504222554205,WDBL,29,29,13,325,4225
201504222554204,WDBL,29,29,13,325,4225
201504222554203,WDBL,29,29,13,325,4225
201504222554201,WDBL,29,29,13,325,4225
201504222554031,YETI,8,8,60,137,8220
201504222554030,YETI,8,8,60,137,8220
201504222553781,AHPC,21,5,62,347,21514
201504222553767,AHPC,5,5,25,351,8775
201504222553602,AHPC,34,7,100,352,35200
201504222553542,AHPC,16,16,46,352,16192
201504222553764,ALDBL,13,26,100,315,31500
201504222553687,ALDBL,13,49,100,315,31500
201504222553722,ALICL,22,39,46,1160,53360
201504222553587,ALICL,17,17,16,1167,18672
201504222553584,ALICL,17,17,16,1167,18672
201504222553583,ALICL,17,17,16,1167,18672
201504222553758,APEX,51,57,90,132,11880
201504222553689,APEX,46,13,20,132,2640
201504222553681,APEX,13,13,20,131,2620
201504222553678,APEX,13,13,20,131,2620
201504222553676,APEX,13,13,20,131,2620
201504222553672,APEX,13,13,20,131,2620
201504222553621,APEX,46,13,20,131,2620
201504222553620,APEX,46,13,20,131,2620
201504222553619,APEX,46,13,20,131,2620
201504222553618,APEX,46,13,20,131,2620
201504222553615,APEX,46,13,20,131,2620
201504222553634,APEX,13,13,20,131,2620
201504222553633,APEX,13,13,20,131,2620
201504222553631,APEX,13,13,20,131,2620
201504222553629,APEX,13,13,20,131,2620
201504222553627,APEX,13,13,20,131,2620
201504222553625,APEX,13,13,20,131,2620
201504222553651,APEX,13,13,20,131,2620
201504222553648,APEX,13,13,20,131,2620
201504222553646,APEX,13,13,20,131,2620
201504222553639,APEX,13,13,20,131,2620
201504222553638,APEX,13,13,20,131,2620
201504222553636,APEX,13,13,20,131,2620
201504222553670,APEX,13,13,20,131,2620
201504222553669,APEX,13,13,20,131,2620
201504222553667,APEX,13,13,20,131,2620
201504222553663,APEX,13,13,20,131,2620
201504222553658,APEX,13,13,20,131,2620
201504222553654,APEX,13,13,20,131,2620
201504222553750,BLDBL,48,21,10,325,3250
201504222553613,BLDBL,49,49,140,319,44660
201504222553566,CBBL,29,41,42,1610,67620
201504222553815,CBL,36,33,300,287,86100
201504222553804,CBL,36,17,17,288,4896
201504222553792,CBL,11,33,500,287,143500
201504222553748,CBL,21,17,17,288,4896
201504222553739,CBL,21,35,30,288,8640
201504222553683,CBL,11,32,1000,285,285000
201504222553628,CBL,1,33,500,290,145000
201504222553573,CBL,13,43,48,290,13920
201504222553552,CBL,42,43,96,292,28032
201504222553717,CCBL,11,4,80,309,24720
201504222553699,CCBL,1,4,40,310,12400
201504222553632,CCBL,11,47,500,309,154500
201504222553772,CDBL,52,57,47,334,15698
201504222553773,CHCL,45,45,55,1608,88440
201504222553762,CHCL,44,59,34,1600,54400
201504222553761,CHCL,45,58,43,1607,69101
201504222553741,CHCL,37,33,64,1604,102656
201504222553735,CHCL,38,39,30,1605,48150
201504222553724,CHCL,38,29,70,1600,112000
201504222553720,CHCL,38,59,35,1600,56000
201504222553682,CHCL,1,1,150,1605,240750
201504222553605,CHCL,21,54,143,1607,229801
201504222553577,CHCL,29,54,115,1605,184575
201504222553554,CHCL,16,16,28,1611,45108
201504222553574,CSDBL,16,26,14,357,4998
201504222553770,CZBIL,26,22,24,464,11136
201504222553701,CZBIL,11,35,28,455,12740
201504222553700,CZBIL,11,35,210,455,95550
201504222553692,CZBIL,34,4,119,453,53907
201504222553630,CZBIL,1,55,143,452,64636
201504222553549,CZBIL,16,44,21,450,9450
201504222553548,CZBIL,16,44,21,450,9450
201504222553547,CZBIL,16,16,72,446,32112
201504222553540,CZBIL,16,16,37,451,16687
201504222553668,EKBL,29,22,196,286,56056
201504222553780,GBBL,49,57,461,320,147520
201504222553665,GBBL,57,25,225,323,72675
201504222553523,GBBL,44,44,44,327,14388
201504222553517,GBBL,39,39,53,323,17119
201504222553516,GBBL,44,44,24,327,7848
201504222553515,GBBL,39,39,26,323,8398
201504222553514,GBBL,39,39,26,323,8398
201504222553513,GBBL,39,39,26,323,8398
201504222553512,GBBL,39,39,26,323,8398
201504222553511,GBBL,39,39,26,323,8398
201504222553510,GBBL,39,39,26,323,8398
201504222553702,HBL,7,18,99,820,81180
201504222553757,HDL,59,58,110,625,68750
201504222553659,HDL,16,16,10,630,6300
201504222553807,ICFC,58,58,51,265,13515
201504222553768,IDBL,1,57,11,182,2002
201504222553522,IDBL,39,39,112,182,20384
201504222553521,IDBL,39,39,112,182,20384
201504222553520,IDBL,39,39,112,182,20384
201504222553519,IDBL,39,39,112,182,20384
201504222553769,JBNL,47,42,33,269,8877
201504222553777,KAFIL,32,5,86,218,18748
201504222553617,KAFIL,1,55,171,217,37107
201504222553662,KDBL,43,19,76,159,12084
201504222553661,KDBL,43,19,28,159,4452
201504222553626,KDBL,43,17,127,160,20320
201504222553624,KDBL,43,29,85,160,13600
201504222553623,KDBL,43,53,85,159,13515
201504222553622,KDBL,43,17,127,159,20193
201504222553686,LBL,41,29,111,524,58164
201504222553784,LFLC,50,36,471,216,101736
201504222553656,LFLC,49,49,597,215,128355
201504222553561,LGIL,50,20,26,346,8996
201504222553753,LLBS,45,55,10,845,8450
201504222553653,LLBS,45,45,10,835,8350
201504222553599,MBBL,16,16,100,213,21300
201504222553799,MLBBL,10,16,12,961,11532
201504222553730,MNBBL,45,1,15,560,8400
201504222553685,NABIL,39,41,58,1916,111128
201504222553726,NABILP,49,57,240,1330,319200
201504222553814,NBB,50,38,200,499,99800
201504222553760,NBB,36,38,500,495,247500
201504222553759,NBB,47,38,50,495,24750
201504222553713,NBB,46,38,1000,495,495000
201504222553696,NBB,48,58,205,499,102295
201504222553560,NBB,36,36,250,508,127000
201504222553559,NBB,36,48,100,507,50700
201504222553557,NBB,21,55,120,500,60000
201504222553550,NBB,17,36,1000,505,505000
201504222553691,NBB,36,8,236,501,118236
201504222553688,NBB,21,1,160,500,80000
201504222553674,NBB,41,57,400,501,200400
201504222553604,NBB,21,38,10,500,5000
201504222553600,NBB,37,25,1000,498,498000
201504222553598,NBB,21,38,210,500,105000
201504222553790,NBF1,43,32,2287,13,30417
201504222553788,NBF1,43,32,2287,13,30417
201504222553787,NBF1,43,57,5718,13,75935
201504222553596,NGBL,39,39,1000,271,271000
201504222553595,NGBL,39,39,1000,271,271000
201504222553594,NGBL,39,39,1000,271,271000
201504222553756,NHPC,25,26,20,127,2540
201504222553641,NIB,32,32,765,715,546975
201504222553593,NIB,36,36,553,725,400925
201504222553723,NIBPO,49,57,2128,498,1059744
201504222553747,NICA,5,5,20,660,13200
201504222553572,NICA,17,17,51,658,33558
201504222553808,NIL,25,52,10,628,6280
201504222553582,NLIC,45,49,110,4250,467500
201504222553581,NLIC,17,49,58,4250,246500
201504222553579,NLIC,45,45,191,4260,813660
201504222553556,NLIC,17,17,200,4280,856000
201504222553738,NLICL,59,33,100,2180,218000
201504222553708,NLICL,14,33,100,2180,218000
201504222553666,NLICL,25,33,100,2185,218500
201504222553589,NLICL,8,33,50,2190,109500
201504222553580,NLICL,29,33,50,2190,109500
201504222553575,NLICL,5,5,35,2190,76650
201504222553570,NLICL,5,5,105,2190,229950
201504222553775,NMBSF1,17,51,2000,10,20000
201504222553703,NTC,32,32,90,600,54000
201504222553766,OFL,39,28,500,311,155500
201504222553765,OFL,39,21,34,310,10540
201504222553755,OFL,29,49,200,307,61400
201504222553751,PCBL,50,50,12,442,5304
201504222553749,PCBL,32,32,638,438,279444
201504222553740,PCBL,17,17,14,441,6174
201504222553671,PCBL,48,47,193,438,84534
201504222553565,PCBL,17,17,28,443,12404
201504222553733,PICL,3,28,13,415,5395
201504222553592,PLIC,33,33,400,1080,432000
201504222553586,PLIC,33,33,500,1080,540000
201504222553660,PRDBL,22,59,10,166,1660
201504222553657,PRDBL,22,59,10,166,1660
201504222553811,PRVU,49,32,11,350,3850
201504222553810,PRVU,49,32,11,350,3850
201504222553806,PRVU,49,32,11,350,3850
201504222553803,PRVU,49,32,11,350,3850
201504222553802,PRVU,49,29,11,350,3850
201504222553801,PRVU,49,32,11,350,3850
201504222553533,PRVU,44,44,12,355,4260
201504222553532,PRVU,44,44,12,355,4260
201504222553541,PRVU,44,44,12,355,4260
201504222553539,PRVU,44,44,12,355,4260
201504222553538,PRVU,44,44,89,356,31684
201504222553537,PRVU,44,44,12,355,4260
201504222553536,PRVU,44,44,12,355,4260
201504222553535,PRVU,44,44,12,355,4260
201504222553776,PRVU,29,32,11,350,3850
201504222553774,PRVU,29,32,11,350,3850
201504222553763,PRVU,29,32,11,350,3850
201504222553743,PRVU,45,32,11,350,3850
201504222553544,PRVU,44,44,12,355,4260
201504222553543,PRVU,44,44,14,355,4970
201504222553800,PRVU,49,29,11,350,3850
201504222553796,PRVU,49,29,11,350,3850
201504222553795,PRVU,49,29,11,350,3850
201504222553794,PRVU,49,29,11,350,3850
201504222553793,PRVU,49,29,11,350,3850
201504222553789,PRVU,49,32,11,350,3850
201504222553614,REDBL,58,59,50,218,10900
201504222553809,SANIMA,26,32,499,559,278941
201504222553732,SANIMA,53,13,100,560,56000
201504222553721,SFL,1,1,1198,143,171314
201504222553642,SFL,39,1,349,145,50605
201504222553734,SHINE,13,53,28,353,9884
201504222553725,SHINE,13,53,140,353,49420
201504222553805,SHPC,41,57,18,724,13032
201504222553754,SHPC,14,57,18,722,12996
201504222553752,SODBL,42,29,500,116,58000
201504222553786,SRBL,20,8,107,418,44726
201504222553783,SRBL,20,10,11,418,4598
201504222553782,SRBL,20,48,150,416,62400
201504222553779,SRBL,26,1,241,415,100015
201504222553778,SRBL,20,28,77,416,32032
201504222553731,SRBL,5,5,53,421,22313
201504222553546,SRBL,20,44,13,408,5304
201504222553529,SRBL,16,16,115,412,47380
201504222553643,SRBL,33,33,88,415,36520
201504222553640,SRBL,1,1,107,412,44084
201504222553637,SRBL,1,1,107,412,44084
201504222553635,SRBL,1,1,107,412,44084
201504222553616,SRBL,33,33,55,415,22825
201504222553578,SRBL,17,17,89,412,36668
201504222553655,SRBL,33,33,55,415,22825
201504222553652,SRBL,1,1,107,420,44940
201504222553649,SRBL,1,1,107,420,44940
201504222553647,SRBL,1,1,107,412,44084
201504222553645,SRBL,20,1,107,413,44191
201504222553644,SRBL,1,1,107,412,44084
201504222553698,SRBL,20,36,360,420,151200
201504222553695,SRBL,20,55,64,419,26816
201504222553684,SRBL,33,33,43,416,17888
201504222553675,SRBL,1,14,107,416,44512
201504222553673,SRBL,33,33,55,416,22880
201504222553664,SRBL,33,33,55,416,22880
201504222553563,SUBBL,28,28,66,295,19470
201504222553679,SUPRME,39,59,11,158,1738
201504222553771,SWBBL,10,22,39,1630,63570
201504222553798,SYFL,19,49,21,101,2121
201504222553737,SYFL,17,33,279,101,28179
201504222553650,UFIL,47,14,10,149,1490
201504222553576,UFL,17,17,123,230,28290
201504222553813,VBBL,36,17,90,164,14760
201504222553812,VBBL,36,17,90,164,14760
201504222553797,VBBL,25,25,50,162,8100
201504222553791,VBBL,25,25,50,162,8100
201504222553746,VBBL,16,41,20,162,3240
201504222553745,VBBL,16,41,20,162,3240
201504222553568,VBBL,20,44,20,165,3300
201504222553567,VBBL,20,52,20,164,3280
201504222553564,VBBL,20,52,20,163,3260
201504222553558,VBBL,25,25,50,160,8000
201504222553553,VBBL,8,52,50,163,8150
201504222553551,VBBL,55,55,20,164,3280
201504222553601,VBBL,29,17,90,165,14850
201504222553597,VBBL,29,17,90,165,14850
201504222553590,VBBL,29,47,40,165,6600
201504222553585,VBBL,29,47,40,165,6600
201504222553571,VBBL,20,52,20,168,3360
201504222553569,VBBL,20,41,30,165,4950
201504222553610,VBBL,29,41,20,165,3300
201504222553609,VBBL,29,41,20,165,3300
201504222553608,VBBL,29,41,20,165,3300
201504222553607,VBBL,29,41,20,165,3300
201504222553606,VBBL,29,17,90,165,14850
201504222553603,VBBL,29,57,20,165,3300
201504222553706,VBBL,16,41,20,162,3240
201504222553705,VBBL,16,41,20,162,3240
201504222553704,VBBL,16,41,20,162,3240
201504222553677,VBBL,29,29,30,164,4920
201504222553612,VBBL,29,41,20,165,3300
201504222553611,VBBL,29,41,20,165,3300
201504222553714,VBBL,16,41,20,162,3240
201504222553712,VBBL,16,41,20,162,3240
201504222553711,VBBL,16,41,20,162,3240
201504222553710,VBBL,16,41,20,162,3240
201504222553709,VBBL,16,41,40,162,6480
201504222553707,VBBL,16,41,20,162,3240
201504222553742,VBBL,16,41,20,162,3240
201504222553736,VBBL,16,57,30,162,4860
201504222553719,VBBL,16,41,20,162,3240
201504222553718,VBBL,16,41,40,162,6480
201504222553716,VBBL,16,41,20,162,3240
201504222553715,VBBL,16,41,20,162,3240
201504222553744,YETI,28,29,20,137,2740
201504222553729,YETI,22,1,60,136,8160
201504222553728,YETI,22,48,30,135,4050
201504222553727,YETI,22,48,30,135,4050
201504222553697,YETI,22,17,30,134,4020
201504222553694,YETI,22,17,30,134,4020
201504222553526,YETI,44,44,11,135,1485
201504222553525,YETI,44,44,11,135,1485
201504222553524,YETI,44,44,11,135,1485
201504222553518,YETI,44,44,11,135,1485
201504222553693,YETI,22,17,30,134,4020
201504222553690,YETI,25,17,30,134,4020
201504222553591,YETI,44,44,11,135,1485
201504222553588,YETI,44,44,11,135,1485
201504222553545,YETI,25,44,11,135,1485
201504222553531,YETI,44,44,11,135,1485
