contract,symbol,buyer,seller,qty,rate,amt
201506302602907,ADBL,55,42,40,415,16600
201506302602906,ADBL,55,42,40,415,16600
201506302602728,ADBL,29,45,952,412,392224
201506302602722,ADBL,29,45,441,410,180810
201506302602472,ADBL,6,6,829,408,338232
201506302602514,AHPC,52,6,349,321,112029
201506302602941,ALICL,14,45,160,1010,161600
201506302602875,ALICL,14,45,100,1020,102000
201506302602874,ALICL,14,45,50,1020,51000
201506302602858,ALICL,14,29,16,1020,16320
201506302602857,ALICL,14,29,16,1020,16320
201506302602856,ALICL,14,29,16,1020,16320
201506302602782,ALICL,14,43,630,1011,636930
201506302602763,ALICL,14,6,100,1010,101000
201506302602737,ALICL,14,43,500,1005,502500
201506302602687,ALICL,14,43,500,1000,500000
201506302602662,ALICL,29,43,500,1000,500000
201506302602837,ALICL,14,29,16,1020,16320
201506302602836,ALICL,14,29,16,1020,16320
201506302602835,ALICL,14,29,16,1020,16320
201506302602834,ALICL,14,29,16,1020,16320
201506302602833,ALICL,14,29,16,1020,16320
201506302602800,ALICL,26,53,1000,1015,1015000
201506302602855,ALICL,14,29,16,1020,16320
201506302602842,ALICL,14,29,16,1020,16320
201506302602841,ALICL,14,29,16,1020,16320
201506302602840,ALICL,14,29,16,1020,16320
201506302602839,ALICL,14,29,16,1020,16320
201506302602838,ALICL,14,29,16,1020,16320
201506302602600,APEX,16,10,110,118,12980
201506302602591,APEX,1,10,90,119,10710
201506302602721,ARDBL,32,3,21,168,3528
201506302602716,ARDBL,32,5,201,167,33567
201506302602764,BHBL,36,47,500,306,153000
201506302602735,BHBL,36,5,500,306,153000
201506302602688,BUDBL,28,11,237,200,47400
201506302602632,CBBL,45,19,105,1667,175035
201506302602621,CBBL,45,32,79,1653,130587
201506302602607,CBBL,45,53,262,1650,432300
201506302602940,CBL,6,25,310,270,83700
201506302602939,CBL,6,25,100,271,27100
201506302602920,CBL,6,21,200,270,54000
201506302602908,CBL,6,21,200,271,54200
201506302602820,CBL,13,58,500,270,135000
201506302602814,CBL,6,6,14,271,3794
201506302602569,CBL,1,25,1000,270,270000
201506302602536,CBL,13,59,507,270,136890
201506302602515,CBL,6,21,93,270,25110
201506302602495,CBL,6,21,93,270,25110
201506302602482,CBL,6,21,93,270,25110
201506302602825,CCBL,40,21,100,317,31700
201506302602615,CCBL,44,51,40,317,12680
201506302602598,CCBL,39,57,16,315,5040
201506302602572,CCBL,48,57,91,314,28574
201506302602944,CDBL,53,14,581,321,186501
201506302602928,CDBL,51,14,962,322,309764
201506302602887,CDBL,16,42,38,324,12312
201506302602634,CDBL,17,14,1000,325,325000
201506302602909,CHCL,26,45,100,1550,155000
201506302602815,CHCL,36,45,36,1553,55908
201506302602772,CHCL,42,21,215,1550,333250
201506302602617,CHCL,42,38,779,1550,1207450
201506302602616,CHCL,42,35,369,1549,571581
201506302602538,CHCL,16,59,178,1548,275544
201506302602513,CHCL,41,38,56,1550,86800
201506302602682,CZBIL,58,14,50,455,22750
201506302602556,CZBIL,32,19,72,453,32616
201506302602479,CZBIL,58,33,400,452,180800
201506302602733,DDBL,44,44,200,1120,224000
201506302602723,EBL,58,45,285,2125,605625
201506302602646,EBL,14,45,120,2120,254400
201506302602639,EBL,38,14,109,2119,230971
201506302602627,EBL,17,10,100,2114,211400
201506302602619,EBL,7,38,100,2113,211300
201506302602558,EBL,7,7,100,2109,210900
201506302602490,EBL,22,22,340,2100,714000
201506302602610,EBL,7,7,25,2112,52800
201506302602609,EBL,7,59,20,2111,42220
201506302602587,EBL,7,57,500,2110,1055000
201506302602581,EBL,14,42,277,2110,584470
201506302602579,EBL,7,51,28,2110,59080
201506302602559,EBL,7,51,105,2110,221550
201506302602896,EDBL,25,38,45,580,26100
201506302602801,EIC,17,17,50,828,41400
201506302602797,EIC,17,17,50,828,41400
201506302602778,EIC,45,17,90,843,75870
201506302602648,EIC,41,41,100,842,84200
201506302602813,FMDBL,49,17,198,567,112266
201506302602943,GBIME,29,42,20,456,9120
201506302602889,GBIME,29,42,40,448,17920
201506302602748,GBIME,29,8,200,445,89000
201506302602657,GBIME,8,36,340,442,150280
201506302602523,GBIME,32,36,300,442,132600
201506302602505,GBIME,6,22,100,440,44000
201506302602473,GBIME,42,11,195,443,86385
201506302602706,GLICL,59,21,170,572,97240
201506302602699,GLICL,59,40,123,572,70356
201506302602698,GLICL,59,21,100,571,57100
201506302602697,GLICL,59,21,110,571,62810
201506302602675,GLICL,26,41,284,570,161880
201506302602628,GLICL,20,8,500,566,283000
201506302602626,GLICL,16,11,180,569,102420
201506302602942,HAMA,29,14,50,153,7650
201506302602878,HAMA,21,51,110,151,16610
201506302602746,ICFC,13,28,86,252,21672
201506302602742,ICFC,16,28,929,250,232250
201506302602458,ICFC,51,13,140,254,35560
201506302602900,IDBL,57,42,11,171,1881
201506302602885,KBL,29,13,266,382,101612
201506302602804,KBL,10,38,109,383,41747
201506302602717,KBL,53,52,118,383,45194
201506302602696,KBL,8,47,92,382,35144
201506302602692,KBL,8,8,209,382,79838
201506302602551,KBL,8,22,118,381,44958
201506302602529,KBL,10,57,568,380,215840
201506302602793,KDBL,48,14,1137,145,164865
201506302602605,KKBL,45,39,30,355,10650
201506302602547,KMCDB,33,53,10,1038,10380
201506302602546,KMCDB,33,53,10,1038,10380
201506302602545,KMCDB,33,53,10,1038,10380
201506302602932,LICN,14,17,200,2850,570000
201506302602796,LICN,10,28,35,2850,99750
201506302602781,LICN,21,28,90,2851,256590
201506302602780,LICN,16,28,100,2852,285200
201506302602779,LICN,53,28,10,2852,28520
201506302602718,LICN,41,7,10,2868,28680
201506302602631,LICN,26,5,200,2858,571600
201506302602570,LICN,50,17,500,2855,1427500
201506302602516,LICN,5,32,50,2865,143250
201506302602876,LUBL,53,21,1000,345,345000
201506302602866,LUBL,53,50,552,345,190440
201506302602791,LUBL,43,21,79,346,27334
201506302602761,LUBL,42,14,1000,344,344000
201506302602618,LUBL,16,8,1100,341,375100
201506302602603,LUBL,45,6,500,342,171000
201506302602595,LUBL,43,21,91,342,31122
201506302602500,LUBL,53,56,1000,340,340000
201506302602470,LUBL,43,17,500,340,170000
201506302602773,MBL,42,14,500,564,282000
201506302602895,MDBL,35,43,48,235,11280
201506302602844,NABIL,3,17,20,1909,38180
201506302602640,NABIL,22,22,146,1900,277400
201506302602625,NABIL,3,22,57,1909,108813
201506302602456,NABIL,3,45,96,1909,183264
201506302602915,NBB,10,13,500,515,257500
201506302602912,NBB,10,5,335,515,172525
201506302602891,NBB,17,5,190,515,97850
201506302602881,NBB,36,5,163,515,83945
201506302602770,NBB,32,32,1000,515,515000
201506302602708,NBB,32,32,1000,515,515000
201506302602557,NBB,10,5,143,515,73645
201506302602544,NBB,10,5,300,515,154500
201506302602922,NBL,4,22,600,285,171000
201506302602694,NBL,46,35,2000,284,568000
201506302602693,NBL,4,45,1000,283,283000
201506302602684,NBL,4,33,1000,283,283000
201506302602938,NCCB,56,17,100,615,61500
201506302602927,NCCB,56,17,60,615,36900
201506302602924,NCCB,11,7,230,614,141220
201506302602923,NCCB,11,7,100,613,61300
201506302602916,NCCB,56,17,60,615,36900
201506302602905,NCCB,56,49,1000,612,612000
201506302602492,NCCB,49,35,536,603,323208
201506302602485,NCCB,14,8,110,604,66440
201506302602476,NCCB,17,26,105,603,63315
201506302602474,NCCB,49,41,500,603,301500
201506302602471,NCCB,16,8,100,604,60400
201506302602466,NCCB,52,10,91,603,54873
201506302602521,NCCB,29,51,200,604,120800
201506302602520,NCCB,29,6,100,604,60400
201506302602519,NCCB,29,47,90,604,54360
201506302602517,NCCB,8,34,690,603,416070
201506302602496,NCCB,38,47,105,604,63420
201506302602493,NCCB,13,8,100,604,60400
201506302602568,NCCB,56,56,2600,603,1567800
201506302602555,NCCB,8,18,460,603,277380
201506302602548,NCCB,48,48,26,607,15782
201506302602542,NCCB,29,48,200,604,120800
201506302602524,NCCB,38,19,400,604,241600
201506302602522,NCCB,29,48,100,604,60400
201506302602583,NCCB,49,56,200,604,120800
201506302602582,NCCB,49,10,500,604,302000
201506302602578,NCCB,49,19,200,604,120800
201506302602577,NCCB,49,8,150,604,90600
201506302602574,NCCB,49,17,469,604,283276
201506302602573,NCCB,49,5,500,604,302000
201506302602601,NCCB,56,26,1000,604,604000
201506302602597,NCCB,49,8,201,604,121404
201506302602593,NCCB,56,56,800,604,483200
201506302602592,NCCB,49,57,142,604,85768
201506302602589,NCCB,7,6,420,604,253680
201506302602588,NCCB,7,25,1090,604,658360
201506302602658,NCCB,11,14,50,605,30250
201506302602644,NCCB,49,25,930,604,561720
201506302602643,NCCB,49,39,500,604,302000
201506302602642,NCCB,49,19,380,604,229520
201506302602633,NCCB,8,5,210,603,126630
201506302602608,NCCB,7,39,300,604,181200
201506302602686,NCCB,25,25,160,605,96800
201506302602680,NCCB,6,33,2290,604,1383160
201506302602672,NCCB,56,45,500,604,302000
201506302602665,NCCB,7,48,200,605,121000
201506302602660,NCCB,11,52,100,606,60600
201506302602659,NCCB,11,14,50,605,30250
201506302602731,NCCB,56,45,310,605,187550
201506302602730,NCCB,56,43,300,605,181500
201506302602729,NCCB,56,38,2320,605,1403600
201506302602724,NCCB,56,42,1071,605,647955
201506302602709,NCCB,49,34,50,605,30250
201506302602704,NCCB,14,40,300,605,181500
201506302602747,NCCB,56,5,105,608,63840
201506302602744,NCCB,56,47,105,608,63840
201506302602743,NCCB,56,25,30,607,18210
201506302602739,NCCB,56,14,52,607,31564
201506302602738,NCCB,56,48,500,606,303000
201506302602732,NCCB,56,34,498,605,301290
201506302602787,NCCB,1,37,110,606,66660
201506302602783,NCCB,56,5,200,608,121600
201506302602774,NCCB,33,32,200,606,121200
201506302602769,NCCB,56,6,100,609,60900
201506302602768,NCCB,56,32,200,609,121800
201506302602766,NCCB,56,19,259,608,157472
201506302602817,NCCB,56,38,200,610,122000
201506302602816,NCCB,56,17,300,610,183000
201506302602809,NCCB,56,25,332,610,202520
201506302602808,NCCB,56,32,40,610,24400
201506302602805,NCCB,40,40,200,608,121600
201506302602792,NCCB,56,32,200,607,121400
201506302602828,NCCB,56,17,1000,610,610000
201506302602824,NCCB,56,29,215,610,131150
201506302602823,NCCB,56,56,200,610,122000
201506302602822,NCCB,56,32,200,609,121800
201506302602819,NCCB,5,11,476,610,290360
201506302602818,NCCB,56,39,175,610,106750
201506302602845,NCCB,56,34,210,610,128100
201506302602843,NCCB,54,34,700,608,425600
201506302602832,NCCB,56,56,105,610,64050
201506302602831,NCCB,56,8,500,610,305000
201506302602830,NCCB,56,34,1000,610,610000
201506302602829,NCCB,56,8,1000,610,610000
201506302602872,NCCB,1,49,100,612,61200
201506302602865,NCCB,56,56,1565,612,957780
201506302602863,NCCB,56,32,200,612,122400
201506302602854,NCCB,56,5,200,612,122400
201506302602847,NCCB,56,14,62,612,37944
201506302602846,NCCB,56,38,140,611,85540
201506302602904,NCCB,56,49,600,612,367200
201506302602903,NCCB,56,39,300,612,183600
201506302602888,NCCB,39,41,310,609,188790
201506302602886,NCCB,56,49,100,612,61200
201506302602880,NCCB,56,49,100,612,61200
201506302602873,NCCB,56,49,100,612,61200
201506302602707,NEFL,56,52,262,230,60260
201506302602666,NIB,33,21,104,715,74360
201506302602549,NIB,19,59,125,717,89625
201506302602826,NIBPO,41,55,500,508,254000
201506302602736,NIBPO,43,49,400,507,202800
201506302602624,NIBPO,26,55,500,508,254000
201506302602901,NICA,22,55,500,617,308500
201506302602859,NICA,10,13,46,615,28290
201506302602849,NICA,29,13,138,617,85146
201506302602638,NICA,29,55,500,617,308500
201506302602637,NICA,29,55,500,617,308500
201506302602636,NICA,29,25,60,617,37020
201506302602629,NICA,29,51,161,616,99176
201506302602539,NICA,41,11,20,627,12540
201506302602511,NICA,3,51,51,619,31569
201506302602811,NICL,33,57,500,394,197000
201506302602810,NICL,28,57,100,396,39600
201506302602803,NICL,34,57,200,400,80000
201506302602802,NICL,5,57,200,401,80200
201506302602776,NICL,14,57,200,405,81000
201506302602775,NICL,5,57,300,406,121800
201506302602929,NIL,6,20,100,452,45200
201506302602890,NIL,46,1,200,449,89800
201506302602955,NLG,26,58,100,571,57100
201506302602727,NLG,26,51,37,570,21090
201506302602645,NLG,26,58,263,570,149910
201506302602952,NLIC,16,16,1305,2900,3784500
201506302602951,NLIC,16,51,50,2900,145000
201506302602950,NLIC,16,28,240,2900,696000
201506302602949,NLIC,16,44,340,2898,985320
201506302602945,NLIC,16,49,2000,2890,5780000
201506302602936,NLIC,7,28,300,2899,869700
201506302602700,NLIC,26,20,100,2900,290000
201506302602679,NLIC,42,28,500,2896,1448000
201506302602678,NLIC,42,28,300,2895,868500
201506302602677,NLIC,42,49,200,2895,579000
201506302602526,NLIC,50,44,200,2892,578400
201506302602784,NLIC,26,3,30,2900,87000
201506302602777,NLIC,38,49,500,2890,1445000
201506302602719,NLIC,17,17,52,2899,150748
201506302602714,NLIC,54,54,100,2895,289500
201506302602702,NLIC,26,51,50,2900,145000
201506302602701,NLIC,26,51,20,2900,58000
201506302602867,NLICL,45,45,300,1916,574800
201506302602850,NLICL,26,6,200,1925,385000
201506302602807,NLICL,25,6,200,1925,385000
201506302602762,NLICL,35,6,200,1916,383200
201506302602741,NLICL,35,48,101,1915,193415
201506302602726,NLICL,28,21,51,1925,98175
201506302602518,NLICL,3,14,27,1909,51543
201506302602512,NLICL,21,58,100,1900,190000
201506302602503,NLICL,25,44,100,1899,189900
201506302602483,NLICL,50,44,100,1898,189800
201506302602563,NLICL,43,57,28,1920,53760
201506302602560,NLICL,25,20,33,1915,63195
201506302602550,NLICL,25,44,100,1908,190800
201506302602541,NLICL,25,44,100,1905,190500
201506302602534,NLICL,25,45,60,1901,114060
201506302602530,NLICL,25,45,45,1901,85545
201506302602725,NLICL,28,44,100,1919,191900
201506302602705,NLICL,58,21,51,1920,97920
201506302602606,NLICL,13,13,45,1908,85860
201506302602590,NLICL,26,13,100,1914,191400
201506302602580,NLICL,21,44,100,1914,191400
201506302602576,NLICL,13,13,100,1908,190800
201506302602795,NTC,42,25,1450,624,904800
201506302602790,NTC,42,52,160,626,100160
201506302602789,NTC,42,17,100,625,62500
201506302602788,NTC,42,45,200,624,124800
201506302602930,NUBL,53,7,115,1250,143750
201506302602695,OFL,32,32,120,314,37680
201506302602612,OFL,32,32,40,319,12760
201506302602760,PCBL,50,47,17,450,7650
201506302602759,PCBL,50,6,15,450,6750
201506302602758,PCBL,50,48,110,450,49500
201506302602757,PCBL,50,7,48,449,21552
201506302602756,PCBL,50,21,30,449,13470
201506302602755,PCBL,50,36,97,449,43553
201506302602754,PCBL,50,21,17,448,7616
201506302602753,PCBL,50,17,123,448,55104
201506302602752,PCBL,50,17,99,448,44352
201506302602749,PCBL,45,40,29,448,12992
201506302602504,PCBL,16,11,20,447,8940
201506302602501,PCBL,16,11,30,447,13410
201506302602914,PICL,32,48,500,397,198500
201506302602868,PICL,32,58,300,394,118200
201506302602806,PICL,38,34,200,394,78800
201506302602947,PLIC,39,43,61,1180,71980
201506302602894,PLIC,59,25,298,1175,350150
201506302602893,PLIC,59,53,500,1175,587500
201506302602879,PLIC,5,6,200,1173,234600
201506302602862,PLIC,59,49,200,1173,234600
201506302602853,PLIC,48,17,1244,1170,1455480
201506302602457,PLIC,8,8,27,1170,31590
201506302602497,PLIC,38,56,30,1169,35070
201506302602486,PLIC,13,47,60,1168,70080
201506302602480,PLIC,57,44,440,1167,513480
201506302602478,PLIC,8,8,27,1170,31590
201506302602467,PLIC,38,56,100,1169,116900
201506302602465,PLIC,49,49,200,1171,234200
201506302602566,PLIC,57,49,100,1170,117000
201506302602565,PLIC,29,49,60,1170,70200
201506302602553,PLIC,38,44,316,1169,369404
201506302602537,PLIC,29,21,40,1170,46800
201506302602535,PLIC,8,8,27,1171,31617
201506302602498,PLIC,38,47,150,1169,175350
201506302602745,PLIC,34,7,23,1171,26933
201506302602740,PLIC,22,56,54,1173,63342
201506302602713,PLIC,59,6,100,1170,117000
201506302602681,PLIC,59,49,140,1170,163800
201506302602620,PLIC,38,49,60,1170,70200
201506302602567,PLIC,38,49,40,1170,46800
201506302602827,PLIC,59,6,40,1170,46800
201506302602812,PLIC,59,44,999,1169,1167831
201506302602786,PLIC,38,6,100,1170,117000
201506302602785,PLIC,59,6,60,1170,70200
201506302602751,PLIC,22,25,13,1175,15275
201506302602750,PLIC,22,25,130,1175,152750
201506302602585,PRIN,14,52,200,405,81000
201506302602954,PRVU,25,42,11,320,3520
201506302602953,PRVU,25,35,1000,323,323000
201506302602948,PRVU,51,42,11,320,3520
201506302602946,PRVU,42,42,11,320,3520
201506302602937,PRVU,8,42,11,320,3520
201506302602934,PRVU,17,42,11,320,3520
201506302602525,PRVU,37,37,11,323,3553
201506302602508,PRVU,37,37,11,323,3553
201506302602494,PRVU,37,37,11,323,3553
201506302602484,PRVU,37,37,11,323,3553
201506302602477,PRVU,37,37,11,323,3553
201506302602899,PRVU,57,59,1000,322,322000
201506302602898,PRVU,19,42,11,322,3542
201506302602897,PRVU,48,42,11,322,3542
201506302602892,PRVU,44,42,11,323,3553
201506302602767,PRVU,17,56,500,324,162000
201506302602533,PRVU,37,37,11,323,3553
201506302602931,PRVU,16,42,11,321,3531
201506302602925,PRVU,16,42,11,321,3531
201506302602921,PRVU,7,42,11,321,3531
201506302602919,PRVU,48,21,500,324,162000
201506302602917,PRVU,39,42,11,321,3531
201506302602913,PRVU,7,42,11,321,3531
201506302602481,PRVUPO,11,45,12137,150,1820550
201506302602469,PRVUPO,11,45,38925,150,5838750
201506302602468,PRVUPO,11,45,55000,150,8250000
201506302602571,REDBL,36,5,186,201,37386
201506302602554,REDBL,52,5,51,203,10353
201506302602674,RHPC,20,39,11,415,4565
201506302602669,RHPC,51,39,11,416,4576
201506302602667,RHPC,51,39,10,416,4160
201506302602720,RMDC,8,41,183,635,116205
201506302602455,RMDC,33,58,33,640,21120
201506302602765,SANIMA,53,51,100,560,56000
201506302602561,SANIMA,7,26,69,558,38502
201506302602540,SANIMA,29,6,346,559,193414
201506302602475,SANIMA,4,10,218,559,121862
201506302602869,SBI,17,21,89,891,79299
201506302602685,SBI,17,41,30,898,26940
201506302602683,SBL,42,28,500,667,333500
201506302602586,SBL,25,28,337,668,225116
201506302602575,SBL,18,29,288,670,192960
201506302602532,SBL,22,14,20,672,13440
201506302602933,SCB,26,3,10,1977,19770
201506302602734,SDBL,48,5,648,192,124416
201506302602871,SEWA,13,32,200,279,55800
201506302602864,SEWA,13,1,46,278,12788
201506302602652,SHINE,44,8,18,348,6264
201506302602502,SHINE,45,25,100,355,35500
201506302602910,SHL,41,25,500,426,213000
201506302602851,SHPC,38,6,18,701,12618
201506302602799,SHPC,29,36,300,700,210000
201506302602798,SHPC,29,36,300,700,210000
201506302602668,SHPC,10,36,300,700,210000
201506302602656,SHPC,10,51,18,700,12600
201506302602647,SHPC,10,51,18,700,12600
201506302602462,SHPC,38,38,18,703,12654
201506302602461,SHPC,38,38,18,703,12654
201506302602460,SHPC,38,38,18,703,12654
201506302602459,SHPC,38,38,18,703,12654
201506302602635,SHPC,10,51,18,700,12600
201506302602584,SHPC,14,57,15,699,10485
201506302602531,SHPC,38,26,33,700,23100
201506302602506,SHPC,38,26,33,700,23100
201506302602464,SHPC,38,38,18,703,12654
201506302602463,SHPC,38,38,18,703,12654
201506302602918,SIC,46,5,475,910,432250
201506302602562,SIC,22,26,60,920,55200
201506302602552,SIC,22,26,50,920,46000
201506302602510,SIC,50,26,10,925,9250
201506302602614,SLBBL,44,1,13,1600,20800
201506302602613,SLBBL,44,39,10,1600,16000
201506302602602,SLBBL,44,53,130,1595,207350
201506302602596,SLBBL,44,39,18,1575,28350
201506302602870,SLICL,35,6,45,675,30375
201506302602852,SLICL,35,6,45,675,30375
201506302602821,SLICL,35,6,45,675,30375
201506302602715,SLICL,26,22,34,671,22814
201506302602594,SLICL,26,7,34,665,22610
201506302602641,SLICL,28,48,1228,670,822760
201506302602630,SLICL,28,48,100,670,67000
201506302602623,SLICL,26,40,185,670,123950
201506302602622,SLICL,26,1,300,670,201000
201506302602599,SLICL,26,7,500,666,333000
201506302602676,SLICL,59,17,42,673,28266
201506302602673,SLICL,26,14,12,673,8076
201506302602664,SLICL,26,22,102,672,68544
201506302602661,SLICL,59,52,45,671,30195
201506302602655,SLICL,26,6,34,671,22814
201506302602654,SLICL,28,7,40,670,26800
201506302602926,SMFDB,10,45,86,1650,141900
201506302602491,SMFDB,10,47,17,1660,28220
201506302602489,SMFDB,10,7,25,1660,41500
201506302602488,SMFDB,10,7,31,1655,51305
201506302602487,SMFDB,10,21,122,1650,201300
201506302602703,SODBL,17,1,1000,107,107000
201506302602712,SRBL,26,47,58,416,24128
201506302602691,SRBL,26,25,200,415,83000
201506302602690,SRBL,26,38,100,414,41400
201506302602689,SRBL,26,38,100,413,41300
201506302602543,SRBL,44,38,200,412,82400
201506302602499,SRBL,36,5,100,410,41000
201506302602528,SUPRME,28,57,1000,156,156000
201506302602527,SUPRME,28,57,1000,156,156000
201506302602902,SWBBL,47,17,250,1616,404000
201506302602884,SWBBL,47,47,10,1616,16160
201506302602848,SWBBL,6,52,100,1608,160800
201506302602771,SWBBL,6,51,15,1608,24120
201506302602711,SWBBL,6,25,42,1609,67578
201506302602650,SWBBL,6,55,100,1600,160000
201506302602649,SWBBL,6,26,100,1600,160000
201506302602710,SWBBL,6,21,100,1605,160500
201506302602671,SWBBL,6,26,140,1604,224560
201506302602670,SWBBL,6,14,50,1603,80150
201506302602663,SWBBL,6,17,33,1602,52866
201506302602653,SWBBL,6,17,93,1602,148986
201506302602651,SWBBL,6,32,232,1601,371432
201506302602883,UIC,21,16,230,423,97290
201506302602882,UIC,21,20,10,423,4230
201506302602509,WDBL,16,36,87,295,25665
201506302602507,WDBL,13,36,87,296,25752
201506302601974,ADBL,22,32,70,406,28420
201506302602416,AHPC,52,7,30,321,9630
201506302602326,AHPC,28,5,340,320,108800
201506302602316,AHPC,17,7,62,325,20150
201506302602315,AHPC,52,5,300,321,96300
201506302602278,AHPC,17,5,25,325,8125
201506302602163,ALICL,14,59,200,1008,201600
201506302602158,ALICL,22,36,160,998,159680
201506302602427,APEX,56,33,2781,119,330939
201506302602197,APEX,49,33,100,120,12000
201506302602196,APEX,3,33,100,120,12000
201506302602101,APEX,25,25,110,122,13420
201506302602046,APEX,11,38,45,120,5400
201506302601979,APEX,25,25,100,122,12200
201506302601970,APEX,25,38,45,120,5400
201506302602306,ARDBL,22,3,30,165,4950
201506302602370,BHBL,45,50,250,305,76250
201506302602305,BHBL,50,26,30,307,9210
201506302602286,BHBL,33,50,410,301,123410
201506302602285,BHBL,33,16,500,301,150500
201506302602170,BHBL,48,39,200,296,59200
201506302602169,BHBL,48,5,200,294,58800
201506302602337,BLDBL,22,28,10,318,3180
201506302602128,BLDBL,22,8,50,318,15900
201506302602140,BUDBL,28,45,128,200,25600
201506302602333,CBBL,13,32,330,1650,544500
201506302602237,CBBL,32,32,110,1648,181280
201506302602236,CBBL,6,32,150,1648,247200
201506302602235,CBBL,5,32,130,1650,214500
201506302602234,CBBL,5,32,100,1650,165000
201506302602233,CBBL,11,32,10,1655,16550
201506302602232,CBBL,13,32,70,1655,115850
201506302602126,CBL,1,21,93,270,25110
201506302602110,CBL,1,21,93,270,25110
201506302602104,CBL,1,21,93,270,25110
201506302602099,CBL,1,21,93,270,25110
201506302602002,CBL,55,59,872,270,235440
201506302601962,CBL,57,59,107,270,28890
201506302601957,CBL,57,48,162,270,43740
201506302602445,CCBL,4,57,50,314,15700
201506302602444,CCBL,35,57,100,314,31400
201506302602443,CCBL,21,57,500,314,157000
201506302602442,CCBL,38,57,150,314,47100
201506302602441,CCBL,6,57,120,315,37800
201506302602440,CCBL,47,57,500,315,157500
201506302601973,CCBL,38,28,10,314,3140
201506302601955,CCBL,38,28,10,314,3140
201506302601996,CCBL,38,28,10,314,3140
201506302601995,CCBL,38,28,10,314,3140
201506302601994,CCBL,38,28,10,314,3140
201506302601992,CCBL,38,28,10,314,3140
201506302601986,CCBL,38,28,10,314,3140
201506302601978,CCBL,38,28,10,314,3140
201506302602016,CCBL,49,48,1000,314,314000
201506302602012,CCBL,38,28,10,314,3140
201506302602008,CCBL,38,28,10,314,3140
201506302602003,CCBL,38,28,10,314,3140
201506302602001,CCBL,38,28,10,314,3140
201506302601999,CCBL,38,28,10,314,3140
201506302602439,CCBL,21,57,300,316,94800
201506302602438,CCBL,5,57,160,316,50560
201506302602297,CCBL,5,58,40,316,12640
201506302602228,CCBL,4,52,153,316,48348
201506302602161,CCBL,47,48,34,315,10710
201506302602125,CCBL,4,48,34,315,10710
201506302602022,CDBL,49,14,100,325,32500
201506302602026,CDBL,52,14,69,324,22356
201506302602124,CFCL,43,45,76,166,12616
201506302602083,CFCL,32,25,95,168,15960
201506302602299,CHCL,47,26,47,1550,72850
201506302602298,CHCL,13,38,56,1550,86800
201506302602275,CHCL,47,51,100,1554,155400
201506302602248,CHCL,21,38,56,1550,86800
201506302602174,CHCL,53,51,30,1554,46620
201506302602037,CHCL,32,7,70,1550,108500
201506302602271,CSDBL,45,45,444,360,159840
201506302602107,CZBIL,58,58,1029,449,462021
201506302602064,CZBIL,32,45,63,452,28476
201506302602031,CZBIL,32,1,15,453,6795
201506302601965,DDBL,32,14,221,1123,248183
201506302601958,DDBL,38,44,100,1125,112500
201506302602452,EBL,13,8,19,2105,39995
201506302602437,EBL,57,8,200,2100,420000
201506302602436,EBL,32,8,100,2101,210100
201506302602363,EBL,13,49,100,2101,210100
201506302602055,EBL,25,49,100,2100,210000
201506302602054,EBL,25,49,50,2100,105000
201506302602053,EBL,57,49,150,2105,315750
201506302602052,EBL,4,49,100,2105,210500
201506302602314,EBL,16,49,100,2103,210300
201506302602229,EBL,7,7,37,2100,77700
201506302602205,EBL,22,16,300,2104,631200
201506302602105,EBL,47,35,58,2100,121800
201506302602404,EDBL,25,48,35,578,20230
201506302602136,EIC,26,17,10,844,8440
201506302602130,EIC,26,17,30,844,25320
201506302601969,EIC,26,14,20,844,16880
201506302602425,EKBL,13,53,13,288,3744
201506302602420,EKBL,13,53,13,288,3744
201506302602417,EKBL,13,53,13,288,3744
201506302602408,EKBL,13,53,13,288,3744
201506302602398,EKBL,13,53,13,288,3744
201506302602391,EKBL,13,53,13,288,3744
201506302602369,EKBL,13,53,13,286,3718
201506302602167,EKBL,36,53,13,287,3731
201506302602087,EKBL,41,53,13,288,3744
201506302602422,GBIME,8,36,300,442,132600
201506302602367,GBIME,40,36,200,441,88200
201506302602187,GBIME,32,36,200,442,88400
201506302602123,GBIME,19,36,500,440,220000
201506302602061,GBIME,32,16,535,441,235935
201506302602434,GLICL,16,22,97,568,55096
201506302602433,GLICL,16,25,24,569,13656
201506302602424,GLICL,16,38,28,568,15904
201506302602423,GLICL,16,7,28,567,15876
201506302602421,GLICL,16,7,28,567,15876
201506302602342,GLICL,41,57,111,565,62715
201506302602309,GLICL,45,8,1100,562,618200
201506302602207,GLICL,41,25,100,565,56500
201506302602154,GLICL,57,42,607,565,342955
201506302602096,GLICL,57,45,295,565,166675
201506302602059,GLICL,26,25,560,564,315840
201506302602058,GLICL,26,51,10,564,5640
201506302602357,HBL,38,40,220,821,180620
201506302602356,HBL,38,7,251,821,206071
201506302602325,HBL,53,38,136,820,111520
201506302602218,HBL,11,5,150,815,122250
201506302602213,HBL,40,5,180,815,146700
201506302602227,ICFC,45,5,54,259,13986
201506302602251,IDBL,26,26,11,174,1914
201506302602372,ILFC,52,35,100,151,15100
201506302602283,ILFC,4,7,593,149,88357
201506302602327,INDB,58,37,48,385,18480
201506302602371,JBNL,36,11,72,274,19728
201506302602310,JBNL,37,29,618,275,169950
201506302602204,JBNL,37,11,72,275,19800
201506302602149,JBNL,52,43,12,280,3360
201506302602086,JEFL,28,17,250,128,32000
201506302602403,KBL,10,37,140,380,53200
201506302602150,KDBL,48,29,151,144,21744
201506302602108,KDBL,29,45,107,142,15194
201506302602245,KEBL,26,41,26,375,9750
201506302602418,KMCDB,6,14,130,1035,134550
201506302601960,KMCDB,33,49,270,1050,283500
201506302601959,KMCDB,33,26,50,1050,52500
201506302601956,KMCDB,33,7,82,1049,86018
201506302602040,KNBL,13,42,43,280,12040
201506302602334,LBL,36,16,100,407,40700
201506302601985,LBL,43,45,431,408,175848
201506302602080,LGIL,14,14,80,376,30080
201506302602049,LGIL,35,14,10,369,3690
201506302602014,LGIL,5,35,100,367,36700
201506302602013,LGIL,5,14,20,366,7320
201506302601980,LGIL,35,13,110,364,40040
201506302602451,LICN,45,45,500,2858,1429000
201506302602402,LICN,45,45,500,2855,1427500
201506302602401,LICN,45,13,100,2850,285000
201506302602400,LICN,45,38,30,2840,85200
201506302602289,LICN,34,42,20,2841,56820
201506302602200,LICN,14,17,106,2840,301040
201506302602199,LICN,14,14,100,2839,283900
201506302602406,LLBS,50,38,10,790,7900
201506302602395,LLBS,50,38,10,790,7900
201506302602202,LLBS,50,7,10,790,7900
201506302602179,LLBS,25,43,10,800,8000
201506302602090,LLBS,50,7,10,790,7900
201506302602065,LLBS,50,53,10,790,7900
201506302602092,LUBL,32,14,99,344,34056
201506302602084,MBL,41,14,57,561,31977
201506302602079,MBL,52,14,150,562,84300
201506302602078,MBL,32,14,500,563,281500
201506302602077,MBL,41,14,50,563,28150
201506302602038,MBL,33,6,85,564,47940
201506302602450,MDBL,35,41,500,235,117500
201506302602397,MDBL,35,51,380,235,89300
201506302602238,METRO,32,45,21,332,6972
201506302602106,METRO,25,45,47,332,15604
201506302602265,MNBBL,32,42,200,531,106200
201506302602264,MNBBL,6,42,500,532,266000
201506302602263,MNBBL,6,42,20,532,10640
201506302602262,MNBBL,25,42,300,533,159900
201506302602261,MNBBL,51,42,200,534,106800
201506302602260,MNBBL,41,42,180,535,96300
201506302602259,MNBBL,41,42,450,535,240750
201506302602258,MNBBL,39,42,120,535,64200
201506302602257,MNBBL,52,42,60,535,32100
201506302602209,MNBBL,41,54,120,540,64800
201506302602009,MSBBL,34,21,222,223,49506
201506302602268,NABIL,29,29,20,1909,38180
201506302602214,NABIL,14,54,478,1900,908200
201506302601977,NABIL,13,11,580,1908,1106640
201506302602448,NABILP,17,49,200,1320,264000
201506302602447,NABILP,17,53,200,1320,264000
201506302602219,NABILP,17,53,200,1320,264000
201506302602171,NABILP,32,6,1000,1315,1315000
201506302602414,NBB,4,33,510,517,263670
201506302602413,NBB,4,33,200,517,103400
201506302602379,NBB,38,21,500,515,257500
201506302602353,NBB,10,38,500,516,258000
201506302602273,NBB,32,51,750,517,387750
201506302602256,NBB,6,54,220,517,113740
201506302602063,NBB,32,5,50,518,25900
201506302602042,NBB,36,5,500,516,258000
201506302601967,NBB,1,5,500,516,258000
201506302602191,NBB,36,54,100,518,51800
201506302602190,NBB,26,54,50,518,25900
201506302602189,NBB,32,54,50,518,25900
201506302602188,NBB,32,54,30,518,15540
201506302602168,NBB,10,5,500,516,258000
201506302602152,NBB,32,54,100,519,51900
201506302602162,NBBL,22,46,13,1791,23283
201506302602018,NBBL,43,17,13,1827,23751
201506302602147,NBF1,41,17,2398,14,33092
201506302602141,NBF1,41,17,2398,14,33092
201506302602133,NBF1,41,17,2398,14,32973
201506302602121,NBF1,41,17,2398,14,32973
201506302602120,NBF1,41,37,5700,14,78318
201506302602324,NBL,4,16,100,284,28400
201506302602322,NBL,4,16,200,284,56800
201506302602320,NBL,4,16,200,284,56800
201506302602319,NBL,4,16,50,284,14200
201506302602294,NBL,8,44,1427,282,402414
201506302602056,NBL,4,13,1000,284,284000
201506302602045,NBL,32,16,300,284,85200
201506302602005,NBL,17,16,350,284,99400
201506302602004,NBL,49,16,300,284,85200
201506302602435,NCCB,49,8,2000,603,1206000
201506302602432,NCCB,1,47,500,603,301500
201506302602415,NCCB,29,8,100,604,60400
201506302602396,NCCB,29,8,150,604,90600
201506302602387,NCCB,1,8,200,603,120600
201506302602380,NCCB,33,8,70,604,42280
201506302602033,NCCB,42,19,380,604,229520
201506302602019,NCCB,49,6,100,605,60500
201506302602007,NCCB,56,8,105,604,63420
201506302601968,NCCB,50,32,500,603,301500
201506302601966,NCCB,5,33,610,604,368440
201506302601963,NCCB,5,32,284,604,171536
201506302602070,NCCB,16,48,50,605,30250
201506302602069,NCCB,40,48,20,605,12100
201506302602068,NCCB,8,48,30,605,18150
201506302602067,NCCB,52,48,50,605,30250
201506302602066,NCCB,26,48,10,610,6100
201506302602034,NCCB,42,56,120,604,72480
201506302602076,NCCB,21,48,40,604,24160
201506302602075,NCCB,52,48,100,604,60400
201506302602074,NCCB,19,48,100,604,60400
201506302602073,NCCB,19,48,100,604,60400
201506302602072,NCCB,53,48,50,604,30200
201506302602071,NCCB,8,48,50,604,30200
201506302602114,NCCB,45,34,1205,604,727820
201506302602113,NCCB,45,28,500,604,302000
201506302602112,NCCB,45,5,500,604,302000
201506302602093,NCCB,8,5,1000,603,603000
201506302602091,NCCB,56,45,1180,603,711540
201506302602085,NCCB,50,43,200,603,120600
201506302602135,NCCB,39,8,100,604,60400
201506302602134,NCCB,52,1,231,604,139524
201506302602131,NCCB,36,8,300,604,181200
201506302602117,NCCB,36,8,700,604,422800
201506302602116,NCCB,5,8,500,604,302000
201506302602115,NCCB,21,8,60,604,36240
201506302602183,NCCB,59,8,1000,604,604000
201506302602153,NCCB,52,8,70,604,42280
201506302602148,NCCB,28,8,50,604,30200
201506302602142,NCCB,56,8,300,604,181200
201506302602139,NCCB,56,41,500,604,302000
201506302602138,NCCB,56,35,2030,604,1226120
201506302602249,NCCB,56,1,390,603,235170
201506302602246,NCCB,41,8,50,604,30200
201506302602242,NCCB,56,55,1000,603,603000
201506302602230,NCCB,41,8,200,604,120800
201506302602210,NCCB,50,38,350,603,211050
201506302602194,NCCB,8,40,1000,603,603000
201506302602307,NCCB,53,8,200,604,120800
201506302602302,NCCB,41,8,250,604,151000
201506302602293,NCCB,8,38,157,603,94671
201506302602279,NCCB,8,40,400,603,241200
201506302602269,NCCB,21,8,300,604,181200
201506302602254,NCCB,50,1,300,603,180900
201506302602355,NCCB,33,22,130,603,78390
201506302602329,NCCB,26,8,100,604,60400
201506302602328,NCCB,8,29,567,603,341901
201506302602323,NCCB,45,41,100,603,60300
201506302602312,NCCB,1,21,1000,603,603000
201506302602308,NCCB,50,13,100,603,60300
201506302602375,NCCB,1,21,500,603,301500
201506302602374,NCCB,1,17,500,603,301500
201506302602366,NCCB,49,8,150,604,90600
201506302602360,NCCB,1,22,300,603,180900
201506302602359,NCCB,45,6,100,603,60300
201506302602358,NCCB,1,39,525,603,316575
201506302602224,NCM,52,5,135,232,31320
201506302602407,NEFL,56,41,216,232,50112
201506302602405,NEFL,56,19,42,230,9660
201506302602044,NHPC,58,59,200,119,23800
201506302602036,NIB,5,17,42,715,30030
201506302602029,NIB,33,49,1000,715,715000
201506302602035,NIBPO,43,53,150,508,76200
201506302602226,NICA,10,13,100,615,61500
201506302602181,NICA,22,55,1018,617,628106
201506302602010,NICA,29,21,57,616,35112
201506302602006,NICA,10,52,25,615,15375
201506302602368,NICL,5,41,200,410,82000
201506302602354,NICL,50,44,400,405,162000
201506302601989,NICL,48,43,200,405,81000
201506302602011,NICL,48,57,334,410,136940
201506302601998,NICL,48,39,12,410,4920
201506302601997,NICL,48,22,100,409,40900
201506302602426,NIL,39,1,200,446,89200
201506302602376,NIL,5,16,200,445,89000
201506302602350,NLBBL,21,28,63,1190,74970
201506302602193,NLBBL,47,53,100,1190,119000
201506302602166,NLG,38,58,200,569,113800
201506302602157,NLG,7,58,200,570,114000
201506302602156,NLG,3,58,100,570,57000
201506302602155,NLG,50,58,20,575,11500
201506302602431,NLIC,44,54,100,2888,288800
201506302602361,NLIC,17,16,100,2880,288000
201506302602321,NLIC,17,20,13,2899,37687
201506302602288,NLIC,32,6,50,2881,144050
201506302602225,NLIC,25,20,30,2885,86550
201506302602201,NLIC,38,16,100,2890,289000
201506302602176,NLIC,26,49,100,2890,289000
201506302602119,NLIC,47,16,100,2890,289000
201506302602094,NLIC,26,44,250,2889,722250
201506302602412,NLICL,49,49,1231,1884,2319204
201506302602338,NLICL,55,6,100,1895,189500
201506302602313,NLICL,26,44,100,1893,189300
201506302602015,NLICL,21,17,47,1892,88924
201506302602000,NLICL,21,59,165,1890,311850
201506302602295,NNFC,17,46,200,275,55000
201506302601988,NNLB,39,58,10,843,8430
201506302601975,NNLB,39,58,10,843,8430
201506302602039,NTC,38,38,205,623,127715
201506302602030,NTC,38,38,800,623,498400
201506302602024,NTC,38,38,460,623,286580
201506302602280,OHL,43,14,20,603,12060
201506302602274,OHL,45,14,1000,600,600000
201506302602411,PADBL,36,21,174,399,69426
201506302602410,PADBL,36,18,150,398,59700
201506302602394,PCBL,16,50,60,447,26820
201506302602352,PCBL,16,51,115,447,51405
201506302602290,PCBL,25,34,500,447,223500
201506302602221,PCBL,58,58,924,446,412104
201506302602041,PCBL,20,14,92,446,41032
201506302602021,PCBL,20,34,500,446,223000
201506302601964,PICL,48,53,520,387,201240
201506302602409,PLIC,21,56,300,1169,350700
201506302602318,PLIC,7,56,100,1169,116900
201506302602291,PLIC,40,56,100,1169,116900
201506302602282,PLIC,59,56,350,1170,409500
201506302602281,PLIC,38,56,20,1170,23400
201506302602252,PLIC,48,48,200,1171,234200
201506302602050,PLIC,38,40,10,1170,11700
201506302601987,PLIC,40,53,100,1169,116900
201506302601984,PLIC,34,44,200,1170,234000
201506302602449,PRIN,20,38,267,401,107067
201506302602428,PRIN,22,58,152,405,61560
201506302602341,PRIN,41,35,500,400,200000
201506302602244,PRIN,45,35,500,398,199000
201506302602240,PRIN,5,58,75,400,30000
201506302602239,PRIN,5,17,40,399,15960
201506302602178,PRIN,18,35,500,398,199000
201506302602173,PRIN,35,6,166,398,66068
201506302602047,PRIN,20,35,500,398,199000
201506302602446,PRVU,48,8,100,322,32200
201506302602392,PRVU,8,19,89,321,28569
201506302602373,PRVU,25,8,12,320,3840
201506302602365,PRVU,37,8,11,321,3531
201506302602364,PRVU,37,37,11,321,3531
201506302602349,PRVU,25,19,480,320,153600
201506302602122,PRVU,37,36,11,324,3564
201506302602118,PRVU,39,45,35,323,11305
201506302602111,PRVU,37,36,33,324,10692
201506302602025,PRVU,17,47,11,323,3553
201506302602250,PRVU,41,56,500,324,162000
201506302602185,PRVU,19,26,500,322,161000
201506302602180,PRVU,37,37,33,323,10659
201506302602164,PRVU,37,37,33,323,10659
201506302602160,PRVU,25,29,500,324,162000
201506302602137,PRVU,28,32,405,323,130815
201506302602340,PRVU,37,37,22,323,7106
201506302602336,PRVU,37,37,22,323,7106
201506302602296,PRVU,19,8,12,322,3864
201506302602267,PRVU,19,8,11,322,3542
201506302602348,PRVU,25,19,550,320,176000
201506302602347,PRVU,45,19,200,321,64200
201506302602346,PRVU,51,19,200,321,64200
201506302602345,PRVU,41,19,300,321,96300
201506302602344,PRVU,16,19,200,322,64400
201506302602343,PRVU,19,19,170,322,54740
201506302602243,PRVUPO,45,42,6325,150,948750
201506302602231,PRVUPO,45,42,2432,150,364800
201506302602100,RMDC,41,8,200,635,127000
201506302602198,SANIMA,5,18,31,558,17298
201506302602304,SBI,47,26,100,891,89100
201506302602332,SBL,7,52,97,668,64796
201506302602311,SBL,50,40,1000,663,663000
201506302602277,SBL,53,59,395,667,263465
201506302602255,SBL,5,33,44,669,29436
201506302602206,SBL,11,48,99,669,66231
201506302602195,SBL,7,52,122,668,81496
201506302602377,SCB,29,38,118,1939,228802
201506302602082,SCB,37,3,20,1943,38860
201506302602081,SCB,37,48,50,1943,97150
201506302602048,SCB,37,55,24,1942,46608
201506302602043,SDBL,55,5,1000,192,192000
201506302602300,SETI,1,1,20,199,3980
201506302602284,SETI,1,1,23,199,4577
201506302602276,SETI,1,1,23,199,4577
201506302602272,SETI,1,1,23,199,4577
201506302602270,SETI,1,1,23,199,4577
201506302602266,SETI,1,1,23,199,4577
201506302602109,SETI,11,5,200,200,40000
201506302602393,SHBL,3,45,110,1185,130350
201506302602175,SHL,5,6,200,427,85400
201506302602339,SHPC,45,50,162,700,113400
201506302602292,SHPC,5,59,118,696,82128
201506302602192,SHPC,48,48,370,700,259000
201506302602146,SHPC,36,36,200,700,140000
201506302602145,SHPC,36,36,200,700,140000
201506302602132,SHPC,5,50,180,700,126000
201506302602098,SHPC,38,36,500,700,350000
201506302602097,SHPC,38,50,180,700,126000
201506302602060,SHPC,38,50,180,700,126000
201506302602419,SIC,47,47,60,911,54660
201506302602390,SIC,11,22,70,923,64610
201506302602388,SIC,14,40,23,924,21252
201506302602287,SIC,22,44,38,920,34960
201506302602247,SIC,1,48,66,908,59928
201506302602215,SIC,35,44,193,917,176981
201506302602184,SIC,19,40,35,920,32200
201506302602144,SICL,17,38,250,695,173750
201506302602062,SICL,17,38,100,705,70500
201506302602151,SKBBL,32,14,100,1310,131000
201506302602129,SKBBL,10,3,32,1312,41984
201506302602127,SKBBL,10,3,19,1310,24890
201506302602102,SKBBL,10,3,14,1310,18340
201506302602089,SKBBL,10,3,38,1310,49780
201506302601991,SKBBL,41,3,19,1310,24890
201506302601990,SKBBL,41,40,100,1310,131000
201506302601983,SKBBL,41,58,19,1305,24795
201506302601971,SKBBL,41,58,19,1305,24795
201506302602429,SLICL,5,33,300,664,199200
201506302602382,SLICL,26,26,233,661,154013
201506302602335,SLICL,26,19,132,664,87648
201506302602331,SLICL,26,33,300,662,198600
201506302602330,SLICL,11,7,34,665,22610
201506302602303,SLICL,41,19,135,660,89100
201506302602301,SLICL,14,33,300,660,198000
201506302602253,SLICL,14,8,445,664,295480
201506302602220,SLICL,18,8,189,660,124740
201506302602216,SLICL,57,8,500,656,328000
201506302602454,SODBL,32,14,100,109,10900
201506302602317,SRBL,36,38,119,411,48909
201506302602203,SRBL,25,38,30,411,12330
201506302602088,SRBL,50,34,1000,411,411000
201506302601961,SRBL,56,56,330,409,134970
201506302602182,SUBBL,6,21,53,260,13780
201506302602430,SUPRME,57,10,700,154,107800
201506302602362,SUPRME,57,5,2500,154,385000
201506302602389,SWBBL,49,1,75,1599,119925
201506302602241,SWBBL,41,42,10,1600,16000
201506302602351,SYFL,32,32,1000,96,96000
201506302602159,SYFL,19,21,248,96,23808
201506302602057,UFCL,58,32,244,95,23180
201506302602399,UFL,41,32,100,251,25100
201506302602208,WDBL,32,58,12,302,3624
201506302602186,WDBL,17,28,402,300,120600
201506302602032,WDBL,37,37,24,296,7104
201506302602028,WDBL,37,37,24,296,7104
201506302602023,WDBL,37,37,24,296,7104
201506302602020,WDBL,37,37,24,296,7104
201506302601982,WDBL,37,37,24,296,7104
201506302601976,WDBL,37,37,24,296,7104
201506302601972,WDBL,37,37,24,296,7104
201506302602386,YETI,26,28,90,129,11610
201506302602385,YETI,26,38,30,131,3930
201506302602384,YETI,26,57,50,131,6550
201506302602383,YETI,26,58,20,131,2620
201506302601922,ADBL,21,45,500,406,203000
201506302601840,ADBL,33,32,1000,407,407000
201506302601831,ADBL,22,32,140,410,57400
201506302601806,ADBL,33,33,1781,410,730210
201506302601625,ADBL,38,26,120,412,49440
201506302601611,ADBL,17,45,200,415,83000
201506302601592,ADBL,39,39,500,412,206000
201506302601558,ALDBL,58,36,59,306,18054
201506302601739,ALICL,8,59,180,1005,180900
201506302601694,ALICL,1,59,200,1010,202000
201506302601462,ALICL,58,36,29,1011,29319
201506302601941,ARDBL,39,3,21,165,3465
201506302601553,ARDBL,43,14,31,162,5022
201506302601468,CBBL,45,32,638,1640,1046320
201506302601867,CBL,49,48,18,271,4878
201506302601773,CBL,6,59,88,270,23760
201506302601675,CBL,1,17,144,271,39024
201506302601649,CBL,13,59,872,270,235440
201506302601578,CBL,57,17,144,270,38880
201506302601554,CBL,57,48,500,271,135500
201506302601549,CBL,57,17,144,270,38880
201506302601547,CBL,57,17,144,270,38880
201506302601539,CBL,57,25,102,270,27540
201506302601530,CBL,57,25,102,270,27540
201506302601526,CBL,57,17,144,270,38880
201506302601492,CBL,1,25,1000,270,270000
201506302601951,CCBL,38,28,10,314,3140
201506302601948,CCBL,38,28,10,314,3140
201506302601946,CCBL,59,28,10,314,3140
201506302601938,CCBL,59,28,10,314,3140
201506302601935,CCBL,59,28,10,314,3140
201506302601931,CCBL,59,28,10,314,3140
201506302601594,CCBL,49,47,40,315,12600
201506302601591,CCBL,49,47,40,315,12600
201506302601899,CCBL,59,28,10,314,3140
201506302601880,CCBL,6,48,34,315,10710
201506302601758,CCBL,49,42,500,315,157500
201506302601709,CCBL,1,26,297,317,94149
201506302601702,CCBL,49,52,20,316,6320
201506302601701,CCBL,49,39,40,316,12640
201506302601929,CCBL,59,28,10,314,3140
201506302601923,CCBL,59,28,10,314,3140
201506302601920,CCBL,59,28,10,314,3140
201506302601915,CCBL,59,28,10,314,3140
201506302601912,CCBL,59,28,10,314,3140
201506302601905,CCBL,59,28,10,314,3140
201506302601836,CDBL,6,42,38,325,12350
201506302601834,CDBL,21,42,38,326,12388
201506302601830,CDBL,52,42,38,326,12388
201506302601723,CDBL,52,36,20,328,6560
201506302601713,CDBL,6,45,216,325,70200
201506302601628,CDBL,6,42,38,325,12350
201506302601616,CDBL,17,42,38,327,12426
201506302601839,CHCL,41,22,80,1550,124000
201506302601785,CHCL,42,33,200,1554,310800
201506302601752,CHCL,42,26,104,1556,161824
201506302601750,CHCL,42,58,100,1555,155500
201506302601749,CHCL,42,49,56,1554,87024
201506302601746,CHCL,42,4,124,1554,192696
201506302601577,CHCL,36,4,130,1552,201760
201506302601567,CHCL,45,52,28,1550,43400
201506302601562,CHCL,45,52,28,1550,43400
201506302601561,CHCL,45,52,28,1550,43400
201506302601511,CHCL,22,52,28,1550,43400
201506302601595,CSDBL,45,16,43,367,15781
201506302601586,CSDBL,45,16,65,367,23855
201506302601574,CSDBL,45,5,73,366,26718
201506302601892,CZBIL,13,53,48,453,21744
201506302601771,CZBIL,54,14,39,451,17589
201506302601766,CZBIL,58,14,294,450,132300
201506302601761,CZBIL,57,29,470,450,211500
201506302601703,CZBIL,58,48,119,450,53550
201506302601529,CZBIL,6,47,24,451,10824
201506302601509,CZBIL,10,47,119,450,53550
201506302601477,CZBIL,6,34,190,452,85880
201506302601458,CZBIL,32,17,24,450,10800
201506302601862,DDBL,33,44,100,1125,112500
201506302601801,DDBL,6,44,1000,1125,1125000
201506302601770,DDBL,38,17,248,1125,279000
201506302601751,DDBL,32,11,205,1125,230625
201506302601842,EBL,42,45,219,2105,460995
201506302601810,EBL,19,45,200,2100,420000
201506302601800,EBL,45,45,20,2109,42180
201506302601775,EBL,47,45,51,2100,107100
201506302601637,EBL,22,22,340,2090,710600
201506302601627,EBL,48,48,100,2109,210900
201506302601878,EDBL,25,21,31,575,17825
201506302601536,EDBL,6,5,140,570,79800
201506302601833,EIC,26,26,20,831,16620
201506302601641,EIC,45,17,100,815,81500
201506302601640,EIC,45,17,300,814,244200
201506302601601,EIC,29,41,200,800,160000
201506302601585,EIC,11,17,100,810,81000
201506302601584,EIC,48,17,100,810,81000
201506302601533,EIC,7,17,200,812,162400
201506302601532,EIC,14,17,50,812,40600
201506302601531,EIC,45,17,100,815,81500
201506302601930,EKBL,41,48,32,289,9248
201506302601928,EKBL,41,57,23,288,6624
201506302601782,EKBL,58,48,531,289,153459
201506302601780,EKBL,58,45,33,286,9438
201506302601778,EKBL,41,45,65,287,18655
201506302601621,EKBL,41,47,16,286,4576
201506302601608,EKBL,58,47,16,287,4592
201506302601581,EKBL,58,47,33,287,9471
201506302601470,EKBL,49,49,374,287,107338
201506302601952,GBIME,39,36,200,442,88400
201506302601913,GBIME,36,36,100,441,44100
201506302601814,GBIME,21,21,159,440,69960
201506302601734,GBIME,51,42,50,440,22000
201506302601725,GBIME,42,42,10000,432,4320000
201506302601648,GBIME,16,16,51,440,22440
201506302601606,GBIME,51,16,950,440,418000
201506302601605,GBIME,13,16,300,440,132000
201506302601604,GBIME,19,16,50,440,22000
201506302601603,GBIME,49,16,200,440,88000
201506302601599,GBIME,25,16,100,441,44100
201506302601772,GLICL,26,51,413,564,232932
201506302601712,GLICL,36,25,500,562,281000
201506302601622,GLICL,25,25,400,562,224800
201506302601575,GLICL,26,28,30,561,16830
201506302601791,HBL,38,40,200,820,164000
201506302601602,HBL,47,33,28,820,22960
201506302601954,JBBL,14,14,20,165,3300
201506302601651,JBBL,5,47,210,165,34650
201506302601535,JBBL,28,37,10,163,1630
201506302601528,JBBL,28,37,10,163,1630
201506302601523,JBBL,28,37,10,163,1630
201506302601518,JBBL,28,37,10,163,1630
201506302601512,JBBL,28,37,10,163,1630
201506302601506,JBBL,28,37,10,163,1630
201506302601503,JBBL,28,37,10,163,1630
201506302601497,JBBL,28,37,10,163,1630
201506302601469,JBBL,1,36,139,162,22518
201506302601682,JBNL,5,11,72,276,19872
201506302601681,JBNL,36,22,200,274,54800
201506302601678,JBNL,5,11,72,275,19800
201506302601854,JFL,57,8,250,384,96000
201506302601853,JFL,22,8,100,384,38400
201506302601852,JFL,43,8,100,385,38500
201506302601777,KBBL,17,17,150,352,52800
201506302601696,KBL,10,57,500,380,190000
201506302601660,KBL,1,57,78,380,29640
201506302601600,KBL,1,43,300,380,114000
201506302601661,KCDBL,14,45,17,202,3434
201506302601813,KMCDB,57,16,82,1048,85936
201506302601812,KMCDB,57,8,10,1047,10470
201506302601700,KMCDB,29,26,41,1045,42845
201506302601699,KMCDB,29,5,82,1044,85608
201506302601487,KMCDB,33,16,82,1035,84870
201506302601545,KNBL,28,37,10,275,2750
201506302601544,KNBL,28,37,10,275,2750
201506302601541,KNBL,28,37,10,275,2750
201506302601868,LFLC,14,21,170,200,34000
201506302601861,LFLC,14,42,226,200,45200
201506302601860,LFLC,14,42,113,200,22600
201506302601859,LFLC,14,42,113,200,22600
201506302601858,LFLC,14,42,170,200,34000
201506302601945,LGIL,35,29,154,362,55748
201506302601851,LICN,1,44,300,2840,852000
201506302601799,LICN,33,44,100,2860,286000
201506302601671,LICN,1,38,40,2855,114200
201506302601670,LICN,1,37,20,2854,57080
201506302601466,LICN,1,28,67,2852,191084
201506302601461,LICN,55,49,60,2852,171120
201506302601762,LLBS,14,39,10,790,7900
201506302601636,LLBS,14,1,10,790,7900
201506302601626,LLBS,14,1,10,790,7900
201506302601876,LUBL,13,26,110,343,37730
201506302601811,LUBL,45,45,238,340,80920
201506302601795,LUBL,57,34,414,340,140760
201506302601685,LUBL,43,56,1000,340,340000
201506302601593,LUBL,45,19,178,340,60520
201506302601587,LUBL,45,56,1000,340,340000
201506302601571,LUBL,1,17,498,340,169320
201506302601568,LUBL,21,17,193,340,65620
201506302601543,LUBL,1,40,18,340,6120
201506302601489,LUBL,29,29,200,340,68000
201506302601819,MBL,52,45,219,561,122859
201506302601790,MBL,49,49,1000,561,561000
201506302601744,MBL,41,48,22,563,12386
201506302601708,MBL,17,14,499,563,280937
201506302601658,MBL,41,18,52,565,29380
201506302601610,MBL,41,55,123,563,69249
201506302601555,MBL,1,59,293,564,165252
201506302601504,MBL,59,59,200,564,112800
201506302601473,MBL,16,16,74,564,41736
201506302601690,MDB,17,17,201,510,102510
201506302601695,MDBL,47,3,13,231,3003
201506302601732,MLBBL,29,14,20,907,18140
201506302601731,MLBBL,29,45,14,905,12670
201506302601527,MLBBL,10,13,12,900,10800
201506302601505,MLBBL,10,32,15,900,13500
201506302601579,NABIL,21,21,200,1892,378400
201506302601548,NABIL,48,48,500,1900,950000
201506302601826,NABILP,19,52,100,1315,131500
201506302601887,NBB,36,44,250,518,129500
201506302601886,NBB,26,55,100,518,51800
201506302601754,NBB,36,44,500,519,259500
201506302601669,NBB,33,51,58,519,30102
201506302601517,NBB,32,43,300,518,155400
201506302601516,NBB,32,25,100,518,51800
201506302601515,NBB,32,1,20,518,10360
201506302601510,NBB,32,36,181,517,93577
201506302601631,NBB,32,38,450,518,233100
201506302601630,NBB,17,38,1000,516,516000
201506302601620,NBB,56,38,2000,514,1028000
201506302601521,NBB,32,43,109,518,56462
201506302601937,NBBL,32,17,13,1864,24232
201506302601720,NBF1,5,17,2398,14,32973
201506302601939,NBL,25,25,500,284,142000
201506302601906,NBL,5,43,500,284,142000
201506302601838,NBL,28,7,500,282,141000
201506302601736,NBL,33,8,500,283,141500
201506302601520,NBL,38,14,350,284,99400
201506302601519,NBL,4,14,150,284,42600
201506302601501,NBL,22,16,200,285,57000
201506302601943,NCCB,40,40,100,605,60500
201506302601934,NCCB,56,26,500,603,301500
201506302601927,NCCB,39,19,59,605,35695
201506302601926,NCCB,56,32,1000,603,603000
201506302601908,NCCB,56,18,110,604,66440
201506302601907,NCCB,44,32,500,604,302000
201506302601459,NCCB,44,46,749,603,451647
201506302601456,NCCB,44,44,42,607,25494
201506302601498,NCCB,32,7,500,603,301500
201506302601496,NCCB,21,19,200,604,120800
201506302601493,NCCB,38,25,990,603,596970
201506302601491,NCCB,38,19,400,604,241600
201506302601485,NCCB,45,53,500,604,302000
201506302601472,NCCB,26,49,861,604,520044
201506302601613,NCCB,8,19,200,604,120800
201506302601609,NCCB,28,13,117,604,70668
201506302601573,NCCB,44,44,42,606,25452
201506302601569,NCCB,52,5,100,605,60500
201506302601540,NCCB,32,53,490,603,295470
201506302601507,NCCB,49,25,42,606,25452
201506302601674,NCCB,50,5,500,603,301500
201506302601668,NCCB,53,38,105,605,63525
201506302601633,NCCB,18,26,42,605,25410
201506302601624,NCCB,8,13,500,604,302000
201506302601623,NCCB,34,13,100,605,60500
201506302601614,NCCB,8,5,390,604,235560
201506302601706,NCCB,21,55,100,604,60400
201506302601705,NCCB,56,33,1101,604,665004
201506302601697,NCCB,38,25,150,604,90600
201506302601691,NCCB,50,26,500,603,301500
201506302601688,NCCB,26,6,100,606,60600
201506302601676,NCCB,44,33,2100,604,1268400
201506302601765,NCCB,52,38,500,604,302000
201506302601764,NCCB,11,25,100,605,60500
201506302601763,NCCB,11,40,100,605,60500
201506302601745,NCCB,32,41,500,605,302500
201506302601738,NCCB,52,25,500,604,302000
201506302601721,NCCB,53,25,100,604,60400
201506302601816,NCCB,22,45,500,604,302000
201506302601808,NCCB,56,5,200,603,120600
201506302601803,NCCB,19,18,100,605,60500
201506302601798,NCCB,11,18,100,605,60500
201506302601793,NCCB,56,29,500,603,301500
201506302601783,NCCB,50,6,212,603,127836
201506302601901,NCCB,56,10,620,604,374480
201506302601896,NCCB,44,17,500,604,302000
201506302601883,NCCB,56,22,290,604,175160
201506302601882,NCCB,56,33,1000,604,604000
201506302601875,NCCB,56,18,220,603,132660
201506302601835,NCCB,20,18,110,605,66550
201506302601612,NCM,46,20,300,236,70800
201506302601873,NHPC,21,59,2000,117,234000
201506302601796,NHPC,11,3,500,119,59500
201506302601672,NHPC,11,26,500,119,59500
201506302601524,NHPC,5,26,500,119,59500
201506302601893,NIB,33,45,300,712,213600
201506302601542,NIB,5,34,200,712,142400
201506302601846,NIBPO,42,55,500,508,254000
201506302601822,NIBPO,42,42,8000,506,4048000
201506302601847,NIBPO,42,55,500,508,254000
201506302601829,NICA,49,13,202,616,124432
201506302601824,NICA,11,14,107,615,65805
201506302601617,NICA,11,47,120,615,73800
201506302601607,NICA,11,36,17,615,10455
201506302601551,NICA,22,47,51,612,31212
201506302601495,NICA,22,59,46,615,28290
201506302601885,NICL,50,50,300,400,120000
201506302601865,NICL,50,50,574,400,229600
201506302601741,NICL,48,11,100,402,40200
201506302601737,NICL,48,13,151,399,60249
201506302601710,NICL,41,32,350,396,138600
201506302601693,NICL,48,4,100,395,39500
201506302601565,NICL,48,50,21,389,8169
201506302601488,NICL,48,52,1342,382,512644
201506302601897,NIL,39,39,400,450,180000
201506302601870,NIL,39,16,200,445,89000
201506302601869,NIL,39,16,200,445,89000
201506302601825,NIL,14,26,16,444,7104
201506302601742,NIL,39,1,10,448,4480
201506302601818,NLBBL,53,53,200,1190,238000
201506302601747,NLBBL,17,53,100,1190,119000
201506302601743,NLBBL,17,53,150,1190,178500
201506302601716,NLBBL,17,53,200,1190,238000
201506302601809,NLG,3,1,24,570,13680
201506302601950,NLIC,35,49,200,2885,577000
201506302601949,NLIC,21,49,200,2886,577200
201506302601914,NLIC,5,16,100,2890,289000
201506302601874,NLIC,43,5,84,2892,242928
201506302601866,NLIC,32,49,100,2891,289100
201506302601849,NLIC,59,49,100,2890,289000
201506302601482,NLIC,14,16,100,2877,287700
201506302601481,NLIC,34,16,100,2880,288000
201506302601679,NLIC,48,49,100,2889,288900
201506302601663,NLIC,56,49,100,2888,288800
201506302601653,NLIC,14,16,100,2885,288500
201506302601618,NLIC,56,49,100,2880,288000
201506302601570,NLIC,33,16,100,2876,287600
201506302601483,NLIC,55,16,150,2876,431400
201506302601837,NLIC,33,54,100,2894,289400
201506302601817,NLIC,58,1,20,2909,58180
201506302601787,NLIC,26,49,250,2885,721250
201506302601714,NLIC,14,54,100,2894,289400
201506302601686,NLIC,14,54,100,2888,288800
201506302601684,NLIC,48,49,100,2890,289000
201506302601940,NLICL,26,16,150,1885,282750
201506302601807,NLICL,11,6,30,1891,56730
201506302601767,NLICL,45,19,100,1890,189000
201506302601724,NLICL,4,16,150,1885,282750
201506302601538,NLICL,26,16,500,1875,937500
201506302601474,NLICL,26,16,200,1875,375000
201506302601457,NLICL,25,34,166,1890,313740
201506302601820,NTC,5,16,100,621,62100
201506302601704,NTC,45,3,200,621,124200
201506302601471,NTC,36,38,150,622,93300
201506302601596,NTC,5,52,150,621,93150
201506302601572,NTC,36,52,240,623,149520
201506302601881,NUBL,26,5,50,1254,62700
201506302601877,NUBL,32,38,139,1250,173750
201506302601665,NUBL,32,38,112,1240,138880
201506302601514,PADBL,14,6,148,394,58312
201506302601502,PADBL,14,18,356,395,140620
201506302601932,PCBL,20,1,17,446,7582
201506302601788,PCBL,43,25,95,447,42465
201506302601786,PCBL,20,14,88,446,39248
201506302601784,PCBL,48,49,10,447,4470
201506302601781,PCBL,48,14,80,447,35760
201506302601647,PCBL,48,14,10,447,4470
201506302601639,PCBL,34,5,500,446,223000
201506302601490,PCBL,5,5,64,446,28544
201506302601719,PIC,37,41,132,503,66396
201506302601718,PIC,37,6,20,500,10000
201506302601711,PIC,37,45,33,500,16500
201506302601564,PIC,39,39,22,492,10824
201506302601546,PIC,21,14,13,493,6409
201506302601537,PIC,21,14,100,493,49300
201506302601460,PIC,35,36,39,495,19305
201506302601794,PICL,22,48,200,392,78400
201506302601753,PICL,47,58,200,400,80000
201506302601748,PICL,47,53,300,400,120000
201506302601632,PICL,21,17,12,406,4872
201506302601936,PLIC,38,29,13,1171,15223
201506302601933,PLIC,48,53,135,1170,157950
201506302601902,PLIC,6,6,500,1170,585000
201506302601889,PLIC,48,14,154,1172,180488
201506302601884,PLIC,53,53,80,1170,93600
201506302601850,PLIC,53,53,180,1170,210600
201506302601654,PLIC,38,17,371,1172,434812
201506302601638,PLIC,38,6,32,1173,37536
201506302601634,PLIC,38,53,300,1176,352800
201506302601552,PLIC,21,29,94,1175,110450
201506302601467,PLIC,34,49,200,1176,235200
201506302601845,PLIC,40,47,27,1171,31617
201506302601841,PLIC,38,47,54,1172,63288
201506302601827,PLIC,43,13,434,1170,507780
201506302601769,PLIC,32,40,400,1174,469600
201506302601673,PLIC,48,53,103,1171,120613
201506302601666,PLIC,8,53,200,1171,234200
201506302601463,PRDBL,44,52,40,152,6080
201506302601925,PRIN,26,48,68,397,26996
201506302601832,PRIN,5,58,44,399,17556
201506302601828,PRIN,5,16,100,398,39800
201506302601823,PRIN,5,52,55,397,21835
201506302601821,PRIN,5,52,83,396,32868
201506302601757,PRIN,37,26,250,395,98750
201506302601756,PRIN,37,16,100,394,39400
201506302601921,PRVU,17,32,400,323,129200
201506302601815,PRVU,6,3,11,322,3542
201506302601804,PRVU,44,3,11,323,3553
201506302601755,PRVU,6,21,43,322,13846
201506302601735,PRVU,45,43,725,321,232725
201506302601733,PRVU,45,45,11,323,3553
201506302601478,PRVU,40,56,100,323,32300
201506302601475,PRVU,29,29,640,323,206720
201506302601715,PRVU,45,3,11,322,3542
201506302601689,PRVU,41,43,500,321,160500
201506302601513,PRVU,41,41,194,323,62662
201506302601500,PRVU,41,32,500,323,161500
201506302601480,PRVU,29,56,10,323,3230
201506302601479,PRVU,41,56,200,323,64600
201506302601729,PRVU,45,45,11,323,3553
201506302601728,PRVU,45,45,11,323,3553
201506302601727,PRVU,45,45,35,323,11305
201506302601726,PRVU,45,45,35,323,11305
201506302601722,PRVU,6,3,11,322,3542
201506302601717,PRVU,17,3,11,322,3542
201506302601659,PURBL,19,13,42,341,14322
201506302601871,REDBL,32,26,59,202,11918
201506302601855,REDBL,52,11,70,205,14350
201506302601848,REDBL,52,21,309,205,63345
201506302601844,REDBL,52,26,17,205,3485
201506302601657,SADBL,19,17,269,328,88232
201506302601802,SANIMA,33,45,94,556,52264
201506302601792,SANIMA,53,52,76,557,42332
201506302601698,SANIMA,42,14,491,555,272505
201506302601556,SANIMA,50,50,10,560,5600
201506302601947,SBI,17,26,196,890,174440
201506302601508,SBI,22,52,36,898,32328
201506302601805,SBL,50,45,101,667,67367
201506302601779,SBL,22,48,84,668,56112
201506302601590,SBL,6,3,200,670,134000
201506302601589,SBL,41,3,60,670,40200
201506302601563,SETI,16,14,25,197,4925
201506302601534,SEWA,5,36,14,278,3892
201506302601476,SEWA,17,38,369,275,101475
201506302601667,SHINE,37,17,178,350,62300
201506302601662,SHINE,37,51,66,350,23100
201506302601656,SHINE,37,41,26,350,9100
201506302601583,SHL,41,6,200,425,85000
201506302601582,SHL,40,6,400,422,168800
201506302601645,SHPC,10,36,500,700,350000
201506302601644,SHPC,10,53,30,700,21000
201506302601619,SHPC,17,53,18,700,12600
201506302601598,SHPC,48,43,82,705,57810
201506302601597,SHPC,48,20,90,705,63450
201506302601576,SHPC,38,17,192,700,134400
201506302601559,SHPC,10,36,500,700,350000
201506302601879,SIC,21,5,16,935,14960
201506302601557,SIC,14,5,25,930,23250
201506302601550,SIC,14,37,13,928,12064
201506302601525,SIC,22,55,51,922,47022
201506302601486,SIC,14,6,20,917,18340
201506302601797,SICL,39,37,20,711,14220
201506302601919,SLICL,14,17,480,665,319200
201506302601918,SLICL,14,17,70,665,46550
201506302601917,SLICL,14,17,70,665,46550
201506302601916,SLICL,14,29,70,664,46480
201506302601911,SLICL,14,45,829,664,550456
201506302601910,SLICL,14,1,291,664,193224
201506302601465,SLICL,57,33,300,655,196500
201506302601789,SLICL,33,26,111,658,73038
201506302601687,SLICL,28,26,30,658,19740
201506302601560,SLICL,36,59,240,658,157920
201506302601499,SLICL,36,33,300,658,197400
201506302601891,SLICL,28,29,70,658,46060
201506302601890,SLICL,14,41,125,660,82500
201506302601864,SLICL,57,19,146,659,96214
201506302601863,SLICL,57,33,300,658,197400
201506302601856,SLICL,35,21,510,657,335070
201506302601909,SLICL,14,3,230,660,151800
201506302601904,SLICL,14,43,126,663,83538
201506302601903,SLICL,14,22,30,663,19890
201506302601900,SLICL,57,42,684,660,451440
201506302601895,SLICL,14,38,200,660,132000
201506302601894,SLICL,14,41,300,660,198000
201506302601924,SODBL,54,19,500,108,54000
201506302601588,SODBL,19,21,500,107,53500
201506302601898,SRBL,19,26,18,410,7380
201506302601774,SRBL,36,38,200,410,82000
201506302601759,SRBL,11,38,200,410,82000
201506302601677,SRBL,38,38,50,411,20550
201506302601655,SRBL,36,38,200,411,82200
201506302601650,SRBL,49,49,27,412,11124
201506302601646,SRBL,49,49,27,412,11124
201506302601566,SUPRME,19,14,50,157,7850
201506302601522,SUPRME,19,39,27,157,4239
201506302601484,SUPRME,14,11,21,157,3297
201506302601683,SWBBL,41,39,16,1600,25600
201506302601464,SWBBL,41,7,14,1600,22400
201506302601944,SYFL,39,32,200,97,19400
201506302601942,SYFL,19,32,300,98,29400
201506302601872,SYFL,32,14,21,99,2079
201506302601760,SYFL,32,32,50,98,4900
201506302601740,SYFL,32,32,50,97,4850
201506302601730,SYFL,32,32,50,96,4800
201506302601707,SYFL,19,32,500,95,47500
201506302601692,UFIL,11,37,11,136,1496
201506302601580,UFIL,50,50,144,136,19584
201506302601455,UFIL,52,36,44,136,5984
201506302601494,UIC,59,59,100,415,41500
201506302601680,WDBL,32,45,36,300,10800
201506302601652,WDBL,32,58,12,300,3600
201506302601357,ALICL,58,52,15,1011,15165
201506302601406,APEX,39,38,68,119,8092
201506302601388,APEX,11,11,20,117,2340
201506302601359,APEX,13,38,423,119,50337
201506302601187,ARDBL,1,1,21,163,3423
201506302601182,ARDBL,1,1,21,163,3423
201506302601175,ARDBL,1,1,21,163,3423
201506302601158,ARDBL,1,1,21,163,3423
201506302601150,ARDBL,1,1,21,163,3423
201506302601145,ARDBL,45,1,21,164,3444
201506302601110,ARDBL,14,47,52,163,8476
201506302601068,ARDBL,1,1,21,162,3402
201506302601039,ARDBL,1,1,31,162,5022
201506302601033,ARDBL,1,1,31,163,5053
201506302601029,ARDBL,39,1,21,165,3465
201506302601024,ARDBL,17,1,21,166,3486
201506302600976,BBC,45,45,10,2235,22350
201506302601092,CBBL,29,44,147,1635,240345
201506302601244,CBL,50,48,589,270,159030
201506302601191,CBL,11,32,56,270,15120
201506302601178,CBL,11,32,56,270,15120
201506302601151,CBL,52,52,14,271,3794
201506302601064,CBL,52,52,16,272,4352
201506302601061,CBL,20,25,1000,270,270000
201506302601059,CBL,52,52,136,272,36992
201506302601058,CBL,34,25,1000,271,271000
201506302601043,CBL,52,52,118,272,32096
201506302601293,CCBL,49,49,3242,317,1027714
201506302601290,CCBL,38,50,300,317,95100
201506302601214,CCBL,21,21,12,317,3804
201506302601143,CCBL,57,8,500,315,157500
201506302600997,CCBL,32,32,304,317,96368
201506302600981,CCBL,32,32,304,317,96368
201506302601004,CDBL,33,47,61,321,19581
201506302601400,CHCL,49,52,35,1550,54250
201506302601387,CHCL,26,33,200,1550,310000
201506302601363,CHCL,53,52,35,1550,54250
201506302601355,CHCL,53,53,28,1550,43400
201506302601349,CHCL,53,53,28,1550,43400
201506302601332,CHCL,16,59,35,1545,54075
201506302601209,CHCL,53,53,72,1550,111600
201506302601193,CHCL,53,53,41,1550,63550
201506302601168,CHCL,34,38,100,1550,155000
201506302601142,CHCL,57,59,178,1550,275900
201506302601119,CHCL,38,45,28,1560,43680
201506302601078,CHCL,29,59,35,1550,54250
201506302601331,CHCL,21,59,34,1546,52564
201506302601310,CHCL,53,53,28,1550,43400
201506302601289,CHCL,53,53,28,1550,43400
201506302601276,CHCL,53,53,28,1550,43400
201506302601268,CHCL,47,45,56,1546,86576
201506302601222,CHCL,29,52,35,1550,54250
201506302601453,CZBIL,16,42,198,450,89100
201506302601372,CZBIL,48,48,37,451,16687
201506302601368,CZBIL,32,34,77,452,34804
201506302601287,CZBIL,32,45,80,450,36000
201506302601217,CZBIL,32,47,72,449,32328
201506302601173,CZBIL,32,8,119,451,53669
201506302601129,CZBIL,57,34,588,451,265188
201506302601112,CZBIL,10,26,37,450,16650
201506302601376,DDBL,36,44,200,1125,225000
201506302601270,DDBL,46,44,200,1125,225000
201506302601202,DDBL,49,49,223,1119,249537
201506302601404,EBL,48,48,50,2114,105700
201506302601241,EBL,41,45,99,2100,207900
201506302601200,EBL,19,55,83,2100,174300
201506302601232,EDBL,25,51,18,570,10260
201506302601219,EDBL,44,57,200,565,113000
201506302601353,EIC,44,14,30,828,24840
201506302600999,EIC,14,14,10,812,8120
201506302601396,EKBL,41,48,109,289,31501
201506302601360,EKBL,47,48,992,288,285696
201506302601304,GBIME,44,16,1000,440,440000
201506302601303,GBIME,6,16,100,442,44200
201506302601302,GBIME,36,16,200,443,88600
201506302601352,GLICL,36,36,500,566,283000
201506302601337,GLICL,36,36,500,565,282500
201506302601314,GLICL,7,40,80,560,44800
201506302601444,HBL,53,20,222,820,182040
201506302601208,HBL,13,7,211,820,173020
201506302601169,HBL,11,20,209,820,171380
201506302601236,HBL,38,20,172,820,141040
201506302601433,HDL,16,16,110,562,61820
201506302601413,HDL,33,46,20,562,11240
201506302601407,HDL,59,16,500,561,280500
201506302601361,HDL,26,16,610,561,342210
201506302601216,ICFC,13,11,160,255,40800
201506302601311,IDBL,26,26,11,173,1903
201506302601235,IDBL,45,13,11,170,1870
201506302600961,IDBL,39,40,11,170,1870
201506302601231,ILFC,4,17,620,147,91140
201506302601101,ILFC,52,51,168,150,25200
201506302601428,JBBL,44,36,139,162,22518
201506302601301,JBBL,28,51,10,163,1630
201506302600970,JBBL,44,37,10,162,1620
201506302601430,JBNL,40,37,28,272,7616
201506302601429,JBNL,36,11,72,274,19728
201506302601411,JBNL,5,50,300,273,81900
201506302601318,JBNL,40,29,33,274,9042
201506302601023,JFL,41,22,100,391,39100
201506302601148,KBL,28,38,100,384,38400
201506302601454,KDBL,32,37,32,140,4480
201506302601393,KDBL,48,48,42,142,5964
201506302601254,KDBL,32,21,21,143,3003
201506302601198,KDBL,48,29,75,144,10800
201506302601185,KDBL,48,29,20,144,2880
201506302601183,KDBL,48,29,20,144,2880
201506302601179,KDBL,48,29,20,144,2880
201506302600998,KDBL,48,52,192,145,27840
201506302600995,KDBL,48,36,42,145,6090
201506302601224,KMBLPO,1,25,6037,170,1026290
201506302601220,KMBLPO,1,25,1150,170,195500
201506302601215,KMBLPO,1,25,2300,170,391000
201506302601211,KMBLPO,1,25,3450,170,586500
201506302601207,KMBLPO,1,25,1794,170,304980
201506302601203,KMBLPO,1,25,1794,170,304980
201506302601199,KMBLPO,1,25,2300,170,391000
201506302601192,KMBLPO,1,25,11500,170,1955000
201506302601180,KMBLPO,1,25,1150,170,195500
201506302601292,KMCDB,45,16,20,1049,20980
201506302601184,KMCDB,57,26,200,1060,212000
201506302601002,KMCDB,26,11,10,1070,10700
201506302600960,KMCDB,26,11,10,1050,10500
201506302601356,LBL,43,45,120,405,48600
201506302601221,LBL,36,45,200,404,80800
201506302601140,LBL,17,42,56,410,22960
201506302601139,LBL,17,1,138,409,56442
201506302601423,LICN,55,14,22,2851,62722
201506302601410,LICN,55,7,20,2850,57000
201506302601364,LICN,48,43,20,2825,56500
201506302601362,LICN,48,32,16,2820,45120
201506302601358,LICN,48,53,27,2815,76005
201506302601350,LICN,8,8,300,2800,840000
201506302601116,LICN,1,1,51,2770,141270
201506302601111,LICN,55,45,345,2780,959100
201506302601025,LICN,14,41,100,2770,277000
201506302601347,LICN,33,28,27,2780,75060
201506302601346,LICN,4,59,10,2805,28050
201506302601305,LICN,45,33,50,2800,140000
201506302601297,LICN,14,26,70,2797,195790
201506302601205,LICN,8,26,30,2760,82800
201506302601120,LICN,55,26,100,2785,278500
201506302601442,LLBS,14,17,10,790,7900
201506302601439,LLBS,14,17,10,790,7900
201506302601308,LLBS,53,14,10,789,7890
201506302601306,LLBS,53,14,10,789,7890
201506302601448,LUBL,19,32,41,340,13940
201506302601446,LUBL,54,32,500,340,170000
201506302601445,LUBL,45,48,56,340,19040
201506302601201,LUBL,25,26,110,341,37510
201506302601177,LUBL,45,17,200,340,68000
201506302601088,LUBL,38,26,110,340,37400
201506302601062,LUBL,25,1,264,339,89496
201506302601028,LUBL,19,1,800,337,269600
201506302601234,MLBBL,17,13,12,890,10680
201506302601176,MLBBL,39,13,12,890,10680
201506302601384,MNBBL,51,36,60,535,32100
201506302601267,MNBBL,54,34,3226,535,1725910
201506302601218,MNBBL,10,50,20,539,10780
201506302601206,MNBBL,32,50,20,535,10700
201506302600962,MNBBL,41,57,36,529,19044
201506302601127,MSBBL,26,47,412,219,90228
201506302601045,NABILP,29,49,170,1320,224400
201506302601345,NABILP,41,6,50,1315,65750
201506302601249,NABILP,41,53,100,1315,131500
201506302601392,NBB,56,33,1380,516,712080
201506302601380,NBB,32,45,598,517,309166
201506302601373,NBB,32,21,1000,517,517000
201506302601282,NBB,56,46,221,518,114478
201506302601189,NBB,56,13,480,518,248640
201506302601016,NBB,10,57,18,514,9252
201506302601015,NBB,10,57,18,514,9252
201506302601014,NBB,10,52,50,513,25650
201506302600975,NBB,17,25,200,515,103000
201506302600956,NBB,17,58,36,515,18540
201506302601057,NBB,56,45,250,517,129250
201506302601056,NBB,56,45,500,517,258500
201506302601055,NBB,56,45,120,517,62040
201506302601047,NBB,10,35,1200,516,619200
201506302601036,NBB,10,40,71,515,36565
201506302601017,NBB,10,34,160,515,82400
201506302601130,NBB,45,33,120,518,62160
201506302601109,NBB,32,45,300,517,155100
201506302601105,NBB,32,45,300,516,154800
201506302601093,NBB,45,6,80,518,41440
201506302601087,NBB,32,49,398,517,205766
201506302601083,NBB,56,17,44,517,22748
201506302601365,NBL,4,19,500,283,141500
201506302601327,NBL,41,16,100,285,28500
201506302601326,NBL,39,16,140,285,39900
201506302601325,NBL,20,16,60,285,17100
201506302601279,NBL,28,8,1000,282,282000
201506302601126,NBL,5,42,500,285,142500
201506302601124,NBL,5,8,585,283,165555
201506302601027,NBL,39,14,500,285,142500
201506302600991,NBL,38,25,142,290,41180
201506302600989,NBL,38,6,400,288,115200
201506302600983,NBL,38,59,100,286,28600
201506302601443,NCCB,47,33,200,604,120800
201506302601440,NCCB,44,44,21,607,12747
201506302601436,NCCB,28,33,320,604,193280
201506302601421,NCCB,44,44,21,606,12726
201506302601418,NCCB,50,25,525,604,317100
201506302601409,NCCB,45,7,100,606,60600
201506302600959,NCCB,8,8,200,603,120600
201506302600958,NCCB,8,40,200,602,120400
201506302600996,NCCB,8,45,55,602,33110
201506302600982,NCCB,8,46,500,602,301000
201506302600967,NCCB,8,36,300,603,180900
201506302600965,NCCB,56,47,200,604,120800
201506302600964,NCCB,56,34,1000,603,603000
201506302600963,NCCB,56,17,1000,603,603000
201506302601052,NCCB,44,33,1000,604,604000
201506302601051,NCCB,44,19,163,604,98452
201506302601050,NCCB,44,19,50,604,30200
201506302601049,NCCB,44,33,300,604,181200
201506302601040,NCCB,44,29,84,604,50736
201506302601037,NCCB,44,19,200,603,120600
201506302601070,NCCB,5,28,42,605,25410
201506302601069,NCCB,5,41,320,605,193600
201506302601067,NCCB,28,52,200,605,121000
201506302601063,NCCB,56,49,125,603,75375
201506302601060,NCCB,56,49,100,603,60300
201506302601053,NCCB,44,38,500,604,302000
201506302601076,NCCB,56,50,100,605,60500
201506302601075,NCCB,56,26,500,605,302500
201506302601074,NCCB,56,7,390,605,235950
201506302601073,NCCB,56,47,300,605,181500
201506302601072,NCCB,56,25,600,605,363000
201506302601071,NCCB,56,25,1000,605,605000
201506302601089,NCCB,8,51,200,608,121600
201506302601084,NCCB,8,14,67,607,40669
201506302601082,NCCB,8,26,11,606,6666
201506302601081,NCCB,8,26,500,606,303000
201506302601080,NCCB,56,36,300,605,181500
201506302601077,NCCB,56,5,120,605,72600
201506302601100,NCCB,8,17,200,610,122000
201506302601099,NCCB,8,19,10,610,6100
201506302601098,NCCB,8,47,200,610,122000
201506302601097,NCCB,8,17,100,609,60900
201506302601096,NCCB,8,36,200,609,121800
201506302601090,NCCB,8,25,200,609,121800
201506302601125,NCCB,45,45,200,606,121200
201506302601115,NCCB,8,38,160,610,97600
201506302601107,NCCB,8,32,140,610,85400
201506302601106,NCCB,8,36,200,610,122000
201506302601104,NCCB,8,32,40,610,24400
201506302601102,NCCB,5,56,500,610,305000
201506302601225,NCCB,43,11,80,608,48640
201506302601197,NCCB,8,45,500,606,303000
201506302601190,NCCB,43,42,20,608,12160
201506302601186,NCCB,47,33,73,608,44384
201506302601181,NCCB,38,33,500,607,303500
201506302601144,NCCB,3,40,508,608,308864
201506302601379,NCCB,28,26,500,604,302000
201506302601278,NCCB,8,40,500,605,302500
201506302601259,NCCB,56,40,500,605,302500
201506302601248,NCCB,28,40,500,604,302000
201506302601238,NCCB,28,14,500,605,302500
201506302601233,NCCB,47,11,50,606,30300
201506302601441,NEFL,18,18,43,228,9804
201506302601437,NEFL,18,18,43,228,9804
201506302601424,NEFL,18,18,125,228,28500
201506302601419,NEFL,18,18,125,228,28500
201506302601391,NEFL,18,19,42,232,9744
201506302601390,NEFL,18,18,120,232,27840
201506302601383,NEFL,18,18,125,232,29000
201506302601381,NEFL,18,19,117,232,27144
201506302601239,NHPC,44,8,1000,119,119000
201506302601237,NHPC,25,25,1000,121,121000
201506302601170,NHPC,25,16,1000,120,120000
201506302601108,NHPC,17,8,500,120,60000
201506302601288,NIB,11,26,41,710,29110
201506302601161,NIB,3,49,250,715,178750
201506302601245,NICA,14,51,261,619,161559
201506302601243,NICA,58,13,100,616,61600
201506302601159,NICA,22,44,46,615,28290
201506302601001,NICL,47,47,158,375,59250
201506302600984,NICL,48,11,100,382,38200
201506302601196,NIL,41,26,55,440,24200
201506302601114,NIL,26,39,100,446,44600
201506302601003,NIL,44,1,10,455,4550
201506302601438,NLBBL,45,17,36,1200,43200
201506302601434,NLBBL,45,17,36,1200,43200
201506302601432,NLBBL,41,53,100,1195,119500
201506302601412,NLBBL,41,53,100,1195,119500
201506302601370,NLBBL,44,53,100,1190,119000
201506302601242,NLBBL,41,53,100,1190,119000
201506302601152,NLBBL,41,19,100,1205,120500
201506302601452,NLG,3,7,48,569,27312
201506302601026,NLG,42,42,202,580,117160
201506302601431,NLIC,26,53,300,2870,861000
201506302601378,NLIC,33,44,100,2880,288000
201506302601330,NLIC,19,49,40,2880,115200
201506302601312,NLIC,34,34,100,2875,287500
201506302601240,NLIC,25,53,200,2870,574000
201506302601223,NLIC,56,53,289,2870,829430
201506302600985,NLIC,57,53,100,2886,288600
201506302600971,NLIC,28,28,10,2900,29000
201506302600968,NLIC,6,16,50,2885,144250
201506302600955,NLIC,16,28,500,2855,1427500
201506302601008,NLIC,48,49,200,2875,575000
201506302601007,NLIC,59,49,200,2880,576000
201506302601006,NLIC,48,49,100,2881,288100
201506302601005,NLIC,5,49,100,2884,288400
201506302600990,NLIC,5,44,50,2894,144700
201506302600986,NLIC,43,53,150,2885,432750
201506302601085,NLIC,48,44,100,2878,287800
201506302601046,NLIC,25,53,150,2880,432000
201506302601035,NLIC,59,53,74,2880,213120
201506302601013,NLIC,19,49,100,2890,289000
201506302601010,NLIC,28,28,1000,2890,2890000
201506302601009,NLIC,21,49,100,2875,287500
201506302601213,NLIC,21,49,100,2878,287800
201506302601137,NLIC,29,49,60,2875,172500
201506302601136,NLIC,6,49,50,2875,143750
201506302601135,NLIC,6,49,100,2876,287600
201506302601134,NLIC,19,49,80,2877,230160
201506302601133,NLIC,42,49,50,2878,143900
201506302601402,NLICL,45,17,26,1880,48880
201506302601321,NLICL,43,17,51,1880,95880
201506302601319,NLICL,46,17,98,1880,184240
201506302601315,NLICL,19,17,31,1885,58435
201506302601188,NLICL,19,52,55,1890,103950
201506302601018,NLICL,38,44,100,1900,190000
201506302601447,NTC,45,38,150,620,93000
201506302601399,NUBL,41,53,300,1225,367500
201506302601386,NUBL,29,53,150,1230,184500
201506302601451,PCBL,29,29,724,446,322904
201506302601449,PCBL,25,51,663,447,296361
201506302601255,PCBL,17,50,17,445,7565
201506302601253,PCBL,17,50,17,445,7565
201506302601117,PCBL,35,35,1000,442,442000
201506302600969,PCBL,19,19,14,449,6286
201506302601405,PIC,4,7,39,497,19383
201506302601398,PIC,39,7,39,495,19305
201506302601389,PIC,4,45,68,497,33796
201506302601354,PIC,14,1,10,505,5050
201506302601285,PIC,4,40,95,497,47215
201506302601226,PIC,21,40,132,496,65472
201506302601022,PIC,21,57,39,497,19383
201506302601275,PICL,43,36,100,411,41100
201506302601274,PICL,32,36,500,411,205500
201506302601273,PICL,48,36,100,412,41200
201506302601272,PICL,17,36,30,415,12450
201506302601246,PICL,41,56,500,413,206500
201506302601095,PICL,59,58,500,415,207500
201506302601094,PICL,38,58,100,415,41500
201506302600972,PICL,39,58,50,419,20950
201506302601374,PLIC,28,49,500,1176,588000
201506302601324,PLIC,58,17,100,1175,117500
201506302601323,PLIC,38,17,295,1174,346330
201506302601317,PLIC,36,53,200,1176,235200
201506302601299,PLIC,36,17,27,1177,31779
201506302601283,PLIC,36,44,300,1177,353100
201506302601044,PLIC,34,49,300,1180,354000
201506302601042,PLIC,8,26,200,1171,234200
201506302601032,PLIC,22,49,100,1180,118000
201506302601019,PLIC,33,53,147,1179,173313
201506302601012,PLIC,33,53,94,1179,110826
201506302601281,PLIC,38,6,200,1176,235200
201506302601204,PLIC,43,43,13,1179,15327
201506302601165,PLIC,22,6,200,1175,235000
201506302601164,PLIC,22,49,100,1174,117400
201506302601163,PLIC,7,49,30,1174,35220
201506302601048,PLIC,53,40,150,1170,175500
201506302601377,PRIN,37,17,122,392,47824
201506302601149,PRIN,21,1,1000,385,385000
201506302601147,PRIN,14,32,43,385,16555
201506302601021,PRIN,13,17,440,386,169840
201506302601020,PRIN,13,17,100,385,38500
201506302601313,PRVU,28,6,1182,320,378240
201506302601300,PRVU,49,49,1949,321,625629
201506302601261,PRVU,40,21,100,323,32300
201506302600988,PRVU,36,42,11,318,3498
201506302600987,PRVU,36,42,11,318,3498
201506302600977,PRVU,1,42,11,316,3476
201506302600974,PRVU,22,42,11,316,3476
201506302600957,PRVU,36,42,11,318,3498
201506302601369,PURBL,35,13,40,340,13600
201506302601128,PURBL,19,11,125,336,42000
201506302601256,REDBL,36,1,26,201,5226
201506302601252,REDBL,46,1,26,201,5226
201506302601247,REDBL,46,1,26,201,5226
201506302601212,REDBL,36,43,207,200,41400
201506302601171,RHPC,32,7,56,415,23240
201506302601427,SANIMA,25,10,30,560,16800
201506302601426,SANIMA,22,10,50,560,28000
201506302601416,SANIMA,57,29,500,559,279500
201506302601414,SANIMA,10,34,200,556,111200
201506302601296,SANIMA,50,50,300,556,166800
201506302600980,SANIMA,42,45,300,560,168000
201506302600979,SANIMA,17,45,200,561,112200
201506302600978,SANIMA,34,45,100,564,56400
201506302601343,SBL,41,3,210,670,140700
201506302601341,SBL,17,21,500,666,333000
201506302601340,SBL,41,3,90,670,60300
201506302601338,SBL,25,21,160,668,106880
201506302601309,SBL,50,44,500,668,334000
201506302601298,SBL,41,3,300,670,201000
201506302601291,SBL,41,58,26,670,17420
201506302601286,SBL,17,16,82,670,54940
201506302601174,SBL,41,32,204,670,136680
201506302601079,SBL,41,43,499,668,333332
201506302601011,SBL,10,45,37,670,24790
201506302601000,SBL,13,45,85,667,56695
201506302601342,SETI,37,37,20,198,3960
201506302601339,SETI,37,37,20,198,3960
201506302601334,SETI,37,37,20,198,3960
201506302601329,SETI,37,37,20,198,3960
201506302601322,SETI,37,37,20,198,3960
201506302600966,SETI,18,18,50,196,9800
201506302601344,SEWA,59,38,172,275,47300
201506302601066,SEWA,16,42,500,271,135500
201506302601425,SFL,1,36,156,133,20748
201506302601336,SHBL,16,45,200,1175,235000
201506302601335,SHBL,16,33,215,1170,251550
201506302601397,SHINE,37,29,25,345,8625
201506302601395,SHINE,37,29,25,345,8625
201506302601382,SHINE,37,29,25,345,8625
201506302601351,SHINE,37,29,25,345,8625
201506302601348,SHINE,48,47,90,344,30960
201506302601141,SHINE,37,37,55,345,18975
201506302601138,SHINE,37,37,55,345,18975
201506302601132,SHINE,37,37,55,345,18975
201506302601131,SHINE,37,37,55,345,18975
201506302601333,SHINE,43,29,25,345,8625
201506302601146,SHINE,37,37,55,345,18975
201506302601262,SHL,5,25,245,428,104860
201506302601230,SHL,5,6,200,428,85600
201506302601229,SHL,5,25,500,427,213500
201506302601450,SHPC,38,16,523,700,366100
201506302601307,SHPC,17,14,36,704,25344
201506302601227,SHPC,57,36,200,702,140400
201506302601172,SHPC,38,20,488,700,341600
201506302601103,SHPC,29,29,500,700,350000
201506302601038,SHPC,16,32,18,705,12690
201506302601328,SIC,22,5,100,912,91200
201506302601054,SIC,1,5,30,917,27510
201506302601041,SIC,22,19,72,917,66024
201506302601034,SIC,22,55,21,917,19257
201506302601260,SIFC,44,5,10,350,3500
201506302601422,SLICL,14,14,45,658,29610
201506302601420,SLICL,57,33,300,655,196500
201506302601417,SLICL,28,36,1000,658,658000
201506302601415,SLICL,28,53,148,657,97236
201506302601265,SLICL,22,57,204,660,134640
201506302601264,SLICL,22,17,70,660,46200
201506302601250,SLICL,22,43,180,659,118620
201506302601195,SLICL,42,6,55,655,36025
201506302601031,SLICL,14,42,354,655,231870
201506302600994,SLICL,14,17,70,660,46200
201506302600993,SLICL,14,17,70,660,46200
201506302600992,SLICL,14,33,300,658,197400
201506302601371,SODBL,37,19,139,107,14873
201506302601123,SODBL,54,54,1000,105,105000
201506302601122,SODBL,54,54,1000,105,105000
201506302601113,SODBL,54,54,500,105,52500
201506302601118,SUPRME,19,11,21,157,3297
201506302601091,SUPRME,36,8,32,155,4960
201506302601435,UFIL,52,37,20,136,2720
201506302601284,UFIL,37,37,30,137,4110
201506302601280,UFIL,37,37,20,137,2740
201506302601277,UFIL,37,37,20,137,2740
201506302601271,UFIL,37,37,20,137,2740
201506302601269,UFIL,37,37,20,137,2740
201506302601266,UFIL,37,37,20,137,2740
201506302601263,UFIL,37,37,20,137,2740
201506302601257,UFIL,37,37,20,137,2740
201506302601251,UFIL,37,37,20,137,2740
201506302601403,UIC,21,20,100,411,41100
201506302601228,UNL,8,48,50,19880,994000
201506302601375,WDBL,32,11,13,300,3900
201506302601086,WDBL,32,13,20,300,6000
201506302600911,CBBL,52,52,40,1645,65800
201506302600866,CBL,36,36,17,273,4641
201506302600943,CCBL,59,57,40,314,12560
201506302600913,CCBL,14,14,40,315,12600
201506302600900,CCBL,6,6,40,318,12720
201506302600895,CCBL,6,6,40,318,12720
201506302600893,CCBL,19,19,10,319,3190
201506302600890,CCBL,6,6,40,318,12720
201506302600949,CDBL,37,37,13,325,4225
201506302600946,CDBL,37,37,13,325,4225
201506302600903,CFCL,39,34,26,165,4290
201506302600954,CHCL,38,43,100,1560,156000
201506302600953,CHCL,38,51,100,1559,155900
201506302600939,CHCL,47,59,193,1550,299150
201506302600915,CHCL,1,33,300,1555,466500
201506302600912,CHCL,29,59,116,1560,180960
201506302600896,CHCL,40,33,100,1566,156600
201506302600871,CHCL,43,43,85,1565,133025
201506302600868,CHCL,43,43,85,1565,133025
201506302600948,CNDBL,18,18,40,156,6240
201506302600918,EIC,17,14,10,797,7970
201506302600917,GLICL,49,49,855,570,487350
201506302600873,GLICL,8,8,27,570,15390
201506302600916,ICFC,11,11,92,260,23920
201506302600947,IDBL,57,40,11,170,1870
201506302600899,KAFIL,6,6,113,243,27459
201506302600897,KAFIL,6,6,113,243,27459
201506302600884,KBL,38,45,16,390,6240
201506302600861,KCDBL,43,43,211,206,43466
201506302600860,KCDBL,43,43,211,206,43466
201506302600859,KCDBL,43,43,211,206,43466
201506302600858,KCDBL,43,43,211,206,43466
201506302600857,KCDBL,43,43,211,206,43466
201506302600938,KDBL,48,3,42,145,6090
201506302600930,KDBL,48,3,85,144,12240
201506302600928,KDBL,48,3,64,143,9152
201506302600926,KDBL,48,36,42,142,5964
201506302600898,KDBL,51,3,42,141,5922
201506302600864,MNBBL,58,58,1991,519,1033329
201506302600855,MNBBL,58,58,165,529,87285
201506302600904,NABIL,3,11,20,1930,38600
201506302600892,NBB,10,29,450,515,231750
201506302600889,NBB,32,29,500,513,256500
201506302600874,NBB,58,58,510,503,256530
201506302600872,NBB,58,58,36,511,18396
201506302600906,NBL,19,19,27,288,7776
201506302600901,NBL,20,26,41,285,11685
201506302600927,NCCB,1,41,400,601,240400
201506302600920,NCCB,28,53,1000,600,600000
201506302600886,NCCB,14,10,63,604,38052
201506302600883,NCCB,26,14,10,605,6050
201506302600881,NCCB,43,43,168,595,99960
201506302600879,NCCB,45,17,160,601,96160
201506302600878,NCCB,56,8,1050,600,630000
201506302600876,NCCB,38,38,284,599,170116
201506302600875,NCCB,43,43,168,590,99120
201506302600870,NCCB,43,43,168,590,99120
201506302600863,NCCB,11,36,1000,600,600000
201506302600952,NCCBPO,38,46,200,278,55600
201506302600950,NCCBPO,38,46,200,278,55600
201506302600945,NCCBPO,38,46,200,278,55600
201506302600869,NIB,6,6,208,720,149760
201506302600936,NLIC,19,49,100,2890,289000
201506302600935,NLIC,32,49,100,2890,289000
201506302600934,NLIC,13,49,20,2891,57820
201506302600929,NLIC,59,49,60,2900,174000
201506302600925,NLIC,59,3,20,2900,58000
201506302600921,NLIC,47,44,100,2899,289900
201506302600905,NLIC,47,53,100,2910,291000
201506302600888,NLIC,33,33,100,2900,290000
201506302600944,PICL,32,58,500,411,205500
201506302600940,PICL,6,58,100,403,40300
201506302600942,PLIC,49,49,300,1179,353700
201506302600931,PLIC,43,43,13,1160,15080
201506302600924,PLIC,22,49,100,1180,118000
201506302600923,PLIC,22,49,200,1180,236000
201506302600919,PLIC,38,38,13,1190,15470
201506302600907,PLIC,49,49,1312,1180,1548160
201506302600902,PLIC,43,43,12,1180,14160
201506302600867,PLIC,49,49,100,1200,120000
201506302600865,PLIC,29,49,100,1200,120000
201506302600951,PRVU,19,42,11,318,3498
201506302600914,PRVU,4,57,97,324,31428
201506302600909,PRVU,4,36,11,324,3564
201506302600941,REDBL,18,18,26,197,5122
201506302600932,SANIMA,11,10,40,565,22600
201506302600922,SANIMA,17,10,50,566,28300
201506302600894,SANIMA,42,42,200,566,113200
201506302600877,SANIMA,11,53,14,565,7910
201506302600891,SBL,6,6,122,666,81252
201506302600887,SBL,6,6,42,668,28056
201506302600885,SBL,6,6,42,666,27972
201506302600882,SBL,6,6,42,666,27972
201506302600880,SBL,6,6,42,666,27972
201506302600937,SCB,3,11,15,1945,29175
201506302600910,SIC,1,41,70,935,65450
201506302600908,SIC,58,58,120,945,113400
201506302600933,WDBL,18,18,65,302,19630
201506302600862,YETI,13,13,20,133,2660
201506302600856,YETI,13,13,20,131,2620
