contract,symbol,buyer,seller,qty,rate,amt
201505272560011,ADBL,19,21,90,376,33840
201505272559773,ADBL,19,21,90,383,34470
201505272559637,ADBL,19,43,50,390,19500
201505272559864,AHPC,41,52,50,265,13250
201505272559734,AHPC,20,13,80,268,21440
201505272559732,AHPC,7,52,500,267,133500
201505272559718,AHPC,13,22,113,266,30058
201505272559706,AHPC,10,36,150,265,39750
201505272559635,AHPC,1,26,82,264,21648
201505272559774,BHBL,6,10,110,233,25630
201505272560023,BUDBL,28,11,66,163,10758
201505272560020,BUDBL,1,11,210,162,34020
201505272560018,BUDBL,51,22,100,165,16500
201505272560017,BUDBL,51,22,100,165,16500
201505272560016,BUDBL,14,22,100,166,16600
201505272559999,BUDBL,28,19,417,163,67971
201505272559996,CCBL,49,49,650,252,163800
201505272559931,CCBL,17,26,28,255,7140
201505272559928,CCBL,49,26,39,255,9945
201505272559922,CCBL,20,26,39,256,9984
201505272559914,CCBL,17,32,500,260,130000
201505272559913,CCBL,35,38,1000,259,259000
201505272559816,CCBL,17,32,500,260,130000
201505272559638,CCBL,45,32,70,260,18200
201505272559587,CCBL,1,7,31,256,7936
201505272559904,CCBL,20,57,800,256,204800
201505272559903,CCBL,50,57,500,257,128500
201505272559902,CCBL,11,57,200,258,51600
201505272559895,CCBL,11,38,346,258,89268
201505272559882,CCBL,49,13,37,261,9657
201505272559845,CCBL,49,6,38,261,9918
201505272559828,CDBL,45,45,117,303,35451
201505272559821,CDBL,45,22,100,301,30100
201505272559799,CDBL,45,45,48,304,14592
201505272560042,CHCL,14,26,200,1240,248000
201505272560041,CHCL,14,26,200,1240,248000
201505272560040,CHCL,14,26,200,1240,248000
201505272560039,CHCL,14,26,200,1240,248000
201505272560037,CHCL,13,26,200,1240,248000
201505272560036,CHCL,19,44,100,1240,124000
201505272559616,CHCL,10,26,20,1250,25000
201505272559622,CHCL,42,26,50,1245,62250
201505272559621,CHCL,54,26,70,1245,87150
201505272559620,CHCL,29,26,100,1246,124600
201505272559619,CHCL,1,26,50,1247,62350
201505272559618,CHCL,56,26,10,1247,12470
201505272559617,CHCL,19,26,60,1248,74880
201505272559748,CHCL,19,38,94,1237,116278
201505272559742,CHCL,17,44,100,1240,124000
201505272559663,CHCL,38,26,200,1240,248000
201505272559659,CHCL,43,44,50,1244,62200
201505272559658,CHCL,6,44,120,1244,149280
201505272559623,CHCL,46,26,50,1245,62250
201505272559896,CHCL,49,44,50,1240,62000
201505272559855,CHCL,37,26,100,1242,124200
201505272559809,CHCL,33,38,244,1238,302072
201505272559808,CHCL,33,44,100,1237,123700
201505272559776,CHCL,37,44,200,1235,247000
201505272559775,CHCL,19,44,100,1236,123600
201505272560035,CHCL,59,44,70,1240,86800
201505272559991,CHCL,14,26,50,1245,62250
201505272559990,CHCL,14,26,200,1244,248800
201505272559989,CHCL,14,44,100,1243,124300
201505272559898,CHCL,49,44,70,1240,86800
201505272559897,CHCL,49,44,70,1240,86800
201505272560044,CZBIL,17,52,934,365,340910
201505272560015,CZBIL,17,6,110,367,40370
201505272560012,CZBIL,17,55,328,367,120376
201505272560008,CZBIL,49,6,10,367,3670
201505272560007,CZBIL,35,6,200,367,73400
201505272560006,CZBIL,11,6,50,367,18350
201505272559643,CZBIL,7,39,100,370,37000
201505272559631,CZBIL,38,39,100,371,37100
201505272559630,CZBIL,25,39,100,371,37100
201505272559626,CZBIL,45,45,243,370,89910
201505272559609,CZBIL,8,39,130,370,48100
201505272559545,CZBIL,25,16,95,371,35245
201505272559716,CZBIL,11,57,100,370,37000
201505272559707,CZBIL,13,13,167,370,61790
201505272559702,CZBIL,13,32,184,370,68080
201505272559700,CZBIL,43,59,119,370,44030
201505272559692,CZBIL,1,16,168,370,62160
201505272559661,CZBIL,1,32,143,370,52910
201505272559764,CZBIL,35,35,3000,369,1107000
201505272559733,CZBIL,13,13,119,370,44030
201505272559729,CZBIL,1,57,240,369,88560
201505272559726,CZBIL,49,6,155,370,57350
201505272559725,CZBIL,49,47,1000,370,370000
201505272559869,CZBIL,47,13,48,370,17760
201505272559802,CZBIL,17,14,200,368,73600
201505272559792,CZBIL,13,26,210,366,76860
201505272559789,CZBIL,1,26,222,367,81474
201505272559783,CZBIL,33,35,1000,370,370000
201505272559781,CZBIL,49,57,536,368,197248
201505272559890,CZBIL,17,1,200,369,73800
201505272559889,CZBIL,1,1,60,369,22140
201505272559888,CZBIL,8,1,10,370,3700
201505272559887,CZBIL,57,1,20,370,7400
201505272559879,CZBIL,49,1,1000,367,367000
201505272559878,CZBIL,58,1,500,368,184000
201505272559988,CZBIL,40,52,237,366,86742
201505272559986,CZBIL,49,50,500,367,183500
201505272559985,CZBIL,49,1,510,366,186660
201505272559951,CZBIL,20,6,50,368,18400
201505272559909,CZBIL,20,6,80,369,29520
201505272559891,CZBIL,37,1,200,369,73800
201505272560043,EBL,25,25,100,1736,173600
201505272560024,EBL,5,44,60,1740,104400
201505272560009,EBL,41,41,21,1740,36540
201505272560005,EBL,41,44,40,1740,69600
201505272560003,EBL,3,44,40,1741,69640
201505272560002,EBL,21,41,35,1745,61075
201505272559564,EBL,17,28,200,1745,349000
201505272559555,EBL,7,44,100,1745,174500
201505272559552,EBL,53,26,100,1746,174600
201505272559788,EBL,17,28,200,1742,348400
201505272559667,EBL,36,28,50,1750,87500
201505272559901,EBL,17,17,100,1740,174000
201505272559894,EBL,17,17,200,1740,348000
201505272559801,EBL,17,28,100,1740,174000
201505272559795,EBL,17,28,200,1740,348000
201505272559790,EBL,54,28,200,1741,348200
201505272559978,EBL,14,25,303,1740,527220
201505272559967,FMDBL,42,22,20,558,11160
201505272559954,FMDBL,42,22,20,569,11380
201505272559930,FMDBL,42,22,20,580,11600
201505272559835,FMDBL,42,39,20,591,11820
201505272559817,FMDBL,42,39,20,603,12060
201505272560033,GBIME,54,55,100,390,39000
201505272560029,GBIME,26,55,100,392,39200
201505272559868,GBIME,38,17,227,392,88984
201505272559612,GBIME,16,33,500,389,194500
201505272559606,GBIME,21,40,100,391,39100
201505272559880,GDBL,43,1,10,302,3020
201505272559562,GDBL,43,39,10,308,3080
201505272559966,GFCL,21,21,18,212,3816
201505272559946,HBL,7,22,20,733,14660
201505272559665,IDBL,8,50,11,170,1870
201505272559625,IDBL,8,16,11,173,1903
201505272559865,JBBL,35,53,24,159,3816
201505272559858,JBBL,35,17,10,159,1590
201505272560038,JBNL,26,33,1000,226,226000
201505272559932,JBNL,5,21,157,228,35796
201505272559927,JBNL,58,36,33,227,7491
201505272559921,JBNL,26,39,701,225,157725
201505272559884,JBNL,51,11,33,228,7524
201505272559860,JBNL,14,40,70,228,15960
201505272559806,JBNL,43,21,157,227,35639
201505272559803,JBNL,43,39,220,225,49500
201505272559548,JBNL,16,42,172,227,39044
201505272559919,KBL,53,28,100,308,30800
201505272559918,KBL,47,28,100,308,30800
201505272559867,KBL,10,8,286,308,88088
201505272559854,KBL,10,32,500,308,154000
201505272559842,KBL,10,32,519,308,159852
201505272559830,KBL,10,42,500,308,154000
201505272559629,KBL,10,16,199,310,61690
201505272559607,KBL,36,22,147,309,45423
201505272559588,KBL,32,22,50,312,15600
201505272559554,KBL,10,1,200,318,63600
201505272559550,KBL,10,6,344,318,109392
201505272559670,KBL,10,42,83,310,25730
201505272559660,KBL,10,16,500,308,154000
201505272559646,KBL,32,8,50,310,15500
201505272559644,KBL,10,20,602,308,185416
201505272559642,KBL,10,16,100,309,30900
201505272559634,KBL,10,16,100,310,31000
201505272559691,KBL,10,14,150,308,46200
201505272559690,KBL,54,14,500,308,154000
201505272559689,KBL,11,14,100,308,30800
201505272559688,KBL,48,14,200,308,61600
201505272559687,KBL,51,14,50,309,15450
201505272559673,KBL,32,51,26,310,8060
201505272559727,KBL,10,33,300,308,92400
201505272559720,KBL,10,25,50,308,15400
201505272559712,KBL,10,59,133,308,40964
201505272559708,KBL,10,6,300,308,92400
201505272559705,KBL,32,6,57,309,17613
201505272559695,KBL,51,51,46,310,14260
201505272559777,KBL,10,14,88,308,27104
201505272559772,KBL,55,33,500,308,154000
201505272559754,KBL,10,42,165,308,50820
201505272559749,KBL,10,50,83,308,25564
201505272559741,KBL,10,50,44,308,13552
201505272559728,KBL,10,53,202,308,62216
201505272559818,KBL,10,39,165,308,50820
201505272559814,KBL,10,57,376,308,115808
201505272559812,KBL,10,57,140,308,43120
201505272559811,KBL,10,21,200,308,61600
201505272559784,KBL,10,39,104,308,32032
201505272559780,KBL,10,14,500,308,154000
201505272559723,KCDBL,11,41,34,168,5712
201505272560027,KDBL,25,38,910,121,110110
201505272559963,KDBL,28,16,72,123,8856
201505272559955,KDBL,28,16,72,123,8856
201505272559815,KDBL,28,16,72,123,8856
201505272559767,KDBL,32,16,72,125,9000
201505272559686,KDBL,28,47,500,125,62500
201505272559747,KFL,13,58,512,141,72192
201505272559592,KNBL,46,44,10,291,2910
201505272560034,LBL,7,45,100,455,45500
201505272559948,LBL,38,45,60,455,27300
201505272559883,LBL,22,35,150,452,67800
201505272559877,LBL,26,53,54,455,24570
201505272559874,LBL,29,53,100,456,45600
201505272559805,LBL,43,16,307,452,138764
201505272559657,LBL,19,17,197,454,89438
201505272559614,LBL,43,32,300,457,137100
201505272559601,LBL,38,32,500,455,227500
201505272559787,LBL,38,22,120,455,54600
201505272559785,LBL,38,39,150,455,68250
201505272559759,LBL,50,32,100,456,45600
201505272560014,LICN,53,28,50,1880,94000
201505272560013,LICN,37,28,20,1881,37620
201505272559992,LICN,54,28,200,1870,374000
201505272559944,LICN,28,28,100,1885,188500
201505272559827,LICN,25,28,150,1895,284250
201505272559826,LICN,26,28,200,1902,380400
201505272559746,LICN,45,45,34,1928,65552
201505272559825,LICN,17,28,100,1902,190200
201505272559824,LICN,53,28,100,1903,190300
201505272559823,LICN,5,28,10,1908,19080
201505272559822,LICN,45,28,60,1910,114600
201505272559768,LICN,53,7,510,1901,969510
201505272559750,LICN,57,44,23,1907,43861
201505272559995,MBL,8,57,100,456,45600
201505272559993,MBL,35,26,200,456,91200
201505272559942,MBL,22,57,50,456,22800
201505272559941,MBL,13,57,100,456,45600
201505272559940,MBL,59,57,400,456,182400
201505272559939,MBL,14,57,50,456,22800
201505272559566,MBL,6,49,200,461,92200
201505272559551,MBL,33,22,2000,459,918000
201505272559675,MBL,22,22,500,459,229500
201505272559604,MBL,50,49,260,460,119600
201505272559600,MBL,25,49,300,460,138000
201505272559599,MBL,50,49,200,460,92000
201505272559598,MBL,17,49,100,460,46000
201505272559570,MBL,6,49,140,461,64540
201505272559796,MBL,10,50,300,456,136800
201505272559770,MBL,50,38,257,456,117192
201505272559765,MBL,39,36,100,458,45800
201505272559763,MBL,50,36,400,456,182400
201505272559761,MBL,10,38,1000,456,456000
201505272559757,MBL,42,17,500,457,228500
201505272559937,MBL,14,38,250,456,114000
201505272559917,MBL,13,21,500,456,228000
201505272559910,MBL,35,26,500,456,228000
201505272559906,MBL,35,26,500,456,228000
201505272559837,MBL,35,38,703,457,321271
201505272559834,MBL,41,55,200,456,91200
201505272560028,MDB,17,8,14,400,5600
201505272560031,NABIL,3,6,25,1615,40375
201505272559938,NABIL,19,36,100,1590,159000
201505272559925,NABIL,29,21,40,1606,64240
201505272559893,NABIL,3,36,200,1596,319200
201505272559762,NABIL,39,21,81,1605,130005
201505272559628,NABIL,43,55,198,1603,317394
201505272559633,NABILP,44,13,200,1146,229200
201505272559632,NABILP,43,13,300,1147,344100
201505272559611,NABILP,44,44,714,1155,824670
201505272559719,NABILP,49,49,500,1150,575000
201505272559717,NABILP,49,49,500,1150,575000
201505272559693,NABILP,17,8,200,1140,228000
201505272559678,NABILP,17,8,200,1145,229000
201505272559791,NABILP,22,33,50,1147,57350
201505272559983,NABILP,45,19,50,1140,57000
201505272559982,NABILP,17,19,300,1141,342300
201505272559981,NABILP,47,19,50,1145,57250
201505272559980,NABILP,43,19,100,1146,114600
201505272559979,NABILP,22,19,50,1147,57350
201505272560019,NBB,28,55,259,403,104377
201505272559998,NBB,6,13,1000,405,405000
201505272559926,NBB,55,56,60,406,24360
201505272559916,NBB,17,17,300,403,120900
201505272559915,NBB,35,17,200,404,80800
201505272559559,NBB,32,51,315,406,127890
201505272559544,NBB,19,26,200,407,81400
201505272559576,NBB,47,36,50,406,20300
201505272559575,NBB,45,36,50,406,20300
201505272559574,NBB,36,36,40,406,16240
201505272559573,NBB,33,36,50,406,20300
201505272559572,NBB,43,36,60,407,24420
201505272559571,NBB,22,36,40,407,16280
201505272559582,NBB,19,36,200,405,81000
201505272559581,NBB,53,36,200,405,81000
201505272559580,NBB,21,36,110,405,44550
201505272559579,NBB,14,36,10,405,4050
201505272559578,NBB,53,36,50,406,20300
201505272559577,NBB,42,36,100,406,40600
201505272559697,NBB,53,22,300,406,121800
201505272559596,NBB,32,51,160,406,64960
201505272559595,NBB,32,51,160,406,64960
201505272559594,NBB,32,51,210,406,85260
201505272559583,NBB,54,36,40,405,16200
201505272559710,NBB,55,1,75,406,30450
201505272559701,NBB,53,44,97,406,39382
201505272559699,NBB,53,44,50,406,20300
201505272559832,NBB,54,56,100,406,40600
201505272559807,NBB,39,1,75,406,30450
201505272559804,NBB,28,59,605,404,244420
201505272559800,NBB,54,25,285,405,115425
201505272559752,NBB,54,19,150,405,60750
201505272559900,NBB,49,36,100,406,40600
201505272559872,NBB,17,44,163,405,66015
201505272559994,NBL,17,16,300,238,71400
201505272559923,NBL,43,46,350,237,82950
201505272559899,NBL,17,49,44,238,10472
201505272559881,NBL,17,22,1000,239,239000
201505272559846,NBL,22,32,500,237,118500
201505272559779,NBL,29,48,95,240,22800
201505272559585,NBL,10,32,500,237,118500
201505272559568,NBL,13,32,500,237,118500
201505272559561,NBL,5,32,500,237,118500
201505272559553,NBL,13,32,501,238,119238
201505272559546,NBL,10,32,500,238,119000
201505272559977,NIB,22,21,100,603,60300
201505272559935,NIB,5,6,15,608,9120
201505272559856,NIB,21,19,14,603,8442
201505272559820,NIB,43,47,100,603,60300
201505272559730,NIB,19,5,100,603,60300
201505272559724,NIB,29,5,100,604,60400
201505272559557,NIB,53,1,64,610,39040
201505272559668,NIB,29,48,100,606,60600
201505272559664,NIB,19,48,601,604,363004
201505272559655,NIB,44,48,200,607,121400
201505272559654,NIB,43,48,100,608,60800
201505272559653,NIB,20,39,100,609,60900
201505272559613,NIB,19,20,233,610,142130
201505272559722,NIB,43,5,200,604,120800
201505272559711,NIB,29,36,100,604,60400
201505272559704,NIB,19,39,103,603,62109
201505272559677,NIB,19,5,100,604,60400
201505272559674,NIB,51,48,72,605,43560
201505272559669,NIB,22,48,200,606,121200
201505272560026,NIBPO,13,49,500,445,222500
201505272560022,NIBPO,59,57,500,445,222500
201505272559962,NIBPO,47,49,50,445,22250
201505272559961,NIBPO,59,49,1600,445,712000
201505272559960,NIBPO,26,49,500,445,222500
201505272559959,NIBPO,17,49,1000,446,446000
201505272559682,NIBPO,51,49,200,450,90000
201505272559681,NIBPO,11,49,200,451,90200
201505272559680,NIBPO,33,49,500,451,225500
201505272559679,NIBPO,53,49,200,452,90400
201505272559615,NIBPO,33,32,150,451,67650
201505272559560,NIBPO,33,57,500,453,226500
201505272559853,NIBPO,33,36,500,448,224000
201505272559698,NIBPO,17,17,200,450,90000
201505272559694,NIBPO,49,49,1000,448,448000
201505272559685,NIBPO,25,49,1000,448,448000
201505272559684,NIBPO,17,49,500,450,225000
201505272559683,NIBPO,6,49,200,450,90000
201505272559958,NIBPO,33,49,500,446,223000
201505272559957,NIBPO,6,49,50,449,22450
201505272559956,NIBPO,51,49,50,450,22500
201505272559953,NIBPO,59,22,500,449,224500
201505272559924,NIBPO,53,22,500,447,223500
201505272559905,NIBPO,16,14,200,448,89600
201505272559987,NICA,25,25,300,529,158700
201505272559870,NICA,42,25,10,536,5360
201505272559838,NICA,29,13,30,533,15990
201505272559833,NICA,51,13,100,530,53000
201505272559829,NICA,49,21,60,530,31800
201505272559813,NICA,49,21,60,530,31800
201505272559793,NICA,41,13,194,532,103208
201505272559753,NICA,29,14,20,533,10660
201505272559713,NICA,35,6,407,530,215710
201505272559650,NICA,35,13,500,530,265000
201505272559603,NICA,35,40,648,530,343440
201505272559597,NICA,1,28,90,533,47970
201505272559984,NLBBL,44,44,100,999,99900
201505272559605,NLBBL,21,21,290,1000,290000
201505272560001,NLIC,5,6,10,2355,23550
201505272559965,NLIC,58,14,21,2330,48930
201505272559873,NLIC,17,14,10,2326,23260
201505272559871,NLIC,16,14,20,2315,46300
201505272559866,NLIC,45,14,96,2314,222144
201505272559861,NLIC,22,14,99,2315,229185
201505272559751,NLIC,17,44,11,2320,25520
201505272559731,NLIC,8,14,100,2320,232000
201505272559565,NLIC,17,45,249,2310,575190
201505272559676,NNLB,8,46,10,886,8860
201505272559671,NNLB,8,17,10,904,9040
201505272559662,NNLB,8,13,10,922,9220
201505272559920,NTC,17,5,160,565,90400
201505272559569,NTC,17,8,200,565,113000
201505272559547,NTC,17,8,100,564,56400
201505272559627,NTC,17,16,100,565,56500
201505272559739,NTC,17,7,100,570,57000
201505272559738,NTC,17,8,100,568,56800
201505272559737,NTC,17,26,70,566,39620
201505272559841,NTC,17,5,300,565,169500
201505272559862,NTC,49,5,20,564,11280
201505272559859,NTC,45,5,50,565,28250
201505272559857,NTC,17,5,500,560,280000
201505272559844,NTC,17,5,200,565,113000
201505272559997,PFL,50,13,252,294,74088
201505272559847,PFL,14,13,84,295,24780
201505272559843,PRVU,41,41,11,280,3080
201505272559819,PRVU,28,38,924,277,255948
201505272559810,PRVU,22,38,1216,275,334400
201505272559778,PRVU,22,21,130,279,36270
201505272559760,PRVU,38,14,184,276,50784
201505272559556,PRVU,38,48,500,276,138000
201505272559794,PURBL,45,45,181,272,49232
201505272559911,SANIMA,16,16,4000,458,1832000
201505272559907,SANIMA,47,43,244,463,112972
201505272559876,SANIMA,47,19,120,462,55440
201505272559786,SANIMA,8,38,800,457,365600
201505272559771,SANIMA,25,39,500,458,229000
201505272559745,SANIMA,17,16,288,461,132768
201505272559584,SANIMA,59,4,500,460,230000
201505272559744,SANIMA,17,50,120,461,55320
201505272559696,SANIMA,11,20,24,460,11040
201505272559652,SANIMA,59,41,25,460,11500
201505272559651,SANIMA,1,41,48,460,22080
201505272559649,SANIMA,36,41,42,461,19362
201505272559648,SANIMA,26,41,203,460,93380
201505272559945,SBI,53,6,263,765,201195
201505272559641,SBI,44,16,1000,765,765000
201505272559640,SBI,11,16,80,765,61200
201505272559639,SBI,22,16,300,766,229800
201505272560025,SBL,5,26,50,580,29000
201505272560004,SBL,53,35,500,580,290000
201505272560000,SBL,53,35,500,580,290000
201505272559952,SBL,39,58,120,575,69000
201505272559947,SBL,25,1,141,570,80370
201505272559943,SBL,25,1,91,575,52325
201505272559645,SBL,35,35,5000,580,2900000
201505272559608,SBL,56,6,1000,580,580000
201505272559602,SBL,54,28,122,580,70760
201505272559593,SBL,26,48,38,581,22078
201505272559590,SBL,26,48,40,581,23240
201505272559589,SBL,26,48,160,581,92960
201505272559755,SBL,6,6,260,579,150540
201505272559735,SBL,6,6,280,579,162120
201505272559709,SBL,20,34,82,580,47560
201505272559672,SBL,33,41,286,581,166166
201505272559666,SBL,6,32,30,579,17370
201505272559656,SBL,47,36,200,580,116000
201505272559929,SBL,11,1,24,576,13824
201505272559875,SBL,11,1,100,577,57700
201505272559863,SBL,54,7,290,576,167040
201505272559831,SBL,54,1,94,578,54332
201505272559798,SBL,25,38,500,575,287500
201505272559766,SBL,25,1,12,578,6936
201505272560030,SCB,3,38,77,1640,126280
201505272560021,SCB,22,26,60,1650,99000
201505272559976,SCB,3,19,10,1640,16400
201505272559975,SCB,53,19,200,1640,328000
201505272559974,SCB,14,19,100,1643,164300
201505272559973,SCB,8,19,100,1645,164500
201505272559782,SCB,19,36,17,1650,28050
201505272559769,SCB,20,26,61,1650,100650
201505272559740,SCB,17,36,46,1651,75946
201505272559736,SCB,21,36,97,1650,160050
201505272559703,SCB,17,34,25,1651,41275
201505272559912,SCB,28,36,132,1641,216612
201505272559849,SCB,14,36,200,1650,330000
201505272559839,SCB,14,36,200,1650,330000
201505272559836,SCB,26,38,100,1646,164600
201505272559797,SCB,1,22,11,1647,18117
201505272559972,SCB,17,19,40,1645,65800
201505272559971,SCB,14,19,10,1645,16450
201505272559970,SCB,21,19,10,1646,16460
201505272559969,SCB,45,19,20,1646,32920
201505272559968,SCB,11,19,10,1650,16500
201505272559964,SCB,21,13,50,1646,82300
201505272559936,SDBL,17,52,50,197,9850
201505272559756,SICL,56,41,20,523,10460
201505272559934,SMFDB,36,21,69,1250,86250
201505272560032,SRBL,20,52,262,323,84626
201505272559758,SRBL,42,8,130,323,41990
201505272559743,SRBL,20,8,81,324,26244
201505272559624,SRBL,47,8,50,325,16250
201505272559549,SRBL,37,52,114,324,36936
201505272559886,YETI,44,1,1030,115,118450
201505272559885,YETI,44,32,30,115,3450
201505272559715,YETI,22,34,71,113,8023
201505272559499,AHPC,17,42,500,265,132500
201505272559442,AHPC,32,11,23,264,6072
201505272559432,AHPC,5,13,97,265,25705
201505272559351,AHPC,53,47,1000,265,265000
201505272559277,AHPC,19,52,156,264,41184
201505272559063,AHPC,53,26,183,261,47763
201505272559155,AHPC,6,47,500,261,130500
201505272559149,AHPC,6,26,174,262,45588
201505272559125,AHPC,54,26,49,263,12887
201505272559112,AHPC,17,26,164,261,42804
201505272559108,AHPC,51,36,100,264,26400
201505272559106,AHPC,26,26,187,261,48807
201505272559508,BUDBL,59,47,100,165,16500
201505272559210,BUDBL,36,32,96,168,16128
201505272559209,BUDBL,36,38,310,168,52080
201505272559460,CCBL,50,45,306,254,77724
201505272559406,CCBL,50,50,1000,257,257000
201505272559400,CCBL,50,8,500,257,128500
201505272559371,CCBL,17,48,1000,255,255000
201505272559367,CCBL,59,48,1000,256,256000
201505272559340,CCBL,39,59,97,260,25220
201505272559065,CCBL,43,14,153,255,39015
201505272559324,CCBL,39,26,40,260,10400
201505272559320,CCBL,45,45,91,260,23660
201505272559312,CCBL,45,26,40,260,10400
201505272559101,CCBL,59,13,40,260,10400
201505272559100,CCBL,59,13,40,260,10400
201505272559365,CDBL,45,32,11,310,3410
201505272559315,CDBL,32,32,19,311,5909
201505272559303,CDBL,47,21,21,309,6489
201505272559250,CDBL,45,26,30,310,9300
201505272559064,CDBL,1,17,10,316,3160
201505272559060,CDBL,1,17,10,316,3160
201505272559054,CDBL,1,17,10,310,3100
201505272559538,CHCL,10,7,77,1248,96096
201505272559528,CHCL,10,45,100,1250,125000
201505272559524,CHCL,10,45,100,1250,125000
201505272559519,CHCL,10,44,100,1249,124900
201505272559513,CHCL,29,33,496,1249,619504
201505272559510,CHCL,21,26,30,1250,37500
201505272559093,CHCL,8,48,23,1270,29210
201505272559085,CHCL,7,29,200,1268,253600
201505272559046,CHCL,5,22,100,1268,126800
201505272559043,CHCL,5,48,18,1270,22860
201505272559173,CHCL,36,49,13,1262,16406
201505272559168,CHCL,41,54,200,1260,252000
201505272559163,CHCL,45,45,56,1260,70560
201505272559097,CHCL,41,39,200,1260,252000
201505272559096,CHCL,5,39,200,1260,252000
201505272559095,CHCL,8,48,23,1270,29210
201505272559212,CHCL,43,45,100,1260,126000
201505272559211,CHCL,43,6,200,1260,252000
201505272559203,CHCL,59,4,10,1260,12600
201505272559198,CHCL,29,33,493,1254,618222
201505272559192,CHCL,33,10,28,1260,35280
201505272559178,CHCL,17,32,100,1260,126000
201505272559272,CHCL,6,22,100,1258,125800
201505272559271,CHCL,20,22,100,1258,125800
201505272559270,CHCL,21,37,60,1259,75540
201505272559253,CHCL,21,10,28,1260,35280
201505272559249,CHCL,59,10,28,1260,35280
201505272559236,CHCL,14,36,38,1261,47918
201505272559308,CHCL,16,16,28,1259,35252
201505272559301,CHCL,45,29,19,1260,23940
201505272559294,CHCL,26,29,198,1255,248490
201505272559292,CHCL,14,10,28,1261,35308
201505272559289,CHCL,54,29,195,1255,244725
201505272559286,CHCL,5,22,200,1256,251200
201505272559349,CHCL,45,29,140,1250,175000
201505272559341,CHCL,26,29,200,1250,250000
201505272559329,CHCL,49,29,153,1250,191250
201505272559325,CHCL,5,29,100,1252,125200
201505272559317,CHCL,32,29,41,1255,51455
201505272559310,CHCL,42,42,254,1248,316992
201505272559359,CHCL,35,26,100,1250,125000
201505272559358,CHCL,53,26,20,1250,25000
201505272559357,CHCL,21,26,50,1250,62500
201505272559356,CHCL,29,26,30,1253,37590
201505272559355,CHCL,21,26,10,1259,12590
201505272559353,CHCL,21,58,50,1250,62500
201505272559427,CHCL,5,29,74,1247,92278
201505272559383,CHCL,53,19,100,1248,124800
201505272559379,CHCL,54,39,130,1245,161850
201505272559364,CHCL,16,29,300,1246,373800
201505272559361,CHCL,45,26,60,1250,75000
201505272559360,CHCL,28,26,100,1250,125000
201505272559477,CHCL,19,26,50,1250,62500
201505272559476,CHCL,56,22,110,1247,137170
201505272559466,CHCL,22,44,100,1248,124800
201505272559451,CHCL,19,44,100,1248,124800
201505272559443,CHCL,51,44,80,1246,99680
201505272559433,CHCL,29,19,121,1248,151008
201505272559509,CHCL,41,26,30,1250,37500
201505272559504,CHCL,29,19,72,1249,89928
201505272559502,CHCL,21,45,50,1250,62500
201505272559500,CHCL,19,45,100,1248,124800
201505272559488,CHCL,25,25,99,1247,123453
201505272559484,CHCL,19,44,100,1248,124800
201505272559520,CZBIL,45,39,300,370,111000
201505272559470,CZBIL,8,36,60,370,22200
201505272559468,CZBIL,57,36,80,370,29600
201505272559465,CZBIL,8,36,105,370,38850
201505272559463,CZBIL,13,36,119,370,44030
201505272559449,CZBIL,13,39,100,373,37300
201505272559267,CZBIL,53,49,10,374,3740
201505272559266,CZBIL,17,17,307,375,115125
201505272559257,CZBIL,53,49,10,381,3810
201505272559240,CZBIL,53,49,20,388,7760
201505272559183,CZBIL,20,1,10,395,3950
201505272559376,CZBIL,53,42,207,370,76590
201505272559372,CZBIL,53,50,470,370,173900
201505272559370,CZBIL,1,42,164,370,60680
201505272559307,CZBIL,51,43,527,370,194990
201505272559300,CZBIL,57,36,106,373,39538
201505272559274,CZBIL,17,17,227,374,84898
201505272559448,CZBIL,13,39,300,372,111600
201505272559431,CZBIL,11,49,63,370,23310
201505272559393,CZBIL,11,49,10,370,3700
201505272559391,CZBIL,43,42,270,372,100440
201505272559386,CZBIL,20,57,39,371,14469
201505272559378,CZBIL,53,1,130,370,48100
201505272559537,EBL,17,7,42,1750,73500
201505272559515,EBL,17,36,100,1755,175500
201505272559511,EBL,53,36,100,1752,175200
201505272559481,EBL,17,36,100,1752,175200
201505272559480,EBL,17,36,100,1750,175000
201505272559122,EBL,14,50,129,1739,224331
201505272559092,EBL,11,11,95,1730,164350
201505272559061,EBL,5,50,145,1735,251575
201505272559366,EBL,38,1,151,1740,262740
201505272559220,EBL,43,36,500,1740,870000
201505272559188,EBL,36,39,17,1755,29835
201505272559186,EBL,36,50,79,1750,138250
201505272559171,EBL,14,26,19,1734,32946
201505272559440,EBL,53,36,200,1756,351200
201505272559426,EBL,17,36,200,1756,351200
201505272559402,EBL,5,17,28,1755,49140
201505272559428,GBIME,1,52,162,396,64152
201505272559413,GBIME,34,40,200,390,78000
201505272559412,GBIME,53,40,500,390,195000
201505272559411,GBIME,21,40,100,390,39000
201505272559410,GBIME,55,40,100,391,39100
201505272559377,GBIME,53,54,500,390,195000
201505272559133,GBIME,21,47,400,390,156000
201505272559053,GBIME,26,41,113,385,43505
201505272559105,ILFC,28,22,10,181,1810
201505272559072,ILFC,28,22,10,184,1840
201505272559435,JBNL,58,43,233,229,53357
201505272559354,JBNL,39,57,405,225,91125
201505272559352,JBNL,16,57,167,228,38076
201505272559254,JBNL,5,43,17,230,3910
201505272559159,JBNL,35,57,543,228,123804
201505272559157,JBNL,26,57,119,229,27251
201505272559152,JBNL,26,44,500,230,115000
201505272559088,JBNL,35,55,670,232,155440
201505272559532,KBL,17,6,50,324,16200
201505272559512,KBL,17,59,58,330,19140
201505272559506,KBL,8,1,10,336,3360
201505272559497,KBL,10,47,20,336,6720
201505272559306,KCDBL,17,1,17,168,2856
201505272559193,KCDBL,17,29,17,168,2856
201505272559167,KCDBL,11,6,17,168,2856
201505272559161,KCDBL,14,6,10,168,1680
201505272559124,KCDBL,14,6,10,168,1680
201505272559121,KCDBL,17,6,10,168,1680
201505272559055,KCDBL,17,1,17,169,2873
201505272559116,KCDBL,14,6,30,168,5040
201505272559111,KCDBL,17,6,10,168,1680
201505272559104,KCDBL,34,19,90,168,15120
201505272559068,KCDBL,14,1,17,168,2856
201505272559066,KCDBL,14,19,17,168,2856
201505272559056,KCDBL,14,29,17,168,2856
201505272559118,KDBL,28,20,74,126,9324
201505272559505,KFL,28,58,550,141,77550
201505272559408,KFL,13,58,576,141,81216
201505272559196,KFL,28,45,1000,139,139000
201505272559189,KFL,28,45,78,141,10998
201505272559535,LBL,49,49,246,454,111684
201505272559380,LBL,43,34,400,455,182000
201505272559314,LBL,22,4,150,452,67800
201505272559302,LBL,58,32,171,457,78147
201505272559276,LBL,38,4,150,455,68250
201505272559258,LBL,38,22,162,455,73710
201505272559213,LBL,32,45,76,456,34656
201505272559182,LBL,21,34,153,455,69615
201505272559114,LBL,43,16,132,453,59796
201505272559071,LBL,58,39,115,450,51750
201505272559049,LBL,59,47,200,450,90000
201505272559268,LGIL,5,5,18,310,5580
201505272559264,LGIL,5,25,10,316,3160
201505272559263,LGIL,5,1,10,316,3160
201505272559187,LICN,59,33,100,1930,193000
201505272559132,LICN,53,39,50,1901,95050
201505272559529,MBL,22,6,61,463,28243
201505272559516,MBL,6,26,160,461,73760
201505272559454,MBL,49,49,200,462,92400
201505272559444,MBL,53,29,500,462,231000
201505272559381,MBL,13,48,130,463,60190
201505272559348,MBL,16,48,100,462,46200
201505272559099,MBL,59,39,100,463,46300
201505272559074,MBL,59,34,127,465,59055
201505272559069,MBL,36,11,140,462,64680
201505272559062,MBL,36,26,193,465,89745
201505272559051,MBL,53,47,447,470,210090
201505272559139,MBL,59,6,156,462,72072
201505272559135,MBL,59,50,42,462,19404
201505272559128,MBL,22,50,102,462,47124
201505272559126,MBL,59,50,248,462,114576
201505272559120,MBL,10,47,900,460,414000
201505272559113,MBL,59,47,72,463,33336
201505272559207,MBL,22,49,100,465,46500
201505272559190,MBL,49,49,2500,456,1140000
201505272559179,MBL,59,50,396,465,184140
201505272559174,MBL,17,47,200,461,92200
201505272559153,MBL,59,6,247,462,114114
201505272559150,MBL,1,6,500,460,230000
201505272559347,MBL,22,48,100,462,46200
201505272559346,MBL,36,48,30,462,13860
201505272559262,MBL,13,13,168,463,77784
201505272559261,MBL,13,13,200,463,92600
201505272559242,MBL,49,49,200,465,93000
201505272559234,MBL,21,13,200,462,92400
201505272559527,MDBL,43,21,76,206,15656
201505272559305,MLBBL,36,11,13,912,11856
201505272559536,NABIL,16,16,21,1604,33684
201505272559514,NABIL,29,16,45,1610,72450
201505272559469,NABIL,7,55,145,1604,232580
201505272559462,NABIL,48,5,53,1615,85595
201505272559382,NABIL,43,5,200,1603,320600
201505272559344,NABIL,43,55,290,1608,466320
201505272559115,NABIL,11,48,50,1615,80750
201505272559103,NABIL,51,1,20,1617,32340
201505272559335,NABIL,43,49,105,1640,172200
201505272559333,NABIL,43,49,10,1640,16400
201505272559332,NABIL,43,32,120,1640,196800
201505272559288,NABIL,7,48,40,1616,64640
201505272559259,NABIL,57,57,125,1615,201875
201505272559131,NABIL,8,8,390,1585,618150
201505272559485,NABILP,17,32,96,1155,110880
201505272559164,NABILP,53,13,500,1160,580000
201505272559405,NABILP,17,13,200,1155,231000
201505272559404,NABILP,28,13,400,1156,462400
201505272559375,NABILP,43,55,89,1157,102973
201505272559521,NBB,53,7,150,408,61200
201505272559489,NBB,32,32,200,407,81400
201505272559486,NBB,32,32,200,407,81400
201505272559467,NBB,11,32,500,407,203500
201505272559464,NBB,26,26,500,406,203000
201505272559081,NBB,42,48,11,405,4455
201505272559059,NBB,25,48,15,405,6075
201505272559047,NBB,21,16,500,404,202000
201505272559226,NBB,32,17,1000,407,407000
201505272559156,NBB,21,47,300,405,121500
201505272559138,NBB,33,44,34,405,13770
201505272559102,NBB,6,16,1000,404,404000
201505272559084,NBB,6,17,500,407,203500
201505272559082,NBB,42,48,11,405,4455
201505272559318,NBB,22,52,160,407,65120
201505272559313,NBB,36,55,250,406,101500
201505272559237,NBB,21,26,200,407,81400
201505272559233,NBB,32,16,500,408,204000
201505272559229,NBB,32,38,551,407,224257
201505272559227,NBB,16,16,1000,405,405000
201505272559395,NBB,54,36,410,405,166050
201505272559389,NBB,10,39,500,405,202500
201505272559388,NBB,10,36,500,405,202500
201505272559373,NBB,19,36,300,405,121500
201505272559323,NBB,22,39,16,407,6512
201505272559322,NBB,32,22,1000,406,406000
201505272559455,NBB,54,32,100,407,40700
201505272559441,NBB,16,16,200,406,81200
201505272559439,NBB,17,17,33,408,13464
201505272559399,NBB,21,36,90,405,36450
201505272559396,NBB,36,39,210,406,85260
201505272559483,NBL,10,57,500,238,119000
201505272559479,NBL,13,57,400,239,95600
201505272559478,NBL,45,57,100,239,23900
201505272559446,NBL,16,16,2000,238,476000
201505272559418,NBL,10,48,30,238,7140
201505272559417,NBL,28,48,200,238,47600
201505272559140,NBL,42,47,200,241,48200
201505272559057,NBL,28,48,200,238,47600
201505272559052,NBL,32,32,300,241,72300
201505272559416,NBL,22,48,500,239,119500
201505272559415,NBL,17,48,200,239,47800
201505272559414,NBL,38,48,70,240,16800
201505272559256,NBL,38,32,100,240,24000
201505272559142,NBL,38,47,330,240,79200
201505272559141,NBL,38,47,250,240,60000
201505272559523,NIB,5,13,20,606,12120
201505272559493,NIB,29,29,54,618,33372
201505272559487,NIB,51,22,100,618,61800
201505272559474,NIB,51,36,100,630,63000
201505272559445,NIB,43,28,2644,642,1697448
201505272559434,NIB,43,14,83,644,53452
201505272559421,NIB,29,22,20,655,13100
201505272559248,NIB,5,22,10,657,6570
201505272559280,NIBPO,53,32,265,450,119250
201505272559255,NIBPO,59,14,500,448,224000
201505272559246,NIBPO,17,14,320,450,144000
201505272559241,NIBPO,17,32,180,450,81000
201505272559239,NIBPO,58,14,500,450,225000
201505272559525,NICA,35,16,500,530,265000
201505272559501,NICA,35,16,500,530,265000
201505272559475,NICA,54,55,190,530,100700
201505272559472,NICA,44,55,500,530,265000
201505272559471,NICA,38,17,20,535,10700
201505272559394,NICA,17,17,754,534,402636
201505272559180,NICA,38,49,24,535,12840
201505272559154,NICA,17,26,20,545,10900
201505272559130,NICA,59,6,350,540,189000
201505272559123,NICA,59,43,250,540,135000
201505272559087,NICA,59,14,457,544,248608
201505272559222,NICA,17,13,100,540,54000
201505272559219,NICA,17,26,204,540,110160
201505272559218,NICA,17,38,25,539,13475
201505272559204,NICA,53,13,500,533,266500
201505272559194,NICA,17,26,100,540,54000
201505272559181,NICA,17,49,18,545,9810
201505272559350,NICA,40,13,107,534,57138
201505272559343,NICA,42,13,90,536,48240
201505272559339,NICA,38,13,180,535,96300
201505272559311,NICA,35,14,761,532,404852
201505272559278,NICA,22,5,200,536,107200
201505272559238,NICA,40,13,100,543,54300
201505272559420,NILPO,10,58,10,312,3120
201505272559110,NILPO,10,58,10,318,3180
201505272559107,NILPO,10,58,10,324,3240
201505272559450,NLBBL,44,44,100,1000,100000
201505272559430,NLBBL,21,45,54,998,53892
201505272559422,NLBBL,21,45,34,1018,34612
201505272559409,NLBBL,10,45,19,1020,19380
201505272559392,NLBBL,53,55,92,1020,93840
201505272559297,NLBBL,8,10,20,1038,20760
201505272559503,NLIC,22,44,25,2325,58125
201505272559086,NLIC,38,45,50,2350,117500
201505272559080,NLIC,19,6,10,2360,23600
201505272559079,NLIC,17,6,20,2350,47000
201505272559075,NLIC,57,6,100,2350,235000
201505272559073,NLIC,11,6,130,2352,305760
201505272559044,NLIC,17,52,107,2355,251985
201505272559539,NTC,17,8,400,565,226000
201505272559419,NTC,17,26,105,570,59850
201505272559453,NUBL,21,17,100,1031,103100
201505272559452,NUBL,53,17,200,1030,206000
201505272559368,NUBL,21,10,50,1050,52500
201505272559299,NUBL,53,44,200,1050,210000
201505272559291,NUBL,8,44,20,1056,21120
201505272559265,NUBL,21,21,80,1048,83840
201505272559247,NUBL,21,21,158,1069,168902
201505272559165,NUBL,8,22,20,1077,21540
201505272559260,PFL,50,32,100,300,30000
201505272559177,PROFL,36,36,160,166,26560
201505272559398,PRVU,14,49,11,279,3069
201505272559331,PRVU,7,10,500,280,140000
201505272559328,PRVU,20,49,100,283,28300
201505272559326,PRVU,11,10,500,280,140000
201505272559321,PRVU,39,10,500,282,141000
201505272559316,PRVU,54,10,1000,280,280000
201505272559202,PRVU,38,14,1000,283,283000
201505272559172,PRVU,22,56,465,284,132060
201505272559109,PRVU,28,1,29,283,8207
201505272559283,PRVU,20,49,150,283,42450
201505272559282,PRVU,59,49,500,283,141500
201505272559281,PRVU,52,49,350,284,99400
201505272559230,PRVU,28,47,11,285,3135
201505272559228,PRVU,53,47,72,285,20520
201505272559225,PRVU,28,47,140,285,39900
201505272559200,PURBL,4,45,200,270,54000
201505272559438,RBS,49,49,21,5249,110229
201505272559170,RBS,32,32,37,5200,192400
201505272559526,SANIMA,17,32,427,460,196420
201505272559507,SANIMA,17,58,371,461,171031
201505272559496,SANIMA,21,16,200,462,92400
201505272559495,SANIMA,16,16,100,462,46200
201505272559494,SANIMA,44,16,280,463,129640
201505272559482,SANIMA,43,33,1207,462,557634
201505272559185,SANIMA,17,21,100,465,46500
201505272559146,SANIMA,14,14,500,465,232500
201505272559119,SANIMA,6,51,100,465,46500
201505272559424,SANIMA,44,16,220,463,101860
201505272559423,SANIMA,44,33,374,463,173162
201505272559279,SANIMA,21,1,228,462,105336
201505272559235,SANIMA,6,6,500,463,231500
201505272559232,SANIMA,38,6,453,464,210192
201505272559199,SANIMA,58,34,200,465,93000
201505272559456,SBI,11,7,15,780,11700
201505272559407,SBI,17,36,66,781,51546
201505272559245,SBI,41,16,1000,775,775000
201505272559244,SBI,25,16,30,775,23250
201505272559243,SBI,36,16,50,790,39500
201505272559522,SBL,33,50,245,582,142590
201505272559498,SBL,41,36,200,583,116600
201505272559490,SBL,53,16,627,582,364914
201505272559459,SBL,53,36,200,585,117000
201505272559458,SBL,26,36,80,585,46800
201505272559457,SBL,54,36,100,586,58600
201505272559070,SBL,53,21,528,590,311520
201505272559067,SBL,53,21,103,590,60770
201505272559137,SBL,53,28,122,590,71980
201505272559136,SBL,53,50,200,590,118000
201505272559127,SBL,59,59,96,588,56448
201505272559094,SBL,56,22,224,590,132160
201505272559090,SBL,56,22,300,590,177000
201505272559083,SBL,56,51,100,590,59000
201505272559252,SBL,45,26,50,587,29350
201505272559231,SBL,53,26,228,589,134292
201505272559215,SBL,17,26,400,589,235600
201505272559160,SBL,39,39,264,589,155496
201505272559148,SBL,53,28,122,590,71980
201505272559143,SBL,53,28,59,590,34810
201505272559295,SBL,33,50,388,585,226980
201505272559287,SBL,11,26,67,587,39329
201505272559285,SBL,26,55,100,585,58500
201505272559284,SBL,40,6,182,586,106652
201505272559275,SBL,14,50,500,585,292500
201505272559273,SBL,14,26,190,589,111910
201505272559338,SBL,14,50,300,586,175800
201505272559337,SBL,58,26,36,588,21168
201505272559334,SBL,53,50,270,585,157950
201505272559319,SBL,26,32,20,585,11700
201505272559298,SBL,6,6,638,583,371954
201505272559296,SBL,58,55,122,585,71370
201505272559543,SCB,17,13,11,1651,18161
201505272559437,SCB,53,38,250,1660,415000
201505272559436,SCB,53,14,20,1655,33100
201505272559336,SCB,20,26,20,1650,33000
201505272559309,SCB,53,51,200,1656,331200
201505272559304,SCB,53,51,69,1656,114264
201505272559158,SCB,22,14,37,1659,61383
201505272559129,SCB,21,13,52,1657,86164
201505272559098,SCB,3,13,71,1647,116937
201505272559077,SCB,17,1,110,1645,180950
201505272559045,SCB,45,14,30,1646,49380
201505272559293,SCB,53,46,500,1655,827500
201505272559251,SCB,53,21,179,1655,296245
201505272559216,SCB,5,13,31,1664,51584
201505272559197,SCB,16,4,35,1651,57785
201505272559184,SCB,19,34,81,1647,133407
201505272559191,SDBL,17,16,31,201,6231
201505272559534,SKBBL,26,1,10,1082,10820
201505272559533,SKBBL,7,1,10,1082,10820
201505272559473,SKBBL,26,6,19,1082,20558
201505272559461,SKBBL,16,5,29,1082,31378
201505272559269,SKBBL,53,39,96,1082,103872
201505272559223,SKBBL,21,5,29,1082,31378
201505272559169,SKBBL,3,39,16,1082,17312
201505272559166,SKBBL,3,1,19,1082,20558
201505272559058,SKBBL,39,39,10,1082,10820
201505272559050,SKBBL,53,39,200,1082,216400
201505272559221,SKBBL,3,34,16,1082,17312
201505272559217,SKBBL,21,39,17,1082,18394
201505272559208,SKBBL,21,19,198,1082,214236
201505272559206,SKBBL,21,46,48,1082,51936
201505272559205,SKBBL,21,5,64,1082,69248
201505272559201,SKBBL,21,46,75,1082,81150
201505272559195,SMFDB,22,6,90,1275,114750
201505272559518,SRBL,45,43,35,326,11410
201505272559447,SRBL,33,33,2500,320,800000
201505272559330,SRBL,37,39,80,325,26000
201505272559327,SRBL,37,39,100,325,32500
201505272559176,SRBL,21,21,10,327,3270
201505272559175,SRBL,21,6,10,327,3270
201505272559076,SRBL,26,48,14,324,4536
201505272559403,YETI,40,1,23,114,2622
201505272559401,YETI,47,16,1000,113,113000
201505272559397,YETI,13,16,2000,113,226000
201505272559390,YETI,40,49,20,114,2280
201505272559387,YETI,40,49,20,114,2280
201505272559385,YETI,40,49,20,114,2280
201505272559091,YETI,11,11,70,113,7910
201505272559089,YETI,13,16,2000,114,228000
201505272559384,YETI,40,49,20,114,2280
201505272559345,YETI,40,45,60,114,6840
201505272559342,YETI,22,8,473,114,53922
201505272559162,YETI,44,20,1913,113,216169
201505272559151,YETI,44,7,30,113,3390
201505272559147,YETI,44,7,30,113,3390
201505272559028,AHPC,43,46,100,260,26000
201505272559001,AHPC,6,26,236,255,60180
201505272558982,AHPC,43,26,167,260,43420
201505272558971,AHPC,49,26,187,265,49555
201505272558961,AHPC,49,49,100,265,26500
201505272558949,AHPC,55,52,500,265,132500
201505272558795,AHPC,6,6,46,275,12650
201505272558791,AHPC,6,6,46,275,12650
201505272558788,AHPC,17,52,200,270,54000
201505272558787,AHPC,17,52,180,270,48600
201505272558819,AHPC,6,6,46,273,12558
201505272558818,AHPC,17,39,100,268,26800
201505272558813,AHPC,6,6,46,273,12558
201505272558811,AHPC,14,5,46,270,12420
201505272558806,AHPC,6,26,45,273,12285
201505272558800,AHPC,6,6,46,278,12788
201505272558835,AHPC,6,6,90,273,24570
201505272558833,AHPC,6,6,90,273,24570
201505272558828,AHPC,6,6,90,273,24570
201505272558824,AHPC,6,6,90,273,24570
201505272558823,AHPC,6,6,46,273,12558
201505272558820,AHPC,6,6,46,273,12558
201505272558919,AHPC,49,26,168,263,44184
201505272558908,AHPC,17,39,20,268,5360
201505272558905,AHPC,4,39,200,268,53600
201505272558878,AHPC,21,26,145,268,38860
201505272558867,AHPC,21,13,200,268,53600
201505272558866,AHPC,17,26,188,273,51324
201505272559009,APEX,44,39,20,127,2540
201505272558942,ARDBL,44,22,21,192,4032
201505272558936,CCBL,25,21,100,260,26000
201505272558877,CCBL,33,21,494,255,125970
201505272558783,CCBL,49,52,40,255,10200
201505272559042,CDBL,1,21,15,310,4650
201505272559020,CDBL,1,21,15,316,4740
201505272559007,CDBL,1,39,10,322,3220
201505272559004,CDBL,1,39,10,322,3220
201505272558997,CDBL,1,17,13,328,4264
201505272559033,CHCL,5,57,100,1269,126900
201505272558983,CHCL,6,6,239,1270,303530
201505272558960,CHCL,5,33,245,1269,310905
201505272558939,CHCL,7,14,23,1252,28796
201505272558937,CHCL,33,33,1459,1230,1794570
201505272558931,CHCL,29,14,23,1253,28819
201505272558814,CHCL,29,39,56,1244,69664
201505272558804,CHCL,6,19,87,1244,108228
201505272558789,CHCL,16,16,2062,1240,2556880
201505272558899,CHCL,7,40,18,1251,22518
201505272558857,CHCL,6,50,358,1245,445710
201505272558854,CHCL,45,33,113,1244,140572
201505272558842,CHCL,42,42,294,1244,365736
201505272558836,CHCL,42,33,109,1244,135596
201505272558821,CHCL,29,19,202,1244,251288
201505272559019,EBL,38,39,183,1735,317505
201505272559017,EBL,38,50,31,1734,53754
201505272558981,EBL,14,50,200,1725,345000
201505272558953,EBL,5,50,65,1719,111735
201505272558945,EBL,21,14,13,1720,22360
201505272558902,EBL,5,36,72,1715,123480
201505272558896,EBL,20,36,90,1715,154350
201505272558895,EBL,25,36,110,1720,189200
201505272558892,EBL,25,49,16,1734,27744
201505272558891,EBL,25,49,24,1734,41616
201505272558886,EBL,14,14,211,1720,362920
201505272558976,GBIME,22,32,316,383,121028
201505272558962,GBIME,39,32,300,383,114900
201505272558918,GDBL,55,55,3000,314,942000
201505272558883,IDBL,8,17,20,176,3520
201505272559031,ILFC,28,1,10,187,1870
201505272558925,ILFC,28,17,10,190,1900
201505272558901,ILFC,28,17,10,193,1930
201505272558894,ILFC,28,17,10,196,1960
201505272558963,JBNL,43,34,181,230,41630
201505272558785,JBNL,26,52,106,229,24274
201505272559023,KCDBL,14,29,90,168,15120
201505272559013,KCDBL,17,29,17,171,2907
201505272558957,KCDBL,14,41,299,171,51129
201505272558921,KCDBL,17,39,11,174,1914
201505272558903,KCDBL,11,16,17,177,3009
201505272558855,KCDBL,11,11,17,180,3060
201505272558802,KCDBL,11,39,15,183,2745
201505272558889,KDBL,28,5,27,128,3456
201505272559018,LBL,59,21,690,452,311880
201505272558989,LBL,39,57,126,451,56826
201505272558944,LBL,59,49,50,459,22950
201505272558885,LBL,39,16,200,468,93600
201505272558884,LBL,39,49,45,465,20925
201505272558870,LBL,59,49,15,468,7020
201505272558987,LICN,59,33,500,1880,940000
201505272558967,LICN,6,16,310,1916,593960
201505272558966,LICN,57,16,150,1916,287400
201505272558965,LICN,14,16,50,1917,95850
201505272558964,LICN,45,16,50,1920,96000
201505272558915,LICN,59,22,150,1955,293250
201505272558913,LICN,59,20,34,1950,66300
201505272558864,LICN,59,16,20,1955,39100
201505272558829,LICN,59,16,20,1994,39880
201505272558790,LICN,59,32,20,2034,40680
201505272558856,LUBL,26,16,96,306,29376
201505272558849,LUBL,26,46,155,306,47430
201505272558845,LUBL,26,17,14,306,4284
201505272558844,LUBL,26,36,100,306,30600
201505272558799,LUBL,59,11,20,306,6120
201505272558798,LUBL,59,11,20,310,6200
201505272558797,LUBL,59,11,20,316,6320
201505272558796,LUBL,59,11,20,322,6440
201505272558793,LUBL,59,11,20,328,6560
201505272558792,LUBL,59,32,20,334,6680
201505272559040,MBL,58,1,100,472,47200
201505272559037,MBL,58,25,443,472,209096
201505272558969,MBL,14,14,500,481,240500
201505272558959,MBL,57,1,100,478,47800
201505272558929,MBL,57,59,100,470,47000
201505272558858,MBL,59,17,20,478,9560
201505272558846,MBL,59,17,20,487,9740
201505272558827,MBL,59,49,20,496,9920
201505272558923,MDB,25,47,24,400,9600
201505272558801,METRO,44,44,20,342,6840
201505272558977,MMDBL,44,44,10,905,9050
201505272559030,NBB,14,48,80,405,32400
201505272558935,NBB,14,5,100,405,40500
201505272558934,NBB,14,46,100,405,40500
201505272558933,NBB,14,1,180,405,72900
201505272558932,NBB,14,1,20,405,8100
201505272558909,NBB,32,34,1500,404,606000
201505272558907,NBB,32,29,105,404,42420
201505272558904,NBB,32,49,92,403,37076
201505272558826,NBB,39,21,150,404,60600
201505272558822,NBB,14,45,10,400,4000
201505272558784,NBB,34,25,160,397,63520
201505272558808,NBBL,26,26,10,1484,14840
201505272558803,NBBL,26,26,10,1514,15140
201505272558984,NIBPO,53,14,100,454,45400
201505272559032,NICA,55,55,37,534,19758
201505272558990,NICA,59,55,169,541,91429
201505272558968,NICA,59,47,70,552,38640
201505272559039,NLIC,17,25,127,2355,299085
201505272558958,NLIC,8,45,200,2360,472000
201505272559021,PRVU,10,10,500,285,142500
201505272558979,PRVU,45,49,200,285,57000
201505272558978,PRVU,38,49,500,286,143000
201505272558922,PRVU,49,49,120,286,34320
201505272559036,RBS,32,55,20,5200,104000
201505272559041,SANIMA,51,47,683,460,314180
201505272559038,SANIMA,59,22,500,465,232500
201505272559034,SANIMA,59,50,302,465,140430
201505272559024,SANIMA,51,58,300,463,138900
201505272559022,SANIMA,59,7,200,462,92400
201505272559015,SANIMA,26,41,31,462,14322
201505272558834,SANIMA,8,39,138,468,64584
201505272558817,SANIMA,8,25,200,476,95200
201505272558816,SANIMA,8,52,38,476,18088
201505272558812,SANIMA,57,22,75,476,35700
201505272558865,SANIMA,59,47,1000,460,460000
201505272558848,SANIMA,57,29,420,467,196140
201505272558847,SANIMA,57,29,200,468,93600
201505272558841,SANIMA,59,47,10,476,4760
201505272558840,SANIMA,57,20,200,468,93600
201505272558838,SANIMA,57,25,50,467,23350
201505272558882,SANIMA,57,47,916,455,416780
201505272558880,SANIMA,36,47,102,460,46920
201505272558879,SANIMA,35,50,200,460,92000
201505272558874,SANIMA,59,47,137,460,63020
201505272558872,SANIMA,57,20,393,467,183531
201505272558869,SANIMA,57,49,56,465,26040
201505272558928,SANIMA,25,47,316,455,143780
201505272558926,SANIMA,53,29,500,454,227000
201505272558917,SANIMA,59,14,253,457,115621
201505272558911,SANIMA,25,29,500,452,226000
201505272558910,SANIMA,59,54,405,458,185490
201505272558898,SANIMA,57,21,278,455,126490
201505272558985,SANIMA,58,16,296,458,135568
201505272558970,SANIMA,17,16,200,456,91200
201505272558951,SANIMA,59,58,500,460,230000
201505272558950,SANIMA,59,38,500,460,230000
201505272558940,SANIMA,53,29,819,459,375921
201505272558938,SANIMA,17,29,196,456,89376
201505272559014,SANIMA,26,41,210,462,97020
201505272559012,SANIMA,59,58,315,462,145530
201505272559006,SANIMA,26,13,250,461,115250
201505272559003,SANIMA,26,21,26,461,11986
201505272558993,SANIMA,59,38,500,460,230000
201505272558991,SANIMA,59,47,1103,460,507380
201505272558888,SBI,14,14,500,790,395000
201505272559016,SBL,39,21,112,589,65968
201505272559008,SBL,59,19,500,588,294000
201505272558998,SBL,56,6,572,589,336908
201505272558996,SBL,56,13,367,588,215796
201505272558974,SBL,53,19,300,590,177000
201505272558956,SBL,6,6,469,590,276710
201505272558893,SBL,39,39,22,597,13134
201505272558852,SBL,39,32,33,609,20097
201505272558947,SBL,17,21,200,580,116000
201505272558927,SBL,39,6,26,586,15236
201505272558924,SBL,56,44,92,579,53268
201505272558920,SBL,11,54,37,587,21719
201505272558914,SBL,14,14,382,590,225380
201505272558900,SBL,43,1,50,597,29850
201505272558916,SCB,53,5,50,1650,82500
201505272558906,SCB,20,40,76,1650,125400
201505272558881,SCB,57,34,194,1642,318548
201505272558825,SCB,57,19,440,1675,737000
201505272558807,SCB,3,22,43,1700,73100
201505272558794,SCB,22,26,13,1701,22113
201505272558786,SCB,3,26,10,1734,17340
201505272558954,SICL,56,41,20,533,10660
201505272558887,SICL,56,1,12,543,6516
201505272558853,SICL,56,41,20,554,11080
201505272558843,SICL,56,41,10,565,5650
201505272559035,SKBBL,13,33,100,1082,108200
201505272559011,SKBBL,26,36,376,1082,406832
201505272559010,SKBBL,48,5,97,1082,104954
201505272559005,SKBBL,26,5,50,1087,54350
201505272559002,SKBBL,26,34,99,1082,107118
201505272559000,SKBBL,53,14,233,1082,252106
201505272558955,SKBBL,14,14,500,1154,577000
201505272558952,SKBBL,26,1,10,1132,11320
201505272558943,SKBBL,53,39,20,1155,23100
201505272558930,SKBBL,53,6,24,1178,28272
201505272558999,SKBBL,59,1,15,1100,16500
201505272558994,SKBBL,48,33,100,1087,108700
201505272558988,SKBBL,48,20,66,1100,72600
201505272558980,SKBBL,11,1,100,1109,110900
201505272558975,SKBBL,26,50,50,1109,55450
201505272558972,SKBBL,11,34,16,1131,18096
201505272558868,SLICL,6,8,15,475,7125
201505272558863,SLICL,59,8,30,475,14250
201505272558830,SLICL,59,25,34,484,16456
201505272558815,SLICL,59,26,16,493,7888
201505272558810,SLICL,59,26,16,503,8048
201505272558805,SLICL,59,52,34,513,17442
201505272558995,SRBL,22,52,252,326,82152
201505272558992,SRBL,58,21,99,325,32175
201505272558973,SRBL,52,52,509,324,164916
201505272558948,SRBL,50,50,94,323,30362
201505272558873,SRBL,22,39,158,322,50876
201505272558861,SRBL,36,39,120,319,38280
201505272558772,SRBL,1,1,17,327,5559
201505272558771,SRBL,1,1,89,327,29103
201505272558770,SRBL,1,1,89,327,29103
201505272558769,SRBL,1,1,89,327,29103
201505272558778,SRBL,1,1,17,327,5559
201505272558777,SRBL,1,1,17,327,5559
201505272558776,SRBL,1,1,17,327,5559
201505272558775,SRBL,1,1,17,327,5559
201505272558774,SRBL,1,1,17,327,5559
201505272558773,SRBL,1,1,17,327,5559
201505272558839,SRBL,48,39,143,317,45331
201505272558809,SRBL,56,11,13,322,4186
201505272558782,SRBL,1,1,53,327,17331
201505272558781,SRBL,1,1,53,327,17331
201505272558780,SRBL,1,1,17,327,5559
201505272558779,SRBL,1,1,17,327,5559
201505272558912,SUPRME,44,44,11,160,1760
201505272558890,SUPRME,44,39,11,157,1727
201505272558862,SUPRME,44,44,11,160,1760
201505272558851,SUPRME,44,44,11,160,1760
201505272558831,SUPRME,44,44,11,160,1760
