contract,symbol,buyer,seller,qty,rate,amt
201503022505404,ACEDBL,52,42,153,268,41004
201503022505109,ACEDBL,35,25,1241,270,335070
201503022505070,ACEDBL,49,49,3000,265,795000
201503022505386,ADBL,17,41,32,480,15360
201503022505345,ADBL,5,19,90,483,43470
201503022505291,AHPC,8,11,1000,351,351000
201503022505279,AHPC,8,5,900,350,315000
201503022505191,AIC,28,25,1000,400,400000
201503022505175,AIC,10,25,1000,400,400000
201503022505235,ALDBL,14,14,110,300,33000
201503022505354,ALICL,47,7,89,1245,110805
201503022505198,ALICL,26,26,80,1240,99200
201503022505285,APEX,1,51,100,131,13100
201503022505186,APEX,53,6,91,131,11921
201503022505068,APEX,53,26,599,130,77870
201503022504935,APEX,1,17,500,131,65500
201503022504927,APEX,11,26,646,131,84626
201503022505257,ARDBL,38,38,111,213,23643
201503022505242,ARDBL,38,1,189,209,39501
201503022505236,ARDBL,38,1,52,207,10764
201503022505233,ARDBL,38,38,30,204,6120
201503022505230,ARDBL,38,50,252,202,50904
201503022505204,ARDBL,39,50,468,200,93600
201503022505184,ARDBL,39,50,400,200,80000
201503022505179,ARDBL,39,50,500,200,100000
201503022505071,ARDBL,43,8,260,200,52000
201503022505062,ARDBL,10,50,181,201,36381
201503022505022,BLDBL,51,11,96,350,33600
201503022504971,BPCL,25,55,148,630,93240
201503022504984,BUDBL,47,10,662,234,154908
201503022505421,CBBL,45,38,105,1698,178290
201503022505399,CBBL,45,17,24,1698,40752
201503022505384,CBBL,26,46,126,1695,213570
201503022505363,CBBL,45,7,32,1696,54272
201503022505423,CBL,54,25,80,313,25040
201503022505403,CBL,54,40,105,309,32445
201503022505396,CBL,54,25,135,309,41715
201503022505388,CBL,54,38,815,308,251020
201503022505378,CBL,54,40,41,306,12546
201503022505370,CBL,54,11,5557,306,1700442
201503022504954,CCBL,42,6,500,325,162500
201503022504952,CCBL,42,28,28,325,9100
201503022504951,CCBL,42,28,23,325,7475
201503022504947,CCBL,42,28,21,325,6825
201503022505335,CFCL,6,1,500,230,115000
201503022505310,CFCL,45,17,300,230,69000
201503022505217,CFCL,6,1,665,230,152950
201503022505212,CFCL,6,1,166,230,38180
201503022505114,CFCL,6,36,18,228,4104
201503022505107,CFCL,6,36,18,228,4104
201503022505086,CFCL,6,14,1000,227,227000
201503022505087,CHCL,5,11,21,1625,34125
201503022505050,CIT,13,45,45,3650,164250
201503022505036,CIT,21,21,90,3650,328500
201503022504972,CIT,19,51,12,3660,43920
201503022505397,CNDBL,1,39,70,186,13020
201503022505371,CNDBL,1,45,2000,185,370000
201503022505207,CNDBL,41,11,20,183,3660
201503022505281,CSDBL,26,51,73,292,21316
201503022505262,CSDBL,50,51,73,293,21389
201503022505089,CSDBL,50,51,292,295,86140
201503022505392,CZBIL,50,38,282,470,132540
201503022505156,CZBIL,50,20,130,473,61490
201503022505066,CZBIL,50,8,500,473,236500
201503022504986,CZBIL,45,38,168,473,79464
201503022504936,CZBIL,50,53,200,472,94400
201503022504934,CZBIL,50,1,130,471,61230
201503022505342,DDBL,44,44,500,1250,625000
201503022505052,DDBL,14,1,500,1245,622500
201503022505412,EBL,43,49,200,2130,426000
201503022505411,EBL,17,49,100,2131,213100
201503022505402,EBL,14,28,100,2136,213600
201503022505346,EBL,33,28,100,2135,213500
201503022505251,EBL,28,49,288,2131,613728
201503022504997,EBL,43,4,30,2145,64350
201503022504949,EBL,33,49,200,2140,428000
201503022505244,EBL,28,49,700,2131,1491700
201503022505197,EBL,34,44,200,2140,428000
201503022505227,EBLCP,7,26,42,1029,43218
201503022504955,EBLCP,20,40,30,1050,31500
201503022505274,EKBL,42,50,500,285,142500
201503022505063,EKBL,39,39,32,282,9024
201503022505056,EKBL,39,39,50,282,14100
201503022505049,EKBL,39,39,50,282,14100
201503022505048,EKBL,39,39,50,282,14100
201503022505042,EKBL,42,39,50,282,14100
201503022504974,EKBL,39,39,50,284,14200
201503022504973,EKBL,39,39,50,284,14200
201503022504981,EKBL,39,39,50,284,14200
201503022504979,EKBL,39,39,50,284,14200
201503022504978,EKBL,39,39,50,284,14200
201503022504977,EKBL,39,39,50,284,14200
201503022504976,EKBL,39,39,50,284,14200
201503022504975,EKBL,39,39,50,284,14200
201503022504993,EKBL,39,39,50,282,14100
201503022504992,EKBL,39,39,50,282,14100
201503022504991,EKBL,39,39,50,282,14100
201503022504990,EKBL,39,39,50,282,14100
201503022504987,EKBL,45,39,32,283,9056
201503022504982,EKBL,39,39,50,284,14200
201503022505024,EKBL,20,39,50,282,14100
201503022505010,EKBL,20,39,50,282,14100
201503022505009,EKBL,20,39,50,282,14100
201503022505001,EKBL,20,39,50,282,14100
201503022504996,EKBL,20,39,50,284,14200
201503022504995,EKBL,20,39,50,282,14100
201503022505038,EKBL,42,39,50,284,14200
201503022505037,EKBL,42,39,50,282,14100
201503022505030,EKBL,39,39,50,282,14100
201503022505029,EKBL,39,39,50,282,14100
201503022505026,EKBL,20,39,50,282,14100
201503022505025,EKBL,20,39,50,282,14100
201503022505425,GBIME,29,29,11,480,5280
201503022505174,GBIME,19,42,1000,471,471000
201503022505157,GBIME,33,44,91,472,42952
201503022505090,GBIME,33,26,1000,472,472000
201503022505061,GBIME,13,28,500,472,236000
201503022505023,GBIME,29,1,35,480,16800
201503022505000,GBIME,28,1,44,476,20944
201503022504943,GBIME,33,28,2000,471,942000
201503022505357,GFCL,1,51,500,220,110000
201503022505292,GFCL,42,51,500,219,109500
201503022505382,GLICL,25,25,14,582,8148
201503022505331,GMFIL,53,54,10,292,2920
201503022505196,HAMA,8,47,100,173,17300
201503022505195,HAMA,8,40,40,173,6920
201503022505194,HAMA,8,42,1000,172,172000
201503022505193,HAMA,8,21,500,171,85500
201503022505192,HAMA,8,44,780,171,133380
201503022505185,HAMA,45,51,80,171,13680
201503022504937,HAMA,4,47,50,169,8450
201503022504930,HAMA,41,41,60,166,9960
201503022505169,HAMA,40,11,40,172,6880
201503022505168,HAMA,45,44,290,170,49300
201503022505117,HAMA,45,41,150,170,25500
201503022504998,HAMA,5,5,370,168,62160
201503022504944,HAMA,40,43,80,170,13600
201503022504938,HAMA,4,40,40,169,6760
201503022505323,HBDL,17,36,500,114,57000
201503022505322,HBDL,17,36,500,114,57000
201503022504959,HBDL,25,21,5000,115,575000
201503022505140,HBDL,17,36,500,114,57000
201503022505133,HBDL,17,36,500,114,57000
201503022505282,HBL,21,21,288,888,255744
201503022505376,HDL,48,13,10,665,6650
201503022505173,ICFC,45,13,603,290,174870
201503022505098,ICFC,43,53,20,286,5720
201503022505422,IDBL,4,53,95,196,18620
201503022505308,IDBL,25,41,300,195,58500
201503022505307,IDBL,34,53,95,194,18430
201503022505299,IDBL,40,53,95,194,18430
201503022505297,IDBL,25,53,95,194,18430
201503022505293,IDBL,25,53,95,194,18430
201503022505060,IDBL,42,26,34,192,6528
201503022505059,IDBL,42,26,34,192,6528
201503022505039,IDBL,49,26,34,192,6528
201503022505239,IDBL,25,53,47,194,9118
201503022505181,IDBL,25,53,47,194,9118
201503022505176,IDBL,25,21,34,193,6562
201503022505172,IDBL,25,53,95,194,18430
201503022505171,IDBL,42,25,150,193,28950
201503022505164,IDBL,42,21,57,192,10944
201503022505288,IDBL,35,53,47,194,9118
201503022505283,IDBL,25,53,47,194,9118
201503022505280,IDBL,25,53,47,194,9118
201503022505273,IDBL,25,53,47,194,9118
201503022505269,IDBL,25,53,47,194,9118
201503022505263,IDBL,25,53,47,194,9118
201503022505373,JBBL,21,57,470,207,97290
201503022505350,JBBL,21,52,780,207,161460
201503022505349,JBBL,21,44,90,206,18540
201503022505311,JBBL,21,44,438,205,89790
201503022505278,JBBL,49,49,380,207,78660
201503022505277,JBBL,21,17,60,208,12480
201503022504932,JBBL,43,14,470,199,93530
201503022505033,JBBL,49,40,32,200,6400
201503022505032,JBBL,49,40,32,200,6400
201503022504966,JBBL,21,17,500,200,100000
201503022504965,JBBL,21,14,32,200,6400
201503022504964,JBBL,21,45,200,200,40000
201503022504963,JBBL,21,36,42,200,8400
201503022505081,JBBL,36,42,64,200,12800
201503022505079,JBBL,36,42,35,200,7000
201503022505078,JBBL,36,45,210,200,42000
201503022505065,JBBL,49,6,40,201,8040
201503022505035,JBBL,49,47,10,201,2010
201503022505034,JBBL,49,13,50,201,10050
201503022505120,JBBL,39,57,1042,204,212568
201503022505119,JBBL,39,54,150,204,30600
201503022505118,JBBL,39,17,50,204,10200
201503022505112,JBBL,39,25,150,202,30300
201503022505111,JBBL,39,21,90,202,18180
201503022505110,JBBL,39,6,30,201,6030
201503022505234,JBBL,21,6,100,204,20400
201503022505213,JBBL,1,14,288,200,57600
201503022505201,JBBL,39,14,53,203,10759
201503022505158,JBBL,36,44,90,203,18270
201503022505152,JBBL,5,54,170,204,34680
201503022505138,JBBL,36,11,100,205,20500
201503022505374,JBNL,57,22,1000,286,286000
201503022505365,JBNL,57,40,136,285,38760
201503022505359,JBNL,57,21,500,284,142000
201503022505358,JBNL,57,5,150,283,42450
201503022505316,JBNL,54,5,100,283,28300
201503022505254,JBNL,57,50,316,282,89112
201503022504957,JBNL,48,21,2167,280,606760
201503022505327,KADBL,46,48,100,348,34800
201503022505313,KBBL,43,45,179,395,70705
201503022505426,KBL,33,26,200,401,80200
201503022505287,KBL,36,8,429,403,172887
201503022505085,KBL,29,13,20,405,8100
201503022505045,KBL,33,25,107,399,42693
201503022505044,KBL,33,25,60,399,23940
201503022505043,KBL,33,25,30,399,11970
201503022505021,KBL,33,17,200,397,79400
201503022505016,KBL,48,4,96,396,38016
201503022505314,KDBL,17,53,21,176,3696
201503022505190,KDBL,38,17,85,176,14960
201503022505366,KMCDB,53,48,10,1117,11170
201503022505275,KMCDB,53,26,10,1096,10960
201503022505125,KMCDB,53,41,10,1060,10600
201503022505145,KMCDB,53,11,239,1075,256925
201503022505142,KMCDB,53,11,17,1076,18292
201503022505136,KMCDB,53,11,125,1070,133750
201503022505128,KMCDB,53,38,407,1062,432234
201503022505127,KMCDB,53,41,10,1060,10600
201503022505126,KMCDB,53,41,10,1060,10600
201503022505057,KNBL,42,6,100,289,28900
201503022505420,KRBL,40,57,520,339,176280
201503022505419,KRBL,40,6,100,339,33900
201503022505418,KRBL,40,1,220,338,74360
201503022505417,KRBL,40,20,190,337,64030
201503022505416,KRBL,40,19,100,337,33700
201503022505415,KRBL,40,1,100,336,33600
201503022505414,KRBL,40,21,200,335,67000
201503022505413,KRBL,40,19,100,335,33500
201503022505170,KRBL,29,20,300,337,101100
201503022504969,KRBL,42,50,500,332,166000
201503022505339,LBL,28,52,200,545,109000
201503022505261,LBL,28,52,45,545,24525
201503022505163,LBL,28,11,140,545,76300
201503022505148,LBL,6,25,83,546,45318
201503022505116,LBL,28,42,190,545,103550
201503022505141,LGIL,29,29,10,395,3950
201503022505058,LICN,38,38,10,2759,27590
201503022505410,LLBS,34,45,211,970,204670
201503022505013,LLBS,36,36,205,962,197210
201503022505007,LLBS,36,45,101,961,97061
201503022505006,LLBS,36,36,32,960,30720
201503022505259,LUBL,33,17,300,360,108000
201503022505258,LUBL,33,17,480,358,171840
201503022505252,LUBL,33,22,364,357,129948
201503022505147,LUBL,52,22,460,357,164220
201503022505115,LUBL,46,22,500,355,177500
201503022505104,LUBL,6,22,490,356,174440
201503022504961,LUBL,47,48,980,359,351820
201503022504960,LUBL,47,22,500,358,179000
201503022505131,MBBL,11,1,214,222,47508
201503022505121,MBBL,11,50,20,220,4400
201503022505113,MBBL,11,48,62,219,13578
201503022505093,MBBL,26,40,2400,216,518400
201503022505379,MBL,49,52,176,581,102256
201503022505360,MBL,51,6,153,581,88893
201503022505352,MBL,57,5,437,580,253460
201503022505334,MBL,57,43,200,580,116000
201503022505250,MBL,49,26,300,580,174000
201503022505248,MBL,48,47,182,579,105378
201503022505046,MBL,41,49,200,579,115800
201503022504985,MBL,48,44,500,579,289500
201503022505099,MBL,51,49,500,580,290000
201503022505091,MBL,51,26,217,579,125643
201503022505083,MBL,51,44,500,580,290000
201503022505076,MBL,41,22,199,580,115420
201503022505073,MBL,45,22,132,581,76692
201503022505054,MBL,48,49,1000,579,579000
201503022505187,MDBL,41,17,97,232,22504
201503022505182,MLBBL,36,36,103,1016,104648
201503022504946,MLBBL,29,51,10,1030,10300
201503022504945,MLBBL,29,52,20,1018,20360
201503022504929,MLBBL,22,19,25,1015,25375
201503022505427,MNBBL,48,21,99,580,57420
201503022505369,MNBBL,48,13,60,580,34800
201503022505330,MTBL,6,13,97,405,39285
201503022505208,MTBL,6,56,193,402,77586
201503022505205,MTBL,6,56,193,402,77586
201503022505200,MTBL,6,56,193,402,77586
201503022505199,MTBL,6,39,20,401,8020
201503022505082,MTBL,28,56,193,396,76428
201503022505393,NABIL,48,45,351,1925,675675
201503022505367,NABIL,48,22,308,1920,591360
201503022505344,NABIL,50,22,293,1920,562560
201503022505328,NABIL,35,35,1000,1920,1920000
201503022505319,NABIL,35,35,2000,1920,3840000
201503022505318,NABIL,35,35,2000,1920,3840000
201503022505290,NABIL,34,22,150,1930,289500
201503022505031,NABIL,11,28,20,1925,38500
201503022504941,NABILP,43,5,250,1355,338750
201503022505286,NBB,29,17,300,527,158100
201503022505189,NBB,5,36,100,526,52600
201503022505149,NBB,34,39,200,525,105000
201503022505130,NBB,33,22,500,525,262500
201503022505129,NBB,5,55,500,524,262000
201503022505027,NBB,5,11,30,529,15870
201503022505019,NBB,5,25,50,528,26400
201503022504999,NBB,26,44,500,526,263000
201503022505144,NBBL,43,50,50,2000,100000
201503022505143,NBBL,1,50,50,2005,100250
201503022505018,NBF1,55,45,1798,14,25172
201503022505014,NBF1,55,51,1319,14,18466
201503022505395,NBL,34,14,50,327,16350
201503022505347,NBL,14,6,656,329,215824
201503022505223,NBL,10,36,1000,325,325000
201503022505210,NBL,6,25,500,326,163000
201503022505008,NBL,56,5,76,328,24928
201503022505375,NCCB,26,26,100,613,61300
201503022505364,NCCB,26,38,300,614,184200
201503022505215,NCCB,33,55,100,617,61700
201503022505077,NCCB,33,6,500,617,308500
201503022505075,NCCB,33,36,244,616,150304
201503022505231,NCDB,50,11,71,250,17750
201503022505312,NCM,39,54,42,208,8736
201503022505295,NCM,56,54,38,204,7752
201503022505385,NGBL,51,39,200,328,65600
201503022505381,NGBL,26,39,1492,325,484900
201503022505097,NGBL,51,33,750,328,246000
201503022505096,NGBL,51,33,200,328,65600
201503022505095,NGBL,47,33,50,328,16400
201503022505160,NHPC,56,17,500,122,61000
201503022505134,NHPC,8,28,2000,120,240000
201503022505132,NHPC,17,28,1000,121,121000
201503022505124,NHPC,17,28,1000,121,121000
201503022505383,NIBPO,54,1,1000,490,490000
201503022505092,NIBPO,50,1,500,496,248000
201503022505080,NIBPO,11,1,500,495,247500
201503022505004,NIBPO,11,14,1000,495,495000
201503022505394,NIBSF1,36,39,5000,11,53500
201503022505391,NIBSF1,36,47,900,11,9630
201503022505387,NIBSF1,36,47,1000,11,10700
201503022505338,NIBSF1,36,6,2000,11,21400
201503022505284,NIBSF1,36,39,4500,11,48150
201503022505017,NIBSF1,36,26,5000,11,52500
201503022505012,NIBSF1,36,26,5000,11,52500
201503022505398,NICA,29,22,15,705,10575
201503022505243,NICA,42,42,100,698,69800
201503022505226,NICA,42,42,120,685,82200
201503022504994,NICA,33,11,100,672,67200
201503022504988,NICA,33,11,335,670,224450
201503022504980,NICA,33,11,591,669,395379
201503022505353,NICL,57,17,200,415,83000
201503022505123,NLBBL,7,6,100,1225,122500
201503022505154,NLG,42,43,21,680,14280
201503022505268,NLIC,44,7,10,4890,48900
201503022505122,NLIC,26,54,100,4830,483000
201503022505069,NLIC,17,7,100,4795,479500
201503022505064,NLIC,42,7,50,4800,240000
201503022505225,NLICL,7,10,100,2549,254900
201503022505183,NLICL,49,49,150,2545,381750
201503022505180,NLICL,49,49,200,2545,509000
201503022505103,NLICL,17,17,100,2549,254900
201503022504970,NNFCPO,45,19,30000,130,3900000
201503022505135,NNLB,44,5,81,1090,88290
201503022505088,NNLB,28,14,116,1100,127600
201503022504939,NNLB,46,26,91,1105,100555
201503022505409,NTC,6,56,50,634,31700
201503022505101,NUBL,26,35,205,1340,274700
201503022505424,OHL,44,56,1000,737,737000
201503022505249,OHL,14,56,500,740,370000
201503022505390,PADBL,48,43,64,451,28864
201503022505368,PADBL,48,43,740,443,327820
201503022505255,PADBL,57,7,433,443,191819
201503022505240,PADBL,57,5,64,443,28352
201503022505232,PADBL,57,21,592,440,260480
201503022505224,PADBL,21,43,290,435,126150
201503022505209,PADBL,21,21,160,440,70400
201503022505051,PADBL,21,43,94,435,40890
201503022505372,PCBL,42,42,83,461,38263
201503022505336,PCBL,42,42,209,461,96349
201503022505151,PLIC,17,40,81,1150,93150
201503022505146,PLIC,17,13,17,1149,19533
201503022504958,PRDBL,14,14,40,192,7680
201503022505272,PRVU,14,57,740,349,258260
201503022505265,PRVU,38,35,700,348,243600
201503022505202,PRVU,14,36,200,349,69800
201503022505188,PRVU,36,20,300,348,104400
201503022504953,PRVU,28,35,500,348,174000
201503022504942,PRVU,51,47,149,350,52150
201503022504933,PRVU,38,35,500,348,174000
201503022505162,PRVU,45,21,186,350,65100
201503022505100,PRVU,38,11,394,347,136718
201503022505055,PRVU,26,26,1094,348,380712
201503022505040,PRVU,25,45,752,347,260944
201503022505011,PRVU,7,26,194,348,67512
201503022505005,PRVU,7,52,250,348,87000
201503022504931,PRVUPO,45,25,15000,122,1830000
201503022505356,REDBL,48,33,38,235,8930
201503022505317,REDBL,45,33,38,235,8930
201503022505218,REDBL,17,51,109,234,25506
201503022505216,REDBL,17,51,106,234,24804
201503022505028,SADBL,28,6,200,404,80800
201503022505003,SADBL,43,14,420,400,168000
201503022504967,SADBL,20,13,66,405,26730
201503022505298,SANIMA,36,25,175,560,98000
201503022505296,SANIMA,33,41,416,560,232960
201503022505271,SANIMA,33,11,158,560,88480
201503022505238,SANIMA,33,42,315,560,176400
201503022505237,SANIMA,33,4,500,560,280000
201503022505222,SANIMA,33,11,163,560,91280
201503022505221,SANIMA,33,21,100,558,55800
201503022505220,SANIMA,33,5,220,558,122760
201503022505219,SANIMA,33,22,500,557,278500
201503022505155,SANIMA,50,22,200,556,111200
201503022505102,SANIMA,19,22,500,556,278000
201503022505002,SBI,43,22,125,950,118750
201503022505309,SBL,5,41,70,690,48300
201503022505260,SBL,5,49,140,690,96600
201503022505229,SBL,5,21,196,690,135240
201503022505074,SBL,39,48,73,690,50370
201503022504962,SBL,39,22,980,690,676200
201503022505405,SCB,8,44,100,2030,203000
201503022505315,SCB,8,44,100,2030,203000
201503022505267,SCB,8,22,133,2030,269990
201503022505266,SCB,8,44,100,2025,202500
201503022505362,SDBL,5,17,1000,246,246000
201503022505351,SDBL,21,42,540,242,130680
201503022504948,SDBL,5,7,320,239,76480
201503022505214,SDBL,21,38,1000,239,239000
201503022505178,SDBL,45,51,1000,239,239000
201503022505177,SDBL,45,11,540,238,128520
201503022505067,SDBL,5,52,495,238,117810
201503022505302,SDBL,21,17,600,244,146400
201503022505301,SDBL,21,29,50,244,12200
201503022505300,SDBL,21,17,100,244,24400
201503022505256,SDBL,5,8,42,243,10206
201503022505247,SDBL,21,17,1000,240,240000
201503022505246,SDBL,21,17,500,240,120000
201503022505341,SDBL,5,22,200,245,49000
201503022505333,SDBL,21,10,414,246,101844
201503022505329,SDBL,21,10,414,246,101844
201503022505320,SDBL,21,48,516,246,126936
201503022505304,SDBL,21,17,690,245,169050
201503022505303,SDBL,21,1,600,245,147000
201503022505326,SETI,36,36,44,214,9416
201503022505325,SETI,36,47,714,214,152796
201503022505324,SETI,36,40,25,213,5325
201503022505020,SHBL,56,33,10,1189,11890
201503022504956,SHBL,45,33,10,1166,11660
201503022504940,SHBL,41,33,10,1144,11440
201503022505340,SHINE,43,19,14,361,5054
201503022505203,SHINE,43,19,14,362,5068
201503022505139,SHINE,43,11,25,366,9150
201503022505137,SHINE,43,40,25,365,9125
201503022505094,SHINE,43,40,15,358,5370
201503022505108,SHPC,43,1,54,774,41796
201503022505072,SHPC,39,4,160,770,123200
201503022504968,SHPC,38,4,82,769,63058
201503022505047,SIC,38,22,36,1132,40752
201503022505041,SIC,21,22,25,1133,28325
201503022505407,SICL,6,21,114,756,86184
201503022505305,SINDU,39,22,10,257,2570
201503022505380,SKBBL,4,14,20,1580,31600
201503022505377,SKBBL,4,44,100,1580,158000
201503022505361,SKBBL,4,11,50,1570,78500
201503022505348,SKBBL,4,6,120,1570,188400
201503022504989,SKBBL,26,44,200,1560,312000
201503022504983,SKBBL,26,52,32,1565,50080
201503022505228,SLICL,53,52,30,646,19380
201503022505401,SMFDB,21,57,50,1641,82050
201503022505400,SMFDB,25,57,50,1650,82500
201503022505289,SMFDB,41,22,10,1673,16730
201503022505084,SMFDB,57,57,705,1641,1156905
201503022505337,STC,19,19,200,224,44800
201503022505332,STC,19,19,10,220,2200
201503022505211,SUBBL,17,44,88,300,26400
201503022505406,SUPRME,57,17,1000,173,173000
201503022505389,SUPRME,40,35,1000,172,172000
201503022505355,SUPRME,10,13,100,174,17400
201503022505321,SUPRME,47,6,926,171,158346
201503022505153,SUPRME,25,6,409,171,69939
201503022505105,SWBBL,41,41,150,1670,250500
201503022505167,TRH,33,41,70,275,19250
201503022505166,TRH,33,11,1000,275,275000
201503022505165,TRH,33,11,1000,275,275000
201503022505206,UFIL,11,13,60,167,10020
201503022505294,UFL,28,47,134,233,31222
201503022505270,UFL,28,47,134,236,31624
201503022505241,UFL,6,47,134,233,31222
201503022505306,VBBL,20,47,190,167,31730
201503022505161,VBBL,5,13,60,167,10020
201503022505159,VBBL,5,19,40,165,6600
201503022505150,VBBL,6,19,40,166,6640
201503022505053,VBBL,42,55,1000,167,167000
201503022505106,WDBL,25,36,48,339,16272
201503022504928,WDBL,44,29,72,341,24552
201503022505276,YETI,39,13,20,134,2680
201503022505264,YETI,56,13,20,132,2640
201503022505253,YETI,56,41,100,132,13200
201503022504897,ACEDBL,52,14,500,270,135000
201503022504885,ACEDBL,19,25,100,271,27100
201503022504836,ADBL,21,44,60,490,29400
201503022504684,ADBL,48,22,40,495,19800
201503022504611,ADBL,41,17,31,484,15004
201503022504610,ADBL,41,13,150,484,72600
201503022504608,ADBL,41,49,145,483,70035
201503022504675,ADBL,21,25,61,489,29829
201503022504617,ADBL,41,14,120,486,58320
201503022504612,ADBL,41,41,321,485,155685
201503022504814,AHPC,53,26,408,349,142392
201503022504778,AHPC,4,26,200,350,70000
201503022504720,AHPC,17,49,88,351,30888
201503022504512,AIC,28,25,1000,400,400000
201503022504634,ALDBL,17,14,40,306,12240
201503022504839,ALICL,47,42,115,1240,142600
201503022504838,ALICL,47,49,11,1239,13629
201503022504847,APEX,8,39,290,132,38280
201503022504804,APEX,8,26,204,133,27132
201503022504583,APEX,7,41,80,133,10640
201503022504567,APEX,53,17,1000,132,132000
201503022504535,APEX,7,33,980,131,128380
201503022504427,APEX,1,33,311,131,40741
201503022504590,APEX,7,25,40,135,5400
201503022504587,APEX,7,25,60,135,8100
201503022504624,APEX,7,26,40,134,5360
201503022504821,ARDBL,21,50,556,201,111756
201503022504702,ARDBL,38,22,125,205,25625
201503022504659,ARDBL,21,47,21,201,4221
201503022504650,ARDBL,51,50,810,202,163620
201503022504642,ARDBL,10,13,73,203,14819
201503022504559,ARDBL,41,50,497,203,100891
201503022504499,ARDBL,43,13,73,204,14892
201503022504468,ARDBL,21,50,219,203,44457
201503022504459,ARDBL,21,50,320,203,64960
201503022504539,BBC,26,26,300,2009,602700
201503022504618,BLDBL,20,11,100,346,34600
201503022504809,BPCL,48,49,150,642,96300
201503022504775,BPCL,48,53,133,642,85386
201503022504770,BPCL,48,41,500,630,315000
201503022504769,BPCL,48,21,1000,628,628000
201503022504805,CBBL,45,38,18,1698,30564
201503022504687,CBBL,45,41,160,1690,270400
201503022504648,CBBL,45,55,138,1680,231840
201503022504540,CBBL,45,38,35,1666,58310
201503022504538,CBBL,45,39,101,1665,168165
201503022504524,CBBL,7,13,104,1665,173160
201503022504494,CBBL,14,13,210,1660,348600
201503022504867,CBL,33,48,1000,303,303000
201503022504854,CBL,47,11,121,304,36784
201503022504853,CBL,47,11,100,304,30400
201503022504848,CBL,47,52,61,302,18422
201503022504726,CBL,33,6,135,302,40770
201503022504493,CBL,54,26,135,299,40365
201503022504480,CBL,26,29,133,302,40166
201503022504469,CBL,54,26,27,299,8073
201503022504457,CBL,33,55,1882,301,566482
201503022504896,CCBL,17,6,500,324,162000
201503022504894,CCBL,17,52,45,324,14580
201503022504731,CCBL,17,17,306,322,98532
201503022504591,CCBL,47,26,20,317,6340
201503022504578,CCBL,47,26,40,317,12680
201503022504570,CCBL,19,26,40,320,12800
201503022504518,CCBL,35,48,40,323,12920
201503022504517,CCBL,35,48,40,323,12920
201503022504466,CCBL,47,28,25,324,8100
201503022504787,CFCL,35,1,500,230,115000
201503022504738,CFCL,25,1,79,228,18012
201503022504735,CFCL,25,6,19,226,4294
201503022504729,CFCL,25,36,18,225,4050
201503022504727,CFCL,25,14,455,223,101465
201503022504724,CFCL,25,36,18,222,3996
201503022504696,CFCL,21,36,43,222,9546
201503022504638,CFCL,35,43,1154,220,253880
201503022504581,CFCL,35,6,816,224,182784
201503022504571,CFCL,35,21,500,222,111000
201503022504562,CFCL,35,14,121,221,26741
201503022504555,CFCL,21,21,453,217,98301
201503022504910,CHCL,17,38,131,1616,211696
201503022504907,CHCL,17,1,182,1615,293930
201503022504873,CHCL,17,49,201,1609,323409
201503022504732,CHCL,20,11,100,1615,161500
201503022504725,CHCL,43,6,110,1615,177650
201503022504640,CHCL,42,42,85,1608,136680
201503022504543,CHCL,21,41,23,1610,37030
201503022504481,CHCL,11,8,14,1642,22988
201503022504456,CHCL,39,6,62,1610,99820
201503022504620,CIVIC,14,34,10,407,4070
201503022504777,CSDBL,50,52,73,296,21608
201503022504926,CZBIL,50,1,195,471,91845
201503022504906,CZBIL,33,1,1000,470,470000
201503022504682,CZBIL,43,22,24,470,11280
201503022504601,CZBIL,33,45,1000,470,470000
201503022504528,CZBIL,8,40,113,469,52997
201503022504507,CZBIL,50,19,145,468,67860
201503022504506,CZBIL,8,5,100,472,47200
201503022504505,CZBIL,8,38,80,472,37760
201503022504504,CZBIL,8,8,90,472,42480
201503022504495,CZBIL,44,44,2446,471,1152066
201503022504917,EBL,50,1,50,2142,107100
201503022504849,EBL,33,49,100,2135,213500
201503022504797,EBL,49,49,250,2130,532500
201503022504792,EBL,38,49,200,2130,426000
201503022504791,EBL,39,49,60,2133,127980
201503022504534,EBL,34,11,54,2132,115128
201503022504501,EBL,26,44,200,2139,427800
201503022504500,EBL,26,45,48,2138,102624
201503022504719,EBL,17,17,100,2142,214200
201503022504625,EBL,17,42,342,2142,732564
201503022504605,EBL,34,6,100,2141,214100
201503022504580,EBL,39,42,110,2140,235400
201503022504548,EBL,39,11,25,2131,53275
201503022504589,EIC,26,46,500,962,481000
201503022504588,EIC,52,46,50,965,48250
201503022504488,EIC,52,17,100,970,97000
201503022504746,EKBL,26,20,1000,289,289000
201503022504541,EKBL,20,26,33,284,9372
201503022504431,EKBL,20,6,14,289,4046
201503022504430,EKBL,20,51,10,285,2850
201503022504816,GBBL,11,22,103,348,35844
201503022504857,GBIME,33,10,948,477,452196
201503022504817,GBIME,28,22,45,476,21420
201503022504707,GBIME,33,36,311,475,147725
201503022504699,GBIME,28,28,500,474,237000
201503022504522,GBIME,29,26,80,470,37600
201503022504426,GBIME,33,26,267,475,126825
201503022504449,GDBL,35,39,10,324,3240
201503022504448,GDBL,35,14,30,324,9720
201503022504432,GDBL,45,55,500,320,160000
201503022504755,GFCL,42,51,1000,215,215000
201503022504636,GFCL,42,13,2000,219,438000
201503022504866,GMFIL,53,53,10,295,2950
201503022504924,HAMA,41,41,70,166,11620
201503022504913,HAMA,41,41,60,166,9960
201503022504829,HAMA,54,47,90,169,15210
201503022504828,HAMA,54,21,500,169,84500
201503022504827,HAMA,54,43,40,169,6760
201503022504813,HAMA,4,44,1000,168,168000
201503022504916,HBDL,17,45,1000,115,115000
201503022504895,HBDL,25,51,1000,114,114000
201503022504722,HBDL,47,25,500,115,57500
201503022504721,HBDL,47,20,1500,115,172500
201503022504715,HBDL,47,17,821,114,93594
201503022504598,HBDL,25,46,500,113,56500
201503022504597,HBDL,25,20,750,113,84750
201503022504919,HBL,53,11,263,903,237489
201503022504874,HBL,21,8,87,901,78387
201503022504871,HBL,21,11,66,904,59664
201503022504864,HBL,36,11,18,900,16200
201503022504837,HBL,26,21,63,890,56070
201503022504832,HBL,36,22,40,882,35280
201503022504748,HDL,48,22,20,652,13040
201503022504747,HDL,48,22,20,652,13040
201503022504767,IDBL,49,53,95,194,18430
201503022504712,IDBL,42,50,1000,192,192000
201503022504711,IDBL,42,45,1413,191,269883
201503022504710,IDBL,45,52,57,190,10830
201503022504487,IDBL,10,25,500,190,95000
201503022504486,IDBL,48,25,350,190,66500
201503022504474,IDBL,38,57,112,190,21280
201503022504623,JBBL,36,51,90,199,17910
201503022504622,JBBL,36,57,980,199,195020
201503022504621,JBBL,36,40,190,198,37620
201503022504482,JBBL,26,4,60,197,11820
201503022504460,JBBL,10,7,203,196,39788
201503022504450,JBBL,1,4,20,200,4000
201503022504437,JBBL,19,4,90,198,17820
201503022504811,JBNL,57,21,100,283,28300
201503022504550,JBNL,22,29,17,281,4777
201503022504549,JBNL,22,29,33,280,9240
201503022504812,JFL,50,50,100,400,40000
201503022504672,JFL,26,38,20,407,8140
201503022504798,KBBL,1,42,100,400,40000
201503022504461,KBBL,17,6,263,400,105200
201503022504647,KBL,51,22,55,393,21615
201503022504616,KBL,45,43,500,395,197500
201503022504609,KBL,43,43,2195,391,858245
201503022504527,KBL,33,21,1000,396,396000
201503022504898,KCDBL,28,39,119,246,29274
201503022504757,KCDBL,17,50,17,246,4182
201503022504523,KCDBL,39,26,17,242,4114
201503022504520,KCDBL,17,26,17,243,4131
201503022504884,KDBL,34,42,62,176,10912
201503022504759,KDBL,17,17,124,176,21824
201503022504754,KDBL,17,17,404,176,71104
201503022504752,KDBL,51,17,237,176,41712
201503022504706,KDBL,17,17,103,176,18128
201503022504674,KDBL,38,6,120,176,21120
201503022504447,KDBL,28,42,789,176,138864
201503022504446,KDBL,28,17,1000,176,176000
201503022504532,KDBL,6,26,124,176,21824
201503022504530,KDBL,6,26,82,176,14432
201503022504519,KDBL,28,44,70,176,12320
201503022504515,KDBL,28,42,63,176,11088
201503022504497,KDBL,50,51,82,176,14432
201503022504492,KDBL,46,17,419,176,73744
201503022504673,KDBL,38,49,41,175,7175
201503022504657,KDBL,38,38,13,176,2288
201503022504654,KDBL,38,38,392,176,68992
201503022504653,KDBL,38,42,348,176,61248
201503022504652,KDBL,38,42,28,176,4928
201503022504537,KDBL,28,14,192,173,33216
201503022504765,KEBL,28,50,124,575,71300
201503022504788,KMCDB,26,6,100,1045,104500
201503022504744,KMCDB,17,45,55,1048,57640
201503022504595,KMCDB,26,45,200,1043,208600
201503022504639,KMCDB,40,33,10,1044,10440
201503022504635,KMCDB,40,33,10,1044,10440
201503022504920,KNBL,42,6,100,294,29400
201503022504846,KRBL,26,1,60,335,20100
201503022504831,KRBL,26,57,40,335,13400
201503022504607,KRBL,34,35,100,338,33800
201503022504511,KRBL,26,1,300,337,101100
201503022504510,KRBL,26,1,500,337,168500
201503022504509,KRBL,26,51,20,337,6740
201503022504440,KRBL,26,41,10,330,3300
201503022504439,KRBL,26,41,10,330,3300
201503022504438,KRBL,26,41,10,330,3300
201503022504428,KRBL,45,13,50,325,16250
201503022504508,KRBL,26,39,10,336,3360
201503022504445,KRBL,26,1,160,331,52960
201503022504444,KRBL,26,1,500,331,165500
201503022504443,KRBL,26,41,10,330,3300
201503022504442,KRBL,26,41,10,330,3300
201503022504441,KRBL,26,41,10,330,3300
201503022504888,LFLC,5,36,10,232,2320
201503022504856,LFLC,21,36,50,228,11400
201503022504851,LFLC,26,45,170,225,38250
201503022504830,LICN,38,38,500,2705,1352500
201503022504824,LICN,46,38,30,2760,82800
201503022504870,LLBS,26,36,32,960,30720
201503022504868,LLBS,26,36,32,960,30720
201503022504861,LLBS,26,36,32,960,30720
201503022504833,LLBS,7,36,100,952,95200
201503022504615,LLBS,7,20,200,958,191600
201503022504614,LLBS,7,41,60,958,57480
201503022504433,LLBS,14,14,10,977,9770
201503022504802,LUBL,26,22,500,357,178500
201503022504818,MBBL,26,14,600,218,130800
201503022504905,MBL,57,44,500,579,289500
201503022504878,MBL,28,49,1000,580,580000
201503022504877,MBL,28,44,500,579,289500
201503022504872,MBL,28,55,147,579,85113
201503022504855,MBL,50,44,588,579,340452
201503022504756,MBL,14,22,420,577,242340
201503022504436,MBL,50,54,100,578,57800
201503022504435,MBL,50,22,200,578,115600
201503022504593,MBL,17,44,500,579,289500
201503022504579,MBL,14,44,153,578,88434
201503022504563,MBL,43,44,137,578,79186
201503022504553,MBL,14,49,490,578,283220
201503022504551,MBL,41,7,425,577,245225
201503022504467,MBL,14,4,294,578,169932
201503022504701,MBL,36,44,458,579,265182
201503022504692,MBL,14,44,510,578,294780
201503022504690,MBL,20,21,110,578,63580
201503022504633,MBL,52,44,99,578,57222
201503022504628,MBL,1,25,117,580,67860
201503022504619,MBL,28,44,153,578,88434
201503022504680,MDBL,47,17,500,230,115000
201503022504810,METRO,1,25,40,352,14080
201503022504807,METRO,1,25,89,352,31328
201503022504475,METRO,17,5,22,346,7612
201503022504925,MLBBL,22,19,25,1015,25375
201503022504921,MLBBL,22,19,25,1015,25375
201503022504915,MLBBL,22,19,25,1015,25375
201503022504911,MLBBL,36,19,220,1010,222200
201503022504592,MLBBL,36,22,123,1010,124230
201503022504561,MMDBL,48,33,10,626,6260
201503022504603,MNBBL,48,44,29,590,17110
201503022504600,MNBBL,1,19,119,585,69615
201503022504585,MNBBL,48,13,60,591,35460
201503022504584,MNBBL,48,14,20,591,11820
201503022504577,MNBBL,48,19,130,585,76050
201503022504465,MNBBL,48,48,42,575,24150
201503022504463,MNBBL,48,48,42,575,24150
201503022504458,MNBBL,48,48,42,575,24150
201503022504455,MNBBL,48,48,42,575,24150
201503022504451,MNBBL,48,48,42,575,24150
201503022504429,MNBBL,43,48,48,576,27648
201503022504485,MNBBL,48,48,67,575,38525
201503022504484,MNBBL,48,48,42,575,24150
201503022504479,MNBBL,48,48,42,575,24150
201503022504478,MNBBL,48,48,42,575,24150
201503022504473,MNBBL,48,48,42,575,24150
201503022504472,MNBBL,48,48,42,575,24150
201503022504569,MNBBL,48,17,199,582,115818
201503022504514,MNBBL,48,48,42,576,24192
201503022504503,MNBBL,48,48,42,576,24192
201503022504502,MNBBL,48,48,67,576,38592
201503022504496,MNBBL,48,48,67,576,38592
201503022504491,MNBBL,48,48,42,575,24150
201503022504764,NABILP,17,44,100,1360,136000
201503022504749,NABILP,49,49,2000,1360,2720000
201503022504794,NBB,44,54,1000,525,525000
201503022504779,NBB,39,7,140,527,73780
201503022504776,NBB,48,22,300,526,157800
201503022504742,NBB,5,26,496,525,260400
201503022504739,NBB,34,11,286,525,150150
201503022504730,NBB,5,22,500,524,262000
201503022504454,NBB,5,11,30,524,15720
201503022504453,NBB,5,38,100,523,52300
201503022504452,NBB,5,22,82,522,42804
201503022504554,NBB,5,49,260,524,136240
201503022504521,NBB,45,6,300,524,157200
201503022504704,NBB,6,54,300,523,156900
201503022504700,NBB,47,54,500,522,261000
201503022504689,NBB,5,1,200,524,104800
201503022504676,NBB,45,46,1000,523,523000
201503022504914,NBL,6,5,723,328,237144
201503022504819,NBL,50,13,1008,326,328608
201503022504806,NBL,1,22,1000,324,324000
201503022504694,NBL,52,26,1000,324,324000
201503022504575,NBL,17,49,210,325,68250
201503022504709,NCCB,26,13,84,617,51828
201503022504708,NCCB,26,22,100,616,61600
201503022504641,NCCB,49,45,500,615,307500
201503022504574,NHPC,25,1,440,123,54120
201503022504573,NHPC,25,48,1000,122,122000
201503022504572,NHPC,25,38,1000,122,122000
201503022504783,NIB,33,11,143,739,105677
201503022504781,NIB,33,17,84,738,61992
201503022504773,NIB,33,22,32,738,23616
201503022504728,NIB,33,17,500,735,367500
201503022504498,NIB,33,17,500,735,367500
201503022504863,NIBPO,49,14,500,499,249500
201503022504753,NIBPO,11,1,500,495,247500
201503022504602,NIBPO,11,38,200,490,98000
201503022504772,NICA,21,5,45,665,29925
201503022504547,NICA,26,29,105,668,70140
201503022504546,NICA,26,22,10,668,6680
201503022504516,NICA,6,42,463,665,307895
201503022504513,NICA,13,13,246,666,163836
201503022504526,NLBBL,45,6,139,1215,168885
201503022504525,NLBBL,45,36,50,1220,61000
201503022504490,NLG,26,26,18,680,12240
201503022504859,NLIC,6,6,120,4795,575400
201503022504825,NLIC,8,22,200,4805,961000
201503022504793,NLIC,8,7,200,4804,960800
201503022504782,NLIC,8,7,100,4804,480400
201503022504594,NLIC,11,22,60,4800,288000
201503022504586,NLIC,39,22,100,4801,480100
201503022504869,NLICL,19,17,100,2549,254900
201503022504803,NLICL,1,17,200,2549,509800
201503022504564,NLICL,6,6,256,2549,652544
201503022504556,NLICL,6,54,100,2549,254900
201503022504899,NNLB,44,56,10,1100,11000
201503022504883,NNLB,28,39,81,1102,89262
201503022504882,NNLB,28,38,80,1102,88160
201503022504881,NNLB,28,54,10,1100,11000
201503022504880,NNLB,28,21,10,1100,11000
201503022504879,NNLB,28,21,10,1100,11000
201503022504761,NNLB,36,51,10,1051,10510
201503022504705,NNLB,44,50,10,1051,10510
201503022504688,NNLB,36,28,10,1050,10500
201503022504637,NNLB,44,17,41,1050,43050
201503022504626,NNLB,36,17,20,1045,20900
201503022504434,NNLB,34,34,10,1060,10600
201503022504822,NNLB,44,20,200,1075,215000
201503022504815,NNLB,36,6,30,1075,32250
201503022504795,NNLB,28,20,200,1060,212000
201503022504780,NNLB,36,51,10,1051,10510
201503022504763,NNLB,36,51,10,1051,10510
201503022504762,NNLB,36,51,10,1051,10510
201503022504876,NNLB,28,22,81,1090,88290
201503022504844,NNLB,46,20,100,1085,108500
201503022504843,NNLB,46,41,10,1080,10800
201503022504842,NNLB,46,41,10,1080,10800
201503022504841,NNLB,46,41,10,1075,10750
201503022504840,NNLB,46,41,10,1075,10750
201503022504669,NTC,48,21,100,638,63800
201503022504668,NTC,48,41,100,636,63600
201503022504649,NTC,49,46,400,635,254000
201503022504596,NTC,6,45,100,634,63400
201503022504671,NTC,48,45,100,640,64000
201503022504670,NTC,48,45,200,640,128000
201503022504655,OHL,14,42,500,735,367500
201503022504529,OHL,44,42,430,732,314760
201503022504666,OHL,28,11,40,740,29600
201503022504665,OHL,28,11,70,740,51800
201503022504664,OHL,28,11,70,740,51800
201503022504663,OHL,28,26,190,739,140410
201503022504658,OHL,28,26,150,738,110700
201503022504667,OHL,28,17,500,740,370000
201503022504750,OHL,44,17,500,745,372500
201503022504737,PADBL,57,42,611,435,265785
201503022504716,PADBL,14,39,20,434,8680
201503022504714,PADBL,14,28,59,432,25488
201503022504713,PADBL,14,25,220,432,95040
201503022504893,PCBL,13,7,49,465,22785
201503022504892,PCBL,13,21,400,463,185200
201503022504691,PCBL,17,42,321,460,147660
201503022504686,PCBL,17,14,92,460,42320
201503022504685,PCBL,17,14,97,459,44523
201503022504606,PCBL,17,42,377,459,173043
201503022504599,PCBL,17,36,138,459,63342
201503022504582,PCBL,11,49,10,456,4560
201503022504678,PLIC,49,49,147,1150,169050
201503022504902,PRVU,21,35,500,348,174000
201503022504865,PRVU,29,35,500,348,174000
201503022504852,PRVU,45,35,500,348,174000
201503022504850,PRVU,14,14,3016,345,1040520
201503022504826,PRVU,39,45,11,350,3850
201503022504820,PRVU,56,35,500,349,174500
201503022504560,PRVU,43,45,486,347,168642
201503022504552,PRVU,43,33,500,348,174000
201503022504536,PRVU,45,48,97,348,33756
201503022504476,PRVU,57,45,973,345,335685
201503022504660,PRVU,45,22,217,347,75299
201503022504736,PRVU,26,35,500,348,174000
201503022504718,PRVU,56,54,500,349,174500
201503022504695,PRVU,39,55,11,350,3850
201503022504693,PRVU,47,5,48,348,16704
201503022504677,PRVU,17,38,60,348,20880
201503022504808,PRVU,45,35,500,348,174000
201503022504785,PRVU,45,35,500,348,174000
201503022504768,PRVU,42,25,1000,349,349000
201503022504758,PRVU,17,35,500,348,174000
201503022504743,PRVU,39,26,11,350,3850
201503022504922,PRVUPO,45,25,10000,120,1200000
201503022504790,REDBL,21,29,98,234,22932
201503022504786,REDBL,21,29,49,234,11466
201503022504741,REDBL,45,14,315,233,73395
201503022504703,REDBL,45,52,500,232,116000
201503022504745,RHPC,17,25,12,485,5820
201503022504886,SANIMA,4,21,166,559,92794
201503022504875,SANIMA,4,17,55,558,30690
201503022504734,SANIMA,47,6,105,557,58485
201503022504733,SANIMA,47,17,100,556,55600
201503022504698,SANIMA,38,17,50,557,27850
201503022504651,SANIMA,43,17,96,554,53184
201503022504645,SANIMA,14,13,120,553,66360
201503022504644,SANIMA,14,17,250,553,138250
201503022504643,SANIMA,14,17,300,553,165900
201503022504545,SANIMA,10,44,170,550,93500
201503022504661,SBI,45,43,136,940,127840
201503022504646,SBI,39,22,138,939,129582
201503022504604,SBI,51,22,100,936,93600
201503022504464,SBI,47,22,577,930,536610
201503022504462,SBI,13,22,30,935,28050
201503022504683,SBL,33,26,172,689,118508
201503022504681,SBL,33,26,155,688,106640
201503022504656,SBL,14,26,500,685,342500
201503022504531,SBL,29,36,270,690,186300
201503022504471,SCB,47,44,100,2000,200000
201503022504891,SDBL,21,49,600,238,142800
201503022504784,SDBL,35,10,390,240,93600
201503022504544,SDBL,5,20,580,241,139780
201503022504542,SDBL,5,20,516,241,124356
201503022504662,SDBL,57,29,200,241,48200
201503022504901,SHBL,55,33,10,1122,11220
201503022504799,SHBL,56,5,10,1100,11000
201503022504835,SHL,19,20,100,486,48600
201503022504723,SICL,17,54,60,756,45360
201503022504697,SICL,34,44,481,750,360750
201503022504489,SICL,57,26,240,747,179280
201503022504789,SIL,17,11,500,740,370000
201503022504774,SIL,17,11,200,740,148000
201503022504862,SKBBL,44,11,12,1591,19092
201503022504860,SKBBL,44,11,16,1587,25392
201503022504834,SKBBL,4,6,100,1575,157500
201503022504823,SKBBL,11,44,115,1570,180550
201503022504613,SKBBL,1,29,108,1550,167400
201503022504632,SKBBL,26,57,200,1560,312000
201503022504631,SKBBL,26,6,100,1559,155900
201503022504630,SKBBL,50,42,19,1556,29564
201503022504629,SKBBL,50,42,19,1556,29564
201503022504627,SKBBL,50,42,19,1556,29564
201503022504904,SMFDB,26,14,17,1674,28458
201503022504887,SMFDB,55,14,100,1665,166500
201503022504801,SMFDB,19,57,50,1650,82500
201503022504533,SMFDB,55,54,102,1610,164220
201503022504470,SMFDB,42,40,331,1600,529600
201503022504576,SMFDB,55,43,30,1645,49350
201503022504568,SMFDB,55,21,83,1625,134875
201503022504566,SUBBL,45,13,92,306,28152
201503022504565,SUBBL,45,13,46,306,14076
201503022504483,SUBBL,17,39,60,306,18360
201503022504845,SUPRME,19,35,1000,171,171000
201503022504800,SUPRME,47,35,1000,170,170000
201503022504796,SUPRME,26,35,1000,170,170000
201503022504717,SUPRME,38,35,5000,170,850000
201503022504558,SUPRME,57,42,568,173,98264
201503022504760,SWBBL,7,28,199,1685,335315
201503022504557,SWBBL,45,45,78,1680,131040
201503022504858,TRH,26,42,10,275,2750
201503022504751,UFIL,25,36,2000,164,328000
201503022504766,VBBL,52,52,70,166,11620
201503022504923,WDBL,21,29,171,342,58482
201503022504477,WDBL,33,40,500,345,172500
201503022504912,YETI,26,42,20,131,2620
201503022504909,YETI,39,10,40,133,5320
201503022504908,YETI,39,10,40,133,5320
201503022504903,YETI,26,42,20,131,2620
201503022504900,YETI,26,36,60,131,7860
201503022504889,YETI,26,42,20,131,2620
201503022504740,YETI,26,26,11,131,1441
201503022504679,YETI,20,22,40,130,5200
201503022504918,YETIPO,40,49,50000,100,5000000
201503022504890,YETIPO,40,49,100000,100,10000000
201503022504127,ACEDBL,52,51,181,275,49775
201503022504105,ACEDBL,52,22,55,275,15125
201503022504031,ADBL,45,45,31,475,14725
201503022504309,AHPC,22,11,1000,350,350000
201503022504286,AHPC,38,26,500,350,175000
201503022504135,AHPC,28,28,19,347,6593
201503022503880,AHPC,28,14,863,347,299461
201503022504422,AIC,26,55,51,400,20400
201503022504277,APEX,8,41,100,130,13000
201503022504275,APEX,8,29,22,129,2838
201503022504269,APEX,8,33,342,128,43776
201503022503717,CBBL,45,45,500,1635,817500
201503022504420,CBL,33,34,500,302,151000
201503022504298,CBL,46,41,648,303,196344
201503022504297,CBL,46,41,500,303,151500
201503022504282,CBL,33,29,306,302,92412
201503022504267,CBL,33,41,500,302,151000
201503022503951,CBL,25,55,30,298,8940
201503022503950,CBL,25,55,30,298,8940
201503022504264,CBL,33,47,102,301,30702
201503022504261,CBL,33,22,76,300,22800
201503022504259,CBL,33,10,13,300,3900
201503022504255,CBL,33,10,26,300,7800
201503022504250,CBL,33,10,17,300,5100
201503022504170,CBL,1,25,46,299,13754
201503022504305,CCBL,6,28,22,324,7128
201503022504392,CDBL,29,26,500,365,182500
201503022504202,CDBL,17,25,30,358,10740
201503022504197,CDBL,17,25,11,358,3938
201503022504186,CDBL,17,41,120,355,42600
201503022504419,CFCL,39,39,53,217,11501
201503022504284,CFCL,38,14,50,220,11000
201503022504196,CFCL,1,47,500,216,108000
201503022504195,CFCL,1,26,100,216,21600
201503022504179,CFCL,25,47,286,215,61490
201503022504176,CFCL,25,13,22,215,4730
201503022504171,CFCL,55,28,998,214,213572
201503022504052,CFCL,7,13,182,212,38584
201503022503949,CFCL,25,44,500,211,105500
201503022503763,CFCL,1,26,724,212,153488
201503022504408,CHCL,39,22,47,1605,75435
201503022504389,CHCL,39,22,260,1604,417040
201503022504363,CHCL,20,22,200,1604,320800
201503022504293,CHCL,39,14,290,1603,464870
201503022504285,CHCL,14,42,55,1602,88110
201503022504214,CHCL,48,41,35,1603,56105
201503022504054,CHCL,21,21,38,1600,60800
201503022504212,CHCL,48,41,35,1602,56070
201503022504117,CHCL,17,26,38,1600,60800
201503022504114,CHCL,17,26,46,1600,73600
201503022504082,CHCL,49,26,200,1598,319600
201503022504061,CHCL,17,41,35,1601,56035
201503022504057,CHCL,21,21,56,1600,89600
201503022503826,CNDBL,19,39,20,183,3660
201503022503825,CNDBL,19,50,50,183,9150
201503022504292,CSDBL,50,51,73,302,22046
201503022504320,CZBIL,33,20,116,470,54520
201503022504319,CZBIL,33,38,470,470,220900
201503022504318,CZBIL,33,35,210,470,98700
201503022504317,CZBIL,33,17,48,469,22512
201503022504315,CZBIL,50,22,308,468,144144
201503022504274,CZBIL,44,22,365,467,170455
201503022503755,CZBIL,33,36,100,466,46600
201503022503729,CZBIL,35,10,96,465,44640
201503022503705,CZBIL,33,55,143,464,66352
201503022504032,CZBIL,33,22,180,465,83700
201503022504010,CZBIL,33,33,113,465,52545
201503022503882,CZBIL,33,21,143,465,66495
201503022503806,CZBIL,55,55,143,463,66209
201503022503766,CZBIL,33,36,189,467,88263
201503022503756,CZBIL,33,36,189,467,88263
201503022504090,CZBIL,44,36,147,467,68649
201503022504076,CZBIL,33,54,618,466,287988
201503022504041,CZBIL,33,22,160,466,74560
201503022504039,CZBIL,33,21,294,466,137004
201503022504038,CZBIL,33,22,280,466,130480
201503022504034,CZBIL,33,14,189,466,88074
201503022504391,DDBL,29,1,30,1260,37800
201503022504272,EBL,34,38,100,2135,213500
201503022504266,EBL,34,19,48,2135,102480
201503022504128,EBL,39,44,300,2130,639000
201503022504056,EBL,17,19,48,2135,102480
201503022504326,EIC,26,17,200,971,194200
201503022504321,EIC,26,17,300,971,291300
201503022504330,GBBL,47,14,92,348,32016
201503022504302,GBBL,47,41,206,345,71070
201503022504299,GBBL,47,41,187,345,64515
201503022504325,GBIME,33,28,500,476,238000
201503022504324,GBIME,33,41,200,475,95000
201503022504323,GBIME,33,29,550,475,261250
201503022504296,GBIME,33,29,500,472,236000
201503022504254,GBIME,50,29,500,469,234500
201503022504240,GBIME,47,29,50,470,23500
201503022504145,GBIME,51,36,17,470,7990
201503022504134,GBIME,50,36,17,470,7990
201503022504109,GBIME,51,36,17,470,7990
201503022503878,GBIME,51,17,42,470,19740
201503022503851,GBIME,29,51,55,475,26125
201503022504116,GBIMEP,44,42,8022,235,1885170
201503022504265,GDBL,21,41,100,318,31800
201503022503767,GDBL,42,6,1000,318,318000
201503022504219,GLICL,25,25,14,571,7994
201503022504235,HAMA,4,43,40,166,6640
201503022504229,HAMA,57,57,530,163,86390
201503022503865,HAMA,48,21,40,163,6520
201503022503785,HAMA,5,14,140,162,22680
201503022503718,HAMA,48,14,120,162,19440
201503022504228,HBDL,4,29,300,113,33900
201503022504208,HBDL,4,20,884,113,99892
201503022504027,HBDL,8,21,1000,112,112000
201503022504026,HBDL,8,26,1000,112,112000
201503022503832,HBL,6,11,43,870,37410
201503022504353,HDL,48,35,40,640,25600
201503022504221,HDL,39,39,10,632,6320
201503022504155,HDL,43,22,40,635,25400
201503022504152,HDL,53,49,30,630,18900
201503022504141,HDL,49,49,30,627,18810
201503022504136,HDL,49,49,30,627,18810
201503022504073,HDL,49,49,30,627,18810
201503022504072,HDL,49,49,10,627,6270
201503022504092,HDL,49,49,30,627,18810
201503022504091,HDL,49,49,10,627,6270
201503022504083,HDL,49,49,10,627,6270
201503022504080,HDL,49,49,30,627,18810
201503022504078,HDL,49,49,10,627,6270
201503022504074,HDL,49,49,10,627,6270
201503022504130,HDL,49,49,10,627,6270
201503022504115,HDL,49,49,10,627,6270
201503022504103,HDL,49,49,10,627,6270
201503022504102,HDL,49,49,10,627,6270
201503022504101,HDL,49,49,30,627,18810
201503022504094,HDL,49,49,10,627,6270
201503022504055,ICFC,36,49,33,291,9603
201503022504300,IDBL,52,1,449,191,85759
201503022503928,IDBL,57,50,1000,191,191000
201503022503751,IDBL,40,17,24,193,4632
201503022503715,IDBL,57,49,289,192,55488
201503022503936,INDBL,6,20,44,229,10076
201503022504148,JBBL,39,7,278,196,54488
201503022504002,JBBL,10,7,406,196,79576
201503022503738,JBBL,1,13,50,200,10000
201503022504242,JBNL,48,6,306,276,84456
201503022503752,JBNL,48,48,434,271,117614
201503022504329,KBL,33,43,500,396,198000
201503022504138,KBL,29,14,41,396,16236
201503022503838,KBL,33,33,296,392,116032
201503022504037,KCDBL,47,39,50,246,12300
201503022504421,KDBL,28,13,42,176,7392
201503022504388,KDBL,28,55,98,176,17248
201503022504387,KDBL,28,40,40,176,7040
201503022504386,KDBL,28,40,50,176,8800
201503022504384,KDBL,46,20,587,176,103312
201503022504383,KDBL,46,1,200,176,35200
201503022504113,KDBL,13,21,100,166,16600
201503022504104,KDBL,13,17,250,165,41250
201503022503959,KDBL,46,48,42,162,6804
201503022503704,KDBL,25,25,1200,160,192000
201503022504241,KDBL,5,49,57,168,9576
201503022504185,KDBL,28,17,1283,168,215544
201503022504180,KDBL,5,34,215,168,36120
201503022504159,KDBL,5,1,100,169,16900
201503022504153,KDBL,5,21,34,169,5746
201503022504150,KDBL,5,17,1000,167,167000
201503022504271,KDBL,20,25,34,176,5984
201503022504270,KDBL,20,1,200,176,35200
201503022504256,KDBL,5,13,73,173,12629
201503022504253,KDBL,25,1,100,172,17200
201503022504248,KDBL,5,40,342,170,58140
201503022504245,KDBL,5,21,50,169,8450
201503022504349,KDBL,28,17,1000,175,175000
201503022504348,KDBL,28,49,85,175,14875
201503022504346,KDBL,28,49,186,175,32550
201503022504291,KDBL,20,6,82,175,14350
201503022504288,KDBL,7,44,300,174,52200
201503022504279,KDBL,5,21,100,175,17500
201503022504376,KDBL,5,25,315,176,55440
201503022504371,KDBL,28,26,510,175,89250
201503022504367,KDBL,28,44,300,174,52200
201503022504357,KDBL,28,17,116,175,20300
201503022504356,KDBL,28,17,230,175,40250
201503022504355,KDBL,28,17,400,175,70000
201503022504382,KDBL,46,17,97,176,17072
201503022504381,KDBL,46,25,50,176,8800
201503022504380,KDBL,46,25,109,176,19184
201503022504379,KDBL,46,25,149,176,26224
201503022504378,KDBL,46,39,202,176,35552
201503022504377,KDBL,46,21,300,175,52500
201503022504019,KMCDB,29,29,82,1043,85526
201503022504003,KMCDB,29,29,82,1043,85526
201503022503913,KMCDB,29,29,10,1043,10430
201503022503864,KMCDB,29,29,10,1043,10430
201503022503855,KMCDB,29,43,10,1043,10430
201503022503845,KMCDB,29,29,10,1043,10430
201503022503980,KMCDB,29,29,10,1043,10430
201503022503934,KMCDB,26,29,10,1043,10430
201503022503917,KMCDB,29,29,10,1043,10430
201503022503916,KMCDB,29,29,10,1043,10430
201503022503915,KMCDB,29,29,10,1043,10430
201503022503914,KMCDB,29,29,10,1043,10430
201503022504237,KNBL,42,39,75,300,22500
201503022504396,KRBL,26,21,200,325,65000
201503022504374,KRBL,26,41,200,325,65000
201503022504373,KRBL,26,5,310,324,100440
201503022504345,KRBL,26,1,160,325,52000
201503022504344,KRBL,26,38,10,325,3250
201503022504343,KRBL,26,38,10,325,3250
201503022504336,KRBL,26,38,10,325,3250
201503022504335,KRBL,26,38,10,325,3250
201503022504334,KRBL,26,38,10,325,3250
201503022504332,KRBL,26,7,200,320,64000
201503022504158,KRBL,26,1,200,325,65000
201503022504089,KRBL,26,41,420,325,136500
201503022504342,KRBL,26,38,10,325,3250
201503022504341,KRBL,26,38,10,325,3250
201503022504340,KRBL,26,38,10,325,3250
201503022504339,KRBL,26,38,10,325,3250
201503022504338,KRBL,26,38,10,325,3250
201503022504337,KRBL,26,1,200,325,65000
201503022504375,LBL,6,43,367,545,200015
201503022503963,LBL,6,46,700,540,378000
201503022504352,LFLC,17,36,17,224,3808
201503022504020,LLBS,38,20,50,958,47900
201503022503871,LLBS,25,20,20,940,18800
201503022503868,LLBS,44,20,490,957,468930
201503022503867,LLBS,50,20,100,958,95800
201503022503866,LLBS,39,20,20,958,19160
201503022503856,LLBS,25,20,10,960,9600
201503022503852,LLBS,25,20,383,958,366914
201503022504423,LUBL,29,21,142,358,50836
201503022504327,LUBL,29,21,54,355,19170
201503022504281,LUBL,43,43,842,349,293858
201503022504280,LUBL,43,43,1000,349,349000
201503022504086,LUBL,47,49,458,354,162132
201503022503737,MBBL,22,36,10,218,2180
201503022503730,MBBL,22,46,214,218,46652
201503022503721,MBBL,22,49,192,217,41664
201503022503720,MBBL,22,17,51,216,11016
201503022504425,MBL,28,22,860,577,496220
201503022504397,MBL,41,42,150,577,86550
201503022504244,MBL,14,44,500,576,288000
201503022504243,MBL,14,22,190,576,109440
201503022504225,MBL,34,22,671,575,385825
201503022504224,MBL,17,44,500,575,287500
201503022503735,MBL,14,44,500,570,285000
201503022503734,MBL,42,44,500,570,285000
201503022503733,MBL,34,44,150,570,85500
201503022503732,MBL,34,44,150,570,85500
201503022503731,MBL,50,44,500,571,285500
201503022503879,MBL,1,21,1000,571,571000
201503022503874,MBL,28,44,1000,572,572000
201503022503873,MBL,13,44,190,573,108870
201503022503872,MBL,50,44,100,575,57500
201503022503742,MBL,57,57,500,575,287500
201503022503741,MBL,57,44,500,573,286500
201503022504069,MBL,33,44,500,574,287000
201503022504068,MBL,33,22,420,574,241080
201503022504060,MBL,33,52,296,575,170200
201503022504059,MBL,33,49,200,575,115000
201503022504042,MBL,14,25,400,574,229600
201503022503896,MBL,33,44,500,574,287000
201503022504205,MBL,33,22,142,575,81650
201503022504169,MBL,33,44,500,575,287500
201503022504162,MBL,33,22,220,575,126500
201503022504126,MBL,33,22,993,575,570975
201503022504121,MBL,33,22,510,575,293250
201503022504070,MBL,33,52,200,575,115000
201503022504175,MMDBL,48,50,10,626,6260
201503022504413,MNBBL,48,48,42,575,24150
201503022504409,MNBBL,48,48,30,575,17250
201503022504403,MNBBL,48,48,30,575,17250
201503022504399,MNBBL,48,48,30,575,17250
201503022504268,MNBBL,17,19,113,580,65540
201503022503736,MNBBL,47,7,200,576,115200
201503022504236,MNBBL,28,48,30,576,17280
201503022504232,MNBBL,47,48,42,575,24150
201503022503740,MNBBL,45,44,15,580,8700
201503022504304,MPFL,14,4,70,173,12110
201503022504283,MPFL,21,4,500,173,86500
201503022504262,MPFL,14,4,20,173,3460
201503022504017,MPFL,14,41,490,173,84770
201503022503987,MPFL,14,41,10,173,1730
201503022503846,MPFL,14,41,10,170,1700
201503022503771,MPFL,14,41,30,167,5010
201503022503744,MPFL,10,41,10,164,1640
201503022503870,NABIL,48,44,21,1930,40530
201503022503869,NABIL,48,44,200,1925,385000
201503022504395,NABILP,11,44,300,1365,409500
201503022504394,NABILP,11,49,200,1364,272800
201503022504358,NABILP,11,6,361,1360,490960
201503022504049,NABILP,28,44,300,1361,408300
201503022503962,NABILP,11,28,400,1360,544000
201503022504385,NBB,33,22,500,522,261000
201503022504140,NBB,54,26,300,522,156600
201503022504139,NBB,54,1,200,521,104200
201503022504025,NBB,33,29,300,520,156000
201503022504024,NBB,33,29,990,520,514800
201503022504023,NBB,33,21,500,520,260000
201503022504004,NBB,54,1,750,519,389250
201503022504328,NBL,20,20,1646,320,526720
201503022504411,NCCB,43,48,100,618,61800
201503022504359,NGBL,42,33,500,327,163500
201503022504308,NGBL,39,39,20,328,6560
201503022504351,NHPC,1,48,1000,121,121000
201503022504350,NHPC,1,42,1000,121,121000
201503022504418,NIB,33,50,30,735,22050
201503022504147,NIB,33,49,200,735,147000
201503022504234,NIBPO,14,14,654,483,315882
201503022504220,NIBPO,49,49,2000,480,960000
201503022503985,NIBSF1,13,45,16867,11,179634
201503022504412,NICA,29,17,146,671,97966
201503022504289,NICA,52,20,50,667,33350
201503022504178,NICA,5,35,60,665,39900
201503022504370,NLIC,45,45,200,4800,960000
201503022504369,NLIC,44,45,300,4800,1440000
201503022504347,NLIC,22,22,43,4801,206443
201503022504215,NLIC,57,7,100,4805,480500
201503022504168,NLIC,44,6,100,4804,480400
201503022504075,NLIC,11,49,43,4805,206615
201503022504401,NLICL,50,34,100,2548,254800
201503022504407,NNLB,34,34,10,1060,10600
201503022504406,NNLB,34,34,10,1060,10600
201503022504405,NNLB,34,34,10,1060,10600
201503022504402,NNLB,34,42,24,1060,25440
201503022504146,NNLB,44,44,10,1060,10600
201503022503769,NNLB,46,29,10,1081,10810
201503022503768,NNLB,46,10,170,1080,183600
201503022504112,NTC,48,29,300,634,190200
201503022504111,NTC,48,29,200,634,126800
201503022504110,NTC,48,29,200,634,126800
201503022503762,OHL,53,17,500,735,367500
201503022504005,OHL,17,17,1000,730,730000
201503022504125,PADBL,57,14,200,424,84800
201503022504079,PADBL,57,14,37,432,15984
201503022504230,PCBL,13,41,80,456,36480
201503022504222,PCBL,13,42,300,455,136500
201503022503847,PCBL,29,29,21,453,9513
201503022503837,PCBL,54,45,313,452,141476
201503022504223,PLIC,53,57,1000,1150,1150000
201503022504217,PLIC,53,40,50,1144,57200
201503022504216,PLIC,53,42,71,1140,80940
201503022503961,PLIC,28,28,100,1145,114500
201503022504424,PRVU,49,1,973,347,337631
201503022504410,PRVU,44,36,1000,346,346000
201503022504393,PRVU,44,51,759,345,261855
201503022504316,PRVU,13,21,500,346,173000
201503022504313,PRVU,47,13,11,348,3828
201503022503711,PRVU,26,26,300,349,104700
201503022503703,PRVU,26,26,11,349,3839
201503022503743,PRVU,45,17,156,346,53976
201503022503727,PRVU,49,21,264,348,91872
201503022503716,PRVU,17,17,58,347,20126
201503022503712,PRVU,48,17,200,348,69600
201503022503833,PRVU,17,41,11,348,3828
201503022503814,PRVU,41,41,11,348,3828
201503022503805,PRVU,41,41,11,348,3828
201503022503799,PRVU,56,21,500,349,174500
201503022503793,PRVU,41,41,11,348,3828
201503022503777,PRVU,41,41,11,348,3828
201503022503903,PRVU,17,17,34,349,11866
201503022503897,PRVU,47,55,11,348,3828
201503022503895,PRVU,17,26,12,349,4188
201503022503889,PRVU,26,36,973,348,338604
201503022503862,PRVU,17,17,500,348,174000
201503022503839,PRVU,41,41,11,348,3828
201503022503974,PRVU,17,1,500,347,173500
201503022503952,PRVU,41,41,12,348,4176
201503022503943,PRVU,41,41,12,348,4176
201503022503942,PRVU,49,17,1000,349,349000
201503022503935,PRVU,41,41,11,348,3828
201503022503909,PRVU,26,26,500,348,174000
201503022504040,PRVU,49,21,366,347,127002
201503022504033,PRVU,50,19,973,346,336658
201503022504028,PRVU,42,38,214,347,74258
201503022503986,PRVU,41,41,11,349,3839
201503022503984,PRVU,41,41,12,349,4188
201503022504203,PRVU,50,7,500,346,173000
201503022504194,PRVU,17,51,33,349,11517
201503022504193,PRVU,13,57,636,346,220056
201503022504172,PRVU,13,57,729,346,252234
201503022504149,PRVU,13,57,1000,346,346000
201503022504067,PRVU,41,41,23,349,8027
201503022504333,REDBL,35,17,38,234,8892
201503022504233,RHPC,5,5,11,476,5236
201503022504201,RHPC,5,5,11,481,5291
201503022504231,RMDC,38,25,500,739,369500
201503022504160,RMDC,25,25,12,754,9048
201503022504036,RMDC,26,50,57,740,42180
201503022504182,SADBL,14,13,50,406,20300
201503022504181,SADBL,14,13,70,406,28420
201503022504417,SANIMA,33,21,1000,553,553000
201503022504249,SBI,57,22,176,935,164560
201503022504051,SBI,47,22,200,935,187000
201503022503883,SBI,4,44,200,935,187000
201503022504361,SBL,50,22,40,685,27400
201503022504360,SBL,50,44,140,685,95900
201503022504362,SCB,47,44,200,2000,400000
201503022504398,SDBL,13,13,48,240,11520
201503022504368,SDBL,21,38,1000,242,242000
201503022504366,SDBL,48,29,500,241,120500
201503022504365,SDBL,48,29,500,241,120500
201503022504364,SDBL,48,8,990,241,238590
201503022504331,SDBL,21,1,200,240,48000
201503022503745,SDBL,45,40,250,247,61750
201503022503739,SDBL,45,48,666,246,163836
201503022503728,SDBL,45,48,648,247,160056
201503022503697,SDBL,1,22,150,247,37050
201503022503988,SDBL,45,22,100,243,24300
201503022503854,SDBL,21,48,500,247,123500
201503022503853,SDBL,21,10,1000,247,247000
201503022503808,SDBL,45,19,1900,248,471200
201503022503783,SDBL,45,22,58,247,14326
201503022503782,SDBL,45,22,350,247,86450
201503022504154,SDBL,13,1,500,239,119500
201503022503989,SDBL,13,22,1000,243,243000
201503022504303,SDBL,5,20,1000,239,239000
201503022504295,SDBL,5,22,900,239,215100
201503022504294,SDBL,5,38,960,238,228480
201503022504290,SDBL,13,22,150,235,35250
201503022504287,SDBL,5,38,400,238,95200
201503022504278,SDBL,13,55,300,235,70500
201503022504276,SEOS,17,26,5000,10,50950
201503022504273,SEOS,17,49,600,10,6090
201503022504263,SEWA,48,44,19,330,6270
201503022504257,SEWA,48,41,190,325,61750
201503022504252,SEWA,48,25,488,320,156160
201503022504247,SEWA,48,14,500,319,159500
201503022503881,SHINE,42,42,542,351,190242
201503022503863,SHINE,42,42,203,358,72674
201503022504246,SHPC,19,29,18,767,13806
201503022504093,SHPC,19,28,13,766,9958
201503022504071,SHPC,38,28,12,766,9192
201503022504058,SHPC,38,28,12,766,9192
201503022504053,SHPC,38,28,13,767,9971
201503022504035,SHPC,38,28,12,766,9192
201503022504030,SHPC,38,26,18,769,13842
201503022504029,SHPC,38,26,18,769,13842
201503022503781,SHPC,38,36,12,770,9240
201503022503780,SHPC,38,36,12,770,9240
201503022503779,SHPC,38,36,12,770,9240
201503022503778,SHPC,38,36,12,770,9240
201503022504372,SIC,39,44,160,1131,180960
201503022504354,SICL,5,44,160,742,118720
201503022503770,SICL,55,26,500,745,372500
201503022504400,SINDU,25,43,1000,252,252000
201503022504322,SINDU,7,43,1000,248,248000
201503022503958,SINDU,46,43,1000,244,244000
201503022503784,SINDU,40,43,1000,240,240000
201503022504206,SKBBL,45,48,31,1555,48205
201503022504167,SKBBL,48,48,19,1555,29545
201503022504166,SKBBL,48,48,19,1555,29545
201503022504163,SKBBL,48,48,19,1555,29545
201503022504251,SLICL,34,29,34,635,21590
201503022504227,SLICL,35,29,34,630,21420
201503022504218,SLICL,21,29,34,630,21420
201503022503792,SMFDB,14,14,100,1581,158100
201503022503791,SMFDB,6,14,50,1582,79100
201503022504312,SRBL,56,55,965,400,386000
201503022504311,SRBL,56,39,300,400,120000
201503022504310,SRBL,56,22,10,398,3980
201503022504307,SRBL,56,22,28,398,11144
201503022504306,SRBL,56,22,81,397,32157
201503022504301,SRBL,56,40,32,395,12640
201503022504164,SRBL,28,28,17,395,6715
201503022503719,SRBL,47,47,17,395,6715
201503022504226,STC,22,19,10,216,2160
201503022504416,SUPRME,46,17,530,173,91690
201503022504415,SUPRME,46,13,100,173,17300
201503022504414,SUPRME,46,57,2360,172,405920
201503022504404,SUPRME,46,38,500,171,85500
201503022504238,SUPRME,38,56,700,170,119000
201503022504050,SUPRME,4,57,1396,170,237320
201503022504260,UFIL,33,36,10,161,1610
201503022504239,UFIL,55,36,10,158,1580
201503022504081,UFIL,55,21,220,155,34100
201503022504077,UFIL,55,21,500,154,77000
201503022504022,UFIL,14,21,200,155,31000
201503022504021,UFIL,14,21,150,154,23100
201503022504314,VBBL,5,43,120,168,20160
201503022504165,VBBL,42,14,710,168,119280
201503022504161,VBBL,42,43,500,167,83500
201503022504129,VBBL,42,43,1000,166,166000
201503022504043,VBBL,46,29,300,164,49200
201503022504018,VBBL,5,25,80,165,13200
201503022503713,VBBL,54,14,70,164,11480
201503022503696,VBBL,54,14,20,162,3240
201503022503695,VBBL,54,49,30,162,4860
201503022503694,VBBL,54,49,30,162,4860
201503022503693,VBBL,54,49,30,162,4860
201503022503692,VBBL,54,49,30,162,4860
201503022504011,VBBL,5,25,70,165,11550
201503022504001,VBBL,5,25,310,165,51150
201503022503748,VBBL,28,25,60,167,10020
201503022503747,VBBL,28,14,60,167,10020
201503022503746,VBBL,28,25,500,166,83000
201503022503714,VBBL,54,25,500,164,82000
201503022504390,WDBL,26,51,500,345,172500
201503022504100,WDBL,21,17,20,342,6840
201503022503807,WDBL,19,19,20,342,6840
201503022504009,YETI,13,26,826,129,106554
201503022503582,ADBL,17,29,30,477,14310
201503022503515,AHPC,28,48,500,347,173500
201503022503458,AHPC,17,46,245,348,85260
201503022503457,AHPC,17,17,1000,347,347000
201503022503590,ARDBL,21,50,378,201,75978
201503022503463,CBL,33,25,27,294,7938
201503022503470,CDBL,17,44,20,351,7020
201503022503683,CHCL,49,41,35,1600,56000
201503022503417,CHCL,6,41,35,1595,55825
201503022503401,CHCL,6,41,35,1595,55825
201503022503394,CHCL,49,49,45,1595,71775
201503022503474,CZBIL,44,44,773,463,357899
201503022503471,CZBIL,44,42,48,460,22080
201503022503469,CZBIL,44,42,20,460,9200
201503022503499,EKBL,39,29,33,285,9405
201503022503497,EKBL,39,29,33,285,9405
201503022503496,EKBL,39,29,33,285,9405
201503022503492,EKBL,39,29,33,285,9405
201503022503491,EKBL,39,29,33,285,9405
201503022503490,EKBL,39,29,33,285,9405
201503022503483,EKBL,39,29,33,285,9405
201503022503482,EKBL,39,29,33,285,9405
201503022503489,EKBL,39,29,33,285,9405
201503022503488,EKBL,39,29,33,285,9405
201503022503487,EKBL,39,29,33,285,9405
201503022503486,EKBL,39,29,33,285,9405
201503022503485,EKBL,39,29,33,285,9405
201503022503484,EKBL,39,29,33,285,9405
201503022503285,GABL,45,45,10,150,1500
201503022503659,GBIME,33,36,188,470,88360
201503022503639,GBIME,33,42,138,470,64860
201503022503606,GBIME,21,57,86,470,40420
201503022503544,GDBL,21,21,42,312,13104
201503022503622,HAMA,8,26,5680,160,908800
201503022503574,HBDL,47,38,69,113,7797
201503022503520,HDL,49,8,20,621,12420
201503022503519,HDL,49,8,20,621,12420
201503022503517,HDL,49,8,20,621,12420
201503022503514,HDL,49,8,20,621,12420
201503022503640,IDBL,45,33,779,192,149568
201503022503595,IDBL,49,49,1010,191,192910
201503022503593,IDBL,49,49,1322,191,252502
201503022503597,INDBL,49,21,88,233,20504
201503022503646,JBBL,1,13,90,200,18000
201503022503641,JBBL,1,1,840,200,168000
201503022503576,JBBL,1,6,10,200,2000
201503022503572,JBBL,1,41,80,200,16000
201503022503571,JBBL,1,22,10,200,2000
201503022503545,JBBL,1,22,21,200,4200
201503022503512,JBNL,35,35,321,275,88275
201503022503454,KCDBL,17,11,150,249,37350
201503022503399,KCDBL,17,11,150,249,37350
201503022503398,KCDBL,17,11,150,249,37350
201503022503397,KCDBL,17,17,150,247,37050
201503022503682,KDBL,28,17,259,163,42217
201503022503575,KDBL,42,22,903,160,144480
201503022503507,KDBL,42,28,20,160,3200
201503022503481,KDBL,28,28,10,163,1630
201503022503429,KDBL,28,22,155,166,25730
201503022503387,KDBL,42,42,85,163,13855
201503022503385,KDBL,42,42,60,163,9780
201503022503384,KDBL,42,42,64,163,10432
201503022503383,KDBL,42,42,33,163,5379
201503022503375,KDBL,42,42,33,163,5379
201503022503374,KDBL,42,42,25,163,4075
201503022503423,KNBL,46,6,10,306,3060
201503022503396,KNBL,46,44,32,306,9792
201503022503395,KNBL,46,44,43,306,13158
201503022503475,LLBS,25,25,10,960,9600
201503022503468,LLBS,44,20,10,957,9570
201503022503461,LLBS,14,20,10,976,9760
201503022503456,LLBS,44,44,2000,995,1990000
201503022503433,LLBS,44,50,10,990,9900
201503022503432,LLBS,44,41,10,990,9900
201503022503511,MBL,14,26,500,570,285000
201503022503502,MBL,42,25,1000,570,570000
201503022503500,MBL,34,25,500,571,285500
201503022503495,MBL,46,22,287,575,165025
201503022503460,MBL,42,42,1078,575,619850
201503022503623,MDBL,45,22,210,230,48300
201503022503286,MNBBL,43,43,25,565,14125
201503022503662,MPFL,29,41,150,162,24300
201503022503504,MPFL,14,41,20,161,3220
201503022503594,NABILP,43,44,500,1360,680000
201503022503664,NBB,45,45,225,520,117000
201503022503583,NBB,5,38,25,520,13000
201503022503661,NBF1,49,49,361,14,5018
201503022503658,NBF1,49,49,2636,14,36640
201503022503431,NBF1,53,53,2997,14,41958
201503022503630,NCDB,40,21,464,255,118320
201503022503686,NGBL,45,39,20,322,6440
201503022503657,NGBL,17,39,10,316,3160
201503022503476,NGBL,39,39,1790,310,554900
201503022503467,NGBL,39,39,500,307,153500
201503022503464,NGBL,39,39,2500,313,782500
201503022503462,NGBL,39,39,10,319,3190
201503022503573,NIBSF1,13,53,5000,11,53250
201503022503596,NICA,5,46,60,665,39900
201503022503592,NICA,5,57,11,663,7293
201503022503542,NMBSF1,17,17,5000,10,51250
201503022503513,NMBSF1,17,17,5000,10,51250
201503022503508,NMBSF1,17,17,5000,10,51250
201503022503506,NMBSF1,17,17,5000,10,51250
201503022503503,NMBSF1,17,17,5000,10,51250
201503022503501,NMBSF1,17,17,5000,10,51250
201503022503494,NMBSF1,17,17,2610,10,26753
201503022503493,NMBSF1,17,17,2610,10,26753
201503022503480,NMBSF1,17,17,2610,10,26753
201503022503466,NMBSF1,17,17,5000,10,51250
201503022503465,NMBSF1,17,17,5000,10,51250
201503022503684,NNLB,44,29,10,1060,10600
201503022503653,NNLB,46,36,10,1050,10500
201503022503589,NNLB,26,29,10,1045,10450
201503022503518,NNLB,36,29,20,1025,20500
201503022503621,OHL,47,47,10,723,7230
201503022503591,OHL,44,17,500,730,365000
201503022503510,OHL,14,17,500,725,362500
201503022503509,OHL,14,42,10,725,7250
201503022503479,PCBL,46,46,133,452,60116
201503022503685,PRVU,53,17,188,348,65424
201503022503607,PRVU,17,21,200,349,69800
201503022503516,PRVU,42,46,11,350,3850
201503022503599,PURBL,49,21,100,387,38700
201503022503373,REDBL,42,42,19,232,4408
201503022503372,REDBL,42,42,17,232,3944
201503022503371,REDBL,42,42,17,232,3944
201503022503370,REDBL,42,42,17,232,3944
201503022503369,REDBL,42,42,17,232,3944
201503022503368,REDBL,42,42,17,232,3944
201503022503361,REDBL,42,42,17,232,3944
201503022503360,REDBL,42,42,17,232,3944
201503022503359,REDBL,42,42,17,232,3944
201503022503358,REDBL,42,42,17,232,3944
201503022503367,REDBL,42,42,17,232,3944
201503022503366,REDBL,42,42,17,232,3944
201503022503365,REDBL,42,42,17,232,3944
201503022503364,REDBL,42,42,17,232,3944
201503022503363,REDBL,42,42,17,232,3944
201503022503362,REDBL,42,42,17,232,3944
201503022503585,RMDC,38,38,661,738,487818
201503022503459,RMDC,38,11,33,752,24816
201503022503581,SADBL,21,21,100,406,40600
201503022503498,SADBL,45,6,30,410,12300
201503022503477,SADBL,45,14,210,410,86100
201503022503543,SBI,33,44,6000,925,5550000
201503022503400,SBL,50,11,200,685,137000
201503022503660,SDBL,57,17,200,243,48600
201503022503601,SDBL,21,17,350,239,83650
201503022503600,SDBL,21,26,325,238,77350
201503022503598,SDBL,39,22,1000,237,237000
201503022503588,SDBL,54,54,575,236,135700
201503022503586,SDBL,45,54,1000,236,236000
201503022503584,SDBL,44,22,200,235,47000
201503022503580,SDBL,21,48,388,231,89628
201503022503541,SDBL,21,17,2210,235,519350
201503022503478,SDBL,45,17,180,231,41580
201503022503472,SHL,48,56,100,487,48700
201503022503676,SHPC,41,33,18,771,13878
201503022503672,SHPC,41,36,74,770,56980
201503022503629,SHPC,38,33,18,771,13878
201503022503587,SHPC,22,4,12,770,9240
201503022503473,SHPC,22,22,750,755,566250
201503022503393,SHPC,33,33,12,768,9216
201503022503386,SHPC,49,49,18,776,13968
201503022503382,SHPC,49,49,18,776,13968
201503022503379,SHPC,49,49,18,776,13968
201503022503378,SHPC,49,49,18,776,13968
201503022503377,SHPC,49,49,18,776,13968
201503022503376,SHPC,49,49,18,776,13968
201503022503613,SRBL,28,46,210,395,82950
201503022503602,SRBL,28,25,17,394,6698
201503022503455,UFIL,48,48,10,152,1520
201503022503430,UFIL,48,48,20,152,3040
201503022503691,VBBL,54,49,30,162,4860
201503022503690,VBBL,54,49,30,162,4860
201503022503689,VBBL,54,49,30,162,4860
201503022503688,VBBL,54,49,30,162,4860
201503022503687,VBBL,54,49,30,162,4860
201503022503671,VBBL,28,14,40,161,6440
201503022503670,VBBL,28,34,70,160,11200
201503022503663,WDBL,44,48,24,339,8136
201503022503615,WDBL,44,44,500,345,172500
201503022503614,WDBL,44,34,60,341,20460
201503022503505,WDBL,44,22,20,341,6820
