contract,symbol,buyer,seller,qty,rate,amt
201503172521195,ACEDBL,22,21,485,260,126100
201503172521111,ACEDBL,26,26,431,259,111629
201503172520806,ADBL,10,7,40,471,18840
201503172521280,AHPC,22,41,169,345,58305
201503172521231,AHPC,34,40,565,343,193795
201503172520891,AHPC,37,37,553,344,190232
201503172520881,ALDBL,51,26,20,339,6780
201503172520975,ALICL,11,29,25,1250,31250
201503172521109,ALICLP,49,50,100,524,52400
201503172521107,ALICLP,49,50,100,514,51400
201503172521100,ALICLP,49,50,100,504,50400
201503172521087,ALICLP,49,50,100,495,49500
201503172521265,APEX,26,21,312,139,43368
201503172521264,APEX,26,21,220,139,30580
201503172521220,APEX,26,45,334,137,45758
201503172521071,APEX,26,13,222,139,30858
201503172521027,APEX,26,13,114,139,15846
201503172521016,APEX,26,25,80,139,11120
201503172520942,APEX,49,48,140,136,19040
201503172520926,APEX,26,41,1000,135,135000
201503172520899,APEX,57,59,544,134,72896
201503172520960,APEX,26,25,891,137,122067
201503172520944,APEX,49,17,114,136,15504
201503172520943,APEX,49,51,120,136,16320
201503172521177,ARDBL,41,49,21,224,4704
201503172521174,ARDBL,50,49,1991,223,443993
201503172520804,ARDBL,32,32,1000,226,226000
201503172521079,BPCL,21,53,17,610,10370
201503172521268,CBL,48,14,414,290,120060
201503172521207,CBL,59,53,103,293,30179
201503172521134,CBL,25,44,110,291,32010
201503172520964,CBL,47,25,510,290,147900
201503172520892,CBL,57,1,81,291,23571
201503172521258,CCBL,25,40,20,318,6360
201503172521094,CCBL,14,44,200,319,63800
201503172521093,CCBL,39,44,60,319,19140
201503172520954,CCBL,39,25,40,319,12760
201503172520945,CCBL,37,16,120,318,38160
201503172520816,CCBL,59,44,500,320,160000
201503172520887,CFCL,16,25,300,220,66000
201503172520808,CFCL,17,16,71,216,15336
201503172520807,CFCL,17,26,128,215,27520
201503172521266,CHCL,5,25,130,1604,208520
201503172521224,CHCL,26,25,47,1605,75435
201503172521169,CHCL,32,49,414,1600,662400
201503172521124,CHCL,41,49,100,1600,160000
201503172521123,CHCL,35,49,70,1600,112000
201503172521122,CHCL,1,49,100,1600,160000
201503172520847,CHCL,17,8,94,1605,150870
201503172520829,CHCL,29,14,127,1600,203200
201503172521121,CHCL,13,49,50,1600,80000
201503172521120,CHCL,52,49,100,1601,160100
201503172521119,CHCL,48,49,100,1602,160200
201503172521118,CHCL,14,49,40,1602,64080
201503172521117,CHCL,17,49,100,1603,160300
201503172521116,CHCL,33,49,30,1605,48150
201503172521240,CNDBL,39,57,20,183,3660
201503172521230,CNDBL,14,57,20,184,3680
201503172521221,CNDBL,39,57,80,183,14640
201503172521022,CNDBL,47,32,200,185,37000
201503172520909,CNDBL,14,37,20,184,3680
201503172520904,CNDBL,14,37,20,184,3680
201503172521106,CSDBL,45,5,18,430,7740
201503172521164,CZBIL,8,21,50,462,23100
201503172521003,CZBIL,34,16,190,461,87590
201503172520997,CZBIL,52,44,663,460,304980
201503172520992,CZBIL,26,21,200,461,92200
201503172520939,EBL,7,10,59,2100,123900
201503172520837,EBL,45,45,100,2100,210000
201503172520828,EBL,16,11,132,2100,277200
201503172520820,EBL,16,13,128,2100,268800
201503172521013,EFL,17,17,820,196,160720
201503172521006,EFL,47,22,50,196,9800
201503172521005,EFL,47,22,50,196,9800
201503172521262,EKBL,40,13,87,288,25056
201503172521223,EKBL,57,13,491,288,141408
201503172521061,EKBL,52,25,33,293,9669
201503172521044,EKBL,16,13,50,290,14500
201503172521033,EKBL,16,26,250,290,72500
201503172520995,EKBL,16,13,99,293,29007
201503172520856,EKBL,47,13,33,291,9603
201503172520836,EKBL,41,50,66,294,19404
201503172520830,EKBL,32,26,98,296,29008
201503172520794,EKBL,41,48,99,295,29205
201503172521129,GBBL,1,59,243,332,80676
201503172521115,GBBL,29,50,40,335,13400
201503172521110,GBBL,32,39,400,330,132000
201503172521108,GBBL,25,39,200,332,66400
201503172520933,GBBL,13,13,2000,329,658000
201503172520882,GBBL,40,39,56,332,18592
201503172521232,GBIME,29,16,45,458,20610
201503172521162,GBIME,29,16,45,458,20610
201503172521156,GBIME,29,4,25,462,11550
201503172521132,GBIME,29,59,25,458,11450
201503172521096,GBIME,29,4,15,462,6930
201503172521053,GBIME,52,16,45,456,20520
201503172520902,GBIME,49,39,45,460,20700
201503172520900,GBIME,22,22,30,464,13920
201503172521035,GBIME,47,16,45,456,20520
201503172521001,GBIME,47,11,54,457,24678
201503172520956,GBIME,49,25,88,458,40304
201503172520927,GBIME,59,59,69,460,31740
201503172520918,GBIME,36,57,29,460,13340
201503172520916,GBIME,36,57,29,460,13340
201503172521155,GDBL,29,51,100,318,31800
201503172521150,GLICL,36,35,95,545,51775
201503172521007,GLICL,36,5,490,535,262150
201503172521246,GMFIL,28,19,100,274,27400
201503172521090,HAMA,16,40,40,170,6800
201503172521086,HAMA,16,16,40,170,6800
201503172521040,HAMA,8,10,500,168,84000
201503172520986,HAMA,22,43,70,170,11900
201503172520922,HAMA,8,11,330,169,55770
201503172520921,HAMA,8,43,540,169,91260
201503172520824,HAMA,14,40,40,168,6720
201503172520819,HAMA,17,50,490,167,81830
201503172520919,HAMA,29,40,40,168,6720
201503172520901,HAMA,39,40,40,168,6720
201503172520867,HAMA,29,40,40,168,6720
201503172520827,HAMA,14,40,40,168,6720
201503172520826,HAMA,14,40,40,168,6720
201503172520825,HAMA,14,40,40,168,6720
201503172520818,HAMRO,50,44,64,270,17280
201503172520890,HBDL,10,10,600,111,66600
201503172521076,HBDL,32,10,912,110,100320
201503172520984,HBDL,50,10,2000,110,220000
201503172520915,HBDL,53,10,1000,112,112000
201503172521151,ICFC,43,44,46,278,12788
201503172521144,ICFC,10,59,74,279,20646
201503172521066,ICFC,10,46,119,281,33439
201503172520971,ICFC,45,46,148,280,41440
201503172521197,IDBL,59,59,276,190,52440
201503172521153,IDBL,50,44,758,190,144020
201503172521127,IDBL,50,29,1000,193,193000
201503172521126,IDBL,50,51,57,192,10944
201503172521125,IDBL,50,7,224,191,42784
201503172521063,IDBL,16,17,45,191,8595
201503172520940,IDBL,7,49,300,191,57300
201503172521166,INDB,29,39,30,399,11970
201503172521235,JBBL,41,14,380,198,75240
201503172521050,JBNL,47,52,335,280,93800
201503172521039,JBNL,47,50,33,280,9240
201503172521036,JBNL,47,50,33,280,9240
201503172520968,JFL,22,26,65,387,25155
201503172520941,JFL,29,26,144,382,55008
201503172521043,KAFIL,32,59,57,229,13053
201503172521000,KAFIL,39,7,89,228,20292
201503172520996,KAFIL,14,7,500,229,114500
201503172521012,KBBL,22,20,698,378,263844
201503172520803,KBBL,7,39,500,376,188000
201503172521274,KBL,13,8,84,381,32004
201503172521226,KBL,35,21,400,381,152400
201503172521183,KBL,26,11,76,385,29260
201503172520924,KBL,16,10,374,382,142868
201503172520866,KBL,29,22,95,381,36195
201503172520834,KBL,29,17,200,381,76200
201503172520813,KBL,20,39,100,384,38400
201503172521180,KCDBL,22,39,50,259,12950
201503172521173,KCDBL,17,33,150,258,38700
201503172521098,KCDBL,17,40,17,258,4386
201503172521081,KCDBL,17,40,17,258,4386
201503172521077,KCDBL,17,47,10,258,2580
201503172521075,KCDBL,17,40,17,258,4386
201503172520795,KCDBL,17,40,51,258,13158
201503172520934,KCDBL,36,1,10,260,2600
201503172520912,KCDBL,17,40,17,259,4403
201503172520883,KCDBL,22,40,17,259,4403
201503172520802,KCDBL,17,39,17,263,4471
201503172520797,KCDBL,22,1,75,260,19500
201503172520796,KCDBL,17,57,51,260,13260
201503172520983,KCDBL,17,47,10,258,2580
201503172520967,KCDBL,22,40,17,262,4454
201503172520961,KCDBL,22,47,10,262,2620
201503172520937,KCDBL,36,25,181,262,47422
201503172520936,KCDBL,36,1,10,260,2600
201503172520935,KCDBL,36,1,10,260,2600
201503172521060,KCDBL,17,40,17,258,4386
201503172521032,KCDBL,17,33,301,260,78260
201503172521031,KCDBL,17,47,10,258,2580
201503172521018,KCDBL,17,44,299,258,77142
201503172521010,KCDBL,17,47,10,258,2580
201503172520990,KCDBL,17,47,10,258,2580
201503172521205,KDBL,10,10,28,157,4396
201503172521185,KDBL,10,10,41,157,6437
201503172521138,KDBL,41,17,43,159,6837
201503172520869,KDBL,10,25,85,160,13600
201503172520868,KDBL,10,26,12,159,1908
201503172520843,KDBL,43,1,96,157,15072
201503172520814,KDBL,10,10,28,158,4424
201503172520799,KDBL,10,10,28,158,4424
201503172521229,KFL,32,32,22,164,3608
201503172521222,KFL,26,32,113,161,18193
201503172521168,KFL,25,32,529,158,83582
201503172521141,KFL,58,32,500,159,79500
201503172521131,KKBL,49,59,44,410,18040
201503172520962,KMCDB,7,33,10,1100,11000
201503172520949,KMCDB,7,33,10,1100,11000
201503172520948,KMCDB,7,44,30,1100,33000
201503172521142,KNBL,25,19,101,293,29593
201503172521247,KRBL,26,1,100,294,29400
201503172521133,KRBL,50,43,40,295,11800
201503172521091,KRBL,50,4,40,290,11600
201503172521267,LBL,26,37,200,544,108800
201503172521252,LBL,36,21,305,550,167750
201503172521206,LBL,58,37,100,545,54500
201503172521182,LBL,58,37,100,545,54500
201503172521158,LBL,58,37,100,546,54600
201503172521140,LBL,58,37,118,546,64428
201503172521054,LBL,51,37,100,545,54500
201503172521041,LBL,48,37,376,545,204920
201503172521139,LGIL,16,59,44,377,16588
201503172521192,LICN,26,43,100,2600,260000
201503172521291,LLBS,53,14,300,909,272700
201503172521249,LLBS,11,40,10,911,9110
201503172521248,LLBS,11,40,10,911,9110
201503172521244,LLBS,11,40,10,910,9100
201503172521143,LLBS,14,11,10,910,9100
201503172521114,LLBS,7,26,40,909,36360
201503172520853,LLBS,36,22,10,900,9000
201503172520852,LLBS,36,22,10,900,9000
201503172520851,LLBS,36,22,10,900,9000
201503172521017,LLBS,45,29,10,905,9050
201503172521014,LLBS,45,29,10,905,9050
201503172521009,LLBS,45,29,10,905,9050
201503172521008,LLBS,45,29,10,905,9050
201503172520855,LLBS,36,22,10,900,9000
201503172520854,LLBS,26,26,15,908,13620
201503172521113,LLBS,7,29,10,908,9080
201503172521085,LLBS,1,11,10,905,9050
201503172521067,LLBS,36,36,10,900,9000
201503172521064,LLBS,36,36,10,900,9000
201503172521062,LLBS,36,36,10,900,9000
201503172521019,LLBS,45,29,10,905,9050
201503172521286,LUBL,41,17,500,355,177500
201503172521282,LUBL,51,59,1000,354,354000
201503172521025,LUBL,1,17,140,358,50120
201503172521023,LUBL,58,17,200,357,71400
201503172521020,LUBL,51,17,500,355,177500
201503172521290,MBBL,45,26,50,230,11500
201503172521102,MBBL,45,26,50,234,11700
201503172520994,MBBL,45,50,11,238,2618
201503172520993,MBBL,45,46,20,238,4760
201503172520957,MBBL,45,7,36,234,8424
201503172520938,MBBL,45,51,48,230,11040
201503172520906,MBBL,16,39,100,226,22600
201503172520886,MBBL,22,51,884,223,197132
201503172520838,MBBL,45,5,300,221,66300
201503172521261,MBL,22,49,60,568,34080
201503172521088,MBL,26,28,200,565,113000
201503172520910,MBL,48,14,809,563,455467
201503172520951,MDB,41,51,205,515,105575
201503172520932,MDB,58,4,180,513,92340
201503172521078,MDBL,57,8,468,231,108108
201503172520870,MDBL,57,8,500,232,116000
201503172521084,MLBBL,46,1,12,1000,12000
201503172521059,MLBBL,46,41,79,999,78921
201503172520991,MLBBL,46,29,12,980,11760
201503172520982,MLBBL,14,29,12,977,11724
201503172520978,MLBBL,5,29,12,978,11736
201503172520973,MLBBL,22,29,12,978,11736
201503172520959,MLBBL,36,29,12,977,11724
201503172520953,MLBBL,22,29,12,976,11712
201503172520946,MLBBL,5,29,12,977,11724
201503172521172,MMDBL,48,10,10,904,9040
201503172521112,MMDBL,4,59,10,887,8870
201503172520907,MMDBL,14,59,10,905,9050
201503172521184,MNBBL,48,17,98,564,55272
201503172521199,MPFL,41,17,20,171,3420
201503172521188,MPFL,57,45,500,171,85500
201503172520845,MPFL,41,14,50,174,8700
201503172520842,MPFL,11,59,10,174,1740
201503172520835,MPFL,11,59,10,174,1740
201503172520831,MPFL,11,59,10,174,1740
201503172520822,MPFL,41,59,10,174,1740
201503172521292,NABIL,34,11,100,1906,190600
201503172521276,NABIL,17,11,40,1915,76600
201503172521196,NABIL,48,49,137,1908,261396
201503172521089,NABIL,37,49,91,1911,173901
201503172521082,NABIL,37,37,63,1920,120960
201503172521074,NABIL,32,49,188,1906,358328
201503172521026,NABIL,52,19,156,1915,298740
201503172520832,NABIL,36,21,82,1915,157030
201503172520815,NABIL,16,19,149,1911,284739
201503172520969,NABILP,17,49,200,1345,269000
201503172521236,NBB,14,28,500,510,255000
201503172521234,NBB,49,8,1252,507,634764
201503172521175,NBB,53,36,1000,508,508000
201503172521021,NBB,50,8,300,511,153300
201503172520966,NBB,48,22,1515,510,772650
201503172520955,NBB,1,16,200,512,102400
201503172521237,NBBL,19,19,53,1816,96248
201503172521092,NBBL,25,26,100,1820,182000
201503172520976,NBBL,32,26,100,1822,182200
201503172520923,NBBL,1,4,100,1820,182000
201503172520875,NBBL,1,59,55,1836,100980
201503172521242,NBF1,49,29,1498,14,20523
201503172521146,NBF1,43,29,1498,14,20523
201503172521137,NBF1,43,29,1498,14,20523
201503172520864,NBF1,53,29,1498,14,20523
201503172520863,NBF1,43,29,1498,14,20538
201503172521057,NBL,32,32,1000,321,321000
201503172521004,NBL,17,1,500,322,161000
201503172520974,NBL,33,32,1000,320,320000
201503172520950,NBL,29,16,200,322,64400
201503172520931,NBL,29,32,200,322,64400
201503172520930,NBL,29,14,100,322,32200
201503172520929,NBL,29,14,500,322,161000
201503172521145,NCM,19,34,74,216,15984
201503172520905,NCM,19,14,448,220,98560
201503172521190,NGBL,32,22,516,295,152220
201503172521186,NGBL,32,10,120,294,35280
201503172521157,NGBL,44,22,10,290,2900
201503172520805,NHPC,19,17,1000,130,130000
201503172521128,NIB,19,21,34,725,24650
201503172521105,NIB,41,49,26,720,18720
201503172521103,NIB,7,49,32,720,23040
201503172521083,NIB,41,21,470,720,338400
201503172520987,NIB,11,58,101,720,72720
201503172520963,NIB,20,37,385,720,277200
201503172520876,NIB,10,50,109,720,78480
201503172521277,NIBPO,22,13,490,492,241080
201503172521058,NIBPO,29,29,400,491,196400
201503172520920,NIBPO,54,49,993,490,486570
201503172520903,NIBPO,54,49,1000,490,490000
201503172521202,NICA,57,49,498,655,326190
201503172521198,NICA,47,17,80,655,52400
201503172521147,NICA,45,44,27,654,17658
201503172521052,NICA,41,49,330,655,216150
201503172521029,NICA,50,17,185,656,121360
201503172520908,NICA,22,17,326,656,213856
201503172521101,NICL,47,39,90,400,36000
201503172521251,NLBBL,19,11,72,1255,90360
201503172521193,NLBBL,19,11,40,1255,50200
201503172521191,NLBBL,19,11,40,1255,50200
201503172521136,NLBBL,19,22,64,1264,80896
201503172521239,NLIC,19,19,43,4540,195220
201503172521042,NLIC,43,33,150,4535,680250
201503172521028,NLIC,44,22,86,4521,388806
201503172520878,NLIC,1,36,102,4515,460530
201503172521241,NLICL,22,25,211,2305,486355
201503172521171,NLICL,20,33,598,2295,1372410
201503172521099,NLICL,43,28,204,2298,468792
201503172520817,NLICL,13,19,382,2301,878982
201503172520793,NLICL,34,32,300,2300,690000
201503172520862,NMBSF1,4,47,1100,10,11165
201503172520861,NMBSF1,4,47,1100,10,11165
201503172520860,NMBSF1,4,47,1000,10,10150
201503172520859,NMBSF1,4,47,1000,10,10150
201503172520858,NMBSF1,4,41,5000,10,50750
201503172521279,NTC,10,25,100,636,63600
201503172521250,NTC,52,19,100,633,63300
201503172521095,NTC,10,48,500,630,315000
201503172521283,NUBL,41,13,187,1295,242165
201503172521256,NUBL,35,59,200,1305,261000
201503172520979,NUBL,59,59,250,1300,325000
201503172521255,OHL,14,43,20,739,14780
201503172521254,OHL,14,59,180,738,132840
201503172521253,OHL,14,43,70,737,51590
201503172521263,PCBL,25,50,577,440,253880
201503172521218,PCBL,32,29,80,442,35360
201503172521189,PCBL,45,50,27,440,11880
201503172521181,PCBL,26,45,159,441,70119
201503172521104,PCBL,51,50,477,440,209880
201503172520925,PCBL,52,50,507,440,223080
201503172520877,PCBL,22,34,80,442,35360
201503172520833,PCBL,52,44,271,441,119511
201503172520823,PCBL,51,44,200,445,89000
201503172521149,PICL,13,39,500,440,220000
201503172521219,PLIC,49,21,54,1130,61020
201503172521215,PLIC,49,36,290,1125,326250
201503172521214,PLIC,49,28,162,1123,181926
201503172521213,PLIC,49,39,140,1123,157220
201503172521212,PLIC,49,28,137,1122,153714
201503172521211,PLIC,49,28,200,1122,224400
201503172521210,PLIC,49,28,189,1122,212058
201503172521209,PLIC,49,17,67,1122,75174
201503172521208,PLIC,49,28,191,1121,214111
201503172520872,PLIC,5,52,100,1124,112400
201503172520865,PLIC,5,51,27,1120,30240
201503172520857,PLIC,5,51,13,1120,14560
201503172521278,PRVU,35,32,500,340,170000
201503172521270,PRVU,35,19,1000,339,339000
201503172521178,PRVU,59,59,1563,336,525168
201503172520839,PRVU,28,29,591,338,199758
201503172520914,PRVU,16,41,1167,339,395613
201503172520913,PRVU,35,11,11,340,3740
201503172520896,PRVU,39,5,11,340,3740
201503172520893,PRVU,39,5,44,340,14960
201503172520888,PRVU,47,5,11,340,3740
201503172520884,PRVU,22,5,11,341,3751
201503172521080,PRVU,16,40,700,339,237300
201503172521024,PRVU,48,19,500,339,169500
201503172521011,PRVU,28,16,486,338,164268
201503172520958,PRVU,28,4,1000,338,338000
201503172520917,PRVU,39,11,11,340,3740
201503172521260,PURBL,19,48,61,418,25498
201503172521259,PURBL,19,47,10,418,4180
201503172521148,PURBL,5,47,10,410,4100
201503172520972,PURBL,19,14,22,402,8844
201503172521049,PURBL,49,14,22,402,8844
201503172521048,PURBL,49,14,22,402,8844
201503172521047,PURBL,49,14,22,402,8844
201503172521046,PURBL,49,14,22,402,8844
201503172521034,PURBL,19,14,22,402,8844
201503172520989,PURBL,49,14,22,402,8844
201503172520850,REDBL,48,43,17,232,3944
201503172520840,REDBL,48,43,17,229,3893
201503172520811,REDBL,48,48,17,225,3825
201503172521285,RHPC,51,13,94,481,45214
201503172521243,RHPC,41,13,94,486,45684
201503172521056,RHPC,51,13,94,485,45590
201503172521002,RHPC,11,13,94,485,45590
201503172520928,RMDC,35,35,858,725,622050
201503172520898,RMDC,50,21,195,725,141375
201503172520897,RMDC,50,1,100,724,72400
201503172521257,SANIMA,57,7,96,547,52512
201503172521225,SANIMA,52,44,185,549,101565
201503172521179,SANIMA,25,14,1000,542,542000
201503172521160,SANIMA,35,49,282,545,153690
201503172521037,SANIMA,19,36,500,548,274000
201503172520998,SANIMA,48,44,200,550,110000
201503172520895,SANIMA,16,58,184,548,100832
201503172520874,SANIMA,54,50,439,549,241011
201503172520841,SANIMA,8,14,700,550,385000
201503172521245,SBI,36,10,100,921,92100
201503172521176,SBI,21,25,75,922,69150
201503172521159,SBI,13,5,66,923,60918
201503172521065,SBI,58,49,154,925,142450
201503172521051,SBI,43,17,924,919,849156
201503172520812,SBI,43,16,441,921,406161
201503172521152,SBL,52,14,821,665,545965
201503172521097,SBL,43,58,106,671,71126
201503172521030,SBL,52,41,291,663,192933
201503172520801,SBL,41,39,240,669,160560
201503172521284,SCB,11,11,16,1955,31280
201503172521227,SCB,41,49,41,1955,80155
201503172521154,SCB,37,49,15,1961,29415
201503172521233,SDBL,51,53,1000,221,221000
201503172521045,SDBL,51,17,345,225,77625
201503172520911,SDBL,4,17,100,222,22200
201503172520873,SDBL,13,41,770,218,167860
201503172521275,SEWA,51,7,247,300,74100
201503172520977,SEWA,51,45,300,300,90000
201503172520970,SEWA,51,37,47,300,14100
201503172520947,SEWA,26,37,161,300,48300
201503172520798,SEWA,5,46,23,295,6785
201503172520981,SHBL,45,1,10,1140,11400
201503172521200,SHINE,29,21,40,367,14680
201503172521135,SHINE,29,41,101,367,37067
201503172521187,SHL,20,49,800,451,360800
201503172521170,SHL,33,22,200,459,91800
201503172520988,SHL,52,45,538,454,244252
201503172520894,SHL,13,45,1181,452,533812
201503172520889,SHL,11,41,133,458,60914
201503172521072,SHPC,52,28,198,745,147510
201503172521015,SHPC,52,28,156,745,116220
201503172520809,SICL,14,7,10,740,7400
201503172521271,SIGS1,26,1,2500,16,40375
201503172520885,SINDU,50,1,400,242,96800
201503172521272,SKBBL,7,4,100,1515,151500
201503172521269,SKBBL,8,4,100,1516,151600
201503172521217,SKBBL,19,4,20,1525,30500
201503172521203,SKBBL,19,4,50,1525,76250
201503172521194,SKBBL,19,4,120,1525,183000
201503172521167,SKBBL,36,4,50,1525,76250
201503172520952,SKBBL,36,17,50,1535,76750
201503172520821,SKBBL,5,19,50,1533,76650
201503172521238,SLICL,36,14,45,625,28125
201503172521228,SLICL,36,14,45,625,28125
201503172521289,SMFDB,33,57,100,1559,155900
201503172521288,SMFDB,10,57,100,1560,156000
201503172521287,SMFDB,19,57,100,1565,156500
201503172521070,SMFDB,10,57,50,1565,78250
201503172521069,SMFDB,19,57,100,1570,157000
201503172521068,SMFDB,19,57,60,1570,94200
201503172521281,SRBL,46,52,184,400,73600
201503172521216,SRBL,33,44,500,402,201000
201503172521204,SRBL,33,33,204,401,81804
201503172520849,SRBL,44,44,5000,400,2000000
201503172520848,SRBL,17,44,500,402,201000
201503172520846,SRBL,44,32,28,406,11368
201503172521130,SUPRME,21,13,250,171,42750
201503172521073,SUPRME,54,20,50,171,8550
201503172521055,SUPRME,54,13,100,171,17100
201503172520844,SUPRME,43,25,257,170,43690
201503172520810,SUPRME,5,20,200,171,34200
201503172520800,SUPRME,36,48,1000,170,170000
201503172521163,SWBBL,52,25,50,1620,81000
201503172520879,SWBBL,17,37,160,1630,260800
201503172521201,UIC,5,19,217,985,213745
201503172521165,UIC,5,17,110,1000,110000
201503172521161,UIC,5,11,40,1000,40000
201503172520999,WDBL,19,44,150,339,50850
201503172520880,WDBL,19,59,46,339,15594
201503172520985,YETI,49,1,70,134,9380
201503172520980,YETI,49,1,70,134,9380
201503172520871,YETI,5,34,70,133,9310
201503172520388,ADBL,29,26,40,470,18800
201503172520386,ADBL,29,26,40,470,18800
201503172520338,ADBL,29,17,50,470,23500
201503172520514,ADBL,10,44,40,471,18840
201503172520495,ADBL,29,29,31,473,14663
201503172520457,ADBL,10,49,30,473,14190
201503172520781,AHPC,37,26,90,343,30870
201503172520567,AHPC,41,26,46,342,15732
201503172520317,AHPC,43,32,132,342,45144
201503172520312,AHPC,50,45,300,340,102000
201503172520306,AHPC,43,32,132,341,45012
201503172520305,AHPC,45,41,14,341,4774
201503172520717,ALICL,16,34,111,1253,139083
201503172520469,ALICL,11,34,100,1260,126000
201503172520353,ALICL,14,43,251,1255,315005
201503172520660,APEX,57,32,400,133,53200
201503172520561,APEX,39,28,30,132,3960
201503172520527,APEX,1,32,500,132,66000
201503172520525,APEX,1,32,200,133,26600
201503172520389,APEX,35,28,30,135,4050
201503172520731,ARDBL,40,22,72,226,16272
201503172520685,ARDBL,32,47,11,223,2453
201503172520538,ARDBL,40,10,52,222,11544
201503172520536,ARDBL,22,10,52,223,11596
201503172520326,ARDBL,16,16,21,219,4599
201503172520319,ARDBL,16,16,93,219,20367
201503172520303,ARDBL,16,21,135,220,29700
201503172520298,ARDBL,40,40,31,222,6882
201503172520452,BHBL,46,33,210,283,59430
201503172520445,BHBL,49,59,160,280,44800
201503172520415,BPCL,44,32,267,610,162870
201503172520337,BUDBL,48,4,37,213,7881
201503172520701,CBBL,16,36,99,1650,163350
201503172520598,CBBL,36,39,20,1630,32600
201503172520383,CBBL,37,11,57,1621,92397
201503172520720,CBL,35,26,204,294,59976
201503172520709,CBL,29,29,27,294,7938
201503172520658,CBL,52,44,111,292,32412
201503172520626,CBL,57,5,153,291,44523
201503172520505,CBL,51,26,204,294,59976
201503172520504,CBL,51,58,204,294,59976
201503172520503,CBL,51,58,204,294,59976
201503172520502,CBL,45,58,204,293,59772
201503172520485,CBL,25,58,204,293,59772
201503172520406,CBL,29,29,17,292,4964
201503172520398,CBL,29,29,17,292,4964
201503172520769,CCBL,49,44,500,320,160000
201503172520704,CCBL,49,44,150,319,47850
201503172520669,CCBL,49,44,1000,319,319000
201503172520667,CCBL,52,44,200,320,64000
201503172520585,CCBL,49,44,1000,319,319000
201503172520584,CCBL,51,44,500,319,159500
201503172520460,CCBL,11,49,200,320,64000
201503172520412,CCBL,49,49,600,320,192000
201503172520411,CCBL,5,49,200,320,64000
201503172520583,CCBL,21,44,500,320,160000
201503172520582,CCBL,11,44,70,320,22400
201503172520581,CCBL,32,44,40,320,12800
201503172520553,CCBL,11,49,82,321,26322
201503172520496,CCBL,37,50,200,322,64400
201503172520464,CCBL,17,50,100,320,32000
201503172520670,CDBL,44,39,141,337,47517
201503172520426,CFCL,14,11,100,212,21200
201503172520425,CFCL,14,11,130,212,27560
201503172520424,CFCL,14,40,51,212,10812
201503172520374,CFCL,25,32,48,210,10080
201503172520746,CHCL,16,41,72,1601,115272
201503172520648,CHCL,17,1,400,1600,640000
201503172520647,CHCL,17,45,720,1600,1152000
201503172520637,CHCL,46,39,13,1610,20930
201503172520630,CHCL,1,44,41,1600,65600
201503172520616,CHCL,52,25,28,1603,44884
201503172520439,CHCL,26,26,41,1593,65313
201503172520416,CHCL,36,57,127,1599,203073
201503172520373,CHCL,53,57,127,1599,203073
201503172520332,CHCL,19,39,20,1601,32020
201503172520518,CHCL,53,46,60,1600,96000
201503172520498,CHCL,11,10,13,1600,20800
201503172520479,CHCL,53,57,127,1599,203073
201503172520444,CHCL,26,26,41,1593,65313
201503172520442,CHCL,26,26,41,1593,65313
201503172520441,CHCL,26,26,41,1593,65313
201503172520604,CHCL,11,39,13,1600,20800
201503172520580,CHCL,16,36,204,1600,326400
201503172520574,CHCL,40,46,47,1602,75294
201503172520550,CHCL,13,41,149,1600,238400
201503172520524,CHCL,53,22,159,1600,254400
201503172520519,CHCL,53,21,88,1600,140800
201503172520734,CZBIL,47,28,72,455,32760
201503172520544,CZBIL,26,26,80,456,36480
201503172520465,CZBIL,5,45,147,460,67620
201503172520450,CZBIL,14,41,72,455,32760
201503172520428,CZBIL,34,25,24,454,10896
201503172520422,CZBIL,34,29,390,454,177060
201503172520488,DDBL,43,28,200,1235,247000
201503172520474,DDBL,17,1,100,1234,123400
201503172520297,EBL,44,58,100,2100,210000
201503172520605,EBLCP,17,59,120,970,116400
201503172520366,EDBL,47,51,50,603,30150
201503172520365,EDBL,47,51,200,603,120600
201503172520362,EDBL,47,8,393,603,236979
201503172520361,EDBL,47,19,100,603,60300
201503172520786,EKBL,58,43,33,299,9867
201503172520770,EKBL,41,48,66,295,19470
201503172520762,EKBL,32,25,76,290,22040
201503172520759,EKBL,32,50,148,290,42920
201503172520758,EKBL,32,49,340,290,98600
201503172520750,EKBL,7,25,33,289,9537
201503172520449,FMDBL,26,50,50,710,35500
201503172520448,FMDBL,26,28,49,710,34790
201503172520380,FMDBL,22,36,100,700,70000
201503172520302,FMDBL,29,22,100,705,70500
201503172520743,GBBL,35,28,1000,334,334000
201503172520718,GBBL,35,11,224,334,74816
201503172520331,GBBL,26,28,170,328,55760
201503172520328,GBBL,48,28,34,328,11152
201503172520322,GBBL,14,51,10,322,3220
201503172520320,GBBL,14,51,10,322,3220
201503172520732,GBIME,59,59,22,460,10120
201503172520721,GBIME,36,14,54,462,24948
201503172520702,GBIME,26,29,16,461,7376
201503172520700,GBIME,52,29,16,462,7392
201503172520618,GBIME,5,5,53,462,24486
201503172520603,GBIME,26,37,123,469,57687
201503172520533,GBIME,43,43,45,461,20745
201503172520436,GBIME,17,36,11,460,5060
201503172520434,GBIME,17,25,18,459,8262
201503172520348,GBIME,14,14,16,455,7280
201503172520780,GFCL,13,13,2281,226,515506
201503172520435,GLICL,36,5,14,545,7630
201503172520787,HAMA,14,44,40,167,6680
201503172520779,HAMA,28,44,40,166,6640
201503172520778,HAMA,28,44,930,166,154380
201503172520756,HAMA,39,40,40,167,6680
201503172520755,HAMA,39,40,40,167,6680
201503172520751,HAMA,29,44,70,166,11620
201503172520600,HAMA,14,40,40,166,6640
201503172520597,HAMA,14,32,490,166,81340
201503172520551,HAMA,14,40,40,166,6640
201503172520393,HAMA,39,26,590,167,98530
201503172520340,HAMA,14,17,70,166,11620
201503172520609,HBL,36,26,21,905,19005
201503172520575,HBL,11,29,50,888,44400
201503172520463,HDL,59,35,100,660,66000
201503172520329,HDL,25,26,10,668,6680
201503172520775,ICFC,10,46,260,280,72800
201503172520334,ICFC,59,46,300,283,84900
201503172520694,IDBL,49,51,34,192,6528
201503172520687,IDBL,49,51,68,192,13056
201503172520431,IDBL,50,22,200,190,38000
201503172520596,INDBL,5,5,1325,213,282225
201503172520736,JBBL,46,17,93,200,18600
201503172520729,JBBL,36,17,500,200,100000
201503172520638,JBBL,20,36,1500,200,300000
201503172520516,JBBL,33,46,20,199,3980
201503172520363,JBBL,25,28,10,199,1990
201503172520345,JBBL,25,28,21,197,4137
201503172520330,JBBL,36,49,40,196,7840
201503172520722,JBNL,57,5,556,278,154568
201503172520358,KAFIL,32,21,113,230,25990
201503172520680,KBL,17,44,210,380,79800
201503172520679,KBL,59,44,200,380,76000
201503172520678,KBL,45,44,70,383,26810
201503172520526,KBL,26,14,19,381,7239
201503172520493,KBL,26,33,42,383,16086
201503172520471,KBL,17,36,214,380,81320
201503172520394,KBL,1,14,614,382,234548
201503172520379,KBL,17,36,400,380,152000
201503172520314,KBL,10,44,400,380,152000
201503172520290,KBL,47,44,100,380,38000
201503172520739,KCDBL,22,47,10,260,2600
201503172520738,KCDBL,22,47,10,260,2600
201503172520705,KCDBL,17,11,17,258,4386
201503172520697,KCDBL,26,11,17,257,4369
201503172520696,KCDBL,26,11,14,257,3598
201503172520472,KCDBL,28,40,17,252,4284
201503172520665,KDBL,10,39,87,159,13833
201503172520468,KDBL,7,26,73,156,11388
201503172520467,KDBL,25,26,135,157,21195
201503172520446,KDBL,59,35,42,160,6720
201503172520382,KDBL,11,29,64,158,10112
201503172520341,KDBL,16,16,42,155,6510
201503172520333,KDBL,59,16,34,157,5338
201503172520310,KDBL,59,50,120,160,19200
201503172520791,KFL,25,32,400,160,64000
201503172520790,KFL,25,32,500,160,80000
201503172520654,KFL,28,32,1600,160,256000
201503172520403,KFL,25,32,500,160,80000
201503172520402,KFL,25,32,500,160,80000
201503172520401,KFL,25,32,500,160,80000
201503172520400,KFL,1,32,200,160,32000
201503172520749,KMCDB,7,39,200,1118,223600
201503172520733,KMCDB,7,5,82,1124,92168
201503172520342,KMCDB,7,44,200,1139,227800
201503172520323,KMCDB,45,48,10,1161,11610
201503172520478,KMCDB,45,29,10,1138,11380
201503172520477,KMCDB,14,59,659,1117,736103
201503172520438,KNBL,16,45,27,288,7776
201503172520589,KRBL,50,32,100,290,29000
201503172520537,KRBL,45,1,100,295,29500
201503172520672,LBL,54,40,200,545,109000
201503172520497,LBL,59,39,114,545,62130
201503172520494,LBL,17,41,357,543,193851
201503172520491,LBL,45,57,75,543,40725
201503172520490,LBL,45,41,160,543,86880
201503172520487,LBL,45,57,95,542,51490
201503172520451,LBL,51,22,50,544,27200
201503172520588,LFLC,10,32,39,230,8970
201503172520579,LFLC,10,22,22,230,5060
201503172520578,LFLC,10,25,21,228,4788
201503172520676,LGIL,35,29,22,384,8448
201503172520662,LGIL,1,29,22,378,8316
201503172520659,LGIL,36,29,22,378,8316
201503172520507,LICN,7,45,20,2625,52500
201503172520789,LLBS,36,50,10,900,9000
201503172520642,LLBS,1,21,10,907,9070
201503172520629,LLBS,45,21,10,907,9070
201503172520621,LLBS,45,21,10,907,9070
201503172520592,LLBS,45,21,10,907,9070
201503172520546,LLBS,45,29,10,907,9070
201503172520336,LLBS,26,10,50,900,45000
201503172520545,LLBS,45,29,10,907,9070
201503172520512,LLBS,36,29,10,905,9050
201503172520511,LLBS,36,29,10,905,9050
201503172520510,LLBS,36,19,10,904,9040
201503172520509,LLBS,36,19,10,904,9040
201503172520508,LLBS,36,19,10,904,9040
201503172520783,LUBL,17,26,117,359,42003
201503172520456,MBBL,17,46,154,224,34496
201503172520432,MBBL,50,26,500,221,110500
201503172520623,MBL,26,41,497,567,281799
201503172520364,MBL,14,28,213,565,120345
201503172520360,MBL,14,28,213,565,120345
201503172520501,MDB,26,22,28,512,14336
201503172520500,MDB,26,17,20,508,10160
201503172520430,MDB,41,51,88,504,44352
201503172520782,MDBL,47,41,200,233,46600
201503172520773,MDBL,57,36,330,231,76230
201503172520772,MDBL,57,8,500,230,115000
201503172520649,MDBL,57,8,1000,230,230000
201503172520643,MDBL,57,8,500,229,114500
201503172520607,MDBL,51,8,500,225,112500
201503172520602,MLBBL,50,33,19,981,18639
201503172520429,MLBBL,36,29,12,962,11544
201503172520421,MLBBL,46,29,12,965,11580
201503172520392,MLBBL,14,29,12,980,11760
201503172520387,MLBBL,46,29,12,981,11772
201503172520684,MMDBL,48,4,10,919,9190
201503172520633,MNBBL,29,10,29,569,16501
201503172520622,MNBBL,11,10,29,566,16414
201503172520617,MNBBL,11,10,85,564,47940
201503172520608,MNBBL,14,26,409,563,230267
201503172520552,MNBBL,10,50,168,563,94584
201503172520523,MNBBL,14,26,58,563,32654
201503172520513,MNBBL,14,11,56,563,31528
201503172520473,MNBBL,26,26,36,563,20268
201503172520586,MPFL,41,46,10,177,1770
201503172520377,MPFL,5,21,20,180,3600
201503172520458,MTBL,37,11,97,428,41516
201503172520761,NABIL,8,19,99,1910,189090
201503172520757,NABIL,8,17,74,1910,141340
201503172520753,NABIL,8,17,71,1910,135610
201503172520745,NABIL,8,39,100,1909,190900
201503172520744,NABIL,8,1,387,1909,738783
201503172520699,NABIL,36,39,75,1908,143100
201503172520620,NABILP,17,21,200,1350,270000
201503172520593,NABILP,17,21,100,1345,134500
201503172520475,NABILP,49,49,380,1345,511100
201503172520785,NBB,26,14,119,512,60928
201503172520655,NBB,10,1,500,511,255500
201503172520591,NBB,29,1,500,511,255500
201503172520587,NBB,26,29,100,513,51300
201503172520564,NBB,53,36,1000,510,510000
201503172520291,NBB,50,45,448,515,230720
201503172520559,NBB,47,1,500,511,255500
201503172520461,NBB,35,36,500,512,256000
201503172520482,NBBL,7,26,20,1800,36000
201503172520381,NBBL,43,26,50,1800,90000
201503172520357,NBBL,1,26,100,1804,180400
201503172520355,NBBL,32,26,20,1830,36600
201503172520354,NBBL,1,26,20,1845,36900
201503172520325,NBBL,11,26,40,1840,73600
201503172520324,NBBL,37,26,20,1850,37000
201503172520719,NBL,17,50,1000,320,320000
201503172520641,NBL,17,13,862,320,275840
201503172520576,NBL,36,17,128,320,40960
201503172520573,NBL,34,17,132,320,42240
201503172520528,NBL,37,13,951,319,303369
201503172520321,NBL,25,25,175,314,54950
201503172520315,NBL,22,39,150,315,47250
201503172520499,NBSL,19,50,98,367,35966
201503172520571,NCCB,14,26,240,615,147600
201503172520486,NCCB,37,52,300,613,183900
201503172520682,NCDB,21,46,500,318,159000
201503172520378,NCDB,4,4,46,324,14904
201503172520645,NHPC,26,10,1000,130,130000
201503172520619,NHPC,21,45,1000,130,130000
201503172520615,NHPC,25,45,50,131,6550
201503172520535,NHPC,33,10,1000,130,130000
201503172520534,NHPC,33,10,1000,130,130000
201503172520531,NHPC,33,10,1000,130,130000
201503172520520,NHPC,20,35,400,130,52000
201503172520316,NHPC,25,25,20,131,2620
201503172520764,NIB,11,11,470,722,339340
201503172520410,NIB,32,39,35,727,25445
201503172520698,NIBPO,57,49,500,490,245000
201503172520640,NIBPO,57,21,500,490,245000
201503172520384,NIBPO,33,34,1500,487,730500
201503172520765,NICA,43,29,482,653,314746
201503172520646,NICA,11,58,20,660,13200
201503172520627,NICA,11,28,168,660,110880
201503172520462,NICA,17,46,30,660,19800
201503172520352,NICA,50,44,132,658,86856
201503172520776,NLICL,16,16,100,2305,230500
201503172520763,NLICL,57,32,240,2303,552720
201503172520742,NLICL,14,33,1000,2280,2280000
201503172520725,NLICL,16,16,100,2309,230900
201503172520724,NLICL,16,16,100,2308,230800
201503172520691,NLICL,54,33,1417,2280,3230760
201503172520470,NLICL,41,32,200,2300,460000
201503172520351,NLICL,41,17,110,2310,254100
201503172520350,NLICL,41,19,182,2303,419146
201503172520346,NLICL,14,43,100,2300,230000
201503172520344,NLICL,14,33,265,2300,609500
201503172520335,NLICL,57,32,150,2299,344850
201503172520686,NLICL,54,33,966,2280,2202480
201503172520652,NLICL,45,16,33,2311,76263
201503172520590,NLICL,28,16,100,2304,230400
201503172520566,NLICL,14,16,100,2300,230000
201503172520562,NLICL,19,16,50,2305,115250
201503172520557,NLICL,50,16,100,2302,230200
201503172520423,NNFC,45,21,1000,286,286000
201503172520767,NNLB,45,16,10,1040,10400
201503172520748,NNLB,45,46,91,1040,94640
201503172520741,NNLB,45,16,10,1040,10400
201503172520635,NNLB,39,29,10,1054,10540
201503172520631,NNLB,26,46,200,1055,211000
201503172520595,NTC,52,22,100,633,63300
201503172520292,NTC,10,26,130,630,81900
201503172520447,NTC,10,48,100,632,63200
201503172520311,NTC,49,14,100,633,63300
201503172520294,NTC,10,41,100,632,63200
201503172520293,NTC,10,39,200,631,126200
201503172520440,NUBL,34,34,448,1290,577920
201503172520413,NUBL,59,52,48,1300,62400
201503172520307,OHL,36,21,70,736,51520
201503172520318,OHL,14,46,10,725,7250
201503172520309,OHL,36,21,40,736,29440
201503172520308,OHL,36,1,50,736,36800
201503172520752,PCBL,49,50,363,442,160446
201503172520737,PCBL,49,50,317,441,139797
201503172520708,PCBL,29,47,153,441,67473
201503172520572,PCBL,29,44,24,441,10584
201503172520570,PCBL,13,44,30,444,13320
201503172520568,PCBL,46,44,200,442,88400
201503172520522,PCBL,52,45,106,445,47170
201503172520404,PCBL,52,43,104,445,46280
201503172520391,PCBL,29,7,104,443,46072
201503172520327,PCBL,22,22,500,440,220000
201503172520784,PRVU,28,25,1000,338,338000
201503172520768,PRVU,16,29,536,339,181704
201503172520644,PRVU,39,57,11,340,3740
201503172520636,PRVU,16,19,77,339,26103
201503172520625,PRVU,37,57,11,340,3740
201503172520530,PRVU,16,16,22,339,7458
201503172520408,PRVU,28,5,11,335,3685
201503172520407,PRVU,28,5,11,335,3685
201503172520399,PRVU,28,5,11,335,3685
201503172520492,PRVU,59,59,422,337,142214
201503172520455,PRVU,59,41,389,337,131093
201503172520454,PRVU,36,47,11,338,3718
201503172520453,PRVU,36,47,11,338,3718
201503172520443,PRVU,17,50,875,337,294875
201503172520433,PRVU,59,47,11,337,3707
201503172520347,PURBL,48,11,55,410,22550
201503172520295,PURBL,19,39,154,405,62370
201503172520714,REDBL,25,29,74,221,16354
201503172520521,REDBL,25,48,100,225,22500
201503172520420,REDBL,48,43,17,229,3893
201503172520359,REDBL,48,48,17,225,3825
201503172520728,RHPC,41,14,84,487,40908
201503172520727,RHPC,41,21,10,485,4850
201503172520693,RHPC,26,34,84,483,40572
201503172520681,RHPC,20,34,84,475,39900
201503172520466,RHPC,51,13,44,478,21032
201503172520723,RMDC,11,11,66,730,48180
201503172520711,RMDC,11,11,10,730,7300
201503172520710,RMDC,17,36,264,724,191136
201503172520703,RMDC,11,11,10,724,7240
201503172520668,RMDC,11,11,262,720,188640
201503172520666,RMDC,11,11,340,720,244800
201503172520296,RMDC,11,19,30,724,21720
201503172520558,SADBL,11,51,22,400,8800
201503172520555,SADBL,11,51,22,400,8800
201503172520484,SADBL,41,51,33,395,13035
201503172520405,SADBL,26,51,33,395,13035
201503172520771,SANIMA,8,44,300,549,164700
201503172520760,SANIMA,26,41,26,547,14222
201503172520754,SANIMA,16,36,135,550,74250
201503172520747,SANIMA,16,16,284,548,155632
201503172520692,SANIMA,8,48,500,549,274500
201503172520632,SANIMA,26,14,500,550,275000
201503172520599,SANIMA,41,14,178,550,97900
201503172520418,SANIMA,21,21,10,555,5550
201503172520777,SBL,48,14,884,665,587860
201503172520774,SCB,21,1,20,1980,39600
201503172520735,SCB,16,20,225,1975,444375
201503172520707,SCB,53,1,42,1962,82404
201503172520706,SCB,53,20,130,1960,254800
201503172520489,SCB,11,49,37,1960,72520
201503172520414,SCB,35,35,1500,1930,2895000
201503172520409,SCB,35,35,500,1930,965000
201503172520577,SDBL,41,51,100,219,21900
201503172520664,SEOS,11,45,5000,10,50000
201503172520766,SEWA,48,41,101,299,30199
201503172520677,SHBL,45,13,10,1118,11180
201503172520663,SHBL,19,13,10,1118,11180
201503172520624,SHINE,29,11,85,367,31195
201503172520385,SHL,25,39,178,458,81524
201503172520343,SHL,53,59,500,457,228500
201503172520656,SHPC,5,25,18,754,13572
201503172520639,SHPC,13,29,18,750,13500
201503172520480,SHPC,21,39,500,745,372500
201503172520730,SIC,19,32,99,1100,108900
201503172520690,SIC,19,32,99,1100,108900
201503172520683,SIC,11,32,44,1105,48620
201503172520554,SIC,14,32,44,1100,48400
201503172520419,SIGS1,26,50,600,16,9600
201503172520376,SIGS1,26,4,2500,16,40250
201503172520375,SIGS1,26,26,2000,16,32000
201503172520788,SKBBL,16,14,200,1530,306000
201503172520716,SKBBL,57,19,100,1526,152600
201503172520715,SKBBL,57,39,19,1525,28975
201503172520712,SKBBL,57,39,19,1525,28975
201503172520689,SKBBL,17,39,19,1525,28975
201503172520653,SKBBL,44,39,19,1525,28975
201503172520368,SKBBL,50,50,12,1500,18000
201503172520367,SKBBL,20,19,16,1510,24160
201503172520349,SKBBL,8,14,219,1500,328500
201503172520339,SKBBL,37,36,163,1499,244337
201503172520594,SKBBL,36,39,19,1525,28975
201503172520548,SKBBL,36,28,56,1524,85344
201503172520547,SKBBL,36,19,32,1523,48736
201503172520397,SKBBL,48,16,19,1523,28937
201503172520369,SKBBL,50,50,12,1500,18000
201503172520740,SLBBL,16,59,10,2617,26170
201503172520673,SLBBL,16,19,19,2670,50730
201503172520726,SLICL,36,35,45,620,27900
201503172520395,SLICL,36,46,57,620,35340
201503172520657,SMFDB,45,57,200,1570,314000
201503172520613,SMFDB,7,57,150,1570,235500
201503172520371,SMFDB,14,57,200,1591,318200
201503172520370,SMFDB,45,57,100,1611,161100
201503172520612,SMFDB,13,57,150,1580,237000
201503172520611,SMFDB,19,57,50,1590,79500
201503172520372,SMFDB,19,57,200,1590,318000
201503172520417,SRBL,44,44,5000,400,2000000
201503172520390,SRBL,44,21,334,403,134602
201503172520792,SUPRME,4,20,250,170,42500
201503172520651,SUPRME,36,25,200,170,34000
201503172520650,SUPRME,36,48,20,170,3400
201503172520437,SUPRME,57,47,92,167,15364
201503172520313,SUPRME,40,25,865,164,141860
201503172520628,SWBBL,17,50,86,1620,139320
201503172520601,SWBBL,17,13,158,1620,255960
201503172520427,SWBBL,36,10,500,1610,805000
201503172520556,TRH,17,46,10,268,2680
201503172520543,TRH,7,46,10,267,2670
201503172520532,TRH,7,46,10,267,2670
201503172520301,TRH,53,32,1000,272,272000
201503172520300,TRH,53,32,1000,272,272000
201503172520483,UIC,32,17,100,1001,100100
201503172520481,UIC,41,17,200,1000,200000
201503172520396,UIC,47,48,190,1001,190190
201503172520675,VBBL,52,17,450,159,71550
201503172520674,VBBL,52,43,70,158,11060
201503172520563,VBBL,1,28,30,158,4740
201503172520549,VBBL,1,43,70,158,11060
201503172520606,WDBL,7,32,180,341,61380
201503172520569,WDBL,28,44,21,342,7182
201503172520565,WDBL,28,44,130,342,44460
201503172520560,WDBL,19,44,282,342,96444
201503172520542,WDBL,28,36,241,346,83386
201503172520541,WDBL,28,53,60,345,20700
201503172520540,WDBL,28,5,40,344,13760
201503172520713,YETI,13,11,11,134,1474
201503172520695,YETI,59,29,560,132,73920
201503172520688,YETI,13,29,20,134,2680
201503172520671,YETI,13,29,20,134,2680
201503172520661,YETI,13,29,20,134,2680
201503172520634,YETI,39,19,140,135,18900
201503172520304,YETI,35,11,70,136,9520
201503172520299,YETI,35,17,70,136,9520
201503172520539,YETI,39,32,40,135,5400
201503172520529,YETI,39,32,20,135,2700
201503172520517,YETI,5,32,20,133,2660
201503172520515,YETI,13,14,106,135,14310
201503172520506,YETI,5,46,50,133,6650
201503172520476,YETI,5,46,50,134,6700
201503172520133,ACEDBL,25,32,60,255,15300
201503172520131,ACEDBL,36,32,300,255,76500
201503172520118,ACEDBL,32,32,50,255,12750
201503172520203,ADBL,49,39,200,470,94000
201503172520202,ADBL,49,48,70,470,32900
201503172520166,ADBL,25,59,190,467,88730
201503172520260,AHPC,11,26,46,340,15640
201503172520016,AHPC,5,28,100,340,34000
201503172519959,AHPC,41,34,62,342,21204
201503172519911,AHPC,33,33,46,336,15456
201503172519907,AHPC,22,22,23,335,7705
201503172520255,ALDBL,58,14,110,345,37950
201503172520190,ALDBL,45,17,60,348,20880
201503172520128,ALICL,49,49,100,1231,123100
201503172520113,ALICL,14,46,31,1221,37851
201503172520215,APEX,26,45,421,134,56414
201503172520210,APEX,26,32,500,133,66500
201503172520199,APEX,25,4,560,131,73360
201503172520195,APEX,32,46,849,130,110370
201503172520161,APEX,39,4,120,129,15480
201503172520084,APEX,39,4,40,130,5200
201503172520276,ARDBL,52,26,40,220,8800
201503172520198,ARDBL,13,21,126,217,27342
201503172520098,ARDBL,39,59,22,216,4752
201503172520086,ARDBL,39,26,21,219,4599
201503172520068,ARDBL,50,50,294,216,63504
201503172519938,ARDBL,45,45,42,216,9072
201503172519936,ARDBL,45,45,42,216,9072
201503172519917,ARDBL,22,26,51,218,11118
201503172519904,ARDBL,47,47,10,219,2190
201503172519895,BHBL,22,22,10,278,2780
201503172520130,BPCL,26,16,290,606,175740
201503172520170,BUDBL,26,28,545,215,117175
201503172520064,BUDBL,58,28,1257,211,265227
201503172520039,BUDBL,58,58,20,215,4300
201503172520089,CBL,25,17,57,292,16644
201503172520055,CBL,8,43,135,290,39150
201503172520035,CBL,29,29,15,290,4350
201503172520022,CBL,29,29,79,290,22910
201503172520017,CBL,29,29,79,290,22910
201503172520013,CBL,29,29,15,290,4350
201503172520003,CBL,29,29,15,290,4350
201503172519990,CBL,29,29,79,290,22910
201503172519918,CBL,49,46,27,288,7776
201503172520288,CCBL,49,49,1000,320,320000
201503172520269,CCBL,49,49,1000,320,320000
201503172520268,CCBL,51,49,400,320,128000
201503172520263,CCBL,51,47,31,320,9920
201503172520228,CCBL,11,47,31,318,9858
201503172520211,CCBL,11,5,200,320,64000
201503172520201,CCBL,11,50,500,318,159000
201503172520134,CCBL,58,34,156,318,49608
201503172520107,CCBL,21,34,168,318,53424
201503172520060,CCBL,21,5,200,317,63400
201503172519933,CCBL,16,16,150,320,48000
201503172519930,CCBL,16,41,20,320,6400
201503172520048,CDBL,49,4,200,331,66200
201503172520021,CDBL,25,25,20,332,6640
201503172519924,CDBL,28,28,20,337,6740
201503172520280,CHCL,26,10,13,1599,20787
201503172520277,CHCL,26,50,68,1598,108664
201503172520236,CHCL,49,49,354,1590,562860
201503172520139,CHCL,19,10,13,1597,20761
201503172520125,CHCL,54,10,13,1595,20735
201503172520121,CHCL,54,10,27,1595,43065
201503172520000,CHCL,22,35,113,1582,178766
201503172519944,CHCL,33,33,133,1581,210273
201503172520091,CHCL,21,10,20,1592,31840
201503172520059,CHCL,1,10,20,1583,31660
201503172520043,CHCL,52,48,13,1583,20579
201503172520032,CHCL,49,4,210,1580,331800
201503172520023,CHCL,20,4,400,1582,632800
201503172520002,CHCL,16,35,113,1581,178653
201503172520141,CSDBL,45,49,14,438,6132
201503172520248,CZBIL,14,45,521,455,237055
201503172520241,CZBIL,26,59,205,455,93275
201503172520232,CZBIL,46,13,21,454,9534
201503172520184,CZBIL,50,26,200,453,90600
201503172520173,CZBIL,50,57,1150,451,518650
201503172520149,CZBIL,11,11,30,452,13560
201503172520047,CZBIL,50,26,500,449,224500
201503172519946,CZBIL,36,5,60,450,27000
201503172519943,CZBIL,36,5,80,450,36000
201503172519931,CZBIL,36,57,105,450,47250
201503172519915,CZBIL,49,49,147,444,65268
201503172520147,CZBIL,11,11,30,452,13560
201503172520110,CZBIL,46,49,72,452,32544
201503172520083,CZBIL,50,43,190,450,85500
201503172520082,CZBIL,50,43,105,450,47250
201503172520052,CZBIL,50,26,58,447,25926
201503172520050,CZBIL,50,26,370,447,165390
201503172520245,EBL,22,5,130,2070,269100
201503172520239,EBL,54,21,12,2080,24960
201503172520213,EBL,41,45,100,2090,209000
201503172520183,EBL,49,49,126,2080,262080
201503172520178,EBL,49,49,478,2080,994240
201503172520174,EBL,14,25,29,2089,60581
201503172519940,EBL,57,19,140,2065,289100
201503172520164,EBL,36,17,30,2075,62250
201503172520163,EBL,36,43,61,2074,126514
201503172520143,EBL,54,5,100,2073,207300
201503172520112,EBL,54,41,137,2070,283590
201503172520093,EBL,48,41,200,2066,413200
201503172520027,EBL,43,28,119,2065,245735
201503172520087,EBLCP,48,48,12,988,11856
201503172519923,EBLCP,10,10,2280,969,2209320
201503172520289,EFL,47,22,50,196,9800
201503172520279,EKBL,58,16,324,285,92340
201503172520272,EKBL,58,16,324,285,92340
201503172520167,EKBL,21,20,1232,285,351120
201503172520074,EKBL,7,11,10,290,2900
201503172520071,EKBL,7,11,23,290,6670
201503172520069,EKBL,7,11,33,290,9570
201503172519992,EKBL,52,52,10,274,2740
201503172519981,EKBL,21,52,10,273,2730
201503172519905,EKBL,39,39,50,271,13550
201503172520066,EKBL,7,25,33,289,9537
201503172520036,EKBL,39,43,33,284,9372
201503172520030,EKBL,39,41,13,279,3627
201503172520028,EKBL,39,41,16,279,4464
201503172519999,EKBL,52,52,10,274,2740
201503172519997,EKBL,52,52,10,274,2740
201503172520278,FMDBL,22,22,100,700,70000
201503172520214,FMDBL,7,8,500,700,350000
201503172520283,GBIME,11,43,44,455,20020
201503172520274,GBIME,40,57,1400,453,634200
201503172520270,GBIME,10,7,23,456,10488
201503172520258,GBIME,1,26,14,451,6314
201503172520257,GBIME,17,26,14,452,6328
201503172520145,GBIME,8,26,14,450,6300
201503172520101,GBIME,48,32,386,451,174086
201503172520094,GBIME,13,32,200,452,90400
201503172520088,GBIME,13,43,161,454,73094
201503172520085,GBIME,13,28,69,454,31326
201503172520081,GBIME,47,58,69,452,31188
201503172520073,GBIME,25,25,14,450,6300
201503172520144,GBIME,17,26,14,450,6300
201503172520142,GBIME,13,26,14,450,6300
201503172520140,GBIME,11,26,14,450,6300
201503172520138,GBIME,52,26,14,451,6314
201503172520137,GBIME,47,26,14,451,6314
201503172520136,GBIME,48,26,14,452,6328
201503172520237,HBDL,50,21,500,112,56000
201503172520186,ICFC,11,46,100,285,28500
201503172520224,JBBL,48,4,300,196,58800
201503172520092,JBBL,25,28,21,195,4095
201503172519986,JBBL,20,11,50,195,9750
201503172520265,JBNL,47,29,417,283,118011
201503172520266,KBL,8,44,400,379,151600
201503172520235,KBL,34,44,100,380,38000
201503172520156,KBL,58,21,84,384,32256
201503172520105,KBL,57,59,340,382,129880
201503172520097,KBL,57,17,188,382,71816
201503172520070,KBL,58,57,168,381,64008
201503172519978,KBL,36,28,51,372,18972
201503172519945,KBL,32,58,68,372,25296
201503172519926,KBL,36,45,300,371,111300
201503172520026,KBL,10,28,100,375,37500
201503172519996,KBL,57,45,58,372,21576
201503172519995,KBL,57,45,30,372,11160
201503172519983,KBL,45,17,57,371,21147
201503172519982,KBL,36,17,200,372,74400
201503172519980,KBL,10,59,707,370,261590
201503172520185,KCDBL,22,32,44,250,11000
201503172520077,KCDBL,22,26,16,250,4000
201503172520249,KFL,25,32,600,161,96600
201503172520124,KFL,58,32,500,163,81500
201503172520123,KFL,7,32,150,163,24450
201503172519937,KFL,32,32,23,166,3818
201503172519920,KFL,32,32,22,163,3586
201503172520234,KMCDB,45,45,30,1139,34170
201503172520220,KMCDB,45,50,200,1117,223400
201503172520169,KMCDB,53,53,10,1096,10960
201503172520004,KNBL,16,26,10,283,2830
201503172520250,KRBL,7,1,200,292,58400
201503172520247,KRBL,7,1,100,291,29100
201503172520287,LLBS,16,45,105,896,94080
201503172520286,LLBS,16,41,60,895,53700
201503172520285,LLBS,16,41,41,895,36695
201503172520284,LLBS,16,45,92,895,82340
201503172520244,LUBL,48,13,181,355,64255
201503172520226,LUBL,19,17,645,354,228330
201503172520187,LUBL,49,13,278,353,98134
201503172520102,LUBL,22,26,236,350,82600
201503172520176,MBBL,45,46,11,222,2442
201503172520148,MBBL,50,46,619,220,136180
201503172520114,MBBL,22,17,71,218,15478
201503172520072,MBBL,50,50,366,215,78690
201503172520079,MBL,57,45,756,560,423360
201503172520058,MBL,13,43,475,558,265050
201503172520051,MBL,25,25,150,556,83400
201503172520040,MBL,13,13,261,554,144594
201503172519965,MBL,41,41,400,556,222400
201503172519958,MBL,51,41,200,555,111000
201503172519949,MBL,53,4,500,550,275000
201503172519941,MBL,57,54,226,557,125882
201503172520233,MDBL,1,58,500,221,110500
201503172520191,MDBL,1,8,201,225,45225
201503172520024,MPFL,17,17,10,183,1830
201503172520015,MPFL,17,17,10,183,1830
201503172520010,MPFL,17,17,10,183,1830
201503172519902,MPFL,14,14,10,184,1840
201503172519901,MPFL,14,14,10,184,1840
201503172519900,MPFL,14,14,10,184,1840
201503172519899,MPFL,14,14,10,184,1840
201503172519898,MPFL,14,14,10,184,1840
201503172520181,NABIL,36,19,100,1905,190500
201503172520259,NBB,17,21,1075,510,548250
201503172520242,NBB,10,10,1039,509,528851
201503172520219,NBB,28,1,180,510,91800
201503172520177,NBB,54,22,500,509,254500
201503172520175,NBB,11,11,45,509,22905
201503172520135,NBB,45,13,20,509,10180
201503172519935,NBB,33,33,2000,502,1004000
201503172520067,NBB,50,45,475,507,240825
201503172520049,NBB,45,58,150,509,76350
201503172520037,NBB,25,45,500,505,252500
201503172520019,NBB,51,49,20,508,10160
201503172520007,NBB,36,45,491,502,246482
201503172520006,NBB,51,43,82,508,41656
201503172520120,NBBL,43,26,20,1840,36800
201503172520119,NBBL,32,26,10,1850,18500
201503172520099,NBBL,32,26,100,1840,184000
201503172520096,NBBL,32,26,10,1875,18750
201503172520095,NBBL,45,26,20,1880,37600
201503172519975,NBBL,26,26,10,1912,19120
201503172520033,NBL,21,13,100,316,31600
201503172519953,NBL,22,26,100,310,31000
201503172519910,NBL,22,22,54,311,16794
201503172520172,NCCB,10,32,65,612,39780
201503172520171,NCCB,10,17,200,610,122000
201503172520122,NCCB,49,43,100,609,60900
201503172520104,NCCB,49,39,42,605,25410
201503172520076,NCCB,25,45,200,603,120600
201503172520056,NCCB,50,22,500,604,302000
201503172520009,NCCB,1,39,452,599,270748
201503172520008,NCCB,58,21,400,603,241200
201503172519952,NCCB,1,26,43,602,25886
201503172519919,NCCB,10,10,8940,600,5364000
201503172520129,NCDB,59,48,252,330,83160
201503172520127,NCDB,59,10,115,325,37375
201503172520126,NCDB,59,10,115,324,37260
201503172520273,NHPC,53,41,2000,129,258000
201503172519979,NHPC,14,32,97,128,12416
201503172520231,NIB,22,26,440,719,316360
201503172520014,NIB,22,21,14,718,10052
201503172519942,NIB,28,28,11,715,7865
201503172519939,NIB,22,26,10,715,7150
201503172519921,NIB,22,25,90,715,64350
201503172520271,NICA,47,44,500,655,327500
201503172520132,NICA,14,40,160,655,104800
201503172520011,NICA,54,29,200,650,130000
201503172519994,NICA,5,25,15,660,9900
201503172519993,NICA,11,29,20,650,13000
201503172519991,NICA,5,25,15,660,9900
201503172519908,NICA,49,46,25,640,16000
201503172519903,NICA,11,59,80,650,52000
201503172519951,NICA,11,59,37,650,24050
201503172519948,NICA,22,22,183,646,118218
201503172519929,NICA,11,17,20,650,13000
201503172519927,NICA,10,17,63,647,40761
201503172519914,NICA,41,17,25,652,16300
201503172519912,NICA,41,17,25,652,16300
201503172519954,NICL,40,40,500,402,201000
201503172519932,NLG,17,17,100,670,67000
201503172520162,NLICL,54,1,173,2299,397727
201503172520106,NLICL,14,32,103,2295,236385
201503172519916,NLICL,35,35,4011,2300,9225300
201503172520189,NMBSF1,47,45,3000,10,30300
201503172520218,NNLB,26,44,125,1075,134375
201503172519989,NTC,10,41,100,632,63200
201503172519988,NTC,10,1,130,632,82160
201503172520227,PCBL,17,17,377,440,165880
201503172520222,PCBL,58,43,346,440,152240
201503172520042,PCBL,32,17,27,439,11853
201503172520282,PRVU,47,41,11,335,3685
201503172520275,PRVU,59,35,389,335,130315
201503172520253,PRVU,49,50,634,337,213658
201503172520168,PRVU,57,5,11,335,3685
201503172520165,PRVU,57,5,11,335,3685
201503172520061,PRVU,36,16,22,335,7370
201503172520001,PRVU,36,16,22,330,7260
201503172519985,PRVU,32,16,22,331,7282
201503172519966,PRVU,48,28,127,330,41910
201503172519896,PRVU,22,22,97,329,31913
201503172520053,PRVU,16,16,118,331,39058
201503172520044,PRVU,36,41,11,336,3696
201503172520038,PRVU,36,50,1946,330,642180
201503172520034,PRVU,57,26,97,335,32495
201503172520031,PRVU,17,16,96,330,31680
201503172520020,PRVU,16,16,96,330,31680
201503172520223,REDBL,59,29,289,221,63869
201503172520221,REDBL,59,29,74,221,16354
201503172520217,REDBL,59,29,74,221,16354
201503172520115,RLFL,45,59,500,180,90000
201503172519947,SADBL,16,17,100,403,40300
201503172519925,SADBL,39,1,20,411,8220
201503172519913,SADBL,20,20,2000,403,806000
201503172520256,SANIMA,54,25,398,550,218900
201503172520254,SANIMA,54,17,146,550,80300
201503172520252,SANIMA,50,46,75,548,41100
201503172520246,SANIMA,59,58,26,545,14170
201503172520243,SANIMA,59,45,197,545,107365
201503172520117,SANIMA,14,14,632,537,339384
201503172519967,SANIMA,11,4,158,540,85320
201503172520111,SANIMA,35,57,953,540,514620
201503172520108,SANIMA,58,4,100,542,54200
201503172520045,SANIMA,47,41,426,539,229614
201503172520041,SANIMA,22,22,345,538,185610
201503172520029,SANIMA,20,28,60,537,32220
201503172519977,SANIMA,53,4,496,538,266848
201503172520018,SBI,43,17,146,928,135488
201503172519998,SBI,36,17,156,925,144300
201503172519984,SBI,11,17,50,918,45900
201503172520267,SBL,36,4,70,670,46900
201503172520261,SBL,17,5,467,672,313824
201503172520197,SBL,26,58,489,671,328119
201503172520196,SBL,26,21,70,670,46900
201503172520188,SBL,45,41,376,669,251544
201503172520160,SBL,51,17,30,660,19800
201503172519974,SBL,26,58,559,646,361114
201503172519934,SBL,14,17,100,657,65700
201503172519922,SBL,22,22,238,645,153510
201503172519909,SBL,5,25,196,656,128576
201503172520159,SBL,51,17,100,665,66500
201503172520158,SBL,54,17,200,666,133200
201503172520157,SBL,48,17,300,667,200100
201503172520065,SBL,36,17,50,665,33250
201503172520057,SBL,45,17,20,660,13200
201503172519976,SBL,41,17,200,655,131000
201503172520262,SCB,48,1,250,1945,486250
201503172520251,SCB,45,28,219,1930,422670
201503172520078,SCB,20,20,435,1915,833025
201503172520075,SCB,49,1,20,1940,38800
201503172520046,SCB,13,20,251,1930,484430
201503172520194,SDBL,48,53,500,219,109500
201503172520193,SDBL,48,26,600,218,130800
201503172520192,SDBL,48,26,1000,217,217000
201503172520116,SDBL,5,32,460,216,99360
201503172520090,SDBL,5,53,500,215,107500
201503172520025,SDBL,5,20,500,215,107500
201503172520281,SFL,10,20,256,149,38144
201503172519973,SFL,10,16,24,147,3528
201503172519972,SFL,10,16,24,147,3528
201503172519971,SFL,10,16,12,147,1764
201503172519970,SFL,10,16,12,147,1764
201503172519960,SFL,10,16,12,147,1764
201503172519957,SFL,10,16,24,147,3528
201503172519956,SFL,10,16,12,147,1764
201503172519955,SFL,10,16,24,147,3528
201503172519950,SFL,10,16,24,147,3528
201503172519969,SFL,10,16,24,147,3528
201503172519968,SFL,10,16,24,147,3528
201503172519964,SFL,14,16,24,147,3528
201503172519963,SFL,10,16,24,147,3528
201503172519962,SFL,10,16,24,147,3528
201503172519961,SFL,10,16,12,147,1764
201503172520212,SHBL,45,22,10,1097,10970
201503172520012,SHPC,36,4,144,739,106416
201503172519928,SHPC,28,28,18,740,13320
201503172520153,SIC,51,45,25,1090,27250
201503172520150,SIC,51,26,12,1090,13080
201503172520264,SKBBL,1,14,200,1495,299000
201503172520155,SKBBL,48,14,100,1494,149400
201503172520154,SKBBL,48,14,100,1494,149400
201503172520103,SKBBL,17,34,19,1495,28405
201503172520080,SKBBL,10,10,217,1495,324415
201503172520238,SLICL,11,11,42,610,25620
201503172520180,SLICL,14,41,42,615,25830
201503172520054,SLICL,36,21,200,603,120600
201503172520229,SMFDB,45,21,100,1611,161100
201503172520225,SMFDB,45,7,69,1600,110400
201503172520179,SRBL,44,34,199,403,80197
201503172520152,SRBL,44,26,500,401,200500
201503172520151,SRBL,44,51,55,400,22000
201503172519906,SRBL,32,32,28,400,11200
201503172520146,SUPRME,8,4,1000,161,161000
201503172520200,SWBBL,10,10,200,1591,318200
201503172520209,TRH,32,25,40,275,11000
201503172520208,TRH,32,41,10,273,2730
201503172520207,TRH,32,26,10,272,2720
201503172520240,VBBL,50,4,140,157,21980
201503172520216,VBBL,50,41,260,157,40820
201503172520206,VBBL,25,4,211,154,32494
201503172520063,VBBL,32,20,90,155,13950
201503172520062,VBBL,32,20,80,155,12400
201503172519987,VBBL,8,4,100,155,15500
201503172519894,WDBL,22,22,20,346,6920
201503172520230,YETI,59,7,1000,135,135000
201503172520205,YETI,13,40,150,134,20100
201503172520204,YETI,13,40,150,134,20100
201503172520182,YETI,59,14,769,133,102277
201503172520109,YETI,13,49,845,134,113230
201503172520100,YETI,59,59,23,132,3036
