contract,symbol,buyer,seller,qty,rate,amt
201511302851937,ADBL,1,19,190,431,81890
201511302851703,ADBL,47,6,33,431,14223
201511302851686,ADBL,6,34,42,431,18102
201511302851588,ADBL,26,40,50,430,21500
201511302851952,AHPC,13,25,17,267,4539
201511302851940,AHPC,13,25,17,267,4539
201511302851677,AHPC,13,39,170,262,44540
201511302851671,AHPC,13,21,29,260,7540
201511302851664,AHPC,13,32,100,260,26000
201511302851657,AHPC,26,21,45,257,11565
201511302851957,API,33,38,16,384,6144
201511302851900,API,50,49,16,383,6128
201511302851889,API,25,19,256,383,98048
201511302851807,API,50,59,16,383,6128
201511302851789,API,36,25,26,382,9932
201511302851787,API,25,25,26,382,9932
201511302851615,API,21,34,26,382,9932
201511302851609,API,55,7,24,383,9192
201511302851566,API,41,28,26,382,9932
201511302851562,API,41,28,26,382,9932
201511302851543,API,55,28,26,383,9958
201511302851693,API,6,6,26,384,9984
201511302851687,API,6,6,26,384,9984
201511302851661,API,42,47,26,381,9906
201511302851649,API,25,47,26,382,9932
201511302851621,API,34,34,26,382,9932
201511302851617,API,25,34,26,382,9932
201511302851783,API,21,25,26,382,9932
201511302851773,API,21,45,26,382,9932
201511302851772,API,29,59,16,383,6128
201511302851771,API,33,59,16,383,6128
201511302851754,API,36,21,10,385,3850
201511302851694,API,28,38,16,384,6144
201511302851897,ARDBL,21,21,762,217,165354
201511302851871,ARDBL,26,45,84,216,18144
201511302851824,ARDBL,38,38,42,217,9114
201511302851756,ARDBL,26,43,55,220,12100
201511302851560,ARDBL,26,21,540,220,118800
201511302851770,BARUN,37,45,10,325,3250
201511302851741,BARUN,29,47,10,330,3300
201511302851740,BARUN,29,45,10,330,3300
201511302851739,BARUN,29,45,10,330,3300
201511302851618,BARUN,43,55,50,326,16300
201511302851612,BARUN,37,55,100,327,32700
201511302851804,BPCL,10,6,100,530,53000
201511302851608,BPCL,16,26,5000,530,2650000
201511302851568,BPCL,36,36,300,520,156000
201511302851518,BPCL,17,17,450,530,238500
201511302851975,CBBL,29,59,200,1528,305600
201511302851961,CBBL,22,59,200,1525,305000
201511302851927,CBBL,28,28,10,1523,15230
201511302851924,CBBL,28,28,10,1523,15230
201511302851895,CBBL,28,28,50,1523,76150
201511302851838,CBBL,34,59,100,1521,152100
201511302851811,CBBL,26,32,190,1524,289560
201511302851768,CBBL,28,28,143,1512,216216
201511302851732,CBBL,33,59,100,1520,152000
201511302851495,CBBL,10,59,100,1520,152000
201511302851974,CBL,7,33,300,238,71400
201511302851867,CBL,26,33,50,238,11900
201511302851753,CBL,26,33,1450,238,345100
201511302851752,CBL,16,33,100,238,23800
201511302851751,CBL,42,33,50,239,11950
201511302851673,CBL,38,33,500,240,120000
201511302851539,CBL,1,29,142,239,33938
201511302851808,CCBL,11,22,344,284,97696
201511302851620,CCBL,48,58,100,285,28500
201511302851532,CCBL,32,5,100,282,28200
201511302851520,CCBL,13,5,240,283,67920
201511302851884,CFCL,28,26,543,244,132492
201511302851881,CFCL,43,14,351,243,85293
201511302851832,CFCL,28,43,144,244,35136
201511302851718,CFCL,28,8,151,244,36844
201511302851697,CFCL,43,14,878,243,213354
201511302851674,CFCL,28,14,500,244,122000
201511302851662,CFCL,28,43,244,245,59780
201511302851641,CFCL,28,40,475,244,115900
201511302851561,CFCL,22,21,43,244,10492
201511302851966,CHCL,47,6,20,1310,26200
201511302851746,CHCL,35,22,498,1308,651384
201511302851745,CHCL,35,10,200,1307,261400
201511302851705,CHCL,13,39,200,1309,261800
201511302851648,CHCL,17,22,16,1310,20960
201511302851604,CHCL,6,10,200,1307,261400
201511302851547,CHCL,44,55,100,1308,130800
201511302851508,CHCL,44,36,100,1308,130800
201511302851959,CZBIL,25,16,100,524,52400
201511302851958,CZBIL,25,45,100,523,52300
201511302851883,CZBIL,29,56,100,522,52200
201511302851823,CZBIL,48,41,68,521,35428
201511302851813,CZBIL,6,41,100,522,52200
201511302851812,CZBIL,29,49,115,521,59915
201511302851509,CZBIL,48,21,240,520,124800
201511302851490,CZBIL,45,21,10,520,5200
201511302851767,CZBIL,48,42,500,522,261000
201511302851744,CZBIL,14,40,201,523,105123
201511302851714,CZBIL,48,16,1000,522,522000
201511302851704,CZBIL,48,42,500,521,260500
201511302851587,CZBIL,26,16,200,522,104400
201511302851541,CZBIL,48,42,100,520,52000
201511302851914,DDBL,34,53,100,1702,170200
201511302851913,DDBL,10,53,100,1705,170500
201511302851977,EBL,48,25,100,2501,250100
201511302851951,EBL,49,21,100,2500,250000
201511302851947,EBL,43,42,97,2501,242597
201511302851945,EBL,43,47,100,2501,250100
201511302851497,EBL,7,16,100,2496,249600
201511302851496,EBL,7,6,50,2496,124800
201511302851506,EBL,32,5,100,2496,249600
201511302851505,EBL,19,42,200,2497,499400
201511302851503,EBL,14,42,30,2497,74910
201511302851500,EBL,19,16,80,2493,199440
201511302851499,EBL,43,16,200,2494,498800
201511302851498,EBL,16,16,20,2494,49880
201511302851548,EBL,1,42,50,2497,124850
201511302851533,EBL,32,16,95,2493,236835
201511302851525,EBL,6,6,600,2495,1497000
201511302851517,EBL,34,16,261,2493,650673
201511302851510,EBL,17,42,50,2497,124850
201511302851589,EBL,21,13,100,2495,249500
201511302851577,EBL,6,58,100,2492,249200
201511302851575,EBL,43,58,100,2492,249200
201511302851565,EBL,14,5,20,2495,49900
201511302851564,EBL,14,5,30,2495,74850
201511302851553,EBL,6,6,300,2494,748200
201511302851596,EBL,32,45,150,2490,373500
201511302851595,EBL,34,45,200,2490,498000
201511302851594,EBL,6,45,40,2490,99600
201511302851593,EBL,47,45,30,2490,74700
201511302851592,EBL,14,45,50,2493,124650
201511302851591,EBL,19,45,20,2493,49860
201511302851685,EBL,26,42,30,2490,74700
201511302851670,EBL,8,42,70,2490,174300
201511302851668,EBL,45,45,200,2481,496200
201511302851625,EBL,17,40,100,2486,248600
201511302851624,EBL,6,40,200,2486,497200
201511302851614,EBL,45,45,221,2490,550290
201511302851727,EBL,16,45,30,2490,74700
201511302851721,EBL,49,45,100,2490,249000
201511302851712,EBL,16,45,250,2490,622500
201511302851710,EBL,41,45,100,2490,249000
201511302851698,EBL,26,45,50,2490,124500
201511302851758,EBL,43,13,175,2492,436100
201511302851755,EBL,45,6,400,2491,996400
201511302851748,EBL,45,45,250,2490,622500
201511302851742,EBL,8,5,270,2489,672030
201511302851731,EBL,11,45,400,2490,996000
201511302851792,EBL,54,35,50,2490,124500
201511302851775,EBL,43,17,100,2490,249000
201511302851765,EBL,42,42,50,2491,124550
201511302851763,EBL,42,13,50,2490,124500
201511302851762,EBL,45,13,150,2490,373500
201511302851827,EBL,17,56,100,2490,249000
201511302851826,EBL,46,6,68,2493,169524
201511302851825,EBL,46,7,100,2492,249200
201511302851818,EBL,17,42,350,2492,872200
201511302851817,EBL,5,14,19,2490,47310
201511302851799,EBL,6,35,115,2491,286465
201511302851855,EBL,5,56,100,2495,249500
201511302851851,EBL,6,7,100,2494,249400
201511302851843,EBL,38,17,200,2494,498800
201511302851836,EBL,5,56,59,2493,147087
201511302851828,EBL,38,17,50,2497,124850
201511302851876,EBL,6,6,700,2494,1745800
201511302851875,EBL,57,53,50,2495,124750
201511302851874,EBL,36,53,50,2496,124800
201511302851870,EBL,8,33,300,2496,748800
201511302851864,EBL,47,42,200,2495,499000
201511302851863,EBL,5,42,100,2495,249500
201511302851898,EBL,41,45,30,2500,75000
201511302851894,EBL,8,45,11,2499,27489
201511302851890,EBL,8,4,200,2499,499800
201511302851886,EBL,57,22,400,2499,999600
201511302851879,EBL,17,58,112,2497,279664
201511302851877,EBL,43,13,19,2497,47443
201511302851912,EBL,8,29,60,2500,150000
201511302851911,EBL,8,21,50,2500,125000
201511302851910,EBL,8,25,100,2500,250000
201511302851909,EBL,8,58,100,2500,250000
201511302851908,EBL,47,5,46,2500,115000
201511302851907,EBL,47,45,40,2500,100000
201511302851921,EBL,32,33,100,2500,250000
201511302851920,EBL,21,33,50,2500,125000
201511302851919,EBL,41,33,10,2500,25000
201511302851918,EBL,8,7,116,2499,289884
201511302851917,EBL,26,13,26,2501,65026
201511302851916,EBL,6,56,100,2500,250000
201511302851938,EBL,49,51,50,2500,125000
201511302851936,EBL,49,5,100,2500,250000
201511302851933,EBL,49,51,200,2500,500000
201511302851932,EBL,49,33,40,2500,100000
201511302851931,EBL,50,17,200,2498,499600
201511302851928,EBL,17,17,150,2496,374400
201511302851803,FMDBL,4,19,120,535,64200
201511302851574,FMDBL,5,19,80,530,42400
201511302851981,GBBL,7,21,400,306,122400
201511302851976,GBBL,37,39,106,307,32542
201511302851956,GBBL,7,37,200,306,61200
201511302851831,GBBL,10,35,196,305,59780
201511302851815,GBBL,17,37,100,305,30500
201511302851699,GBBL,56,25,100,303,30300
201511302851563,GBBL,26,25,200,305,61000
201511302851982,GBIME,43,56,200,378,75600
201511302851967,GBIME,40,56,248,379,93992
201511302851829,GBIME,16,16,1000,380,380000
201511302851737,GBIME,50,56,500,380,190000
201511302851736,GBIME,50,41,510,380,193800
201511302851734,GBIME,19,41,40,380,15200
201511302851554,GBIME,17,44,100,381,38100
201511302851493,GBIME,17,17,100,381,38100
201511302851696,GBIME,1,41,150,380,57000
201511302851695,GBIME,22,41,200,380,76000
201511302851636,GBIME,49,41,600,380,228000
201511302851635,GBIME,57,41,200,380,76000
201511302851634,GBIME,20,41,300,380,114000
201511302851555,GBIME,25,44,500,381,190500
201511302851642,GLICL,22,22,30,566,16980
201511302851501,GMFIL,28,28,5353,208,1113424
201511302851483,GMFIL,28,28,2680,208,557440
201511302851556,HBL,8,41,100,1255,125500
201511302851538,HBL,6,6,103,1249,128647
201511302851941,ICFC,6,45,860,198,170280
201511302851903,ICFC,8,45,140,198,27720
201511302851861,ICFC,22,39,493,200,98600
201511302851781,ICFC,8,39,140,202,28280
201511302851769,ILFC,14,34,200,190,38000
201511302851602,ILFC,14,16,500,187,93500
201511302851600,ILFC,14,37,1000,186,186000
201511302851599,ILFC,14,37,500,186,93000
201511302851512,ILFC,54,32,212,185,39220
201511302851488,ILFC,40,29,836,185,154660
201511302851850,JEFL,32,32,100,157,15700
201511302851899,KBL,13,7,200,365,73000
201511302851774,KBL,25,45,63,364,22932
201511302851764,KBL,35,38,733,365,267545
201511302851761,KBL,35,32,830,364,302120
201511302851760,KBL,35,45,800,363,290400
201511302851730,KBL,49,45,200,362,72400
201511302851711,KBL,11,34,165,364,60060
201511302851655,KBL,59,45,109,361,39349
201511302851654,KBL,59,45,100,361,36100
201511302851639,KBL,51,45,100,361,36100
201511302851489,KCDBL,56,56,17,171,2907
201511302851973,KMCDB,33,7,200,1200,240000
201511302851972,KMCDB,55,7,100,1200,120000
201511302851901,KMCDB,26,7,100,1200,120000
201511302851786,KMCDB,36,36,30,1200,36000
201511302851619,KMCDB,48,45,500,1198,599000
201511302851576,KMCDB,55,45,500,1199,599500
201511302851960,LBL,17,1,200,460,92000
201511302851954,LBL,17,42,200,456,91200
201511302851611,LBL,58,48,200,450,90000
201511302851559,LBL,56,42,200,451,90200
201511302851486,LBL,58,54,200,450,90000
201511302851485,LBL,19,54,400,450,180000
201511302851484,LBL,17,1,100,451,45100
201511302851857,LICN,58,58,500,3010,1505000
201511302851802,LICN,57,48,130,3050,396500
201511302851801,LICN,57,57,120,3045,365400
201511302851790,LICN,57,42,46,3044,140024
201511302851605,LICN,58,57,200,3010,602000
201511302851537,LLBS,57,51,10,950,9500
201511302851536,LLBS,57,49,60,940,56400
201511302851869,LUBL,45,14,243,360,87480
201511302851844,LUBL,8,14,100,362,36200
201511302851542,LUBL,17,17,440,364,160160
201511302851487,LUBL,54,7,1000,360,360000
201511302851788,MDB,26,45,37,481,17797
201511302851776,MDB,46,45,50,482,24100
201511302851925,MMDBL,1,41,104,515,53560
201511302851902,MNBBL,25,52,332,655,217460
201511302851645,MNBBL,33,35,100,650,65000
201511302851640,MNBBL,33,45,163,649,105787
201511302851893,NABIL,48,11,95,2090,198550
201511302851892,NABIL,48,42,500,2090,1045000
201511302851891,NABIL,48,51,30,2089,62670
201511302851849,NABIL,19,5,100,2080,208000
201511302851837,NABIL,6,32,231,2078,480018
201511302851816,NABIL,52,5,200,2080,416000
201511302851942,NABILP,16,21,200,1555,311000
201511302851939,NABILP,16,21,100,1555,155500
201511302851552,NABILP,16,39,500,1565,782500
201511302851726,NABILP,1,14,10,1565,15650
201511302851759,NABILP,16,22,33,1568,51744
201511302851766,NABILP,16,54,500,1570,785000
201511302851845,NABILP,1,39,90,1565,140850
201511302851983,NBB,35,45,1000,418,418000
201511302851888,NBB,29,32,250,417,104250
201511302851835,NBB,50,53,500,415,207500
201511302851822,NBB,35,45,1000,416,416000
201511302851821,NBB,35,11,500,416,208000
201511302851652,NBB,57,45,200,412,82400
201511302851651,NBB,50,45,500,412,206000
201511302851650,NBB,26,45,200,412,82400
201511302851643,NBB,59,53,500,415,207500
201511302851820,NBB,35,32,1000,415,415000
201511302851819,NBB,35,14,500,414,207000
201511302851720,NBB,49,53,110,411,45210
201511302851719,NBB,59,53,500,411,205500
201511302851656,NBB,59,45,47,412,19364
201511302851653,NBB,59,45,100,412,41200
201511302851688,NBF1,54,52,2997,13,38721
201511302851678,NBF1,54,52,2287,13,29525
201511302851663,NBF1,54,52,2287,13,29502
201511302851660,NBF1,54,29,2997,13,38631
201511302851601,NBF1,54,21,11437,13,146279
201511302851590,NBF1,25,21,300,13,3846
201511302851856,NHPC,48,17,1000,106,106000
201511302851814,NHPC,10,40,1000,105,105000
201511302851934,NIB,52,38,203,626,127078
201511302851930,NIB,33,38,200,626,125200
201511302851702,NIB,50,38,100,628,62800
201511302851701,NIB,58,38,500,628,314000
201511302851630,NIB,33,39,200,630,126000
201511302851629,NIB,51,39,100,630,63000
201511302851628,NIB,33,39,500,630,315000
201511302851627,NIB,45,39,50,630,31500
201511302851955,NIBPO,49,29,500,527,263500
201511302851846,NIBPO,33,21,500,530,265000
201511302851906,NICA,35,41,500,800,400000
201511302851905,NICA,35,53,500,800,400000
201511302851885,NICA,29,53,100,800,80000
201511302851810,NICA,35,32,500,802,401000
201511302851809,NICA,35,40,200,802,160400
201511302851806,NICA,35,34,34,800,27200
201511302851535,NICA,29,53,20,800,16000
201511302851511,NICA,29,53,50,800,40000
201511302851796,NICA,35,6,115,800,92000
201511302851795,NICA,35,53,500,800,400000
201511302851794,NICA,35,37,300,800,240000
201511302851632,NICA,38,42,106,800,84800
201511302851631,NICA,38,53,190,800,152000
201511302851546,NICA,5,53,40,800,32000
201511302851830,NIL,1,1,50,500,25000
201511302851860,NLBBL,44,45,600,1451,870600
201511302851859,NLBBL,6,45,200,1460,292000
201511302851858,NLBBL,6,45,160,1461,233760
201511302851852,NLBBL,14,45,200,1471,294200
201511302851691,NLIC,53,47,120,2850,342000
201511302851607,NLIC,56,35,210,2850,598500
201511302851785,NLICL,14,34,100,2030,203000
201511302851784,NLICL,14,56,110,2025,222750
201511302851747,NLICL,14,54,100,2019,201900
201511302851743,NLICL,14,38,100,2018,201800
201511302851644,NLICL,14,54,496,2015,999440
201511302851557,NLICL,14,38,133,2010,267330
201511302851946,NMB,32,6,200,396,79200
201511302851904,NMB,32,5,417,393,163881
201511302851833,NMB,8,6,50,396,19800
201511302851690,NMB,17,32,11,393,4323
201511302851681,NMB,17,32,100,393,39300
201511302851680,NMB,36,32,80,395,31600
201511302851534,NMB,59,22,200,395,79000
201511302851623,NMB,36,35,20,393,7860
201511302851585,NMB,19,35,200,393,78600
201511302851584,NMB,1,35,50,394,19700
201511302851583,NMB,1,35,10,394,3940
201511302851582,NMB,47,35,20,400,8000
201511302851540,NMB,1,22,40,394,15760
201511302851667,NMBSF1,49,36,7000,10,70000
201511302851666,NMBSF1,17,36,2500,10,25025
201511302851805,NNFC,17,45,100,261,26100
201511302851880,NTC,17,55,150,646,96900
201511302851733,PADBL,47,39,20,322,6440
201511302851964,PCBL,1,59,200,535,107000
201511302851963,PCBL,1,43,200,535,107000
201511302851962,PCBL,1,40,100,534,53400
201511302851798,PCBL,48,45,400,535,214000
201511302851797,PCBL,48,21,100,534,53400
201511302851791,PCBL,48,38,35,532,18620
201511302851675,PCBL,57,35,159,527,83793
201511302851672,PCBL,26,41,164,529,86756
201511302851848,PLIC,35,32,400,1200,480000
201511302851834,PLIC,35,59,500,1195,597500
201511302851692,PLIC,26,5,400,1195,478000
201511302851633,PLIC,33,5,500,1195,597500
201511302851558,PLIC,56,32,100,1200,120000
201511302851545,PLIC,56,34,54,1200,64800
201511302851507,PLIC,36,52,50,1200,60000
201511302851573,RBBBL,26,26,13,181,2353
201511302851529,RBBBL,26,26,13,180,2340
201511302851528,RBBBL,26,26,13,180,2340
201511302851516,RBBBL,26,26,13,180,2340
201511302851515,RBBBL,26,26,13,180,2340
201511302851514,RBBBL,26,26,13,180,2340
201511302851513,RBBBL,26,26,13,180,2340
201511302851527,RBBBL,26,26,13,180,2340
201511302851526,RBBBL,26,26,13,180,2340
201511302851524,RBBBL,26,26,13,180,2340
201511302851522,RBBBL,26,26,13,180,2340
201511302851521,RBBBL,26,26,13,180,2340
201511302851519,RBBBL,26,26,13,180,2340
201511302851728,RHPC,51,51,12,373,4476
201511302851676,RHPC,51,51,12,373,4476
201511302851494,RHPC,51,51,12,373,4476
201511302851679,RLFL,26,33,1000,156,156000
201511302851729,SADBL,38,32,151,329,49679
201511302851725,SADBL,38,32,200,329,65800
201511302851724,SADBL,17,32,400,335,134000
201511302851723,SADBL,17,32,300,340,102000
201511302851722,SADBL,17,32,100,341,34100
201511302851923,SANIMA,48,38,733,612,448596
201511302851922,SANIMA,48,45,500,611,305500
201511302851915,SANIMA,48,17,158,610,96380
201511302851735,SANIMA,13,13,500,605,302500
201511302851613,SANIMA,53,45,198,610,120780
201511302851603,SANIMA,53,14,91,609,55419
201511302851586,SANIMA,36,13,200,608,121600
201511302851581,SANIMA,36,38,83,607,50381
201511302851580,SANIMA,36,21,300,607,182100
201511302851544,SANIMA,19,57,100,605,60500
201511302851531,SANIMA,53,42,100,604,60400
201511302851530,SANIMA,14,42,100,605,60500
201511302851950,SBI,35,57,167,1235,206245
201511302851949,SBI,35,32,200,1234,246800
201511302851948,SBI,35,43,200,1233,246600
201511302851882,SBI,33,14,100,1230,123000
201511302851646,SBI,26,43,40,1240,49600
201511302851492,SBI,8,25,100,1235,123500
201511302851491,SBI,8,43,200,1234,246800
201511302851929,SBL,50,22,500,610,305000
201511302851878,SBL,50,33,96,611,58656
201511302851873,SBL,17,32,300,615,184500
201511302851868,SBL,17,7,128,613,78464
201511302851793,SBL,17,33,100,609,60900
201511302851717,SBL,21,22,200,610,122000
201511302851716,SBL,49,22,250,610,152500
201511302851715,SBL,22,22,100,610,61000
201511302851665,SBL,50,22,300,611,183300
201511302851616,SBL,58,39,200,612,122400
201511302851610,SBL,22,14,35,610,21350
201511302851597,SBL,50,35,200,608,121600
201511302851926,SCB,7,14,10,2375,23750
201511302851847,SCB,29,41,47,2355,110685
201511302851841,SCB,29,41,80,2355,188400
201511302851840,SCB,55,41,50,2360,118000
201511302851839,SCB,19,41,10,2360,23600
201511302851669,SCB,43,5,90,2356,212040
201511302851965,SEOS,1,28,6000,10,58800
201511302851757,SEOS,1,28,5000,10,49000
201511302851606,SEOS,1,28,6898,10,67600
201511302851523,SEOS,1,8,5000,10,49000
201511302851978,SEWA,38,32,220,263,57860
201511302851626,SHL,6,22,500,415,207500
201511302851622,SHL,22,54,500,414,207000
201511302851943,SHPC,35,48,322,705,227010
201511302851738,SHPC,19,34,106,704,74624
201511302851709,SHPC,35,26,381,705,268605
201511302851684,SHPC,51,48,190,703,133570
201511302851683,SHPC,56,48,200,704,140800
201511302851682,SHPC,16,48,10,705,7050
201511302851777,SICL,22,13,154,800,123200
201511302851980,SIL,6,51,180,601,108180
201511302851979,SIL,6,51,20,613,12260
201511302851935,SIL,6,41,80,613,49040
201511302851570,SIL,16,55,200,625,125000
201511302851971,SKBBL,16,21,20,1275,25500
201511302851970,SKBBL,18,21,10,1276,12760
201511302851969,SKBBL,41,21,150,1277,191550
201511302851968,SKBBL,41,21,20,1278,25560
201511302851842,SKBBL,10,17,163,1280,208640
201511302851658,SKBBL,19,7,20,1289,25780
201511302851549,SKBBL,19,39,200,1285,257000
201511302851896,SLBBL,57,7,103,1983,204249
201511302851887,SLBBL,57,29,96,1960,188160
201511302851866,SLBBL,39,21,16,1950,31200
201511302851865,SLBBL,39,21,16,1950,31200
201511302851854,SLBBL,55,26,33,1948,64284
201511302851853,SLBBL,55,1,10,1947,19470
201511302851713,SLBBL,38,32,40,1945,77800
201511302851647,SLBBL,57,57,13,1945,25285
201511302851569,SLBBL,38,19,154,1948,299992
201511302851504,SLBBL,38,6,50,1945,97250
201511302851953,SLICL,36,53,200,615,123000
201511302851872,SLICL,6,48,131,609,79779
201511302851780,SODBL,17,29,500,128,64000
201511302851578,SODBL,59,29,500,128,64000
201511302851502,SODBL,26,29,500,128,64000
201511302851782,SRBL,16,35,200,343,68600
201511302851779,SRBL,16,58,50,345,17250
201511302851778,SRBL,16,34,78,345,26910
201511302851689,SRBL,16,5,1000,344,344000
201511302851659,SRBL,16,45,185,345,63825
201511302851572,SRBL,16,44,317,345,109365
201511302851571,SRBL,16,51,100,344,34400
201511302851862,SWBBL,19,51,120,1949,233880
201511302851800,UFIL,29,6,1000,147,147000
201511302851944,VBBL,52,49,250,142,35500
201511302851638,WDBL,47,47,66,270,17820
201511302851371,ADBL,6,17,500,429,214500
201511302851320,ADBL,53,53,300,428,128400
201511302851267,ADBL,53,53,100,426,42600
201511302851266,ADBL,22,53,200,426,85200
201511302851196,ADBL,53,53,100,425,42500
201511302851195,ADBL,48,53,200,426,85200
201511302851067,ADBL,40,53,500,426,213000
201511302851455,AHPC,1,10,26,256,6656
201511302851442,AHPC,33,39,400,257,102800
201511302851382,AHPC,25,42,565,257,145205
201511302851381,AHPC,25,47,360,257,92520
201511302851238,AHPC,26,21,189,257,48573
201511302851479,API,55,21,16,383,6128
201511302851465,API,55,59,26,384,9984
201511302851464,API,33,59,26,383,9958
201511302851461,API,55,59,26,384,9984
201511302851453,API,55,13,16,384,6144
201511302851444,API,55,34,26,384,9984
201511302850998,API,44,16,16,382,6112
201511302850989,API,44,38,18,382,6876
201511302850986,API,41,16,16,382,6112
201511302850985,API,56,38,18,382,6876
201511302851016,API,44,38,18,382,6876
201511302851015,API,44,16,16,382,6112
201511302851010,API,44,16,16,382,6112
201511302851005,API,44,16,16,382,6112
201511302851000,API,44,38,18,382,6876
201511302850999,API,33,34,26,383,9958
201511302851057,API,36,16,16,382,6112
201511302851051,API,36,55,16,382,6112
201511302851044,API,36,55,16,382,6112
201511302851026,API,36,55,16,382,6112
201511302851023,API,36,38,18,382,6876
201511302851018,API,36,16,16,382,6112
201511302851079,API,41,16,16,381,6096
201511302851076,API,41,16,16,381,6096
201511302851069,API,56,16,16,382,6112
201511302851066,API,6,16,16,382,6112
201511302851063,API,36,16,16,382,6112
201511302851059,API,36,16,16,382,6112
201511302851108,API,41,16,16,381,6096
201511302851106,API,41,16,16,381,6096
201511302851102,API,36,55,26,382,9932
201511302851099,API,36,38,18,382,6876
201511302851095,API,36,16,15,382,5730
201511302851082,API,36,16,16,382,6112
201511302851130,API,41,16,16,381,6096
201511302851126,API,41,16,16,381,6096
201511302851117,API,41,16,16,381,6096
201511302851116,API,1,38,18,382,6876
201511302851113,API,41,16,16,381,6096
201511302851111,API,41,34,26,381,9906
201511302851175,API,41,38,18,382,6876
201511302851174,API,41,47,16,381,6096
201511302851169,API,41,34,26,381,9906
201511302851144,API,41,16,16,381,6096
201511302851139,API,41,28,16,381,6096
201511302851138,API,41,16,16,381,6096
201511302851188,API,36,47,16,382,6112
201511302851186,API,36,47,16,382,6112
201511302851183,API,56,34,26,381,9906
201511302851180,API,41,47,16,381,6096
201511302851179,API,41,55,16,382,6112
201511302851178,API,41,55,16,382,6112
201511302851252,API,6,34,26,383,9958
201511302851215,API,26,26,26,383,9958
201511302851203,API,33,34,26,383,9958
201511302851200,API,36,47,16,382,6112
201511302851198,API,36,47,16,382,6112
201511302851190,API,36,34,26,382,9932
201511302851290,API,25,47,16,384,6144
201511302851287,API,25,47,16,384,6144
201511302851286,API,25,47,16,384,6144
201511302851284,API,25,47,16,384,6144
201511302851271,API,55,34,26,383,9958
201511302851255,API,6,21,26,383,9958
201511302851308,API,55,37,16,383,6128
201511302851306,API,25,55,326,384,125184
201511302851300,API,55,47,16,384,6144
201511302851299,API,25,43,24,383,9192
201511302851297,API,25,47,16,384,6144
201511302851294,API,25,59,26,383,9958
201511302851349,API,8,21,16,384,6144
201511302851336,API,55,34,26,384,9984
201511302851333,API,8,59,26,384,9984
201511302851330,API,55,34,26,384,9984
201511302851325,API,55,37,16,383,6128
201511302851315,API,55,34,26,384,9984
201511302851431,API,55,34,26,384,9984
201511302851410,API,55,26,16,384,6144
201511302851380,API,45,38,26,385,10010
201511302851379,API,45,22,26,385,10010
201511302851378,API,8,38,16,385,6160
201511302851372,API,8,38,18,385,6930
201511302851073,ARDBL,21,49,55,218,11990
201511302851068,ARDBL,21,49,77,218,16786
201511302851017,ARDBL,38,7,200,215,43000
201511302851002,ARDBL,38,21,313,215,67295
201511302851476,BARUN,43,21,10,326,3260
201511302851451,BARUN,43,7,10,326,3260
201511302851416,BARUN,32,29,10,328,3280
201511302851403,BARUN,32,32,10,327,3270
201511302851397,BARUN,32,32,10,327,3270
201511302851395,BARUN,32,32,10,327,3270
201511302851049,BARUN,4,43,10,325,3250
201511302851042,BARUN,4,43,10,325,3250
201511302851006,BARUN,4,57,10,325,3250
201511302851098,BARUN,4,45,10,325,3250
201511302851097,BARUN,4,45,10,325,3250
201511302851096,BARUN,4,45,10,325,3250
201511302851092,BARUN,4,45,10,325,3250
201511302851090,BARUN,4,45,10,325,3250
201511302851053,BARUN,4,43,10,325,3250
201511302851142,BARUN,14,43,10,325,3250
201511302851140,BARUN,14,39,10,325,3250
201511302851137,BARUN,14,39,10,325,3250
201511302851134,BARUN,14,39,10,325,3250
201511302851132,BARUN,14,39,10,325,3250
201511302851122,BARUN,4,43,10,325,3250
201511302851228,BARUN,37,39,10,325,3250
201511302851227,BARUN,37,39,10,325,3250
201511302851226,BARUN,37,39,10,325,3250
201511302851218,BARUN,37,42,10,325,3250
201511302851217,BARUN,37,42,10,325,3250
201511302851216,BARUN,37,39,10,325,3250
201511302851319,BARUN,43,43,10,326,3260
201511302851318,BARUN,43,43,10,326,3260
201511302851288,BARUN,37,59,10,325,3250
201511302851235,BARUN,37,39,10,325,3250
201511302851233,BARUN,37,39,10,325,3250
201511302851230,BARUN,37,39,10,325,3250
201511302851058,BPCL,38,4,100,528,52800
201511302851477,CBBL,21,21,200,1511,302200
201511302851401,CBBL,59,59,200,1520,304000
201511302851400,CBBL,38,59,100,1521,152100
201511302851394,CBBL,7,47,50,1525,76250
201511302851376,CBBL,5,47,100,1525,152500
201511302851366,CBBL,7,47,20,1527,30540
201511302851033,CBBL,45,47,50,1544,77200
201511302851027,CBBL,45,20,50,1544,77200
201511302851321,CBBL,21,45,640,1516,970240
201511302851192,CBBL,41,47,50,1530,76500
201511302851191,CBBL,14,47,70,1530,107100
201511302851173,CBBL,21,59,100,1530,153000
201511302851128,CBBL,22,59,100,1531,153100
201511302851052,CBBL,41,20,70,1539,107730
201511302851463,CBL,26,34,32,239,7648
201511302851236,CBL,58,21,500,240,120000
201511302851050,CBL,7,1,1000,239,239000
201511302851261,CCBL,13,32,160,283,45280
201511302851260,CCBL,49,32,240,285,68400
201511302851259,CCBL,11,32,100,285,28500
201511302851197,CCBL,11,38,100,285,28500
201511302851184,CCBL,59,38,400,285,114000
201511302851045,CCBL,6,49,100,284,28400
201511302851221,CFCL,5,16,500,243,121500
201511302851189,CFCL,18,21,50,246,12300
201511302851181,CFCL,18,21,100,246,24600
201511302851043,CFCL,45,14,200,247,49400
201511302851185,CHCL,41,5,106,1305,138330
201511302851025,CHCL,47,22,200,1305,261000
201511302851326,CNDBL,5,45,500,169,84500
201511302851426,CZBIL,45,45,90,520,46800
201511302851409,CZBIL,45,45,100,520,52000
201511302851399,CZBIL,26,45,100,519,51900
201511302851393,CZBIL,36,45,200,520,104000
201511302851369,CZBIL,36,45,300,520,156000
201511302851246,CZBIL,50,48,164,519,85116
201511302851109,CZBIL,50,45,200,520,104000
201511302851105,CZBIL,21,5,100,518,51800
201511302851078,CZBIL,41,45,110,520,57200
201511302851009,CZBIL,50,45,100,519,51900
201511302851141,DDBL,36,45,300,1694,508200
201511302850987,DDBL,55,14,300,1700,510000
201511302851475,EBL,26,7,50,2496,124800
201511302851424,EBL,57,5,50,2495,124750
201511302851421,EBL,57,58,100,2495,249500
201511302851398,EBL,7,6,50,2491,124550
201511302851388,EBL,45,20,50,2492,124600
201511302851387,EBL,25,20,30,2494,74820
201511302851024,EBL,44,5,150,2470,370500
201511302851074,EBL,48,58,100,2480,248000
201511302851065,EBL,48,35,86,2480,213280
201511302851064,EBL,44,39,224,2480,555520
201511302851060,EBL,42,14,74,2475,183150
201511302851031,EBL,54,5,100,2470,247000
201511302851149,EBL,45,22,200,2480,496000
201511302851148,EBL,39,22,30,2480,74400
201511302851147,EBL,4,22,20,2487,49740
201511302851143,EBL,41,22,10,2488,24880
201511302851100,EBL,17,42,20,2485,49700
201511302851091,EBL,45,42,100,2480,248000
201511302851159,EBL,6,22,100,2487,248700
201511302851157,EBL,6,39,350,2487,870450
201511302851156,EBL,6,22,10,2480,24800
201511302851152,EBL,11,22,50,2480,124000
201511302851151,EBL,8,22,50,2480,124000
201511302851150,EBL,49,22,40,2480,99200
201511302851202,EBL,7,21,100,2493,249300
201511302851194,EBL,45,42,500,2490,1245000
201511302851182,EBL,48,22,500,2490,1245000
201511302851170,EBL,45,45,225,2485,559125
201511302851268,EBL,11,58,100,2494,249400
201511302851263,EBL,17,42,20,2493,49860
201511302851256,EBL,45,42,950,2492,2367400
201511302851253,EBL,19,42,50,2494,124700
201511302851212,EBL,55,5,43,2496,107328
201511302851316,EBL,6,13,150,2495,374250
201511302851314,EBL,11,42,50,2499,124950
201511302851307,EBL,6,42,30,2499,74970
201511302851272,EBL,17,6,200,2497,499400
201511302851270,EBL,11,51,100,2497,249700
201511302851269,EBL,11,42,100,2495,249500
201511302851377,EBL,13,13,50,2493,124650
201511302851374,EBL,49,22,100,2495,249500
201511302851329,EBL,38,42,30,2499,74970
201511302851324,EBL,25,5,70,2494,174580
201511302851323,EBL,14,5,20,2494,49880
201511302851322,EBL,19,5,30,2495,74850
201511302851384,GBBL,13,48,255,301,76755
201511302851458,GBIME,40,35,400,382,152800
201511302851407,GBIME,49,10,387,380,147060
201511302851402,GBIME,20,16,200,382,76400
201511302851358,GBIME,57,16,600,380,228000
201511302851125,GBIME,39,16,500,380,190000
201511302851124,GBIME,6,16,150,380,57000
201511302851075,GBIME,8,14,365,380,138700
201511302851070,GBIME,1,16,50,383,19150
201511302851123,GBIME,8,16,1130,380,429400
201511302851112,GBIME,8,5,500,380,190000
201511302851086,GBIME,6,16,400,380,152000
201511302851085,GBIME,28,16,100,380,38000
201511302851084,GBIME,6,16,50,380,19000
201511302851083,GBIME,13,16,100,381,38100
201511302851412,HBL,8,14,27,1245,33615
201511302851029,HBL,21,17,100,1250,125000
201511302851028,HBL,17,8,30,1250,37500
201511302851327,ICFC,8,59,140,206,28840
201511302851037,ILFC,40,10,310,184,57040
201511302851030,ILFC,40,6,600,181,108600
201511302851103,JEFL,32,32,100,154,15400
201511302851262,KADBL,39,21,176,366,64416
201511302851415,KBL,51,32,400,361,144400
201511302851414,KBL,6,32,200,362,72400
201511302851413,KBL,11,32,100,365,36500
201511302851121,KBL,44,7,400,365,146000
201511302851114,KBL,44,5,485,365,177025
201511302851107,KBL,44,32,500,364,182000
201511302851077,KBL,29,1,45,360,16200
201511302851014,KBL,17,32,500,362,181000
201511302851013,KBL,17,39,50,360,18000
201511302851408,LBL,58,58,875,450,393750
201511302851089,LBL,41,6,350,455,159250
201511302851088,LBL,41,42,50,453,22650
201511302851454,LICN,54,32,34,3060,104040
201511302851449,LICN,54,51,18,3060,55080
201511302851405,LICN,54,48,89,3050,271450
201511302851250,LICN,36,25,150,3011,451650
201511302851248,LICN,36,48,93,3005,279465
201511302851161,LICN,54,48,30,3001,90030
201511302851160,LICN,54,48,100,3000,300000
201511302851021,LICN,1,1,34,2961,100674
201511302851462,LUBL,45,38,200,360,72000
201511302851232,LUBL,29,21,100,357,35700
201511302851231,LUBL,29,25,10,357,3570
201511302851040,LUBL,22,29,100,352,35200
201511302851032,LUBL,50,21,1000,355,355000
201511302851429,MDBL,25,21,400,275,110000
201511302851428,MDBL,13,21,200,278,55600
201511302851396,MDBL,6,21,100,280,28000
201511302851008,MDBL,6,16,100,282,28200
201511302851166,MDBL,25,38,100,284,28400
201511302851165,MDBL,25,41,200,284,56800
201511302851158,MDBL,25,14,10,284,2840
201511302851136,MDBL,25,7,200,283,56600
201511302851007,MNBBL,32,47,21,644,13524
201511302850996,MNBBL,4,47,200,642,128400
201511302851213,NABIL,48,5,358,2055,735690
201511302851020,NABIL,45,42,49,2065,101185
201511302851038,NABILP,49,22,250,1555,388750
201511302851193,NABILP,59,5,600,1555,933000
201511302851167,NABILP,17,5,200,1555,311000
201511302851210,NABILP,59,54,500,1560,780000
201511302851386,NBB,50,46,485,411,199335
201511302851247,NBB,59,5,128,411,52608
201511302851237,NBB,59,5,200,411,82200
201511302851171,NBB,1,46,500,411,205500
201511302851164,NBB,21,11,500,415,207500
201511302851019,NBB,57,38,200,418,83600
201511302851004,NBB,45,14,500,415,207500
201511302850995,NBB,45,6,500,416,208000
201511302851293,NBF1,21,21,6594,13,84469
201511302851257,NBF1,21,21,2997,13,38392
201511302851056,NBF1,21,21,599,13,7673
201511302850983,NBL,57,57,1000,256,256000
201511302851456,NHPC,57,41,5000,103,515000
201511302851304,NIB,33,5,127,627,79629
201511302851296,NIB,50,5,200,628,125600
201511302851022,NIB,7,28,228,631,143868
201511302851332,NIBPO,59,5,1000,530,530000
201511302851061,NIBSF1,49,53,3000,10,30000
201511302850984,NIBSF1,49,28,13400,10,134000
201511302851472,NICA,56,53,200,800,160000
201511302851430,NICA,45,22,50,802,40100
201511302851311,NICA,36,5,615,797,490155
201511302851303,NICA,39,17,145,805,116725
201511302851282,NICA,45,21,200,802,160400
201511302851211,NICA,44,21,207,800,165600
201511302851054,NICA,45,13,220,795,174900
201511302851046,NICA,45,13,220,795,174900
201511302851208,NICA,44,21,50,800,40000
201511302851204,NICA,44,5,200,800,160000
201511302851201,NICA,44,19,115,800,92000
201511302851168,NICA,25,22,100,800,80000
201511302851129,NICA,40,21,80,798,63840
201511302851115,NICA,40,43,120,798,95760
201511302851482,NLBBL,28,45,100,1499,149900
201511302851471,NLBBL,28,19,68,1498,101864
201511302851425,NLBBL,10,19,100,1490,149000
201511302851172,NLBBL,29,19,50,1480,74000
201511302851473,NLIC,14,35,90,2850,256500
201511302851469,NLIC,14,57,10,2850,28500
201511302851468,NLIC,11,57,100,2850,285000
201511302851467,NLIC,53,57,50,2850,142500
201511302851450,NLIC,45,49,47,2851,133997
201511302851177,NLIC,52,6,12,2890,34680
201511302851359,NLICL,26,19,30,2010,60300
201511302851305,NLICL,6,19,100,2007,200700
201511302851289,NLICL,25,7,65,2007,130455
201511302851280,NLICL,25,7,100,2007,200700
201511302851279,NLICL,22,7,100,2007,200700
201511302851278,NLICL,11,7,100,2010,201000
201511302851277,NLICL,52,7,50,2015,100750
201511302851276,NLICL,52,7,50,2015,100750
201511302851258,NLICL,26,54,100,2016,201600
201511302851176,NLICL,54,54,1028,2010,2066280
201511302851423,NMB,43,43,2000,390,780000
201511302851035,NMB,49,49,300,390,117000
201511302850993,NMB,40,21,150,389,58350
201511302850992,NMB,1,21,100,390,39000
201511302850991,NMB,52,21,50,390,19500
201511302850990,NMB,8,21,100,390,39000
201511302851001,NMBSF1,49,25,4000,10,40000
201511302851427,NNFC,46,16,509,260,132340
201511302851420,NUBL,14,42,100,1689,168900
201511302851419,NUBL,14,42,100,1686,168600
201511302851418,NUBL,14,42,200,1685,337000
201511302851249,NUBL,14,42,100,1675,167500
201511302851220,NUBL,14,40,48,1671,80208
201511302851081,NUBL,7,42,200,1671,334200
201511302851389,PADBL,21,57,200,328,65600
201511302851478,PCBL,59,45,200,528,105600
201511302851411,PCBL,59,25,150,526,78900
201511302851406,PCBL,59,43,100,531,53100
201511302851392,PCBL,51,5,500,525,262500
201511302851391,PCBL,13,5,100,525,52500
201511302851390,PCBL,56,5,200,525,105000
201511302851187,PCBL,41,43,490,528,258720
201511302851163,PCBL,41,41,312,529,165048
201511302851155,PCBL,40,21,200,528,105600
201511302851146,PCBL,39,42,82,530,43460
201511302851133,PCBL,26,43,200,529,105800
201511302851229,PCBL,59,42,99,530,52470
201511302851223,PCBL,59,42,189,530,100170
201511302851222,PCBL,26,42,99,530,52470
201511302851207,PCBL,47,41,209,527,110143
201511302851206,PCBL,17,42,82,530,43460
201511302851205,PCBL,17,21,100,529,52900
201511302851383,PCBL,17,5,120,527,63240
201511302851375,PCBL,25,5,478,526,251428
201511302851313,PCBL,1,45,100,528,52800
201511302851302,PCBL,6,45,200,528,105600
201511302851254,PCBL,36,43,200,530,106000
201511302851244,PCBL,36,43,300,530,159000
201511302851350,PLIC,36,59,200,1200,240000
201511302851153,PLIC,36,59,200,1194,238800
201511302851131,PLIC,36,52,50,1195,59750
201511302851094,PLIC,26,44,200,1189,237800
201511302851093,PLIC,26,59,200,1185,237000
201511302851034,PLIC,36,59,200,1185,237000
201511302850997,PLIC,36,52,50,1184,59200
201511302851452,RBBBL,26,26,13,178,2314
201511302851443,RBBBL,26,26,13,178,2314
201511302851441,RBBBL,26,26,13,178,2314
201511302851440,RBBBL,26,26,13,178,2314
201511302851439,RBBBL,26,26,13,178,2314
201511302851438,RBBBL,26,26,13,178,2314
201511302850988,RBBBL,1,43,13,178,2314
201511302851240,RBBBL,26,26,13,179,2327
201511302851080,RBBBL,17,43,13,176,2288
201511302851072,RBBBL,26,26,13,179,2327
201511302851071,RBBBL,26,26,13,179,2327
201511302851354,RBBBL,26,26,13,180,2340
201511302851352,RBBBL,26,26,13,180,2340
201511302851351,RBBBL,26,26,13,180,2340
201511302851339,RBBBL,26,26,13,180,2340
201511302851251,RBBBL,26,26,13,181,2353
201511302851245,RBBBL,26,26,13,179,2327
201511302851367,RBBBL,26,26,13,180,2340
201511302851364,RBBBL,26,26,13,180,2340
201511302851362,RBBBL,26,26,13,180,2340
201511302851361,RBBBL,26,26,13,180,2340
201511302851356,RBBBL,26,26,13,180,2340
201511302851355,RBBBL,26,26,13,180,2340
201511302851437,RBBBL,26,26,13,178,2314
201511302851436,RBBBL,26,26,13,178,2314
201511302851435,RBBBL,26,26,13,178,2314
201511302851434,RBBBL,26,26,13,178,2314
201511302851432,RBBBL,26,26,13,177,2301
201511302851370,RBBBL,26,26,13,180,2340
201511302851234,RBCLPO,28,26,13,4251,55263
201511302851481,RHPC,51,51,12,373,4476
201511302851470,RHPC,56,56,12,373,4476
201511302851433,RHPC,51,51,12,373,4476
201511302851373,RHPC,56,56,21,373,7833
201511302851365,RHPC,56,56,21,373,7833
201511302851337,RHPC,56,56,12,373,4476
201511302851328,RHPC,56,56,12,373,4476
201511302851312,RHPC,56,56,12,373,4476
201511302851301,RHPC,56,56,12,373,4476
201511302851281,RHPC,56,56,12,373,4476
201511302851104,RHPC,51,51,12,373,4476
201511302851087,RHPC,51,51,12,373,4476
201511302851274,SADBL,17,48,100,335,33500
201511302851273,SADBL,48,48,100,336,33600
201511302851309,SAFL,11,45,400,169,67600
201511302851041,SAFL,46,26,100,170,17000
201511302851036,SAFL,17,43,56,168,9408
201511302851011,SAFL,11,43,56,167,9352
201511302851422,SANIMA,42,21,100,607,60700
201511302851417,SANIMA,6,13,500,606,303000
201511302851404,SANIMA,45,5,208,603,125424
201511302851368,SANIMA,6,46,12,604,7248
201511302851360,SANIMA,57,46,40,603,24120
201511302851348,SANIMA,54,46,500,604,302000
201511302851341,SANIMA,43,46,150,605,90750
201511302851340,SANIMA,32,46,200,606,121200
201511302851275,SANIMA,49,49,575,605,347875
201511302850994,SANIMA,13,13,321,605,194205
201511302851347,SANIMA,54,46,100,604,60400
201511302851346,SANIMA,25,46,200,604,120800
201511302851345,SANIMA,28,46,100,604,60400
201511302851344,SANIMA,26,46,200,604,120800
201511302851343,SANIMA,54,46,500,604,302000
201511302851342,SANIMA,26,46,200,605,121000
201511302851466,SBI,26,25,129,1225,158025
201511302851209,SBI,33,14,200,1230,246000
201511302851101,SBI,21,25,100,1230,123000
201511302851048,SBI,44,17,288,1225,352800
201511302851460,SBL,50,5,81,606,49086
201511302851459,SCB,25,14,20,2375,47500
201511302851310,SCB,7,14,20,2375,47500
201511302851283,SCB,16,14,10,2375,23750
201511302851239,SCB,7,14,20,2375,47500
201511302851214,SCB,7,14,20,2375,47500
201511302851335,SEOS,11,28,500,10,4925
201511302851334,SEOS,1,50,2500,10,24500
201511302851331,SEOS,1,50,2500,10,24500
201511302851298,SEOS,1,26,53080,10,525492
201511302851285,SEOS,1,28,5898,10,58036
201511302851265,SEOS,1,21,8847,10,86701
201511302851264,SEOS,1,50,2500,10,24500
201511302851317,SEWA,38,45,374,260,97240
201511302851457,SHL,20,45,259,413,106967
201511302851295,SHL,44,25,1000,412,412000
201511302851291,SHL,44,58,700,411,287700
201511302851012,SICL,26,13,200,800,160000
201511302851480,SLBBL,38,6,15,1940,29100
201511302851474,SLBBL,38,37,100,1944,194400
201511302851363,SLICL,36,7,34,615,20910
201511302851127,SLICL,53,53,42,620,26040
201511302851357,SODBL,17,17,1000,128,128000
201511302851353,SODBL,14,17,1000,128,128000
201511302851225,SODBL,25,20,1358,130,176540
201511302851224,SODBL,25,17,500,129,64500
201511302851199,SODBL,50,16,143,128,18304
201511302851162,SODBL,5,17,1000,127,127000
201511302851292,SRBL,11,51,100,344,34400
201511302851047,SRBL,16,38,500,343,171500
201511302851003,SRBL,50,48,1000,343,343000
201511302851219,SWBBL,1,39,261,1950,508950
201511302851135,UFIL,53,53,22,149,3278
201511302851385,UFL,50,55,52,270,14040
201511302851145,VBBL,47,11,120,140,16800
201511302851338,VLBS,6,51,10,383,3830
201511302850857,ADBL,22,29,31,424,13144
201511302850847,ADBL,53,53,300,425,127500
201511302850790,ADBL,37,53,300,428,128400
201511302850729,ADBL,8,57,500,430,215000
201511302850725,ADBL,57,21,10,434,4340
201511302850979,AHPC,50,52,500,256,128000
201511302850933,AHPC,26,26,90,256,23040
201511302850875,AHPC,25,52,500,256,128000
201511302850973,API,36,7,16,382,6112
201511302850965,API,36,7,16,382,6112
201511302850952,API,36,7,16,382,6112
201511302850943,API,36,7,16,382,6112
201511302850941,API,36,7,16,382,6112
201511302850936,API,36,36,16,382,6112
201511302850490,API,41,58,26,387,10062
201511302850485,API,56,57,26,389,10114
201511302850484,API,41,5,16,387,6192
201511302850479,API,50,57,26,389,10114
201511302850478,API,41,58,26,387,10062
201511302850477,API,41,34,26,387,10062
201511302850528,API,41,38,16,385,6160
201511302850527,API,41,38,16,385,6160
201511302850514,API,45,58,26,387,10062
201511302850496,API,41,5,16,387,6192
201511302850495,API,50,34,26,388,10088
201511302850494,API,41,58,26,387,10062
201511302850537,API,50,38,13,385,5005
201511302850534,API,50,38,15,385,5775
201511302850533,API,26,57,26,385,10010
201511302850532,API,41,7,26,385,10010
201511302850530,API,41,38,16,385,6160
201511302850529,API,41,57,16,385,6160
201511302850555,API,56,58,26,384,9984
201511302850543,API,50,38,20,386,7720
201511302850542,API,56,57,26,385,10010
201511302850540,API,56,38,14,385,5390
201511302850539,API,56,58,26,387,10062
201511302850538,API,50,57,26,385,10010
201511302850583,API,50,45,16,383,6128
201511302850576,API,50,45,16,383,6128
201511302850572,API,50,45,16,383,6128
201511302850562,API,50,45,10,383,3830
201511302850557,API,50,45,10,383,3830
201511302850556,API,1,19,26,383,9958
201511302850626,API,36,7,16,382,6112
201511302850625,API,36,58,26,382,9932
201511302850623,API,36,7,16,382,6112
201511302850621,API,1,58,26,382,9932
201511302850613,API,36,7,26,382,9932
201511302850607,API,36,45,26,382,9932
201511302850644,API,41,58,26,381,9906
201511302850640,API,41,38,16,382,6112
201511302850638,API,41,38,16,382,6112
201511302850637,API,41,7,16,382,6112
201511302850633,API,41,38,16,382,6112
201511302850627,API,41,7,16,382,6112
201511302850659,API,36,7,16,382,6112
201511302850657,API,36,7,16,382,6112
201511302850655,API,50,34,26,381,9906
201511302850654,API,50,7,16,381,6096
201511302850653,API,50,57,26,381,9906
201511302850651,API,41,57,26,381,9906
201511302850675,API,10,42,16,384,6144
201511302850674,API,41,7,16,381,6096
201511302850673,API,10,32,14,384,5376
201511302850672,API,50,7,26,381,9906
201511302850664,API,36,34,26,382,9932
201511302850663,API,36,57,26,382,9932
201511302850682,API,10,36,16,385,6160
201511302850681,API,41,7,16,381,6096
201511302850680,API,10,36,16,385,6160
201511302850679,API,10,7,16,385,6160
201511302850677,API,10,7,16,385,6160
201511302850676,API,10,34,26,383,9958
201511302850696,API,10,38,18,385,6930
201511302850689,API,10,34,26,385,10010
201511302850687,API,10,38,16,385,6160
201511302850686,API,10,7,16,385,6160
201511302850685,API,10,7,16,385,6160
201511302850684,API,10,42,16,384,6144
201511302850708,API,36,38,18,385,6930
201511302850707,API,10,42,16,385,6160
201511302850706,API,10,58,10,385,3850
201511302850703,API,10,42,16,385,6160
201511302850702,API,10,38,18,385,6930
201511302850697,API,10,58,26,385,10010
201511302850735,API,10,34,26,385,10010
201511302850730,API,33,7,16,382,6112
201511302850727,API,10,38,18,385,6930
201511302850720,API,10,42,16,384,6144
201511302850719,API,10,42,16,384,6144
201511302850718,API,10,42,16,384,6144
201511302850746,API,41,14,26,382,9932
201511302850745,API,41,14,26,382,9932
201511302850742,API,41,7,16,382,6112
201511302850740,API,41,14,26,382,9932
201511302850738,API,10,59,26,385,10010
201511302850736,API,10,59,26,385,10010
201511302850774,API,45,22,26,385,10010
201511302850769,API,41,7,16,382,6112
201511302850765,API,41,7,16,382,6112
201511302850758,API,41,7,16,382,6112
201511302850757,API,41,38,18,382,6876
201511302850750,API,41,14,26,382,9932
201511302850807,API,41,57,26,382,9932
201511302850802,API,41,7,16,382,6112
201511302850800,API,41,57,26,382,9932
201511302850794,API,41,7,16,382,6112
201511302850792,API,41,38,18,382,6876
201511302850787,API,41,7,16,382,6112
201511302850858,API,50,54,26,383,9958
201511302850855,API,50,54,26,383,9958
201511302850854,API,50,34,26,383,9958
201511302850853,API,50,54,26,383,9958
201511302850837,API,50,54,26,383,9958
201511302850836,API,50,34,26,383,9958
201511302850879,API,10,42,16,384,6144
201511302850877,API,10,34,26,383,9958
201511302850876,API,10,54,26,383,9958
201511302850874,API,10,54,26,383,9958
201511302850860,API,50,33,13,383,4979
201511302850859,API,50,54,26,383,9958
201511302850889,API,10,42,26,384,9984
201511302850886,API,41,38,26,382,9932
201511302850885,API,10,42,26,384,9984
201511302850883,API,10,42,26,384,9984
201511302850882,API,10,42,26,384,9984
201511302850881,API,10,42,26,384,9984
201511302850901,API,41,55,16,382,6112
201511302850900,API,45,34,26,384,9984
201511302850897,API,10,22,26,385,10010
201511302850895,API,10,38,18,385,6930
201511302850894,API,10,22,26,385,10010
201511302850893,API,10,38,26,384,9984
201511302850935,API,36,7,16,382,6112
201511302850930,API,45,7,16,384,6144
201511302850929,API,45,47,16,384,6144
201511302850926,API,45,47,16,384,6144
201511302850924,API,45,7,16,384,6144
201511302850907,API,45,7,16,384,6144
201511302850925,ARDBL,43,13,42,212,8904
201511302850796,ARDBL,43,32,33,214,7062
201511302850795,ARDBL,43,32,31,214,6634
201511302850784,ARDBL,43,45,73,211,15403
201511302850560,ARDBL,40,32,33,212,6996
201511302850558,ARDBL,32,20,319,212,67628
201511302850667,BARUN,45,45,10,328,3280
201511302850666,BARUN,45,45,10,328,3280
201511302850636,BFCL,39,36,140,125,17500
201511302850635,BFCL,39,36,140,125,17500
201511302850634,BFCL,39,36,140,125,17500
201511302850783,BOKPO,17,28,100,225,22500
201511302850782,BOKPO,17,28,100,229,22900
201511302850780,BOKPO,17,28,100,233,23300
201511302850779,BOKPO,17,28,100,237,23700
201511302850775,BOKPO,17,28,100,241,24100
201511302850773,BOKPO,17,28,100,245,24500
201511302850871,BPCL,39,41,100,520,52000
201511302850844,BPCL,39,16,20,520,10400
201511302850628,BPCL,52,16,80,529,42320
201511302850566,BPCL,52,16,400,529,211600
201511302850521,BPCL,52,45,100,529,52900
201511302850913,CBL,29,33,500,238,119000
201511302850912,CBL,39,33,1000,238,238000
201511302850755,CBL,47,47,247,239,59033
201511302850838,CCBL,49,14,162,280,45360
201511302850546,CCBL,1,53,200,285,57000
201511302850545,CCBL,6,53,50,285,14250
201511302850544,CCBL,41,53,50,285,14250
201511302850536,CCBL,13,53,100,286,28600
201511302850823,CFCL,6,16,200,251,50200
201511302850971,CHCL,48,41,36,1300,46800
201511302850956,CHCL,21,41,18,1300,23400
201511302850928,CHCL,42,21,190,1300,247000
201511302850710,CHCL,44,57,4857,1300,6314100
201511302850662,CHCL,44,22,27,1301,35127
201511302850596,CHCL,21,45,50,1300,65000
201511302850588,CHCL,21,45,31,1300,40300
201511302850548,CHCL,44,14,80,1301,104080
201511302850522,CHCL,44,26,141,1300,183300
201511302850501,CHCL,44,14,40,1301,52040
201511302850492,CHCL,44,22,50,1301,65050
201511302850865,CNDBL,5,42,50,169,8450
201511302850512,CNDBL,5,45,100,172,17200
201511302850511,CNDBL,5,42,100,172,17200
201511302850972,CZBIL,36,54,1000,515,515000
201511302850862,CZBIL,14,45,150,513,76950
201511302850805,CZBIL,35,35,3000,513,1539000
201511302850550,CZBIL,19,53,15,513,7695
201511302850523,CZBIL,45,45,100,515,51500
201511302850652,DBBL,13,32,200,169,33800
201511302850906,DDBL,48,17,30,1693,50790
201511302850896,DDBL,55,14,300,1700,510000
201511302850982,EBL,32,42,100,2475,247500
201511302850916,EBL,11,47,100,2475,247500
201511302850905,EBL,45,43,123,2472,304056
201511302850898,EBL,45,58,100,2470,247000
201511302850850,EBL,10,58,100,2470,247000
201511302850504,EBL,49,45,10,2485,24850
201511302850503,EBL,32,14,130,2480,322400
201511302850570,EBL,22,45,50,2480,124000
201511302850569,EBL,48,45,300,2480,744000
201511302850568,EBL,32,45,20,2480,49600
201511302850554,EBL,49,5,100,2481,248100
201511302850505,EBL,49,45,100,2481,248100
201511302850726,EBL,44,39,300,2480,744000
201511302850669,EBL,44,59,223,2480,553040
201511302850642,EBL,20,45,20,2480,49600
201511302850575,EBL,19,45,10,2480,24800
201511302850571,EBL,22,45,100,2480,248000
201511302850786,EBL,51,58,100,2470,247000
201511302850754,EBL,36,53,101,2475,249975
201511302850834,EBLCP,17,22,20,1290,25800
201511302850867,GBBL,13,16,50,297,14850
201511302850824,GBBL,43,25,300,300,90000
201511302850817,GBBL,50,42,116,301,34916
201511302850751,GBBL,13,13,104,303,31512
201511302850748,GBBL,13,13,20,303,6060
201511302850927,GBIME,40,40,605,382,231110
201511302850866,GBIME,8,48,91,380,34580
201511302850778,GBIME,8,48,200,380,76000
201511302850777,GBIME,8,28,480,380,182400
201511302850776,GBIME,8,42,200,380,76000
201511302850731,GBIME,50,28,110,380,41800
201511302850499,GBIME,7,43,200,379,75800
201511302850692,GBIME,43,28,120,380,45600
201511302850691,GBIME,43,21,80,380,30400
201511302850678,GBIME,48,28,50,380,19000
201511302850671,GBIME,7,45,56,379,21224
201511302850660,GBIME,16,28,40,380,15200
201511302850624,GBIME,7,32,100,379,37900
201511302850921,HBL,49,49,545,1243,677435
201511302850902,HBL,33,49,128,1245,159360
201511302850856,HBL,49,49,1117,1243,1388431
201511302850788,HBL,21,5,389,1245,484305
201511302850749,HBL,33,39,105,1243,130515
201511302850489,HBL,47,14,100,1240,124000
201511302850488,HBL,21,14,100,1245,124500
201511302850954,ILFC,41,1,168,182,30576
201511302850646,ILFC,6,55,240,179,42960
201511302850577,ILFC,42,40,1375,179,246125
201511302850553,ILFC,37,45,200,180,36000
201511302850950,KBL,48,21,250,357,89250
201511302850949,KBL,6,21,50,358,17900
201511302850948,KBL,50,21,500,358,179000
201511302850947,KBL,21,21,100,358,35800
201511302850946,KBL,45,21,100,358,35800
201511302850848,KBL,32,32,400,362,144800
201511302850810,KBL,52,39,50,360,18000
201511302850772,LBL,56,47,62,450,27900
201511302850552,LBL,17,39,200,445,89000
201511302850513,LBL,56,21,100,450,45000
201511302850561,LGIL,49,49,12713,363,4614819
201511302850516,LICN,25,25,34,2952,100368
201511302850892,LLBS,57,11,52,935,48620
201511302850851,LLBS,50,50,91,940,85540
201511302850724,LLBS,26,41,200,950,190000
201511302850723,LLBS,26,11,100,945,94500
201511302850764,LUBL,1,21,100,350,35000
201511302850763,LUBL,39,21,200,351,70200
201511302850762,LUBL,1,21,300,352,105600
201511302850761,LUBL,51,21,300,352,105600
201511302850760,LUBL,14,21,200,353,70600
201511302850753,LUBL,26,21,1000,354,354000
201511302850752,LUBL,48,21,200,356,71200
201511302850631,LUBL,50,26,1000,357,357000
201511302850822,MDB,26,17,20,481,9620
201511302850812,MDBL,47,38,490,279,136710
201511302850585,MMDBL,32,41,46,522,24012
201511302850798,MNBBL,28,26,121,647,78287
201511302850797,MNBBL,33,26,500,646,323000
201511302850839,MNBBL,19,42,200,646,129200
201511302850872,MNBBL,34,45,361,648,233928
201511302850846,MNBBL,6,42,86,648,55728
201511302850841,MNBBL,47,42,500,645,322500
201511302850840,MNBBL,28,42,500,646,323000
201511302850980,NABIL,45,6,100,2055,205500
201511302850809,NABIL,43,42,35,2046,71610
201511302850789,NABIL,53,42,100,2050,205000
201511302850771,NABIL,45,42,250,2060,515000
201511302850759,NABIL,39,42,100,2065,206500
201511302850641,NABIL,41,53,100,2065,206500
201511302850519,NABIL,48,14,60,2065,123900
201511302850609,NABIL,41,25,107,2060,220420
201511302850605,NABIL,41,58,20,2060,41200
201511302850604,NABIL,11,58,100,2060,206000
201511302850603,NABIL,43,58,100,2060,206000
201511302850602,NABIL,37,58,100,2060,206000
201511302850601,NABIL,7,58,30,2060,61800
201511302850622,NABIL,45,25,26,2060,53560
201511302850619,NABIL,45,25,190,2060,391400
201511302850618,NABIL,39,25,10,2060,20600
201511302850617,NABIL,11,25,200,2060,412000
201511302850616,NABIL,1,25,100,2060,206000
201511302850615,NABIL,5,25,100,2060,206000
201511302850899,NABILP,36,35,50,1554,77700
201511302850547,NABILP,56,14,92,1555,143060
201511302850700,NABILP,53,35,50,1560,78000
201511302850842,NABILP,36,36,100,1554,155400
201511302850734,NABILP,17,22,300,1550,465000
201511302850733,NABILP,4,22,100,1550,155000
201511302850732,NABILP,14,22,50,1550,77500
201511302850966,NBB,45,7,500,415,207500
201511302850911,NBB,49,49,500,412,206000
201511302850785,NBB,49,49,180,418,75240
201511302850781,NBB,49,49,450,418,188100
201511302850770,NBB,49,49,100,418,41800
201511302850716,NBB,49,49,500,417,208500
201511302850709,NBB,49,49,300,417,125100
201511302850705,NBB,49,47,100,412,41200
201511302850693,NBB,50,6,500,409,204500
201511302850565,NBB,49,25,80,408,32640
201511302850541,NBB,57,53,190,406,77140
201511302850945,NBF1,26,21,2757,13,35703
201511302850918,NBF1,21,21,300,13,3840
201511302850903,NBF1,21,21,599,13,7667
201511302850791,NBF1,14,14,9771,13,123701
201511302850766,NBF1,38,21,2997,13,38272
201511302850728,NBF1,22,21,2997,13,38242
201511302850717,NBF1,21,21,2997,13,38272
201511302850828,NBL,25,25,3310,255,844050
201511302850878,NHPC,10,56,1000,105,105000
201511302850868,NHPC,7,56,2000,105,210000
201511302850852,NHPC,25,56,500,106,53000
201511302850830,NHPC,34,17,1000,106,106000
201511302850668,NIB,33,47,363,621,225423
201511302850977,NIBPO,59,33,500,536,268000
201511302850964,NIBPO,59,25,200,535,107000
201511302850963,NIBPO,59,1,500,534,267000
201511302850962,NIBPO,59,55,100,533,53300
201511302850961,NIBPO,59,13,100,532,53200
201511302850960,NIBPO,59,39,60,529,31740
201511302850804,NIBPO,29,13,100,529,52900
201511302850803,NIBPO,29,36,100,528,52800
201511302850699,NIBPO,50,20,10,521,5210
201511302850698,NIBPO,50,20,500,522,261000
201511302850563,NIBPO,50,38,200,522,104400
201511302850958,NIBSF1,49,28,9233,10,92330
201511302850595,NIBSF1,49,44,5565,10,55650
201511302850975,NICA,45,21,200,795,159000
201511302850974,NICA,45,43,200,794,158800
201511302850811,NICA,36,18,200,793,158600
201511302850711,NICA,11,41,200,790,158000
201511302850670,NICA,36,41,29,787,22823
201511302850665,NICA,11,41,52,787,40924
201511302850599,NICA,11,26,300,787,236100
201511302850598,NICA,16,26,50,788,39400
201511302850597,NICA,35,26,50,788,39400
201511302850520,NICA,29,42,100,793,79300
201511302850909,NIL,39,1,50,507,25350
201511302850908,NIL,5,1,50,508,25400
201511302850584,NIL,1,1,120,510,61200
201511302850919,NLBBL,5,42,84,1470,123480
201511302850914,NLBBL,44,42,500,1471,735500
201511302850873,NLBBL,44,40,125,1471,183875
201511302850915,NLG,45,34,192,650,124800
201511302850888,NLG,45,45,150,644,96600
201511302850827,NLG,49,49,277,650,180050
201511302850825,NLG,49,38,430,650,279500
201511302850573,NLG,45,20,239,644,153916
201511302850978,NLICL,45,54,149,2015,300235
201511302850969,NLICL,26,54,200,2015,403000
201511302850953,NLICL,14,17,359,2012,722308
201511302850944,NLICL,36,54,100,2016,201600
201511302850939,NLICL,25,54,50,2020,101000
201511302850957,NMB,8,36,315,389,122535
201511302850942,NMB,28,6,83,392,32536
201511302850940,NMB,8,17,751,390,292890
201511302850937,NMB,6,6,200,391,78200
201511302850934,NMB,8,21,300,390,117000
201511302850932,NMB,49,6,100,391,39100
201511302850480,NMB,1,21,100,396,39600
201511302850517,NMB,17,36,400,392,156800
201511302850508,NMB,32,38,350,393,137550
201511302850507,NMB,25,38,50,393,19650
201511302850483,NMB,25,21,150,393,58950
201511302850482,NMB,55,21,100,394,39400
201511302850481,NMB,40,21,100,395,39500
201511302850620,NMB,43,36,200,393,78600
201511302850574,NMB,55,36,100,393,39300
201511302850535,NMB,48,20,107,392,41944
201511302850526,NMB,48,20,750,392,294000
201511302850525,NMB,17,20,100,392,39200
201511302850524,NMB,25,20,50,392,19600
201511302850931,NMB,54,6,200,391,78200
201511302850831,NMB,43,43,5000,390,1950000
201511302850768,NMB,40,36,100,389,38900
201511302850744,NMB,21,36,200,390,78000
201511302850743,NMB,13,36,200,390,78000
201511302850688,NMB,13,45,114,390,44460
201511302850981,NMBSF1,49,25,4000,10,40000
201511302850976,NMBSF1,49,25,4000,10,40000
201511302850970,NMBSF1,49,25,4000,10,40000
201511302850955,NMBSF1,49,25,4000,10,40000
201511302850683,NTC,32,14,200,645,129000
201511302850959,NUBL,20,42,100,1671,167100
201511302850656,NUBL,11,42,100,1660,166000
201511302850592,NUBL,36,42,500,1650,825000
201511302850591,NUBL,32,42,50,1650,82500
201511302850590,NUBL,17,42,30,1650,49500
201511302850589,NUBL,34,42,100,1660,166000
201511302850938,PICL,58,58,264,349,92136
201511302850829,PLIC,16,7,50,1176,58800
201511302850819,PLIC,36,42,54,1180,63720
201511302850818,PLIC,36,42,54,1180,63720
201511302850806,PLIC,33,59,200,1180,236000
201511302850658,PLIC,13,13,40,1180,47200
201511302850967,RBBBL,1,43,13,180,2340
201511302850923,RBBBL,8,26,13,181,2353
201511302850922,RBBBL,8,26,13,181,2353
201511302850920,RBBBL,8,26,13,181,2353
201511302850917,RBBBL,8,26,13,181,2353
201511302850904,RBBBL,1,26,13,181,2353
201511302850701,RBBBL,26,26,13,179,2327
201511302850695,RBBBL,26,26,13,179,2327
201511302850694,RBBBL,26,26,13,179,2327
201511302850690,RBBBL,26,26,13,179,2327
201511302850815,RBBBL,26,26,13,179,2327
201511302850814,RBBBL,26,26,13,179,2327
201511302850813,RBBBL,26,26,13,179,2327
201511302850704,RBBBL,26,26,13,179,2327
201511302850835,RBBBL,26,26,13,179,2327
201511302850826,RBBBL,8,26,13,179,2327
201511302850821,RBBBL,8,26,13,179,2327
201511302850820,RBBBL,8,26,13,179,2327
201511302850816,RBBBL,8,26,13,179,2327
201511302850891,RBBBL,1,26,13,181,2353
201511302850880,RBBBL,1,52,10,180,1800
201511302850887,REDBL,25,4,97,280,27160
201511302850510,REDBL,44,17,18,282,5076
201511302850500,REDBL,40,17,18,283,5094
201511302850968,RHPC,51,51,12,372,4464
201511302850861,RHPC,51,51,12,372,4464
201511302850845,RHPC,51,51,12,372,4464
201511302850756,RHPC,45,51,12,372,4464
201511302850715,RHPC,22,51,12,371,4452
201511302850712,RHPC,22,5,12,372,4464
201511302850531,RHPC,40,40,12,371,4452
201511302850502,RHPC,51,51,12,372,4464
201511302850487,RHPC,51,51,12,372,4464
201511302850639,RHPC,51,5,12,372,4464
201511302850630,RHPC,51,51,12,372,4464
201511302850614,RHPC,51,51,12,372,4464
201511302850600,RHPC,51,51,12,372,4464
201511302850578,RHPC,51,51,12,372,4464
201511302850559,RHPC,51,51,12,372,4464
201511302850869,RMDC,41,45,11,605,6655
201511302850594,SADBL,38,48,1000,340,340000
201511302850587,SADBL,48,48,30,344,10320
201511302850721,SANIMA,50,13,500,605,302500
201511302850661,SANIMA,50,14,500,605,302500
201511302850632,SANIMA,48,14,540,602,325080
201511302850612,SANIMA,48,54,160,602,96320
201511302850611,SANIMA,57,54,740,604,446960
201511302850610,SANIMA,22,54,100,605,60500
201511302850606,SANIMA,36,13,200,607,121400
201511302850643,SBI,26,47,200,1220,244000
201511302850593,SBI,17,14,200,1220,244000
201511302850551,SBI,38,22,60,1230,73800
201511302850497,SBI,56,22,100,1220,122000
201511302850910,SBL,55,33,200,605,121000
201511302850650,SBL,28,14,47,594,27918
201511302850649,SBL,28,14,400,594,237600
201511302850648,SBL,13,14,100,595,59500
201511302850647,SBL,17,14,100,596,59600
201511302850586,SBL,41,49,19,600,11400
201511302850582,SBL,41,49,180,600,108000
201511302850581,SBL,59,49,250,604,151000
201511302850580,SBL,17,49,50,606,30300
201511302850579,SBL,16,49,20,607,12140
201511302850564,SCB,38,10,110,2379,261690
201511302850864,SHPC,25,48,500,700,350000
201511302850509,SHPC,13,4,30,692,20760
201511302850890,SIGS1,6,7,9900,15,146223
201511302850608,SIGS1,22,52,8500,15,125375
201511302850493,SIGS1,49,18,1000,15,14750
201511302850491,SIGS1,49,7,2000,15,29500
201511302850486,SIGS1,49,18,1000,15,14750
201511302850849,SIL,50,17,660,637,420420
201511302850863,SKBBL,49,41,19,1280,24320
201511302850808,SKBBL,49,55,19,1280,24320
201511302850801,SKBBL,14,55,10,1281,12810
201511302850515,SKBBL,14,25,290,1281,371490
201511302850567,SLBBL,19,6,11,1934,21274
201511302850722,SODBL,56,17,500,128,64000
201511302850645,SODBL,56,59,500,128,64000
201511302850498,SODBL,55,25,500,130,65000
201511302850799,SUBBL,17,16,35,267,9345
201511302850747,SWBBL,11,55,60,1950,117000
201511302850739,SWBBL,11,49,32,1949,62368
201511302850506,SWBBL,16,45,150,1928,289200
201511302850713,WDBL,17,47,305,275,83875
201511302850549,WDBL,14,42,100,275,27500
201511302850884,YETI,21,1,50,135,6750
201511302850833,YETI,39,40,90,133,11970
201511302850832,YETI,39,40,90,133,11970
201511302850741,YETI,39,38,60,132,7920
201511302850195,ADBL,21,36,200,442,88400
201511302850104,ADBL,29,36,50,450,22500
201511302850054,ADBL,25,17,500,450,225000
201511302850043,ADBL,25,13,289,442,127738
201511302850039,ADBL,14,17,100,440,44000
201511302850366,AHPC,25,56,430,255,109650
201511302850093,AHPC,13,10,150,258,38700
201511302850476,API,56,57,26,389,10114
201511302850474,API,41,5,16,387,6192
201511302850471,API,56,57,26,389,10114
201511302850468,API,41,26,16,387,6192
201511302850467,API,56,32,26,389,10114
201511302850460,API,56,57,26,389,10114
201511302850000,API,29,4,16,392,6272
201511302849980,API,50,19,392,392,153664
201511302849976,API,36,43,52,393,20436
201511302849974,API,26,26,26,391,10166
201511302849972,API,26,26,26,391,10166
201511302850055,API,29,59,26,396,10296
201511302850053,API,29,59,26,396,10296
201511302850025,API,36,35,26,396,10296
201511302850024,API,36,35,26,396,10296
201511302850022,API,29,35,26,396,10296
201511302850016,API,36,34,26,394,10244
201511302850098,API,55,14,16,390,6240
201511302850097,API,26,26,152,394,59888
201511302850090,API,29,57,26,391,10166
201511302850078,API,26,26,26,392,10192
201511302850071,API,36,47,14,397,5558
201511302850070,API,36,59,26,396,10296
201511302850145,API,38,42,14,390,5460
201511302850143,API,50,45,16,390,6240
201511302850139,API,50,45,16,390,6240
201511302850137,API,50,7,10,390,3900
201511302850131,API,50,57,16,390,6240
201511302850130,API,50,45,16,390,6240
201511302850184,API,38,42,14,389,5446
201511302850177,API,44,42,14,388,5432
201511302850169,API,44,42,14,388,5432
201511302850168,API,48,34,26,390,10140
201511302850163,API,44,42,14,388,5432
201511302850160,API,33,45,16,389,6224
201511302850216,API,41,7,10,390,3900
201511302850215,API,41,50,26,390,10140
201511302850210,API,33,50,26,390,10140
201511302850199,API,41,34,26,390,10140
201511302850198,API,41,42,26,390,10140
201511302850187,API,41,7,10,389,3890
201511302850241,API,41,7,10,390,3900
201511302850240,API,41,57,16,390,6240
201511302850235,API,41,57,16,390,6240
201511302850229,API,41,1,26,392,10192
201511302850228,API,41,7,10,390,3900
201511302850224,API,41,1,26,392,10192
201511302850269,API,56,57,16,390,6240
201511302850267,API,41,59,26,391,10166
201511302850265,API,41,59,26,391,10166
201511302850262,API,41,57,16,391,6256
201511302850252,API,41,34,26,391,10166
201511302850251,API,41,7,10,390,3900
201511302850285,API,41,7,10,389,3890
201511302850282,API,41,59,26,390,10140
201511302850281,API,41,59,26,390,10140
201511302850278,API,41,32,26,389,10114
201511302850276,API,41,7,10,389,3890
201511302850274,API,41,32,26,389,10114
201511302850321,API,41,25,26,390,10140
201511302850299,API,41,32,26,390,10140
201511302850298,API,41,32,26,390,10140
201511302850297,API,41,59,26,390,10140
201511302850288,API,41,59,26,390,10140
201511302850286,API,41,59,26,390,10140
201511302850333,API,38,44,100,389,38900
201511302850332,API,41,44,30,389,11670
201511302850331,API,41,57,26,389,10114
201511302850326,API,56,25,26,390,10140
201511302850325,API,56,25,26,390,10140
201511302850322,API,41,57,26,390,10140
201511302850355,API,56,57,26,389,10114
201511302850353,API,44,57,26,388,10088
201511302850352,API,44,57,26,388,10088
201511302850343,API,44,57,26,388,10088
201511302850337,API,29,44,30,389,11670
201511302850334,API,50,44,50,389,19450
201511302850390,API,41,57,26,390,10140
201511302850389,API,41,57,26,390,10140
201511302850388,API,41,59,26,390,10140
201511302850387,API,41,25,26,390,10140
201511302850378,API,56,47,11,390,4290
201511302850363,API,56,25,26,390,10140
201511302850415,API,56,25,26,390,10140
201511302850402,API,50,38,14,388,5432
201511302850395,API,50,38,26,388,10088
201511302850394,API,56,25,26,390,10140
201511302850392,API,56,57,26,390,10140
201511302850391,API,41,57,26,390,10140
201511302850449,API,56,25,26,390,10140
201511302850445,API,55,5,16,388,6208
201511302850444,API,56,25,26,390,10140
201511302850442,API,56,25,26,390,10140
201511302850439,API,36,5,16,387,6192
201511302850438,API,56,25,26,390,10140
201511302850336,ARDBL,43,17,11,215,2365
201511302850316,ARDBL,40,41,55,212,11660
201511302850266,ARDBL,52,52,22,213,4686
201511302850259,ARDBL,52,52,22,213,4686
201511302850360,BFCL,36,36,140,125,17500
201511302850421,BPCL,19,16,500,530,265000
201511302850346,BPCL,39,11,10,528,5280
201511302850106,BPCL,46,17,50,528,26400
201511302850260,CBBL,41,6,129,1550,199950
201511302850250,CBBL,41,6,50,1550,77500
201511302850118,CBBL,45,26,100,1555,155500
201511302850319,CBL,59,1,200,241,48200
201511302850159,CBL,8,33,1000,240,240000
201511302850158,CBL,13,33,500,240,120000
201511302850157,CBL,14,33,200,240,48000
201511302850156,CBL,26,33,100,241,24100
201511302850111,CBL,32,44,200,244,48800
201511302850110,CBL,39,44,100,244,24400
201511302850109,CBL,47,44,200,245,49000
201511302850108,CBL,26,44,50,245,12250
201511302850103,CCBL,41,44,500,291,145500
201511302850102,CCBL,16,44,400,292,116800
201511302850083,CCBL,54,44,42,295,12390
201511302850066,CCBL,54,44,42,295,12390
201511302850057,CCBL,41,41,345,295,101775
201511302849999,CCBL,7,21,100,295,29500
201511302849998,CCBL,7,39,100,295,29500
201511302849993,CCBL,44,44,2816,290,816640
201511302850085,CFCL,1,59,115,249,28635
201511302850400,CHCL,44,14,405,1297,525285
201511302850230,CHCL,16,19,21,1318,27678
201511302850205,CHCL,44,39,200,1311,262200
201511302850146,CHCL,19,19,140,1320,184800
201511302850084,CHCL,7,22,100,1320,132000
201511302850059,CHCL,7,7,1013,1339,1356407
201511302850426,CZBIL,26,45,200,515,103000
201511302850425,CZBIL,14,45,100,516,51600
201511302850424,CZBIL,17,45,500,517,258500
201511302850423,CZBIL,56,45,100,518,51800
201511302850227,CZBIL,4,45,167,525,87675
201511302850217,CZBIL,7,28,76,526,39976
201511302850188,CZBIL,26,42,100,531,53100
201511302850170,CZBIL,46,46,1028,532,546896
201511302850067,CZBIL,17,42,500,535,267500
201511302850035,CZBIL,4,42,10,530,5300
201511302850023,CZBIL,4,42,10,520,5200
201511302850017,CZBIL,57,32,120,523,62760
201511302850204,CZBIL,50,20,100,528,52800
201511302850203,CZBIL,17,20,500,528,264000
201511302850202,CZBIL,32,20,100,530,53000
201511302850201,CZBIL,1,20,50,530,26500
201511302850200,CZBIL,26,20,100,530,53000
201511302850189,CZBIL,17,42,70,531,37170
201511302850370,DDBL,32,53,50,1727,86350
201511302849981,DDBL,38,53,100,1762,176200
201511302850466,EBL,8,22,100,2486,248600
201511302850465,EBL,1,22,70,2487,174090
201511302850464,EBL,25,22,20,2488,49760
201511302850428,EBL,1,57,30,2487,74610
201511302850413,EBL,16,16,500,2490,1245000
201511302850403,EBL,49,20,12,2495,29940
201511302849982,EBL,8,45,10,2485,24850
201511302849979,EBL,52,43,100,2485,248500
201511302850010,EBL,25,42,100,2500,250000
201511302850003,EBL,14,43,100,2489,248900
201511302850001,EBL,49,45,90,2485,223650
201511302849994,EBL,42,42,100,2484,248400
201511302849986,EBL,25,45,100,2485,248500
201511302849984,EBL,5,45,100,2485,248500
201511302850086,EBL,51,14,100,2506,250600
201511302850065,EBL,46,42,100,2501,250100
201511302850060,EBL,25,33,24,2520,60480
201511302850047,EBL,41,47,135,2500,337500
201511302850040,EBL,42,42,100,2501,250100
201511302850013,EBL,25,25,100,2534,253400
201511302850128,EBL,26,14,200,2501,500200
201511302850127,EBL,48,14,100,2502,250200
201511302850094,EBL,48,43,100,2502,250200
201511302850088,EBL,1,14,100,2505,250500
201511302850087,EBL,45,14,100,2505,250500
201511302850179,EBL,32,14,11,2500,27500
201511302850138,EBL,17,14,90,2500,225000
201511302850136,EBL,49,22,100,2500,250000
201511302850135,EBL,11,22,200,2500,500000
201511302850134,EBL,41,22,70,2500,175000
201511302850133,EBL,41,22,200,2500,500000
201511302850211,EBL,17,53,50,2500,125000
201511302850197,EBL,45,45,150,2505,375750
201511302850196,EBL,45,21,100,2493,249300
201511302850191,EBL,48,53,200,2492,498400
201511302850190,EBL,13,53,100,2493,249300
201511302850185,EBL,32,25,50,2500,125000
201511302850290,EBL,19,43,200,2493,498600
201511302850261,EBL,5,51,100,2500,250000
201511302850222,EBL,1,42,166,2500,415000
201511302850218,EBL,45,45,150,2502,375300
201511302850213,EBL,45,51,50,2504,125200
201511302850212,EBL,45,53,50,2500,125000
201511302850315,EBL,53,53,354,2495,883230
201511302850311,EBL,43,14,100,2490,249000
201511302850308,EBL,5,14,83,2491,206753
201511302850303,EBL,1,6,43,2492,107156
201511302850300,EBL,1,6,100,2492,249200
201511302850293,EBL,1,25,100,2492,249200
201511302850377,EBL,49,5,100,2495,249500
201511302850361,EBL,1,4,100,2487,248700
201511302850345,EBL,34,5,50,2490,124500
201511302850327,EBL,14,5,30,2489,74670
201511302850324,EBL,14,43,60,2489,149340
201511302850317,EBL,38,43,40,2490,99600
201511302850123,EBLCP,17,19,180,1290,232200
201511302850021,EBLCP,6,6,15,1300,19500
201511302850340,FMDBL,28,33,300,520,156000
201511302850011,FMDBL,36,11,209,530,110770
201511302850002,FMDBL,28,11,465,530,246450
201511302850441,GBIME,7,58,322,379,122038
201511302850406,GBIME,7,25,300,379,113700
201511302850294,GBIME,44,28,200,380,76000
201511302850148,GBIME,29,16,500,381,190500
201511302850142,GBIME,28,16,1000,382,382000
201511302850141,GBIME,40,16,250,382,95500
201511302850050,GBIME,29,32,100,382,38200
201511302850004,GBIME,49,49,1480,375,555000
201511302849985,GBIME,52,16,100,382,38200
201511302850082,GBIME,35,16,50,389,19450
201511302850079,GBIME,40,34,227,391,88757
201511302850064,GBIME,35,8,50,389,19450
201511302850061,GBIME,29,16,200,388,77600
201511302850052,GBIME,29,8,200,382,76400
201511302850051,GBIME,29,44,200,382,76400
201511302850312,HBL,33,25,100,1250,125000
201511302850167,HBL,5,5,100,1255,125500
201511302850166,HBL,5,5,50,1255,62750
201511302850165,HBL,26,5,100,1255,125500
201511302850092,HBL,26,26,200,1279,255800
201511302850063,HBL,50,43,200,1279,255800
201511302850062,KADBL,39,56,60,373,22380
201511302850452,KBL,8,32,1200,360,432000
201511302850451,KBL,25,32,200,360,72000
201511302850450,KBL,41,32,50,360,18000
201511302850446,KBL,8,36,300,360,108000
201511302850404,KBL,42,39,200,360,72000
201511302850386,KBL,1,53,46,364,16744
201511302850207,KBL,44,5,500,365,182500
201511302850178,KBL,57,32,100,370,37000
201511302850122,KBL,17,19,200,374,74800
201511302850095,KBL,56,17,100,370,37000
201511302849992,KBL,41,32,50,371,18550
201511302850338,KMCDB,7,16,50,1222,61100
201511302850301,LBL,56,14,100,450,45000
201511302850284,LBL,17,14,100,450,45000
201511302850238,LBL,41,20,633,450,284850
201511302850257,LICN,10,42,50,3000,150000
201511302850242,LICN,37,28,68,3000,204000
201511302850008,LICN,54,11,50,3060,153000
201511302850007,LICN,54,11,50,3060,153000
201511302850411,LLBS,14,11,200,945,189000
201511302850399,LUBL,49,11,300,362,108600
201511302850398,LUBL,37,11,200,363,72600
201511302850277,LUBL,50,7,482,365,175930
201511302850172,LUBL,37,11,75,364,27300
201511302850125,LUBL,1,28,257,362,93034
201511302850113,LUBL,37,17,100,360,36000
201511302850454,MDBL,13,14,200,280,56000
201511302850339,MDBL,25,38,400,280,112000
201511302850209,MDBL,40,44,294,280,82320
201511302849983,MDBL,47,14,10,279,2790
201511302850100,MMDBL,32,18,50,522,26100
201511302850453,MNBBL,19,18,59,650,38350
201511302850140,MNBBL,47,18,500,645,322500
201511302850401,NABIL,19,14,20,2080,41600
201511302850314,NABIL,48,45,91,2075,188825
201511302850291,NABIL,7,14,20,2060,41200
201511302850099,NABILP,59,6,10,1581,15810
201511302850472,NBB,59,6,500,406,203000
201511302850470,NBB,59,25,100,407,40700
201511302850461,NBB,49,53,10,415,4150
201511302850448,NBB,40,14,96,408,39168
201511302850437,NBB,28,14,500,409,204500
201511302850433,NBB,28,14,500,409,204500
201511302850430,NBB,54,6,500,410,205000
201511302850418,NBB,49,6,500,412,206000
201511302850348,NBB,25,49,20,420,8400
201511302850320,NBB,17,36,200,417,83400
201511302850151,NBB,29,25,10,417,4170
201511302850419,NBF1,22,18,2997,13,38122
201511302850226,NBF1,54,21,2757,13,35703
201511302850129,NBF1,22,36,9149,13,118480
201511302850124,NBF1,25,36,4736,13,61379
201511302850116,NBF1,6,36,7852,13,101840
201511302850292,NBL,25,59,283,255,72165
201511302850283,NBL,13,44,500,256,128000
201511302850223,NBL,29,49,200,256,51200
201511302850173,NBL,29,44,1000,256,256000
201511302850034,NBL,13,44,500,257,128500
201511302850459,NHPC,34,21,1000,107,107000
201511302850329,NIB,48,45,78,630,49140
201511302850323,NIB,54,45,105,631,66255
201511302850307,NIB,4,28,100,640,64000
201511302850306,NIB,44,28,50,641,32050
201511302850305,NIB,44,17,50,641,32050
201511302850121,NIB,43,53,100,650,65000
201511302849990,NIB,4,44,100,648,64800
201511302850342,NIBPO,58,58,2000,526,1052000
201511302850101,NIBPO,41,10,10,526,5260
201511302850077,NIBPO,10,10,990,516,510840
201511302850069,NIBPO,49,1,420,520,218400
201511302850350,NIBSF1,13,28,10000,10,100000
201511302850436,NICA,48,6,185,792,146520
201511302850382,NICA,35,43,50,790,39500
201511302850379,NICA,41,43,130,790,102700
201511302850280,NICA,1,38,23,795,18285
201511302850272,NICA,47,43,100,790,79000
201511302850271,NICA,48,48,60,800,48000
201511302850117,NICA,17,22,100,805,80500
201511302850105,NICA,54,51,500,805,402500
201511302850193,NICA,5,6,100,800,80000
201511302850192,NICA,55,6,100,800,80000
201511302850176,NICA,36,21,50,802,40100
201511302850153,NICA,29,22,200,808,161600
201511302850120,NICA,36,32,100,802,80200
201511302850119,NICA,5,32,100,804,80400
201511302850268,NICA,41,19,14,796,11144
201511302850264,NICA,1,19,230,795,182850
201511302850263,NICA,36,19,300,796,238800
201511302850258,NICA,36,43,200,796,159200
201511302850247,NICA,48,48,700,800,560000
201511302850194,NICA,36,6,500,800,400000
201511302850075,NIL,1,17,200,520,104000
201511302850385,NLBBL,45,45,40,1500,60000
201511302850371,NLBBL,45,17,65,1500,97500
201511302850347,NLBBL,5,6,50,1525,76250
201511302850313,NLBBL,5,36,100,1510,151000
201511302850042,NLG,41,45,73,642,46866
201511302850255,NLIC,14,55,100,2900,290000
201511302850254,NLIC,57,55,100,2910,291000
201511302850253,NLIC,17,55,20,2915,58300
201511302850058,NLIC,37,44,100,2949,294900
201511302850056,NLIC,17,44,30,2950,88500
201511302850049,NLIC,56,44,100,2949,294900
201511302850031,NLIC,26,44,70,2950,206500
201511302849996,NLIC,43,44,100,2918,291800
201511302850431,NLICL,26,22,125,2030,253750
201511302850356,NLICL,26,58,194,2031,394014
201511302850275,NLICL,37,5,50,2050,102500
201511302850144,NLICL,26,14,100,2056,205600
201511302850115,NLICL,14,17,425,2050,871250
201511302850112,NLICL,37,28,22,2057,45254
201511302850072,NLICL,37,53,50,2057,102850
201511302850048,NLICL,14,17,155,2050,317750
201511302849989,NLICL,14,14,200,2031,406200
201511302849987,NLICL,14,17,128,2030,259840
201511302850435,NLICP,58,49,1750,1800,3150000
201511302850432,NLICP,58,49,1750,1800,3150000
201511302850429,NLICP,58,49,1500,1800,2700000
201511302850473,NMB,14,21,50,399,19950
201511302850164,NMB,48,1,600,399,239400
201511302850045,NMB,17,20,100,400,40000
201511302850037,NMB,17,21,400,400,160000
201511302850036,NMB,55,21,100,402,40200
201511302849995,NMB,58,4,70,405,28350
201511302849973,NMB,41,36,30,410,12300
201511302850458,NNFC,1,45,100,265,26500
201511302850457,NNFC,17,45,100,266,26600
201511302850020,NTC,49,58,1050,644,676200
201511302850044,NTC,49,49,100,644,64400
201511302850302,NUBL,45,44,100,1660,166000
201511302850046,NUBL,21,16,16,1685,26960
201511302850440,PCBL,33,43,1000,528,528000
201511302850434,PCBL,39,43,500,530,265000
201511302850422,PCBL,21,43,100,530,53000
201511302850249,PCBL,41,42,200,535,107000
201511302850239,PCBL,26,46,39,536,20904
201511302850233,PCBL,26,46,50,536,26800
201511302850009,PCBL,38,42,60,545,32700
201511302849997,PCBL,38,53,10,544,5440
201511302850232,PCBL,39,46,500,536,268000
201511302850155,PCBL,50,42,80,540,43200
201511302850107,PCBL,48,1,500,540,270000
201511302850041,PCBL,6,1,100,544,54400
201511302850038,PCBL,7,53,100,544,54400
201511302850026,PCBL,38,53,60,545,32700
201511302850357,PLIC,45,44,200,1180,236000
201511302850358,RBBBL,26,26,13,178,2314
201511302850351,RBBBL,26,26,13,178,2314
201511302850349,RBBBL,26,26,13,178,2314
201511302850344,RBBBL,26,26,13,178,2314
201511302850330,RBBBL,26,26,13,178,2314
201511302850018,RBBBL,1,21,13,175,2275
201511302850015,RBBBL,1,21,13,175,2275
201511302850014,RBBBL,1,21,13,175,2275
201511302850006,RBBBL,32,21,13,175,2275
201511302850152,RBBBL,26,26,13,178,2314
201511302850150,RBBBL,26,26,13,178,2314
201511302850149,RBBBL,26,26,13,178,2314
201511302850147,RBBBL,26,26,13,178,2314
201511302850019,RBBBL,1,21,13,175,2275
201511302850180,RBBBL,26,26,13,178,2314
201511302850175,RBBBL,26,26,13,178,2314
201511302850174,RBBBL,26,26,13,178,2314
201511302850162,RBBBL,26,26,13,178,2314
201511302850161,RBBBL,26,26,13,178,2314
201511302850154,RBBBL,26,26,13,178,2314
201511302850310,RBBBL,26,26,13,178,2314
201511302850296,RBBBL,26,26,13,178,2314
201511302850295,RBBBL,26,26,13,178,2314
201511302850289,RBBBL,26,26,13,178,2314
201511302850287,RBBBL,26,26,13,178,2314
201511302850181,RBBBL,26,26,13,178,2314
201511302850362,RBCLPO,57,51,13,4335,56355
201511302850397,REDBL,34,40,68,282,19176
201511302850354,REDBL,25,25,617,282,173994
201511302850220,REDBL,44,26,115,282,32430
201511302850384,RHPC,51,51,12,372,4464
201511302850359,RHPC,51,51,12,372,4464
201511302850328,RHPC,22,32,10,375,3750
201511302850248,RMDC,11,45,100,601,60100
201511302850114,SADBL,45,45,217,350,75950
201511302850341,SANIMA,37,39,220,614,135080
201511302850256,SANIMA,37,34,85,615,52275
201511302850237,SANIMA,54,45,500,615,307500
201511302850182,SANIMA,38,28,150,614,92100
201511302850126,SANIMA,37,53,100,619,61900
201511302850073,SANIMA,37,36,200,624,124800
201511302850012,SANIMA,4,36,150,612,91800
201511302850443,SBI,17,47,200,1225,245000
201511302850414,SBI,17,21,100,1240,124000
201511302850405,SBI,36,43,200,1241,248200
201511302850365,SBI,56,22,10,1255,12550
201511302850364,SBI,4,22,60,1256,75360
201511302850318,SBI,56,41,90,1255,112950
201511302849977,SBI,14,43,200,1244,248800
201511302850309,SBI,56,25,100,1250,125000
201511302850304,SBI,56,17,81,1251,101331
201511302850033,SBI,17,11,150,1265,189750
201511302850032,SBI,17,11,105,1260,132300
201511302850005,SBI,38,44,100,1259,125900
201511302849978,SBI,14,44,50,1245,62250
201511302850412,SBL,17,32,50,606,30300
201511302850396,SBL,34,32,50,606,30300
201511302850393,SBL,5,32,200,607,121400
201511302850383,SBL,53,22,200,610,122000
201511302850381,SBL,57,22,200,615,123000
201511302850380,SBL,17,22,100,616,61600
201511302850029,SBL,58,39,100,627,62700
201511302850417,SCB,17,17,300,2350,705000
201511302850416,SCB,1,17,100,2351,235100
201511302850027,SCB,7,17,100,2367,236700
201511302850335,SEOS,38,50,2500,10,24600
201511302850214,SEOS,38,50,300,10,2952
201511302850183,SEWA,38,45,200,265,53000
201511302850132,SEWA,38,32,80,270,21600
201511302850076,SEWA,38,44,220,270,59400
201511302850447,SHPC,13,28,25,700,17500
201511302850369,SHPC,13,28,500,700,350000
201511302850368,SHPC,29,28,100,701,70100
201511302850367,SHPC,7,28,100,701,70100
201511302850279,SHPC,7,16,100,701,70100
201511302850475,SIGS1,49,18,1000,15,14750
201511302850225,SKBBL,19,58,100,1300,130000
201511302850081,SKBBL,17,7,200,1300,260000
201511302850080,SKBBL,19,7,100,1300,130000
201511302849988,SKBBL,19,7,200,1300,260000
201511302850030,SLBBL,55,52,30,1897,56910
201511302850420,SLICL,29,29,70,630,44100
201511302850376,SLICL,29,29,70,630,44100
201511302850375,SLICL,29,29,70,630,44100
201511302850374,SLICL,29,29,70,630,44100
201511302850373,SLICL,29,29,70,630,44100
201511302850372,SLICL,29,29,70,630,44100
201511302850089,SLICL,36,5,42,630,26460
201511302850068,SLICL,36,5,42,618,25956
201511302850186,SMFDB,49,14,50,1856,92800
201511302850219,SODBL,50,41,87,130,11310
201511302850206,SODBL,22,29,119,130,15470
201511302850096,SODBL,14,17,500,131,65500
201511302850091,SODBL,14,45,500,132,66000
201511302849975,SODBL,25,17,500,134,67000
201511302850427,SUBBL,39,17,76,272,20672
201511302850455,SWBBL,36,17,27,1930,52110
201511302850221,SWBBL,6,6,113,1900,214700
201511302850273,WDBL,17,42,127,277,35179
201511302850074,WDBL,17,17,388,282,109416
201511302849951,ADBL,8,17,50,436,21800
201511302849950,ADBL,8,32,340,436,148240
201511302849921,ADBL,29,17,50,428,21400
201511302849964,API,26,26,26,391,10166
201511302849961,API,26,26,26,391,10166
201511302849959,API,26,26,26,391,10166
201511302849947,API,29,34,26,392,10192
201511302849946,API,29,26,26,392,10192
201511302849943,API,29,26,26,392,10192
201511302849794,API,22,22,26,380,9880
201511302849793,API,22,22,26,380,9880
201511302849792,API,22,22,26,380,9880
201511302849824,API,8,42,26,385,10010
201511302849823,API,8,42,26,385,10010
201511302849798,API,22,22,26,380,9880
201511302849797,API,22,22,26,380,9880
201511302849796,API,22,22,26,380,9880
201511302849795,API,22,22,26,380,9880
201511302849832,API,8,42,26,385,10010
201511302849831,API,8,42,26,385,10010
201511302849830,API,8,42,26,385,10010
201511302849828,API,8,42,26,385,10010
201511302849827,API,8,42,26,385,10010
201511302849826,API,8,42,26,385,10010
201511302849838,API,8,8,26,385,10010
201511302849837,API,8,8,26,385,10010
201511302849836,API,8,8,26,385,10010
201511302849835,API,8,42,26,385,10010
201511302849834,API,8,42,26,385,10010
201511302849833,API,8,42,26,385,10010
201511302849844,API,8,8,26,385,10010
201511302849843,API,8,42,26,385,10010
201511302849842,API,8,8,26,385,10010
201511302849841,API,8,8,26,385,10010
201511302849840,API,8,8,26,385,10010
201511302849839,API,8,42,26,385,10010
201511302849850,API,8,8,26,385,10010
201511302849849,API,8,8,26,385,10010
201511302849848,API,8,8,26,385,10010
201511302849847,API,8,8,26,385,10010
201511302849846,API,8,8,26,385,10010
201511302849845,API,8,42,26,385,10010
201511302849856,API,8,8,26,385,10010
201511302849855,API,8,8,26,385,10010
201511302849854,API,8,8,26,385,10010
201511302849853,API,8,8,26,385,10010
201511302849852,API,8,8,26,385,10010
201511302849851,API,8,8,26,385,10010
201511302849863,API,8,8,26,385,10010
201511302849862,API,8,8,26,385,10010
201511302849861,API,8,42,26,385,10010
201511302849859,API,8,8,26,385,10010
201511302849858,API,8,8,26,385,10010
201511302849857,API,8,8,26,385,10010
201511302849888,API,16,16,26,386,10036
201511302849887,API,16,16,26,386,10036
201511302849871,API,1,29,26,385,10010
201511302849868,API,8,17,13,385,5005
201511302849866,API,8,17,10,385,3850
201511302849864,API,8,8,26,385,10010
201511302849902,API,44,59,16,388,6208
201511302849901,API,44,22,10,388,3880
201511302849895,API,36,34,26,387,10062
201511302849894,API,36,26,10,387,3870
201511302849893,API,16,16,16,386,6176
201511302849889,API,16,16,16,386,6176
201511302849908,API,44,59,16,388,6208
201511302849907,API,44,59,16,388,6208
201511302849906,API,44,22,10,388,3880
201511302849905,API,44,22,10,388,3880
201511302849904,API,44,59,16,388,6208
201511302849903,API,44,22,10,388,3880
201511302849942,API,29,26,10,392,3920
201511302849940,API,49,43,26,390,10140
201511302849938,API,49,43,26,390,10140
201511302849930,API,49,34,26,390,10140
201511302849911,API,44,42,26,388,10088
201511302849910,API,44,59,16,388,6208
201511302849941,ARDBL,26,26,44,215,9460
201511302849939,ARDBL,26,26,44,215,9460
201511302849929,ARDBL,26,26,44,215,9460
201511302849923,ARDBL,26,26,44,215,9460
201511302849915,ARDBL,26,26,44,215,9460
201511302849912,ARDBL,26,26,44,215,9460
201511302849804,ARDBL,58,58,55,215,11825
201511302849803,ARDBL,58,58,55,215,11825
201511302849802,ARDBL,58,58,55,215,11825
201511302849801,ARDBL,58,58,55,215,11825
201511302849800,ARDBL,58,58,55,215,11825
201511302849799,ARDBL,58,58,55,215,11825
201511302849810,ARDBL,58,58,55,215,11825
201511302849809,ARDBL,58,58,55,215,11825
201511302849808,ARDBL,58,58,55,215,11825
201511302849807,ARDBL,58,58,55,215,11825
201511302849806,ARDBL,58,58,55,215,11825
201511302849805,ARDBL,58,58,55,215,11825
201511302849816,ARDBL,58,58,55,215,11825
201511302849815,ARDBL,58,58,55,215,11825
201511302849814,ARDBL,58,58,55,215,11825
201511302849813,ARDBL,58,58,55,215,11825
201511302849812,ARDBL,58,58,55,215,11825
201511302849811,ARDBL,58,58,55,215,11825
201511302849896,ARDBL,43,26,44,215,9460
201511302849881,ARDBL,47,26,44,215,9460
201511302849820,ARDBL,58,58,55,215,11825
201511302849819,ARDBL,58,58,55,215,11825
201511302849818,ARDBL,58,58,55,215,11825
201511302849817,ARDBL,58,58,55,215,11825
201511302849936,BARUN,25,25,10,330,3300
201511302849934,BARUN,25,25,10,330,3300
201511302849931,BARUN,25,25,10,330,3300
201511302849914,BARUN,25,25,10,330,3300
201511302849949,CBBL,1,47,12,1555,18660
201511302849880,CBBL,17,33,100,1525,152500
201511302849884,CBL,29,11,1159,244,282796
201511302849897,CCBL,39,45,56,290,16240
201511302849967,CHCL,7,11,311,1346,418606
201511302849962,CHCL,7,25,100,1345,134500
201511302849958,CHCL,7,10,200,1329,265800
201511302849956,CHCL,7,22,77,1330,102410
201511302849928,CHCL,59,10,200,1320,264000
201511302849927,CHCL,59,11,100,1320,132000
201511302849925,CHCL,59,39,186,1318,245148
201511302849924,CHCL,19,22,54,1315,71010
201511302849909,CHCL,41,41,36,1316,47376
201511302849869,CHCL,21,11,100,1310,131000
201511302849822,CHCL,58,58,28,1295,36260
201511302849821,CHCL,58,58,28,1295,36260
201511302849867,CZBIL,46,44,51,513,26163
201511302849969,DDBL,38,45,10,1728,17280
201511302849965,EBL,48,42,100,2485,248500
201511302849955,EBL,43,43,100,2455,245500
201511302849937,HBL,14,44,120,1280,153600
201511302849874,HBL,7,22,55,1260,69300
201511302849971,KBL,29,32,50,364,18200
201511302849791,KEBL,45,45,10,440,4400
201511302849885,LICN,54,17,21,3000,63000
201511302849898,LLBS,14,29,10,949,9490
201511302849935,NABILP,59,32,240,1550,372000
201511302849899,NABILP,33,45,300,1535,460500
201511302849883,NBF1,42,42,2287,13,29617
201511302849879,NBF1,42,42,2287,13,29617
201511302849877,NBF1,42,42,2287,13,29617
201511302849875,NBF1,42,42,2287,13,29617
201511302849919,NBL,38,44,500,262,131000
201511302849917,NBL,20,44,300,260,78000
201511302849892,NBL,29,44,500,260,130000
201511302849882,NBL,7,44,50,256,12800
201511302849876,NBL,10,44,50,251,12550
201511302849970,NHPC,21,1,200,106,21200
201511302849860,NIB,7,22,223,636,141828
201511302849873,NIBPO,59,59,20,510,10200
201511302849963,NICA,29,43,200,805,161000
201511302849891,NICA,36,17,386,795,306870
201511302849918,NLG,42,45,155,652,101060
201511302849878,NLG,6,6,15,640,9600
201511302849953,NLIC,25,44,20,2861,57220
201511302849968,NMB,58,17,500,407,203500
201511302849957,NMB,28,44,500,414,207000
201511302849913,NMB,25,21,50,422,21100
201511302849900,NMB,25,39,66,421,27786
201511302849886,NMB,25,36,200,421,84200
201511302849825,NNFC,39,39,438,270,118260
201511302849954,NUBL,7,32,46,1652,75992
201511302849952,PCBL,14,43,200,535,107000
201511302849916,PLIC,59,52,13,1199,15587
201511302849948,RBBBL,17,21,13,175,2275
201511302849933,RBBBL,17,21,13,175,2275
201511302849926,RBBBL,17,21,13,175,2275
201511302849922,RBBBL,17,21,13,175,2275
201511302849829,RBBBL,22,22,253,174,44022
201511302849920,SBL,25,32,895,615,550425
201511302849865,SIGS1,21,52,2500,15,37000
201511302849872,SKBBL,45,45,90,1275,114750
201511302849890,SLBBL,38,26,200,1860,372000
201511302849960,SRBL,25,32,78,340,26520
201511302849966,WDBL,17,17,112,282,31584
