contract,symbol,buyer,seller,qty,rate,amt
201512012854032,ADBL,58,20,30,454,13620
201512012854031,ADBL,58,33,40,452,18080
201512012854022,ADBL,58,49,1500,450,675000
201512012853907,ADBL,58,8,353,450,158850
201512012853906,ADBL,58,38,1000,450,450000
201512012853884,ADBL,26,36,50,449,22450
201512012853883,ADBL,26,35,180,445,80100
201512012853879,ADBL,26,6,32,444,14208
201512012853872,ADBL,26,6,32,444,14208
201512012853959,AHPC,1,38,860,264,227040
201512012853741,AHPC,39,59,90,261,23490
201512012854001,ALICL,41,6,200,1025,205000
201512012853794,ALICL,57,6,200,1015,203000
201512012853793,ALICL,57,39,12,1014,12168
201512012853776,ALICL,57,25,74,1010,74740
201512012853729,ALICL,50,33,500,1000,500000
201512012854035,API,48,47,10,400,4000
201512012854020,API,48,47,10,400,4000
201512012854018,API,44,59,26,398,10348
201512012854014,API,48,47,10,400,4000
201512012854013,API,32,59,26,398,10348
201512012854007,API,44,59,26,398,10348
201512012853548,API,49,28,16,395,6320
201512012853539,API,49,43,16,395,6320
201512012853528,API,49,43,16,394,6304
201512012853558,API,49,38,10,395,3950
201512012853557,API,49,38,10,395,3950
201512012853553,API,49,38,10,395,3950
201512012853552,API,49,38,10,395,3950
201512012853551,API,49,38,10,395,3950
201512012853549,API,49,28,16,395,6320
201512012853585,API,50,49,26,395,10270
201512012853583,API,50,48,16,396,6336
201512012853582,API,50,48,16,396,6336
201512012853581,API,50,48,16,396,6336
201512012853579,API,49,49,26,395,10270
201512012853564,API,49,49,26,395,10270
201512012853625,API,26,33,16,394,6304
201512012853607,API,48,33,16,394,6304
201512012853592,API,50,49,16,395,6320
201512012853590,API,50,48,16,396,6336
201512012853589,API,50,48,16,396,6336
201512012853586,API,50,48,16,396,6336
201512012853688,API,50,36,16,395,6320
201512012853644,API,50,11,16,395,6320
201512012853643,API,50,11,16,395,6320
201512012853640,API,50,49,16,395,6320
201512012853630,API,26,33,16,394,6304
201512012853629,API,26,33,16,394,6304
201512012853701,API,50,25,13,395,5135
201512012853700,API,50,25,13,395,5135
201512012853696,API,26,25,13,395,5135
201512012853693,API,50,11,16,395,6320
201512012853692,API,26,36,16,395,6320
201512012853689,API,50,11,16,395,6320
201512012853730,API,50,48,16,396,6336
201512012853715,API,40,25,12,395,4740
201512012853712,API,26,53,24,394,9456
201512012853708,API,36,25,15,395,5925
201512012853706,API,36,25,13,395,5135
201512012853702,API,22,53,16,393,6288
201512012853758,API,50,11,16,396,6336
201512012853740,API,49,25,10,395,3950
201512012853736,API,50,48,16,396,6336
201512012853735,API,50,48,16,396,6336
201512012853734,API,50,48,16,396,6336
201512012853733,API,40,53,24,395,9480
201512012853765,API,50,25,10,397,3970
201512012853764,API,50,25,10,397,3970
201512012853763,API,50,25,10,397,3970
201512012853762,API,50,25,10,397,3970
201512012853761,API,50,39,26,397,10322
201512012853760,API,50,11,10,396,3960
201512012853771,API,50,25,10,397,3970
201512012853770,API,50,25,10,397,3970
201512012853769,API,50,25,10,397,3970
201512012853768,API,50,25,10,397,3970
201512012853767,API,50,25,10,397,3970
201512012853766,API,50,25,10,397,3970
201512012853791,API,26,53,21,394,8274
201512012853786,API,48,44,26,398,10348
201512012853782,API,48,25,10,397,3970
201512012853781,API,48,25,10,397,3970
201512012853780,API,48,25,10,397,3970
201512012853779,API,48,25,10,397,3970
201512012853810,API,26,53,16,394,6304
201512012853809,API,48,44,26,398,10348
201512012853808,API,48,32,10,397,3970
201512012853805,API,26,53,16,394,6304
201512012853797,API,48,44,26,398,10348
201512012853796,API,26,53,16,394,6304
201512012853830,API,36,53,16,393,6288
201512012853829,API,36,36,16,393,6288
201512012853823,API,48,47,10,400,4000
201512012853821,API,48,44,26,398,10348
201512012853819,API,36,53,18,393,7074
201512012853815,API,22,53,21,393,8253
201512012853869,API,48,47,10,400,4000
201512012853862,API,32,26,26,395,10270
201512012853856,API,32,26,26,395,10270
201512012853855,API,48,47,10,400,4000
201512012853848,API,32,53,18,395,7110
201512012853836,API,48,32,10,397,3970
201512012853912,API,32,26,26,395,10270
201512012853905,API,26,26,26,395,10270
201512012853904,API,32,26,26,395,10270
201512012853890,API,32,26,26,395,10270
201512012853878,API,32,26,26,395,10270
201512012853870,API,32,26,26,395,10270
201512012853932,API,32,44,26,398,10348
201512012853931,API,48,44,26,398,10348
201512012853929,API,32,44,26,398,10348
201512012853927,API,13,13,24,396,9504
201512012853922,API,48,44,26,398,10348
201512012853913,API,26,26,26,395,10270
201512012853953,API,48,13,26,399,10374
201512012853946,API,44,44,26,398,10348
201512012853943,API,48,44,26,398,10348
201512012853941,API,44,44,26,398,10348
201512012853940,API,32,44,26,398,10348
201512012853936,API,32,44,26,398,10348
201512012853986,API,48,29,16,400,6400
201512012853973,API,48,47,10,400,4000
201512012853966,API,32,13,16,399,6384
201512012853964,API,32,13,16,399,6384
201512012853958,API,48,41,90,398,35820
201512012853957,API,32,13,26,399,10374
201512012853898,ARDBL,25,25,22,222,4884
201512012853873,ARDBL,38,16,72,223,16056
201512012853846,ARDBL,38,47,100,223,22300
201512012853840,ARDBL,36,16,52,222,11544
201512012853837,ARDBL,36,45,80,220,17600
201512012853832,ARDBL,38,16,44,221,9724
201512012853527,ARDBL,19,32,55,222,12210
201512012853526,ARDBL,19,32,55,222,12210
201512012853608,ARDBL,38,29,22,222,4884
201512012853606,ARDBL,38,16,52,220,11440
201512012853604,ARDBL,38,29,22,222,4884
201512012853603,ARDBL,38,29,22,222,4884
201512012853543,ARDBL,36,10,230,224,51520
201512012853536,ARDBL,19,32,55,222,12210
201512012853661,ARDBL,26,19,31,223,6913
201512012853626,ARDBL,38,16,44,219,9636
201512012853622,ARDBL,56,29,21,220,4620
201512012853618,ARDBL,38,16,33,219,7227
201512012853613,ARDBL,38,33,300,221,66300
201512012853611,ARDBL,38,29,22,222,4884
201512012853824,ARDBL,56,16,44,220,9680
201512012853814,ARDBL,38,16,33,220,7260
201512012853807,ARDBL,36,16,33,221,7293
201512012853681,ARDBL,26,17,500,223,111500
201512012853680,ARDBL,26,17,500,223,111500
201512012853674,ARDBL,26,13,132,223,29436
201512012853955,BARUN,39,43,10,333,3330
201512012853951,BARUN,39,22,10,332,3320
201512012853947,BARUN,10,51,10,326,3260
201512012853939,BARUN,10,51,10,326,3260
201512012853937,BARUN,10,51,10,326,3260
201512012853675,BPCL,17,55,435,528,229680
201512012853660,BPCL,17,17,157,528,82896
201512012853602,BPCL,10,17,200,530,106000
201512012853601,BPCL,52,17,100,531,53100
201512012853923,CBBL,22,14,68,1619,110092
201512012853892,CBBL,44,47,200,1618,323600
201512012853811,CBBL,22,21,17,1621,27557
201512012853647,CBBL,16,59,527,1600,843200
201512012853983,CBL,45,21,250,244,61000
201512012853969,CBL,47,21,100,245,24500
201512012853968,CBL,17,21,100,246,24600
201512012853859,CBL,47,50,200,245,49000
201512012853825,CBL,16,50,100,245,24500
201512012853803,CBL,26,50,100,245,24500
201512012853802,CBL,26,50,100,245,24500
201512012853694,CBL,1,50,256,244,62464
201512012853534,CBL,26,50,660,241,159060
201512012853533,CBL,14,50,100,241,24100
201512012853532,CBL,29,50,200,242,48400
201512012853531,CBL,45,50,40,245,9800
201512012853877,CCBL,11,43,66,294,19404
201512012853698,CCBL,14,21,500,300,150000
201512012853697,CCBL,14,49,20,296,5920
201512012853981,CFCL,35,18,1100,244,268400
201512012853971,CFCL,28,26,513,243,124659
201512012853783,CFCL,32,43,100,244,24400
201512012853754,CFCL,6,16,189,244,46116
201512012853742,CFCL,7,16,100,244,24400
201512012853686,CFCL,32,16,189,244,46116
201512012854009,CHCL,21,14,85,1330,113050
201512012853945,CHCL,1,1,14,1333,18662
201512012853938,CHCL,42,22,200,1329,265800
201512012853920,CHCL,21,10,200,1328,265600
201512012853919,CHCL,42,39,455,1328,604240
201512012853895,CHCL,1,1,14,1333,18662
201512012853857,CHCL,1,1,14,1333,18662
201512012853841,CHCL,1,1,14,1333,18662
201512012853828,CHCL,1,1,14,1333,18662
201512012853800,CHCL,44,10,200,1328,265600
201512012853745,CHCL,21,21,100,1327,132700
201512012853634,CNDBL,50,50,1380,178,245640
201512012853598,CNDBL,18,39,50,178,8900
201512012853967,CZBIL,51,17,100,542,54200
201512012853703,CZBIL,32,21,100,542,54200
201512012853584,CZBIL,55,44,30,540,16200
201512012853817,DBBL,1,26,1996,185,369260
201512012853806,DBBL,26,47,1000,185,185000
201512012853792,DBBL,26,20,100,185,18500
201512012854023,DDBL,35,45,10,1790,17900
201512012853992,DDBL,55,22,30,1785,53550
201512012853965,DDBL,55,45,200,1780,356000
201512012854019,EBL,34,42,60,1990,119400
201512012854000,EBL,6,47,50,1976,98800
201512012853998,EBL,16,45,75,1984,148800
201512012853987,EBL,16,13,89,1983,176487
201512012853948,EBL,22,11,92,1976,181792
201512012853687,EBL,14,17,53,1985,105205
201512012853737,EBL,16,55,243,1975,479925
201512012853748,FMDBL,5,16,50,554,27700
201512012853710,FMDBL,41,33,200,544,108800
201512012853709,FMDBL,36,33,50,550,27500
201512012854030,GBBL,38,39,180,310,55800
201512012854029,GBBL,38,39,200,311,62200
201512012854028,GBBL,19,39,100,311,31100
201512012854027,GBBL,53,39,20,316,6320
201512012853772,GBBL,46,8,296,310,91760
201512012853985,GBIME,5,13,200,391,78200
201512012853984,GBIME,40,13,50,394,19700
201512012853949,GBIME,40,14,100,394,39400
201512012853671,GLICL,28,28,200,559,111800
201512012853654,GLICL,34,43,139,558,77562
201512012853991,HBL,34,13,1000,1300,1300000
201512012853990,HBL,32,13,200,1300,260000
201512012853989,HBL,45,13,100,1301,130100
201512012853979,HBL,43,13,200,1300,260000
201512012853588,HBL,38,58,100,1299,129900
201512012853587,HBL,32,32,200,1298,259600
201512012853575,HBL,19,58,200,1299,259800
201512012853547,HBL,45,58,100,1295,129500
201512012853546,HBL,11,58,200,1295,259000
201512012853545,HBL,43,58,50,1297,64850
201512012853679,HBL,43,38,100,1299,129900
201512012853678,HBL,43,38,100,1299,129900
201512012853677,HBL,43,38,100,1299,129900
201512012853649,HBL,50,38,30,1299,38970
201512012853648,HBL,50,58,170,1299,220830
201512012853717,HBL,53,58,50,1298,64900
201512012853685,HBL,47,45,10,1300,13000
201512012853684,HBL,47,58,90,1300,117000
201512012853683,HBL,43,38,70,1299,90930
201512012853682,HBL,43,38,100,1299,129900
201512012853816,HBL,33,22,52,1300,67600
201512012853727,HBL,1,42,69,1300,89700
201512012853720,HBL,58,58,70,1295,90650
201512012853719,HBL,43,58,500,1295,647500
201512012853718,HBL,11,58,300,1295,388500
201512012853847,HBL,45,32,119,1300,154700
201512012853822,HBL,33,45,490,1300,637000
201512012853978,HBL,6,13,300,1300,390000
201512012853977,HBL,5,13,50,1300,65000
201512012853976,HBL,33,13,10,1300,13000
201512012853894,HBL,36,13,500,1300,650000
201512012853871,HBL,45,55,95,1302,123690
201512012853850,ILFC,41,50,500,202,101000
201512012853849,ILFC,41,43,200,202,40400
201512012853713,ILFC,14,39,100,199,19900
201512012853826,JEFL,57,32,500,160,80000
201512012854015,KBL,45,38,243,388,94284
201512012853933,KBL,45,35,100,390,39000
201512012853560,KDBL,28,20,50,171,8550
201512012853609,KMCDB,22,45,10,1267,12670
201512012853956,KRBL,41,41,10,218,2180
201512012853944,KRBL,41,39,10,214,2140
201512012853952,LBL,5,47,200,465,93000
201512012853732,LBL,41,47,300,465,139500
201512012853731,LBL,47,47,500,465,232500
201512012853562,LBL,25,25,100,469,46900
201512012853930,LGIL,56,32,500,360,180000
201512012854003,LICN,53,45,30,3165,94950
201512012853820,LICN,28,45,100,3151,315100
201512012853756,LICN,53,8,100,3145,314500
201512012853744,LICN,54,57,102,3140,320280
201512012853563,LICN,54,51,162,3149,510138
201512012853530,LICN,16,45,50,3150,157500
201512012853926,LUBL,34,21,200,375,75000
201512012854012,MBBL,28,6,500,193,96500
201512012853580,MBBL,16,57,559,190,106210
201512012853555,MBBL,26,6,500,190,95000
201512012853554,MBBL,42,6,50,190,9500
201512012853544,MBBL,6,6,10,192,1920
201512012853935,MDB,37,17,20,508,10160
201512012853934,NABIL,38,11,100,2200,220000
201512012853921,NABIL,17,1,150,2220,333000
201512012853918,NABIL,17,39,28,2215,62020
201512012853897,NABIL,17,21,78,2210,172380
201512012853896,NABIL,17,26,10,2210,22100
201512012853889,NABIL,39,7,100,2209,220900
201512012853804,NABIL,6,56,76,2200,167200
201512012853798,NABIL,6,36,28,2200,61600
201512012853651,NABIL,19,36,200,2190,438000
201512012853650,NABIL,53,36,50,2200,110000
201512012854010,NABILP,28,53,100,1640,164000
201512012853707,NABILP,57,56,149,1640,244360
201512012853638,NABILP,57,11,500,1649,824500
201512012853637,NABILP,57,21,10,1649,16490
201512012853636,NABILP,57,53,100,1640,164000
201512012853635,NABILP,57,21,40,1635,65400
201512012853893,NABILP,57,53,500,1640,820000
201512012853874,NABILP,17,53,10,1649,16490
201512012853868,NABILP,57,47,500,1648,824000
201512012853867,NABILP,57,50,100,1645,164500
201512012853860,NABILP,17,6,490,1640,803600
201512012853993,NBB,51,1,300,438,131400
201512012853716,NBF1,50,41,14985,13,194056
201512012853659,NBF1,19,41,21285,13,274577
201512012853903,NBL,42,17,1000,267,267000
201512012853882,NBL,42,10,1000,267,267000
201512012853881,NBL,42,22,150,267,40050
201512012853880,NBL,42,32,500,267,133500
201512012853839,NBL,42,21,500,266,133000
201512012853556,NBL,42,17,1000,267,267000
201512012854026,NHPC,37,59,1000,106,106000
201512012853954,NIB,45,56,500,666,333000
201512012853925,NIB,45,40,21,663,13923
201512012853914,NIB,26,55,170,662,112540
201512012853908,NIB,26,45,50,662,33100
201512012853861,NIB,19,56,200,661,132200
201512012853813,NIB,6,28,200,660,132000
201512012853799,NIB,47,28,40,660,26400
201512012853785,NIB,47,28,60,660,39600
201512012853670,NIB,50,11,355,661,234655
201512012853669,NIB,50,11,70,660,46200
201512012853658,NIB,16,11,200,660,132000
201512012854034,NIBPO,26,55,10,579,5790
201512012853924,NIBPO,28,55,10,571,5710
201512012853911,NIBPO,41,58,1000,561,561000
201512012853910,NIBPO,41,43,300,560,168000
201512012853902,NIBPO,41,13,100,559,55900
201512012853901,NIBPO,41,6,400,559,223600
201512012853900,NIBPO,41,8,100,559,55900
201512012853899,NIBPO,41,21,100,555,55500
201512012853999,NIBSF1,49,39,17389,10,173890
201512012853728,NIBSF1,49,39,3826,10,38260
201512012853835,NICA,41,17,350,838,293300
201512012853834,NICA,41,37,200,838,167600
201512012853628,NIL,16,26,500,502,251000
201512012853627,NIL,14,26,100,502,50200
201512012853838,NLBBL,10,44,100,1596,159600
201512012853812,NLBBL,35,34,50,1596,79800
201512012853746,NLBBL,10,44,100,1596,159600
201512012853690,NLBBL,10,44,100,1596,159600
201512012853615,NLBBL,57,10,62,1596,98952
201512012853614,NLBBL,57,44,100,1596,159600
201512012853541,NLBBL,11,34,50,1596,79800
201512012854024,NLG,17,45,344,685,235640
201512012853994,NLIC,48,45,100,2978,297800
201512012853851,NLIC,16,56,100,2975,297500
201512012853787,NLIC,48,45,21,2970,62370
201512012853778,NLIC,48,45,100,2970,297000
201512012853757,NLIC,48,45,100,2970,297000
201512012853738,NLIC,48,28,100,2969,296900
201512012853642,NLIC,6,45,500,2970,1485000
201512012853639,NLIC,6,45,100,2970,297000
201512012853599,NLIC,22,45,50,2970,148500
201512012853801,NLICL,21,56,50,2110,105500
201512012853777,NLICL,19,19,418,2086,871948
201512012853704,NLICL,21,13,60,2114,126840
201512012853691,NLICL,48,13,147,2110,310170
201512012853595,NLICL,54,6,100,2109,210900
201512012853594,NLICL,54,19,110,2108,231880
201512012853593,NLICL,54,14,100,2105,210500
201512012853970,NMB,19,59,105,405,42525
201512012853963,NMB,19,6,390,405,157950
201512012853960,NMB,59,6,110,405,44550
201512012853942,NMB,32,43,100,405,40500
201512012853722,NMB,4,21,200,404,80800
201512012853705,NMB,4,38,341,403,137423
201512012853632,NMB,6,36,200,400,80000
201512012853561,NMB,48,6,500,402,201000
201512012853550,NMB,49,38,100,400,40000
201512012853975,NMBSF1,49,39,13050,10,130500
201512012853673,NTC,41,45,100,650,65000
201512012853676,NUBL,21,6,100,1800,180000
201512012854011,OHL,29,18,50,399,19950
201512012853600,PADBL,21,57,500,310,155000
201512012853988,PCBL,39,1,100,565,56500
201512012853866,PCBL,20,39,100,562,56200
201512012853865,PCBL,20,53,50,561,28050
201512012853864,PCBL,20,53,80,561,44880
201512012853790,PCBL,36,13,100,560,56000
201512012853775,PCBL,36,56,70,560,39200
201512012853668,PCBL,38,35,120,558,66960
201512012853597,PCBL,43,45,70,560,39200
201512012853596,PCBL,43,21,50,560,28000
201512012853774,PCBL,36,21,100,560,56000
201512012853773,PCBL,36,54,100,560,56000
201512012853726,PCBL,57,56,70,560,39200
201512012853725,PCBL,57,45,230,560,128800
201512012853724,PCBL,57,39,100,560,56000
201512012853723,PCBL,57,1,100,560,56000
201512012853854,PFC,59,59,629,289,181781
201512012853842,PFC,59,59,91,291,26481
201512012854025,PICL,32,32,10,369,3690
201512012854008,PICL,32,32,10,362,3620
201512012853962,PLIC,36,14,200,1247,249400
201512012853755,PLIC,42,6,500,1245,622500
201512012853656,PLIC,36,58,500,1240,620000
201512012853641,PLIC,42,58,500,1241,620500
201512012853624,PLIC,42,32,114,1241,141474
201512012853612,PLIC,42,33,100,1242,124200
201512012853577,PLIC,48,33,200,1242,248400
201512012853576,PLIC,34,33,200,1243,248600
201512012853915,PRDBL,35,47,20,170,3400
201512012853620,PRDBL,47,22,360,170,61200
201512012853619,PRDBL,47,47,100,170,17000
201512012853885,PRDBL,47,47,70,172,12040
201512012853739,PRDBL,47,22,430,172,73960
201512012853699,PRDBL,40,18,50,175,8750
201512012853655,PRDBL,40,39,50,173,8650
201512012853888,PRIN,28,34,523,400,209200
201512012853605,PRIN,37,43,100,399,39900
201512012853714,PROFL,28,39,40,149,5960
201512012853646,PROFL,28,28,400,152,60800
201512012853749,RBBBL,39,32,13,184,2392
201512012853995,RBCLPO,51,32,50,4488,224400
201512012853795,RMDC,25,14,20,629,12580
201512012853542,RMDC,25,39,24,617,14808
201512012853538,RMDC,25,19,108,612,66096
201512012853537,RMDC,25,6,300,611,183300
201512012854021,SADBL,32,45,743,344,255592
201512012853743,SAFL,1,54,418,177,73986
201512012853623,SAFL,38,43,56,174,9744
201512012853996,SANIMA,49,43,100,636,63600
201512012853876,SANIMA,49,40,152,635,96520
201512012853789,SBI,33,29,100,1290,129000
201512012853788,SBI,33,22,200,1290,258000
201512012853784,SBI,33,21,54,1280,69120
201512012853631,SBI,19,22,100,1275,127500
201512012854002,SBL,11,39,100,646,64600
201512012853997,SBL,29,21,100,645,64500
201512012853928,SBL,50,40,517,640,330880
201512012853909,SBL,11,54,200,640,128000
201512012853886,SBL,1,14,423,637,269451
201512012853875,SBL,1,14,200,637,127400
201512012853863,SBL,1,43,50,637,31850
201512012853616,SBL,5,39,20,640,12800
201512012853610,SBL,7,7,100,644,64400
201512012853591,SBL,5,39,100,640,64000
201512012853982,SCB,20,13,55,2465,135575
201512012853843,SETI,7,45,147,200,29400
201512012853750,SETI,29,29,25,200,5000
201512012853721,SHL,54,39,100,448,44800
201512012853667,SHL,35,35,3700,440,1628000
201512012853666,SHL,35,25,100,440,44000
201512012853665,SHL,35,25,100,437,43700
201512012853664,SHL,35,25,600,435,261000
201512012853663,SHL,35,14,500,431,215500
201512012853574,SHL,4,51,100,432,43200
201512012853529,SHL,43,33,500,430,215000
201512012854017,SICL,26,43,200,835,167000
201512012854016,SICL,26,43,200,834,166800
201512012853974,SICL,26,19,174,834,145116
201512012853972,SICL,26,17,177,833,147441
201512012853961,SICL,22,43,200,829,165800
201512012853753,SICL,22,52,20,830,16600
201512012853653,SICL,54,59,668,820,547760
201512012853621,SIL,38,51,190,625,118750
201512012853827,SKBBL,7,25,18,1338,24084
201512012854033,SLBBL,55,39,16,1598,25568
201512012853818,SMFDB,42,22,10,1893,18930
201512012853887,SODBL,38,46,1078,134,144452
201512012853917,SRBL,49,36,500,365,182500
201512012853916,SRBL,49,43,100,364,36400
201512012853711,SRBL,1,45,89,365,32485
201512012853657,SRBL,1,47,228,365,83220
201512012853645,SRBL,19,42,192,364,69888
201512012853980,SWBBL,50,52,88,2035,179080
201512012853853,SWBBL,50,43,100,2035,203500
201512012853852,SWBBL,50,45,74,2034,150516
201512012853633,SWBBL,54,45,100,2026,202600
201512012853617,SWBBL,50,45,147,2020,296940
201512012853759,UFL,16,33,409,270,110430
201512012853950,VBBL,45,20,10,147,1470
201512012853747,VBBL,57,20,495,150,74250
201512012853578,WDBL,49,10,20,280,5600
201512012853525,WDBL,49,32,60,280,16800
201512012853559,YETI,10,35,333,139,46287
201512012853540,YETI,22,35,1000,139,139000
201512012853522,ACEDBL,11,5,10,281,2810
201512012853464,ACEDBL,39,5,10,276,2760
201512012853403,AHPC,41,49,90,260,23400
201512012853400,AHPC,11,49,90,261,23490
201512012853393,AHPC,21,49,90,264,23760
201512012853391,AHPC,21,49,90,264,23760
201512012853107,AHPC,45,16,28,265,7420
201512012853384,AHPC,13,5,46,266,12236
201512012853265,AHPC,21,5,46,264,12144
201512012853210,AHPC,42,21,11,264,2904
201512012853142,AHPC,38,57,1000,260,260000
201512012853125,AHPC,59,57,1000,260,260000
201512012853112,AHPC,42,57,200,264,52800
201512012853397,ALICL,28,6,200,996,199200
201512012853342,ALICL,28,42,114,996,113544
201512012853062,ALICL,14,16,404,1010,408040
201512012853058,ALICL,14,11,21,994,20874
201512012853519,API,49,43,16,394,6304
201512012853517,API,49,43,16,394,6304
201512012853501,API,22,8,26,393,10218
201512012853494,API,22,5,26,393,10218
201512012853489,API,50,29,26,395,10270
201512012853486,API,50,29,26,395,10270
201512012853046,API,48,22,16,394,6304
201512012853041,API,22,32,26,393,10218
201512012853089,API,42,22,26,394,10244
201512012853087,API,42,22,26,394,10244
201512012853086,API,42,49,16,394,6304
201512012853077,API,16,32,26,393,10218
201512012853060,API,16,32,26,393,10218
201512012853053,API,22,32,26,393,10218
201512012853149,API,39,49,16,394,6304
201512012853148,API,39,49,16,394,6304
201512012853145,API,39,49,16,394,6304
201512012853114,API,43,49,16,394,6304
201512012853106,API,26,32,14,394,5516
201512012853094,API,42,32,26,394,10244
201512012853160,API,39,49,16,394,6304
201512012853159,API,39,49,16,394,6304
201512012853157,API,39,32,26,394,10244
201512012853156,API,39,32,26,394,10244
201512012853151,API,39,32,26,394,10244
201512012853150,API,39,32,26,394,10244
201512012853243,API,41,35,26,394,10244
201512012853237,API,41,49,16,394,6304
201512012853214,API,16,59,16,393,6288
201512012853203,API,16,28,16,393,6288
201512012853170,API,39,49,16,394,6304
201512012853169,API,39,49,16,394,6304
201512012853258,API,8,34,16,393,6288
201512012853256,API,8,34,16,393,6288
201512012853255,API,41,28,16,394,6304
201512012853252,API,41,49,16,394,6304
201512012853250,API,41,49,16,394,6304
201512012853248,API,41,49,16,394,6304
201512012853266,API,22,11,16,393,6288
201512012853264,API,21,34,16,393,6288
201512012853262,API,16,11,16,393,6288
201512012853261,API,16,34,16,393,6288
201512012853260,API,16,11,10,393,3930
201512012853259,API,16,34,16,393,6288
201512012853329,API,26,34,16,393,6288
201512012853325,API,29,25,16,392,6272
201512012853322,API,29,25,10,392,3920
201512012853318,API,29,25,10,392,3920
201512012853300,API,29,25,16,392,6272
201512012853288,API,29,25,10,392,3920
201512012853341,API,26,25,16,393,6288
201512012853339,API,26,11,16,393,6288
201512012853337,API,26,11,16,393,6288
201512012853336,API,26,34,16,393,6288
201512012853335,API,29,25,16,392,6272
201512012853332,API,26,11,16,393,6288
201512012853429,API,50,49,16,394,6304
201512012853419,API,22,25,16,393,6288
201512012853417,API,22,32,26,393,10218
201512012853413,API,22,32,13,393,5109
201512012853410,API,22,32,26,393,10218
201512012853406,API,22,32,26,393,10218
201512012853447,API,50,11,10,395,3950
201512012853446,API,50,28,26,395,10270
201512012853438,API,50,49,16,394,6304
201512012853437,API,50,49,16,394,6304
201512012853433,API,50,36,16,394,6304
201512012853431,API,50,49,16,394,6304
201512012853454,API,50,11,16,395,6320
201512012853452,API,50,36,16,395,6320
201512012853451,API,36,11,16,395,6320
201512012853450,API,36,11,10,395,3950
201512012853449,API,36,11,16,395,6320
201512012853448,API,50,11,16,395,6320
201512012853485,API,50,29,26,395,10270
201512012853484,API,50,29,26,395,10270
201512012853483,API,50,11,10,395,3950
201512012853474,API,50,11,16,395,6320
201512012853461,API,36,11,16,395,6320
201512012853456,API,36,11,16,395,6320
201512012853524,ARDBL,19,43,33,222,7326
201512012853520,ARDBL,19,43,33,220,7260
201512012853432,ARDBL,19,21,22,222,4884
201512012853351,ARDBL,38,25,200,220,44000
201512012853218,ARDBL,26,26,44,218,9592
201512012853372,BARUN,10,29,10,326,3260
201512012853366,BARUN,10,29,10,326,3260
201512012853141,BARUN,10,5,10,326,3260
201512012853136,BARUN,10,5,10,326,3260
201512012853371,BHBL,51,33,500,294,147000
201512012853370,BHBL,28,33,500,295,147500
201512012853386,CBBL,44,35,227,1590,360930
201512012853382,CBBL,44,59,500,1589,794500
201512012853353,CBBL,34,47,50,1600,80000
201512012853514,CBL,36,50,1000,242,242000
201512012853510,CBL,39,50,1000,242,242000
201512012853242,CBL,22,34,250,244,61000
201512012853224,CBL,1,50,200,243,48600
201512012853223,CBL,19,50,50,243,12150
201512012853172,CBL,32,50,500,244,122000
201512012853090,CBL,38,33,786,244,191784
201512012853496,CCBL,49,49,500,300,150000
201512012853473,CCBL,29,6,42,300,12600
201512012853472,CCBL,29,8,10,298,2980
201512012853428,CCBL,39,5,350,295,103250
201512012853420,CCBL,39,41,42,295,12390
201512012853392,CCBL,39,8,10,293,2930
201512012853186,CCBL,39,8,10,290,2900
201512012853051,CFCL,28,26,405,244,98820
201512012853033,CFCL,28,26,120,245,29400
201512012853436,CHCL,51,59,43,1328,57104
201512012853358,CHCL,38,7,130,1329,172770
201512012853301,CHCL,13,13,386,1325,511450
201512012853295,CHCL,7,16,58,1329,77082
201512012853205,CHCL,1,22,244,1328,324032
201512012853127,CHCL,19,16,200,1326,265200
201512012853100,CHCL,19,13,28,1329,37212
201512012853050,CHCL,19,41,86,1327,114122
201512012853037,CHCL,19,41,150,1327,199050
201512012853513,CNDBL,25,39,50,175,8750
201512012853512,CNDBL,25,50,500,175,87500
201512012853507,CNDBL,50,45,10,173,1730
201512012853180,CNDBL,5,42,50,170,8500
201512012853459,CZBIL,16,45,500,542,271000
201512012853418,CZBIL,55,11,50,540,27000
201512012853387,CZBIL,55,45,500,541,270500
201512012853368,CZBIL,26,51,17,540,9180
201512012853030,CZBIL,38,44,350,542,189700
201512012853367,CZBIL,26,51,200,540,108000
201512012853326,CZBIL,19,51,100,540,54000
201512012853193,CZBIL,19,45,136,542,73712
201512012853158,CZBIL,38,16,125,540,67500
201512012853115,CZBIL,19,45,100,542,54200
201512012853067,CZBIL,35,43,21,540,11340
201512012853388,DBBL,26,55,120,184,22080
201512012853375,DBBL,37,55,154,183,28182
201512012853374,DBBL,37,45,50,183,9150
201512012853208,DBBL,26,47,100,181,18100
201512012853508,DDBL,11,53,200,1770,354000
201512012853409,DDBL,48,39,84,1750,147000
201512012853395,DDBL,33,45,150,1780,267000
201512012853394,DDBL,33,8,10,1770,17700
201512012853238,DDBL,48,53,200,1750,350000
201512012853196,DDBL,14,14,200,1745,349000
201512012853187,DDBL,33,14,123,1760,216480
201512012853055,DDBL,11,53,50,1755,87750
201512012853516,EBL,16,35,310,1975,612250
201512012853509,EBL,22,35,200,1976,395200
201512012853499,EBL,36,17,50,1990,99500
201512012853471,EBL,16,8,100,1985,198500
201512012853365,EBL,41,49,200,1988,397600
201512012853047,EBL,42,22,20,1999,39980
201512012853440,EDBL,11,17,50,590,29500
201512012853439,EDBL,11,8,1000,590,590000
201512012853453,FMDBL,36,28,400,540,216000
201512012853427,FMDBL,19,59,20,544,10880
201512012853425,FMDBL,44,59,500,534,267000
201512012853415,FMDBL,28,59,500,535,267500
201512012853048,FMDBL,49,19,300,539,161700
201512012853380,GBBL,43,13,16,315,5040
201512012853379,GBBL,43,39,100,314,31400
201512012853378,GBBL,43,39,100,313,31300
201512012853362,GBBL,28,39,500,310,155000
201512012853179,GBBL,28,53,125,310,38750
201512012853521,GBIME,26,56,100,391,39100
201512012853505,GBIME,29,32,515,393,202395
201512012853369,GBIME,34,34,44,390,17160
201512012853363,GBIME,34,34,44,390,17160
201512012853269,GBIME,6,6,470,383,180010
201512012853228,GBIME,1,32,100,390,39000
201512012853039,GBIME,45,43,50,390,19500
201512012853152,GBIME,46,32,100,390,39000
201512012853144,GBIME,32,16,100,391,39100
201512012853135,GBIME,5,8,10,398,3980
201512012853134,GBIME,5,8,50,396,19800
201512012853101,GBIME,41,51,800,391,312800
201512012853069,GBIME,45,46,950,390,370500
201512012853227,GBIME,34,32,500,390,195000
201512012853197,GBIME,33,57,436,392,170912
201512012853181,GBIME,40,16,105,392,41160
201512012853155,GBIME,1,32,200,390,78000
201512012853154,GBIME,1,32,100,390,39000
201512012853153,GBIME,41,32,700,390,273000
201512012853278,GLICL,45,25,490,557,272930
201512012853217,GLICL,37,52,100,548,54800
201512012853209,GLICL,25,11,41,544,22304
201512012853207,GLICL,36,25,10,540,5400
201512012853122,GLICL,34,48,303,530,160590
201512012853070,GLICL,54,49,297,534,158598
201512012853481,HBL,52,58,30,1299,38970
201512012853299,HBL,13,58,100,1295,129500
201512012853298,HBL,32,58,400,1295,518000
201512012853029,HBL,21,58,100,1295,129500
201512012853161,HBL,17,58,100,1295,129500
201512012853129,HBL,7,58,100,1295,129500
201512012853105,HBL,11,58,100,1295,129500
201512012853081,HBL,48,58,100,1295,129500
201512012853071,HBL,48,58,100,1295,129500
201512012853167,HBL,17,38,100,1299,129900
201512012853166,HBL,17,38,100,1299,129900
201512012853165,HBL,17,38,100,1299,129900
201512012853164,HBL,17,32,200,1299,259800
201512012853163,HBL,17,32,80,1299,103920
201512012853162,HBL,17,28,100,1299,129900
201512012853189,HBL,44,58,200,1295,259000
201512012853168,HBL,17,38,100,1299,129900
201512012853234,HBL,52,58,100,1300,130000
201512012853220,HBL,21,38,100,1299,129900
201512012853195,HBL,21,58,80,1295,103600
201512012853194,HBL,41,58,100,1295,129500
201512012853190,HBL,17,58,120,1295,155400
201512012853297,HBL,21,58,100,1295,129500
201512012853296,HBL,21,58,20,1295,25900
201512012853290,HBL,21,36,200,1295,259000
201512012853239,HBL,20,58,50,1300,65000
201512012853235,HBL,38,58,100,1300,130000
201512012853302,ILFC,17,39,100,196,19600
201512012853280,ILFC,42,39,100,193,19300
201512012853056,JFL,1,1,5268,290,1527720
201512012853307,KBL,48,42,500,389,194500
201512012853293,KBL,22,45,100,390,39000
201512012853178,KBL,26,44,103,387,39861
201512012853120,KBL,1,44,50,380,19000
201512012853139,KDBL,39,20,50,168,8400
201512012853138,KDBL,39,25,86,167,14362
201512012853032,KNBL,38,39,20,335,6700
201512012853343,LBL,17,43,200,469,93800
201512012853143,LICN,43,8,100,3130,313000
201512012853072,LICN,55,45,100,3145,314500
201512012853036,LICN,6,6,24,3100,74400
201512012853435,LLBS,57,13,10,970,9700
201512012853083,LLBS,57,36,92,970,89240
201512012853074,LLBS,57,45,50,960,48000
201512012853312,LUBL,38,32,60,374,22440
201512012853311,LUBL,38,21,100,374,37400
201512012853267,LUBL,19,21,100,370,37000
201512012853240,LUBL,6,6,666,363,241758
201512012853211,LUBL,49,17,456,370,168720
201512012853082,LUBL,1,39,200,369,73800
201512012853080,LUBL,1,21,500,365,182500
201512012853057,LUBL,25,38,200,369,73800
201512012853476,MBBL,47,57,200,195,39000
201512012853444,MDBL,40,6,44,285,12540
201512012853443,MDBL,40,4,90,285,25650
201512012853226,MNBBL,6,6,642,661,424362
201512012853334,NABIL,39,33,100,2200,220000
201512012853219,NABIL,26,47,10,2210,22100
201512012853480,NABILP,33,54,518,1630,844340
201512012853479,NABILP,33,22,100,1628,162800
201512012853478,NABILP,33,6,100,1628,162800
201512012853333,NABILP,6,6,400,1624,649600
201512012853286,NABILP,38,29,100,1624,162400
201512012853175,NABILP,6,6,100,1615,161500
201512012853434,NBB,50,40,500,433,216500
201512012853430,NBB,25,19,50,433,21650
201512012853414,NBB,36,19,150,433,64950
201512012853408,NBB,36,11,50,433,21650
201512012853389,NBB,25,19,200,432,86400
201512012853385,NBB,54,11,500,430,215000
201512012853119,NBB,29,19,470,427,200690
201512012853099,NBB,40,19,30,427,12810
201512012853320,NBB,50,19,500,428,214000
201512012853230,NBB,46,19,130,428,55640
201512012853146,NBB,29,19,200,429,85800
201512012853132,NBB,48,36,500,428,214000
201512012853377,NBB,54,45,125,430,53750
201512012853356,NBB,20,19,170,429,72930
201512012853352,NBB,50,11,500,427,213500
201512012853345,NBB,43,51,100,427,42700
201512012853340,NBB,21,51,100,427,42700
201512012853117,NBF1,54,18,2997,13,38092
201512012853098,NBF1,14,14,8771,13,111567
201512012853054,NBF1,21,52,2997,13,38811
201512012853192,NBL,42,25,1000,266,266000
201512012853191,NBL,42,21,100,266,26600
201512012853500,NIB,37,25,50,660,33000
201512012853328,NIB,37,53,200,660,132000
201512012853177,NIB,39,28,40,650,26000
201512012853176,NIB,39,40,10,649,6490
201512012853402,NIBPO,38,11,50,549,27450
201512012853287,NIBPO,33,56,20,554,11080
201512012853268,NIBPO,33,33,1480,554,819920
201512012853245,NIBPO,48,33,500,560,280000
201512012853215,NIBPO,42,53,200,559,111800
201512012853076,NIBPO,26,33,500,560,280000
201512012853075,NIBPO,26,13,100,559,55900
201512012853028,NIBPO,59,55,10,559,5590
201512012853441,NIBSF1,49,37,4700,10,47000
201512012853401,NIBSF1,49,38,4900,10,49000
201512012853502,NICA,49,58,200,839,167800
201512012853423,NICA,16,17,100,840,84000
201512012853422,NICA,16,48,200,840,168000
201512012853421,NICA,16,45,200,840,168000
201512012853416,NICA,35,17,50,840,42000
201512012853396,NICA,16,21,27,838,22626
201512012853038,NICA,46,43,200,832,166400
201512012853390,NICA,16,41,19,840,15960
201512012853359,NICA,38,21,53,839,44467
201512012853350,NICA,6,36,200,838,167600
201512012853066,NICA,54,36,200,837,167400
201512012853065,NICA,54,17,500,836,418000
201512012853064,NICA,54,43,200,835,167000
201512012853257,NICL,25,45,660,340,224400
201512012853346,NIL,20,1,100,512,51200
201512012853498,NLBBL,11,26,151,1595,240845
201512012853470,NLBBL,11,44,100,1596,159600
201512012853411,NLBBL,10,44,100,1596,159600
201512012853344,NLBBL,48,44,50,1596,79800
201512012853236,NLBBL,48,44,55,1569,86295
201512012853052,NLBBL,41,44,50,1539,76950
201512012853506,NLG,29,41,11,683,7513
201512012853488,NLIC,56,45,50,2965,148250
201512012853424,NLIC,36,26,100,2969,296900
201512012853349,NLIC,56,58,100,2965,296500
201512012853348,NLIC,41,58,100,2965,296500
201512012853279,NLIC,41,49,100,2965,296500
201512012853277,NLIC,56,49,100,2965,296500
201512012853275,NLIC,41,45,200,2970,594000
201512012853212,NLIC,6,53,100,2970,297000
201512012853364,NLICL,56,45,100,2100,210000
201512012853289,NLICL,48,13,200,2100,420000
201512012853285,NLICL,35,21,66,2100,138600
201512012853254,NLICL,43,53,20,2100,42000
201512012853251,NLICL,35,41,100,2100,210000
201512012853244,NLICL,5,51,100,2100,210000
201512012853241,NLICL,5,50,60,2099,125940
201512012853088,NLICL,48,33,141,2090,294690
201512012853084,NLICL,42,53,35,2090,73150
201512012853079,NLICL,48,33,119,2090,248710
201512012853324,NMB,6,50,236,402,94872
201512012853317,NMB,42,38,250,400,100000
201512012853316,NMB,6,38,70,400,28000
201512012853315,NMB,13,38,100,401,40100
201512012853314,NMB,45,38,60,401,24060
201512012853313,NMB,45,38,60,401,24060
201512012853202,NMB,1,38,100,402,40200
201512012853111,NMB,52,38,100,402,40200
201512012853073,NMB,32,38,200,402,80400
201512012853027,NMB,39,58,206,402,82812
201512012853467,NMBSF1,49,37,2610,10,26100
201512012853222,NMBSF1,49,48,5000,10,50000
201512012853465,NNFC,46,45,77,258,19866
201512012853457,NNFC,48,45,500,259,129500
201512012853442,NNFC,17,45,100,260,26000
201512012853104,NNFC,5,16,500,265,132500
201512012853095,NNFC,5,18,500,264,132000
201512012853031,NTC,41,45,110,650,71500
201512012853319,NTC,41,49,100,650,65000
201512012853188,NTC,41,44,300,650,195000
201512012853321,NTC,41,49,100,650,65000
201512012853404,NUBL,35,6,10,1785,17850
201512012853376,NUBL,17,40,165,1750,288750
201512012853357,NUBL,16,40,100,1735,173500
201512012853026,OHL,11,18,50,392,19600
201512012853025,OHL,11,32,60,391,23460
201512012853495,PCBL,41,13,200,558,111600
201512012853475,PCBL,41,25,19,556,10564
201512012853361,PCBL,6,6,92,556,51152
201512012853274,PCBL,1,21,35,558,19530
201512012853273,PCBL,1,54,100,558,55800
201512012853272,PCBL,1,13,150,558,83700
201512012853246,PCBL,41,32,237,555,131535
201512012853221,PCBL,41,45,12,556,6672
201512012853174,PCBL,44,43,200,557,111400
201512012853116,PCBL,34,21,100,555,55500
201512012853091,PCBL,47,44,96,556,53376
201512012853078,PCBL,34,43,200,555,111000
201512012853199,PIC,32,32,150,454,68100
201512012853147,PIC,47,32,50,446,22300
201512012853263,PICL,25,32,51,355,18105
201512012853249,PLIC,42,45,243,1242,301806
201512012853232,PLIC,42,45,600,1242,745200
201512012853096,PLIC,5,50,40,1240,49600
201512012853043,PLIC,50,45,500,1235,617500
201512012853042,PLIC,50,45,200,1240,248000
201512012853338,PRIN,43,43,25,392,9800
201512012853331,PRIN,5,21,140,392,54880
201512012853323,PRIN,45,43,20,385,7700
201512012853310,PRIN,13,34,650,384,249600
201512012853292,PROFL,28,39,20,155,3100
201512012853206,PROFL,28,39,20,158,3160
201512012853140,RBBBL,13,13,10,181,1810
201512012853130,RBBBL,22,45,13,183,2379
201512012853128,RBBBL,22,45,13,183,2379
201512012853126,RBBBL,22,45,13,183,2379
201512012853124,RBBBL,22,45,13,183,2379
201512012853121,RBBBL,22,45,13,183,2379
201512012853118,RBBBL,22,45,13,183,2379
201512012853063,RBBBL,37,11,13,182,2366
201512012853059,RBBBL,37,11,13,182,2366
201512012853412,REDBL,54,47,94,290,27260
201512012853405,REDBL,54,7,12,290,3480
201512012853204,REDBL,58,7,259,285,73815
201512012853201,REDBL,58,46,164,284,46576
201512012853173,REDBL,40,40,38,281,10678
201512012853347,RHPC,45,5,11,365,4015
201512012853482,RMDC,57,6,300,605,181500
201512012853068,RMDC,59,6,200,605,121000
201512012853515,SADBL,26,45,210,350,73500
201512012853477,SADBL,7,7,69,352,24288
201512012853445,SADBL,26,58,48,354,16992
201512012853407,SADBL,7,32,50,361,18050
201512012853093,SADBL,59,32,10,357,3570
201512012853049,SADBL,57,45,773,350,270550
201512012853497,SANIMA,33,44,250,634,158500
201512012853458,SANIMA,38,25,174,631,109794
201512012853309,SANIMA,33,36,75,631,47325
201512012853306,SANIMA,33,36,160,631,100960
201512012853305,SANIMA,51,36,200,632,126400
201512012853304,SANIMA,20,36,50,635,31750
201512012853303,SANIMA,33,36,90,637,57330
201512012853284,SANIMA,33,45,100,637,63700
201512012853283,SANIMA,33,58,240,637,152880
201512012853282,SANIMA,33,53,70,636,44520
201512012853171,SANIMA,40,53,230,636,146280
201512012853061,SANIMA,43,58,100,637,63700
201512012853133,SBI,33,43,100,1275,127500
201512012853109,SBI,35,43,200,1275,255000
201512012853103,SBI,49,53,50,1270,63500
201512012853102,SBI,49,43,200,1269,253800
201512012853085,SBI,38,43,200,1268,253600
201512012853466,SBL,50,22,200,639,127800
201512012853463,SBL,50,22,300,639,191700
201512012853462,SBL,50,14,200,638,127600
201512012853460,SBL,50,17,266,637,169442
201512012853276,SBL,17,33,160,635,101600
201512012853231,SBL,1,14,200,639,127800
201512012853045,SBL,17,39,100,637,63700
201512012853040,SBL,17,21,118,635,74930
201512012853468,SCB,33,53,200,2460,492000
201512012853327,SCB,43,34,24,2450,58800
201512012853233,SCB,20,21,20,2440,48800
201512012853113,SCB,32,54,273,2440,666120
201512012853383,SEOS,14,26,2500,10,24000
201512012853381,SEOS,14,26,5000,10,48000
201512012853487,SETI,29,29,25,200,5000
201512012853455,SETI,7,10,27,200,5400
201512012853373,SHL,21,45,500,430,215000
201512012853360,SHL,21,22,480,430,206400
201512012853354,SHL,21,54,200,430,86000
201512012853213,SHL,37,51,100,429,42900
201512012853137,SHL,54,54,200,425,85000
201512012853108,SICL,22,19,70,830,58100
201512012853225,SIL,6,44,20,637,12740
201512012853123,SIL,38,44,10,625,6250
201512012853097,SKBBL,25,25,250,1329,332250
201512012853044,SLBBL,7,37,100,1567,156700
201512012853034,SLBBL,7,1,13,1566,20358
201512012853518,SLICL,50,14,100,639,63900
201512012853200,SLICL,22,7,30,627,18810
201512012853198,SLICL,22,5,57,627,35739
201512012853511,SODBL,48,28,1000,134,134000
201512012853493,SODBL,25,17,500,134,67000
201512012853492,SRBL,19,38,200,367,73400
201512012853491,SRBL,19,8,10,362,3620
201512012853490,SRBL,19,36,88,362,31856
201512012853426,SRBL,51,51,300,360,108000
201512012853330,SRBL,48,8,10,355,3550
201512012853131,SWBBL,33,51,70,1987,139090
201512012853399,TBBL,45,47,55,234,12870
201512012853398,TBBL,45,6,100,233,23300
201512012853355,TBBL,26,6,100,233,23300
201512012853253,UFL,6,6,396,265,104940
201512012853270,VBBL,39,22,50,150,7500
201512012853247,VBBL,47,22,200,148,29600
201512012853035,VBBL,16,22,200,146,29200
201512012853308,VLBS,6,35,10,404,4040
201512012853291,VLBS,43,35,10,397,3970
201512012853271,VLBS,43,35,10,390,3900
201512012853523,YETI,25,17,140,140,19600
201512012853092,YETI,45,35,200,141,28200
201512012852876,ADBL,51,21,500,439,219500
201512012852875,ADBL,11,21,100,440,44000
201512012852804,ADBL,51,42,106,441,46746
201512012852790,ADBL,7,42,60,442,26520
201512012852658,ADBL,25,21,130,445,57850
201512012852647,ADBL,56,47,200,448,89600
201512012852645,ADBL,25,42,200,445,89000
201512012852582,ADBL,25,36,170,449,76330
201512012852540,ADBL,6,6,149,446,66454
201512012852738,AHPC,45,10,32,265,8480
201512012852620,AHPC,17,5,46,264,12144
201512012853001,ALICL,41,6,100,993,99300
201512012852968,ALICL,14,36,118,990,116820
201512012853012,API,18,22,16,394,6304
201512012853000,API,22,26,16,393,6288
201512012852996,API,22,26,16,393,6288
201512012852990,API,18,22,16,394,6304
201512012852987,API,22,26,16,393,6288
201512012852984,API,18,26,16,394,6304
201512012852542,API,36,14,26,394,10244
201512012852538,API,36,14,26,394,10244
201512012852530,API,36,47,10,394,3940
201512012852597,API,36,45,26,394,10244
201512012852583,API,13,5,26,395,10270
201512012852579,API,13,5,26,395,10270
201512012852562,API,36,14,26,394,10244
201512012852558,API,36,14,26,394,10244
201512012852545,API,36,14,26,394,10244
201512012852627,API,48,14,26,394,10244
201512012852624,API,48,14,26,394,10244
201512012852615,API,29,14,26,394,10244
201512012852612,API,29,14,26,394,10244
201512012852607,API,29,14,26,394,10244
201512012852601,API,36,45,26,394,10244
201512012852683,API,38,5,16,395,6320
201512012852682,API,13,43,16,394,6304
201512012852674,API,8,14,26,394,10244
201512012852659,API,18,13,26,395,10270
201512012852655,API,18,47,16,395,6320
201512012852640,API,8,45,26,394,10244
201512012852725,API,5,5,16,395,6320
201512012852723,API,5,21,16,395,6320
201512012852722,API,5,21,16,394,6304
201512012852719,API,18,26,26,394,10244
201512012852716,API,18,43,16,394,6304
201512012852715,API,5,5,16,395,6320
201512012852740,API,5,5,16,395,6320
201512012852739,API,5,5,16,395,6320
201512012852737,API,5,5,16,395,6320
201512012852735,API,5,5,16,395,6320
201512012852732,API,5,21,16,395,6320
201512012852729,API,5,5,16,395,6320
201512012852782,API,8,21,26,394,10244
201512012852751,API,5,21,16,395,6320
201512012852747,API,36,21,16,395,6320
201512012852746,API,36,21,26,395,10270
201512012852743,API,5,5,16,395,6320
201512012852741,API,5,5,16,395,6320
201512012852791,API,29,29,26,395,10270
201512012852789,API,29,19,26,395,10270
201512012852788,API,29,29,26,395,10270
201512012852787,API,29,29,26,395,10270
201512012852786,API,29,19,26,395,10270
201512012852785,API,29,29,26,395,10270
201512012852825,API,26,26,16,394,6304
201512012852821,API,26,26,10,394,3940
201512012852820,API,26,26,15,394,5910
201512012852816,API,26,26,10,394,3940
201512012852795,API,8,21,26,394,10244
201512012852792,API,29,35,26,395,10270
201512012852898,API,22,26,16,393,6288
201512012852896,API,45,21,26,394,10244
201512012852847,API,22,49,10,393,3930
201512012852840,API,22,29,26,393,10218
201512012852838,API,22,29,26,393,10218
201512012852829,API,26,26,10,394,3940
201512012852920,API,41,25,13,394,5122
201512012852919,API,48,35,26,395,10270
201512012852916,API,41,5,16,394,6304
201512012852906,API,45,26,13,394,5122
201512012852905,API,45,26,13,394,5122
201512012852902,API,45,29,26,394,10244
201512012852940,API,22,25,13,393,5109
201512012852938,API,22,26,16,393,6288
201512012852928,API,22,26,16,393,6288
201512012852925,API,22,25,13,393,5109
201512012852924,API,22,25,13,393,5109
201512012852922,API,48,5,16,394,6304
201512012852950,API,22,26,16,393,6288
201512012852949,API,22,25,13,393,5109
201512012852946,API,22,25,13,393,5109
201512012852944,API,22,25,13,393,5109
201512012852942,API,18,5,16,394,6304
201512012852941,API,22,25,13,393,5109
201512012852964,API,5,5,16,394,6304
201512012852957,API,22,26,16,393,6288
201512012852956,API,22,25,13,393,5109
201512012852955,API,18,5,16,394,6304
201512012852953,API,22,25,13,393,5109
201512012852951,API,22,25,13,393,5109
201512012852978,API,22,26,16,393,6288
201512012852975,API,5,5,16,394,6304
201512012852971,API,22,26,16,393,6288
201512012852969,API,5,5,16,394,6304
201512012852967,API,18,5,16,394,6304
201512012852965,API,5,5,16,394,6304
201512012853006,ARDBL,38,11,120,221,26520
201512012853002,ARDBL,38,22,24,221,5304
201512012852810,ARDBL,25,25,22,217,4774
201512012852801,ARDBL,25,25,22,217,4774
201512012852797,ARDBL,25,25,22,217,4774
201512012852773,ARDBL,25,25,22,217,4774
201512012852771,ARDBL,25,25,22,217,4774
201512012852701,ARDBL,19,58,44,215,9460
201512012852945,BARUN,7,11,10,330,3300
201512012852943,BARUN,7,11,10,330,3300
201512012852834,BARUN,7,49,10,330,3300
201512012852831,BARUN,7,49,10,330,3300
201512012852818,BARUN,50,50,10,332,3320
201512012852817,BARUN,50,50,10,332,3320
201512012852766,BARUN,7,33,10,330,3300
201512012852762,BARUN,7,8,10,330,3300
201512012852758,BARUN,7,8,10,330,3300
201512012852753,BARUN,7,8,10,330,3300
201512012852750,BARUN,7,8,10,330,3300
201512012852529,BARUN,7,41,10,330,3300
201512012852690,BOKPO,49,58,1000,211,211000
201512012852684,BOKPO,49,58,5000,207,1035000
201512012852962,BPCL,49,26,300,540,162000
201512012852841,BPCL,37,32,183,545,99735
201512012852638,BPCL,20,55,225,541,121725
201512012852602,BPCL,17,17,50,545,27250
201512012852532,BPCL,49,26,200,540,108000
201512012853005,CBBL,21,47,50,1600,80000
201512012852976,CBBL,59,59,200,1570,314000
201512012852911,CBBL,33,47,100,1590,159000
201512012852910,CBBL,33,28,80,1590,127200
201512012852907,CBBL,21,59,200,1575,315000
201512012852886,CBBL,22,32,67,1585,106195
201512012852868,CBBL,5,47,100,1574,157400
201512012852756,CBBL,58,7,315,1565,492975
201512012852671,CBBL,56,59,100,1570,157000
201512012852981,CBL,1,59,289,243,70227
201512012852980,CBL,1,50,500,243,121500
201512012852749,CBL,7,33,500,244,122000
201512012852616,CBL,56,50,500,248,124000
201512012852585,CBL,57,32,19,246,4674
201512012852584,CBL,57,33,100,246,24600
201512012852572,CBL,57,50,1000,243,243000
201512012852567,CCBL,50,35,938,285,267330
201512012852581,CFCL,26,18,400,248,99200
201512012852537,CFCL,17,26,400,245,98000
201512012852994,CHCL,38,59,402,1330,534660
201512012852993,CHCL,38,22,150,1329,199350
201512012852992,CHCL,38,13,100,1328,132800
201512012852991,CHCL,38,10,200,1327,265400
201512012852748,CHCL,51,16,200,1322,264400
201512012852707,CHCL,51,13,72,1325,95400
201512012852610,CHCL,51,16,200,1328,265600
201512012852587,CHCL,51,16,140,1328,185920
201512012852573,CHCL,42,21,100,1329,132900
201512012852560,CHCL,14,16,20,1331,26620
201512012852547,CHCL,32,32,130,1326,172380
201512012852697,CHCL,51,16,10,1328,13280
201512012852689,CHCL,5,16,30,1328,39840
201512012852688,CHCL,5,13,110,1328,146080
201512012852670,CHCL,51,10,400,1325,530000
201512012852634,CHCL,34,22,100,1329,132900
201512012852630,CHCL,42,22,100,1329,132900
201512012852536,CNDBL,6,32,150,172,25800
201512012852963,CZBIL,19,25,200,542,108400
201512012852932,CZBIL,40,40,11,540,5940
201512012852923,CZBIL,40,40,410,540,221400
201512012852912,CZBIL,45,40,200,540,108000
201512012852909,CZBIL,16,42,464,538,249632
201512012852885,CZBIL,26,40,50,540,27000
201512012852550,CZBIL,18,36,300,538,161400
201512012852549,CZBIL,17,36,150,538,80700
201512012852548,CZBIL,57,36,100,538,53800
201512012852546,CZBIL,26,36,200,539,107800
201512012852667,CZBIL,7,7,236,538,126968
201512012852653,CZBIL,16,42,200,538,107600
201512012852619,CZBIL,19,45,143,539,77077
201512012852608,CZBIL,7,37,100,539,53900
201512012852599,CZBIL,7,36,250,539,134750
201512012852591,CZBIL,16,35,201,538,108138
201512012852721,CZBIL,51,14,100,538,53800
201512012852718,CZBIL,14,22,200,540,108000
201512012852717,CZBIL,14,54,200,539,107800
201512012852714,CZBIL,51,40,40,538,21520
201512012852703,CZBIL,7,40,120,538,64560
201512012852669,CZBIL,49,37,200,539,107800
201512012852832,CZBIL,26,37,200,540,108000
201512012852828,CZBIL,26,32,100,540,54000
201512012852827,CZBIL,26,45,100,540,54000
201512012852826,CZBIL,26,22,250,540,135000
201512012852807,CZBIL,45,22,50,540,27000
201512012852798,CZBIL,19,8,50,539,26950
201512012852948,DBBL,26,40,200,178,35600
201512012852850,DBBL,49,16,480,178,85440
201512012852812,DBBL,4,16,10,175,1750
201512012852761,DBBL,1,16,10,172,1720
201512012853017,DDBL,11,45,10,1755,17550
201512012852995,DDBL,37,53,10,1730,17300
201512012852973,DDBL,33,53,20,1730,34600
201512012852972,DDBL,45,53,20,1730,34600
201512012852961,DDBL,36,45,10,1736,17360
201512012852958,DDBL,36,8,10,1735,17350
201512012852930,DDBL,45,53,20,1730,34600
201512012852882,DDBL,36,53,30,1730,51900
201512012852977,EBL,16,57,26,1975,51350
201512012852966,EBL,16,57,310,1975,612250
201512012852936,EBL,45,8,200,1980,396000
201512012852935,EBL,21,8,100,1980,198000
201512012852884,EBL,38,57,20,1995,39900
201512012852857,EBL,55,57,20,1995,39900
201512012852576,EBL,16,39,100,1985,198500
201512012852730,EBL,45,35,40,2000,80000
201512012852711,EBL,45,44,112,2000,224000
201512012852695,EBL,39,8,100,1999,199900
201512012852660,EBL,5,14,17,2014,34238
201512012852846,EBL,17,58,10,1990,19900
201512012852914,FMDBL,19,16,50,544,27200
201512012852986,GBBL,28,48,397,310,123070
201512012852985,GBBL,47,56,36,308,11088
201512012852979,GBBL,32,56,10,309,3090
201512012852918,GBBL,1,48,411,307,126177
201512012852890,GBBL,8,39,500,308,154000
201512012852866,GBBL,49,39,200,310,62000
201512012852865,GBBL,49,39,200,310,62000
201512012852864,GBBL,26,39,50,310,15500
201512012852694,GBBL,53,53,500,310,155000
201512012852673,GBBL,43,47,20,313,6260
201512012852617,GBBL,37,25,157,312,48984
201512012853016,GBIME,42,32,100,390,39000
201512012853014,GBIME,42,49,1480,390,577200
201512012853013,GBIME,42,51,1480,390,577200
201512012853011,GBIME,48,51,50,390,19500
201512012852974,GBIME,16,51,20,390,7800
201512012852927,GBIME,36,51,200,390,78000
201512012852854,GBIME,42,42,150,387,58050
201512012852853,GBIME,37,51,250,390,97500
201512012852752,GBIME,11,16,50,390,19500
201512012852693,GBIME,34,51,170,389,66130
201512012852685,GBIME,25,51,500,389,194500
201512012852668,GBIME,16,16,1000,385,385000
201512012852578,GDBL,14,39,40,319,12760
201512012852849,GLICL,33,26,400,544,217600
201512012852778,GLICL,33,26,100,555,55500
201512012852998,HBL,26,32,20,1299,25980
201512012852861,HBL,11,58,100,1300,130000
201512012852858,HBL,21,58,50,1300,65000
201512012852837,HBL,59,58,10,1300,13000
201512012852632,HBL,34,38,200,1299,259800
201512012852629,HBL,34,38,100,1299,129900
201512012852621,HBL,33,43,100,1299,129900
201512012852590,HBL,7,58,500,1299,649500
201512012852588,HBL,33,43,200,1299,259800
201512012852664,HBL,16,38,60,1299,77940
201512012852654,HBL,34,38,100,1299,129900
201512012852651,HBL,34,38,100,1299,129900
201512012852650,HBL,34,38,100,1299,129900
201512012852649,HBL,34,58,200,1299,259800
201512012852776,HBL,42,38,10,1299,12990
201512012852770,HBL,42,38,40,1299,51960
201512012852745,HBL,41,38,60,1299,77940
201512012852733,HBL,41,38,40,1299,51960
201512012852836,HBL,59,8,50,1300,65000
201512012852835,HBL,59,45,440,1300,572000
201512012852824,HBL,59,45,60,1300,78000
201512012852823,HBL,59,38,90,1299,116910
201512012852822,HBL,59,38,100,1299,129900
201512012852794,HBL,37,45,100,1298,129800
201512012852699,JFL,1,45,1000,290,290000
201512012852681,JFL,1,17,116,295,34220
201512012852662,JFL,1,26,170,300,51000
201512012852764,KADBL,39,39,50,366,18300
201512012852563,KBL,37,39,34,373,12682
201512012853004,KMCDB,33,16,100,1244,124400
201512012853003,KMCDB,33,45,10,1243,12430
201512012852554,KNBL,43,45,43,329,14147
201512012852663,LBL,43,43,200,469,93800
201512012852526,LBL,17,43,200,460,92000
201512012852926,LGIL,49,38,73,363,26499
201512012852897,LGIL,37,19,100,370,37000
201512012853008,LICN,47,45,100,3100,310000
201512012852880,LICN,54,48,27,3060,82620
201512012852869,LICN,58,58,500,3050,1525000
201512012852855,LICN,54,58,10,2998,29980
201512012852774,LLBS,57,25,91,969,88179
201512012852772,LLBS,57,11,21,969,20349
201512012853019,LUBL,25,47,106,367,38902
201512012852525,MDB,38,17,20,499,9980
201512012852873,MDBL,39,28,1000,280,280000
201512012853021,MNBBL,8,26,405,670,271350
201512012852775,MNBBL,48,39,100,675,67500
201512012852589,MNBBL,14,25,1000,678,678000
201512012852988,NABIL,42,25,100,2170,217000
201512012852983,NABIL,41,17,64,2165,138560
201512012852894,NABIL,33,33,200,2160,432000
201512012852891,NABIL,48,17,52,2165,112580
201512012852814,NABIL,59,33,240,2165,519600
201512012852652,NABIL,49,58,368,1000,368000
201512012852552,NABIL,19,11,200,2173,434600
201512012852543,NABIL,20,11,100,2173,217300
201512012852541,NABIL,20,11,200,2173,434600
201512012852618,NABIL,33,42,100,2150,215000
201512012852570,NABIL,20,33,50,2173,108650
201512012852569,NABIL,13,33,100,2173,217300
201512012852568,NABIL,54,33,10,2173,21730
201512012852557,NABIL,54,47,20,2173,43460
201512012852556,NABIL,54,38,20,2173,43460
201512012852646,NABILP,33,45,500,1600,800000
201512012852696,NABILP,13,45,100,1600,160000
201512012852691,NABILP,13,45,100,1600,160000
201512012852813,NABILP,22,32,100,1605,160500
201512012852809,NABILP,37,6,100,1603,160300
201512012852783,NABILP,20,6,100,1603,160300
201512012852767,NABILP,26,32,100,1602,160200
201512012852765,NABILP,26,45,100,1600,160000
201512012852742,NABILP,17,45,200,1600,320000
201512012852845,NABILP,16,28,100,1617,161700
201512012852844,NABILP,16,11,500,1615,807500
201512012852843,NABILP,16,6,200,1614,322800
201512012852842,NABILP,16,32,100,1614,161400
201512012852839,NABILP,20,32,10,1614,16140
201512012853009,NBB,37,19,250,427,106750
201512012852954,NBB,54,19,250,427,106750
201512012852931,NBB,54,56,66,427,28182
201512012852574,NBB,26,19,200,429,85800
201512012852559,NBB,54,19,200,427,85400
201512012852734,NBL,7,56,10,261,2610
201512012852566,NBL,7,53,500,261,130500
201512012852564,NBL,7,13,294,261,76734
201512012852874,NHPC,34,17,1000,107,107000
201512012852769,NHPC,51,56,2000,106,212000
201512012852871,NIB,11,28,10,638,6380
201512012853024,NIBPO,59,59,200,550,110000
201512012853023,NIBPO,59,33,1000,550,550000
201512012852959,NIBPO,8,13,40,549,21960
201512012852700,NIBPO,59,59,200,549,109800
201512012852636,NIBPO,59,55,10,549,5490
201512012852565,NIBPO,59,55,10,539,5390
201512012853015,NICA,38,22,200,834,166800
201512012852901,NICA,33,28,500,833,416500
201512012852852,NICA,53,32,200,830,166000
201512012852851,NICA,6,32,50,830,41500
201512012852802,NICA,41,28,500,831,415500
201512012852793,NICA,41,7,196,832,163072
201512012852708,NICA,33,33,200,831,166200
201512012852666,NICA,1,33,500,831,415500
201512012852644,NICA,29,35,241,832,200512
201512012852613,NICA,1,28,500,830,415000
201512012852596,NICA,28,28,500,825,412500
201512012852784,NIL,1,1,200,510,102000
201512012852731,NIL,39,41,44,510,22440
201512012852760,NLBBL,41,44,10,1509,15090
201512012852555,NLBBL,41,44,10,1480,14800
201512012852960,NLG,14,45,1502,680,1021360
201512012852900,NLG,53,38,28,673,18844
201512012852592,NLG,33,41,34,670,22780
201512012852989,NLIC,36,45,100,2970,297000
201512012852970,NLIC,28,49,500,2965,1482500
201512012852947,NLIC,21,49,50,2959,147950
201512012852937,NLIC,47,49,150,2959,443850
201512012852903,NLIC,54,49,100,2959,295900
201512012852878,NLIC,17,49,100,2959,295900
201512012852672,NLIC,45,45,100,2955,295500
201512012852642,NLIC,53,45,500,2955,1477500
201512012852595,NLIC,38,45,500,2951,1475500
201512012852577,NLIC,38,17,20,2950,59000
201512012852575,NLIC,56,17,180,2950,531000
201512012852531,NLIC,14,17,100,2950,295000
201512012852877,NLIC,14,49,100,2959,295900
201512012852872,NLIC,47,59,51,2950,150450
201512012852856,NLIC,14,42,300,2958,887400
201512012852848,NLIC,33,49,200,2954,590800
201512012852736,NLIC,33,26,100,2950,295000
201512012852692,NLIC,33,26,100,2950,295000
201512012853020,NLICL,14,49,200,2100,420000
201512012852934,NLICL,14,13,100,2100,210000
201512012852933,NLICL,14,32,130,2100,273000
201512012852929,NLICL,14,22,154,2100,323400
201512012852921,NLICL,14,14,100,2097,209700
201512012852917,NLICL,42,41,200,2090,418000
201512012852915,NLICL,14,6,47,2090,98230
201512012852800,NLICL,42,38,100,2089,208900
201512012852799,NLICL,42,38,140,2085,291900
201512012852796,NLICL,38,49,130,2062,268060
201512012852819,NMB,13,7,400,400,160000
201512012852815,NMB,13,42,184,400,73600
201512012852757,NMB,6,50,229,400,91600
201512012852678,NMB,38,53,300,400,120000
201512012852680,NTC,32,38,200,650,130000
201512012852561,NTC,11,38,100,650,65000
201512012852867,NUBL,16,1,10,1722,17220
201512012852892,PADBL,21,57,500,316,158000
201512012852889,PCBL,36,56,120,553,66360
201512012852888,PCBL,19,56,300,554,166200
201512012852887,PCBL,51,56,30,555,16650
201512012852863,PCBL,19,19,500,555,277500
201512012852862,PCBL,19,43,200,555,111000
201512012852805,PCBL,56,5,62,555,34410
201512012852720,PCBL,51,26,200,555,111000
201512012852606,PCBL,1,54,150,555,83250
201512012852605,PCBL,1,1,620,555,344100
201512012852604,PCBL,1,43,300,554,166200
201512012852603,PCBL,1,43,200,554,110800
201512012852528,PCBL,38,21,20,549,10980
201512012852908,PIC,47,32,200,438,87600
201512012852833,PLIC,5,53,30,1245,37350
201512012852648,PLIC,53,59,140,1240,173600
201512012852755,PRIN,10,34,372,385,143220
201512012853010,RBBBL,22,26,13,179,2327
201512012852952,RBBBL,22,22,13,179,2327
201512012852712,RBBBL,39,4,10,179,1790
201512012852704,RBBBL,19,4,10,178,1780
201512012852698,RBBBL,19,4,10,178,1780
201512012852665,RBBBL,47,47,12,179,2148
201512012852571,RBCLPO,14,32,650,4400,2860000
201512012853022,RHPC,22,16,103,362,37286
201512012853018,RHPC,22,16,103,362,37286
201512012853007,RHPC,17,16,52,362,18824
201512012852643,RHPC,21,21,12,369,4428
201512012852637,RHPC,21,21,12,369,4428
201512012852635,RHPC,21,21,12,369,4428
201512012852631,RHPC,21,21,12,369,4428
201512012852593,RHPC,22,5,12,366,4392
201512012852724,RLFL,49,49,1000,154,154000
201512012852879,SADBL,13,45,190,350,66500
201512012852586,SADBL,39,45,500,350,175000
201512012852580,SAFL,47,54,540,175,94500
201512012852544,SAFL,14,54,40,172,6880
201512012852999,SANIMA,40,25,20,636,12720
201512012852982,SANIMA,37,58,160,637,101920
201512012852811,SANIMA,16,58,350,633,221550
201512012852780,SANIMA,16,45,100,633,63300
201512012852779,SANIMA,16,39,50,633,31650
201512012852728,SANIMA,40,53,100,632,63200
201512012852539,SANIMA,45,40,100,628,62800
201512012852534,SANIMA,17,40,100,628,62800
201512012852727,SANIMA,40,25,50,632,31600
201512012852726,SANIMA,40,40,100,632,63200
201512012852706,SANIMA,47,45,100,630,63000
201512012852705,SANIMA,47,52,150,630,94500
201512012852639,SANIMA,49,35,230,629,144670
201512012852600,SANIMA,17,25,120,629,75480
201512012852893,SBI,43,17,30,1260,37800
201512012852881,SBI,56,26,200,1255,251000
201512012852870,SBI,25,17,70,1260,88200
201512012852759,SBI,49,53,150,1270,190500
201512012852754,SBI,33,26,150,1270,190500
201512012852626,SBI,33,26,200,1270,254000
201512012852806,SBL,1,5,145,632,91640
201512012852710,SBL,58,39,47,630,29610
201512012852709,SBL,58,39,100,630,63000
201512012852679,SBL,1,45,500,629,314500
201512012852657,SBL,58,45,1100,629,691900
201512012852656,SBL,58,22,500,628,314000
201512012852641,SBL,17,45,50,629,31450
201512012852628,SBL,17,45,50,628,31400
201512012852622,SBL,1,45,92,628,57776
201512012852553,SBL,26,18,409,616,251944
201512012852551,SBL,57,39,200,625,125000
201512012852633,SCB,33,29,51,2400,122400
201512012852625,SCB,49,58,331,1000,331000
201512012852535,SCB,42,49,100,2422,242200
201512012852904,SETI,7,29,13,200,2600
201512012852614,SHL,20,25,100,422,42200
201512012852686,SHPC,36,36,500,740,370000
201512012852883,SICL,57,39,100,836,83600
201512012852860,SICL,22,38,60,830,49800
201512012852859,SICL,22,4,50,825,41250
201512012852830,SICL,39,14,20,825,16500
201512012852687,SICL,33,45,100,825,82500
201512012852533,SICL,54,39,200,820,164000
201512012852661,SIFC,44,39,13,319,4147
201512012852895,SIL,38,44,10,613,6130
201512012852777,SKBBL,11,39,50,1326,66300
201512012852768,SKBBL,41,7,203,1315,266945
201512012852702,SKBBL,20,39,20,1300,26000
201512012852763,SLBBL,11,39,10,1537,15370
201512012852744,SLBBL,7,37,100,1507,150700
201512012852781,SODBL,22,17,500,132,66000
201512012852899,SRBL,58,32,35,349,12215
201512012852803,VBBL,48,22,500,144,72000
201512012852713,WDBL,50,18,756,275,207900
201512012852913,YETI,48,35,500,140,70000
201512012852808,YETI,45,35,1000,140,140000
201512012852623,YETI,21,17,20,141,2820
201512012852594,YETI,29,17,20,139,2780
201512012852500,ADBL,5,47,11,450,4950
201512012852301,ADBL,5,5,1000,447,447000
201512012852299,ADBL,5,21,100,439,43900
201512012852316,AHPC,41,42,50,260,13000
201512012852199,AHPC,43,39,56,260,14560
201512012852193,AHPC,22,39,100,262,26200
201512012852170,AHPC,41,39,499,260,129740
201512012852062,AHPC,18,59,1100,265,291500
201512012852508,API,44,44,26,398,10348
201512012852507,API,44,44,26,398,10348
201512012852506,API,44,44,26,398,10348
201512012852505,API,44,44,26,398,10348
201512012852504,API,44,44,26,398,10348
201512012852503,API,1,8,390,394,153660
201512012852028,API,41,44,26,385,10010
201512012852027,API,44,44,26,385,10010
201512012852026,API,29,44,26,385,10010
201512012852025,API,44,44,26,385,10010
201512012852024,API,44,44,26,385,10010
201512012852023,API,29,44,26,385,10010
201512012852034,API,41,44,26,385,10010
201512012852033,API,44,44,26,385,10010
201512012852032,API,44,44,26,385,10010
201512012852031,API,44,44,26,385,10010
201512012852030,API,41,44,26,385,10010
201512012852029,API,41,44,26,385,10010
201512012852042,API,44,44,26,385,10010
201512012852041,API,41,44,26,385,10010
201512012852040,API,44,44,26,385,10010
201512012852039,API,29,34,10,385,3850
201512012852038,API,44,44,26,385,10010
201512012852035,API,1,14,26,381,9906
201512012852048,API,44,44,26,385,10010
201512012852047,API,44,44,26,385,10010
201512012852046,API,44,44,26,385,10010
201512012852045,API,44,44,26,385,10010
201512012852044,API,41,44,26,385,10010
201512012852043,API,44,44,26,385,10010
201512012852056,API,29,29,10,386,3860
201512012852055,API,29,29,10,386,3860
201512012852054,API,44,39,26,385,10010
201512012852052,API,44,39,26,385,10010
201512012852051,API,44,39,26,385,10010
201512012852050,API,44,44,26,385,10010
201512012852064,API,39,39,26,386,10036
201512012852063,API,39,39,26,386,10036
201512012852061,API,39,39,26,386,10036
201512012852060,API,32,17,16,387,6192
201512012852058,API,39,14,26,386,10036
201512012852057,API,29,29,10,386,3860
201512012852076,API,44,42,26,385,10010
201512012852075,API,44,42,26,385,10010
201512012852072,API,43,56,26,386,10036
201512012852071,API,43,17,16,387,6192
201512012852067,API,44,44,26,385,10010
201512012852065,API,32,17,16,387,6192
201512012852082,API,44,42,26,385,10010
201512012852081,API,44,42,26,385,10010
201512012852080,API,44,42,26,385,10010
201512012852079,API,44,42,26,385,10010
201512012852078,API,44,42,26,385,10010
201512012852077,API,44,42,26,385,10010
201512012852090,API,36,42,26,385,10010
201512012852089,API,36,42,26,385,10010
201512012852088,API,49,59,26,386,10036
201512012852087,API,49,59,26,386,10036
201512012852084,API,36,42,26,385,10010
201512012852083,API,36,42,26,385,10010
201512012852112,API,36,45,16,384,6144
201512012852105,API,48,17,16,387,6192
201512012852103,API,36,45,26,384,9984
201512012852102,API,48,42,26,385,10010
201512012852099,API,48,42,26,385,10010
201512012852091,API,36,42,26,385,10010
201512012852122,API,48,11,16,389,6224
201512012852121,API,16,11,26,388,10088
201512012852117,API,48,17,16,387,6192
201512012852116,API,48,17,16,387,6192
201512012852115,API,6,45,16,385,6160
201512012852114,API,48,17,16,387,6192
201512012852136,API,44,25,16,390,6240
201512012852135,API,44,25,16,390,6240
201512012852134,API,44,25,16,390,6240
201512012852133,API,44,42,26,390,10140
201512012852132,API,44,42,26,390,10140
201512012852126,API,48,42,26,390,10140
201512012852144,API,44,44,26,390,10140
201512012852143,API,44,44,26,390,10140
201512012852140,API,44,25,16,390,6240
201512012852139,API,44,25,16,390,6240
201512012852138,API,44,25,16,390,6240
201512012852137,API,44,25,16,390,6240
201512012852150,API,44,44,26,390,10140
201512012852149,API,44,44,26,390,10140
201512012852148,API,44,44,26,390,10140
201512012852147,API,44,44,26,390,10140
201512012852146,API,44,44,26,390,10140
201512012852145,API,44,44,26,390,10140
201512012852157,API,44,44,26,390,10140
201512012852156,API,44,44,26,390,10140
201512012852155,API,44,44,26,390,10140
201512012852154,API,44,44,26,390,10140
201512012852153,API,44,44,26,390,10140
201512012852152,API,44,44,26,390,10140
201512012852163,API,44,44,26,390,10140
201512012852162,API,41,44,26,390,10140
201512012852161,API,44,44,26,390,10140
201512012852160,API,41,44,26,390,10140
201512012852159,API,44,44,26,390,10140
201512012852158,API,44,44,26,390,10140
201512012852169,API,39,44,26,390,10140
201512012852168,API,41,44,26,390,10140
201512012852167,API,44,44,26,390,10140
201512012852166,API,39,44,26,390,10140
201512012852165,API,22,44,26,390,10140
201512012852164,API,41,44,26,390,10140
201512012852195,API,22,44,26,390,10140
201512012852194,API,41,44,26,390,10140
201512012852192,API,49,44,26,390,10140
201512012852191,API,22,44,26,390,10140
201512012852172,API,41,44,26,390,10140
201512012852171,API,22,44,26,390,10140
201512012852226,API,36,11,16,392,6272
201512012852225,API,36,11,16,392,6272
201512012852209,API,49,26,10,390,3900
201512012852207,API,49,1,16,390,6240
201512012852206,API,16,11,26,391,10166
201512012852204,API,16,11,26,391,10166
201512012852235,API,36,11,26,392,10192
201512012852234,API,36,11,16,392,6272
201512012852233,API,48,11,16,392,6272
201512012852232,API,36,11,16,392,6272
201512012852228,API,36,11,26,392,10192
201512012852227,API,36,11,26,392,10192
201512012852241,API,36,29,26,392,10192
201512012852240,API,36,29,26,392,10192
201512012852239,API,36,29,26,392,10192
201512012852238,API,36,29,26,392,10192
201512012852237,API,36,11,16,392,6272
201512012852236,API,48,11,16,392,6272
201512012852250,API,49,41,26,390,10140
201512012852249,API,48,29,26,392,10192
201512012852245,API,48,11,26,393,10218
201512012852244,API,49,42,16,390,6240
201512012852243,API,48,29,26,392,10192
201512012852242,API,48,29,26,392,10192
201512012852267,API,36,40,26,394,10244
201512012852266,API,36,11,26,394,10244
201512012852265,API,48,40,26,394,10244
201512012852263,API,48,11,26,394,10244
201512012852262,API,29,41,26,392,10192
201512012852251,API,48,11,26,393,10218
201512012852281,API,48,47,10,395,3950
201512012852273,API,48,7,10,397,3970
201512012852272,API,48,11,10,397,3970
201512012852271,API,48,11,10,397,3970
201512012852270,API,48,43,16,395,6320
201512012852269,API,36,47,10,394,3940
201512012852323,API,13,43,16,396,6336
201512012852295,API,48,29,16,400,6400
201512012852291,API,48,7,26,399,10374
201512012852286,API,40,47,10,395,3950
201512012852284,API,48,29,16,400,6400
201512012852283,API,48,7,26,399,10374
201512012852363,API,36,56,26,394,10244
201512012852350,API,40,14,26,395,10270
201512012852335,API,40,43,16,395,6320
201512012852332,API,40,25,10,395,3950
201512012852331,API,36,43,16,395,6320
201512012852328,API,40,43,16,395,6320
201512012852381,API,29,47,10,394,3940
201512012852379,API,29,29,16,394,6304
201512012852373,API,29,47,10,394,3940
201512012852372,API,29,26,26,394,10244
201512012852369,API,29,1,26,394,10244
201512012852368,API,22,43,16,393,6288
201512012852396,API,29,29,16,394,6304
201512012852390,API,29,29,16,394,6304
201512012852388,API,29,29,16,394,6304
201512012852387,API,29,29,16,394,6304
201512012852386,API,29,47,10,394,3940
201512012852384,API,29,29,16,394,6304
201512012852412,API,36,14,26,395,10270
201512012852410,API,36,14,26,395,10270
201512012852408,API,29,29,16,394,6304
201512012852406,API,29,29,16,394,6304
201512012852403,API,29,29,16,394,6304
201512012852400,API,29,29,16,394,6304
201512012852420,API,29,45,26,394,10244
201512012852419,API,29,29,16,394,6304
201512012852418,API,29,47,10,394,3940
201512012852417,API,29,29,16,394,6304
201512012852416,API,29,29,16,394,6304
201512012852413,API,29,29,16,394,6304
201512012852434,API,26,26,26,394,10244
201512012852430,API,22,42,26,393,10218
201512012852428,API,22,42,26,393,10218
201512012852427,API,29,47,10,394,3940
201512012852425,API,13,14,26,395,10270
201512012852422,API,29,47,10,394,3940
201512012852456,API,22,29,26,393,10218
201512012852454,API,22,29,26,393,10218
201512012852449,API,22,29,26,393,10218
201512012852438,API,26,26,26,394,10244
201512012852436,API,26,26,26,394,10244
201512012852435,API,26,26,26,394,10244
201512012852468,API,36,29,26,394,10244
201512012852467,API,36,47,10,394,3940
201512012852466,API,36,47,10,394,3940
201512012852461,API,22,29,10,393,3930
201512012852460,API,22,29,26,393,10218
201512012852459,API,22,29,26,393,10218
201512012852477,API,44,14,26,395,10270
201512012852476,API,44,14,26,395,10270
201512012852475,API,44,14,26,395,10270
201512012852472,API,44,50,26,395,10270
201512012852471,API,44,14,26,395,10270
201512012852469,API,22,29,26,393,10218
201512012852486,API,44,44,26,398,10348
201512012852485,API,44,44,26,398,10348
201512012852483,API,44,44,26,398,10348
201512012852482,API,44,43,16,397,6352
201512012852481,API,44,36,16,395,6320
201512012852480,API,44,36,16,395,6320
201512012852495,API,44,44,26,398,10348
201512012852493,API,44,44,26,398,10348
201512012852492,API,44,44,26,398,10348
201512012852491,API,44,44,26,398,10348
201512012852490,API,44,44,26,398,10348
201512012852489,API,44,44,26,398,10348
201512012852502,API,44,44,26,398,10348
201512012852501,API,44,44,26,398,10348
201512012852499,API,44,44,26,398,10348
201512012852498,API,44,44,26,398,10348
201512012852497,API,44,44,26,398,10348
201512012852496,API,44,44,26,398,10348
201512012852446,ARDBL,25,25,22,214,4708
201512012852426,ARDBL,25,25,22,216,4752
201512012852405,ARDBL,19,17,22,220,4840
201512012852404,ARDBL,19,17,22,220,4840
201512012852399,ARDBL,19,17,22,220,4840
201512012852397,ARDBL,19,17,22,220,4840
201512012852118,ARDBL,19,16,33,212,6996
201512012852222,ARDBL,43,16,33,214,7062
201512012852205,ARDBL,1,17,22,214,4708
201512012852203,ARDBL,43,16,33,214,7062
201512012852196,ARDBL,21,1,59,213,12567
201512012852128,ARDBL,25,25,22,215,4730
201512012852120,ARDBL,19,16,33,212,6996
201512012852246,ARDBL,38,16,33,214,7062
201512012852231,ARDBL,43,16,33,214,7062
201512012852230,ARDBL,43,16,33,214,7062
201512012852229,ARDBL,43,16,33,214,7062
201512012852224,ARDBL,43,16,33,214,7062
201512012852223,ARDBL,43,16,33,214,7062
201512012852287,ARDBL,22,17,33,215,7095
201512012852285,ARDBL,22,17,33,215,7095
201512012852261,ARDBL,38,16,33,214,7062
201512012852260,ARDBL,38,16,33,214,7062
201512012852248,ARDBL,38,16,33,214,7062
201512012852247,ARDBL,38,16,33,214,7062
201512012852395,ARDBL,19,17,22,220,4840
201512012852393,ARDBL,19,17,22,220,4840
201512012852305,ARDBL,19,6,22,218,4796
201512012852303,ARDBL,19,17,33,217,7161
201512012852302,ARDBL,19,17,33,217,7161
201512012852297,ARDBL,19,17,44,217,9548
201512012852488,BARUN,26,26,10,329,3290
201512012852487,BARUN,26,26,10,329,3290
201512012852259,BARUN,17,11,10,331,3310
201512012852258,BARUN,17,11,10,331,3310
201512012852257,BARUN,17,11,10,331,3310
201512012852256,BARUN,17,11,10,331,3310
201512012852107,BARUN,26,26,10,328,3280
201512012852106,BARUN,26,26,10,328,3280
201512012852124,BARUN,50,50,10,325,3250
201512012852123,BARUN,50,50,10,325,3250
201512012852111,BARUN,26,26,10,328,3280
201512012852110,BARUN,26,26,10,328,3280
201512012852109,BARUN,26,26,10,328,3280
201512012852108,BARUN,26,26,10,328,3280
201512012852175,BARUN,17,29,10,329,3290
201512012852174,BARUN,17,29,10,329,3290
201512012852173,BARUN,17,29,10,329,3290
201512012852142,BARUN,26,26,10,328,3280
201512012852141,BARUN,26,26,10,328,3280
201512012852125,BARUN,50,50,10,325,3250
201512012852181,BARUN,17,29,10,329,3290
201512012852180,BARUN,17,29,10,329,3290
201512012852179,BARUN,17,29,10,329,3290
201512012852178,BARUN,17,29,10,329,3290
201512012852177,BARUN,17,29,10,329,3290
201512012852176,BARUN,17,29,10,329,3290
201512012852187,BARUN,17,29,10,329,3290
201512012852186,BARUN,17,29,10,329,3290
201512012852185,BARUN,17,29,10,329,3290
201512012852184,BARUN,17,29,10,329,3290
201512012852183,BARUN,17,29,10,329,3290
201512012852182,BARUN,17,29,10,329,3290
201512012852213,BARUN,10,17,10,329,3290
201512012852212,BARUN,10,17,10,329,3290
201512012852211,BARUN,10,17,10,329,3290
201512012852190,BARUN,17,29,10,329,3290
201512012852189,BARUN,17,29,10,329,3290
201512012852188,BARUN,17,29,10,329,3290
201512012852219,BARUN,10,29,10,330,3300
201512012852218,BARUN,10,29,10,330,3300
201512012852217,BARUN,10,29,10,330,3300
201512012852216,BARUN,10,14,10,330,3300
201512012852215,BARUN,10,25,10,330,3300
201512012852214,BARUN,10,25,10,330,3300
201512012852255,BARUN,17,17,10,330,3300
201512012852254,BARUN,17,17,10,330,3300
201512012852253,BARUN,17,17,10,330,3300
201512012852252,BARUN,17,17,10,330,3300
201512012852221,BARUN,10,17,10,330,3300
201512012852220,BARUN,10,29,10,330,3300
201512012852353,BHBL,5,6,1000,299,299000
201512012852352,BHBL,5,16,300,298,89400
201512012852314,BHBL,1,17,200,296,59200
201512012852351,BOKPO,17,28,100,203,20300
201512012852349,BOKPO,17,28,100,205,20500
201512012852348,BOKPO,17,28,100,209,20900
201512012852347,BOKPO,17,28,100,213,21300
201512012852346,BOKPO,17,28,100,217,21700
201512012852345,BOKPO,17,28,100,221,22100
201512012852340,CBBL,49,1,536,1560,836160
201512012852307,CBBL,58,1,268,1555,416740
201512012852200,CBBL,33,26,200,1545,309000
201512012852511,CBL,7,14,912,243,221616
201512012852415,CBL,50,50,500,241,120500
201512012852414,CBL,58,50,500,241,120500
201512012852306,CBL,50,21,300,242,72600
201512012852524,CHCL,16,16,10,1331,13310
201512012852520,CHCL,17,6,130,1328,172640
201512012852512,CHCL,21,16,200,1325,265000
201512012852392,CHCL,25,16,132,1325,174900
201512012852197,CHCL,58,10,200,1319,263800
201512012852131,CHCL,45,45,38,1320,50160
201512012852059,CHCL,5,5,28,1296,36288
201512012852129,CHCL,10,10,200,1311,262200
201512012852095,CHCL,41,41,27,1311,35397
201512012852094,CHCL,41,41,27,1311,35397
201512012852086,CHCL,38,38,113,1297,146561
201512012852074,CHCL,41,41,27,1311,35397
201512012852070,CHCL,41,41,19,1305,24795
201512012852517,CZBIL,17,45,100,539,53900
201512012852474,CZBIL,17,37,200,538,107600
201512012852452,CZBIL,57,8,100,537,53700
201512012852437,CZBIL,16,14,100,537,53700
201512012852342,CZBIL,16,50,500,538,269000
201512012852333,CZBIL,47,40,100,537,53700
201512012852296,CZBIL,26,50,500,538,269000
201512012852151,CZBIL,26,50,200,534,106800
201512012852357,EBL,42,42,30,1976,59280
201512012852343,EBL,59,55,126,1938,244188
201512012852319,EBL,53,25,50,1938,96900
201512012852119,EBL,21,21,100,1900,190000
201512012852100,EBL,47,48,194,1900,368600
201512012852085,EBL,17,48,170,1900,323000
201512012852073,EBL,38,48,30,1900,57000
201512012852201,EDBL,49,25,200,602,120400
201512012852402,GBBL,37,25,180,307,55260
201512012852362,GBBL,5,39,100,305,30500
201512012852361,GBBL,49,39,200,306,61200
201512012852453,GBIME,10,16,50,385,19250
201512012852308,GFCL,20,11,50,205,10250
201512012852522,HBL,33,25,300,1299,389700
201512012852479,HBL,33,58,200,1300,260000
201512012852478,HBL,33,32,100,1300,130000
201512012852312,HBL,33,11,90,1305,117450
201512012852268,HBL,39,38,33,1280,42240
201512012852367,HBL,33,33,488,1304,636352
201512012852366,HBL,33,26,50,1300,65000
201512012852334,HBL,59,13,200,1300,260000
201512012852329,HBL,36,32,200,1300,260000
201512012852465,HBL,49,49,100,1299,129900
201512012852455,HBL,52,32,100,1300,130000
201512012852407,HBL,33,58,200,1300,260000
201512012852208,KBL,43,38,915,366,334890
201512012852068,KBL,6,59,17,359,6103
201512012852036,KBL,18,59,2729,364,993356
201512012852338,KCDBL,29,22,10,168,1680
201512012852324,KDBL,39,48,85,165,14025
201512012852276,KMCDB,33,19,82,1220,100040
201512012852127,KNBL,43,11,25,323,8075
201512012852113,LICN,53,53,102,2940,299880
201512012852053,LICN,25,25,27,3000,81000
201512012852049,LICN,25,25,27,3000,81000
201512012852037,LICN,25,25,27,3000,81000
201512012852344,LUBL,36,21,100,367,36700
201512012852439,MDB,38,17,20,490,9800
201512012852394,MNBBL,26,39,14,691,9674
201512012852375,MNBBL,57,39,100,678,67800
201512012852374,MNBBL,57,47,600,677,406200
201512012852322,MNBBL,26,39,25,665,16625
201512012852510,NABIL,54,41,200,2150,430000
201512012852424,NABIL,22,38,30,2131,63930
201512012852341,NABILP,59,28,100,1586,158600
201512012852327,NBB,50,19,200,425,85000
201512012852326,NBB,50,14,200,425,85000
201512012852339,NBF1,19,19,1199,13,15491
201512012852444,NCDB,59,59,10,251,2510
201512012852365,NCDB,59,59,10,247,2470
201512012852431,NHPC,6,17,1000,107,107000
201512012852447,NIBPO,59,59,20,529,10580
201512012852360,NIBPO,28,28,200,519,103800
201512012852521,NICA,22,50,58,830,48140
201512012852516,NICA,38,43,100,825,82500
201512012852470,NICA,38,22,300,825,247500
201512012852364,NICA,42,45,17,810,13770
201512012852096,NIL,20,1,10,510,5100
201512012852130,NLG,33,21,100,660,66000
201512012852518,NLIC,45,32,20,2937,58740
201512012852359,NLIC,21,17,50,2900,145000
201512012852358,NLIC,21,11,50,2900,145000
201512012852280,NLIC,36,57,150,2880,432000
201512012852279,NLIC,36,28,50,2875,143750
201512012852354,NLICL,21,6,124,2060,255440
201512012852336,NLICL,26,38,165,2055,339075
201512012852443,NMB,48,53,500,400,200000
201512012852442,NMB,6,53,100,400,40000
201512012852092,NMB,40,53,108,408,44064
201512012852066,NMB,40,50,100,408,40800
201512012852398,NMBSF1,49,17,2000,10,20000
201512012852484,NTC,11,34,200,650,130000
201512012852451,NTC,11,22,100,650,65000
201512012852450,NTC,11,22,100,650,65000
201512012852445,NTC,41,38,100,648,64800
201512012852515,PCBL,16,43,200,552,110400
201512012852464,PCBL,16,17,97,555,53835
201512012852463,PCBL,16,42,135,554,74790
201512012852462,PCBL,16,8,50,553,27650
201512012852409,PCBL,57,1,150,550,82500
201512012852371,PCBL,45,13,150,550,82500
201512012852355,PCBL,45,53,50,555,27750
201512012852337,PCBL,45,8,50,555,27750
201512012852290,PCBL,26,48,200,545,109000
201512012852289,PCBL,26,53,30,544,16320
201512012852104,PIC,25,25,158,430,67940
201512012852101,PIC,25,25,45,430,19350
201512012852097,PIC,25,25,45,430,19350
201512012852514,PLIC,41,58,1000,1230,1230000
201512012852293,PLIC,26,59,500,1220,610000
201512012852282,PLIC,59,53,20,1234,24680
201512012852210,PLIC,33,59,300,1210,363000
201512012852098,PLIC,53,59,200,1200,240000
201512012852421,RBBBL,1,43,13,180,2340
201512012852380,RBBBL,1,32,13,182,2366
201512012852278,RBBBL,45,45,168,183,30744
201512012852383,RBCLPO,14,32,50,4336,216800
201512012852298,REDBL,40,21,18,280,5040
201512012852457,SADBL,56,45,500,347,173500
201512012852432,SADBL,59,45,205,341,69905
201512012852423,SADBL,39,45,38,335,12730
201512012852356,SANIMA,38,36,800,620,496000
201512012852320,SANIMA,47,40,200,613,122600
201512012852317,SANIMA,54,54,600,615,369000
201512012852311,SANIMA,57,53,160,610,97600
201512012852310,SANIMA,45,53,200,610,122000
201512012852309,SANIMA,47,53,40,610,24400
201512012852069,SANIMA,41,53,20,613,12260
201512012852519,SBI,25,25,123,1270,156210
201512012852391,SBI,59,22,200,1268,253600
201512012852093,SBI,16,47,100,1250,125000
201512012852401,SBL,52,21,100,620,62000
201512012852292,SCB,33,7,98,2375,232750
201512012852509,SHPC,35,39,90,748,67320
201512012852441,SHPC,59,59,10,762,7620
201512012852433,SHPC,35,59,10,748,7480
201512012852429,SHPC,35,43,18,740,13320
201512012852382,SHPC,59,59,10,734,7340
201512012852370,SHPC,48,28,500,720,360000
201512012852264,SHPC,44,28,500,710,355000
201512012852275,SICL,10,45,120,820,98400
201512012852274,SICL,10,17,10,819,8190
201512012852198,SICL,54,13,120,815,97800
201512012852448,SODBL,14,29,1000,130,130000
201512012852318,SWBBLP,44,46,10,883,8830
201512012852304,SWBBLP,44,46,10,901,9010
201512012852300,SWBBLP,44,46,10,919,9190
201512012852294,SWBBLP,44,46,10,937,9370
201512012852288,SWBBLP,44,46,10,956,9560
201512012852277,SWBBLP,44,46,10,975,9750
201512012852473,YETI,42,48,11,137,1507
201512012852022,API,44,44,26,385,10010
201512012852021,API,44,44,26,385,10010
201512012852020,API,22,22,10,382,3820
201512012852019,API,44,44,26,385,10010
201512012852018,API,44,44,26,385,10010
201512012852017,API,44,44,26,385,10010
201512012852002,API,29,29,16,384,6144
201512012852001,API,22,29,16,384,6144
201512012851985,API,1,44,16,382,6112
201512012851984,API,1,44,26,383,9958
201512012852010,API,29,29,16,384,6144
201512012852009,API,44,29,16,384,6144
201512012852008,API,29,29,16,384,6144
201512012852007,API,44,29,16,384,6144
201512012852005,API,29,29,16,384,6144
201512012852004,API,29,29,16,384,6144
201512012852016,API,44,44,26,385,10010
201512012852015,API,44,44,26,385,10010
201512012852014,API,44,44,26,385,10010
201512012852013,API,44,44,26,385,10010
201512012852012,API,44,29,26,384,9984
201512012852011,API,44,29,26,384,9984
201512012851996,ARDBL,58,58,55,214,11770
201512012851995,ARDBL,58,58,55,214,11770
201512012851994,ARDBL,58,58,55,214,11770
201512012851993,ARDBL,58,58,55,214,11770
201512012851992,ARDBL,58,58,55,214,11770
201512012851991,ARDBL,58,58,55,214,11770
201512012851990,ARDBL,58,58,55,214,11770
201512012851989,ARDBL,58,58,55,214,11770
201512012851988,ARDBL,58,58,55,214,11770
201512012851987,ARDBL,58,58,55,214,11770
201512012851986,ARDBL,58,58,55,214,11770
201512012852000,BARUN,29,29,10,325,3250
201512012851999,BARUN,29,29,10,325,3250
201512012851998,BARUN,29,29,10,325,3250
201512012852006,NIBSF1,1,20,1000,10,9900
201512012852003,NIBSF1,1,20,1000,10,9900
201512012851997,NMB,10,10,52,400,20800
