contract,symbol,buyer,seller,qty,rate,amt
201501112427643,ADBL,56,50,30,475,14250
201501112427619,ADBL,35,56,1251,475,594225
201501112427611,ADBL,35,49,237,475,112575
201501112427583,ADBL,56,50,40,475,19000
201501112427666,ADBL,14,3,12,484,5808
201501112427739,AHPC,13,40,70,357,24990
201501112427506,AHPC,13,57,23,356,8188
201501112427448,AHPC,26,40,800,356,284800
201501112427317,AHPC,49,40,10,359,3590
201501112427539,ALDBL,17,19,10,240,2400
201501112427289,ALICL,5,46,70,1186,83020
201501112427282,ALICL,5,43,40,1185,47400
201501112427644,APEX,32,6,50,121,6050
201501112427647,APEX,32,6,50,121,6050
201501112427646,APEX,32,6,50,121,6050
201501112427645,APEX,32,6,50,121,6050
201501112427618,ARDBL,45,41,31,143,4433
201501112427599,ARDBL,45,41,31,143,4433
201501112427523,ARDBL,21,59,600,144,86400
201501112427281,ARDBL,45,45,42,146,6132
201501112427276,ARDBL,45,45,42,146,6132
201501112427338,BPCL,8,25,200,600,120000
201501112427605,BUDBL,25,42,854,178,152012
201501112427525,CBBL,33,44,280,1405,393400
201501112427507,CBL,33,8,3000,267,801000
201501112427697,CCBL,6,6,40,288,11520
201501112427688,CCBL,6,6,40,288,11520
201501112427673,CCBL,6,6,40,288,11520
201501112427663,CCBL,6,6,40,288,11520
201501112427650,CCBL,6,6,40,288,11520
201501112427637,CCBL,6,6,40,288,11520
201501112427374,CCBL,32,6,40,288,11520
201501112427367,CCBL,32,6,40,288,11520
201501112427361,CCBL,32,6,40,288,11520
201501112427354,CCBL,32,39,40,288,11520
201501112427343,CCBL,32,6,97,290,28130
201501112427342,CCBL,32,41,40,290,11600
201501112427437,CCBL,39,6,40,289,11560
201501112427432,CCBL,39,6,40,289,11560
201501112427422,CCBL,39,6,40,289,11560
201501112427406,CCBL,13,22,107,290,31030
201501112427403,CCBL,32,6,40,288,11520
201501112427377,CCBL,32,6,40,288,11520
201501112427522,CCBL,16,45,40,288,11520
201501112427515,CCBL,32,6,40,288,11520
201501112427503,CCBL,32,6,40,288,11520
201501112427491,CCBL,32,6,40,288,11520
201501112427483,CCBL,39,6,40,289,11560
201501112427447,CCBL,39,6,40,289,11560
201501112427559,CCBL,16,6,40,288,11520
201501112427541,CCBL,16,22,40,288,11520
201501112427536,CCBL,16,22,40,288,11520
201501112427579,CCBL,40,6,40,290,11600
201501112427578,CCBL,6,16,156,288,44928
201501112427569,CCBL,13,6,40,289,11560
201501112427561,CCBL,13,47,40,290,11600
201501112427560,CCBL,13,25,80,290,23200
201501112427626,CCBL,6,6,40,288,11520
201501112427624,CCBL,6,6,40,288,11520
201501112427604,CCBL,13,6,40,289,11560
201501112427598,CCBL,40,6,40,290,11600
201501112427592,CCBL,40,6,40,290,11600
201501112427633,CFCL,45,32,287,154,44198
201501112427706,CHCL,35,22,70,1701,119070
201501112427682,CHCL,44,25,104,1700,176800
201501112427659,CHCL,44,6,98,1700,166600
201501112427516,CHCL,36,7,117,1698,198666
201501112427508,CHCL,44,17,101,1700,171700
201501112427475,CHCL,44,25,294,1700,499800
201501112427434,CHCL,22,59,26,1700,44200
201501112427429,CHCL,22,36,130,1700,221000
201501112427323,CHCL,59,45,24,1701,40824
201501112427305,CHCL,48,45,200,1695,339000
201501112427302,CHCL,16,16,40,1703,68120
201501112427285,CHCL,43,40,47,1700,79900
201501112427473,CHCL,44,25,282,1700,479400
201501112427470,CHCL,44,59,47,1700,79900
201501112427463,CHCL,44,48,37,1700,62900
201501112427462,CHCL,44,45,100,1700,170000
201501112427450,CHCL,22,17,100,1700,170000
201501112427449,CHCL,22,41,100,1700,170000
201501112427547,CIT,5,6,100,3020,302000
201501112427540,CIT,25,6,200,3015,603000
201501112427731,CNDBL,1,19,20,169,3380
201501112427244,CNDBL,47,40,30,170,5100
201501112427243,CNDBL,47,40,30,170,5100
201501112427712,CZBIL,6,20,850,433,368050
201501112427538,CZBIL,4,4,48,431,20688
201501112427303,CZBIL,57,13,653,434,283402
201501112427292,CZBIL,57,41,24,434,10416
201501112427287,CZBIL,57,17,91,433,39403
201501112427279,CZBIL,57,17,72,432,31104
201501112427513,CZBIL,38,57,198,432,85536
201501112427425,CZBIL,14,14,11,435,4785
201501112427393,CZBIL,6,45,104,434,45136
201501112427502,DDBL,21,26,200,1172,234400
201501112427593,EBL,44,17,100,1981,198100
201501112427418,EBL,33,43,500,1985,992500
201501112427417,EBL,33,11,100,1983,198300
201501112427297,EBL,22,22,54,1982,107028
201501112427601,EDBL,48,45,76,535,40660
201501112427614,EKBL,26,1,13,221,2873
201501112427587,EKBL,21,1,13,222,2886
201501112427553,EKBL,21,1,13,222,2886
201501112427405,EKBL,19,51,583,226,131758
201501112427368,EKBL,17,22,33,225,7425
201501112427575,GBBL,16,17,44,325,14300
201501112427727,GBIME,6,11,84,504,42336
201501112427714,GBIME,6,25,451,504,227304
201501112427551,GBIME,6,29,153,502,76806
201501112427480,GBIME,39,28,500,500,250000
201501112427466,GBIME,16,28,382,500,191000
201501112427413,GBIME,39,39,333,502,167166
201501112427277,GBIME,35,45,60,502,30120
201501112427274,GBIME,13,52,281,501,140781
201501112427245,GDBL,41,39,89,245,21805
201501112427610,GDBL,6,47,110,242,26620
201501112427691,GDBL,21,47,80,242,19360
201501112427558,GRAND,35,42,847,164,138908
201501112427527,GRAND,43,42,504,162,81648
201501112427526,GRAND,20,11,558,165,92070
201501112427519,GRAND,47,42,504,162,81648
201501112427283,GRAND,56,56,40834,160,6533440
201501112427489,GRAND,35,52,1000,164,164000
201501112427486,GRAND,35,28,611,163,99593
201501112427469,GRAND,56,56,2309,162,374058
201501112427685,HAMA,16,19,40,119,4760
201501112427733,HBDL,28,13,1600,96,153600
201501112427603,HBL,22,47,95,815,77425
201501112427520,HBL,22,49,74,814,60236
201501112427664,ICFC,8,25,1054,243,256122
201501112427356,IDBL,16,26,358,168,60144
201501112427722,INDB,48,47,500,295,147500
201501112427740,JBBL,6,44,10,150,1500
201501112427713,JBNL,14,17,149,249,37101
201501112427683,JBNL,38,25,137,251,34387
201501112427627,JBNL,45,17,100,247,24700
201501112427360,JBNL,32,33,1000,246,246000
201501112427556,KBL,38,53,50,383,19150
201501112427552,KBL,13,53,200,376,75200
201501112427364,KBL,16,53,200,376,75200
201501112427348,KBL,25,25,110,377,41470
201501112427717,KCDBL,58,21,17,190,3230
201501112427705,KCDBL,16,21,17,191,3247
201501112427701,KCDBL,6,21,17,191,3247
201501112427698,KCDBL,25,21,17,191,3247
201501112427692,KCDBL,43,21,17,192,3264
201501112427621,KCDBL,21,21,17,193,3281
201501112427337,KCDBL,58,21,17,194,3298
201501112427336,KCDBL,58,21,17,194,3298
201501112427335,KCDBL,58,21,17,194,3298
201501112427333,KCDBL,58,21,17,194,3298
201501112427615,KCDBL,21,21,17,193,3281
201501112427608,KCDBL,21,21,17,193,3281
201501112427600,KCDBL,21,21,17,193,3281
201501112427597,KCDBL,21,21,17,193,3281
201501112427594,KCDBL,21,21,17,193,3281
201501112427557,KCDBL,43,11,51,193,9843
201501112427355,KDBL,17,45,11,120,1320
201501112427353,KDBL,58,21,107,122,13054
201501112427588,KEBL,11,26,104,423,43992
201501112427734,KMCDB,58,58,42,915,38430
201501112427725,KMCDB,59,51,10,918,9180
201501112427718,KMCDB,58,58,40,915,36600
201501112427687,KMCDB,59,42,10,916,9160
201501112427680,KMCDB,59,42,10,916,9160
201501112427672,KMCDB,59,42,10,916,9160
201501112427270,KMCDB,38,38,10,913,9130
201501112427246,KMCDB,58,58,42,914,38388
201501112427384,KMCDB,58,58,42,919,38598
201501112427369,KMCDB,58,58,40,917,36680
201501112427315,KMCDB,36,17,41,913,37433
201501112427311,KMCDB,36,17,10,913,9130
201501112427291,KMCDB,38,38,10,911,9110
201501112427272,KMCDB,38,38,10,913,9130
201501112427493,KMCDB,59,38,10,916,9160
201501112427476,KMCDB,58,5,30,917,27510
201501112427443,KMCDB,58,41,10,917,9170
201501112427441,KMCDB,58,41,10,917,9170
201501112427416,KMCDB,58,58,42,920,38640
201501112427408,KMCDB,58,58,40,919,36760
201501112427501,KMCDB,59,38,10,916,9160
201501112427668,KMCDB,59,42,10,916,9160
201501112427654,KMCDB,59,42,10,916,9160
201501112427431,KRBL,57,50,10,157,1570
201501112427423,LBL,38,38,500,498,249000
201501112427293,LICN,25,25,20,3220,64400
201501112427642,LLBS,20,38,10,851,8510
201501112427617,LLBS,20,26,10,835,8350
201501112427616,LLBS,20,6,10,833,8330
201501112427607,LLBS,20,3,35,830,29050
201501112427392,LLBS,11,29,10,815,8150
201501112427376,LLBS,25,38,20,816,16320
201501112427329,LLBS,26,38,160,817,130720
201501112427528,LUBL,38,40,1020,334,340680
201501112427524,LUBL,11,40,130,335,43550
201501112427517,LUBL,47,40,1000,335,335000
201501112427497,LUBL,43,40,200,336,67200
201501112427496,LUBL,26,40,200,337,67400
201501112427395,LUBL,37,25,496,337,167152
201501112427572,MBBL,59,17,35,165,5775
201501112427571,MBBL,59,39,500,165,82500
201501112427401,MBBL,47,39,59,163,9617
201501112427314,MBBL,50,39,500,162,81000
201501112427735,MBL,59,3,200,550,110000
201501112427700,MBL,50,26,325,545,177125
201501112427628,MBL,57,21,500,546,273000
201501112427378,MBL,48,20,1000,548,548000
201501112427346,MBL,38,3,100,548,54800
201501112427345,MBL,46,3,200,548,109600
201501112427301,MBL,57,21,480,546,262080
201501112427387,MEGA,14,14,13,366,4758
201501112427308,MLBBL,5,47,10,1040,10400
201501112427307,MLBBL,5,57,10,1040,10400
201501112427606,MMDBL,59,11,10,503,5030
201501112427596,MMDBL,59,39,23,500,11500
201501112427590,MMDBL,59,59,23,499,11477
201501112427254,MMDBL,48,38,23,490,11270
201501112427352,MNBBL,29,17,307,490,150430
201501112427478,MTBL,26,39,97,237,22989
201501112427347,MTBL,26,13,29,233,6757
201501112427251,MTBL,26,13,48,229,10992
201501112427248,MTBL,26,13,89,228,20292
201501112427247,MTBL,26,39,97,226,21922
201501112427679,NABIL,49,22,113,1855,209615
201501112427652,NABIL,7,22,98,1856,181888
201501112427391,NABIL,7,46,43,1860,79980
201501112427363,NABIL,45,41,165,1865,307725
201501112427330,NABIL,40,25,200,1860,372000
201501112427318,NABIL,52,39,43,1862,80066
201501112427632,NABILP,11,49,100,1299,129900
201501112427631,NABILP,11,49,100,1299,129900
201501112427630,NABILP,11,50,200,1295,259000
201501112427629,NABILP,11,49,100,1290,129000
201501112427460,NABILP,11,17,180,1280,230400
201501112427715,NBB,36,35,1000,469,469000
201501112427602,NBB,41,49,300,470,141000
201501112427586,NBB,41,6,200,470,94000
201501112427265,NBB,6,49,1000,469,469000
201501112427264,NBB,17,49,100,470,47000
201501112427263,NBB,6,49,500,471,235500
201501112427533,NBB,36,35,100,470,47000
201501112427485,NBB,6,16,1000,468,468000
201501112427339,NBB,6,5,242,468,113256
201501112427332,NBB,32,5,300,468,140400
201501112427328,NBB,38,8,500,468,234000
201501112427721,NBBL,48,21,11,2100,23100
201501112427651,NBL,25,33,500,343,171500
201501112427612,NBL,56,5,2000,340,680000
201501112427521,NBL,49,49,400,343,137200
201501112427504,NBL,35,5,1000,340,340000
201501112427428,NBL,16,19,865,341,294965
201501112427268,NBL,49,49,200,343,68600
201501112427261,NBL,49,49,200,343,68600
201501112427257,NBL,59,49,100,343,34300
201501112427252,NBL,49,49,100,343,34300
201501112427609,NCCB,49,32,280,585,163800
201501112427334,NCM,17,26,50,195,9750
201501112427648,NHPC,25,5,1000,125,125000
201501112427567,NHPC,54,25,1000,125,125000
201501112427566,NHPC,54,25,1000,125,125000
201501112427565,NHPC,54,25,1000,125,125000
201501112427564,NHPC,54,25,1000,125,125000
201501112427563,NHPC,54,25,1000,125,125000
201501112427532,NHPC,54,38,2000,124,248000
201501112427699,NIB,11,41,77,715,55055
201501112427641,NIB,46,41,268,711,190548
201501112427640,NIB,46,41,100,711,71100
201501112427638,NIB,36,54,618,709,438162
201501112427623,NIB,39,54,115,711,81765
201501112427622,NIB,39,41,100,711,71100
201501112427620,NIB,11,41,100,711,71100
201501112427595,NIB,6,54,1000,710,710000
201501112427479,NIB,50,41,300,715,214500
201501112427461,NIB,42,54,405,715,289575
201501112427351,NIB,26,17,154,715,110110
201501112427518,NIBPO,54,39,1000,468,468000
201501112427453,NIBPO,54,43,500,472,236000
201501112427452,NIBPO,54,39,500,470,235000
201501112427451,NIBPO,54,39,1000,470,470000
201501112427729,NICA,41,53,100,661,66100
201501112427728,NICA,19,53,50,664,33200
201501112427710,NICA,6,53,300,662,198600
201501112427459,NICA,43,53,200,664,132800
201501112427458,NICA,25,53,200,665,133000
201501112427322,NICA,8,8,51,666,33966
201501112427267,NICA,19,8,25,666,16650
201501112427321,NICA,10,55,200,671,134200
201501112427320,NICA,10,53,200,670,134000
201501112427319,NICA,10,8,10,669,6690
201501112427295,NICA,36,8,10,669,6690
201501112427290,NICA,36,8,10,669,6690
201501112427275,NICA,41,8,25,665,16625
201501112427681,NIL,13,38,561,744,417384
201501112427424,NLBBL,38,53,26,1310,34060
201501112427732,NLIC,32,54,50,4460,223000
201501112427730,NLIC,44,17,33,4500,148500
201501112427720,NLIC,50,54,56,4465,250040
201501112427708,NLIC,54,54,125,4461,557625
201501112427696,NLIC,25,49,100,4490,449000
201501112427499,NLIC,13,47,50,4481,224050
201501112427492,NLIC,13,46,35,4480,156800
201501112427421,NLIC,54,50,90,4480,403200
201501112427420,NLIC,54,26,20,4480,89600
201501112427349,NLIC,38,34,52,4474,232648
201501112427278,NLIC,32,52,214,4473,957222
201501112427741,NLICL,14,14,15,2432,36480
201501112427723,NLICL,14,39,11,2425,26675
201501112427719,NLICL,14,8,20,2424,48480
201501112427684,NLICL,46,5,81,2410,195210
201501112427678,NLICL,14,8,20,2424,48480
201501112427658,NLICL,42,20,100,2410,241000
201501112427514,NLICL,46,32,33,2415,79695
201501112427286,NLICL,41,16,83,2414,200362
201501112427259,NLICL,5,49,100,2410,241000
201501112427256,NLICL,5,20,137,2405,329485
201501112427662,NNLB,29,6,10,901,9010
201501112427655,NNLB,32,13,65,900,58500
201501112427370,NNLB,29,49,100,900,90000
201501112427300,NNLB,59,13,63,900,56700
201501112427690,NTC,16,45,100,605,60500
201501112427653,NTC,16,45,100,605,60500
201501112427589,NTC,28,45,100,605,60500
201501112427382,NTC,16,41,200,605,121000
201501112427704,OHL,21,50,70,710,49700
201501112427703,OHL,21,32,100,710,71000
201501112427399,OHL,34,6,500,703,351500
201501112427397,OHL,34,6,210,701,147210
201501112427389,OHL,16,59,150,700,105000
201501112427702,OHL,21,6,10,705,7050
201501112427649,OHL,21,58,40,700,28000
201501112427576,PCBL,39,25,159,446,70914
201501112427570,PCBL,39,22,26,445,11570
201501112427490,PCBL,6,43,80,443,35440
201501112427488,PCBL,16,43,80,443,35440
201501112427438,PCBL,38,56,545,444,241980
201501112427455,PDBL,40,19,224,238,53312
201501112427695,PIC,47,37,34,956,32504
201501112427535,PIC,32,25,275,950,261250
201501112427577,PICL,28,45,500,436,218000
201501112427468,PICL,32,41,116,439,50924
201501112427639,PLIC,33,19,91,1035,94185
201501112427568,PLIC,35,35,251,1037,260287
201501112427512,PLIC,7,49,162,1040,168480
201501112427511,PLIC,7,46,420,1040,436800
201501112427500,PLIC,7,11,54,1038,56052
201501112427482,PLIC,7,35,519,1037,538203
201501112427280,PLIC,33,52,54,1033,55782
201501112427266,PLIC,33,47,27,1032,27864
201501112427262,PLIC,33,3,13,1030,13390
201501112427258,PLIC,33,3,13,1030,13390
201501112427398,PLIC,21,28,500,1037,518500
201501112427394,PLIC,21,3,13,1035,13455
201501112427312,PLIC,33,41,81,1035,83835
201501112427310,PLIC,33,45,67,1035,69345
201501112427309,PLIC,33,52,167,1034,172678
201501112427306,PLIC,33,40,30,1033,30990
201501112427581,PRDBL,54,19,10,139,1390
201501112427439,PRDBL,54,50,10,139,1390
201501112427435,PRDBL,54,50,20,139,2780
201501112427742,PRVU,1,29,11,265,2915
201501112427736,PRVU,11,11,19,266,5054
201501112427724,PRVU,3,29,11,265,2915
201501112427711,PRVU,3,29,11,266,2926
201501112427260,PRVU,50,46,12,267,3204
201501112427253,PRVU,50,46,12,267,3204
201501112427331,PRVU,11,46,12,267,3204
201501112427324,PRVU,49,51,42,266,11172
201501112427304,PRVU,50,51,12,266,3192
201501112427299,PRVU,50,3,11,267,2937
201501112427296,PRVU,50,3,11,267,2937
201501112427294,PRVU,19,51,12,266,3192
201501112427407,PRVU,4,43,209,267,55803
201501112427385,PRVU,38,59,1000,266,266000
201501112427371,PRVU,49,43,11,266,2926
201501112427477,PRVU,4,43,11,267,2937
201501112427467,PRVU,17,46,12,267,3204
201501112427465,PRVU,4,46,12,267,3204
201501112427444,PRVU,17,43,11,266,2926
201501112427442,PRVU,17,43,11,266,2926
201501112427426,PRVU,4,14,155,267,41385
201501112427580,PRVU,25,25,21526,263,5661338
201501112427562,PRVU,25,25,725,266,192850
201501112427498,PRVU,36,3,11,268,2948
201501112427495,PRVU,36,3,11,268,2948
201501112427494,PRVU,36,40,97,268,25996
201501112427693,PRVU,4,29,11,267,2937
201501112427686,PRVU,36,45,11,268,2948
201501112427670,PRVU,19,29,194,266,51604
201501112427481,PRVUPO,45,42,3076,105,322980
201501112427474,PRVUPO,45,42,86139,105,9044595
201501112427464,PRVUPO,45,42,64604,105,6783420
201501112427545,PURBL,19,59,200,321,64200
201501112427544,PURBL,26,59,100,321,32100
201501112427537,PURBL,21,59,100,322,32200
201501112427584,PURBL,39,21,11,324,3564
201501112427585,PURBL,39,48,14,330,4620
201501112427550,REDBL,50,42,493,185,91205
201501112427542,REDBL,50,42,493,185,91205
201501112427543,RHPC,48,17,75,499,37425
201501112427366,RHPC,45,17,11,490,5390
201501112427271,RHPC,45,51,100,499,49900
201501112427529,SANIMA,22,34,456,542,247152
201501112427446,SANIMA,57,21,500,541,270500
201501112427419,SANIMA,50,33,550,541,297550
201501112427379,SANIMA,38,14,400,542,216800
201501112427707,SBI,48,17,24,946,22704
201501112427689,SBI,51,22,74,947,70078
201501112427313,SBI,48,8,383,941,360403
201501112427738,SBL,45,25,62,666,41292
201501112427737,SBL,45,5,28,665,18620
201501112427726,SBL,45,5,28,665,18620
201501112427554,SBL,45,1,44,664,29216
201501112427667,SCB,17,53,66,1945,128370
201501112427613,SCB,32,22,70,1951,136570
201501112427591,SCB,33,22,100,1950,195000
201501112427457,SCB,45,41,150,1941,291150
201501112427316,SCB,52,25,20,1951,39020
201501112427716,SDBL,53,33,500,155,77500
201501112427358,SETI,50,50,25,162,4050
201501112427574,SHBL,49,41,10,520,5200
201501112427573,SHBL,49,5,10,515,5150
201501112427510,SHBL,49,5,10,510,5100
201501112427509,SHBL,49,1,10,509,5090
201501112427636,SHL,37,56,100,481,48100
201501112427634,SHL,37,56,500,475,237500
201501112427709,SHPC,10,20,18,775,13950
201501112427677,SHPC,10,6,671,771,517341
201501112427676,SHPC,10,57,500,770,385000
201501112427675,SHPC,11,44,300,774,232200
201501112427674,SHPC,11,13,60,772,46320
201501112427671,SHPC,10,49,988,770,760760
201501112427327,SHPC,10,57,795,765,608175
201501112427288,SHPC,41,4,18,767,13806
201501112427284,SHPC,28,44,500,765,382500
201501112427273,SHPC,41,13,18,764,13752
201501112427255,SHPC,10,57,416,764,317824
201501112427359,SHPC,21,44,500,769,384500
201501112427357,SHPC,46,13,60,769,46140
201501112427350,SHPC,56,13,61,769,46909
201501112427344,SHPC,21,28,423,766,324018
201501112427341,SHPC,21,13,64,766,49024
201501112427340,SHPC,56,58,197,766,150902
201501112427404,SHPC,46,43,18,772,13896
201501112427383,SHPC,56,50,234,770,180180
201501112427381,SHPC,10,41,88,770,67760
201501112427380,SHPC,10,57,100,770,77000
201501112427372,SHPC,10,36,72,770,55440
201501112427362,SHPC,10,6,291,770,224070
201501112427472,SHPC,49,49,30,770,23100
201501112427440,SHPC,19,59,72,774,55728
201501112427436,SHPC,34,44,200,773,154600
201501112427430,SHPC,10,49,30,770,23100
201501112427427,SHPC,34,13,36,772,27792
201501112427409,SHPC,46,43,18,772,13896
201501112427582,SHPC,7,20,18,775,13950
201501112427555,SHPC,21,21,18,771,13878
201501112427530,SHPC,7,43,148,773,114404
201501112427505,SHPC,49,49,30,770,23100
201501112427487,SHPC,49,49,18,770,13860
201501112427484,SHPC,49,49,18,770,13860
201501112427250,SIC,32,37,40,1080,43200
201501112427249,SIC,32,39,60,1080,64800
201501112427402,SIGS1,26,49,1000,15,15030
201501112427396,SIGS1,26,49,1000,15,15030
201501112427388,SIGS1,26,49,1000,15,15030
201501112427400,SKBBL,50,54,12,1375,16500
201501112427365,SKBBL,6,54,19,1376,26144
201501112427390,SLBBL,55,11,11,2397,26367
201501112427531,SLICL,50,52,121,640,77440
201501112427375,SLICL,40,13,91,642,58422
201501112427694,SRBL,6,36,140,408,57120
201501112427456,SRBL,28,58,43,410,17630
201501112427415,SRBL,6,43,430,412,177160
201501112427414,SRBL,6,1,71,412,29252
201501112427410,SRBL,6,45,89,411,36579
201501112427454,SUPRME,5,50,10,144,1440
201501112427471,SWBBL,14,17,200,1495,299000
201501112427549,SYFL,8,14,500,90,45000
201501112427548,SYFL,8,11,280,90,25200
201501112427546,TRH,40,50,1000,290,290000
201501112427373,TRH,21,32,500,289,144500
201501112427325,TRH,53,50,70,285,19950
201501112427669,UFIL,44,16,870,135,117450
201501112427534,UFIL,26,59,1000,135,135000
201501112427445,UFIL,26,50,20,133,2660
201501112427433,UFIL,47,25,31,133,4123
201501112427326,UFIL,47,26,40,133,5320
201501112427298,UFL,54,17,200,219,43800
201501112427269,UIC,44,54,776,856,664256
201501112427661,VBBL,1,51,320,139,44480
201501112427660,VBBL,1,25,100,139,13900
201501112427412,VBBL,48,14,20,138,2760
201501112427411,VBBL,48,25,90,138,12420
201501112427077,ADBL,35,38,1000,475,475000
201501112426900,ADBL,46,42,30,469,14070
201501112427047,ADBL,29,1,70,474,33180
201501112427046,ADBL,29,13,90,473,42570
201501112427045,ADBL,29,3,31,474,14694
201501112427044,ADBL,29,1,70,473,33110
201501112427204,AHPC,29,29,635,357,226695
201501112426969,AHPC,34,16,42,355,14910
201501112426877,AHPC,25,16,42,356,14952
201501112426857,AHPC,49,40,90,358,32220
201501112426850,AHPC,29,26,500,357,178500
201501112426814,AHPC,25,40,60,356,21360
201501112426749,AHPC,26,40,100,357,35700
201501112427162,ALDBL,17,41,10,239,2390
201501112427156,ALDBL,3,3,10,239,2390
201501112427153,ALDBL,3,3,10,239,2390
201501112427138,ALDBL,3,3,10,239,2390
201501112427214,ALICL,25,3,59,1180,69620
201501112427208,ALICL,25,3,74,1180,87320
201501112427109,ALICL,32,48,36,1175,42300
201501112427080,ALICL,41,43,500,1179,589500
201501112427023,ALICL,57,49,300,1178,353400
201501112427221,ARDBL,45,26,21,146,3066
201501112427220,ARDBL,45,26,21,146,3066
201501112427219,ARDBL,45,26,21,146,3066
201501112427217,ARDBL,45,26,21,146,3066
201501112427215,ARDBL,45,26,31,146,4526
201501112427212,ARDBL,45,26,31,145,4495
201501112427211,ARDBL,45,41,21,144,3024
201501112427180,ARDBL,45,8,42,143,6006
201501112427176,ARDBL,45,8,42,143,6006
201501112426962,ARDBL,6,5,54,141,7614
201501112426956,ARDBL,6,5,21,141,2961
201501112426750,ARDBL,6,5,541,143,77363
201501112427195,CBL,13,45,27,269,7263
201501112427178,CBL,11,45,19,268,5092
201501112427134,CBL,33,22,880,270,237600
201501112427092,CBL,43,43,135,269,36315
201501112427073,CBL,56,45,19,270,5130
201501112427043,CBL,56,45,16,271,4336
201501112426809,CBL,33,35,306,270,82620
201501112426790,CBL,33,43,412,270,111240
201501112427229,CCBL,10,11,40,289,11560
201501112427103,CCBL,32,48,120,288,34560
201501112427062,CCBL,49,52,45,289,13005
201501112427053,CCBL,50,52,120,289,34680
201501112427042,CCBL,50,52,160,289,46240
201501112426770,CCBL,10,21,40,289,11560
201501112426756,CCBL,55,25,19,290,5510
201501112426755,CCBL,55,25,33,290,9570
201501112426782,CCBL,13,47,40,290,11600
201501112426781,CCBL,13,41,416,290,120640
201501112426780,CCBL,13,50,40,290,11600
201501112426779,CCBL,13,16,28,290,8120
201501112426776,CCBL,13,25,33,290,9570
201501112426775,CCBL,13,25,33,290,9570
201501112426795,CCBL,13,11,32,290,9280
201501112426794,CCBL,13,39,40,290,11600
201501112426793,CCBL,13,39,40,290,11600
201501112426789,CCBL,13,39,45,290,13050
201501112426786,CCBL,13,4,352,290,102080
201501112426783,CCBL,13,29,137,290,39730
201501112426804,CCBL,13,20,40,290,11600
201501112426803,CCBL,13,20,40,290,11600
201501112426802,CCBL,13,20,40,290,11600
201501112426801,CCBL,13,20,40,290,11600
201501112426798,CCBL,13,11,32,290,9280
201501112426796,CCBL,13,11,32,290,9280
201501112426832,CCBL,16,11,32,291,9312
201501112426812,CCBL,16,11,32,291,9312
201501112426810,CCBL,13,35,1000,290,290000
201501112426807,CCBL,13,16,156,290,45240
201501112426806,CCBL,13,38,689,290,199810
201501112426805,CCBL,13,20,40,290,11600
201501112426932,CCBL,13,16,156,290,45240
201501112426861,CCBL,16,58,31,291,9021
201501112426860,CCBL,16,45,141,291,41031
201501112426846,CCBL,16,13,40,291,11640
201501112426839,CCBL,16,11,32,292,9344
201501112426835,CCBL,16,38,39,291,11349
201501112427040,CCBL,55,44,10,290,2900
201501112427038,CCBL,55,44,10,290,2900
201501112427021,CCBL,8,8,36,290,10440
201501112426976,CCBL,49,22,300,289,86700
201501112426960,CCBL,42,42,10,291,2910
201501112427131,CHCL,49,21,47,1700,79900
201501112427079,CHCL,35,43,147,1699,249753
201501112427076,CHCL,35,17,100,1698,169800
201501112427061,CHCL,29,17,100,1693,169300
201501112427057,CHCL,7,17,100,1694,169400
201501112427006,CHCL,49,41,71,1696,120416
201501112427145,CIT,5,6,100,3045,304500
201501112427142,CIT,5,6,100,3040,304000
201501112427117,CIT,40,6,100,3035,303500
201501112427027,CIT,37,6,100,3025,302500
201501112426875,CIT,41,6,100,3025,302500
201501112426920,CIVIC,16,59,300,295,88500
201501112426831,CIVIC,8,13,355,290,102950
201501112426879,CSDBL,29,3,30,190,5700
201501112427137,CZBIL,45,17,50,434,21700
201501112427111,CZBIL,38,29,273,430,117390
201501112426764,CZBIL,6,17,139,432,60048
201501112426759,CZBIL,6,5,15,432,6480
201501112426868,CZBIL,19,55,95,430,40850
201501112426867,CZBIL,19,55,119,430,51170
201501112426824,CZBIL,19,5,108,430,46440
201501112426799,CZBIL,19,5,95,430,40850
201501112426995,CZBIL,38,5,108,430,46440
201501112426984,CZBIL,38,5,570,430,245100
201501112426941,CZBIL,45,14,37,436,16132
201501112426902,CZBIL,19,39,25,430,10750
201501112426890,CZBIL,6,17,60,432,25920
201501112427009,CZBIL,6,5,84,430,36120
201501112427124,DDBL,38,16,200,1171,234200
201501112427074,DDBL,14,36,300,1175,352500
201501112427218,EBL,44,49,143,1980,283140
201501112427010,EBL,33,22,100,1980,198000
201501112426882,EBL,33,43,39,1980,77220
201501112426772,EBL,8,8,500,1980,990000
201501112427141,EKBL,45,52,33,228,7524
201501112427113,EKBL,21,1,1232,225,277200
201501112427112,EKBL,21,59,500,224,112000
201501112426899,EKBL,21,26,110,222,24420
201501112426849,EKBL,19,57,132,223,29436
201501112426848,EKBL,19,14,66,222,14652
201501112426758,EKBL,25,5,33,220,7260
201501112426845,EKBL,19,52,33,223,7359
201501112426843,EKBL,19,52,33,223,7359
201501112426829,EKBL,25,52,33,222,7326
201501112426827,EKBL,25,52,33,222,7326
201501112426766,EKBL,25,5,33,220,7260
201501112426762,EKBL,25,5,33,220,7260
201501112427069,FMDBL,10,58,200,985,197000
201501112427064,GBIME,39,55,29,501,14529
201501112427055,GBIME,13,55,15,503,7545
201501112427024,GBIME,16,46,44,502,22088
201501112426979,GBIME,52,26,74,501,37074
201501112426830,GBIME,7,25,500,501,250500
201501112427183,GDBL,41,26,10,245,2450
201501112426821,GDBL,26,26,100,243,24300
201501112426844,GDBL,41,14,30,249,7470
201501112426841,GDBL,26,47,10,248,2480
201501112426826,GDBL,26,47,10,245,2450
201501112426823,GDBL,26,26,11,244,2684
201501112426822,GDBL,26,26,10,244,2440
201501112426883,GLICL,17,7,97,558,54126
201501112427198,GRAND,10,56,10000,160,1600000
201501112427175,GRAND,41,56,500,163,81500
201501112427115,GRAND,49,53,49,166,8134
201501112427104,GRAND,3,53,200,167,33400
201501112426842,GRAND,21,56,500,165,82500
201501112426837,GRAND,21,54,1000,164,164000
201501112426924,GRAND,49,56,1000,163,163000
201501112427091,GRAND,53,53,200,164,32800
201501112427086,GRAND,6,56,3000,161,483000
201501112427070,GRAND,21,54,751,163,122413
201501112427065,GRAND,6,54,2000,161,322000
201501112427030,GRAND,1,56,3000,161,483000
201501112426919,HDL,55,26,30,592,17760
201501112426769,JBBL,28,14,300,149,44700
201501112426768,JBBL,39,14,530,149,78970
201501112426767,JBBL,21,14,70,149,10430
201501112427005,KAFIL,8,8,23,214,4922
201501112426993,KAFIL,8,8,23,214,4922
201501112426847,KBBL,49,38,120,355,42600
201501112427028,KCDBL,57,26,298,192,57216
201501112426970,KCDBL,8,8,17,194,3298
201501112426951,KCDBL,26,22,118,194,22892
201501112426856,KCDBL,29,29,10,195,1950
201501112426855,KCDBL,29,29,10,195,1950
201501112426854,KCDBL,29,29,10,195,1950
201501112427234,KMCDB,58,58,40,915,36600
201501112427233,KMCDB,58,38,10,915,9150
201501112427231,KMCDB,38,38,10,913,9130
201501112427213,KMCDB,58,58,42,912,38304
201501112427206,KMCDB,58,58,40,912,36480
201501112426972,KMCDB,38,38,10,907,9070
201501112426966,KMCDB,38,38,10,925,9250
201501112427022,KMCDB,59,38,10,910,9100
201501112427016,KMCDB,59,38,10,910,9100
201501112427227,LBL,6,14,200,498,99600
201501112427081,LBL,49,35,12,500,6000
201501112427052,LBL,49,56,16,499,7984
201501112426981,LBL,6,53,300,498,149400
201501112427121,LGIL,38,50,13,441,5733
201501112427100,LGIL,38,43,13,433,5629
201501112427200,LLBS,26,39,10,817,8170
201501112427197,LLBS,26,39,10,817,8170
201501112427189,LLBS,26,39,10,817,8170
201501112427186,LLBS,26,39,10,817,8170
201501112427173,LLBS,25,39,10,816,8160
201501112427105,LLBS,11,21,23,825,18975
201501112426745,LLBS,11,3,10,791,7910
201501112426744,LLBS,11,3,10,791,7910
201501112426743,LLBS,11,3,10,791,7910
201501112426742,LLBS,11,3,10,791,7910
201501112426836,LLBS,47,47,10,792,7920
201501112426757,LLBS,14,56,10,800,8000
201501112426752,LLBS,14,56,41,800,32800
201501112426748,LLBS,11,3,10,791,7910
201501112426747,LLBS,11,3,10,791,7910
201501112426746,LLBS,11,3,10,791,7910
201501112427032,LLBS,25,21,10,820,8200
201501112426997,LLBS,11,42,10,815,8150
201501112426973,LLBS,45,45,205,815,167075
201501112426940,LLBS,45,45,164,800,131200
201501112426871,LLBS,29,29,10,795,7950
201501112426870,LLBS,29,29,10,795,7950
201501112426971,LUBL,17,22,140,341,47740
201501112426929,LUBL,17,40,100,340,34000
201501112426975,MBBL,21,21,103,164,16892
201501112426906,MBBL,25,13,500,162,81000
201501112426898,MBBL,50,13,500,163,81500
201501112426820,MBBL,50,43,80,165,13200
201501112427226,MBL,13,3,100,549,54900
201501112427225,MBL,47,3,40,549,21960
201501112427224,MBL,42,20,1000,548,548000
201501112427196,MBL,42,34,996,547,544812
201501112427170,MBL,42,54,400,547,218800
201501112427158,MBL,36,36,200,549,109800
201501112426933,MBL,42,34,996,547,544812
201501112426913,MBL,45,21,135,551,74385
201501112427000,MBL,47,3,80,549,43920
201501112426999,MBL,45,3,20,551,11020
201501112426987,MBL,50,1,510,549,279990
201501112426948,MBL,45,6,40,551,22040
201501112426947,MBL,50,20,1000,548,548000
201501112426946,MBL,38,6,200,550,110000
201501112426819,MDB,17,8,72,430,30960
201501112426787,MDB,41,19,28,428,11984
201501112426777,MDB,41,21,26,426,11076
201501112427161,MDBL,26,26,500,157,78500
201501112426815,MDBL,22,29,115,156,17940
201501112426949,MEGA,49,16,19,370,7030
201501112426934,MEGA,49,13,32,370,11840
201501112426925,MEGA,49,16,19,370,7030
201501112427087,MLBBL,49,21,38,1030,39140
201501112427157,MMDBL,48,38,115,486,55890
201501112427144,MMDBL,48,57,19,490,9310
201501112427129,MMDBL,59,39,10,485,4850
201501112427126,MMDBL,59,39,10,485,4850
201501112427119,MMDBL,59,39,10,485,4850
201501112427238,MNBBL,16,17,93,490,45570
201501112427090,MNBBL,53,17,176,492,86592
201501112426965,MNBBL,48,47,44,490,21560
201501112426963,MNBBL,47,47,44,491,21604
201501112426959,MNBBL,16,47,88,490,43120
201501112426917,MNBBL,47,47,88,495,43560
201501112426895,MNBBL,47,47,44,495,21780
201501112427230,MTBL,11,1,97,225,21825
201501112427093,MTBL,11,40,98,225,22050
201501112427159,NABIL,37,25,139,1862,258818
201501112427171,NBB,6,6,700,471,329700
201501112427169,NBB,6,52,200,471,94200
201501112426977,NBB,41,3,100,471,47100
201501112426954,NBB,32,53,500,469,234500
201501112426952,NBB,44,53,500,469,234500
201501112426792,NBB,36,6,200,471,94200
201501112426774,NBB,49,49,3000,468,1404000
201501112427191,NBBL,37,32,11,2142,23562
201501112427054,NBBL,37,32,11,2100,23100
201501112426943,NBBL,37,32,11,2070,22770
201501112427031,NBF1,57,49,9377,14,126590
201501112427013,NBF1,1,45,1498,13,20073
201501112426950,NBF1,6,55,2457,13,32924
201501112426880,NBF1,26,49,14434,14,194859
201501112426872,NBF1,1,49,2997,14,40489
201501112426765,NBF1,1,45,1498,14,20238
201501112427242,NBL,1,33,500,340,170000
201501112426968,NBL,29,29,256,342,87552
201501112426751,NBL,21,33,961,340,326740
201501112426957,NCCB,51,6,320,596,190720
201501112426974,NGBL,29,39,20,270,5400
201501112427102,NHPC,54,5,1500,123,184500
201501112426878,NHPC,54,38,2000,123,246000
201501112426876,NHPC,5,10,500,124,62000
201501112427002,NIB,40,54,500,717,358500
201501112426873,NIB,33,56,500,726,363000
201501112427177,NIBPO,11,39,200,470,94000
201501112427008,NIBPO,54,39,1000,470,470000
201501112427071,NICA,41,8,25,665,16625
201501112427066,NICA,19,8,25,666,16650
201501112426930,NICA,54,25,500,668,334000
201501112426784,NICA,36,53,250,670,167500
201501112427116,NIL,11,11,158,740,116920
201501112427235,NLBBL,45,45,100,1330,133000
201501112427099,NLBBL,45,26,14,1330,18620
201501112427096,NLBBL,45,19,80,1325,106000
201501112427236,NLIC,50,6,47,4472,210184
201501112427127,NLIC,5,36,117,4470,522990
201501112427059,NLIC,46,49,12,4470,53640
201501112426897,NLIC,57,45,100,4452,445200
201501112426817,NLIC,44,16,122,4460,544120
201501112427192,NLICL,33,6,153,2401,367353
201501112427188,NLICL,33,35,36,2400,86400
201501112427182,NLICL,45,41,105,2400,252000
201501112427172,NLICL,45,44,200,2398,479600
201501112427152,NLICL,49,49,1000,2381,2381000
201501112427132,NLICL,32,44,500,2390,1195000
201501112426800,NLICL,45,44,397,2394,950418
201501112427123,NLICL,46,19,100,2411,241100
201501112427122,NLICL,46,49,20,2400,48000
201501112426996,NLICL,38,45,130,2390,310700
201501112426967,NLICL,38,49,500,2395,1197500
201501112426874,NLICL,45,51,302,2390,721780
201501112426828,NLICL,38,14,132,2375,313500
201501112426818,NMBSF1,32,32,300,10,3108
201501112426813,NMBSF1,32,32,300,10,3108
201501112426753,NMBSF1,22,42,15660,10,164273
201501112427216,NNFC,21,25,500,282,141000
201501112427209,NNFC,21,25,500,282,141000
201501112427199,NNFC,32,25,1000,283,283000
201501112426851,OHL,14,33,500,685,342500
201501112427140,OHL,56,28,250,689,172250
201501112427165,OHL,56,56,1470,695,1021650
201501112427164,OHL,56,25,40,695,27800
201501112427163,OHL,56,59,150,694,104100
201501112427120,PCBL,47,47,1252,442,553384
201501112426869,PCBL,40,7,28,444,12432
201501112426862,PCBL,40,16,62,444,27528
201501112427133,PDBL,38,19,426,235,100110
201501112426853,PDBL,38,39,500,237,118500
201501112426865,PIC,57,46,189,950,179550
201501112426852,PIC,47,37,39,965,37635
201501112426808,PIC,54,22,39,970,37830
201501112426885,PICL,32,4,100,440,44000
201501112426884,PICL,32,41,100,439,43900
201501112427205,PLIC,33,28,394,1030,405820
201501112427203,PLIC,33,6,40,1031,41240
201501112427202,PLIC,33,6,40,1031,41240
201501112427201,PLIC,33,42,200,1025,205000
201501112427063,PLIC,33,28,500,1031,515500
201501112427058,PLIC,33,43,13,1031,13403
201501112427049,PLIC,44,34,1244,1022,1271368
201501112427003,PLIC,33,26,81,1025,83025
201501112426942,PLIC,25,52,500,1029,514500
201501112426886,PLIC,33,6,100,1025,102500
201501112427240,PRVU,50,46,12,267,3204
201501112427232,PRVU,13,3,11,266,2926
201501112427228,PRVU,50,46,12,267,3204
201501112427210,PRVU,36,48,22,267,5874
201501112427190,PRVU,25,25,5564,266,1480024
201501112426741,PRVU,19,39,11,266,2926
201501112426797,PRVU,3,39,11,265,2915
201501112426788,PRVU,48,39,12,266,3192
201501112426785,PRVU,19,39,12,266,3192
201501112426778,PRVU,19,39,12,266,3192
201501112426754,PRVU,19,39,11,266,2926
201501112426834,PRVU,19,46,12,267,3204
201501112426905,PRVU,41,29,47,265,12455
201501112426903,PRVU,1,29,47,265,12455
201501112426894,PRVU,4,5,11,266,2926
201501112426887,PRVU,19,5,11,266,2926
201501112426863,PRVU,48,25,129,266,34314
201501112426921,PRVU,47,29,11,265,2915
201501112426918,PRVU,45,29,36,265,9540
201501112426916,PRVU,47,29,47,265,12455
201501112426912,PRVU,47,29,47,265,12455
201501112426910,PRVU,47,29,47,265,12455
201501112426907,PRVU,32,29,110,265,29150
201501112426937,PRVU,36,29,11,265,2915
201501112426931,PRVU,4,29,11,266,2926
201501112426928,PRVU,4,29,11,265,2915
201501112426927,PRVU,36,46,12,267,3204
201501112426923,PRVU,1,29,11,265,2915
201501112426922,PRVU,32,29,11,265,2915
201501112426994,PRVU,19,5,11,266,2926
201501112426986,PRVU,17,5,11,266,2926
201501112426985,PRVU,4,48,486,265,128790
201501112426964,PRVU,19,51,23,266,6118
201501112426945,PRVU,19,29,11,265,2915
201501112426944,PRVU,4,29,11,265,2915
201501112427072,PRVU,4,29,55,265,14575
201501112427067,PRVU,1,29,111,265,29415
201501112427060,PRVU,56,5,11,266,2926
201501112427039,PRVU,1,26,218,265,57770
201501112427026,PRVU,32,32,1508,265,399620
201501112427017,PRVU,26,26,11,266,2926
201501112427108,PRVU,42,1,11,264,2904
201501112427106,PRVU,13,26,194,265,51410
201501112427101,PRVU,13,29,11,265,2915
201501112427098,PRVU,13,29,11,265,2915
201501112427075,PRVU,32,29,55,265,14575
201501112427181,PRVU,13,46,12,267,3204
201501112427179,PRVU,13,48,44,267,11748
201501112427174,PRVU,13,48,44,267,11748
201501112427166,PURBL,26,59,70,320,22400
201501112427015,PURBL,26,47,30,320,9600
201501112427194,RBS,45,22,25,6125,153125
201501112427193,RBS,45,40,50,6120,306000
201501112427187,RBS,45,16,23,6100,140300
201501112426791,REDBL,50,6,462,182,84084
201501112426866,REDBLP,57,14,4938,100,493800
201501112426838,REDBLP,45,42,20478,102,2088756
201501112427168,RHPC,26,22,100,491,49100
201501112426982,RHPC,8,8,11,491,5401
201501112426914,RMDC,26,14,30,775,23250
201501112426909,RMDC,51,14,33,770,25410
201501112427185,SANIMA,57,6,346,544,188224
201501112427184,SANIMA,4,11,346,543,187878
201501112427136,SANIMA,21,5,207,546,113022
201501112427118,SANIMA,36,6,139,546,75894
201501112427095,SANIMA,36,41,200,545,109000
201501112427051,SANIMA,4,25,200,544,108800
201501112427048,SANIMA,4,19,100,543,54300
201501112426935,SANIMA,55,42,300,542,162600
201501112426864,SANIMA,53,59,139,540,75060
201501112426771,SANIMA,50,34,1000,542,542000
201501112426761,SANIMA,37,14,468,540,252720
201501112427135,SBI,40,43,448,950,425600
201501112426811,SBI,47,22,221,950,209950
201501112427143,SBL,45,48,146,660,96360
201501112427114,SBL,45,48,119,660,78540
201501112426938,SBL,6,17,190,657,124830
201501112426904,SBL,45,39,62,660,40920
201501112426881,SBL,45,25,122,664,81008
201501112426840,SBL,42,53,217,662,143654
201501112426833,SBL,42,58,203,660,133980
201501112426998,SCB,33,32,140,1950,273000
201501112426936,SCB,29,19,18,1966,35388
201501112426908,SCB,29,41,52,1958,101816
201501112427167,SHL,13,13,500,475,237500
201501112427160,SHL,13,13,500,475,237500
201501112427222,SHPC,41,57,500,763,381500
201501112427130,SHPC,41,58,100,763,76300
201501112427110,SHPC,45,13,18,766,13788
201501112427107,SHPC,45,13,18,766,13788
201501112427085,SHPC,10,49,200,765,153000
201501112427084,SHPC,45,17,18,766,13788
201501112426773,SHPC,21,44,500,763,381500
201501112426760,SHPC,6,17,18,766,13788
201501112426901,SHPC,55,17,18,760,13680
201501112426896,SHPC,55,17,18,760,13680
201501112426893,SHPC,55,17,18,760,13680
201501112426891,SHPC,55,17,18,760,13680
201501112426888,SHPC,55,17,18,760,13680
201501112426825,SHPC,19,44,500,762,381000
201501112427020,SHPC,41,13,36,763,27468
201501112427014,SHPC,41,6,36,762,27432
201501112427007,SHPC,41,26,12,762,9144
201501112426978,SHPC,36,44,500,763,381500
201501112426961,SHPC,55,13,28,760,21280
201501112426926,SHPC,7,6,124,757,93868
201501112427083,SHPC,45,17,18,766,13788
201501112427082,SHPC,45,17,18,766,13788
201501112427078,SHPC,45,17,18,765,13770
201501112427056,SHPC,11,17,18,764,13752
201501112427050,SHPC,35,44,500,763,381500
201501112427041,SHPC,11,49,89,762,67818
201501112427239,SIC,32,6,97,1080,104760
201501112427019,SIC,41,37,25,1080,27000
201501112427012,SIC,41,41,29,1080,31320
201501112426889,SIC,14,22,10,1080,10800
201501112426939,SIL,47,1,75,770,57750
201501112426763,SIL,51,6,60,760,45600
201501112427237,SLBBL,37,41,100,2375,237500
201501112427207,SLBBL,38,38,13,2398,31174
201501112426958,SLBBL,57,28,13,2351,30563
201501112426953,SLBBL,57,6,38,2340,88920
201501112427097,SLICL,36,21,447,645,288315
201501112427094,SLICL,50,21,500,645,322500
201501112427223,SRBL,47,29,774,409,316566
201501112427154,SRBL,6,14,81,410,33210
201501112426816,SRBL,6,11,32,410,13120
201501112426955,TRH,33,32,500,284,142000
201501112427037,UFIL,6,47,330,132,43560
201501112427036,UFIL,7,47,1000,133,133000
201501112427035,UFIL,17,47,100,133,13300
201501112427034,UFIL,39,47,30,134,4020
201501112427033,UFIL,17,47,100,134,13400
201501112427029,UFIL,39,45,10,136,1360
201501112427025,UFIL,39,45,10,136,1360
201501112427018,UFIL,39,45,10,136,1360
201501112427011,UFIL,39,45,10,136,1360
201501112427004,UFIL,39,45,10,136,1360
201501112427001,UFIL,39,45,10,136,1360
201501112427241,VBBL,59,14,1000,137,137000
201501112427155,VBBL,28,51,8290,136,1127440
201501112427151,VBBL,28,48,4500,136,612000
201501112427150,VBBL,28,25,1130,136,153680
201501112427149,VBBL,28,25,40,136,5440
201501112427148,VBBL,28,25,1000,135,135000
201501112426915,VBBL,14,16,20,132,2640
201501112426911,VBBL,14,16,50,132,6600
201501112426859,VBBL,20,25,2000,134,268000
201501112426858,VBBL,20,51,40,134,5360
201501112427147,VBBL,28,39,60,135,8100
201501112427146,VBBL,28,25,50,135,6750
201501112427139,VBBL,28,49,1000,134,134000
201501112427128,VBBL,28,49,2020,134,270680
201501112427125,VBBL,28,25,1000,134,134000
201501112427068,VBBL,14,16,30,132,3960
201501112426992,YETI,57,38,1721,125,215125
201501112426991,YETI,57,47,20,125,2500
201501112426990,YETI,57,47,20,125,2500
201501112426989,YETI,57,8,300,125,37500
201501112426988,YETI,57,39,70,125,8750
201501112426983,YETI,57,5,125,125,15625
201501112426980,YETI,57,51,200,124,24800
201501112426892,YETI,57,16,50,122,6100
201501112426652,ADBL,29,42,100,470,47000
201501112426292,ADBL,29,22,40,468,18720
201501112426284,ADBL,29,22,40,468,18720
201501112426682,AHPC,46,40,400,356,142400
201501112426666,AHPC,14,40,400,357,142800
201501112426665,AHPC,41,40,100,357,35700
201501112426630,AHPC,40,40,68,358,24344
201501112426545,AHPC,21,40,500,357,178500
201501112426534,AHPC,21,40,500,357,178500
201501112426523,AHPC,49,35,1000,357,357000
201501112426456,AHPC,25,41,890,356,316840
201501112426413,AHPC,14,40,500,357,178500
201501112426377,AHPC,43,40,149,358,53342
201501112426611,AIC,17,52,65,408,26520
201501112426604,ALDBL,39,39,10,236,2360
201501112426602,ALDBL,39,39,10,236,2360
201501112426386,ALICL,17,45,81,1185,95985
201501112426349,ALICL,14,19,43,1180,50740
201501112426249,ALICL,41,25,34,1180,40120
201501112426660,APEX,13,44,118,120,14160
201501112426400,ARDBL,6,11,450,143,64350
201501112426669,BHBL,6,47,110,162,17820
201501112426511,BPCL,21,35,100,610,61000
201501112426506,BPCL,5,56,183,610,111630
201501112426538,CBL,49,35,108,270,29160
201501112426632,CCBL,55,26,32,289,9248
201501112426625,CCBL,50,26,32,289,9248
201501112426596,CCBL,26,26,32,289,9248
201501112426592,CCBL,26,26,32,289,9248
201501112426591,CCBL,26,26,32,289,9248
201501112426588,CCBL,26,26,32,289,9248
201501112426326,CCBL,13,5,40,287,11480
201501112426322,CCBL,13,5,16,287,4592
201501112426319,CCBL,13,5,16,287,4592
201501112426317,CCBL,13,5,16,287,4592
201501112426336,CCBL,32,8,17,286,4862
201501112426335,CCBL,58,28,1000,286,286000
201501112426334,CCBL,13,8,17,287,4879
201501112426332,CCBL,13,8,17,287,4879
201501112426330,CCBL,13,46,10,287,2870
201501112426328,CCBL,13,29,653,288,188064
201501112426348,CCBL,13,38,1000,289,289000
201501112426347,CCBL,13,51,200,289,57800
201501112426344,CCBL,13,8,17,285,4845
201501112426342,CCBL,41,8,17,285,4845
201501112426338,CCBL,13,8,17,286,4862
201501112426337,CCBL,13,8,17,287,4879
201501112426525,CCBL,41,41,32,288,9216
201501112426522,CCBL,41,41,32,288,9216
201501112426520,CCBL,41,41,32,288,9216
201501112426439,CCBL,13,41,32,288,9216
201501112426433,CCBL,13,41,32,288,9216
201501112426568,CCBL,13,42,40,287,11480
201501112426547,CCBL,41,49,40,288,11520
201501112426536,CCBL,13,4,203,289,58667
201501112426535,CCBL,13,26,40,289,11560
201501112426530,CCBL,41,48,15,289,4335
201501112426585,CCBL,26,11,32,289,9248
201501112426584,CCBL,26,11,32,289,9248
201501112426579,CCBL,26,11,32,289,9248
201501112426578,CCBL,26,49,40,289,11560
201501112426577,CCBL,26,49,40,289,11560
201501112426576,CCBL,26,49,40,289,11560
201501112426593,CDBL,17,25,77,325,25025
201501112426570,CDBL,17,17,31,322,9982
201501112426356,CDBL,19,6,500,322,161000
201501112426354,CDBL,19,11,40,320,12800
201501112426734,CHCL,43,59,85,1696,144160
201501112426729,CHCL,38,38,520,1690,878800
201501112426651,CHCL,53,29,67,1698,113766
201501112426642,CHCL,35,37,344,1696,583424
201501112426556,CHCL,59,7,100,1700,170000
201501112426457,CHCL,6,6,1000,1699,1699000
201501112426411,CHCL,35,34,147,1700,249900
201501112426324,CNDBL,39,17,20,170,3400
201501112426314,CNDBL,39,17,20,170,3400
201501112426309,CNDBL,39,17,20,170,3400
201501112426299,CNDBL,39,17,20,170,3400
201501112426287,CNDBL,39,17,20,170,3400
201501112426269,CNDBL,39,17,20,170,3400
201501112426264,CNDBL,39,17,20,170,3400
201501112426243,CNDBL,39,17,20,170,3400
201501112426239,CNDBL,39,17,20,170,3400
201501112426663,CSDBL,29,34,73,190,13870
201501112426648,CSDBL,29,34,73,190,13870
201501112426320,CSDBL,21,21,71,193,13703
201501112426310,CSDBL,21,21,71,193,13703
201501112426305,CSDBL,21,21,71,193,13703
201501112426304,CSDBL,21,11,10,193,1930
201501112426560,CZBIL,6,48,86,430,36980
201501112426559,CZBIL,6,5,84,430,36120
201501112426552,CZBIL,6,1,399,430,171570
201501112426512,CZBIL,47,26,20,428,8560
201501112426368,CZBIL,6,55,143,430,61490
201501112426355,CZBIL,57,5,80,430,34400
201501112426351,CZBIL,47,49,11,428,4708
201501112426343,CZBIL,57,50,42,430,18060
201501112426240,CZBIL,6,41,20,427,8540
201501112426280,DDBL,38,36,200,1198,239600
201501112426721,EBL,42,43,30,1975,59250
201501112426680,EBL,33,28,200,1980,396000
201501112426622,EBL,8,8,586,1980,1160280
201501112426565,EBL,8,8,500,1980,990000
201501112426502,EBL,8,36,48,1980,95040
201501112426484,EBL,16,37,20,1980,39600
201501112426397,EBL,33,33,387,1976,764712
201501112426378,EBL,33,33,330,1976,652080
201501112426290,EBL,8,22,100,1990,199000
201501112426289,EBL,8,19,50,1985,99250
201501112426393,EBLCP,16,51,93,980,91140
201501112426307,EBLCP,54,56,996,975,971100
201501112426719,EKBL,16,5,33,220,7260
201501112426714,EKBL,38,5,33,220,7260
201501112426708,EKBL,49,5,33,220,7260
201501112426703,EKBL,49,5,33,220,7260
201501112426693,EKBL,16,5,33,221,7293
201501112426688,EKBL,16,5,33,221,7293
201501112426446,EKBL,32,52,33,221,7293
201501112426382,EKBL,16,52,33,220,7260
201501112426626,FMDBL,42,46,50,990,49500
201501112426318,GBBL,42,17,50,330,16500
201501112426281,GBBL,35,35,5000,327,1635000
201501112426699,GBIME,3,11,105,504,52920
201501112426636,GBIME,6,35,26,505,13130
201501112426616,GBIME,13,13,80,503,40240
201501112426483,GBIME,42,42,57,502,28614
201501112426407,GBIME,52,8,64,504,32256
201501112426396,GBIME,52,49,14,503,7042
201501112426385,GBIME,52,49,14,503,7042
201501112426381,GBIME,52,49,37,503,18611
201501112426358,GBIME,6,37,532,502,267064
201501112426311,GBIME,6,39,310,500,155000
201501112426246,GBIME,34,42,75,501,37575
201501112426701,GDBL,6,47,194,241,46754
201501112426366,HBL,7,7,84,800,67200
201501112426361,HBL,7,7,393,809,317937
201501112426661,HDL,14,22,100,584,58400
201501112426697,HGI,47,58,500,445,222500
201501112426631,INDB,41,47,500,295,147500
201501112426563,INDB,41,47,500,295,147500
201501112426302,INDB,47,48,274,295,80830
201501112426285,INDB,39,47,41,295,12095
201501112426658,JBBL,41,44,10,150,1500
201501112426657,JBBL,41,44,10,150,1500
201501112426656,JBBL,41,44,10,150,1500
201501112426655,JBBL,41,53,90,150,13500
201501112426654,JBBL,41,53,90,150,13500
201501112426653,JBBL,41,53,90,150,13500
201501112426594,JBBL,16,49,30,147,4410
201501112426589,JBBL,16,49,30,147,4410
201501112426587,JBBL,16,49,30,147,4410
201501112426619,JBBL,21,29,480,149,71520
201501112426618,JBBL,21,39,20,149,2980
201501112426617,JBBL,21,41,30,149,4470
201501112426606,JBBL,29,59,570,148,84360
201501112426597,JBBL,16,49,30,147,4410
201501112426595,JBBL,16,49,30,147,4410
201501112426712,JFL,11,16,300,373,111900
201501112426532,JFL,43,17,200,372,74400
201501112426526,JFL,7,25,100,370,37000
201501112426513,JFL,7,40,80,370,29600
201501112426445,KBBL,5,22,224,355,79520
201501112426387,KBL,21,11,193,378,72954
201501112426360,KBL,32,53,500,375,187500
201501112426562,KCDBL,43,21,17,195,3315
201501112426478,KCDBL,36,21,17,198,3366
201501112426472,KCDBL,36,21,17,198,3366
201501112426420,KCDBL,43,21,17,195,3315
201501112426395,KCDBL,36,43,1046,197,206062
201501112426390,KCDBL,36,43,17,197,3349
201501112426389,KCDBL,36,40,17,196,3332
201501112426388,KCDBL,36,40,17,196,3332
201501112426371,KCDBL,26,39,40,194,7760
201501112426624,KDBL,17,17,11,122,1342
201501112426274,KDBL,36,44,41,122,5002
201501112426273,KDBL,36,44,41,122,5002
201501112426241,KDBL,36,41,55,120,6600
201501112426528,KEBL,26,26,44,415,18260
201501112426527,KEBL,26,16,60,410,24600
201501112426706,KMCDB,21,21,10,943,9430
201501112426695,KMCDB,21,51,10,925,9250
201501112426689,KMCDB,21,59,100,915,91500
201501112426687,KMCDB,21,52,10,913,9130
201501112426370,KMCDB,38,4,10,880,8800
201501112426353,KMCDB,38,26,90,877,78930
201501112426251,KMCDB,45,6,10,894,8940
201501112426510,KMCDB,38,26,50,896,44800
201501112426479,KMCDB,38,6,10,897,8970
201501112426406,KMCDB,28,4,10,880,8800
201501112426405,KMCDB,28,4,10,880,8800
201501112426404,KMCDB,28,4,10,880,8800
201501112426403,KMCDB,28,4,10,880,8800
201501112426440,KNBL,16,13,100,191,19100
201501112426683,KRBL,17,17,10,158,1580
201501112426679,KRBL,17,17,10,158,1580
201501112426664,KRBL,17,17,10,158,1580
201501112426517,KRBL,57,50,10,157,1570
201501112426416,KRBL,57,39,10,157,1570
201501112426678,LBL,47,13,337,495,166815
201501112426441,LBL,58,14,200,499,99800
201501112426443,LBL,6,14,400,497,198800
201501112426442,LBL,38,14,400,498,199200
201501112426715,LLBS,20,7,41,781,32021
201501112426537,LLBS,38,38,10,776,7760
201501112426494,LLBS,20,38,41,790,32390
201501112426480,LLBS,16,38,82,803,65846
201501112426451,LLBS,20,3,10,817,8170
201501112426450,LLBS,20,3,10,817,8170
201501112426329,LLBS,20,4,10,846,8460
201501112426325,LLBS,20,4,10,846,8460
201501112426323,LLBS,20,4,10,846,8460
201501112426316,LLBS,20,4,10,846,8460
201501112426296,LLBS,16,43,123,850,104550
201501112426242,LLBS,25,43,41,855,35055
201501112426449,LLBS,20,3,10,817,8170
201501112426447,LLBS,20,3,10,817,8170
201501112426402,LLBS,20,4,172,832,143104
201501112426398,LLBS,20,38,20,832,16640
201501112426367,LLBS,28,38,100,845,84500
201501112426331,LLBS,20,4,10,846,8460
201501112426722,MBL,25,25,258,549,141642
201501112426713,MBL,42,1,100,550,55000
201501112426623,MBL,39,1,100,550,55000
201501112426590,MBL,42,20,1000,548,548000
201501112426548,MBL,6,6,260,550,143000
201501112426418,MBL,50,20,1000,548,548000
201501112426408,MBL,14,25,510,550,280500
201501112426333,MDBL,13,43,10,156,1560
201501112426488,MLBBL,29,39,46,1010,46460
201501112426376,MNBBL,47,17,88,500,44000
201501112426646,MPFL,59,48,10,114,1140
201501112426677,MTBL,11,57,97,225,21825
201501112426676,MTBL,11,57,60,225,13500
201501112426608,MTBL,11,57,97,225,21825
201501112426600,MTBL,11,57,60,225,13500
201501112426482,MTBL,11,39,10,221,2210
201501112426473,MTBL,11,13,261,220,57420
201501112426620,NABIL,29,29,26,1879,48854
201501112426723,NBB,39,3,100,471,47100
201501112426638,NBB,17,1,243,470,114210
201501112426417,NBB,17,55,70,470,32900
201501112426365,NBB,22,22,30,474,14220
201501112426295,NBB,26,49,500,472,236000
201501112426516,NBBL,37,32,21,2110,44310
201501112426691,NBL,37,54,500,341,170500
201501112426640,NBL,6,6,256,343,87808
201501112426263,NBL,56,49,1000,343,343000
201501112426262,NBL,56,49,1000,343,343000
201501112426261,NBL,6,49,350,343,120050
201501112426260,NBL,37,49,450,343,154350
201501112426259,NBL,21,49,100,344,34400
201501112426257,NBL,21,55,400,344,137600
201501112426458,NCCB,51,42,105,608,63840
201501112426454,NGBL,57,26,1000,275,275000
201501112426453,NGBL,32,26,500,276,138000
201501112426392,NGBL,39,39,2000,276,552000
201501112426650,NHPC,13,46,1300,123,159900
201501112426521,NHPC,5,38,1000,124,124000
201501112426569,NIB,25,49,43,730,31390
201501112426327,NIB,40,49,74,730,54020
201501112426321,NIB,44,49,176,730,128480
201501112426725,NIBPO,22,39,1000,472,472000
201501112426471,NICA,54,25,500,663,331500
201501112426270,NICA,36,42,33,668,22044
201501112426564,NICL,53,55,500,410,205000
201501112426399,NLBBL,14,38,20,1336,26720
201501112426410,NLG,26,26,22,695,15290
201501112426659,NLIC,7,54,100,4462,446200
201501112426645,NLIC,48,16,175,4450,778750
201501112426603,NLIC,25,6,25,4488,112200
201501112426598,NLIC,25,6,100,4480,448000
201501112426464,NLIC,19,14,112,4475,501200
201501112426430,NLIC,46,6,41,4478,183598
201501112426419,NLIC,46,6,20,4470,89400
201501112426298,NLIC,13,48,100,4455,445500
201501112426272,NLIC,40,6,20,4480,89600
201501112426244,NLIC,33,54,100,4480,448000
201501112426672,NLICL,49,49,1000,2380,2380000
201501112426644,NLICL,44,44,275,2390,657250
201501112426501,NLICL,22,26,200,2380,476000
201501112426497,NLICL,37,26,200,2385,477000
201501112426455,NLICL,25,33,100,2400,240000
201501112426448,NLICL,26,51,166,2390,396740
201501112426429,NLICL,44,44,715,2390,1708850
201501112426345,NLICL,38,33,100,2410,241000
201501112426312,NLICL,38,8,63,2400,151200
201501112426470,NNFC,21,22,200,282,56400
201501112426641,NNLB,32,5,10,901,9010
201501112426612,NNLB,32,6,10,901,9010
201501112426605,NNLB,22,13,36,900,32400
201501112426599,NNLB,32,6,10,901,9010
201501112426586,NNLB,32,6,10,901,9010
201501112426415,NNLB,32,6,10,942,9420
201501112426412,NNLB,32,6,10,961,9610
201501112426379,NNLB,32,16,10,980,9800
201501112426571,NNLB,22,13,81,900,72900
201501112426567,NNLB,32,6,10,901,9010
201501112426475,NNLB,22,6,10,906,9060
201501112426452,NNLB,32,6,10,924,9240
201501112426531,NTC,16,25,140,605,84700
201501112426394,OHL,14,49,250,704,176000
201501112426428,OHL,25,59,200,698,139600
201501112426414,OHL,14,25,1000,697,697000
201501112426444,OHL,21,50,500,695,347500
201501112426613,PCBL,38,19,156,441,68796
201501112426572,PCBL,38,38,105,440,46200
201501112426364,PCBL,29,17,224,440,98560
201501112426300,PCBL,47,42,106,440,46640
201501112426271,PCBL,6,59,501,442,221442
201501112426380,PIC,22,22,39,982,38298
201501112426499,PICL,28,46,450,436,196200
201501112426709,PLIC,46,43,67,1033,69211
201501112426700,PLIC,21,16,300,1023,306900
201501112426558,PLIC,41,35,54,1035,55890
201501112426462,PLIC,33,28,287,1037,297619
201501112426268,PLIC,38,16,371,1037,384727
201501112426267,PLIC,38,16,53,1037,54961
201501112426258,PLIC,38,48,21,1035,21735
201501112426247,PLIC,38,48,27,1035,27945
201501112426704,PRDBL,17,50,20,139,2780
201501112426698,PRDBL,17,50,10,139,1390
201501112426539,PRDBL,39,50,40,138,5520
201501112426507,PRDBL,17,50,10,139,1390
201501112426500,PRDBL,17,17,10,140,1400
201501112426728,PRVU,54,39,11,265,2915
201501112426711,PRVU,4,39,11,265,2915
201501112426705,PRVU,19,39,11,266,2926
201501112426692,PRVU,48,39,11,265,2915
201501112426686,PRVU,19,39,11,266,2926
201501112426339,PRVU,41,46,12,269,3228
201501112426313,PRVU,16,46,12,269,3228
201501112426306,PRVU,16,26,11,269,2959
201501112426245,PRVU,16,26,11,269,2959
201501112426375,PRVU,14,46,12,268,3216
201501112426363,PRVU,13,46,12,268,3216
201501112426359,PRVU,41,46,12,269,3228
201501112426352,PRVU,16,16,10,270,2700
201501112426350,PRVU,17,46,12,268,3216
201501112426431,PRVU,32,41,778,266,206948
201501112426427,PRVU,4,7,1265,266,336490
201501112426421,PRVU,17,46,12,267,3204
201501112426401,PRVU,41,46,12,268,3216
201501112426476,PRVU,13,34,1946,266,517636
201501112426474,PRVU,5,29,47,268,12596
201501112426460,PRVU,21,46,12,268,3216
201501112426459,PRVU,4,41,322,267,85974
201501112426434,PRVU,32,41,1000,266,266000
201501112426555,PRVU,51,46,12,267,3204
201501112426524,PRVU,51,6,221,267,59007
201501112426509,PRVU,47,46,12,267,3204
201501112426498,PRVU,54,46,12,267,3204
201501112426495,PRVU,21,29,47,268,12596
201501112426487,PRVU,5,29,47,268,12596
201501112426629,PRVU,57,46,12,267,3204
201501112426627,PRVU,41,39,11,266,2926
201501112426581,PRVU,17,46,12,266,3192
201501112426573,PRVU,19,46,12,266,3192
201501112426561,PRVU,34,46,12,266,3192
201501112426557,PRVU,41,29,47,268,12596
201501112426647,PRVU,19,39,11,266,2926
201501112426639,PRVU,39,39,11,265,2915
201501112426637,PRVU,1,39,11,265,2915
201501112426635,PRVU,17,39,11,266,2926
201501112426634,PRVU,13,46,12,267,3204
201501112426633,PRVU,19,39,11,266,2926
201501112426681,PRVU,45,39,11,265,2915
201501112426675,PRVU,41,39,11,266,2926
201501112426671,PRVU,32,39,11,265,2915
201501112426670,PRVU,19,39,11,266,2926
201501112426668,PRVU,19,39,11,266,2926
201501112426662,PRVU,43,29,11,268,2948
201501112426288,PURBL,39,47,30,318,9540
201501112426362,PURBL,19,47,30,318,9540
201501112426542,PURBL,26,48,44,324,14256
201501112426303,REDBL,17,47,222,184,40848
201501112426301,REDBL,17,1,17,184,3128
201501112426294,REDBL,50,47,222,183,40626
201501112426293,REDBL,17,39,17,183,3111
201501112426286,REDBL,17,39,26,183,4758
201501112426283,REDBL,17,39,26,183,4758
201501112426282,REDBL,17,32,38,183,6954
201501112426740,RHPC,45,59,11,490,5390
201501112426739,RHPC,45,59,11,490,5390
201501112426738,RHPC,45,59,11,490,5390
201501112426737,RHPC,45,59,11,490,5390
201501112426736,RHPC,45,59,11,490,5390
201501112426735,RHPC,45,59,11,490,5390
201501112426733,RHPC,45,59,11,490,5390
201501112426732,RHPC,45,59,11,490,5390
201501112426554,RHPC,32,39,120,487,58440
201501112426720,RMDC,26,39,30,775,23250
201501112426667,SANIMA,25,25,100,541,54100
201501112426566,SANIMA,5,53,520,540,280800
201501112426540,SANIMA,14,14,769,539,414491
201501112426409,SANIMA,50,50,10,539,5390
201501112426432,SBI,41,22,49,947,46403
201501112426731,SBL,55,25,100,664,66400
201501112426702,SBL,45,48,73,660,48180
201501112426685,SBL,53,58,203,660,133980
201501112426610,SBL,53,50,546,663,361998
201501112426543,SBL,45,56,306,660,201960
201501112426541,SBL,45,14,19,659,12521
201501112426275,SCB,41,41,200,1945,389000
201501112426256,SDBL,36,25,30,154,4620
201501112426255,SDBL,36,25,78,154,12012
201501112426254,SDBL,36,25,100,154,15400
201501112426253,SDBL,36,25,500,154,77000
201501112426252,SDBL,36,25,540,154,83160
201501112426435,SEWA,16,48,42,280,11760
201501112426505,SHBL,41,26,10,500,5000
201501112426504,SHBL,41,26,10,500,5000
201501112426463,SHBL,21,21,52,505,26260
201501112426726,SHPC,45,58,100,770,77000
201501112426684,SHPC,6,26,50,766,38300
201501112426674,SHPC,45,13,60,768,46080
201501112426673,SHPC,45,44,500,769,384500
201501112426643,SHPC,45,21,54,770,41580
201501112426621,SHPC,59,13,46,769,35374
201501112426276,SHPC,45,17,18,760,13680
201501112426250,SHPC,57,13,60,759,45540
201501112426340,SHPC,7,21,200,760,152000
201501112426297,SHPC,42,45,500,759,379500
201501112426291,SHPC,57,57,438,759,332442
201501112426279,SHPC,45,52,18,760,13680
201501112426278,SHPC,45,52,18,760,13680
201501112426277,SHPC,45,52,18,760,13680
201501112426384,SHPC,43,42,18,758,13644
201501112426383,SHPC,7,44,500,761,380500
201501112426374,SHPC,7,21,18,761,13698
201501112426373,SHPC,45,44,500,761,380500
201501112426369,SHPC,45,1,270,760,205200
201501112426341,SHPC,7,59,18,760,13680
201501112426518,SHPC,7,1,30,763,22890
201501112426489,SHPC,43,16,18,762,13716
201501112426485,SHPC,21,44,500,761,380500
201501112426465,SHPC,41,44,500,761,380500
201501112426436,SHPC,45,44,200,760,152000
201501112426391,SHPC,46,42,18,757,13626
201501112426551,SHPC,7,40,15,765,11475
201501112426550,SHPC,45,44,500,764,382000
201501112426546,SHPC,7,17,18,765,13770
201501112426544,SHPC,7,17,18,765,13770
201501112426533,SHPC,7,42,18,761,13698
201501112426519,SHPC,7,44,500,764,382000
201501112426609,SHPC,7,44,500,767,383500
201501112426607,SHPC,45,49,500,765,382500
201501112426601,SHPC,7,13,169,768,129792
201501112426580,SHPC,7,57,885,767,678795
201501112426574,SHPC,7,40,15,766,11490
201501112426553,SHPC,7,21,297,765,227205
201501112426724,SIC,14,39,40,1080,43200
201501112426716,SIC,14,51,41,1080,44280
201501112426710,SIC,14,55,33,1080,35640
201501112426707,SIC,14,53,168,1080,181440
201501112426266,SIC,32,58,61,1080,65880
201501112426503,SKBBL,21,49,19,1395,26505
201501112426468,SKBBL,21,41,12,1388,16656
201501112426467,SKBBL,21,41,12,1388,16656
201501112426466,SKBBL,21,39,50,1385,69250
201501112426437,SKBBL,21,10,161,1382,222502
201501112426315,SKBBL,29,10,161,1375,221375
201501112426718,SLBBL,8,46,100,2350,235000
201501112426549,SLBBL,55,6,10,2385,23850
201501112426461,SLBBL,53,49,35,2340,81900
201501112426575,SLICL,16,19,84,641,53844
201501112426248,SLICL,50,17,42,640,26880
201501112426615,SRBL,33,1,35,412,14420
201501112426614,SRBL,33,38,1000,412,412000
201501112426583,SRBL,6,13,341,411,140151
201501112426582,SRBL,6,1,50,411,20550
201501112426514,SRBL,50,13,364,409,148876
201501112426481,SRBL,6,13,437,410,179170
201501112426372,SRBL,14,14,500,412,206000
201501112426308,SRBL,6,7,202,409,82618
201501112426265,SRBL,52,42,27,410,11070
201501112426515,SUPRME,17,17,10,146,1460
201501112426508,SUPRME,17,17,10,146,1460
201501112426529,TRH,33,48,500,279,139500
201501112426727,UFIL,44,29,640,134,85760
201501112426694,UFIL,39,50,40,136,5440
201501112426649,UFIL,44,36,1360,134,182240
201501112426426,UIC,14,14,150,856,128400
201501112426425,UIC,11,14,100,860,86000
201501112426424,UIC,4,14,150,861,129150
201501112426423,UIC,17,14,100,865,86500
201501112426357,UIC,46,45,500,856,428000
201501112426717,VBBL,59,25,1710,133,227430
201501112426696,VBBL,43,25,1070,132,141240
201501112426628,VBBL,28,49,20,130,2600
201501112426496,VBBL,28,51,490,132,64680
201501112426730,YETI,26,26,30,123,3690
201501112426690,YETI,26,26,40,123,4920
201501112426493,YETI,35,6,70,124,8680
201501112426492,YETI,35,6,70,124,8680
201501112426491,YETI,35,6,70,124,8680
201501112426490,YETI,35,6,35,124,4340
201501112426486,YETI,35,6,35,124,4340
201501112426477,YETI,35,6,35,124,4340
201501112426469,YETI,35,32,11,124,1364
201501112426438,YETI,35,32,11,124,1364
201501112426223,ADBL,29,41,52,468,24336
201501112425804,ADBL,25,39,30,465,13950
201501112425803,ADBL,25,39,30,465,13950
201501112425791,ADBL,29,42,55,470,25850
201501112426042,ADBL,52,55,31,465,14415
201501112426030,ADBL,29,55,31,466,14446
201501112425957,ADBL,56,49,41,470,19270
201501112425872,ADBL,29,45,140,470,65800
201501112426142,AHPC,26,40,98,360,35280
201501112426118,AHPC,41,40,100,361,36100
201501112426112,AHPC,22,21,500,358,179000
201501112426080,AHPC,34,40,48,364,17472
201501112426063,AHPC,34,40,50,364,18200
201501112425807,AHPC,26,1,11,365,4015
201501112426201,ALICL,14,43,31,1180,36580
201501112426200,ALICL,14,35,31,1180,36580
201501112426199,ALICL,14,14,88,1180,103840
201501112426198,ALICL,14,1,56,1180,66080
201501112426195,ALICL,14,1,56,1180,66080
201501112426191,ALICL,39,25,10,1180,11800
201501112425840,ALICL,32,14,340,1175,399500
201501112426132,ALICL,28,14,346,1177,407242
201501112426124,ALICL,19,55,20,1172,23440
201501112426123,ALICL,28,41,77,1176,90552
201501112426117,ALICL,34,7,31,1178,36518
201501112426103,ALICL,28,14,500,1175,587500
201501112426101,ALICL,28,41,75,1175,88125
201501112426182,APEX,13,52,46,122,5612
201501112426181,APEX,13,58,20,122,2440
201501112426180,APEX,13,58,20,122,2440
201501112426179,APEX,13,58,20,122,2440
201501112426178,APEX,13,58,20,122,2440
201501112426060,ARDBL,6,26,21,145,3045
201501112426022,CBL,56,22,30,271,8130
201501112425799,CBL,56,22,100,271,27100
201501112425743,CBL,11,5,82,270,22140
201501112426211,CCBL,13,5,16,287,4592
201501112426202,CCBL,58,5,16,287,4592
201501112426197,CCBL,51,5,16,288,4608
201501112426161,CCBL,13,22,40,288,11520
201501112426160,CCBL,13,22,40,288,11520
201501112426156,CCBL,13,22,91,288,26208
201501112425744,CCBL,58,58,92,286,26312
201501112425888,CCBL,56,50,40,288,11520
201501112425885,CCBL,56,50,40,288,11520
201501112425882,CCBL,56,50,40,288,11520
201501112425881,CCBL,56,50,40,288,11520
201501112425825,CCBL,56,13,40,288,11520
201501112425923,CCBL,32,42,40,286,11440
201501112425922,CCBL,11,42,40,286,11440
201501112425919,CCBL,11,42,18,286,5148
201501112425918,CCBL,11,39,40,286,11440
201501112425915,CCBL,11,45,12,286,3432
201501112425892,CCBL,33,22,91,287,26117
201501112425963,CCBL,33,25,292,288,84096
201501112425952,CCBL,33,25,40,288,11520
201501112425951,CCBL,33,25,40,288,11520
201501112425950,CCBL,33,50,40,288,11520
201501112425932,CCBL,32,39,32,286,9152
201501112425925,CCBL,32,42,40,286,11440
201501112426052,CCBL,13,50,40,287,11480
201501112426049,CCBL,13,50,40,287,11480
201501112426048,CCBL,13,50,40,287,11480
201501112425990,CCBL,13,25,292,288,84096
201501112425981,CCBL,33,1,24,288,6912
201501112425978,CCBL,16,16,1480,287,424760
201501112426067,CDBL,26,6,500,318,159000
201501112426071,CHCL,21,28,100,1701,170100
201501112426069,CHCL,35,28,226,1700,384200
201501112426068,CHCL,35,43,350,1699,594650
201501112426057,CHCL,34,48,181,1695,306795
201501112425916,CHCL,6,48,23,1695,38985
201501112425830,CHCL,16,48,23,1700,39100
201501112426234,CNDBL,39,17,20,170,3400
201501112426231,CNDBL,39,17,20,170,3400
201501112426218,CNDBL,39,17,20,170,3400
201501112426190,CNDBL,39,17,20,173,3460
201501112426188,CNDBL,39,17,20,173,3460
201501112426185,CNDBL,39,17,20,173,3460
201501112426075,CNDBL,39,7,30,173,5190
201501112426183,CNDBL,39,17,20,173,3460
201501112426176,CNDBL,39,17,20,173,3460
201501112426109,CNDBL,39,17,40,173,6920
201501112426105,CNDBL,39,7,30,173,5190
201501112426095,CNDBL,39,7,30,173,5190
201501112426078,CNDBL,39,7,30,173,5190
201501112426173,CSDBL,21,21,71,193,13703
201501112426171,CSDBL,21,21,71,193,13703
201501112426170,CSDBL,21,21,71,193,13703
201501112426167,CSDBL,21,21,71,193,13703
201501112426111,CSDBL,21,21,71,193,13703
201501112426044,CSDBL,21,21,71,193,13703
201501112425908,CSDBL,21,21,71,193,13703
201501112425898,CSDBL,21,21,71,193,13703
201501112426025,CSDBL,21,21,71,193,13703
201501112426020,CSDBL,21,21,71,193,13703
201501112426018,CSDBL,21,21,71,193,13703
201501112426016,CSDBL,21,21,71,193,13703
201501112426003,CSDBL,21,21,71,193,13703
201501112425912,CSDBL,21,21,71,193,13703
201501112426120,CZBIL,57,22,151,430,64930
201501112425880,CZBIL,6,45,24,427,10248
201501112426146,EBL,49,48,100,1980,198000
201501112426164,EBLCP,26,10,996,975,971100
201501112426031,EBLCP,21,21,12,960,11520
201501112426024,EBLCP,21,21,12,960,11520
201501112426216,EKBL,16,11,33,219,7227
201501112426036,EKBL,16,52,33,223,7359
201501112426033,EKBL,1,52,33,223,7359
201501112426026,EKBL,49,52,33,225,7425
201501112425969,GBIME,13,44,26,502,13052
201501112425959,GBIME,13,44,26,501,13026
201501112425824,GBIME,16,41,19,500,9500
201501112425823,GBIME,16,42,100,500,50000
201501112425819,GBIME,16,25,28,500,14000
201501112425982,GDBL,26,26,500,238,119000
201501112425894,GLICL,21,58,482,550,265100
201501112425850,GLICL,36,8,200,555,111000
201501112425849,GLICL,48,8,550,556,305800
201501112425848,GLICL,28,8,500,556,278000
201501112425847,GLICL,52,8,140,557,77980
201501112425827,GLICL,52,25,360,557,200520
201501112426207,GRAND,45,56,500,163,81500
201501112426147,GRAND,56,56,10000,160,1600000
201501112426104,GRAND,56,56,6000,160,960000
201501112425953,GRAND,56,56,2000,160,320000
201501112425945,GRAND,6,56,2000,161,322000
201501112425942,GRAND,56,56,3000,160,480000
201501112425939,GRAND,56,56,5000,160,800000
201501112425889,GRAND,4,20,2000,161,322000
201501112426192,HAMA,25,49,40,118,4720
201501112425778,HBDL,16,16,500,95,47500
201501112425776,HBDL,7,16,500,96,48000
201501112426189,HDL,14,7,10,573,5730
201501112425920,HDL,28,28,110,562,61820
201501112426128,HGI,38,11,83,452,37516
201501112426224,INDB,41,47,83,295,24485
201501112426093,INDB,41,47,124,295,36580
201501112426058,INDB,41,47,10,294,2940
201501112426032,INDB,41,47,10,289,2890
201501112425844,INDB,41,47,10,284,2840
201501112425828,INDB,16,47,10,279,2790
201501112426108,INDBL,57,48,1000,173,173000
201501112426073,INDBL,26,40,2650,170,450500
201501112425796,INDBL,26,41,88,173,15224
201501112426177,JBBL,6,3,20,145,2900
201501112426163,JBBL,52,8,190,147,27930
201501112426126,JBNL,22,33,1000,248,248000
201501112425903,JBNL,17,17,249,250,62250
201501112425897,JBNL,17,17,249,252,62748
201501112425771,JBNL,56,57,157,252,39564
201501112425768,JBNL,56,22,23,252,5796
201501112426037,KBBL,39,43,50,360,18000
201501112426041,KBL,36,48,200,376,75200
201501112426040,KBL,16,16,2596,373,968308
201501112426097,KCDBL,26,42,30,194,5820
201501112426010,KDBL,28,45,30,118,3540
201501112426004,KDBL,28,45,30,118,3540
201501112425753,KDBL,28,16,11,118,1298
201501112425746,KDBL,28,16,11,118,1298
201501112425740,KDBL,28,16,11,118,1298
201501112426222,KMCDB,45,26,10,912,9120
201501112426005,KMCDB,45,6,10,930,9300
201501112426236,LBL,38,58,1000,495,495000
201501112426230,LLBS,43,44,10,858,8580
201501112426221,LLBS,43,44,10,858,8580
201501112426169,LLBS,25,25,20,864,17280
201501112426166,LLBS,25,25,20,864,17280
201501112426165,LLBS,25,47,10,860,8600
201501112426046,LLBS,20,43,86,860,73960
201501112425794,LLBS,53,47,10,872,8720
201501112425783,LLBS,14,14,10,875,8750
201501112425765,LLBS,20,43,190,885,168150
201501112425754,LLBS,54,38,10,895,8950
201501112425947,LLBS,16,17,200,861,172200
201501112425864,LLBS,53,43,70,872,61040
201501112425851,LLBS,20,40,97,870,84390
201501112425836,LLBS,53,6,10,872,8720
201501112425829,LLBS,53,6,10,872,8720
201501112425826,LLBS,16,16,105,875,91875
201501112426017,LLBS,20,43,200,860,172000
201501112426014,LLBS,16,43,90,861,77490
201501112426009,LLBS,16,29,10,861,8610
201501112425980,LLBS,45,3,82,865,70930
201501112425960,LLBS,45,43,130,875,113750
201501112425958,LLBS,45,33,123,874,107502
201501112426059,LUBL,11,8,177,340,60180
201501112426021,LUBL,36,13,500,339,169500
201501112426159,MBBL,25,41,41,166,6806
201501112426145,MBBL,45,13,1000,166,166000
201501112426130,MBBL,45,39,500,166,83000
201501112426127,MBBL,45,41,35,163,5705
201501112426125,MBBL,45,45,35,165,5775
201501112426102,MBBL,25,13,500,164,82000
201501112425931,MBBL,50,48,370,164,60680
201501112426175,MBL,14,50,100,550,55000
201501112426158,MBL,50,25,430,547,235210
201501112426139,MMDBL,45,6,23,494,11362
201501112426138,MMDBL,45,17,10,490,4900
201501112426225,MNBBL,6,6,100,499,49900
201501112426214,MNBBL,6,6,250,499,124750
201501112426035,NABIL,6,46,186,1875,348750
201501112426019,NABIL,42,25,100,1881,188100
201501112426143,NBB,6,25,300,473,141900
201501112426061,NBB,6,17,200,477,95400
201501112425842,NBB,6,14,100,471,47100
201501112425789,NBB,36,3,500,472,236000
201501112425788,NBB,36,41,750,472,354000
201501112425787,NBB,36,22,165,470,77550
201501112425749,NBB,47,49,500,470,235000
201501112425967,NBB,45,25,49,474,23226
201501112425956,NBB,45,3,500,473,236500
201501112425943,NBB,45,22,165,473,78045
201501112425911,NBB,36,3,500,472,236000
201501112425905,NBB,14,41,750,472,354000
201501112425904,NBB,14,21,340,472,160480
201501112426006,NBB,36,3,500,476,238000
201501112425998,NBB,36,38,210,475,99750
201501112425994,NBB,36,17,14,475,6650
201501112425992,NBB,45,3,500,474,237000
201501112425985,NBB,6,26,755,470,354850
201501112425976,NBB,45,22,165,474,78210
201501112426238,NBL,37,49,50,343,17150
201501112426237,NBL,45,49,300,343,102900
201501112426155,NBL,56,33,500,344,172000
201501112425984,NBL,21,33,500,344,172000
201501112425924,NBL,40,6,500,344,172000
201501112425813,NBL,45,54,656,344,225664
201501112425785,NBL,6,6,2500,344,860000
201501112426001,NCM,5,16,471,198,93258
201501112426116,NHPC,54,10,3000,124,372000
201501112426096,NHPC,54,29,200,126,25200
201501112426092,NHPC,54,38,2000,126,252000
201501112426091,NHPC,54,49,200,126,25200
201501112426090,NHPC,54,41,1000,126,126000
201501112426089,NHPC,54,43,1000,126,126000
201501112426082,NHPC,54,56,1000,125,125000
201501112426081,NHPC,54,56,1000,125,125000
201501112426079,NHPC,29,43,500,125,62500
201501112425970,NHPC,59,25,500,125,62500
201501112425949,NHPC,33,38,1000,124,124000
201501112426088,NHPC,54,25,1000,126,126000
201501112426087,NHPC,54,5,1000,126,126000
201501112426086,NHPC,54,5,1000,126,126000
201501112426085,NHPC,54,5,1000,126,126000
201501112426084,NHPC,54,21,1000,126,126000
201501112426083,NHPC,54,25,1000,126,126000
201501112426012,NIB,44,25,300,730,219000
201501112426011,NIB,40,25,100,732,73200
201501112425843,NIB,25,25,500,731,365500
201501112426217,NICA,8,8,51,673,34323
201501112426122,NICA,36,25,260,669,173940
201501112426094,NICA,36,47,15,670,10050
201501112425996,NICA,32,22,25,682,17050
201501112425926,NICA,17,22,51,670,34170
201501112425914,NICA,17,42,10,670,6700
201501112425948,NICL,6,13,205,418,85690
201501112425988,NIL,14,26,27,731,19737
201501112425806,NIL,11,3,200,744,148800
201501112425907,NLBBL,32,38,100,1310,131000
201501112425747,NLBBL,45,6,120,1285,154200
201501112426194,NLIC,13,39,102,4480,456960
201501112426115,NLIC,26,47,50,4475,223750
201501112426100,NLIC,26,47,50,4480,224000
201501112425987,NLIC,25,57,75,4505,337875
201501112425979,NLIC,25,47,100,4504,450400
201501112425975,NLIC,44,45,300,4500,1350000
201501112425752,NLIC,48,48,86,4420,380120
201501112425946,NLIC,54,41,34,4480,152320
201501112425941,NLIC,44,50,100,4475,447500
201501112425921,NLIC,44,47,1000,4470,4470000
201501112425913,NLIC,21,50,100,4470,447000
201501112425887,NLIC,21,21,100,4470,447000
201501112425860,NLIC,44,47,100,4470,447000
201501112425974,NLIC,44,42,300,4500,1350000
201501112425973,NLIC,44,17,50,4500,225000
201501112425972,NLIC,44,32,36,4500,162000
201501112425966,NLIC,44,47,100,4500,450000
201501112425965,NLIC,44,49,100,4495,449500
201501112425954,NLIC,54,34,20,4485,89700
201501112426232,NLICL,35,44,100,2400,240000
201501112426140,NLICL,53,49,200,2400,480000
201501112426039,NLICL,38,32,300,2414,724200
201501112426028,NLICL,38,19,110,2415,265650
201501112426007,NLICL,44,21,141,2405,339105
201501112425977,NLICL,53,14,158,2400,379200
201501112425761,NLICL,4,14,134,2350,314900
201501112425831,NLICL,10,38,98,2392,234416
201501112425810,NLICL,16,35,250,2390,597500
201501112425805,NLICL,44,44,836,2380,1989680
201501112425795,NLICL,25,14,129,2395,308955
201501112425773,NLICL,44,29,100,2390,239000
201501112425767,NLICL,44,28,470,2380,1118600
201501112425877,NLICL,44,14,23,2392,55016
201501112425873,NLICL,36,14,190,2391,454290
201501112425870,NLICL,44,21,100,2390,239000
201501112425854,NLICL,36,16,61,2385,145485
201501112425853,NLICL,36,8,502,2385,1197270
201501112425838,NLICL,10,10,47,2390,112330
201501112425968,NLICL,26,48,100,2405,240500
201501112425937,NLICL,44,59,150,2400,360000
201501112425936,NLICL,44,54,100,2400,240000
201501112425901,NLICL,35,35,450,2390,1075500
201501112425895,NLICL,44,16,187,2395,447865
201501112425891,NLICL,44,48,76,2395,182020
201501112426229,NNFC,32,25,500,285,142500
201501112426226,NNFC,32,33,202,284,57368
201501112426174,NNFC,32,45,290,284,82360
201501112426206,NTC,16,46,100,612,61200
201501112426205,NTC,16,7,500,611,305500
201501112426204,NTC,16,45,300,610,183000
201501112426203,NTC,16,22,100,610,61000
201501112425869,NTC,59,59,280,605,169400
201501112425832,OHL,59,6,500,709,354500
201501112425817,OHL,14,50,1000,705,705000
201501112425784,OHL,52,59,500,710,355000
201501112426098,OHL,44,44,5000,700,3500000
201501112426053,PCBL,51,14,99,438,43362
201501112425839,PCBL,42,26,96,440,42240
201501112425758,PCBL,52,26,138,438,60444
201501112425757,PCBL,43,26,200,439,87800
201501112426113,PIC,11,1,99,988,97812
201501112425938,PIC,47,1,100,969,96900
201501112425814,PIC,11,35,277,951,263427
201501112426038,PLIC,7,49,208,1038,215904
201501112426034,PLIC,7,53,81,1037,83997
201501112425933,PLIC,44,49,1000,1038,1038000
201501112425811,PLIC,44,49,1000,1038,1038000
201501112425808,PLIC,44,48,94,1036,97384
201501112425756,PLIC,33,35,900,1035,931500
201501112426154,PRDBL,17,29,240,140,33600
201501112426133,PRDBL,17,50,10,139,1390
201501112425995,PRDBL,1,22,10,137,1370
201501112425876,PRDBL,10,10,10,139,1390
201501112425875,PRDBL,10,10,10,139,1390
201501112425874,PRDBL,10,10,10,139,1390
201501112426213,PRVU,36,26,11,269,2959
201501112426136,PRVU,32,41,500,267,133500
201501112426131,PRVU,32,41,500,267,133500
201501112426129,PRVU,3,3,11,269,2959
201501112426114,PRVU,3,57,11,269,2959
201501112426110,PRVU,13,57,11,269,2959
201501112425759,PRVU,3,3,11,269,2959
201501112425779,PRVU,47,3,11,270,2970
201501112425777,PRVU,47,50,11,270,2970
201501112425775,PRVU,47,52,510,269,137190
201501112425770,PRVU,1,13,44,269,11836
201501112425769,PRVU,1,1,340,269,91460
201501112425764,PRVU,47,44,506,269,136114
201501112425821,PRVU,47,43,500,269,134500
201501112425809,PRVU,17,37,11,268,2948
201501112425782,PRVU,47,29,11,270,2970
201501112425917,PRVU,40,26,11,267,2937
201501112425906,PRVU,43,43,500,268,134000
201501112425884,PRVU,36,26,11,269,2959
201501112425868,PRVU,49,52,35,270,9450
201501112425866,PRVU,49,50,47,270,12690
201501112425846,PRVU,47,59,500,269,134500
201501112425997,PRVU,17,45,10,266,2660
201501112425989,PRVU,19,45,11,266,2926
201501112425986,PRVU,1,45,12,266,3192
201501112425964,PRVU,57,49,12,267,3204
201501112425962,PRVU,17,49,11,268,2948
201501112426051,PRVU,57,29,11,268,2948
201501112426045,PRVU,36,49,48,268,12864
201501112426043,PRVU,25,16,11,265,2915
201501112426027,PRVU,34,16,11,266,2926
201501112426002,PRVU,57,16,89,267,23763
201501112425999,PRVU,17,45,22,266,5852
201501112426107,PRVU,13,57,11,269,2959
201501112426099,PRVU,13,57,11,269,2959
201501112426072,PRVU,17,29,11,268,2948
201501112426070,PRVU,17,29,11,268,2948
201501112426055,PRVU,36,29,11,268,2948
201501112425863,PURBL,48,47,20,318,6360
201501112426227,REDBL,50,39,35,181,6335
201501112426208,REDBL,50,41,19,182,3458
201501112425879,RHPC,42,42,29,496,14384
201501112425781,RHPC,49,59,84,487,40908
201501112426186,SANIMA,35,20,24,538,12912
201501112426184,SANIMA,35,20,50,538,26900
201501112426162,SANIMA,16,39,945,532,502740
201501112426157,SANIMA,42,42,3407,535,1822745
201501112426148,SANIMA,50,38,750,536,402000
201501112425902,SANIMA,39,38,500,537,268500
201501112425899,SANIMA,16,38,100,542,54200
201501112425893,SANIMA,16,38,1000,538,538000
201501112425886,SANIMA,28,38,100,543,54300
201501112425763,SANIMA,11,38,100,545,54500
201501112426193,SBI,47,43,462,948,437976
201501112426119,SBI,48,8,348,949,330252
201501112426235,SBL,6,48,200,654,130800
201501112426144,SBL,6,33,246,658,161868
201501112426077,SBL,6,22,45,654,29430
201501112425867,SBL,58,58,179,654,117066
201501112426134,SCB,17,3,150,1955,293250
201501112425865,SCB,50,1,203,1950,395850
201501112425755,SCB,41,26,52,1935,100620
201501112425862,SDBL,53,53,20,154,3080
201501112425859,SDBL,53,53,190,157,29830
201501112426233,SEOS,17,52,3000,10,30630
201501112426228,SEOS,17,52,3000,10,30630
201501112425816,SETI,1,1,23,161,3703
201501112426215,SEWA,16,41,300,280,84000
201501112425861,SEWA,1,48,100,285,28500
201501112426151,SHBL,39,39,22,510,11220
201501112426150,SHBL,39,39,22,510,11220
201501112426149,SHBL,39,39,32,510,16320
201501112426141,SHBL,39,39,32,510,16320
201501112426137,SHBL,39,39,10,510,5100
201501112426135,SHBL,39,39,10,510,5100
201501112426013,SHINE,48,58,13,315,4095
201501112425802,SHINE,29,22,50,321,16050
201501112425801,SHINE,29,22,50,321,16050
201501112426187,SHPC,52,21,200,759,151800
201501112426076,SHPC,36,35,148,760,112480
201501112426066,SHPC,45,17,18,756,13608
201501112426065,SHPC,45,17,18,756,13608
201501112426064,SHPC,45,17,18,756,13608
201501112426062,SHPC,45,17,18,756,13608
201501112425750,SHPC,21,22,36,780,28080
201501112425745,SHPC,26,55,15,765,11475
201501112425742,SHPC,21,41,18,754,13572
201501112425741,SHPC,7,41,18,754,13572
201501112425739,SHPC,7,41,18,754,13572
201501112425798,SHPC,1,1,12,758,9096
201501112425797,SHPC,21,1,12,760,9120
201501112425792,SHPC,45,16,212,773,163876
201501112425786,SHPC,21,59,200,770,154000
201501112425780,SHPC,36,17,18,770,13860
201501112425751,SHPC,21,55,15,780,11700
201501112425835,SHPC,50,17,18,760,13680
201501112425834,SHPC,50,1,12,760,9120
201501112425833,SHPC,50,17,18,760,13680
201501112425822,SHPC,50,17,18,760,13680
201501112425818,SHPC,50,1,12,760,9120
201501112425800,SHPC,36,1,12,760,9120
201501112425857,SHPC,51,17,18,760,13680
201501112425856,SHPC,21,17,18,760,13680
201501112425855,SHPC,21,17,18,760,13680
201501112425852,SHPC,21,17,18,760,13680
201501112425845,SHPC,21,17,18,760,13680
201501112425837,SHPC,51,17,18,760,13680
201501112425971,SHPC,7,48,500,752,376000
201501112425961,SHPC,19,48,500,755,377500
201501112425955,SHPC,36,41,108,755,81540
201501112425944,SHPC,46,55,267,757,202119
201501112425871,SHPC,51,55,54,760,41040
201501112425858,SHPC,21,6,74,760,56240
201501112426056,SHPC,43,28,18,755,13590
201501112426050,SHPC,43,17,18,755,13590
201501112426029,SHPC,6,17,18,755,13590
201501112426015,SHPC,26,55,142,754,107068
201501112426000,SHPC,50,50,162,754,122148
201501112425993,SHPC,6,17,18,756,13608
201501112426196,SIC,21,36,103,1080,111240
201501112426168,SIC,14,37,32,1080,34560
201501112426153,SIC,32,6,46,1081,49726
201501112425991,SIC,32,32,15,1103,16545
201501112425935,SIC,21,21,100,1125,112500
201501112425934,SIC,48,36,499,1108,552892
201501112425774,SIC,32,32,50,1153,57650
201501112425772,SIC,32,32,10,1176,11760
201501112425930,SIC,51,41,75,1130,84750
201501112425929,SIC,51,50,50,1130,56500
201501112425928,SIC,51,57,200,1130,226000
201501112425927,SIC,51,49,60,1130,67800
201501112425900,SIC,32,32,10,1130,11300
201501112425878,SIC,32,22,10,1130,11300
201501112426047,SICL,42,42,250,830,207500
201501112425910,SKBBL,29,48,12,1370,16440
201501112425909,SKBBL,29,48,12,1370,16440
201501112425760,SKBBL,29,29,19,1361,25859
201501112425748,SKBBL,51,39,45,1388,62460
201501112426152,SLBBL,55,6,18,2339,42102
201501112425762,SLICL,14,1,57,640,36480
201501112426172,SRBL,41,47,44,410,18040
201501112426106,SRBL,34,40,17,412,7004
201501112426074,SRBL,33,22,71,412,29252
201501112425940,SRBL,14,29,498,412,205176
201501112425896,SRBL,59,22,71,414,29394
201501112425890,SRBL,59,32,35,414,14490
201501112425766,SRBL,52,36,137,411,56307
201501112425883,SRBL,59,26,129,413,53277
201501112425841,SRBL,16,48,196,411,80556
201501112425820,SRBL,54,56,1000,410,410000
201501112425815,SRBL,33,14,1000,411,411000
201501112425812,SRBL,16,32,35,414,14490
201501112425790,SRBL,41,1,35,410,14350
201501112426121,SWBBL,39,5,99,1525,150975
201501112426023,UIC,14,14,213,873,185949
201501112426008,UIC,46,32,128,878,112384
201501112425983,UIC,5,26,196,880,172480
201501112425793,UIC,26,10,50,895,44750
201501112426220,YETI,57,13,11,123,1353
201501112426219,YETI,57,53,1030,123,126690
201501112426212,YETI,25,13,30,122,3660
201501112426210,YETI,25,13,60,122,7320
201501112426209,YETI,25,13,90,122,10980
201501112425716,ALICL,33,33,931,1180,1098580
201501112425583,ARDBL,42,42,42,147,6174
201501112425704,BGDBL,8,8,100,162,16200
201501112425623,CBL,36,29,27,273,7371
201501112425688,CCBL,6,6,32,287,9184
201501112425684,CCBL,33,8,17,289,4913
201501112425681,CCBL,6,6,36,287,10332
201501112425678,CCBL,33,8,17,289,4913
201501112425677,CCBL,33,26,40,289,11560
201501112425668,CCBL,16,22,91,288,26208
201501112425536,CCBL,58,58,40,287,11480
201501112425550,CCBL,50,50,40,285,11400
201501112425548,CCBL,50,50,40,285,11400
201501112425546,CCBL,50,50,40,285,11400
201501112425544,CCBL,50,50,40,285,11400
201501112425543,CCBL,50,50,40,285,11400
201501112425542,CCBL,50,50,40,285,11400
201501112425564,CCBL,50,50,40,285,11400
201501112425562,CCBL,50,50,40,285,11400
201501112425559,CCBL,50,50,40,285,11400
201501112425557,CCBL,50,50,40,285,11400
201501112425554,CCBL,50,50,40,285,11400
201501112425553,CCBL,50,50,40,285,11400
201501112425570,CCBL,50,50,40,285,11400
201501112425569,CCBL,50,50,40,285,11400
201501112425568,CCBL,50,50,40,285,11400
201501112425567,CCBL,50,50,40,285,11400
201501112425566,CCBL,50,50,40,285,11400
201501112425565,CCBL,50,50,40,285,11400
201501112425664,CCBL,26,44,40,286,11440
201501112425653,CCBL,26,44,40,286,11440
201501112425647,CCBL,6,6,40,287,11480
201501112425644,CCBL,6,6,40,287,11480
201501112425636,CCBL,6,6,40,287,11480
201501112425571,CCBL,50,50,40,285,11400
201501112425596,CDBL,55,55,15,314,4710
201501112425595,CDBL,55,55,15,314,4710
201501112425594,CDBL,55,55,15,314,4710
201501112425593,CDBL,55,55,15,314,4710
201501112425592,CDBL,55,55,15,314,4710
201501112425591,CDBL,55,55,15,314,4710
201501112425590,CDBL,55,55,15,314,4710
201501112425589,CDBL,55,55,15,314,4710
201501112425588,CDBL,55,55,15,314,4710
201501112425586,CDBL,55,55,15,314,4710
201501112425649,CHCL,16,16,10,1710,17100
201501112425735,CNDBL,32,44,20,172,3440
201501112425734,CNDBL,32,44,20,172,3440
201501112425733,CNDBL,32,44,20,172,3440
201501112425732,CNDBL,32,44,20,172,3440
201501112425731,CNDBL,32,44,20,172,3440
201501112425730,CNDBL,32,44,20,172,3440
201501112425715,CNDBL,1,8,20,169,3380
201501112425609,CNDBL,59,59,30,171,5130
201501112425608,CNDBL,59,59,30,171,5130
201501112425705,EBL,49,49,50,1985,99250
201501112425699,EBL,49,49,55,1985,109175
201501112425620,EKBL,5,52,33,227,7491
201501112425580,EKBL,49,1,33,223,7359
201501112425713,FMDBL,57,1,200,990,198000
201501112425645,GBIME,25,25,57,498,28386
201501112425628,GBIME,25,25,57,498,28386
201501112425626,GBIME,25,25,75,496,37200
201501112425624,GBIME,32,32,35,496,17360
201501112425621,GBIME,32,32,35,496,17360
201501112425541,GBIME,55,55,57,503,28671
201501112425540,GBIME,55,55,57,503,28671
201501112425539,GBIME,55,55,57,503,28671
201501112425538,GBIME,55,55,57,503,28671
201501112425537,GBIME,55,55,57,503,28671
201501112425737,GLICL,33,7,266,567,150822
201501112425728,GLICL,33,43,41,566,23206
201501112425659,GLICL,29,25,40,561,22440
201501112425656,GLICL,29,25,42,561,23562
201501112425675,HAMA,8,53,40,120,4800
201501112425674,HAMA,8,53,60,120,7200
201501112425673,HAMA,8,53,40,120,4800
201501112425672,HAMA,8,53,40,120,4800
201501112425671,HAMA,8,49,1000,120,120000
201501112425606,HBL,22,11,76,825,62700
201501112425605,HBL,22,22,10,824,8240
201501112425617,HDL,28,28,110,555,61050
201501112425611,HDL,28,22,100,549,54900
201501112425723,IDBL,42,52,11,169,1859
201501112425719,IDBL,42,52,11,169,1859
201501112425717,IDBL,42,52,11,169,1859
201501112425712,IDBL,42,57,11,166,1826
201501112425702,IDBL,14,57,11,166,1826
201501112425651,IDBL,36,57,11,166,1826
201501112425666,INDB,48,10,58,274,15892
201501112425646,INDBL,36,53,88,170,14960
201501112425643,INDBL,36,53,88,170,14960
201501112425619,KBL,59,59,300,377,113100
201501112425711,KCDBL,16,59,21,191,4011
201501112425695,KCDBL,58,59,45,193,8685
201501112425694,KCDBL,58,59,20,193,3860
201501112425693,KCDBL,58,59,20,193,3860
201501112425721,KDBL,28,28,82,120,9840
201501112425615,KMCDB,22,22,202,948,191496
201501112425587,KNBL,6,44,10,188,1880
201501112425585,KNBL,6,44,10,188,1880
201501112425610,LICN,29,11,20,3280,65600
201501112425727,LLBS,20,10,10,900,9000
201501112425683,LLBS,54,10,10,912,9120
201501112425680,LLBS,54,43,20,912,18240
201501112425676,LLBS,20,36,101,920,92920
201501112425670,LLBS,54,41,10,912,9120
201501112425669,LLBS,54,42,10,912,9120
201501112425629,LLBS,26,1,10,865,8650
201501112425614,LLBS,20,42,10,861,8610
201501112425578,LLBS,1,1,10,845,8450
201501112425665,LLBS,20,43,82,912,74784
201501112425661,LLBS,54,6,10,895,8950
201501112425660,LLBS,54,43,80,894,71520
201501112425639,LLBS,54,50,41,878,35998
201501112425638,LLBS,54,6,10,878,8780
201501112425637,LLBS,54,41,10,878,8780
201501112425658,MBBL,36,39,24,163,3912
201501112425718,MDBL,36,34,66,153,10098
201501112425690,MEGA,19,44,32,370,11840
201501112425633,MMDBL,42,1,10,485,4850
201501112425603,MPFL,59,59,10,116,1160
201501112425602,MPFL,59,59,10,116,1160
201501112425601,MPFL,59,59,10,116,1160
201501112425736,NHPC,29,25,1000,126,126000
201501112425689,NHPC,29,25,200,127,25400
201501112425687,NHPC,33,56,1000,126,126000
201501112425679,NHPC,29,44,1000,127,127000
201501112425662,NHPC,29,44,2000,125,250000
201501112425563,NICA,55,55,37,670,24790
201501112425561,NICA,55,55,60,670,40200
201501112425558,NICA,55,55,22,670,14740
201501112425556,NICA,55,55,37,670,24790
201501112425555,NICA,55,55,37,670,24790
201501112425552,NICA,55,55,60,670,40200
201501112425549,NICA,55,55,22,670,14740
201501112425547,NICA,55,55,37,670,24790
201501112425545,NICA,55,55,22,670,14740
201501112425691,PCBL,22,22,317,442,140114
201501112425625,PCBL,42,55,111,440,48840
201501112425577,PCBL,55,55,83,440,36520
201501112425576,PCBL,55,55,69,440,30360
201501112425575,PCBL,55,55,41,440,18040
201501112425574,PCBL,55,55,69,440,30360
201501112425573,PCBL,55,55,69,440,30360
201501112425572,PCBL,55,55,83,440,36520
201501112425618,PFC,25,25,125,288,36000
201501112425663,PIC,35,11,96,933,89568
201501112425612,PIC,6,11,24,915,21960
201501112425599,PIC,6,11,68,914,62152
201501112425710,PLIC,53,49,40,1032,41280
201501112425708,PLIC,33,41,515,1030,530450
201501112425706,PLIC,33,49,235,1029,241815
201501112425701,PLIC,33,49,413,1025,423325
201501112425685,PLIC,38,44,13,1009,13117
201501112425654,PLIC,5,5,40,1010,40400
201501112425613,PLIC,29,22,13,1010,13130
201501112425604,PLIC,29,11,150,1010,151500
201501112425598,PLIC,55,55,40,1009,40360
201501112425597,PLIC,55,55,26,1009,26234
201501112425738,PRVU,47,13,44,269,11836
201501112425724,PRVU,32,50,47,270,12690
201501112425707,PRVU,1,43,250,269,67250
201501112425703,PRVU,3,50,11,270,2970
201501112425698,PRVU,47,50,11,270,2970
201501112425692,PRVU,1,26,158,268,42344
201501112425640,PRVU,1,39,44,269,11836
201501112425634,PRVU,1,39,48,269,12912
201501112425632,PRVU,47,39,405,269,108945
201501112425631,PRVU,1,50,47,270,12690
201501112425607,PRVU,17,17,97,271,26287
201501112425600,PRVU,1,50,47,270,12690
201501112425686,PRVU,25,26,188,266,50008
201501112425682,PRVU,17,26,11,268,2948
201501112425667,PRVU,3,3,11,269,2959
201501112425657,PRVU,47,3,11,269,2959
201501112425652,PRVU,1,50,11,270,2970
201501112425650,PRVU,1,50,11,270,2970
201501112425696,REDBL,14,22,17,182,3094
201501112425560,SANIMA,1,1,12,545,6540
201501112425551,SANIMA,1,1,12,545,6540
201501112425655,SHBL,17,17,10,520,5200
201501112425635,SHBL,43,43,10,520,5200
201501112425729,SHPC,7,41,18,754,13572
201501112425726,SHPC,7,52,18,754,13572
201501112425720,SHPC,45,41,356,753,268068
201501112425714,SHPC,45,22,45,753,33885
201501112425616,SHPC,7,41,653,740,483220
201501112425642,SINDU,14,47,500,203,101500
201501112425641,SINDU,14,45,100,203,20300
201501112425700,SRBL,17,17,12,413,4956
201501112425584,SRBL,55,55,39,413,16107
201501112425582,SRBL,55,55,52,413,21476
201501112425581,SRBL,55,55,65,413,26845
201501112425579,SRBL,55,55,65,413,26845
201501112425709,UFIL,39,50,20,136,2720
201501112425648,UFIL,32,32,20,138,2760
201501112425722,UIC,38,11,390,890,347100
201501112425725,YETI,17,17,40,123,4920
201501112425697,YETI,25,39,150,122,18300
201501112425630,YETI,5,58,11,121,1331
201501112425627,YETI,29,29,40,120,4800
201501112425622,YETI,5,58,11,121,1331
