contract,symbol,buyer,seller,qty,rate,amt
201504132546773,ACEDBL,13,58,550,249,136950
201504132546695,ACEDBL,13,52,366,254,92964
201504132546651,ACEDBL,41,32,85,255,21675
201504132546589,ACEDBL,59,32,199,251,49949
201504132546578,ACEDBL,59,32,100,256,25600
201504132547007,ADBL,14,21,30,472,14160
201504132546990,ADBL,53,29,1500,467,700500
201504132546983,ADBL,14,32,32,471,15072
201504132546978,ADBL,19,36,251,470,117970
201504132546967,ADBL,14,32,30,471,14130
201504132546941,ADBL,45,59,71,468,33228
201504132546781,ADBL,17,14,30,470,14100
201504132546780,ADBL,17,5,40,470,18800
201504132546779,ADBL,17,5,40,470,18800
201504132546729,ADBL,25,51,81,469,37989
201504132546819,ADBL,17,5,40,470,18800
201504132547000,AHPC,29,17,23,345,7935
201504132546998,AHPC,11,40,20,347,6940
201504132546970,AHPC,11,5,100,346,34600
201504132546940,AHPC,26,50,45,345,15525
201504132546840,AHPC,26,51,100,346,34600
201504132546839,AHPC,26,5,100,346,34600
201504132546529,AHPC,8,48,500,342,171000
201504132546696,AHPC,6,42,20,344,6880
201504132546555,AHPC,26,7,84,347,29148
201504132546552,AHPC,42,48,1000,342,342000
201504132546551,AHPC,26,11,11,346,3806
201504132546550,AHPC,26,11,22,346,7612
201504132546539,AHPC,50,48,500,340,170000
201504132547002,ALDBL,45,29,500,321,160500
201504132546936,ALDBL,58,4,41,320,13120
201504132546590,ALDBL,25,25,50,317,15850
201504132546584,ALDBL,4,25,90,320,28800
201504132546939,ALICL,32,28,500,1201,600500
201504132546928,ALICL,28,14,54,1210,65340
201504132546920,ALICL,44,33,500,1200,600000
201504132546631,ALICL,25,16,74,1211,89614
201504132546652,APEX,14,16,204,137,27948
201504132546889,APEX,59,25,705,137,96585
201504132546825,APEX,21,26,104,136,14144
201504132546823,APEX,25,32,849,137,116313
201504132546691,ARDBL,38,48,315,193,60795
201504132546572,ARDBL,6,26,31,194,6014
201504132546690,BLDBL,20,38,200,324,64800
201504132546749,BUDBL,50,52,255,208,53040
201504132546666,BUDBL,19,1,417,208,86736
201504132546628,CBBL,48,53,231,1600,369600
201504132546575,CBBL,48,53,140,1610,225400
201504132546891,CBL,34,54,200,285,57000
201504132546885,CBL,34,54,500,285,142500
201504132546863,CBL,34,54,500,285,142500
201504132546824,CBL,34,54,800,285,228000
201504132546713,CBL,59,54,200,285,57000
201504132546544,CBL,41,25,27,286,7722
201504132546542,CBL,6,25,35,287,10045
201504132546532,CBL,55,54,800,285,228000
201504132546527,CBL,26,52,81,285,23085
201504132546987,CCBL,59,47,31,314,9734
201504132546981,CCBL,16,39,200,313,62600
201504132546768,CCBL,59,50,170,312,53040
201504132546755,CCBL,51,43,1000,312,312000
201504132546989,CDBL,45,45,650,335,217750
201504132546890,CFCL,1,48,189,198,37422
201504132546629,CFCL,21,22,35,200,7000
201504132546626,CFCL,47,22,70,200,14000
201504132547008,CHCL,53,32,30,1617,48510
201504132546999,CHCL,53,32,30,1617,48510
201504132546986,CHCL,16,32,100,1617,161700
201504132546930,CHCL,32,32,200,1616,323200
201504132546929,CHCL,32,37,100,1616,161600
201504132546871,CHCL,21,21,113,1615,182495
201504132546568,CHCL,33,38,324,1607,520668
201504132546567,CHCL,38,39,28,1607,44996
201504132546563,CHCL,29,39,28,1607,44996
201504132546611,CHCL,1,21,110,1614,177540
201504132546610,CHCL,1,21,120,1612,193440
201504132546604,CHCL,38,38,170,1610,273700
201504132546586,CHCL,45,37,94,1610,151340
201504132546583,CHCL,34,10,28,1611,45108
201504132546577,CHCL,46,38,20,1608,32160
201504132546821,CHCL,43,16,70,1616,113120
201504132546734,CHCL,5,21,115,1615,185725
201504132546700,CHCL,5,25,16,1615,25840
201504132546680,CHCL,32,21,200,1614,322800
201504132546667,CHCL,35,35,369,1614,595566
201504132546615,CHCL,33,38,100,1614,161400
201504132546997,CNDBL,29,29,30,177,5310
201504132546996,CNDBL,29,29,30,177,5310
201504132546995,CNDBL,29,29,20,177,3540
201504132546994,CNDBL,29,29,20,177,3540
201504132546935,CNDBL,29,29,20,177,3540
201504132546931,CNDBL,29,29,20,177,3540
201504132546730,CNDBL,39,40,50,178,8900
201504132546906,CNDBL,29,29,20,177,3540
201504132546875,CNDBL,25,29,30,177,5310
201504132546872,CNDBL,48,29,20,177,3540
201504132546860,CNDBL,48,39,330,177,58410
201504132546741,CNDBL,48,1,20,177,3540
201504132546731,CNDBL,39,40,40,178,7120
201504132546926,CNDBL,29,29,20,177,3540
201504132546921,CNDBL,29,29,20,177,3540
201504132546915,CNDBL,29,29,20,177,3540
201504132546909,CNDBL,29,29,20,177,3540
201504132546908,CNDBL,29,29,20,177,3540
201504132546907,CNDBL,29,29,20,177,3540
201504132546943,CZBIL,49,14,72,448,32256
201504132546826,CZBIL,21,56,72,449,32328
201504132546702,CZBIL,21,16,214,448,95872
201504132546697,CZBIL,52,19,23,446,10258
201504132546660,CZBIL,57,19,23,446,10258
201504132546656,CZBIL,52,19,23,446,10258
201504132546829,DDBL,17,21,100,1230,123000
201504132546957,EBL,10,39,97,2133,206901
201504132546938,EBL,36,36,57,2129,121353
201504132546776,EBL,5,44,100,2128,212800
201504132546605,EBLCP,50,47,36,1060,38160
201504132546898,EKBL,25,26,33,290,9570
201504132546834,EKBL,25,26,33,290,9570
201504132546932,GBBL,25,25,63,326,20538
201504132546746,GBBL,1,45,96,327,31392
201504132546674,GBBL,41,10,74,330,24420
201504132546633,GBBL,6,7,167,331,55277
201504132547014,GBIME,32,11,44,445,19580
201504132547010,GBIME,39,11,65,445,28925
201504132546925,GBIME,17,42,50,445,22250
201504132546918,GBIME,42,42,200,445,89000
201504132546899,GBIME,32,42,50,445,22250
201504132546897,GBIME,10,42,220,445,97900
201504132546591,GBIME,40,55,30,447,13410
201504132546564,GBIME,52,55,23,448,10304
201504132546562,GBIME,1,57,87,447,38889
201504132546643,GBIME,19,28,69,447,30843
201504132546640,GBIME,51,28,45,447,20115
201504132546634,GBIME,37,19,44,447,19668
201504132546617,GBIME,52,55,35,447,15645
201504132546596,GBIME,52,55,35,447,15645
201504132546594,GBIME,40,55,39,447,17433
201504132546782,GBIME,51,57,39,445,17355
201504132546750,GBIME,32,55,35,446,15610
201504132546736,GBIME,40,55,35,446,15610
201504132546735,GBIME,29,55,35,446,15610
201504132546662,GBIME,51,55,18,448,8064
201504132546661,GBIME,51,55,30,447,13410
201504132546847,GBIME,10,29,290,445,129050
201504132546845,GBIME,1,55,35,446,15610
201504132546843,GBIME,32,55,35,446,15610
201504132546836,GBIME,55,57,39,445,17355
201504132546832,GBIME,32,55,23,446,10258
201504132546818,GBIME,29,57,39,445,17355
201504132546870,GBIME,17,55,23,447,10281
201504132546869,GBIME,17,51,45,447,20115
201504132546868,GBIME,17,55,23,447,10281
201504132546854,GBIME,55,43,220,446,98120
201504132546853,GBIME,41,46,20,445,8900
201504132546851,GBIME,10,46,27,445,12015
201504132546896,GBIME,51,42,1000,445,445000
201504132546895,GBIME,41,42,980,445,436100
201504132546894,GBIME,1,42,220,446,98120
201504132546893,GBIME,55,42,280,446,124880
201504132546882,GBIME,33,42,28,450,12600
201504132546878,GBIME,32,51,45,447,20115
201504132546991,GLICL,40,16,500,539,269500
201504132546979,GLICL,40,39,37,538,19906
201504132546727,HAMA,8,17,40,162,6480
201504132546725,HAMA,8,17,40,162,6480
201504132546721,HAMA,8,17,40,162,6480
201504132546720,HAMA,8,17,40,162,6480
201504132546718,HAMA,8,17,40,162,6480
201504132546717,HAMA,8,17,40,162,6480
201504132546706,HAMA,39,17,40,163,6520
201504132546705,HAMA,39,17,40,163,6520
201504132546704,HAMA,29,17,40,163,6520
201504132546716,HAMA,8,17,40,162,6480
201504132546715,HAMA,8,17,40,162,6480
201504132546714,HAMA,8,17,40,162,6480
201504132546712,HAMA,8,17,40,162,6480
201504132546708,HAMA,8,17,40,163,6520
201504132546707,HAMA,8,17,40,163,6520
201504132546649,HBL,11,11,111,835,92685
201504132546624,HBL,36,26,400,840,336000
201504132546541,HBL,17,37,90,845,76050
201504132546574,HDL,16,37,60,686,41160
201504132546557,INDB,19,49,257,409,105113
201504132546723,JBBL,44,46,96,173,16608
201504132546560,JBBL,29,36,36,172,6192
201504132546639,JBNL,26,28,72,270,19440
201504132546880,KBL,35,56,900,380,342000
201504132546861,KBL,26,53,93,380,35340
201504132546737,KBL,1,43,346,378,130788
201504132546732,KBL,8,8,606,377,228462
201504132546673,KBL,52,8,49,380,18620
201504132546573,KBL,17,41,128,380,48640
201504132546856,KDBL,16,16,135,149,20115
201504132546827,KDBL,25,58,60,150,9000
201504132546817,KDBL,32,26,11,151,1661
201504132546703,KDBL,32,21,64,150,9600
201504132546814,KMCDB,26,26,500,1035,517500
201504132546809,KMCDB,26,26,492,1035,509220
201504132546900,KMCDB,58,45,100,1045,104500
201504132546881,KMCDB,6,45,282,1040,293280
201504132547013,KRBL,45,1,100,287,28700
201504132546879,KRBL,5,25,120,285,34200
201504132546653,KRBL,5,16,230,285,65550
201504132546650,KRBL,5,1,60,281,16860
201504132546597,KRBL,50,1,100,280,28000
201504132546833,LBL,52,34,125,525,65625
201504132546672,LBL,52,43,52,525,27300
201504132546670,LBL,52,43,139,525,72975
201504132546620,LBL,52,37,42,525,22050
201504132546848,LFLC,17,8,57,218,12426
201504132546837,LFLC,17,8,57,218,12426
201504132546533,LGIL,46,38,29,360,10440
201504132546515,LGIL,46,38,10,360,3600
201504132546988,LICN,22,5,31,2472,76632
201504132546980,LICN,22,32,20,2450,49000
201504132546816,LLBS,36,41,20,872,17440
201504132546726,LLBS,36,51,10,855,8550
201504132546724,LLBS,36,51,10,855,8550
201504132546722,LLBS,36,51,10,855,8550
201504132546505,LLBS,36,32,122,855,104310
201504132547009,LUBL,59,32,300,355,106500
201504132546867,LUBL,20,32,120,355,42600
201504132546698,LUBL,13,57,317,355,112535
201504132546658,LUBL,41,32,200,355,71000
201504132546543,LUBL,20,16,186,351,65286
201504132546565,MBBL,50,50,71,214,15194
201504132546530,MBBL,25,50,77,218,16786
201504132546510,MBBL,25,10,11,222,2442
201504132546813,MBL,33,45,1000,567,567000
201504132546812,MBL,33,22,436,566,246776
201504132546808,MBL,33,13,135,565,76275
201504132546623,MBL,6,42,295,564,166380
201504132546761,MNBBL,45,29,92,570,52440
201504132546632,MTBL,50,32,108,379,40932
201504132547006,NABIL,3,26,32,1920,61440
201504132546992,NABIL,25,53,50,1905,95250
201504132546933,NABIL,46,49,62,1895,117490
201504132546828,NABIL,52,26,93,1898,176514
201504132546815,NABIL,45,22,87,1895,164865
201504132546760,NABIL,35,36,112,1897,212464
201504132546748,NABIL,19,26,13,1899,24687
201504132546668,NABIL,26,22,123,1898,233454
201504132546638,NABIL,6,17,40,1901,76040
201504132546606,NABIL,6,58,68,1905,129540
201504132546985,NABILP,21,47,55,1330,73150
201504132546903,NABILP,21,43,250,1330,332500
201504132546738,NABILP,22,5,175,1328,232400
201504132546874,NBB,26,7,200,504,100800
201504132546778,NBB,33,28,1000,498,498000
201504132546684,NBB,33,8,209,498,104082
201504132547003,NBL,35,33,1000,302,302000
201504132546971,NBL,44,33,2000,300,600000
201504132546862,NBL,22,37,100,302,30200
201504132546846,NBL,48,33,1000,302,302000
201504132546774,NBL,35,33,1000,301,301000
201504132546751,NBL,1,37,200,301,60200
201504132546516,NBL,26,33,200,301,60200
201504132546522,NBL,43,33,500,300,150000
201504132546521,NBL,13,33,100,300,30000
201504132546520,NBL,43,33,500,300,150000
201504132546519,NBL,13,33,100,300,30000
201504132546518,NBL,13,33,100,300,30000
201504132546517,NBL,41,33,130,300,39000
201504132546559,NBL,32,33,500,300,150000
201504132546528,NBL,13,37,200,300,60000
201504132546526,NBL,48,33,870,300,261000
201504132546525,NBL,56,33,500,300,150000
201504132546524,NBL,10,33,500,300,150000
201504132546523,NBL,1,33,500,300,150000
201504132546669,NBL,56,56,1000,300,300000
201504132546665,NBL,6,56,1000,300,300000
201504132546664,NBL,14,56,1000,300,300000
201504132546655,NBL,14,56,1000,300,300000
201504132546588,NBL,38,5,1427,300,428100
201504132546581,NBL,10,37,140,300,42000
201504132546937,NCCB,33,56,500,588,294000
201504132546852,NCCB,1,56,500,585,292500
201504132546850,NCCB,33,56,500,588,294000
201504132546822,NCCB,19,56,430,586,251980
201504132546693,NCCB,33,8,168,589,98952
201504132546692,NCCB,33,26,500,589,294500
201504132546648,NCCB,33,45,100,585,58500
201504132546647,NCCB,33,45,170,584,99280
201504132546622,NCCB,14,14,20,582,11640
201504132546601,NCCB,19,8,170,581,98770
201504132546587,NCCB,19,5,75,581,43575
201504132546637,NGBL,39,33,490,285,139650
201504132546636,NGBL,43,33,500,286,143000
201504132546635,NGBL,43,33,100,288,28800
201504132546514,NGBL,43,45,200,289,57800
201504132547011,NHPC,56,56,50,125,6250
201504132547001,NHPC,25,56,50,127,6350
201504132546982,NHPC,25,25,50,128,6400
201504132546902,NHPC,25,56,50,126,6300
201504132546844,NHPC,55,56,300,124,37200
201504132546807,NHPC,26,56,500,123,61500
201504132546579,NHPC,49,56,1000,125,125000
201504132546508,NHPC,47,56,1000,125,125000
201504132546769,NHPC,8,56,1000,124,124000
201504132546745,NHPC,39,56,500,125,62500
201504132546733,NHPC,13,56,1000,124,124000
201504132546689,NHPC,21,56,500,125,62500
201504132546609,NHPC,47,56,1000,125,125000
201504132546582,NHPC,49,56,1000,125,125000
201504132546788,NHPC,59,56,500,124,62000
201504132546787,NHPC,17,56,100,125,12500
201504132546786,NHPC,35,56,200,125,25000
201504132546785,NHPC,39,56,100,125,12500
201504132546784,NHPC,25,56,50,126,6300
201504132546771,NHPC,47,56,1000,124,124000
201504132546794,NHPC,33,56,1000,123,123000
201504132546793,NHPC,50,56,1000,123,123000
201504132546792,NHPC,1,56,1000,123,123000
201504132546791,NHPC,41,56,1000,123,123000
201504132546790,NHPC,43,56,1000,123,123000
201504132546789,NHPC,16,56,500,123,61500
201504132546800,NHPC,26,56,1000,123,123000
201504132546799,NHPC,26,56,1000,123,123000
201504132546798,NHPC,26,56,1000,123,123000
201504132546797,NHPC,16,56,1000,123,123000
201504132546796,NHPC,45,56,1000,123,123000
201504132546795,NHPC,33,56,1000,123,123000
201504132546806,NHPC,26,56,500,123,61500
201504132546805,NHPC,26,56,500,123,61500
201504132546804,NHPC,26,56,500,123,61500
201504132546803,NHPC,26,56,1000,123,123000
201504132546802,NHPC,26,56,1000,123,123000
201504132546801,NHPC,26,56,1000,123,123000
201504132546685,NIB,22,36,165,708,116820
201504132546607,NIB,45,8,57,705,40185
201504132546944,NIBPO,16,57,500,500,250000
201504132546600,NIBPO,16,16,500,500,250000
201504132546599,NIBPO,16,57,200,500,100000
201504132546876,NICA,48,29,45,661,29745
201504132546969,NLIC,16,16,100,4413,441300
201504132546965,NLIC,51,32,200,4409,881800
201504132546964,NLIC,36,32,150,4410,661500
201504132546951,NLIC,11,28,100,4420,442000
201504132546904,NLIC,57,25,100,4420,442000
201504132546888,NLIC,55,28,50,4425,221250
201504132546842,NLIC,56,44,100,4414,441400
201504132546835,NLIC,5,5,90,4410,396900
201504132546777,NLIC,5,17,200,4410,882000
201504132546537,NLIC,19,32,130,4409,573170
201504132546536,NLIC,56,32,30,4420,132600
201504132546923,NLICL,54,44,150,2200,330000
201504132546841,NLICL,57,44,210,2200,462000
201504132546831,NLICL,19,53,107,2204,235828
201504132546830,NLICL,19,44,100,2203,220300
201504132546770,NLICL,53,44,100,2200,220000
201504132546767,NLICL,56,44,100,2200,220000
201504132546701,NLICL,43,44,80,2200,176000
201504132546677,NLICL,56,44,100,2200,220000
201504132546608,NLICL,41,44,40,2200,88000
201504132546595,NLICL,17,44,100,2200,220000
201504132546511,NLICL,54,17,270,2199,593730
201504132546766,NLICL,56,44,100,2200,220000
201504132546765,NLICL,56,44,100,2200,220000
201504132546764,NLICL,56,44,100,2200,220000
201504132546763,NLICL,56,44,100,2200,220000
201504132546758,NLICL,56,44,100,2200,220000
201504132546739,NLICL,56,44,100,2200,220000
201504132546857,NTC,5,49,200,604,120800
201504132546625,NTC,55,50,100,601,60100
201504132546621,NTC,43,6,100,601,60100
201504132546612,NTC,55,22,110,601,66110
201504132546540,NTC,25,45,160,604,96640
201504132546959,NUBL,43,59,300,1246,373800
201504132546952,OHL,59,57,70,725,50750
201504132546974,PCBL,14,22,500,447,223500
201504132546886,PCBL,16,49,1000,446,446000
201504132546849,PCBL,7,49,200,450,90000
201504132546742,PCBL,20,6,100,451,45100
201504132546699,PCBL,20,6,200,451,90200
201504132546654,PCBL,6,25,50,451,22550
201504132546627,PIC,21,14,30,489,14670
201504132546913,PLIC,49,16,14,1067,14938
201504132546659,PLIC,17,17,367,1050,385350
201504132546657,PLIC,17,17,750,1050,787500
201504132546642,PLIC,35,59,134,1065,142710
201504132546585,PLIC,35,17,250,1065,266250
201504132546576,PLIC,53,21,54,1065,57510
201504132546569,PLIC,53,22,34,1060,36040
201504132546535,PLIC,49,17,500,1055,527500
201504132546678,PRDBL,13,42,70,165,11550
201504132546538,PRDBL,22,35,30,165,4950
201504132547012,PRVU,40,57,97,353,34241
201504132546963,PRVU,13,21,500,355,177500
201504132546953,PRVU,13,41,233,355,82715
201504132546859,PRVU,13,59,340,354,120360
201504132546858,PRVU,13,53,500,354,177000
201504132546694,PRVU,45,32,170,354,60180
201504132546688,PRVU,48,32,234,352,82368
201504132546681,PRVU,14,19,484,353,170852
201504132546641,PRVU,6,14,35,354,12390
201504132546534,PRVU,40,16,11,353,3883
201504132546531,PRVU,6,16,11,354,3894
201504132546676,PURBL,26,57,33,315,10395
201504132546675,PURBL,48,57,33,316,10428
201504132546956,RBS,22,14,36,5780,208080
201504132546740,REDBL,50,45,38,213,8094
201504132546646,REDBL,50,45,56,215,12040
201504132546603,RMDC,25,59,132,690,91080
201504132546759,SANIMA,42,8,578,558,322524
201504132546671,SANIMA,10,13,220,560,123200
201504132546549,SANIMA,17,38,79,563,44477
201504132546547,SANIMA,17,38,79,563,44477
201504132546512,SANIMA,36,52,40,563,22520
201504132546954,SBBLJ,45,14,100,401,40100
201504132546811,SBBLJ,21,14,34,409,13906
201504132546984,SBI,28,28,61,901,54961
201504132546772,SBI,36,7,85,905,76925
201504132546762,SBI,25,22,25,906,22650
201504132546958,SBL,22,28,301,687,206787
201504132546922,SBL,22,28,461,687,316707
201504132546914,SBL,22,52,29,686,19894
201504132546743,SBL,46,19,21,686,14406
201504132546728,SBL,16,13,182,686,124852
201504132546602,SBL,46,4,38,686,26068
201504132546556,SBL,17,11,100,686,68600
201504132546977,SCB,3,13,20,1959,39180
201504132546973,SCB,49,10,21,1951,40971
201504132546756,SCB,17,6,94,1940,182360
201504132546752,SCB,37,6,216,1921,414936
201504132546566,SCB,21,39,20,1960,39200
201504132546645,SDBL,45,38,100,225,22500
201504132546509,SETI,25,52,25,194,4850
201504132546924,SHINE,35,11,2124,348,739152
201504132546687,SHINE,26,45,34,355,12070
201504132546554,SHINE,14,42,28,355,9940
201504132546553,SHINE,14,42,28,355,9940
201504132546838,SHL,48,44,500,450,225000
201504132546593,SHL,46,44,200,450,90000
201504132546592,SHL,19,44,200,451,90200
201504132546950,SHPC,28,36,300,735,220500
201504132546949,SHPC,41,36,230,735,169050
201504132546948,SHPC,19,36,500,736,368000
201504132546947,SHPC,13,36,30,736,22080
201504132546946,SHPC,19,36,100,737,73700
201504132546945,SHPC,19,36,10,742,7420
201504132546558,SHPC,4,4,18,739,13302
201504132546545,SHPC,28,26,18,735,13230
201504132546513,SHPC,4,4,18,739,13302
201504132546855,SHPC,26,36,500,738,369000
201504132546683,SHPC,41,50,270,735,198450
201504132546682,SHPC,1,19,18,739,13302
201504132546580,SHPC,28,50,273,735,200655
201504132546775,SIC,39,7,32,1030,32960
201504132546887,SKBBL,55,26,12,1495,17940
201504132546884,SKBBL,33,50,200,1505,301000
201504132546883,SKBBL,33,5,100,1502,150200
201504132546866,SKBBL,29,43,13,1500,19500
201504132546570,SKBBL,55,26,12,1495,17940
201504132546561,SKBBL,45,37,94,1490,140060
201504132546571,SMFDB,58,14,100,1590,159000
201504132546972,SRBL,20,47,107,400,42800
201504132546968,SRBL,20,47,71,400,28400
201504132546966,SRBL,20,10,143,400,57200
201504132546960,SRBL,20,22,19,400,7600
201504132546955,SRBL,20,38,34,400,13600
201504132546757,SRBL,36,44,29,399,11571
201504132546747,SRBL,36,47,143,398,56914
201504132546644,SRBL,45,47,107,396,42372
201504132546686,SUPRME,42,42,63,162,10206
201504132546619,SUPRME,42,42,11,162,1782
201504132546618,SUPRME,42,42,11,162,1782
201504132546616,SUPRME,35,5,32,161,5152
201504132546614,SUPRME,42,51,11,162,1782
201504132546613,SUPRME,42,57,30,162,4860
201504132546598,SUPRME,39,54,608,160,97280
201504132546548,SUPRME,6,51,11,162,1782
201504132546993,SWBBL,32,25,45,1635,73575
201504132546934,SWBBL,47,40,62,1628,100936
201504132546744,SWBBL,26,5,199,1615,321385
201504132546810,VBBL,26,19,1000,162,162000
201504132546679,VBBL,21,42,60,161,9660
201504132546507,VBBL,51,5,20,160,3200
201504132546506,VBBL,51,5,20,160,3200
201504132546546,WDBL,38,40,10,333,3330
201504132546912,YETI,5,51,122,136,16592
201504132546911,YETI,5,51,180,136,24480
201504132546910,YETI,22,26,59,135,7965
201504132546905,YETI,22,26,10,135,1350
201504132546892,YETI,17,51,92,136,12512
201504132546877,YETI,58,51,11,136,1496
201504132546873,YETI,58,51,110,136,14960
201504132546719,YETI,58,21,61,136,8296
201504132546709,YETI,5,21,23,136,3128
201504132546453,ADBL,42,42,52,469,24388
201504132546406,ADBL,42,42,103,468,48204
201504132546364,ADBL,6,6,210,467,98070
201504132546355,ADBL,14,58,41,466,19106
201504132546346,ADBL,6,6,290,467,135430
201504132546337,ADBL,40,58,41,467,19147
201504132546321,ADBL,35,37,30,470,14100
201504132546254,ADBL,25,25,33,467,15411
201504132546176,ADBL,14,14,150,467,70050
201504132546015,ADBL,14,35,61,470,28670
201504132546460,AHPC,6,3,20,344,6880
201504132546448,AHPC,11,3,20,343,6860
201504132546221,AHPC,11,46,90,343,30870
201504132546043,AHPC,21,21,517,344,177848
201504132546024,AHPC,25,49,147,345,50715
201504132546004,AHPC,11,39,82,343,28126
201504132546468,ALDBL,45,7,188,321,60348
201504132546233,ALDBL,58,58,82,323,26486
201504132546407,ALICL,25,5,31,1206,37386
201504132546352,APEX,25,47,91,137,12467
201504132546219,APEX,59,49,672,138,92736
201504132546328,BLDBL,45,6,281,318,89358
201504132546369,CBL,41,1,68,285,19380
201504132546322,CBL,49,3,17,286,4862
201504132546411,CCBL,6,29,40,314,12560
201504132546353,CCBL,4,1,31,311,9641
201504132546340,CCBL,4,4,40,311,12440
201504132546320,CCBL,50,42,276,312,86112
201504132546190,CCBL,13,39,40,311,12440
201504132546006,CCBL,13,29,32,311,9952
201504132546288,CDBL,25,25,11,335,3685
201504132546206,CDBL,41,45,100,340,34000
201504132546169,CDBL,25,32,151,344,51944
201504132546145,CDBL,25,25,100,344,34400
201504132546444,CHCL,33,28,200,1610,322000
201504132546384,CHCL,5,49,41,1607,65887
201504132546309,CHCL,32,5,178,1606,285868
201504132546295,CHCL,36,25,97,1607,155879
201504132546279,CHCL,48,10,28,1610,45080
201504132546275,CHCL,48,10,28,1610,45080
201504132546127,CHCL,43,43,28,1608,45024
201504132546105,CHCL,43,43,28,1608,45024
201504132546080,CHCL,33,34,245,1610,394450
201504132546014,CHCL,21,21,128,1610,206080
201504132546258,CHCL,11,38,20,1610,32200
201504132546256,CHCL,16,10,28,1607,44996
201504132546246,CHCL,46,10,28,1608,45024
201504132546174,CHCL,34,47,27,1615,43605
201504132546168,CHCL,19,7,100,1614,161400
201504132546137,CHCL,52,35,94,1610,151340
201504132546491,CNDBL,25,25,500,177,88500
201504132546471,CNDBL,48,50,40,177,7080
201504132546469,CNDBL,47,50,500,175,87500
201504132546465,CNDBL,47,50,500,175,87500
201504132546455,CNDBL,47,50,500,176,88000
201504132546422,CNDBL,48,1,20,177,3540
201504132546087,CNDBL,29,29,30,178,5340
201504132546086,CNDBL,29,29,40,178,7120
201504132546245,CNDBL,32,42,30,176,5280
201504132546215,CNDBL,25,42,20,177,3540
201504132546212,CNDBL,25,42,20,177,3540
201504132546209,CNDBL,25,42,20,177,3540
201504132546205,CNDBL,25,42,30,177,5310
201504132546088,CNDBL,29,29,30,178,5340
201504132546417,CZBIL,33,7,128,447,57216
201504132546390,CZBIL,21,5,10,444,4440
201504132546386,CZBIL,57,5,210,444,93240
201504132546277,CZBIL,33,8,143,447,63921
201504132546274,CZBIL,45,8,143,445,63635
201504132546179,CZBIL,1,8,143,444,63492
201504132546173,DDBL,17,14,91,1240,112840
201504132546031,DDBL,11,14,100,1225,122500
201504132546431,EBL,36,36,150,2125,318750
201504132546405,EBL,38,44,100,2128,212800
201504132546063,EBL,38,44,100,2125,212500
201504132546019,EBL,6,32,50,2122,106100
201504132546144,EBL,10,28,79,2125,167875
201504132546244,EIC,40,17,50,877,43850
201504132546429,EKBL,55,39,13,295,3835
201504132546420,EKBL,55,39,13,295,3835
201504132546416,EKBL,55,39,13,295,3835
201504132546385,EKBL,55,39,13,295,3835
201504132546497,GBIME,13,51,20,449,8980
201504132546484,GBIME,7,11,231,448,103488
201504132546461,GBIME,55,55,95,447,42465
201504132546459,GBIME,19,11,253,447,113091
201504132546451,GBIME,55,55,95,448,42560
201504132546450,GBIME,40,28,16,447,7152
201504132546067,GBIME,29,29,44,446,19624
201504132546064,GBIME,29,29,44,446,19624
201504132546061,GBIME,29,29,44,446,19624
201504132546058,GBIME,29,29,45,446,20070
201504132546030,GBIME,29,29,69,446,30774
201504132546020,GBIME,29,29,91,446,40586
201504132546077,GBIME,29,34,18,446,8028
201504132546076,GBIME,29,34,18,446,8028
201504132546075,GBIME,29,34,18,446,8028
201504132546072,GBIME,29,34,18,446,8028
201504132546070,GBIME,29,29,44,446,19624
201504132546069,GBIME,7,13,200,445,89000
201504132546101,GBIME,29,29,44,446,19624
201504132546098,GBIME,29,29,44,446,19624
201504132546094,GBIME,29,29,44,446,19624
201504132546091,GBIME,29,29,44,446,19624
201504132546085,GBIME,29,29,44,446,19624
201504132546083,GBIME,29,29,44,446,19624
201504132546134,GBIME,29,29,44,446,19624
201504132546121,GBIME,29,29,44,446,19624
201504132546119,GBIME,46,13,181,447,80907
201504132546113,GBIME,54,29,44,447,19668
201504132546109,GBIME,29,29,44,446,19624
201504132546106,GBIME,29,29,44,446,19624
201504132546195,GBIME,55,55,95,446,42370
201504132546191,GBIME,55,55,95,446,42370
201504132546178,GBIME,7,36,69,445,30705
201504132546154,GBIME,29,29,44,446,19624
201504132546142,GBIME,54,3,36,447,16092
201504132546136,GBIME,29,29,44,446,19624
201504132546220,GBIME,55,55,113,446,50398
201504132546217,GBIME,46,11,3198,445,1423110
201504132546216,GBIME,55,55,113,446,50398
201504132546208,GBIME,55,55,113,446,50398
201504132546202,GBIME,1,46,115,445,51175
201504132546201,GBIME,55,55,113,446,50398
201504132546286,GBIME,40,28,53,446,23638
201504132546271,GBIME,55,55,95,447,42465
201504132546267,GBIME,55,55,95,447,42465
201504132546265,GBIME,55,55,95,447,42465
201504132546260,GBIME,55,55,95,447,42465
201504132546231,GBIME,55,55,95,446,42370
201504132546447,GBIME,52,52,82,448,36736
201504132546440,GBIME,52,52,27,448,12096
201504132546436,GBIME,55,13,81,448,36288
201504132546423,GBIME,54,26,12,447,5364
201504132546402,GBIME,40,40,93,447,41571
201504132546290,GBIME,5,5,196,447,87612
201504132546504,HAMA,8,5,70,163,11410
201504132546486,HAMA,8,42,50,165,8250
201504132546485,HAMA,8,42,40,165,6600
201504132546066,HAMA,29,29,90,165,14850
201504132546060,HAMA,8,29,90,164,14760
201504132546057,HAMA,8,17,40,165,6600
201504132546023,HAMA,29,29,40,164,6560
201504132546038,HAMA,8,17,40,165,6600
201504132546037,HAMA,8,17,40,165,6600
201504132546036,HAMA,8,17,40,165,6600
201504132546035,HAMA,8,29,90,164,14760
201504132546034,HAMA,8,29,200,164,32800
201504132546033,HAMA,8,29,60,164,9840
201504132546050,HAMA,8,17,40,165,6600
201504132546046,HAMA,29,16,200,164,32800
201504132546042,HAMA,8,17,40,165,6600
201504132546041,HAMA,8,17,40,165,6600
201504132546040,HAMA,8,17,40,165,6600
201504132546039,HAMA,8,17,40,165,6600
201504132546056,HAMA,8,17,40,165,6600
201504132546055,HAMA,8,17,40,165,6600
201504132546054,HAMA,8,17,40,165,6600
201504132546053,HAMA,8,17,40,165,6600
201504132546052,HAMA,8,17,40,165,6600
201504132546051,HAMA,8,17,40,165,6600
201504132546473,HBDL,56,22,243,113,27459
201504132546413,HBDL,13,57,500,114,57000
201504132546310,HBL,51,11,128,845,108160
201504132546147,HBL,17,26,300,840,252000
201504132546213,HDL,59,34,10,700,7000
201504132546198,HDL,59,32,10,700,7000
201504132546466,JBBL,5,5,210,170,35700
201504132546426,JEFL,47,42,100,143,14300
201504132546419,JEFL,47,42,100,143,14300
201504132546139,KAFIL,32,52,77,226,17402
201504132546434,KBL,6,10,200,381,76200
201504132546349,KBL,42,56,500,380,190000
201504132546336,KBL,56,56,2000,374,748000
201504132546333,KBL,56,56,2000,374,748000
201504132546302,KBL,33,33,905,380,343900
201504132546287,KBL,13,56,500,380,190000
201504132546118,KBL,13,56,500,380,190000
201504132546117,KBL,28,56,1000,380,380000
201504132546116,KBL,8,56,500,381,190500
201504132546115,KBL,45,56,100,382,38200
201504132546396,KCDBL,17,10,34,228,7752
201504132546438,KDBL,32,5,70,149,10430
201504132546192,KDBL,32,36,33,150,4950
201504132546188,KDBL,32,36,21,150,3150
201504132546185,KDBL,32,36,43,150,6450
201504132546175,KDBL,38,47,104,150,15600
201504132546126,KDBL,25,47,104,151,15704
201504132546112,KDBL,32,47,104,152,15808
201504132546081,KRBL,26,1,10,276,2760
201504132546048,LFLC,17,11,68,215,14620
201504132546013,LFLC,17,45,98,218,21364
201504132546005,LFLC,17,45,98,218,21364
201504132546403,LGIL,46,17,36,360,12960
201504132546171,LICN,5,36,60,2450,147000
201504132546503,LLBS,36,51,10,855,8550
201504132546502,LLBS,36,51,10,855,8550
201504132546501,LLBS,36,51,10,855,8550
201504132546435,LLBS,6,51,10,855,8550
201504132546348,LLBS,6,32,41,850,34850
201504132546170,LLBS,13,32,165,855,141075
201504132546388,LUBL,6,6,5009,345,1728105
201504132546376,LUBL,6,6,93,352,32736
201504132546214,LUBL,13,39,70,356,24920
201504132546044,LUBL,45,36,187,355,66385
201504132546032,LUBL,8,26,103,355,36565
201504132546334,MBL,57,35,436,565,246340
201504132546329,MBL,11,26,1000,565,565000
201504132546324,MBL,38,47,257,564,144948
201504132546200,MBL,57,26,500,561,280500
201504132546196,MDBL,6,1,100,235,23500
201504132546194,MDBL,6,48,37,234,8658
201504132546128,MDBLPO,58,45,50,120,6000
201504132546125,MDBLPO,58,45,40,120,4800
201504132546253,METRO,26,26,1000,340,340000
201504132546439,MNBBL,45,16,40,575,23000
201504132546433,MNBBL,45,21,33,571,18843
201504132546430,MNBBL,45,6,75,570,42750
201504132546475,NABIL,21,36,100,1896,189600
201504132546474,NABIL,32,36,100,1897,189700
201504132546467,NABIL,19,48,32,1899,60768
201504132546204,NABIL,35,16,210,1899,398790
201504132546122,NABIL,35,10,33,1895,62535
201504132546074,NABIL,21,21,366,1895,693570
201504132546298,NABILP,28,49,100,1321,132100
201504132546297,NABILP,28,49,100,1321,132100
201504132546296,NABILP,55,49,200,1322,264400
201504132546292,NABILP,17,17,500,1320,660000
201504132546285,NABILP,8,17,500,1325,662500
201504132546197,NABILP,41,48,16,1330,21280
201504132546166,NABILP,41,55,20,1330,26600
201504132546479,NBB,36,32,500,501,250500
201504132546432,NBB,17,38,1080,500,540000
201504132546392,NBB,41,42,100,505,50500
201504132546247,NBB,47,1,40,505,20200
201504132546242,NBB,47,1,60,505,30300
201504132546241,NBB,35,1,200,505,101000
201504132546240,NBB,41,1,100,505,50500
201504132546239,NBB,41,1,60,505,30300
201504132546238,NBB,41,1,100,505,50500
201504132546237,NBB,45,1,40,507,20280
201504132546180,NBB,41,38,108,505,54540
201504132546049,NBB,35,39,288,505,145440
201504132546452,NBBL,41,32,31,1905,59055
201504132546441,NBBL,41,37,20,1905,38100
201504132546499,NBL,19,37,100,305,30500
201504132546494,NBL,3,37,100,301,30100
201504132546480,NBL,22,33,1000,300,300000
201504132546375,NBL,41,33,370,300,111000
201504132546374,NBL,56,33,500,300,150000
201504132546373,NBL,43,33,500,300,150000
201504132546160,NBL,22,33,100,300,30000
201504132546159,NBL,22,33,510,300,153000
201504132546158,NBL,42,33,300,300,90000
201504132546157,NBL,6,33,1100,300,330000
201504132546156,NBL,43,33,110,301,33110
201504132546211,NBL,25,56,500,300,150000
201504132546210,NBL,38,56,2000,300,600000
201504132546207,NBL,29,33,500,300,150000
201504132546187,NBL,5,56,1000,300,300000
201504132546162,NBL,13,33,1000,300,300000
201504132546161,NBL,45,33,1000,300,300000
201504132546315,NBL,36,33,110,300,33000
201504132546306,NBL,1,33,500,301,150500
201504132546300,NBL,41,37,200,303,60600
201504132546291,NBL,17,33,200,301,60200
201504132546289,NBL,56,33,500,300,150000
201504132546284,NBL,43,33,500,300,150000
201504132546358,NBL,13,33,30,300,9000
201504132546342,NBL,46,35,105,305,32025
201504132546319,NBL,13,33,70,300,21000
201504132546318,NBL,25,33,200,300,60000
201504132546317,NBL,43,33,200,300,60000
201504132546316,NBL,41,33,100,300,30000
201504132546372,NBL,43,33,130,300,39000
201504132546363,NBL,43,33,370,300,111000
201504132546362,NBL,25,33,300,300,90000
201504132546361,NBL,43,33,300,300,90000
201504132546360,NBL,46,33,500,300,150000
201504132546359,NBL,42,33,500,300,150000
201504132546458,NBSL,17,43,12,322,3864
201504132546500,NCCB,19,1,157,581,91217
201504132546446,NCCB,19,3,96,581,55776
201504132546243,NCCB,33,26,500,585,292500
201504132546331,NGBL,43,16,200,291,58200
201504132546330,NGBL,43,52,200,291,58200
201504132546327,NGBL,43,51,13,288,3744
201504132546326,NGBL,43,51,13,288,3744
201504132546165,NGBL,39,17,100,286,28600
201504132546489,NHPC,8,56,1000,125,125000
201504132546445,NHPC,29,56,1000,125,125000
201504132546414,NHPC,6,56,1000,125,125000
201504132546371,NHPC,29,56,1000,125,125000
201504132546299,NHPC,13,14,1000,125,125000
201504132546223,NHPC,55,56,1000,124,124000
201504132546047,NHPC,13,58,2000,125,250000
201504132546163,NHPC,41,32,1000,123,123000
201504132546152,NHPC,16,32,1000,123,123000
201504132546150,NHPC,57,32,1000,123,123000
201504132546148,NHPC,47,32,1000,123,123000
201504132546140,NHPC,41,56,1000,124,124000
201504132546133,NHPC,13,56,1000,124,124000
201504132546404,NIB,21,33,300,702,210600
201504132546400,NIB,33,33,517,700,361900
201504132546344,NIB,32,53,472,701,330872
201504132546312,NIB,21,36,100,704,70400
201504132546311,NIB,22,36,100,705,70500
201504132546261,NIB,13,33,200,703,140600
201504132546010,NIB,25,36,300,700,210000
201504132546009,NIB,45,36,40,700,28000
201504132546008,NIB,13,36,250,701,175250
201504132546007,NIB,22,36,100,701,70100
201504132546226,NIB,53,48,28,704,19712
201504132546222,NIB,13,48,120,703,84360
201504132546124,NIB,53,53,43,703,30229
201504132546120,NIB,13,33,350,704,246400
201504132546099,NIB,25,53,236,705,166380
201504132546093,NIB,22,53,503,700,352100
201504132546368,NIBSF1,25,25,1800,10,17820
201504132546367,NIBSF1,25,25,1500,10,14850
201504132546366,NIBSF1,25,25,2000,10,19800
201504132546365,NIBSF1,25,45,4900,10,48510
201504132546357,NIBSF1,25,45,1774,10,17563
201504132546356,NIBSF1,25,45,2500,10,24750
201504132546339,NIBSF1,11,25,1000,10,9900
201504132546282,NICA,48,8,21,660,13860
201504132546068,NICL,43,45,800,380,304000
201504132546464,NLIC,48,44,100,4410,441000
201504132546463,NLIC,11,44,40,4410,176400
201504132546462,NLIC,16,44,10,4410,44100
201504132546457,NLIC,19,45,100,4411,441100
201504132546443,NLIC,19,44,100,4416,441600
201504132546387,NLIC,5,44,100,4425,442500
201504132546096,NLIC,17,32,50,4435,221750
201504132546090,NLIC,17,28,200,4435,887000
201504132546079,NLIC,5,28,100,4435,443500
201504132546078,NLIC,5,32,100,4435,443500
201504132546059,NLIC,11,32,100,4430,443000
201504132546026,NLIC,8,32,100,4435,443500
201504132546186,NLIC,8,32,100,4435,443500
201504132546181,NLIC,21,32,100,4430,443000
201504132546172,NLIC,21,14,50,4435,221750
201504132546155,NLIC,6,34,22,4430,97460
201504132546104,NLIC,32,32,50,4436,221800
201504132546103,NLIC,17,1,50,4439,221950
201504132546377,NLIC,19,44,10,4440,44400
201504132546347,NLIC,6,16,15,4441,66615
201504132546280,NLIC,6,32,100,4438,443800
201504132546251,NLIC,11,1,20,4439,88780
201504132546232,NLIC,8,28,200,4438,887600
201504132546203,NLIC,5,28,200,4438,887600
201504132546383,NLIC,8,44,100,4426,442600
201504132546382,NLIC,19,44,200,4427,885400
201504132546381,NLIC,26,44,100,4428,442800
201504132546380,NLIC,11,44,10,4435,44350
201504132546379,NLIC,3,44,10,4440,44400
201504132546378,NLIC,42,44,20,4440,88800
201504132546425,NLICL,36,44,100,2200,220000
201504132546307,NLICL,56,45,170,2195,373150
201504132546421,NLO,44,44,681,213,145053
201504132546062,NMBSF1,43,21,1500,10,15150
201504132546108,NUBL,16,59,200,1260,252000
201504132546283,OHL,57,57,320,730,233600
201504132546167,OHL,20,53,70,722,50540
201504132546114,OHL,20,10,20,722,14440
201504132546100,OHL,20,10,20,722,14440
201504132546182,OHL,20,33,1000,722,722000
201504132546394,PCBL,33,5,19,449,8531
201504132546332,PCBL,33,3,56,449,25144
201504132546263,PCBL,33,48,30,450,13500
201504132546257,PCBL,33,48,33,450,14850
201504132546250,PCBL,33,48,17,450,7650
201504132546084,PCBL,13,52,106,449,47594
201504132546082,PCBL,13,47,33,448,14784
201504132546029,PCBL,13,40,25,447,11175
201504132546025,PIC,52,1,10,480,4800
201504132546427,PLIC,52,33,10,1044,10440
201504132546424,PLIC,40,33,100,1043,104300
201504132546255,PLIC,49,8,81,1040,84240
201504132546225,PLIC,49,17,299,1055,315445
201504132546470,PRDBL,13,5,70,165,11550
201504132546456,PRDBL,13,49,20,165,3300
201504132546442,PRVU,26,59,486,353,171558
201504132546408,PRVU,53,53,500,352,176000
201504132546350,PRVU,48,1,150,352,52800
201504132546278,PRVU,14,50,377,351,132327
201504132546272,PRVU,53,53,1000,351,351000
201504132546021,PRVU,47,48,22,351,7722
201504132546143,PRVU,59,59,533,350,186550
201504132546123,PRVU,14,14,219,350,76650
201504132546089,PRVU,41,49,1000,350,350000
201504132546266,PRVU,59,32,300,353,105900
201504132546227,PRVU,14,32,300,352,105600
201504132546193,PRVU,14,1,500,351,175500
201504132546189,PRVU,14,1,1339,350,468650
201504132546183,PRVU,25,1,1021,350,357350
201504132546343,PURBL,40,14,500,319,159500
201504132546418,RBSPO,33,39,50,4150,207500
201504132546335,REDBL,25,59,51,216,11016
201504132546401,RHPC,32,40,47,465,21855
201504132546493,SANIMA,6,14,24,565,13560
201504132546304,SANIMA,34,58,168,561,94248
201504132546294,SANIMA,26,6,500,562,281000
201504132546273,SANIMA,39,58,512,562,287744
201504132546249,SANIMA,14,14,632,556,351392
201504132546177,SANIMA,34,41,100,561,56100
201504132546065,SANIMA,34,39,121,561,67881
201504132546022,SANIMA,11,41,200,562,112400
201504132546027,SBBLJ,50,35,300,409,122700
201504132546415,SBI,26,1,665,905,601825
201504132546323,SBI,17,41,59,902,53218
201504132546248,SBI,22,22,296,900,266400
201504132546095,SBI,17,10,22,902,19844
201504132546410,SBL,46,3,17,685,11645
201504132546397,SBL,43,22,245,686,168070
201504132546395,SBL,39,39,38,686,26068
201504132546345,SBL,43,53,22,685,15070
201504132546276,SBL,46,11,84,685,57540
201504132546270,SBL,39,50,147,685,100695
201504132546138,SBL,43,49,30,684,20520
201504132546135,SBL,43,49,30,684,20520
201504132546097,SBL,43,14,100,684,68400
201504132546092,SCB,21,33,20,1960,39200
201504132546313,SDBL,45,16,120,224,26880
201504132546229,SDBL,45,50,60,224,13440
201504132546141,SDBL,7,26,151,225,33975
201504132546449,SHINE,48,45,76,351,26676
201504132546153,SHINE,25,36,461,350,161350
201504132546370,SHL,5,17,280,451,126280
201504132546338,SHL,59,44,500,450,225000
201504132546472,SHPC,8,36,500,735,367500
201504132546391,SHPC,16,16,150,735,110250
201504132546351,SHPC,41,50,294,735,216090
201504132546325,SHPC,19,5,18,735,13230
201504132546184,SHPC,10,5,18,740,13320
201504132546164,SHPC,10,5,18,740,13320
201504132546107,SHPC,29,29,10,743,7430
201504132546102,SHPC,29,29,10,743,7430
201504132546018,SHPC,10,19,144,738,106272
201504132546308,SHPC,4,4,18,734,13212
201504132546252,SHPC,4,4,18,734,13212
201504132546111,SIC,58,10,50,1015,50750
201504132546045,SICL,43,55,40,715,28600
201504132546412,SKBBL,48,38,12,1488,17856
201504132546281,SKBBL,48,38,12,1492,17904
201504132546262,SKBBL,22,50,150,1505,225750
201504132546110,SKBBL,21,50,150,1500,225000
201504132546264,SLICL,41,43,500,600,300000
201504132546399,SRBL,48,48,40,396,15840
201504132546393,SRBL,48,48,17,396,6732
201504132546341,SRBL,20,26,107,395,42265
201504132546314,SRBL,20,3,66,395,26070
201504132546293,SRBL,20,46,53,395,20935
201504132546259,SRBL,29,37,129,398,51342
201504132546228,SRBL,20,46,53,395,20935
201504132546454,SUBBL,52,52,59,298,17582
201504132546409,SUPRME,42,32,10,161,1610
201504132546303,SUPRME,39,54,640,160,102400
201504132546224,SUPRME,39,39,1000,158,158000
201504132546199,SUPRME,42,39,217,161,34937
201504132546149,SUPRME,17,14,105,160,16800
201504132546017,SUPRME,39,29,63,161,10143
201504132546016,SUPRME,39,29,63,161,10143
201504132546012,SUPRME,39,29,42,161,6762
201504132546011,SUPRME,39,57,30,160,4800
201504132546428,SWBBL,32,34,100,1610,161000
201504132546071,TRH,43,13,40,267,10680
201504132546146,UFIL,16,13,11,153,1683
201504132546132,UFIL,16,21,40,150,6000
201504132546131,UFIL,16,21,40,150,6000
201504132546130,UFIL,16,21,40,150,6000
201504132546129,UFIL,16,21,40,150,6000
201504132546498,VBBL,51,5,20,160,3200
201504132546496,VBBL,20,19,1990,162,322380
201504132546495,VBBL,20,38,40,162,6480
201504132546492,VBBL,51,5,20,160,3200
201504132546490,VBBL,51,5,20,160,3200
201504132546487,VBBL,51,5,20,160,3200
201504132546234,VBBL,5,21,40,160,6400
201504132546230,VBBL,5,21,40,160,6400
201504132546151,VBBL,5,21,20,160,3200
201504132546073,VBBL,5,26,40,160,6400
201504132546482,VBBL,20,38,20,162,3240
201504132546481,VBBL,20,22,480,161,77280
201504132546437,VBBL,20,28,3000,161,483000
201504132546398,VBBL,5,19,20,160,3200
201504132546269,VBBL,5,8,60,160,9600
201504132546268,VBBL,5,8,20,160,3200
201504132546478,YETI,13,46,480,138,66240
201504132546477,YETI,13,17,70,138,9660
201504132546476,YETI,13,51,90,137,12330
201504132546389,YETI,5,19,20,136,2720
201504132546354,YETI,5,51,50,136,6800
201504132545909,ADBL,45,47,40,465,18600
201504132545843,ADBL,38,38,145,465,67425
201504132545833,ADBL,38,38,101,465,46965
201504132545781,ADBL,19,19,101,464,46864
201504132545711,ADBL,25,48,61,462,28182
201504132545658,ADBL,25,25,145,461,66845
201504132545654,ADBL,25,25,30,470,14100
201504132545750,ADBL,45,45,61,470,28670
201504132545749,ADBL,45,45,146,470,68620
201504132545716,ADBL,50,50,40,470,18800
201504132545715,ADBL,50,50,40,470,18800
201504132545714,ADBL,50,50,40,470,18800
201504132545712,ADBL,50,43,52,465,24180
201504132546003,AHPC,1,39,82,343,28126
201504132545997,AHPC,1,26,90,343,30870
201504132545933,AHPC,1,58,200,343,68600
201504132545844,AHPC,10,49,500,345,172500
201504132545653,AHPC,8,3,74,344,25456
201504132545643,AHPC,47,22,136,345,46920
201504132545639,AHPC,47,22,136,345,46920
201504132545853,ALDBL,58,3,23,321,7383
201504132545773,ALDBL,58,20,10,325,3250
201504132545705,ALDBL,58,28,10,330,3300
201504132545704,ALDBL,58,28,10,330,3300
201504132545703,ALDBL,58,28,10,330,3300
201504132545702,ALDBL,58,28,10,330,3300
201504132545659,ALDBL,58,11,10,330,3300
201504132545665,ALDBL,58,28,10,330,3300
201504132545664,ALDBL,58,28,10,330,3300
201504132545663,ALDBL,58,28,10,330,3300
201504132545662,ALDBL,58,28,10,330,3300
201504132545661,ALDBL,58,28,10,330,3300
201504132545660,ALDBL,58,28,10,330,3300
201504132545671,ALDBL,58,28,10,330,3300
201504132545670,ALDBL,58,28,10,330,3300
201504132545669,ALDBL,58,28,10,330,3300
201504132545668,ALDBL,58,28,10,330,3300
201504132545667,ALDBL,58,28,10,330,3300
201504132545666,ALDBL,58,28,10,330,3300
201504132545677,ALDBL,58,28,10,330,3300
201504132545676,ALDBL,58,28,10,330,3300
201504132545675,ALDBL,58,28,10,330,3300
201504132545674,ALDBL,58,28,10,330,3300
201504132545673,ALDBL,58,28,10,330,3300
201504132545672,ALDBL,58,28,10,330,3300
201504132545683,ALDBL,58,28,10,330,3300
201504132545682,ALDBL,58,28,10,330,3300
201504132545681,ALDBL,58,28,10,330,3300
201504132545680,ALDBL,58,28,10,330,3300
201504132545679,ALDBL,58,28,10,330,3300
201504132545678,ALDBL,58,28,10,330,3300
201504132545689,ALDBL,58,28,10,330,3300
201504132545688,ALDBL,58,28,10,330,3300
201504132545687,ALDBL,58,28,10,330,3300
201504132545686,ALDBL,58,28,10,330,3300
201504132545685,ALDBL,58,28,10,330,3300
201504132545684,ALDBL,58,28,10,330,3300
201504132545695,ALDBL,58,28,10,330,3300
201504132545694,ALDBL,58,28,10,330,3300
201504132545693,ALDBL,58,28,10,330,3300
201504132545692,ALDBL,58,28,10,330,3300
201504132545691,ALDBL,58,28,10,330,3300
201504132545690,ALDBL,58,28,10,330,3300
201504132545701,ALDBL,58,28,10,330,3300
201504132545700,ALDBL,58,28,10,330,3300
201504132545699,ALDBL,58,28,10,330,3300
201504132545698,ALDBL,58,28,10,330,3300
201504132545697,ALDBL,58,28,10,330,3300
201504132545696,ALDBL,58,28,10,330,3300
201504132545869,APEX,14,45,200,137,27400
201504132545762,APEX,39,39,20,139,2780
201504132545958,ARDBL,25,57,50,191,9550
201504132545793,CBBL,55,55,208,1614,335712
201504132545941,CBL,13,39,133,287,38171
201504132545789,CBL,39,39,57,286,16302
201504132545938,CCBL,42,51,40,310,12400
201504132545937,CCBL,42,51,40,310,12400
201504132545936,CCBL,42,51,40,310,12400
201504132545935,CCBL,42,29,32,310,9920
201504132545875,CCBL,28,29,32,310,9920
201504132545862,CCBL,5,42,10,312,3120
201504132545787,CCBL,5,42,17,312,5304
201504132545766,CCBL,25,57,40,312,12480
201504132545763,CCBL,25,42,16,312,4992
201504132545758,CCBL,25,57,40,312,12480
201504132545857,CCBL,5,42,17,312,5304
201504132545852,CCBL,5,42,32,312,9984
201504132545851,CCBL,5,42,24,312,7488
201504132545849,CCBL,5,42,32,312,9984
201504132545790,CCBL,5,42,16,312,4992
201504132545788,CCBL,5,42,31,312,9672
201504132545999,CFCL,22,22,10,204,2040
201504132545905,CHCL,10,38,200,1607,321400
201504132545877,CHCL,33,44,400,1608,643200
201504132545827,CHCL,32,44,200,1615,323000
201504132545826,CHCL,21,21,28,1620,45360
201504132545824,CHCL,26,44,450,1606,722700
201504132545821,CHCL,21,21,28,1620,45360
201504132545741,CHCL,13,17,113,1620,183060
201504132545735,CHCL,34,41,36,1617,58212
201504132545733,CHCL,34,41,36,1617,58212
201504132545656,CHCL,45,38,10,1647,16470
201504132545575,CHCL,45,45,290,1680,487200
201504132545810,CHCL,10,35,179,1620,289980
201504132545804,CHCL,45,38,100,1620,162000
201504132545803,CHCL,57,38,40,1620,64800
201504132545802,CHCL,44,38,50,1620,81000
201504132545801,CHCL,44,38,50,1620,81000
201504132545780,CHCL,57,21,90,1620,145800
201504132545895,CNDBL,16,40,40,180,7200
201504132545894,CNDBL,16,50,500,180,90000
201504132545761,CNDBL,25,1,20,177,3540
201504132545657,CNDBL,16,16,20,177,3540
201504132545655,CNDBL,16,16,20,177,3540
201504132545652,CNDBL,16,16,20,177,3540
201504132545581,CNDBL,16,16,20,176,3520
201504132545580,CNDBL,16,16,20,176,3520
201504132545579,CNDBL,16,16,20,176,3520
201504132545578,CNDBL,16,16,20,176,3520
201504132545577,CNDBL,16,16,20,176,3520
201504132545587,CNDBL,16,16,20,176,3520
201504132545586,CNDBL,16,16,20,176,3520
201504132545585,CNDBL,16,16,20,176,3520
201504132545584,CNDBL,16,16,20,176,3520
201504132545583,CNDBL,16,16,20,176,3520
201504132545582,CNDBL,16,16,20,176,3520
201504132545593,CNDBL,16,16,20,176,3520
201504132545592,CNDBL,16,16,20,176,3520
201504132545591,CNDBL,16,16,20,176,3520
201504132545590,CNDBL,16,16,20,176,3520
201504132545589,CNDBL,16,16,20,176,3520
201504132545588,CNDBL,16,16,20,176,3520
201504132545599,CNDBL,16,16,20,176,3520
201504132545598,CNDBL,16,16,20,176,3520
201504132545597,CNDBL,16,16,20,176,3520
201504132545596,CNDBL,16,16,20,176,3520
201504132545595,CNDBL,16,16,20,176,3520
201504132545594,CNDBL,16,16,20,176,3520
201504132545605,CNDBL,16,16,20,176,3520
201504132545604,CNDBL,16,16,20,176,3520
201504132545603,CNDBL,16,16,20,176,3520
201504132545602,CNDBL,16,16,20,176,3520
201504132545601,CNDBL,16,16,20,176,3520
201504132545600,CNDBL,16,16,20,176,3520
201504132545611,CNDBL,16,16,20,176,3520
201504132545610,CNDBL,16,16,20,176,3520
201504132545609,CNDBL,16,16,20,176,3520
201504132545608,CNDBL,16,16,20,176,3520
201504132545607,CNDBL,16,16,20,176,3520
201504132545606,CNDBL,16,16,20,176,3520
201504132545617,CNDBL,16,16,20,176,3520
201504132545616,CNDBL,16,16,20,176,3520
201504132545615,CNDBL,16,16,20,176,3520
201504132545614,CNDBL,16,16,20,176,3520
201504132545613,CNDBL,16,16,20,176,3520
201504132545612,CNDBL,16,16,20,176,3520
201504132545623,CNDBL,16,16,20,176,3520
201504132545622,CNDBL,16,16,20,176,3520
201504132545621,CNDBL,16,16,20,176,3520
201504132545620,CNDBL,16,16,20,176,3520
201504132545619,CNDBL,16,16,20,176,3520
201504132545618,CNDBL,16,16,20,176,3520
201504132545629,CNDBL,16,16,20,176,3520
201504132545628,CNDBL,16,16,20,176,3520
201504132545627,CNDBL,16,16,20,176,3520
201504132545626,CNDBL,16,16,20,176,3520
201504132545625,CNDBL,16,16,20,176,3520
201504132545624,CNDBL,16,16,20,176,3520
201504132545637,CNDBL,16,16,20,176,3520
201504132545636,CNDBL,16,16,20,176,3520
201504132545633,CNDBL,16,16,20,176,3520
201504132545632,CNDBL,16,16,20,176,3520
201504132545631,CNDBL,16,16,20,176,3520
201504132545630,CNDBL,16,16,20,176,3520
201504132545648,CNDBL,16,16,20,177,3540
201504132545647,CNDBL,16,16,20,177,3540
201504132545646,CNDBL,16,16,20,177,3540
201504132545644,CNDBL,16,16,20,177,3540
201504132545642,CNDBL,32,16,20,176,3520
201504132545640,CNDBL,16,16,20,173,3460
201504132545971,CZBIL,1,8,143,445,63635
201504132545825,CZBIL,1,7,226,446,100796
201504132545798,CZBIL,8,8,214,446,95444
201504132545709,CZBIL,49,49,1000,455,455000
201504132545638,CZBIL,36,36,24,459,11016
201504132545996,EBL,42,49,363,2115,767745
201504132545959,EBL,26,36,500,2117,1058500
201504132545893,EBL,21,21,148,2125,314500
201504132545863,EBL,11,41,44,2125,93500
201504132545860,EBL,16,36,50,2135,106750
201504132545796,EBL,34,36,100,2125,212500
201504132545737,EIC,25,25,30,860,25800
201504132545946,EKBL,55,26,20,292,5840
201504132545838,EKBL,55,57,33,292,9636
201504132545829,GBBL,41,44,110,325,35750
201504132545815,GBBL,50,50,44,328,14432
201504132546002,GBIME,46,38,187,447,83589
201504132546001,GBIME,46,38,19,447,8493
201504132546000,GBIME,46,38,46,447,20562
201504132545942,GBIME,47,47,34,446,15164
201504132545925,GBIME,46,28,36,445,16020
201504132545924,GBIME,46,28,36,445,16020
201504132545731,GBIME,5,5,89,448,39872
201504132545730,GBIME,5,5,12,449,5388
201504132545719,GBIME,57,57,44,449,19756
201504132545718,GBIME,5,5,28,449,12572
201504132545775,GBIME,14,57,32,443,14176
201504132545769,GBIME,19,57,32,443,14176
201504132545768,GBIME,14,50,38,445,16910
201504132545765,GBIME,47,47,30,444,13320
201504132545752,GBIME,47,47,30,444,13320
201504132545732,GBIME,5,5,10,448,4480
201504132545814,GBIME,26,36,57,444,25308
201504132545813,GBIME,26,52,25,444,11100
201504132545806,GBIME,21,21,45,443,19935
201504132545799,GBIME,25,52,25,444,11100
201504132545797,GBIME,58,47,34,443,15062
201504132545777,GBIME,47,57,32,443,14176
201504132545910,GBIME,7,28,36,445,16020
201504132545908,GBIME,46,28,36,445,16020
201504132545904,GBIME,7,22,69,445,30705
201504132545898,GBIME,7,50,85,445,37825
201504132545841,GBIME,37,28,105,444,46620
201504132545837,GBIME,42,50,38,445,16910
201504132545916,GBIME,46,28,36,445,16020
201504132545915,GBIME,46,28,36,445,16020
201504132545914,GBIME,46,28,36,445,16020
201504132545913,GBIME,46,36,35,445,15575
201504132545912,GBIME,46,28,36,445,16020
201504132545911,GBIME,46,28,36,445,16020
201504132545923,GBIME,46,28,36,445,16020
201504132545922,GBIME,46,28,36,445,16020
201504132545921,GBIME,46,28,36,445,16020
201504132545919,GBIME,46,28,36,445,16020
201504132545918,GBIME,46,28,36,445,16020
201504132545917,GBIME,46,28,36,445,16020
201504132545975,GFCL,21,21,544,222,120768
201504132545994,HAMA,29,29,60,164,9840
201504132545993,HAMA,29,29,90,164,14760
201504132545992,HAMA,29,29,200,164,32800
201504132545991,HAMA,29,29,40,164,6560
201504132545990,HAMA,29,29,60,164,9840
201504132545989,HAMA,29,29,200,164,32800
201504132545755,HAMA,39,39,40,164,6560
201504132545754,HAMA,39,39,40,164,6560
201504132545982,HAMA,29,29,140,164,22960
201504132545981,HAMA,29,29,140,164,22960
201504132545980,HAMA,29,29,140,164,22960
201504132545979,HAMA,29,29,60,164,9840
201504132545978,HAMA,29,29,40,164,6560
201504132545817,HAMA,16,16,200,163,32600
201504132545988,HAMA,29,29,60,164,9840
201504132545987,HAMA,29,29,40,164,6560
201504132545986,HAMA,29,29,200,164,32800
201504132545985,HAMA,29,29,90,164,14760
201504132545984,HAMA,29,29,40,164,6560
201504132545983,HAMA,29,29,140,164,22960
201504132545940,HBL,16,1,283,832,235456
201504132545939,HBL,16,1,695,832,578240
201504132545897,JBBL,39,39,32,170,5440
201504132545896,JBBL,39,39,74,170,12580
201504132545845,JBBL,39,49,110,171,18810
201504132545846,KAFIL,1,47,17,222,3774
201504132545650,KAFIL,32,32,113,221,24973
201504132545931,KBL,33,33,1000,382,382000
201504132545903,KDBL,25,47,42,151,6342
201504132545872,KDBL,32,29,85,154,13090
201504132545964,KRBL,26,32,20,271,5420
201504132545960,KRBL,26,1,20,271,5420
201504132545920,KRBL,50,1,10,266,2660
201504132545900,LBL,1,1,433,533,230789
201504132545760,LICN,22,32,148,2490,368520
201504132545759,LICN,22,32,10,2489,24890
201504132545970,LLBS,13,1,10,865,8650
201504132545969,LLBS,13,42,10,860,8600
201504132545770,LUBL,56,49,23,357,8211
201504132545812,MBBL,45,22,23,226,5198
201504132545738,MBBL,38,11,300,222,66600
201504132545736,MBBL,38,22,23,221,5083
201504132545834,MBL,41,5,134,560,75040
201504132545870,METRO,14,26,500,342,171000
201504132545868,METRO,58,26,500,344,172000
201504132545786,NABIL,11,11,100,1925,192500
201504132545779,NABIL,11,11,100,1930,193000
201504132545998,NBB,1,1,200,507,101400
201504132545866,NBF1,49,3,599,13,7943
201504132545848,NBF1,21,21,10293,13,136382
201504132545976,NBL,22,33,1000,300,300000
201504132545957,NBL,49,56,1000,300,300000
201504132545956,NBL,52,56,200,300,60000
201504132545955,NBL,17,56,1000,300,300000
201504132545954,NBL,1,56,2500,300,750000
201504132545953,NBL,10,56,500,300,150000
201504132545725,NBL,44,33,500,300,150000
201504132545724,NBL,44,33,500,300,150000
201504132545723,NBL,44,33,500,300,150000
201504132545722,NBL,44,33,500,300,150000
201504132545721,NBL,44,33,500,300,150000
201504132545720,NBL,44,33,500,300,150000
201504132545927,NBL,21,21,100,304,30400
201504132545907,NBL,10,33,5000,300,1500000
201504132545729,NBL,44,33,500,300,150000
201504132545728,NBL,44,33,500,300,150000
201504132545727,NBL,44,33,500,300,150000
201504132545726,NBL,44,33,500,300,150000
201504132545952,NBL,13,56,300,300,90000
201504132545951,NBL,46,56,100,300,30000
201504132545950,NBL,55,56,500,301,150500
201504132545949,NBL,13,56,1000,301,301000
201504132545948,NBL,53,56,200,302,60400
201504132545947,NBL,45,56,500,303,151500
201504132545708,NCCB,33,33,300,590,177000
201504132545713,NCDB,3,3,115,349,40135
201504132545847,NGBL,33,33,80,281,22480
201504132545767,NGBL,39,17,10,280,2800
201504132545649,NGBL,39,3,162,275,44550
201504132545891,NHPC,1,56,500,125,62500
201504132545889,NHPC,55,47,500,126,63000
201504132545888,NHPC,11,14,1000,125,125000
201504132545842,NHPC,55,10,200,126,25200
201504132545651,NHPC,36,53,1000,127,127000
201504132545934,NIB,13,53,252,704,177408
201504132545820,NIB,13,36,300,704,211200
201504132545819,NIB,45,36,60,705,42300
201504132545818,NIB,11,36,40,705,28200
201504132545816,NIB,45,44,106,705,74730
201504132545995,NIBPO,11,11,100,503,50300
201504132545892,NIBPO,49,57,1100,499,548900
201504132545776,NICA,7,7,30,655,19650
201504132545576,NIL,25,58,20,617,12340
201504132545785,NLG,39,39,15,659,9885
201504132545784,NLG,39,39,15,659,9885
201504132545783,NLG,39,39,30,659,19770
201504132545782,NLG,39,39,30,659,19770
201504132545944,NLIC,28,28,200,4425,885000
201504132545932,NLIC,28,28,220,4425,973500
201504132545926,NLIC,17,28,100,4425,442500
201504132545890,NLIC,17,17,100,4435,443500
201504132545887,NLIC,42,32,18,4440,79920
201504132545881,NLIC,17,17,200,4439,887800
201504132545902,NLICL,11,1,10,2200,22000
201504132545901,NLICL,10,1,10,2200,22000
201504132545840,NLICL,28,44,30,2200,66000
201504132545839,NLICL,28,44,50,2200,110000
201504132545945,NTC,5,14,420,605,254100
201504132545943,NTC,5,49,100,604,60400
201504132545972,NUBL,16,16,217,1265,274505
201504132545968,NUBL,16,16,227,1265,287155
201504132545832,OHL,28,25,20,735,14700
201504132545886,PCBL,16,34,486,448,217728
201504132545884,PCBL,13,52,106,449,47594
201504132545830,PCBL,13,59,19,448,8512
201504132545973,PRDBL,13,7,363,168,60984
201504132545809,PRDBL,25,25,20,165,3300
201504132545965,PRVU,1,59,233,350,81550
201504132545961,PRVU,49,49,1000,349,349000
201504132545880,PRVU,19,52,43,350,15050
201504132545876,PRVU,10,8,1000,348,348000
201504132545867,PRVU,32,32,681,351,239031
201504132545865,PRVU,1,59,1000,348,348000
201504132545634,PRVU,38,38,11,354,3894
201504132545808,PRVU,38,32,300,357,107100
201504132545807,PRVU,38,59,1000,357,357000
201504132545764,PRVU,38,38,11,353,3883
201504132545757,PRVU,38,59,1000,357,357000
201504132545734,PRVU,14,36,22,353,7766
201504132545635,PRVU,14,38,11,347,3817
201504132545864,PRVU,21,21,194,350,67900
201504132545859,PRVU,40,59,352,351,123552
201504132545858,PRVU,19,59,66,352,23232
201504132545855,PRVU,38,59,626,350,219100
201504132545831,PRVU,48,53,500,357,178500
201504132545885,PRVUPO,8,45,168351,146,24579246
201504132545883,PRVUPO,8,45,129426,144,18637344
201504132545882,PRVUPO,8,45,129426,142,18378492
201504132545967,SANIMA,21,21,2165,560,1212400
201504132545899,SANIMA,11,58,454,563,255602
201504132545873,SANIMA,16,1,2255,555,1251525
201504132545753,SANIMA,34,34,80,561,44880
201504132545739,SANIMA,34,1,100,561,56100
201504132545962,SBI,44,1,924,900,831600
201504132545977,SBL,43,50,23,685,15755
201504132545930,SBL,16,28,210,682,143220
201504132545928,SBL,10,28,210,683,143430
201504132545836,SBL,16,14,366,685,250710
201504132545822,SBL,46,35,28,690,19320
201504132545795,SBL,46,7,113,690,77970
201504132545747,SBL,16,28,84,690,57960
201504132545746,SBL,16,28,42,690,28980
201504132545745,SBL,16,28,122,690,84180
201504132545744,SBL,16,25,41,690,28290
201504132545743,SBL,16,34,65,688,44720
201504132545742,SBL,16,34,34,686,23324
201504132545811,SHBL,55,45,26,1428,37128
201504132545835,SHINE,41,47,163,350,57050
201504132545805,SHPC,8,11,89,735,65415
201504132545974,SKBBL,48,48,260,1500,390000
201504132545966,SRBL,28,26,11,391,4301
201504132545963,SRBL,45,26,44,394,17336
201504132545929,SRBL,45,42,48,395,18960
201504132545879,SRBL,29,26,48,393,18864
201504132545878,SRBL,28,26,143,394,56342
201504132545871,SRBL,21,21,29,396,11484
201504132545794,SRBL,44,48,270,399,107730
201504132545792,SRBL,44,29,16,393,6288
201504132545791,SRBL,44,29,16,393,6288
201504132545641,SRBL,25,25,86,393,33798
201504132545710,SUBBL,44,38,14,294,4116
201504132545717,SWBBL,45,33,19,1610,30590
201504132545823,UFIL,1,13,11,150,1650
201504132545800,UFIL,1,26,20,150,3000
201504132545774,UFIL,6,49,10,151,1510
201504132545772,UFIL,6,49,10,151,1510
201504132545740,UIC,11,11,60,400,24000
201504132545874,VBBL,25,17,90,158,14220
201504132545861,VBBL,25,25,30,158,4740
201504132545856,VBBL,25,25,40,158,6320
201504132545850,VBBL,25,52,70,159,11130
201504132545778,VBBL,25,25,50,156,7800
201504132545756,VBBL,25,25,60,157,9420
201504132545748,VBBL,8,57,90,158,14220
201504132545707,VBBL,25,25,40,159,6360
201504132545706,VBBL,25,25,60,159,9540
201504132545645,VBBL,25,25,80,161,12880
201504132545854,WDBL,49,49,745,328,244360
201504132545828,WDBL,49,49,400,331,132400
201504132545771,YETI,17,49,20,134,2680
