contract,symbol,buyer,seller,qty,rate,amt
201511032821072,ADBL,45,38,30,457,13710
201511032821133,AHPC,13,55,50,281,14050
201511032821096,AHPC,13,37,199,276,54924
201511032821014,AHPC,28,7,178,275,48950
201511032821013,AHPC,28,41,500,275,137500
201511032821117,ALICL,57,36,100,1000,100000
201511032821116,ALICL,28,36,100,1000,100000
201511032821147,APEX,5,50,500,140,70000
201511032820709,APEX,5,45,500,137,68500
201511032820750,APEX,5,45,89,139,12371
201511032820748,APEX,5,45,330,138,45540
201511032820710,APEX,29,45,170,137,23290
201511032820829,ARDBL,50,1,429,187,80223
201511032820815,ARDBL,50,22,493,187,92191
201511032821155,BARUN,4,11,10,368,3680
201511032821149,BARUN,4,11,10,368,3680
201511032821148,BARUN,4,11,10,368,3680
201511032821143,BARUN,4,11,10,368,3680
201511032821140,BARUN,7,7,10,369,3690
201511032821136,BARUN,4,32,10,368,3680
201511032820884,BARUN,7,7,10,369,3690
201511032820880,BARUN,7,7,10,369,3690
201511032820877,BARUN,7,7,10,369,3690
201511032820869,BARUN,7,7,10,369,3690
201511032820718,BARUN,4,50,10,372,3720
201511032820926,BARUN,7,7,10,369,3690
201511032820915,BARUN,7,7,10,369,3690
201511032820910,BARUN,7,7,10,369,3690
201511032820900,BARUN,7,7,10,369,3690
201511032820894,BARUN,7,7,10,369,3690
201511032820892,BARUN,7,7,10,369,3690
201511032820956,BARUN,4,7,10,368,3680
201511032820953,BARUN,4,7,10,368,3680
201511032820947,BARUN,4,7,10,368,3680
201511032820942,BARUN,4,21,10,368,3680
201511032820939,BARUN,4,49,10,368,3680
201511032820931,BARUN,7,49,10,369,3690
201511032821076,BARUN,4,32,10,368,3680
201511032821070,BARUN,4,32,10,368,3680
201511032821064,BARUN,4,32,10,368,3680
201511032821024,BARUN,4,32,10,368,3680
201511032821020,BARUN,4,32,10,368,3680
201511032821017,BARUN,4,32,10,368,3680
201511032820871,BHBL,45,42,100,320,32000
201511032820870,BHBL,45,42,100,320,32000
201511032820995,BLDBL,52,21,32,395,12640
201511032820859,BLDBL,22,22,545,400,218000
201511032821049,BUDBL,28,59,500,257,128500
201511032821048,BUDBL,6,59,200,258,51600
201511032820784,BUDBL,6,7,173,258,44634
201511032820766,BUDBL,28,45,765,262,200430
201511032821068,CCBL,11,59,200,295,59000
201511032820977,CCBL,6,45,477,295,140715
201511032820967,CCBL,6,38,325,295,95875
201511032820878,CCBL,26,25,170,294,49980
201511032821009,CFCL,6,14,49,245,12005
201511032821146,CHCL,49,54,100,1370,137000
201511032821145,CHCL,49,38,200,1370,274000
201511032821078,CHCL,50,50,62,1371,85002
201511032821045,CHCL,46,7,51,1365,69615
201511032820980,CHCL,49,54,100,1368,136800
201511032820979,CHCL,49,38,138,1366,188508
201511032820690,CHCL,36,7,100,1362,136200
201511032820862,CHCL,43,17,236,1362,321432
201511032820832,CHCL,8,40,19,1365,25935
201511032820828,CHCL,11,6,176,1367,240592
201511032820738,CHCL,58,52,80,1364,109120
201511032820695,CHCL,49,7,100,1361,136100
201511032820693,CHCL,49,7,80,1361,108880
201511032821132,CZBIL,34,5,700,515,360500
201511032821025,CZBIL,17,17,190,516,98040
201511032821004,CZBIL,6,44,143,515,73645
201511032820902,CZBIL,6,45,207,515,106605
201511032820741,CZBIL,29,44,500,516,258000
201511032820861,CZBIL,6,44,500,515,257500
201511032820844,CZBIL,6,44,500,515,257500
201511032820783,CZBIL,42,17,41,515,21115
201511032820744,CZBIL,29,44,100,515,51500
201511032820743,CZBIL,6,44,2000,515,1030000
201511032820742,CZBIL,14,44,150,515,77250
201511032820799,DBBL,53,40,50,190,9500
201511032821159,EBL,41,47,36,2715,97740
201511032821137,EBL,41,7,20,2715,54300
201511032820740,EBL,59,7,38,2704,102752
201511032820719,EBL,45,7,50,2704,135200
201511032820697,EBL,41,54,100,2705,270500
201511032820696,EBL,41,45,200,2704,540800
201511032820680,EBL,45,45,100,2704,270400
201511032820679,EBL,44,45,41,2704,110864
201511032820874,EBL,6,6,500,2705,1352500
201511032820825,EBL,16,7,10,2717,27170
201511032820802,EBL,59,35,600,2710,1626000
201511032820762,EBL,41,11,40,2710,108400
201511032820761,EBL,41,14,100,2709,270900
201511032820963,EBL,28,36,46,2710,124660
201511032820901,EBL,13,13,60,2712,162720
201511032820897,EBL,6,6,500,2710,1355000
201511032820895,EBL,45,21,20,2713,54260
201511032821088,EBL,59,54,500,2715,1357500
201511032821073,EBL,16,16,10,2714,27140
201511032821061,EBL,6,6,500,2710,1355000
201511032821052,EBL,16,7,100,2714,271400
201511032821010,EBL,41,45,200,2710,542000
201511032820970,EBL,28,45,64,2710,173440
201511032821094,EBL,59,7,100,2718,271800
201511032821093,EBL,59,14,100,2717,271700
201511032821092,EBL,59,11,100,2715,271500
201511032820865,EFL,47,14,10,168,1680
201511032821036,EIC,36,17,200,725,145000
201511032821028,EIC,38,17,350,726,254100
201511032821027,EIC,17,17,50,730,36500
201511032820972,EIC,38,45,370,740,273800
201511032820831,FBBL,32,32,500,300,150000
201511032820668,FBBL,16,16,500,298,149000
201511032821055,FMDBL,5,45,100,535,53500
201511032820933,FMDBL,58,11,440,530,233200
201511032820927,GBBL,5,17,175,332,58100
201511032820888,GBBL,5,43,300,334,100200
201511032820885,GBBL,28,26,765,331,253215
201511032821032,GBIME,16,50,1750,391,684250
201511032821031,GBIME,8,50,1000,391,391000
201511032821030,GBIME,47,50,50,391,19550
201511032821016,GBIME,39,50,2000,392,784000
201511032821015,GBIME,47,50,200,392,78400
201511032820992,GBIME,52,42,500,392,196000
201511032820671,GBIME,14,57,50,394,19700
201511032820827,GBIME,58,33,40,394,15760
201511032820826,GBIME,22,33,20,394,7880
201511032820803,GBIME,1,19,633,393,248769
201511032820720,GBIME,17,17,62,394,24428
201511032820673,GBIME,22,57,150,394,59100
201511032820672,GBIME,22,57,100,394,39400
201511032820969,GBIME,25,17,91,393,35763
201511032820948,GBIME,21,51,200,394,78800
201511032820925,GBIME,29,51,150,394,59100
201511032820896,GBIME,11,33,100,394,39400
201511032820887,GBIME,16,33,100,394,39400
201511032820881,GBIME,59,17,48,394,18912
201511032821066,GDBL,57,22,100,403,40300
201511032821065,GDBL,57,49,100,403,40300
201511032821057,GDBL,43,49,60,403,24180
201511032821050,GDBL,51,52,80,400,32000
201511032821046,GDBL,1,49,300,403,120900
201511032821038,GDBL,1,35,200,403,80600
201511032821002,GDBL,58,21,224,405,90720
201511032820797,GDBL,3,21,10,406,4060
201511032820788,GDBL,41,47,100,399,39900
201511032820715,GDBL,3,21,10,399,3990
201511032821115,GFCL,28,10,284,200,56800
201511032821080,GFCL,58,11,100,204,20400
201511032821063,GFCL,32,11,50,200,10000
201511032820822,GFCL,6,6,500,197,98500
201511032821087,GLICL,25,40,100,536,53600
201511032820670,GLICL,34,39,32,527,16864
201511032821165,HAMA,32,38,200,174,34800
201511032821164,HAMA,32,14,160,173,27680
201511032820760,HAMA,32,14,40,173,6920
201511032820707,HAMA,14,5,200,172,34400
201511032820701,HAMA,14,14,50,171,8550
201511032820700,HAMA,14,14,50,171,8550
201511032820694,HAMA,50,14,50,171,8550
201511032820689,HAMA,50,14,50,171,8550
201511032820688,HAMA,50,14,50,171,8550
201511032820687,HAMA,50,14,50,171,8550
201511032821163,HBL,58,1,13,1210,15730
201511032821141,HBL,59,16,55,1200,66000
201511032821091,HBL,58,36,20,1213,24260
201511032820838,HBL,7,33,10,1190,11900
201511032820837,HBL,7,36,150,1190,178500
201511032820824,HBL,21,33,100,1190,119000
201511032820823,HBL,11,33,10,1192,11920
201511032821154,IDBL,17,48,350,190,66500
201511032821033,IDBL,51,26,100,193,19300
201511032820893,IDBL,39,26,10,191,1910
201511032821047,ILFC,57,1,2184,224,489216
201511032820810,ILFC,14,38,420,225,94500
201511032820708,ILFC,8,43,210,224,47040
201511032820702,ILFC,25,7,500,224,112000
201511032820930,INDBL,43,11,291,206,59946
201511032820929,INDBL,43,29,700,206,144200
201511032820986,JBBL,25,42,200,172,34400
201511032820985,JBBL,50,42,40,172,6880
201511032820984,JBBL,34,42,50,173,8650
201511032820952,KBBL,43,43,20,327,6540
201511032821166,KBL,8,5,500,404,202000
201511032821156,KBL,14,41,15,401,6015
201511032821152,KBL,14,41,250,401,100250
201511032821151,KBL,8,41,200,401,80200
201511032821150,KBL,8,41,100,402,40200
201511032821051,KBL,8,41,250,404,101000
201511032821037,KBL,8,25,400,403,161200
201511032821012,KBL,13,17,100,402,40200
201511032820982,KBL,25,25,300,402,120600
201511032820981,KBL,56,25,100,402,40200
201511032820804,KBL,8,42,500,401,200500
201511032821120,KDBL,28,29,1645,178,292810
201511032821118,KMCDB,38,48,20,1250,25000
201511032821113,KMCDB,38,48,12,1251,15012
201511032821110,KMCDB,38,48,80,1251,100080
201511032821109,KMCDB,38,48,100,1251,125100
201511032821108,KMCDB,45,48,50,1255,62750
201511032821107,KMCDB,45,48,100,1255,125500
201511032821086,KMCDB,43,1,100,1256,125600
201511032820891,LBL,42,44,1000,486,486000
201511032820883,LBL,58,44,500,487,243500
201511032820882,LBL,8,44,50,488,24400
201511032820769,LBL,32,21,100,488,48800
201511032820954,LGIL,22,17,211,365,77015
201511032820780,LICN,57,32,14,3200,44800
201511032820704,LICN,46,59,21,3156,66276
201511032821139,LLBS,42,14,551,815,449065
201511032820789,LLBS,13,14,100,815,81500
201511032821060,LUBL,39,26,337,375,126375
201511032821059,LUBL,39,17,350,374,130900
201511032820839,LUBL,58,40,420,372,156240
201511032820811,LUBL,17,17,50,374,18700
201511032820723,LUBL,36,17,100,374,37400
201511032820684,LUBL,29,11,825,372,306900
201511032820835,MDB,40,25,100,542,54200
201511032820834,MDB,16,25,100,542,54200
201511032820879,MDBL,45,21,200,290,58000
201511032820706,MDBL,29,29,10,285,2850
201511032821079,MLBBL,10,49,12,994,11928
201511032821043,MNBBL,28,13,212,675,143100
201511032821001,MNBBL,16,58,240,667,160080
201511032821000,MNBBL,1,58,200,667,133400
201511032820999,MNBBL,7,58,160,668,106880
201511032820998,MNBBL,56,58,100,669,66900
201511032820997,MNBBL,10,58,100,670,67000
201511032820736,MNBBL,25,14,70,666,46620
201511032820735,MNBBL,14,14,30,669,20070
201511032821167,NABIL,41,17,200,2270,454000
201511032820935,NABIL,44,17,50,2266,113300
201511032820714,NABIL,25,17,200,2270,454000
201511032820713,NABIL,5,17,100,2271,227100
201511032820712,NABIL,5,17,200,2272,454400
201511032820678,NABIL,25,38,50,2270,113500
201511032820677,NABIL,14,38,20,2285,45700
201511032821142,NABILP,59,21,80,1685,134800
201511032821106,NABILP,59,14,20,1685,33700
201511032821105,NABILP,59,17,100,1684,168400
201511032821104,NABILP,59,32,100,1683,168300
201511032820875,NABILP,49,42,2000,1675,3350000
201511032820909,NABILP,6,42,200,1675,335000
201511032820908,NABILP,5,42,100,1676,167600
201511032821103,NABILP,59,41,400,1682,672800
201511032821102,NABILP,59,33,40,1681,67240
201511032821099,NABILP,59,53,100,1676,167600
201511032821162,NBB,46,53,150,595,89250
201511032821161,NBB,58,53,250,595,148750
201511032821158,NBB,58,51,1500,595,892500
201511032821125,NBB,5,53,500,596,298000
201511032821124,NBB,13,53,200,596,119200
201511032821114,NBB,21,42,217,596,129332
201511032820675,NBB,6,26,300,597,179100
201511032820674,NBB,6,52,350,596,208600
201511032820669,NBB,34,7,193,595,114835
201511032820746,NBB,6,52,350,597,208950
201511032820731,NBB,21,45,200,597,119400
201511032820699,NBB,45,25,100,598,59800
201511032820686,NBB,58,54,200,595,119000
201511032820676,NBB,6,6,370,597,220890
201511032820798,NBB,52,19,147,598,87906
201511032820787,NBB,8,21,57,598,34086
201511032820767,NBB,6,6,370,597,220890
201511032820759,NBB,6,26,300,597,179100
201511032820849,NBB,39,1,164,600,98400
201511032820833,NBB,39,17,63,600,37800
201511032820821,NBB,5,21,400,599,239600
201511032820820,NBB,5,25,300,599,179700
201511032820819,NBB,5,21,120,599,71880
201511032820812,NBB,52,26,125,598,74750
201511032820886,NBB,49,49,2200,599,1317800
201511032820857,NBB,39,1,393,600,235800
201511032820856,NBB,39,42,200,600,120000
201511032820855,NBB,39,36,200,600,120000
201511032820854,NBB,39,57,200,600,120000
201511032820851,NBB,7,13,237,599,141963
201511032820943,NBB,36,38,300,600,180000
201511032820916,NBB,36,43,100,599,59900
201511032820912,NBB,13,21,10,600,6000
201511032820907,NBB,13,25,15,600,9000
201511032820903,NBB,13,25,75,600,45000
201511032820890,NBB,7,45,88,599,52712
201511032820957,NBB,43,45,500,597,298500
201511032820950,NBB,49,49,100,599,59900
201511032820949,NBB,7,49,100,599,59900
201511032820946,NBB,36,38,500,600,300000
201511032820945,NBB,36,43,100,600,60000
201511032820944,NBB,36,57,500,600,300000
201511032821042,NBB,58,42,50,595,29750
201511032821041,NBB,33,42,300,596,178800
201511032821040,NBB,34,42,50,596,29800
201511032820994,NBB,35,54,250,599,149750
201511032820968,NBB,49,49,450,599,269550
201511032821026,NBF1,36,46,599,13,7667
201511032821003,NBF1,5,46,899,13,11597
201511032820692,NBF1,8,13,1199,13,15587
201511032820685,NBF1,8,13,1199,13,15587
201511032821144,NBL,25,32,100,253,25300
201511032821097,NBL,7,32,300,253,75900
201511032821089,NBL,1,32,300,253,75900
201511032821022,NBL,1,38,200,253,50600
201511032821006,NBL,43,38,200,254,50800
201511032820996,NBL,8,38,500,254,127000
201511032820795,NBL,13,49,300,256,76800
201511032820794,NBL,19,49,200,258,51600
201511032820737,NBL,29,10,500,261,130500
201511032820974,NBL,8,38,500,254,127000
201511032820911,NBL,44,10,500,255,127500
201511032820905,NBL,44,45,500,255,127500
201511032820867,NBL,6,10,500,255,127500
201511032820866,NBL,6,10,100,255,25500
201511032820813,NBL,13,36,585,256,149760
201511032821122,NCCB,16,35,2000,400,800000
201511032820872,NCCB,5,21,100,405,40500
201511032820732,NCCB,5,38,200,404,80800
201511032821044,NHPC,36,6,500,111,55500
201511032821023,NHPC,36,6,1000,111,111000
201511032821005,NHPC,36,6,1000,111,111000
201511032820924,NHPC,25,6,500,111,55500
201511032820913,NHPC,22,45,500,112,56000
201511032820889,NHPC,25,13,500,111,55500
201511032820873,NHPC,57,6,1000,111,111000
201511032820863,NHPC,22,16,100,112,11200
201511032820860,NHPC,5,16,1000,110,110000
201511032820793,NHPC,5,56,1000,111,111000
201511032820776,NHPC,48,45,500,113,56500
201511032821138,NIB,7,22,192,720,138240
201511032821018,NIB,54,59,500,719,359500
201511032820987,NIB,16,45,197,720,141840
201511032820868,NIB,16,17,74,720,53280
201511032820782,NIB,54,38,380,719,273220
201511032820781,NIB,11,38,20,719,14380
201511032820770,NIB,29,7,43,719,30917
201511032820739,NIB,54,45,322,720,231840
201511032820681,NIB,6,45,1158,721,834918
201511032821121,NIBPO,59,32,500,610,305000
201511032821075,NIBPO,53,55,100,604,60400
201511032820683,NIBPO,19,50,100,612,61200
201511032820682,NIBPO,19,32,100,611,61100
201511032821157,NICA,44,38,500,868,434000
201511032821100,NICA,57,42,252,862,217224
201511032821084,NICA,46,19,200,860,172000
201511032821083,NICA,28,19,200,861,172200
201511032821082,NICA,47,19,50,861,43050
201511032821081,NICA,16,19,50,865,43250
201511032820724,NICA,41,42,200,865,173000
201511032820721,NICA,55,42,200,865,173000
201511032820711,NICA,28,44,115,865,99475
201511032821085,NLBBL,17,17,47,1630,76610
201511032820983,NLBBL,29,17,100,1633,163300
201511032820906,NLBBL,48,17,200,1640,328000
201511032820904,NLBBL,11,17,130,1650,214500
201511032820801,NLBBL,45,6,50,1678,83900
201511032821074,NLG,26,7,230,680,156400
201511032820899,NLG,33,34,13,680,8840
201511032820898,NLG,33,1,20,680,13600
201511032820876,NLG,33,6,18,680,12240
201511032820779,NLG,33,47,29,680,19720
201511032821135,NLIC,28,17,30,3120,93600
201511032821095,NLIC,28,14,50,3140,157000
201511032820958,NLIC,57,59,50,3140,157000
201511032820847,NLIC,29,59,50,3125,156250
201511032820785,NLIC,29,7,40,3118,124720
201511032820691,NLIC,49,59,50,3125,156250
201511032821130,NLICL,33,33,157,2099,329543
201511032821119,NLICL,17,46,256,2085,533760
201511032821069,NLICL,33,46,300,2075,622500
201511032821056,NLICL,21,46,88,2075,182600
201511032820951,NLICL,33,21,260,2090,543400
201511032820941,NLICL,53,53,200,2080,416000
201511032820775,NLICL,25,25,60,2090,125400
201511032820774,NLICL,25,29,20,2089,41780
201511032820764,NLICL,25,7,34,2089,71026
201511032820745,NLICL,21,21,130,2085,271050
201511032820733,NLICL,35,26,200,2085,417000
201511032820705,NTC,35,51,795,645,512775
201511032820807,NTC,35,20,85,643,54655
201511032820796,NTC,35,20,1000,643,643000
201511032821054,NTC,16,16,100,650,65000
201511032821062,PCBL,4,16,100,566,56600
201511032820934,PCBL,22,45,52,568,29536
201511032820922,PCBL,58,33,100,565,56500
201511032820749,PCBL,58,11,496,561,278256
201511032820747,PCBL,54,33,200,564,112800
201511032820765,PIC,6,5,45,472,21240
201511032820932,PLIC,6,14,148,1245,184260
201511032820928,PLIC,44,17,20,1240,24800
201511032820921,PLIC,49,51,40,1225,49000
201511032820920,PLIC,49,19,690,1225,845250
201511032820850,PLIC,50,16,109,1212,132108
201511032820846,PLIC,44,16,700,1213,849100
201511032820729,PLIC,57,19,200,1225,245000
201511032821123,PROFL,35,39,100,155,15500
201511032821021,PROFL,35,13,100,158,15800
201511032820853,PROFL,35,39,140,158,22120
201511032820845,PROFL,35,17,60,158,9480
201511032820814,PROFL,35,25,80,161,12880
201511032820940,REDBL,45,21,40,295,11800
201511032820914,RHPC,32,50,12,375,4500
201511032821153,RMDC,13,13,100,635,63500
201511032820758,SADBL,14,14,69,389,26841
201511032820757,SADBL,14,14,69,389,26841
201511032820756,SADBL,14,14,69,389,26841
201511032820755,SADBL,14,14,69,389,26841
201511032820754,SADBL,14,14,69,389,26841
201511032820753,SADBL,14,14,69,389,26841
201511032820751,SADBL,14,22,57,389,22173
201511032820808,SAFL,35,33,130,188,24440
201511032821090,SANIMA,38,55,122,631,76982
201511032821053,SANIMA,6,36,500,630,315000
201511032820973,SANIMA,6,45,150,628,94200
201511032820965,SANIMA,20,45,300,628,188400
201511032820964,SANIMA,17,45,50,629,31450
201511032820938,SANIMA,14,16,40,630,25200
201511032820778,SANIMA,53,45,80,630,50400
201511032820752,SANIMA,21,45,100,630,63000
201511032820728,SANIMA,38,45,10,630,6300
201511032820727,SANIMA,28,45,100,630,63000
201511032820726,SANIMA,38,45,10,633,6330
201511032821131,SBI,49,33,300,1300,390000
201511032821129,SBI,49,44,150,1300,195000
201511032821128,SBI,49,19,50,1299,64950
201511032821127,SBI,49,41,100,1298,129800
201511032821126,SBI,49,22,500,1295,647500
201511032820991,SBI,8,26,200,1300,260000
201511032820730,SBI,1,42,200,1285,257000
201511032820990,SBI,8,8,30,1300,39000
201511032820989,SBI,8,36,50,1295,64750
201511032820978,SBI,44,45,136,1276,173536
201511032820976,SBI,8,22,39,1290,50310
201511032820975,SBI,8,53,100,1290,129000
201511032820960,SBI,4,54,200,1289,257800
201511032821134,SBL,49,50,200,675,135000
201511032821112,SBL,49,42,100,675,67500
201511032820966,SBL,33,5,110,680,74800
201511032820918,SBL,33,22,500,680,340000
201511032820858,SBL,33,6,115,680,78200
201511032820800,SBL,33,38,270,680,183600
201511032820792,SBL,33,19,1230,679,835170
201511032820786,SBL,41,19,100,670,67000
201511032820962,SCB,13,54,100,2511,251100
201511032820961,SCB,13,33,100,2509,250900
201511032820955,SCB,13,25,148,2508,371184
201511032820917,SCB,28,21,34,2505,85170
201511032820841,SCB,6,6,214,2505,536070
201511032820717,SCB,13,21,200,2505,501000
201511032820716,SCB,13,6,100,2504,250400
201511032821160,SHL,22,18,500,410,205000
201511032821039,SHL,5,18,100,415,41500
201511032821029,SHL,11,18,100,415,41500
201511032821011,SHL,22,18,500,415,207500
201511032821008,SHL,22,18,500,415,207500
201511032820988,SHL,41,18,200,420,84000
201511032820971,SHL,29,18,100,420,42000
201511032820959,SHL,34,18,200,420,84000
201511032821019,SIC,43,47,400,790,316000
201511032820809,SIC,43,7,188,800,150400
201511032820763,SIC,43,7,400,800,320000
201511032821007,SIGS1,16,42,20000,15,308000
201511032820768,SIGS1,16,17,10000,16,156000
201511032821111,SKBBL,55,26,12,1785,21420
201511032821101,SKBBL,7,26,28,1786,50008
201511032820836,SKBBL,55,42,133,1800,239400
201511032820830,SKBBL,55,36,125,1795,224375
201511032820703,SKBBL,38,38,12,1780,21360
201511032821035,SODBL,6,32,500,132,66000
201511032821034,SODBL,6,19,500,131,65500
201511032820993,SODBL,25,13,864,130,112320
201511032820923,SODBL,43,48,1000,130,130000
201511032820919,SODBL,43,11,4397,130,571610
201511032820722,SODBL,33,20,2000,129,258000
201511032820777,SRBL,36,17,26,370,9620
201511032820848,SUPRME,48,38,301,200,60200
201511032820806,SUPRME,48,32,105,199,20895
201511032820734,SUPRME,51,47,100,199,19900
201511032820698,SUPRME,57,4,200,199,39800
201511032821077,SWBBL,11,10,300,1975,592500
201511032820840,SWBBL,33,48,50,1964,98200
201511032820725,SWBBL,29,14,24,1952,46848
201511032821071,YETI,25,13,400,144,57600
201511032820818,YETI,36,28,960,142,136320
201511032820817,YETI,51,28,40,142,5680
201511032820816,YETI,25,28,200,143,28600
201511032820805,YETI,25,42,300,143,42900
201511032820773,YETI,51,19,60,142,8520
201511032820772,YETI,39,19,100,142,14200
201511032820771,YETI,8,19,100,143,14300
201511032820581,ADBL,36,26,31,455,14105
201511032820331,ADBL,36,48,20,455,9100
201511032820655,AHPC,3,20,127,275,34925
201511032820646,AHPC,3,36,33,275,9075
201511032820642,AHPC,3,36,81,276,22356
201511032820630,AHPC,3,37,205,277,56785
201511032820369,AHPC,29,6,1000,278,278000
201511032820368,AHPC,29,37,210,277,58170
201511032820657,ALICL,28,25,95,1010,95950
201511032820595,ALICL,28,59,114,1000,114000
201511032820594,ALICL,39,51,51,1002,51102
201511032820548,ALICL,44,43,500,1001,500500
201511032820496,ALICL,57,14,289,1000,289000
201511032820476,ALICL,28,49,50,1000,50000
201511032820475,ALICL,45,49,30,1000,30000
201511032820456,ALICL,28,14,500,1000,500000
201511032820259,APEX,29,39,200,141,28200
201511032820400,APEX,29,19,50,139,6950
201511032820381,APEX,5,39,500,140,70000
201511032820265,ARDBL,50,25,100,189,18900
201511032820627,BARUN,4,1,10,365,3650
201511032820626,BARUN,4,32,10,364,3640
201511032820625,BARUN,4,46,10,360,3600
201511032820624,BARUN,4,51,10,359,3590
201511032820608,BARUN,25,26,10,358,3580
201511032820604,BARUN,25,26,10,358,3580
201511032820179,BARUN,33,11,10,378,3780
201511032820176,BARUN,33,26,10,378,3780
201511032820175,BARUN,33,26,10,378,3780
201511032820256,BARUN,33,42,10,357,3570
201511032820255,BARUN,33,42,10,357,3570
201511032820223,BARUN,29,32,10,364,3640
201511032820213,BARUN,29,26,10,371,3710
201511032820181,BARUN,33,5,10,378,3780
201511032820180,BARUN,33,43,10,378,3780
201511032820446,BARUN,37,16,10,358,3580
201511032820444,BARUN,37,26,10,358,3580
201511032820441,BARUN,37,51,10,358,3580
201511032820437,BARUN,43,47,10,358,3580
201511032820428,BARUN,43,47,10,358,3580
201511032820302,BARUN,43,1,10,358,3580
201511032820483,BARUN,25,51,10,358,3580
201511032820458,BARUN,25,51,10,358,3580
201511032820457,BARUN,25,16,10,358,3580
201511032820455,BARUN,25,51,10,358,3580
201511032820454,BARUN,37,16,10,358,3580
201511032820450,BARUN,37,51,10,358,3580
201511032820550,BARUN,43,51,10,359,3590
201511032820549,BARUN,43,51,10,359,3590
201511032820547,BARUN,43,51,10,359,3590
201511032820546,BARUN,43,51,10,359,3590
201511032820508,BARUN,43,51,10,359,3590
201511032820500,BARUN,25,51,10,358,3580
201511032820612,BPCL,45,49,370,603,223110
201511032820587,BPCL,45,43,130,603,78390
201511032820382,CBBL,44,44,289,1680,485520
201511032820643,CBL,47,19,322,260,83720
201511032820513,CBL,47,47,14,255,3570
201511032820390,CBL,22,34,35,254,8890
201511032820281,CBL,58,58,1400,256,358400
201511032820536,CCBL,51,19,300,293,87900
201511032820431,CCBL,6,55,412,290,119480
201511032820426,CCBL,6,48,1080,290,313200
201511032820425,CCBL,44,48,3000,292,876000
201511032820424,CCBL,55,48,10,292,2920
201511032820423,CCBL,11,48,100,293,29300
201511032820320,CCBL,58,58,840,293,246120
201511032820318,CCBL,49,58,17,293,4981
201511032820304,CCBL,58,58,1000,294,294000
201511032820269,CCBL,34,45,42,295,12390
201511032820268,CCBL,34,45,42,295,12390
201511032820264,CCBL,34,45,42,295,12390
201511032820401,CCBL,11,16,48,294,14112
201511032820376,CCBL,11,16,48,294,14112
201511032820372,CCBL,49,59,1100,293,322300
201511032820371,CCBL,34,59,300,293,87900
201511032820351,CCBL,49,14,42,293,12306
201511032820327,CCBL,49,59,840,293,246120
201511032820551,CHCL,43,38,256,1361,348416
201511032820532,CHCL,22,48,371,1360,504560
201511032820489,CHCL,45,26,50,1360,68000
201511032820488,CHCL,34,26,50,1361,68050
201511032820472,CHCL,17,26,92,1360,125120
201511032820451,CHCL,22,44,500,1359,679500
201511032820273,CHCL,11,55,34,1360,46240
201511032820260,CHCL,17,19,23,1368,31464
201511032820249,CHCL,49,19,100,1358,135800
201511032820414,CHCL,36,38,130,1360,176800
201511032820384,CHCL,34,4,19,1361,25859
201511032820377,CHCL,45,4,19,1362,25878
201511032820338,CHCL,36,38,10,1362,13620
201511032820314,CHCL,6,6,308,1352,416416
201511032820294,CHCL,11,21,33,1360,44880
201511032820617,CZBIL,48,21,500,517,258500
201511032820585,CZBIL,10,44,500,516,258000
201511032820570,CZBIL,14,21,400,515,206000
201511032820569,CZBIL,14,44,300,515,154500
201511032820568,CZBIL,45,44,150,515,77250
201511032820517,CZBIL,39,42,408,514,209712
201511032820168,CZBIL,26,21,100,521,52100
201511032820246,CZBIL,17,14,200,516,103200
201511032820245,CZBIL,6,14,500,517,258500
201511032820177,CZBIL,3,14,100,519,51900
201511032820174,CZBIL,6,4,500,516,258000
201511032820173,CZBIL,32,4,100,517,51700
201511032820169,CZBIL,45,21,200,520,104000
201511032820363,CZBIL,43,14,500,515,257500
201511032820353,CZBIL,17,38,103,515,53045
201511032820291,CZBIL,13,13,119,516,61404
201511032820257,CZBIL,1,59,500,515,257500
201511032820248,CZBIL,34,47,167,515,86005
201511032820247,CZBIL,25,14,500,516,258000
201511032820485,CZBIL,34,21,500,513,256500
201511032820440,CZBIL,34,50,240,513,123120
201511032820439,CZBIL,13,50,200,513,102600
201511032820438,CZBIL,55,50,100,513,51300
201511032820403,CZBIL,32,44,50,515,25750
201511032820365,CZBIL,34,14,102,515,52530
201511032820576,DDBL,26,53,50,1680,84000
201511032820575,DDBL,26,53,50,1680,84000
201511032820329,DDBL,11,14,20,1670,33400
201511032820666,EBL,49,42,200,2700,540000
201511032820662,EBL,6,42,100,2701,270100
201511032820473,EBL,6,6,477,2700,1287900
201511032820471,EBL,41,6,110,2705,297550
201511032820322,EBL,16,44,122,2695,328790
201511032820295,EBL,22,47,30,2695,80850
201511032820263,EBL,49,57,96,2690,258240
201511032820216,EBL,49,44,100,2690,269000
201511032820343,EBL,41,59,367,2700,990900
201511032820341,EBL,41,6,100,2705,270500
201511032820340,EBL,41,35,100,2704,270400
201511032820337,EBL,59,35,370,2700,999000
201511032820470,EBL,41,35,330,2704,892320
201511032820427,EBL,59,53,42,2700,113400
201511032820422,EBL,59,59,99,2697,267003
201511032820357,EBL,59,59,273,2692,734916
201511032820356,EFL,1,39,200,171,34200
201511032820355,EFL,39,39,200,171,34200
201511032820413,EIC,38,17,200,735,147000
201511032820663,FBBL,13,32,500,297,148500
201511032820659,FBBL,56,32,100,300,30000
201511032820512,FBBL,1,14,927,300,278100
201511032820445,FBBL,19,14,28,303,8484
201511032820407,FBBL,14,22,18,306,5508
201511032820452,FMDBL,56,45,500,535,267500
201511032820406,FMDBL,56,41,992,540,535680
201511032820665,GBBL,41,48,90,325,29250
201511032820385,GBBL,28,43,500,330,165000
201511032820664,GBIME,57,57,200,394,78800
201511032820637,GBIME,22,33,331,394,130414
201511032820633,GBIME,48,33,500,395,197500
201511032820583,GBIME,17,33,260,395,102700
201511032820462,GBIME,17,4,240,393,94320
201511032820461,GBIME,22,4,10,394,3940
201511032820215,GBIME,20,33,500,399,199500
201511032820205,GBIME,20,32,77,397,30569
201511032820193,GBIME,11,33,250,397,99250
201511032820192,GBIME,46,33,30,398,11940
201511032820170,GBIME,41,43,30,400,12000
201511032820387,GBIME,22,47,39,394,15366
201511032820347,GBIME,11,42,80,394,31520
201511032820241,GBIME,11,45,28,394,11032
201511032820227,GBIME,48,33,600,395,237000
201511032820226,GBIME,11,33,50,395,19750
201511032820225,GBIME,32,33,50,396,19800
201511032820460,GBIME,22,4,50,394,19700
201511032820459,GBIME,40,4,200,394,78800
201511032820453,GBIME,48,33,500,395,197500
201511032820434,GBIME,49,48,100,395,39500
201511032820433,GBIME,39,48,20,395,7900
201511032820388,GBIME,47,47,39,394,15366
201511032820288,GDBL,32,48,200,392,78400
201511032820287,GDBL,32,47,100,392,39200
201511032820286,GDBL,32,52,100,390,39000
201511032820498,HAMA,32,5,450,170,76500
201511032820267,HAMA,17,1,770,170,130900
201511032820233,HAMA,25,16,11,168,1848
201511032820218,HAMA,32,32,200,170,34000
201511032820211,HAMA,32,49,40,173,6920
201511032820208,HAMA,32,43,460,173,79580
201511032820202,HAMA,32,47,110,173,19030
201511032820537,HBL,59,33,130,1200,156000
201511032820520,HBL,58,33,750,1200,900000
201511032820515,HBL,58,50,831,1200,997200
201511032820354,HBL,59,36,200,1186,237200
201511032820514,HBL,58,50,419,1190,498610
201511032820509,HBL,6,36,300,1186,355800
201511032820468,HBL,44,50,500,1180,590000
201511032820613,IDBL,6,50,22,188,4136
201511032820466,IDBL,57,14,310,185,57350
201511032820465,IDBL,32,14,1000,185,185000
201511032820464,IDBL,6,14,100,185,18500
201511032820463,IDBL,56,14,100,186,18600
201511032820449,IDBL,58,14,1000,188,188000
201511032820448,IDBL,32,14,500,188,94000
201511032820447,IDBL,6,14,200,188,37600
201511032820244,IDBL,32,45,224,191,42784
201511032820586,ILFC,25,25,2500,224,560000
201511032820553,ILFC,25,26,500,224,112000
201511032820495,ILFC,1,32,990,223,220770
201511032820494,ILFC,42,32,220,223,49060
201511032820493,ILFC,45,32,300,225,67500
201511032820482,ILFC,1,38,500,225,112500
201511032820335,ILFC,58,32,500,227,113500
201511032820334,ILFC,45,32,200,228,45600
201511032820578,INDBL,45,29,500,202,101000
201511032820228,INDBL,52,19,500,201,100500
201511032820221,INDBL,52,16,500,205,102500
201511032820622,JBBL,36,16,100,175,17500
201511032820505,JBBL,50,1,10,172,1720
201511032820504,JBBL,50,58,32,172,5504
201511032820558,KBL,10,14,370,400,148000
201511032820557,KBL,1,14,30,400,12000
201511032820556,KBL,17,14,500,401,200500
201511032820555,KBL,32,14,50,401,20050
201511032820554,KBL,3,14,50,402,20100
201511032820490,KBL,25,36,48,400,19200
201511032820486,KBL,6,41,586,403,236158
201511032820469,KBL,11,47,34,400,13600
201511032820378,KBL,32,16,236,404,95344
201511032820360,KBL,1,59,970,400,388000
201511032820359,KBL,43,59,100,400,40000
201511032820375,KCDBL,29,43,17,181,3077
201511032820207,KCDBL,29,48,10,181,1810
201511032820206,KCDBL,29,48,10,181,1810
201511032820203,KCDBL,29,48,10,181,1810
201511032820191,KCDBL,29,48,10,181,1810
201511032820190,KCDBL,29,48,10,181,1810
201511032820474,KDBL,32,25,21,175,3675
201511032820420,KDBL,59,34,127,174,22098
201511032820419,KDBL,59,16,662,175,115850
201511032820639,KMCDB,38,14,142,1275,181050
201511032820562,KMCDB,56,1,100,1250,125000
201511032820561,KMCDB,36,1,50,1250,62500
201511032820479,KMCDB,16,14,100,1274,127400
201511032820478,KMCDB,45,14,50,1275,63750
201511032820477,KMCDB,6,14,50,1276,63800
201511032820316,KMCDB,45,16,50,1300,65000
201511032820315,KMCDB,43,16,50,1301,65050
201511032820628,LBL,36,44,400,490,196000
201511032820616,LBL,59,45,162,488,79056
201511032820349,LBL,21,21,100,485,48500
201511032820307,LBL,21,21,100,490,49000
201511032820298,LBL,21,5,136,490,66640
201511032820297,LBL,32,43,94,491,46154
201511032820560,LGIL,39,43,188,365,68620
201511032820605,LICN,26,59,60,3150,189000
201511032820539,LICN,49,14,22,3150,69300
201511032820535,LICN,49,14,140,3150,441000
201511032820534,LICN,1,14,100,3151,315100
201511032820533,LICN,57,14,60,3160,189600
201511032820240,LICN,49,34,34,3150,107100
201511032820538,MDB,16,17,100,553,55300
201511032820262,MDB,47,17,100,564,56400
201511032820650,MNBBL,16,16,485,671,325435
201511032820644,MNBBL,16,47,191,670,127970
201511032820615,MNBBL,16,51,260,670,174200
201511032820590,MNBBL,42,53,100,670,67000
201511032820516,MNBBL,42,13,200,670,134000
201511032820289,MNBBL,59,59,374,672,251328
201511032820649,NABIL,44,42,181,2285,413585
201511032820631,NABIL,14,59,10,2285,22850
201511032820606,NABIL,22,21,20,2289,45780
201511032820572,NABILP,59,21,300,1675,502500
201511032820571,NABILP,59,17,100,1674,167400
201511032820210,NABILP,59,59,547,1675,916225
201511032820317,NABILP,6,50,200,1667,333400
201511032820266,NABILP,35,17,100,1666,166600
201511032820325,NABILP,28,50,200,1665,333000
201511032820324,NABILP,21,50,100,1666,166600
201511032820412,NABILP,5,22,133,1670,222110
201511032820370,NABILP,56,36,200,1666,333200
201511032820640,NBB,34,36,41,593,24313
201511032820634,NBB,5,43,39,598,23322
201511032820614,NBB,29,7,109,596,64964
201511032820607,NBB,46,25,157,596,93572
201511032820250,NBB,41,59,200,592,118400
201511032820229,NBB,29,38,14,595,8330
201511032820214,NBB,34,16,352,597,210144
201511032820209,NBB,29,14,32,595,19040
201511032820186,NBB,29,25,100,599,59900
201511032820183,NBB,29,16,80,598,47840
201511032820345,NBB,52,41,14,590,8260
201511032820344,NBB,21,32,64,590,37760
201511032820339,NBB,32,32,750,590,442500
201511032820309,NBB,49,49,200,591,118200
201511032820285,NBB,52,36,100,590,59000
201511032820274,NBB,34,59,155,590,91450
201511032820523,NBB,34,6,16,593,9488
201511032820501,NBB,14,51,50,595,29750
201511032820499,NBB,14,19,132,595,78540
201511032820481,NBB,58,16,700,592,414400
201511032820574,NBB,58,53,160,595,95200
201511032820573,NBB,14,53,40,596,23840
201511032820565,NBB,58,6,500,595,297500
201511032820530,NBB,58,38,300,595,178500
201511032820529,NBB,58,51,650,595,386750
201511032820524,NBB,58,51,109,595,64855
201511032820467,NBBPO,10,39,67121,100,6712100
201511032820503,NBF1,26,47,1498,13,19474
201511032820638,NBL,44,25,500,260,130000
201511032820632,NBL,19,32,300,260,78000
201511032820564,NBL,6,21,300,257,77100
201511032820563,NBL,6,49,100,257,25700
201511032820430,NBL,44,28,350,252,88200
201511032820429,NBL,37,28,650,253,164450
201511032820220,NBL,44,33,390,255,99450
201511032820621,NCCB,5,51,60,404,24240
201511032820588,NCCB,43,33,80,401,32080
201511032820519,NCCB,7,38,500,400,200000
201511032820641,NIB,14,11,100,720,72000
201511032820623,NIB,21,11,500,719,359500
201511032820544,NIB,54,50,230,720,165600
201511032820543,NIB,42,50,70,720,50400
201511032820522,NIB,44,45,700,721,504700
201511032820521,NIB,44,36,300,720,216000
201511032820187,NIB,11,11,167,728,121576
201511032820348,NIB,6,21,90,721,64890
201511032820333,NIB,47,50,100,721,72100
201511032820332,NIB,26,50,100,721,72100
201511032820326,NIB,32,22,140,722,101080
201511032820293,NIB,55,45,170,723,122910
201511032820279,NIB,55,17,32,723,23136
201511032820511,NIB,16,50,300,718,215400
201511032820484,NIB,22,22,500,719,359500
201511032820399,NIB,1,45,500,720,360000
201511032820398,NIB,39,45,20,721,14420
201511032820367,NIB,42,45,20,723,14460
201511032820352,NIB,6,6,1000,721,721000
201511032820660,NIBPO,6,32,200,610,122000
201511032820540,NIBPO,8,50,100,610,61000
201511032820271,NIBPO,53,57,300,603,180900
201511032820270,NIBPO,55,57,100,603,60300
201511032820645,NIBSF1,25,25,5217,10,50605
201511032820299,NIBSF1,14,41,1500,10,14355
201511032820189,NIBSF1,4,41,5000,10,48250
201511032820188,NIBSF1,4,25,5217,10,50553
201511032820598,NICA,6,42,100,867,86700
201511032820383,NICA,28,36,282,865,243930
201511032820373,NICA,58,36,500,866,433000
201511032820362,NICA,41,36,500,866,433000
201511032820411,NLBBL,44,44,750,1680,1260000
201511032820582,NLG,33,57,205,680,139400
201511032820487,NLG,29,16,100,670,67000
201511032820402,NLG,33,41,10,679,6790
201511032820389,NLG,29,25,22,670,14740
201511032820636,NLIC,37,14,50,3119,155950
201511032820600,NLIC,53,40,31,3112,96472
201511032820593,NLIC,44,26,300,3115,934500
201511032820591,NLIC,53,40,60,3112,186720
201511032820589,NLIC,29,19,17,3112,52904
201511032820321,NLIC,44,7,20,3136,62720
201511032820283,NLIC,57,19,200,3140,628000
201511032820618,NLICL,55,36,46,2090,96140
201511032820599,NLICL,21,21,132,2080,274560
201511032820584,NLICL,54,54,416,2089,869024
201511032820395,NLICL,16,46,105,2065,216825
201511032820219,NLICL,16,16,195,2098,409110
201511032820254,NMBSF1,1,45,4000,10,39600
201511032820253,NMBSF1,1,17,5000,10,49500
201511032820652,NTC,16,57,50,641,32050
201511032820651,NTC,29,57,300,642,192600
201511032820386,NTC,22,25,100,642,64200
201511032820350,NTC,16,5,475,650,308750
201511032820305,NUBL,42,7,55,1820,100100
201511032820667,PCBL,58,7,311,561,174471
201511032820658,PCBL,34,33,200,562,112400
201511032820635,PCBL,22,41,71,568,40328
201511032820497,PCBL,13,13,538,560,301280
201511032820374,PCBL,47,36,500,560,280000
201511032820301,PCBL,16,43,30,560,16800
201511032820492,PIC,13,22,100,480,48000
201511032820491,PIC,13,22,100,480,48000
201511032820597,PLIC,20,6,42,1225,51450
201511032820596,PLIC,20,43,40,1225,49000
201511032820545,PLIC,50,6,200,1225,245000
201511032820653,RHPC,48,44,103,375,38625
201511032820290,RHPC,32,26,12,373,4476
201511032820654,RMDC,7,39,200,638,127600
201511032820432,RMDC,20,25,75,637,47775
201511032820319,SAFL,57,45,50,189,9450
201511032820171,SAFL,14,45,10,192,1920
201511032820661,SANIMA,38,38,50,633,31650
201511032820567,SANIMA,20,16,200,631,126200
201511032820566,SANIMA,20,48,500,631,315500
201511032820559,SANIMA,29,51,100,627,62700
201511032820552,SANIMA,14,42,225,627,141075
201511032820518,SANIMA,29,26,300,627,188100
201511032820235,SANIMA,7,14,300,626,187800
201511032820234,SANIMA,3,14,80,627,50160
201511032820224,SANIMA,3,47,13,627,8151
201511032820184,SANIMA,3,47,10,627,6270
201511032820436,SANIMA,1,26,200,625,125000
201511032820421,SANIMA,38,42,500,626,313000
201511032820239,SANIMA,1,14,12,625,7500
201511032820238,SANIMA,1,14,290,625,181250
201511032820237,SANIMA,6,14,100,625,62500
201511032820236,SANIMA,58,14,20,625,12500
201511032820507,SBI,8,13,254,1281,325374
201511032820506,SBI,8,53,180,1280,230400
201511032820502,SBI,8,6,98,1278,125244
201511032820418,SBI,42,53,20,1281,25620
201511032820308,SBI,52,38,88,1268,111584
201511032820272,SBI,59,59,868,1268,1100624
201511032820442,SBL,59,59,630,661,416430
201511032820410,SBL,11,59,200,672,134400
201511032820409,SBL,22,59,50,672,33600
201511032820408,SBL,43,59,50,672,33600
201511032820182,SBL,38,38,102,685,69870
201511032820580,SCB,6,53,80,2502,200160
201511032820579,SCB,6,54,50,2501,125050
201511032820577,SCB,59,57,223,2500,557500
201511032820542,SCB,13,42,254,2500,635000
201511032820541,SCB,13,21,100,2499,249900
201511032820405,SCB,42,53,20,2500,50000
201511032820396,SCB,8,41,52,2500,130000
201511032820358,SCB,22,44,100,2480,248000
201511032820292,SCB,28,33,20,2475,49500
201511032820178,SCB,28,44,131,2500,327500
201511032820172,SCB,59,14,19,2501,47519
201511032820312,SHPC,52,47,267,730,194910
201511032820296,SHPC,52,38,195,740,144300
201511032820258,SHPC,52,47,100,745,74500
201511032820243,SHPC,52,26,500,745,372500
201511032820242,SHPC,6,26,100,745,74500
201511032820185,SHPC,17,59,30,755,22650
201511032820275,SIC,6,17,51,802,40902
201511032820404,SKBBL,14,55,150,1761,264150
201511032820397,SKBBL,6,55,18,1762,31716
201511032820394,SKBBL,6,55,50,1762,88100
201511032820393,SKBBL,25,55,20,1762,35240
201511032820392,SKBBL,57,55,10,1770,17700
201511032820391,SKBBL,39,55,10,1780,17800
201511032820222,SKBBL,57,48,113,1795,202835
201511032820212,SKBBL,14,55,88,1797,158136
201511032820330,SKBBL,57,38,100,1770,177000
201511032820328,SKBBL,25,25,43,1771,76153
201511032820300,SKBBL,39,10,80,1780,142400
201511032820278,SKBBL,39,39,19,1795,34105
201511032820277,SKBBL,39,39,19,1795,34105
201511032820276,SKBBL,39,39,29,1795,52055
201511032820531,SLICL,22,19,68,655,44540
201511032820380,SLICL,22,28,100,648,64800
201511032820379,SLICL,43,28,100,650,65000
201511032820311,SLICL,22,28,100,661,66100
201511032820480,SODBL,1,38,1000,129,129000
201511032820527,SRBL,13,42,950,365,346750
201511032820526,SRBL,50,42,1000,365,365000
201511032820525,SRBL,11,42,50,366,18300
201511032820346,SRBL,14,17,50,372,18600
201511032820232,SRBL,13,11,100,375,37500
201511032820435,SUBBL,38,44,27,290,7830
201511032820528,SUPRME,48,14,1000,199,199000
201511032820416,SUPRME,48,43,32,200,6400
201511032820415,SUPRME,48,38,1500,200,300000
201511032820323,SUPRME,57,43,500,199,99500
201511032820303,SUPRME,57,38,500,199,99500
201511032820231,SUPRME,52,36,27,203,5481
201511032820648,SWBBL,33,39,300,1961,588300
201511032820647,SWBBL,33,39,16,1956,31296
201511032820611,SWBBL,33,17,220,1958,430760
201511032820610,SWBBL,33,39,200,1958,391600
201511032820609,SWBBL,11,16,100,1955,195500
201511032820603,SWBBL,55,16,100,1953,195300
201511032820230,SWBBL,14,32,15,1977,29655
201511032820602,SWBBL,6,16,100,1955,195500
201511032820601,SWBBL,29,16,200,1958,391600
201511032820592,SWBBL,29,59,202,1956,395112
201511032820336,SWBBL,19,21,61,1975,120475
201511032820313,SWBBL,14,39,100,1952,195200
201511032820280,SWBBL,14,59,135,1953,263655
201511032820443,UFIL,8,39,10,148,1480
201511032820510,UFL,33,22,200,309,61800
201511032820310,WDBL,38,38,21,301,6321
201511032820306,WDBL,38,38,21,301,6321
201511032820656,YETI,25,4,500,143,71500
201511032820342,YETI,29,41,111,142,15762
201511032820130,CBBL,44,44,491,1680,824880
201511032820165,CHCL,56,56,214,1351,289114
201511032820163,CHCL,56,44,76,1350,102600
201511032820152,CHCL,34,44,80,1350,108000
201511032820164,EBL,59,21,100,2690,269000
201511032820161,EBL,49,44,100,2685,268500
201511032820159,EBL,59,33,62,2690,166780
201511032820156,EBL,41,33,40,2700,108000
201511032820155,EBL,41,33,10,2700,27000
201511032820154,GBBL,43,48,10,336,3360
201511032820137,GBIME,59,59,500,403,201500
201511032820158,GDBL,45,47,100,385,38500
201511032820136,GFCL,6,16,14,197,2758
201511032820134,GFCL,6,16,14,201,2814
201511032820131,GFCL,6,16,13,205,2665
201511032820160,IDBL,50,50,3473,194,673762
201511032820129,KCDBL,16,16,10,184,1840
201511032820128,KCDBL,16,16,10,184,1840
201511032820127,KCDBL,16,16,10,184,1840
201511032820141,LUBL,10,10,530,377,199810
201511032820143,MMFDB,22,22,10,572,5720
201511032820142,MMFDB,41,22,10,561,5610
201511032820138,NBL,16,16,2712,260,705120
201511032820147,NHPC,48,48,90,115,10350
201511032820149,NIBSF1,40,40,24345,10,231278
201511032820157,OHL,28,28,55,566,31130
201511032820167,PIC,26,38,200,480,96000
201511032820148,PROFL,45,14,30,164,4920
201511032820140,RHPC,25,25,11,380,4180
201511032820135,RHPC,34,34,12,387,4644
201511032820133,RHPC,34,34,12,387,4644
201511032820132,RHPC,34,34,12,387,4644
201511032820126,RHPC,16,16,11,382,4202
201511032820125,RHPC,16,16,11,382,4202
201511032820162,SAFL,14,45,20,193,3860
201511032820150,SAFL,14,47,11,190,2090
201511032820146,SAFL,13,13,56,187,10472
201511032820144,SAFL,13,13,56,187,10472
201511032820153,SANIMA,56,59,500,623,311500
201511032820145,SANIMA,4,4,20600,622,12813200
201511032820139,SFFIL,28,28,985,71,69935
201511032820166,SRBL,1,38,27,378,10206
201511032820151,UNL,28,28,10,26520,265200
