contract,symbol,buyer,seller,qty,rate,amt
201510012793746,ACEDBL,29,43,100,315,31500
201510012793613,ADBL,38,16,150,459,68850
201510012793637,ALICL,4,6,200,1160,232000
201510012793708,APEX,39,39,200,161,32200
201510012793707,APEX,39,39,500,161,80500
201510012793686,APEX,39,25,156,161,25116
201510012793597,APEX,39,39,200,160,32000
201510012793596,APEX,39,35,100,160,16000
201510012793595,APEX,39,17,150,160,24000
201510012793594,APEX,39,47,100,160,16000
201510012793593,APEX,39,42,500,160,80000
201510012793578,APEX,39,50,248,160,39680
201510012793577,APEX,39,17,200,160,32000
201510012793576,APEX,39,57,60,160,9600
201510012793612,ARDBL,50,1,500,199,99500
201510012793390,ARDBL,11,39,120,196,23520
201510012793341,ARDBL,22,39,594,193,114642
201510012793255,ARDBL,32,39,70,193,13510
201510012793559,BHBL,6,44,2000,335,670000
201510012793506,BPCL,38,52,158,619,97802
201510012793741,BUDBL,14,45,301,265,79765
201510012793583,CBBL,28,28,53,1700,90100
201510012793461,CBBL,49,26,46,1700,78200
201510012793369,CBBL,59,47,158,1710,270180
201510012793562,CBL,16,39,412,285,117420
201510012793552,CBL,16,39,1000,285,285000
201510012793428,CBL,47,17,142,285,40470
201510012793365,CBL,16,45,27,286,7722
201510012793669,CCBL,29,49,40,397,15880
201510012793650,CCBL,39,48,420,396,166320
201510012793614,CCBL,59,6,50,400,20000
201510012793610,CCBL,25,58,200,397,79400
201510012793591,CCBL,59,6,50,400,20000
201510012793445,CCBL,8,41,102,397,40494
201510012793307,CCBL,6,6,160,400,64000
201510012793306,CCBL,6,58,200,398,79600
201510012793277,CCBL,26,58,100,397,39700
201510012793427,CCBL,8,17,90,396,35640
201510012793419,CCBL,22,17,400,396,158400
201510012793418,CCBL,53,17,310,396,122760
201510012793417,CCBL,25,17,100,397,39700
201510012793404,CCBL,8,45,18,397,7146
201510012793402,CCBL,49,58,100,398,39800
201510012793743,CFCL,41,21,264,263,69432
201510012793573,CFCL,41,7,95,260,24700
201510012793726,CHCL,38,17,200,1425,285000
201510012793410,CHCL,55,48,300,1421,426300
201510012793364,CHCL,11,41,28,1420,39760
201510012793258,CHCL,21,17,100,1422,142200
201510012793256,CHCL,25,48,90,1424,128160
201510012793275,CNDBL,25,59,5000,206,1030000
201510012793585,CZBIL,50,44,20,560,11200
201510012793533,CZBIL,50,44,60,560,33600
201510012793497,CZBIL,42,44,200,560,112000
201510012793450,CZBIL,42,42,72,560,40320
201510012793414,CZBIL,41,28,254,563,143002
201510012793382,CZBIL,10,57,819,560,458640
201510012793337,CZBIL,41,45,41,560,22960
201510012793262,CZBIL,10,25,200,560,112000
201510012793259,CZBIL,10,48,281,560,157360
201510012793744,EBL,33,25,113,3300,372900
201510012793742,EBL,33,44,100,3300,330000
201510012793735,EBL,21,44,100,3300,330000
201510012793734,EBL,21,59,200,3300,660000
201510012793731,EBL,33,4,50,3299,164950
201510012793719,EBL,44,42,300,3299,989700
201510012793343,EBL,59,11,100,3275,327500
201510012793312,EBL,59,6,250,3273,818250
201510012793291,EBL,41,8,100,3270,327000
201510012793251,EBL,17,6,100,3271,327100
201510012793437,EBL,35,26,100,3270,327000
201510012793387,EBL,14,6,500,3270,1635000
201510012793386,EBL,41,6,100,3270,327000
201510012793377,EBL,55,6,100,3271,327100
201510012793353,EBL,59,6,150,3275,491250
201510012793498,EBL,33,42,400,3270,1308000
201510012793496,EBL,19,26,60,3270,196200
201510012793495,EBL,35,26,60,3270,196200
201510012793494,EBL,37,26,50,3271,163550
201510012793480,EBL,33,57,158,3270,516660
201510012793477,EBL,14,14,150,3268,490200
201510012793537,EBL,29,41,61,3270,199470
201510012793518,EBL,33,6,500,3273,1636500
201510012793517,EBL,33,26,200,3270,654000
201510012793502,EBL,33,6,168,3271,549528
201510012793608,EBL,29,21,33,3278,108174
201510012793600,EBL,33,42,300,3276,982800
201510012793581,EBL,33,26,100,3272,327200
201510012793580,EBL,38,26,100,3273,327300
201510012793566,EBL,33,44,100,3277,327700
201510012793539,EBL,33,42,500,3275,1637500
201510012793712,EBL,33,13,100,3295,329500
201510012793682,EBL,33,42,500,3275,1637500
201510012793678,EBL,33,42,500,3275,1637500
201510012793661,EBL,14,8,149,3290,490210
201510012793660,EBL,14,8,300,3290,987000
201510012793648,EBL,55,26,150,3271,490650
201510012793252,FMDBL,10,10,500,640,320000
201510012793693,GBIME,29,47,35,543,19005
201510012793692,GBIME,49,8,108,542,58536
201510012793670,GBIME,17,13,43,544,23392
201510012793662,GBIME,42,28,143,543,77649
201510012793621,GBIME,49,42,500,542,271000
201510012793607,GBIME,19,43,200,541,108200
201510012793296,GBIME,19,56,50,542,27100
201510012793354,GBIME,42,8,200,540,108000
201510012793335,GBIME,43,10,29,541,15689
201510012793319,GBIME,6,56,10,542,5420
201510012793316,GBIME,6,10,240,541,129840
201510012793315,GBIME,40,10,200,541,108200
201510012793300,GBIME,45,56,2000,540,1080000
201510012793530,GBIME,17,59,44,543,23892
201510012793493,GBIME,19,41,100,541,54100
201510012793481,GBIME,39,58,35,543,19005
201510012793415,GBIME,19,41,87,541,47067
201510012793412,GBIME,41,41,42,542,22764
201510012793358,GBIME,48,56,240,542,130080
201510012793725,GDBL,13,36,300,434,130200
201510012793568,GFCL,6,21,1320,220,290400
201510012793685,GLICL,22,35,500,617,308500
201510012793711,HBL,6,22,310,1338,414780
201510012793710,HBL,45,22,10,1340,13400
201510012793709,HBL,6,22,30,1341,40230
201510012793645,HBL,52,22,100,1348,134800
201510012793416,HBL,42,22,50,1348,67400
201510012793745,ICFC,44,28,200,330,66000
201510012793733,ICFC,44,58,551,331,182381
201510012793721,ICFC,44,10,400,331,132400
201510012793714,ICFC,44,43,200,331,66200
201510012793713,ICFC,44,28,200,326,65200
201510012793702,ICFC,44,39,128,330,42240
201510012793690,ICFC,44,14,685,330,226050
201510012793643,ICFC,44,22,100,325,32500
201510012793528,ICFC,44,25,2000,319,638000
201510012793525,ICFC,44,45,100,315,31500
201510012793524,ICFC,44,22,100,315,31500
201510012793510,ICFC,44,19,950,313,297350
201510012793321,IDBL,42,49,12,220,2640
201510012793314,IDBL,42,49,790,220,173800
201510012793313,IDBL,19,49,1000,221,221000
201510012793308,IDBL,1,39,32,223,7136
201510012793736,ILFC,6,41,100,236,23600
201510012793696,ILFC,6,41,200,236,47200
201510012793599,ILFC,25,49,1000,236,236000
201510012793505,ILFC,34,57,1000,235,235000
201510012793500,ILFC,6,56,500,236,118000
201510012793436,ILFC,6,6,500,236,118000
201510012793379,ILFC,34,49,1000,235,235000
201510012793691,INDBL,32,29,144,209,30096
201510012793728,JBBL,36,45,60,201,12060
201510012793732,KBBL,29,1,150,465,69750
201510012793716,KBBL,43,20,10,469,4690
201510012793688,KBBL,29,7,150,465,69750
201510012793631,KBBL,32,48,400,464,185600
201510012793542,KBBL,29,33,20,461,9220
201510012793474,KBBL,32,54,350,460,161000
201510012793347,KBBL,14,33,10,464,4640
201510012793345,KBBL,43,33,20,464,9280
201510012793322,KBBL,33,33,50,464,23200
201510012793304,KBBL,29,35,500,463,231500
201510012793278,KBBL,57,54,562,460,258520
201510012793473,KBBL,46,54,200,460,92000
201510012793472,KBBL,39,33,200,461,92200
201510012793471,KBBL,29,33,200,461,92200
201510012793453,KBBL,52,35,74,462,34188
201510012793452,KBBL,57,10,227,460,104420
201510012793442,KBBL,52,10,255,461,117555
201510012793679,KBL,4,21,300,462,138600
201510012793558,KBL,25,56,40,458,18320
201510012793555,KBL,4,40,200,457,91400
201510012793482,KBL,25,6,150,458,68700
201510012793455,KBL,29,29,20,457,9140
201510012793407,KBL,4,19,207,456,94392
201510012793385,KBL,16,45,232,455,105560
201510012793380,KBL,25,1,200,456,91200
201510012793328,KBL,56,19,200,457,91400
201510012793327,KBL,7,19,200,457,91400
201510012793326,KBL,43,19,100,457,45700
201510012793509,KCDBL,22,51,10,191,1910
201510012793254,KDBL,32,39,10,201,2010
201510012793253,KDBL,57,39,310,201,62310
201510012793393,KRBL,28,54,200,262,52400
201510012793317,KRBL,47,54,200,257,51400
201510012793747,LBL,29,32,50,540,27000
201510012793717,LBL,28,52,100,540,54000
201510012793701,LBL,28,32,500,540,270000
201510012793700,LBL,28,45,500,540,270000
201510012793699,LBL,28,43,500,540,270000
201510012793695,LBL,38,49,70,540,37800
201510012793446,LBL,39,43,100,539,53900
201510012793311,LBL,53,16,500,539,269500
201510012793310,LBL,53,47,100,538,53800
201510012793309,LBL,17,38,302,538,162476
201510012793261,LBL,28,39,300,536,160800
201510012793570,LBL,28,14,500,536,268000
201510012793534,LBL,34,39,563,538,302894
201510012793483,LBL,34,21,50,538,26900
201510012793476,LBL,39,49,20,540,10800
201510012793475,LBL,39,52,300,540,162000
201510012793447,LBL,39,1,74,539,39886
201510012793547,LGIL,50,36,200,396,79200
201510012793298,LGIL,39,36,225,395,88875
201510012793381,LGIL,22,36,109,402,43818
201510012793550,LICN,49,49,865,3400,2941000
201510012793665,LUBL,25,13,1000,410,410000
201510012793620,LUBL,4,43,74,410,30340
201510012793587,LUBL,25,43,500,411,205500
201510012793586,LUBL,47,43,20,411,8220
201510012793529,LUBL,52,6,60,412,24720
201510012793499,LUBL,57,28,80,412,32960
201510012793441,LUBL,43,43,2000,410,820000
201510012793409,LUBL,52,17,41,412,16892
201510012793332,LUBL,14,33,194,412,79928
201510012793331,LUBL,14,25,300,412,123600
201510012793615,LVF1,45,51,500,10,5000
201510012793604,LVF1,45,51,500,10,5000
201510012793575,LVF1,45,51,500,10,5000
201510012793551,LVF1,45,51,500,10,5000
201510012793433,MBBL,59,34,340,212,72080
201510012793297,MBBL,45,20,20,215,4300
201510012793706,METRO,16,14,15,357,5355
201510012793629,METRO,19,25,34,360,12240
201510012793556,METRO,16,59,200,357,71400
201510012793553,METRO,16,16,80,361,28880
201510012793490,METRO,16,37,200,357,71400
201510012793565,MMDBL,6,48,15,598,8970
201510012793318,MNBBL,14,42,60,700,42000
201510012793295,MNBBL,14,42,40,700,28000
201510012793294,MNBBL,14,42,60,700,42000
201510012793523,MNBBL,14,42,326,700,228200
201510012793739,NABIL,34,22,150,2550,382500
201510012793738,NABIL,17,22,50,2550,127500
201510012793705,NABIL,47,1,88,2550,224400
201510012793675,NABIL,17,1,100,2550,255000
201510012793644,NABIL,29,1,100,2555,255500
201510012793611,NABIL,40,33,200,2555,511000
201510012793478,NABIL,11,4,50,2566,128300
201510012793389,NABIL,40,43,30,2561,76830
201510012793292,NABIL,40,34,20,2561,51220
201510012793266,NABILP,6,6,500,1890,945000
201510012793378,NABILP,59,26,500,1895,947500
201510012793508,NABILP,17,17,200,1890,378000
201510012793504,NABILP,7,26,600,1894,1136400
201510012793715,NBB,42,53,580,659,382220
201510012793641,NBB,47,53,800,655,524000
201510012793640,NBB,50,53,200,656,131200
201510012793589,NBB,8,13,1000,659,659000
201510012793487,NBB,38,33,38,655,24890
201510012793338,NBB,48,33,190,659,125210
201510012793320,NBB,48,49,310,659,204290
201510012793288,NBB,38,33,500,655,327500
201510012793260,NBB,14,49,190,655,124450
201510012793467,NBB,38,17,150,655,98250
201510012793426,NBB,38,33,400,655,262000
201510012793425,NBB,34,33,500,655,327500
201510012793361,NBB,45,8,142,654,92868
201510012793340,NBB,48,33,1000,655,655000
201510012793339,NBB,43,33,500,655,327500
201510012793469,NBF1,16,11,599,13,8027
201510012793674,NBL,42,38,500,276,138000
201510012793448,NBL,56,14,1000,275,275000
201510012793334,NBL,42,22,300,280,84000
201510012793549,NCCB,39,22,100,453,45300
201510012793486,NCCB,38,22,100,455,45500
201510012793485,NCCB,47,22,50,455,22750
201510012793484,NCCB,29,22,50,455,22750
201510012793351,NCCB,29,33,50,455,22750
201510012793350,NCCB,16,33,100,457,45700
201510012793413,NEFL,13,16,258,299,77142
201510012793588,NHPC,55,41,1500,116,174000
201510012793408,NHPC,48,35,1000,115,115000
201510012793704,NIB,50,14,230,1063,244490
201510012793698,NIB,59,56,200,1065,213000
201510012793527,NIB,32,56,200,1064,212800
201510012793520,NIB,33,52,406,1063,431578
201510012793503,NIB,13,52,500,1064,532000
201510012793464,NIB,11,56,160,1065,170400
201510012793284,NIB,13,44,50,1067,53350
201510012793283,NIB,25,44,50,1068,53400
201510012793282,NIB,19,44,10,1068,10680
201510012793257,NIB,51,10,109,1068,116412
201510012793463,NIB,17,56,30,1066,31980
201510012793372,NIB,13,1,492,1065,523980
201510012793330,NIB,33,50,300,1068,320400
201510012793287,NIB,11,44,340,1065,362100
201510012793286,NIB,11,44,500,1065,532500
201510012793285,NIB,46,44,50,1066,53300
201510012793649,NIBPO,44,35,600,859,515400
201510012793602,NIBPO,59,47,80,860,68800
201510012793466,NIBPO,59,55,70,860,60200
201510012793465,NIBPO,59,56,50,860,43000
201510012793730,NICA,8,6,500,993,496500
201510012793687,NICA,42,11,284,994,282296
201510012793664,NICA,33,38,100,990,99000
201510012793663,NICA,33,56,300,990,297000
201510012793635,NICA,33,42,500,986,493000
201510012793633,NICA,35,33,1000,986,986000
201510012793344,NICA,41,44,100,984,98400
201510012793279,NICA,57,16,29,983,28507
201510012793263,NICA,42,44,200,984,196800
201510012793250,NICA,38,44,250,984,246000
201510012793430,NICA,44,6,500,984,492000
201510012793399,NICA,44,6,500,984,492000
201510012793398,NICA,44,44,110,984,108240
201510012793392,NICA,48,14,204,982,200328
201510012793360,NICA,47,33,25,983,24575
201510012793355,NICA,43,11,296,983,290968
201510012793543,NICA,14,38,100,984,98400
201510012793532,NICA,14,25,329,985,324065
201510012793492,NICA,4,42,216,984,212544
201510012793491,NICA,4,49,610,984,600240
201510012793444,NICA,34,38,100,983,98300
201510012793434,NICA,44,49,390,984,383760
201510012793622,NICA,33,42,190,984,186960
201510012793605,NICA,4,42,264,987,260568
201510012793603,NICA,14,42,500,984,492000
201510012793598,NICA,17,17,43,986,42398
201510012793592,NICA,33,45,105,985,103425
201510012793545,NICA,14,38,100,984,98400
201510012793561,NIL,13,13,100,592,59200
201510012793667,NLG,11,41,117,735,85995
201510012793737,NLIC,54,49,100,3395,339500
201510012793684,NLIC,32,49,100,3395,339500
201510012793681,NLIC,28,49,290,3395,984550
201510012793668,NLIC,32,49,100,3395,339500
201510012793666,NLIC,17,11,100,3395,339500
201510012793658,NLIC,17,55,100,3394,339400
201510012793396,NLIC,48,16,100,3395,339500
201510012793395,NLIC,48,55,100,3395,339500
201510012793394,NLIC,48,7,50,3393,169650
201510012793657,NLIC,17,55,100,3394,339400
201510012793606,NLIC,38,49,50,3382,169100
201510012793423,NLIC,28,44,210,3372,708120
201510012793422,NLIC,39,44,30,3381,101430
201510012793421,NLIC,28,44,10,3385,33850
201510012793411,NLIC,48,49,50,3395,169750
201510012793574,NLICL,52,40,200,2272,454400
201510012793526,NLICL,49,49,511,2260,1154860
201510012793299,NLICL,14,14,1000,2260,2260000
201510012793336,NMBSF1,47,48,3000,10,30300
201510012793694,NTC,13,32,300,654,196200
201510012793420,NUBL,47,6,20,1740,34800
201510012793572,OHL,16,17,40,596,23840
201510012793564,OHL,17,17,100,595,59500
201510012793560,OHL,41,17,200,592,118400
201510012793554,OHL,1,17,300,593,177900
201510012793546,OHL,11,17,130,595,77350
201510012793325,OHL,16,17,100,600,60000
201510012793324,OHL,25,17,100,600,60000
201510012793727,PCBL,42,55,30,625,18750
201510012793522,PCBL,10,13,868,625,542500
201510012793521,PCBL,10,34,500,625,312500
201510012793516,PCBL,10,43,280,620,173600
201510012793515,PCBL,10,43,500,620,310000
201510012793514,PCBL,25,43,200,620,124000
201510012793375,PCBL,10,56,500,625,312500
201510012793374,PCBL,10,10,650,625,406250
201510012793367,PCBL,10,10,542,625,338750
201510012793366,PCBL,10,10,545,625,340625
201510012793363,PCBL,10,45,53,625,33125
201510012793513,PCBL,14,43,20,620,12400
201510012793512,PCBL,48,43,500,621,310500
201510012793511,PCBL,25,43,500,622,311000
201510012793479,PCBL,10,16,1000,625,625000
201510012793440,PCBL,20,56,499,625,311875
201510012793432,PCBL,38,14,535,623,333305
201510012793655,PFL,41,52,500,428,214000
201510012793639,PFL,41,38,500,427,213500
201510012793628,PFL,59,32,660,426,281160
201510012793616,PLIC,6,17,176,1350,237600
201510012793333,PLIC,29,22,40,1345,53800
201510012793680,RBBBL,21,21,13,223,2899
201510012793677,RBBBL,21,21,13,223,2899
201510012793659,RBBBL,21,21,13,223,2899
201510012793642,RBBBL,21,21,13,223,2899
201510012793638,RBBBL,21,21,13,223,2899
201510012793634,RBBBL,21,21,13,223,2899
201510012793376,RBBBL,21,51,10,223,2230
201510012793563,RBBBL,21,21,13,223,2899
201510012793557,RBBBL,21,21,13,223,2899
201510012793397,RBBBL,21,51,10,223,2230
201510012793388,RBBBL,21,51,10,223,2230
201510012793384,RBBBL,21,51,10,223,2230
201510012793630,RBBBL,21,21,13,223,2899
201510012793627,RBBBL,21,21,13,223,2899
201510012793601,RBBBL,21,21,13,223,2899
201510012793582,RBBBL,21,21,13,223,2899
201510012793579,RBBBL,21,21,13,223,2899
201510012793567,RBBBL,21,21,13,223,2899
201510012793703,REDBL,49,49,900,326,293400
201510012793683,REDBL,49,50,355,326,115730
201510012793673,REDBL,49,46,238,325,77350
201510012793470,REDBL,49,16,18,321,5778
201510012793454,REDBL,56,16,18,322,5796
201510012793443,REDBL,45,16,18,321,5778
201510012793346,REDBL,56,25,182,326,59332
201510012793342,REDBL,56,21,18,325,5850
201510012793265,REDBL,56,50,186,324,60264
201510012793264,REDBL,56,21,1100,324,356400
201510012793435,REDBL,56,16,18,322,5796
201510012793368,REDBL,56,25,147,327,48069
201510012793362,REDBL,56,25,227,327,74229
201510012793359,REDBL,56,57,91,327,29757
201510012793356,REDBL,56,25,28,327,9156
201510012793349,REDBL,56,25,78,327,25506
201510012793249,RHPC,36,43,11,395,4345
201510012793724,SADBL,6,36,415,397,164755
201510012793723,SADBL,6,1,1000,397,397000
201510012793449,SADBL,6,10,500,395,197500
201510012793357,SADBL,13,10,566,395,223570
201510012793305,SADBL,6,20,1000,395,395000
201510012793626,SANIMA,45,45,200,672,134400
201510012793671,SBI,17,53,300,1515,454500
201510012793569,SBI,36,11,200,1513,302600
201510012793536,SBI,17,19,10,1539,15390
201510012793689,SBL,58,11,444,790,350760
201510012793646,SBL,41,6,100,791,79100
201510012793571,SBL,1,6,500,790,395000
201510012793501,SBL,10,6,270,792,213840
201510012793489,SBL,41,6,200,792,158400
201510012793488,SBL,45,6,30,792,23760
201510012793468,SBL,44,17,62,795,49290
201510012793462,SBL,41,41,84,792,66528
201510012793405,SBL,33,22,260,794,206440
201510012793400,SBL,33,41,165,792,130680
201510012793391,SBL,45,41,165,790,130350
201510012793718,SCB,16,26,35,2815,98525
201510012793429,SCB,33,33,1000,2798,2798000
201510012793370,SCB,29,35,96,2811,269856
201510012793303,SCB,29,19,12,2810,33720
201510012793456,SEOS,47,11,3000,10,29550
201510012793451,SEOS,47,11,2000,10,19700
201510012793431,SEOS,14,11,2000,10,19720
201510012793401,SEOS,14,11,3000,10,29580
201510012793348,SEOS,14,11,3000,10,29580
201510012793329,SEOS,14,11,2000,10,19720
201510012793548,SHPC,8,14,500,811,405500
201510012793541,SHPC,7,40,100,812,81200
201510012793460,SHPC,50,50,33,810,26730
201510012793424,SHPC,20,13,300,810,243000
201510012793323,SHPC,58,6,500,811,405500
201510012793290,SHPC,52,6,54,810,43740
201510012793289,SHPC,52,6,290,810,234900
201510012793273,SHPC,50,6,140,810,113400
201510012793439,SICL,56,43,1000,950,950000
201510012793373,SICL,53,45,200,952,190400
201510012793672,SIFC,44,35,96,315,30240
201510012793459,SIL,28,35,600,735,441000
201510012793458,SIL,1,35,500,736,368000
201510012793457,SIL,50,35,500,737,368500
201510012793272,SIL,50,49,50,737,36850
201510012793535,SINDU,38,37,950,246,233700
201510012793619,SKBBL,17,6,100,1940,194000
201510012793618,SKBBL,7,6,50,1942,97100
201510012793531,SKBBL,53,6,200,1950,390000
201510012793519,SKBBL,49,6,250,1940,485000
201510012793609,SLBBL,11,21,100,2030,203000
201510012793538,SLBBL,36,26,31,2016,62496
201510012793740,SLICL,50,17,28,706,19768
201510012793544,SLICL,28,44,68,707,48076
201510012793280,SLICL,28,51,42,710,29820
201510012793697,SODBL,58,32,500,130,65000
201510012793676,SODBL,56,32,1000,130,130000
201510012793383,SODBL,56,42,1000,130,130000
201510012793720,SUBBL,21,14,131,302,39562
201510012793654,SUPRME,36,7,428,228,97584
201510012793653,SUPRME,36,35,300,228,68400
201510012793652,SUPRME,36,25,1000,228,228000
201510012793651,SUPRME,36,47,1050,228,239400
201510012793647,SUPRME,46,17,494,227,112138
201510012793617,SUPRME,57,57,481,226,108706
201510012793540,SUPRME,57,57,500,226,113000
201510012793406,SUPRME,6,42,1194,225,268650
201510012793403,SUPRME,46,45,209,224,46816
201510012793371,SUPRME,59,45,400,225,90000
201510012793507,SWBBL,16,16,50,2202,110100
201510012793584,UIC,49,48,100,406,40600
201510012793035,ACEDBL,43,20,1000,315,315000
201510012793014,ACEDBL,47,29,200,312,62400
201510012793104,ADBL,33,45,266,450,119700
201510012793103,ADBL,33,41,50,450,22500
201510012792886,ADBL,42,14,200,450,90000
201510012792766,ADBL,33,39,200,455,91000
201510012793023,ADBL,56,29,301,444,133644
201510012792890,ADBL,41,14,1000,446,446000
201510012792889,ADBL,56,14,1000,446,446000
201510012792888,ADBL,16,14,150,448,67200
201510012792887,ADBL,19,14,200,449,89800
201510012793239,AHPC,39,39,56,276,15456
201510012793230,AHPC,39,39,23,275,6325
201510012793228,AHPC,39,39,23,275,6325
201510012793195,AHPC,6,42,136,272,36992
201510012793059,AHPC,51,39,23,275,6325
201510012792926,AHPC,34,39,132,276,36432
201510012792787,AHPC,8,52,23,271,6233
201510012792782,AHPC,55,52,23,272,6256
201510012792776,AHPC,54,52,23,272,6256
201510012792760,AHPC,1,52,23,276,6348
201510012793237,APEX,8,17,266,159,42294
201510012793236,APEX,8,25,68,159,10812
201510012793235,APEX,8,25,100,159,15900
201510012793139,APEX,1,35,22,157,3454
201510012792962,APEX,32,43,142,157,22294
201510012792868,ARDBL,50,42,21,192,4032
201510012792863,ARDBL,54,42,21,194,4074
201510012792860,ARDBL,50,42,21,195,4095
201510012792859,ARDBL,1,42,21,196,4116
201510012792858,ARDBL,16,42,21,198,4158
201510012793053,BGDBL,47,47,340,283,96220
201510012793183,BUDBL,6,57,600,265,159000
201510012792911,BUDBL,6,54,200,264,52800
201510012793176,CBBL,53,53,404,1700,686800
201510012793055,CBBL,28,28,53,1710,90630
201510012793009,CBBL,49,53,90,1700,153000
201510012792997,CBBL,44,47,105,1700,178500
201510012792814,CBBL,42,43,98,1717,168266
201510012793170,CBL,37,17,111,286,31746
201510012793169,CBL,37,39,1000,286,286000
201510012793132,CBL,7,17,200,285,57000
201510012793131,CBL,16,17,1000,285,285000
201510012793102,CBL,16,17,111,285,31635
201510012793093,CBL,16,17,1200,285,342000
201510012793092,CBL,29,17,300,285,85500
201510012793091,CBL,25,17,100,285,28500
201510012793082,CBL,16,47,125,285,35625
201510012793074,CBL,39,17,29,286,8294
201510012792957,CBL,16,1,573,285,163305
201510012792838,CBL,32,40,91,286,26026
201510012793197,CCBL,59,59,802,399,319998
201510012793193,CCBL,59,32,85,399,33915
201510012793190,CCBL,59,40,32,399,12768
201510012793174,CCBL,6,40,32,399,12768
201510012793173,CCBL,59,40,80,399,31920
201510012793171,CCBL,53,39,40,396,15840
201510012792786,CCBL,38,47,150,398,59700
201510012792856,CCBL,41,41,42,399,16758
201510012792853,CCBL,41,41,42,399,16758
201510012792850,CCBL,41,41,42,399,16758
201510012792825,CCBL,29,6,200,400,80000
201510012792816,CCBL,59,32,1680,399,670320
201510012792800,CCBL,39,32,20,399,7980
201510012792946,CCBL,38,58,150,398,59700
201510012792945,CCBL,25,58,100,398,39800
201510012792917,CCBL,7,35,309,398,122982
201510012792916,CCBL,17,49,165,398,65670
201510012792910,CCBL,32,49,42,399,16758
201510012792867,CCBL,26,6,200,400,80000
201510012793039,CCBL,58,58,360,396,142560
201510012792990,CCBL,1,1,42,397,16674
201510012792989,CCBL,38,58,500,396,198000
201510012792976,CCBL,1,1,42,397,16674
201510012792948,CCBL,32,58,300,396,118800
201510012792947,CCBL,6,58,1000,396,396000
201510012793192,CHCL,41,49,64,1423,91072
201510012793016,CHCL,51,17,200,1425,285000
201510012793005,CHCL,26,29,42,1422,59724
201510012792939,CHCL,49,42,509,1421,723289
201510012792893,CHCL,45,17,50,1425,71250
201510012792821,CHCL,44,34,101,1421,143521
201510012792765,CHCL,6,17,30,1428,42840
201510012792761,CHCL,28,17,100,1425,142500
201510012793066,CNDBL,48,47,200,208,41600
201510012792872,CNDBL,25,47,200,205,41000
201510012792826,CNDBL,25,47,300,205,61500
201510012793138,CZBIL,35,25,200,560,112000
201510012793121,CZBIL,25,38,100,558,55800
201510012793109,CZBIL,36,54,66,558,36828
201510012792903,CZBIL,17,19,100,557,55700
201510012793198,EBL,16,26,250,3270,817500
201510012793177,EBL,8,6,100,3270,327000
201510012793168,EBL,38,6,400,3270,1308000
201510012793163,EBL,22,6,150,3271,490650
201510012792750,EBL,57,56,100,3270,327000
201510012792801,EBL,36,26,30,3275,98250
201510012792797,EBL,37,59,100,3273,327300
201510012792757,EBL,16,41,226,3269,738794
201510012792885,EBL,6,13,100,3272,327200
201510012792839,EBL,43,17,15,3275,49125
201510012792837,EBL,43,26,70,3275,229250
201510012792836,EBL,14,26,400,3275,1310000
201510012792831,EBL,39,44,200,3274,654800
201510012792996,EBL,8,44,200,3274,654800
201510012792923,EBL,16,16,50,3274,163700
201510012792905,EBL,16,54,232,3270,758640
201510012792895,EBL,16,54,100,3270,327000
201510012792894,EBL,8,54,100,3271,327100
201510012793155,EBL,38,44,200,3274,654800
201510012793114,EBL,38,42,300,3270,981000
201510012793050,EBL,41,42,100,3271,327100
201510012793049,EBL,8,42,50,3272,163600
201510012793048,EBL,8,42,250,3272,818000
201510012793047,EBL,14,42,300,3273,981900
201510012793242,GBIME,4,56,200,542,108400
201510012793160,GBIME,43,7,471,542,255282
201510012793156,GBIME,43,56,500,541,270500
201510012793150,GBIME,42,42,96,540,51840
201510012793130,GBIME,42,26,124,540,66960
201510012793070,GBIME,41,16,200,540,108000
201510012792904,GBIME,44,6,36,540,19440
201510012792849,GBIME,19,25,10,540,5400
201510012792848,GBIME,44,56,16,540,8640
201510012792806,GBIME,59,41,107,540,57780
201510012792794,GBIME,13,13,120,539,64680
201510012792788,GBIME,13,21,350,539,188650
201510012792932,GBIME,17,6,100,540,54000
201510012792931,GBIME,17,21,500,540,270000
201510012792920,GBIME,39,36,170,539,91630
201510012792919,GBIME,39,36,100,539,53900
201510012792918,GBIME,19,36,10,540,5400
201510012792913,GBIME,41,41,102,539,54978
201510012793034,GDBL,13,36,500,427,213500
201510012793033,GDBL,42,36,100,435,43500
201510012792871,GFCL,6,21,660,223,147180
201510012792865,GFCL,58,21,1064,222,236208
201510012793211,GLICL,19,48,200,629,125800
201510012792749,HAMA,43,41,890,185,164650
201510012793159,HBL,42,25,50,1348,67400
201510012793153,HBL,42,32,25,1347,33675
201510012792810,HBL,45,38,188,1340,251920
201510012793013,HBL,50,6,44,1339,58916
201510012792880,HBL,25,33,100,1340,134000
201510012792879,HBL,17,33,110,1341,147510
201510012793119,HBL,42,29,100,1346,134600
201510012793094,HBL,42,17,33,1343,44319
201510012793067,HBL,45,33,90,1340,120600
201510012793196,ICFC,17,19,250,313,78250
201510012793175,ICFC,17,29,59,310,18290
201510012793158,ILFC,34,17,500,234,117000
201510012793135,ILFC,41,25,1000,232,232000
201510012793112,ILFC,41,20,108,234,25272
201510012793105,ILFC,43,20,3668,231,847308
201510012793098,ILFC,25,20,500,232,116000
201510012793041,ILFC,25,20,1000,232,232000
201510012792974,ILFC,41,52,168,233,39144
201510012792940,ILFC,25,38,423,234,98982
201510012792930,ILFC,25,52,1000,234,234000
201510012792790,ILFC,25,57,150,234,35100
201510012793248,INDBL,13,41,884,210,185640
201510012793154,JBBL,47,45,200,205,41000
201510012792934,JBBL,57,57,406,205,83230
201510012792804,JBBL,19,43,130,205,26650
201510012793140,JFL,8,21,70,376,26320
201510012792758,JFL,6,40,1613,370,596810
201510012793245,KBBL,52,4,114,460,52440
201510012793200,KBBL,54,32,1400,460,644000
201510012793191,KBBL,54,54,850,460,391000
201510012792884,KBBL,35,54,100,460,46000
201510012792883,KBBL,50,54,50,460,23000
201510012792882,KBBL,43,54,100,460,46000
201510012792881,KBBL,17,54,100,461,46100
201510012792779,KBBL,39,28,175,460,80500
201510012793141,KBL,25,36,260,457,118820
201510012793126,KBL,8,26,142,457,64894
201510012793083,KBL,14,57,280,455,127400
201510012793075,KBL,26,39,50,456,22800
201510012792984,KBL,6,21,516,456,235296
201510012792944,KBL,58,39,161,455,73255
201510012792941,KBL,13,39,500,455,227500
201510012792805,KBL,58,36,100,457,45700
201510012792780,KBL,58,57,200,455,91000
201510012793054,KCDBL,50,36,17,194,3298
201510012793037,KCDBL,50,36,17,197,3349
201510012792956,KCDBL,49,36,17,199,3383
201510012792954,KDBL,57,57,190,201,38190
201510012792963,KRBL,50,32,60,256,15360
201510012792906,KRBL,47,32,60,254,15240
201510012793108,LBL,4,42,100,539,53900
201510012793101,LBL,42,49,10,540,5400
201510012793077,LBL,28,47,190,536,101840
201510012793046,LBL,28,26,83,536,44488
201510012792970,LBL,28,16,500,537,268500
201510012792964,LBL,28,54,42,537,22554
201510012792877,LBL,17,11,500,536,268000
201510012792840,LBL,17,39,200,535,107000
201510012792820,LBL,28,48,380,534,202920
201510012793238,LICN,17,43,34,3460,117640
201510012792942,LICN,17,41,100,3460,346000
201510012792783,LICN,17,46,100,3500,350000
201510012793137,LUBL,47,43,250,410,102500
201510012793060,LUBL,49,29,38,409,15542
201510012793017,LUBL,49,39,500,409,204500
201510012792955,LUBL,49,38,940,409,384460
201510012792952,LUBL,19,43,400,410,164000
201510012792951,LUBL,19,43,500,410,205000
201510012792892,LUBL,26,39,500,410,205000
201510012792846,LUBL,57,40,44,410,18040
201510012793000,LVF1,45,45,2500,10,25000
201510012792999,LVF1,45,45,2500,10,25000
201510012792998,LVF1,45,45,2500,10,25000
201510012793234,MBBL,16,16,10,218,2180
201510012792827,MDB,41,16,100,650,65000
201510012792772,MLBBL,10,25,31,1040,32240
201510012793247,MNBBL,11,42,20,700,14000
201510012793148,MNBBL,11,42,40,700,28000
201510012793147,MNBBL,11,10,20,700,14000
201510012792972,MNBBL,35,42,18,701,12618
201510012793065,MNBBL,45,10,10,700,7000
201510012793064,MNBBL,49,10,60,700,42000
201510012793063,MNBBL,35,10,10,701,7010
201510012793057,MNBBL,35,42,20,701,14020
201510012793024,MNBBL,45,42,140,700,98000
201510012793004,MNBBL,49,42,40,700,28000
201510012793213,NABIL,40,45,100,2561,256100
201510012793209,NABIL,17,45,158,2560,404480
201510012793185,NABIL,40,7,100,2561,256100
201510012793144,NABIL,42,42,33,2562,84546
201510012793040,NABIL,33,11,50,2566,128300
201510012793006,NABIL,29,1,400,2568,1027200
201510012792993,NABIL,45,43,20,2570,51400
201510012792987,NABIL,45,52,100,2565,256500
201510012792909,NABIL,50,4,100,2568,256800
201510012792901,NABIL,45,53,18,2570,46260
201510012792803,NABILP,37,38,100,1899,189900
201510012792799,NABILP,29,17,500,1890,945000
201510012792798,NABILP,17,17,70,1890,132300
201510012792807,NABILP,41,26,50,1890,94500
201510012792927,NABILP,6,17,500,1890,945000
201510012793225,NBB,14,10,310,655,203050
201510012793078,NBB,29,10,61,655,39955
201510012793044,NBB,57,10,100,659,65900
201510012793043,NBB,17,10,90,659,59310
201510012792841,NBB,16,53,390,661,257790
201510012792915,NBB,17,17,110,659,72490
201510012792914,NBB,55,17,20,660,13200
201510012792851,NBB,8,53,30,660,19800
201510012792844,NBB,48,53,200,660,132000
201510012792843,NBB,39,53,300,660,198000
201510012792842,NBB,11,53,1000,660,660000
201510012793182,NBL,42,25,560,278,155680
201510012793045,NBL,55,55,294,276,81144
201510012792975,NBL,19,42,1000,275,275000
201510012792994,NCCB,28,33,900,455,409500
201510012792876,NCCB,29,38,127,455,57785
201510012792855,NCCB,59,11,300,459,137700
201510012792852,NCCB,38,38,127,452,57404
201510012792796,NCCB,20,14,411,455,187005
201510012792819,NHPC,49,1,1000,116,116000
201510012792775,NHPC,28,34,2500,115,287500
201510012793188,NIB,14,14,86,1068,91848
201510012793089,NIB,22,59,535,1065,569775
201510012792924,NIB,13,8,200,1069,213800
201510012792921,NIB,13,7,51,1068,54468
201510012792898,NIB,33,56,200,1068,213600
201510012792896,NIB,33,56,500,1065,532500
201510012792861,NIB,19,7,50,1068,53400
201510012792822,NIB,8,1,200,1066,213200
201510012792802,NIB,58,1,98,1067,104566
201510012793030,NIBPO,34,45,500,860,430000
201510012793029,NIBPO,49,45,500,860,430000
201510012793028,NIBPO,49,45,500,860,430000
201510012793027,NIBPO,49,45,120,860,103200
201510012793026,NIBPO,57,45,100,861,86100
201510012792958,NIBPO,50,17,200,862,172400
201510012792950,NIBPO,50,42,86,863,74218
201510012792809,NIBPO,29,17,500,862,431000
201510012792791,NIBPO,21,17,500,861,430500
201510012792752,NIBPO,49,14,500,860,430000
201510012793241,NICA,40,44,80,984,78720
201510012793204,NICA,47,44,200,984,196800
201510012793203,NICA,45,44,60,984,59040
201510012793202,NICA,19,17,500,985,492500
201510012793165,NICA,57,54,500,985,492500
201510012793149,NICA,45,50,140,984,137760
201510012792815,NICA,26,53,241,989,238349
201510012792811,NICA,26,45,300,985,295500
201510012792781,NICA,39,45,100,985,98500
201510012792778,NICA,45,45,200,985,197000
201510012792777,NICA,49,45,100,985,98500
201510012792763,NICA,43,45,184,985,181240
201510012793010,NICA,32,57,30,986,29580
201510012792928,NICA,57,50,500,988,494000
201510012792925,NICA,38,36,192,984,188928
201510012792922,NICA,57,34,172,987,169764
201510012792854,NICA,43,56,50,989,49450
201510012792845,NICA,43,38,100,989,98900
201510012793120,NICA,57,45,120,983,117960
201510012793118,NICA,58,50,200,984,196800
201510012793117,NICA,36,50,30,984,29520
201510012793116,NICA,48,50,150,985,147750
201510012793115,NICA,34,50,180,985,177300
201510012793110,NICA,32,50,16,986,15776
201510012793189,NLG,39,39,28,726,20328
201510012793184,NLG,39,39,28,726,20328
201510012793180,NLG,39,39,28,726,20328
201510012793181,NLIC,56,7,100,3385,338500
201510012792768,NLIC,39,38,21,3380,70980
201510012793240,NLICL,14,53,726,2274,1650924
201510012793146,NLICL,33,38,200,2270,454000
201510012792981,NLICL,53,53,570,2255,1285350
201510012792900,NLICL,53,53,108,2260,244080
201510012793221,NNFC,44,48,200,370,74000
201510012793224,NTC,41,40,100,653,65300
201510012793179,NTC,52,52,500,654,327000
201510012792771,NTC,44,42,300,652,195600
201510012793232,PCBL,48,26,16,621,9936
201510012793194,PCBL,39,40,30,625,18750
201510012793186,PCBL,25,44,500,624,312000
201510012793106,PCBL,40,14,240,624,149760
201510012793031,PCBL,11,20,55,619,34045
201510012793022,PCBL,14,20,350,620,217000
201510012792967,PCBL,25,44,206,623,128338
201510012792933,PCBL,33,56,10,625,6250
201510012792912,PCBL,33,6,90,625,56250
201510012792869,PCBL,34,6,60,625,37500
201510012792818,PCBL,17,58,230,623,143290
201510012792812,PCBL,17,38,241,622,149902
201510012793021,PCBL,43,20,100,621,62100
201510012793020,PCBL,39,20,100,621,62100
201510012793019,PCBL,39,20,100,621,62100
201510012793018,PCBL,39,20,100,621,62100
201510012793015,PCBL,16,13,182,625,113750
201510012793012,PCBL,44,20,500,622,311000
201510012792754,PFL,16,39,400,419,167600
201510012792995,PLIC,44,36,330,1350,445500
201510012792992,PLIC,44,38,200,1346,269200
201510012793086,PRIN,44,39,17,415,7055
201510012793123,RBBBL,38,38,13,224,2912
201510012793107,RBBBL,38,38,13,224,2912
201510012793068,RBBBL,38,38,13,224,2912
201510012792891,RBBBL,38,38,13,223,2899
201510012792756,RBBBL,45,20,370,221,81770
201510012793002,RBBBL,21,21,13,223,2899
201510012792971,RBBBL,38,38,13,223,2899
201510012792949,RBBBL,38,38,13,223,2899
201510012792929,RBBBL,38,38,13,223,2899
201510012792908,RBBBL,38,38,13,223,2899
201510012792961,RBCL,17,40,154,5900,908600
201510012793229,REDBL,38,47,111,325,36075
201510012793222,REDBL,56,50,529,321,169809
201510012793219,REDBL,38,50,200,324,64800
201510012793208,REDBL,26,28,13,321,4173
201510012793207,REDBL,38,50,114,322,36708
201510012793178,REDBL,38,50,114,322,36708
201510012792762,REDBL,56,46,129,315,40635
201510012792977,REDBL,49,41,1808,320,578560
201510012792968,REDBL,21,19,17,317,5389
201510012792966,REDBL,21,11,38,317,12046
201510012792960,REDBL,21,57,91,316,28756
201510012792774,REDBL,56,50,36,315,11340
201510012792767,REDBL,56,46,54,315,17010
201510012793071,REDBL,26,29,130,321,41730
201510012792988,REDBL,49,54,40,321,12840
201510012792983,REDBL,49,25,814,320,260480
201510012792982,REDBL,49,25,468,320,149760
201510012792980,REDBL,49,25,525,320,168000
201510012792979,REDBL,49,11,74,320,23680
201510012793172,REDBL,28,28,21,321,6741
201510012793166,REDBL,38,35,184,324,59616
201510012793157,REDBL,26,50,18,322,5796
201510012793136,REDBL,13,13,192,318,61056
201510012793134,REDBL,56,13,155,320,49600
201510012793090,REDBL,26,56,18,321,5778
201510012792899,RHPC,35,26,11,394,4334
201510012793011,RLFL,38,38,210,183,38430
201510012792938,SADBL,17,20,500,400,200000
201510012792959,SANIMA,17,41,100,670,67000
201510012792937,SANIMA,47,34,290,670,194300
201510012792936,SANIMA,35,34,200,673,134600
201510012792935,SANIMA,26,34,10,673,6730
201510012792874,SANIMA,26,35,490,673,329770
201510012792873,SANIMA,17,35,10,673,6730
201510012793125,SBI,38,39,18,1570,28260
201510012793124,SBI,38,39,10,1570,15700
201510012793099,SBI,8,39,10,1540,15400
201510012793095,SBI,8,39,37,1534,56758
201510012793087,SBI,8,11,62,1530,94860
201510012793085,SBI,8,58,33,1524,50292
201510012792866,SBI,56,14,198,1515,299970
201510012792833,SBI,56,49,459,1515,695385
201510012792832,SBI,56,38,106,1514,160484
201510012793081,SBI,38,14,132,1523,201036
201510012793079,SBI,38,19,243,1522,369846
201510012793061,SBI,38,25,300,1521,456300
201510012792986,SBI,56,10,254,1520,386080
201510012792985,SBI,56,25,500,1519,759500
201510012792978,SBI,56,8,997,1519,1514443
201510012793008,SBL,45,11,70,792,55440
201510012793007,SBL,41,11,70,792,55440
201510012792953,SBL,59,16,250,792,198000
201510012792857,SBL,45,22,100,792,79200
201510012792830,SBL,45,41,165,791,130515
201510012793217,SCB,39,52,100,2805,280500
201510012793162,SCB,43,19,270,2800,756000
201510012793161,SCB,25,19,100,2800,280000
201510012793145,SCB,35,6,500,2801,1400500
201510012793133,SCB,17,42,18,2805,50490
201510012793080,SCB,47,19,120,2817,338040
201510012793076,SCB,22,19,10,2820,28200
201510012793069,SCB,47,45,79,2820,222780
201510012793111,SEOS,6,29,5000,10,49500
201510012793226,SHINE,43,42,100,485,48500
201510012793220,SHINE,14,42,1000,480,480000
201510012792965,SHL,45,44,500,448,224000
201510012792897,SHL,1,44,300,448,134400
201510012793167,SHPC,22,6,70,810,56700
201510012793100,SHPC,50,32,18,810,14580
201510012793096,SHPC,50,32,18,810,14580
201510012793088,SHPC,50,1,18,810,14580
201510012793072,SHPC,50,1,18,810,14580
201510012793052,SHPC,8,6,500,809,404500
201510012792835,SHPC,58,40,50,810,40500
201510012792828,SHPC,40,1,18,806,14508
201510012792793,SHPC,40,14,340,806,274040
201510012792792,SHPC,17,14,160,807,129120
201510012793216,SICL,45,43,500,955,477500
201510012793127,SIL,41,35,70,745,52150
201510012793201,SINDU,50,59,1000,246,246000
201510012793036,SINDU,50,42,90,250,22500
201510012793199,SKBBL,7,22,12,1950,23400
201510012793122,SKBBL,57,14,500,1950,975000
201510012793056,SKBBL,7,41,50,1950,97500
201510012793038,SKBBL,17,36,96,1950,187200
201510012793001,SKBBL,17,17,19,1950,37050
201510012792991,SKBBL,7,17,19,1952,37088
201510012793058,SLICL,22,42,55,710,39050
201510012793164,SODBL,39,41,1000,130,130000
201510012792973,SODBL,25,48,500,130,65000
201510012793227,SRBL,25,40,35,550,19250
201510012793223,SRBL,33,26,500,548,274000
201510012793129,SRBL,25,42,520,550,286000
201510012792907,SRBL,44,17,500,540,270000
201510012793243,SUPRME,58,38,1664,225,374400
201510012793231,SUPRME,59,39,100,225,22500
201510012793128,SUPRME,46,39,500,224,112000
201510012793042,SUPRME,13,47,210,224,47040
201510012793032,SUPRME,13,47,11,223,2453
201510012792847,SUPRME,57,57,1176,223,262248
201510012792808,SUPRME,57,57,550,222,122100
201510012793143,SWBBL,7,56,147,2223,326781
201510012793113,SWBBL,57,26,146,2223,324558
201510012793097,SWBBL,57,26,85,2222,188870
201510012792902,TBBL,45,17,22,260,5720
201510012792943,UFCL,47,25,20,129,2580
201510012792878,UFIL,43,43,22,155,3410
201510012792864,UFIL,29,39,11,158,1738
201510012792834,UFIL,34,17,44,161,7084
201510012792755,UFIL,29,37,89,155,13795
201510012792753,UFIL,29,47,20,154,3080
201510012792751,UFIL,29,37,89,153,13617
201510012792785,UFIL,29,47,44,158,6952
201510012792784,UFIL,29,17,20,158,3160
201510012792773,UFIL,29,39,22,158,3476
201510012792770,UFIL,29,39,11,158,1738
201510012792769,UFIL,29,37,89,156,13884
201510012792759,UFIL,29,37,89,156,13884
201510012792875,UFL,33,42,20,344,6880
201510012793187,UIC,44,50,200,406,81200
201510012793246,VBBL,20,39,760,170,129200
201510012793233,VBBL,20,53,1750,170,297500
201510012793214,VBBL,17,53,500,170,85000
201510012792969,VBBL,39,57,80,167,13360
201510012792824,VBBL,39,53,1450,170,246500
201510012792823,VBBL,17,53,300,170,51000
201510012792789,VBBL,39,17,550,170,93500
201510012793210,WDBL,13,47,119,337,40103
201510012793084,WDBL,6,11,109,337,36733
201510012793151,YETI,14,13,1000,165,165000
201510012792813,YETI,7,13,500,167,83500
201510012792609,ACEDBL,33,19,12,313,3756
201510012792420,ADBL,6,14,200,451,90200
201510012792419,ADBL,52,14,310,452,140120
201510012792666,AHPC,49,49,90,277,24930
201510012792656,AHPC,49,49,90,277,24930
201510012792625,AHPC,49,49,90,277,24930
201510012792604,AHPC,49,49,90,275,24750
201510012792570,AHPC,49,49,90,275,24750
201510012792558,AHPC,54,54,100,272,27200
201510012792539,AHPC,41,52,23,274,6302
201510012792532,AHPC,41,52,45,275,12375
201510012792498,AHPC,17,6,23,276,6348
201510012792329,AHPC,45,52,45,277,12465
201510012792685,APEX,1,47,11,160,1760
201510012792616,ARDBL,16,16,133,197,26201
201510012792481,ARDBL,50,39,185,199,36815
201510012792347,BLDBL,6,56,10,413,4130
201510012792708,BUDBL,25,54,253,269,68057
201510012792461,BUDBL,6,1,54,270,14580
201510012792712,CBBL,57,14,53,1714,90842
201510012792706,CBBL,57,14,126,1710,215460
201510012792503,CBBL,17,28,50,1720,86000
201510012792502,CBBL,39,28,50,1720,86000
201510012792484,CBBL,33,33,264,1710,451440
201510012792729,CBL,32,54,650,286,185900
201510012792639,CBL,34,54,100,286,28600
201510012792627,CBL,22,54,50,286,14300
201510012792575,CBL,17,54,200,286,57200
201510012792551,CBL,16,34,117,285,33345
201510012792514,CBL,17,55,64,286,18304
201510012792267,CBL,32,33,300,288,86400
201510012792266,CBL,32,33,200,288,57600
201510012792265,CBL,50,33,150,288,43200
201510012792466,CBL,45,25,50,288,14400
201510012792411,CBL,45,45,250,288,72000
201510012792410,CBL,52,25,150,287,43050
201510012792389,CBL,42,34,951,286,271986
201510012792365,CBL,51,45,150,288,43200
201510012792364,CBL,51,33,50,288,14400
201510012792705,CCBL,32,6,50,400,20000
201510012792692,CCBL,35,34,1857,398,739086
201510012792636,CCBL,29,58,14,400,5600
201510012792626,CCBL,29,58,14,400,5600
201510012792449,CCBL,59,50,85,400,34000
201510012792439,CCBL,53,42,151,399,60249
201510012792247,CCBL,22,57,42,399,16758
201510012792400,CCBL,16,50,500,400,200000
201510012792387,CCBL,16,37,598,400,239200
201510012792386,CCBL,16,6,200,400,80000
201510012792371,CCBL,22,53,100,399,39900
201510012792342,CCBL,49,50,100,400,40000
201510012792284,CCBL,49,42,42,400,16800
201510012792544,CFCL,41,39,354,259,91686
201510012792543,CFCL,41,47,95,258,24510
201510012792702,CHCL,45,38,140,1425,199500
201510012792683,CHCL,51,34,59,1426,84134
201510012792678,CHCL,22,17,283,1426,403558
201510012792560,CHCL,44,6,28,1432,40096
201510012792555,CHCL,44,6,28,1432,40096
201510012792506,CHCL,19,17,71,1428,101388
201510012792430,CHCL,19,19,200,1429,285800
201510012792391,CHCL,42,58,150,1427,214050
201510012792376,CHCL,49,34,93,1427,132711
201510012792313,CHCL,44,17,70,1431,100170
201510012792527,CNDBL,25,47,120,205,24600
201510012792511,CNDBL,19,47,100,205,20500
201510012792496,CNDBL,19,47,60,205,12300
201510012792738,CZBIL,25,42,82,555,45510
201510012792727,CZBIL,16,42,500,555,277500
201510012792724,CZBIL,43,42,100,555,55500
201510012792723,CZBIL,45,42,400,556,222400
201510012792631,CZBIL,25,57,200,558,111600
201510012792624,CZBIL,25,6,72,557,40104
201510012792607,CZBIL,45,45,124,556,68944
201510012792603,CZBIL,55,45,190,556,105640
201510012792595,CZBIL,17,56,500,555,277500
201510012792541,CZBIL,17,19,690,555,382950
201510012792471,CZBIL,17,6,72,555,39960
201510012792462,DBBL,43,42,10,191,1910
201510012792748,EBL,14,44,200,3268,653600
201510012792629,EBL,47,45,50,3265,163250
201510012792628,EBL,38,45,150,3266,489900
201510012792610,EBL,22,44,200,3268,653600
201510012792598,EBL,11,41,100,3267,326700
201510012792258,EBL,21,41,100,3270,327000
201510012792257,EBL,16,41,500,3271,1635500
201510012792279,EBL,10,17,400,3270,1308000
201510012792262,EBL,14,41,200,3270,654000
201510012792261,EBL,10,41,200,3270,654000
201510012792260,EBL,10,41,50,3270,163500
201510012792259,EBL,41,41,150,3270,490500
201510012792321,EBL,10,41,100,3270,327000
201510012792314,EBL,55,41,50,3270,163500
201510012792473,EBL,1,6,100,3265,326500
201510012792442,EBL,8,17,100,3269,326900
201510012792428,EBL,10,1,388,3269,1268372
201510012792427,EBL,40,41,100,3266,326600
201510012792597,EBL,11,17,200,3265,653000
201510012792596,EBL,11,44,200,3264,652800
201510012792512,EBL,41,41,100,3265,326500
201510012792504,EBL,10,6,320,3265,1044800
201510012792667,EFL,17,42,100,183,18300
201510012792500,EIC,50,14,20,846,16920
201510012792694,GBIME,17,20,36,537,19332
201510012792688,GBIME,41,20,36,540,19440
201510012792676,GBIME,13,20,77,537,41349
201510012792672,GBIME,13,20,140,537,75180
201510012792671,GBIME,1,20,150,537,80550
201510012792670,GBIME,19,20,200,538,107600
201510012792324,GBIME,49,45,100,542,54200
201510012792316,GBIME,25,14,956,540,516240
201510012792309,GBIME,13,39,102,541,55182
201510012792354,GBIME,25,36,100,540,54000
201510012792353,GBIME,48,36,100,541,54100
201510012792352,GBIME,21,36,100,541,54100
201510012792351,GBIME,52,36,50,541,27050
201510012792350,GBIME,52,36,50,541,27050
201510012792334,GBIME,45,45,320,542,173440
201510012792360,GBIME,25,36,150,540,81000
201510012792359,GBIME,22,36,30,540,16200
201510012792358,GBIME,22,36,300,540,162000
201510012792357,GBIME,22,36,120,540,64800
201510012792356,GBIME,41,36,50,540,27000
201510012792355,GBIME,25,36,200,540,108000
201510012792542,GBIME,13,48,105,539,56595
201510012792537,GBIME,26,28,215,541,116315
201510012792510,GBIME,17,33,31,540,16740
201510012792485,GBIME,17,48,398,541,215318
201510012792477,GBIME,42,33,26,540,14040
201510012792361,GBIME,38,36,200,540,108000
201510012792669,GBIME,52,20,100,538,53800
201510012792664,GBIME,1,20,100,540,54000
201510012792663,GBIME,19,20,10,540,5400
201510012792643,GBIME,41,33,13,540,7020
201510012792562,GBIME,19,21,198,540,106920
201510012792550,GBIME,42,32,100,540,54000
201510012792501,GDBL,22,36,100,435,43500
201510012792739,HAMA,43,41,2020,185,373700
201510012792338,HAMA,59,41,200,188,37600
201510012792620,HBL,17,38,290,1341,388890
201510012792619,HBL,17,38,100,1341,134100
201510012792618,HBL,14,38,90,1341,120690
201510012792395,HBL,51,38,20,1348,26960
201510012792553,HBL,17,29,200,1341,268200
201510012792718,ILFC,47,52,203,234,47502
201510012792710,ILFC,43,36,200,235,47000
201510012792655,ILFC,41,13,420,233,97860
201510012792638,ILFC,43,44,1620,232,375840
201510012792561,ILFC,40,36,274,235,64390
201510012792552,ILFC,26,25,20,239,4780
201510012792341,ILFC,1,22,40,240,9600
201510012792330,ILFC,13,38,500,236,118000
201510012792297,ILFC,1,1,167,239,39913
201510012792281,ILFC,13,6,500,238,119000
201510012792255,ILFC,13,49,1000,238,238000
201510012792249,ILFC,13,17,200,239,47800
201510012792415,ILFC,40,36,1000,236,236000
201510012792388,ILFC,1,22,700,238,166600
201510012792375,ILFC,26,22,76,239,18164
201510012792368,ILFC,13,22,300,238,71400
201510012792349,ILFC,34,49,1000,238,238000
201510012792348,ILFC,8,22,300,238,71400
201510012792528,ILFC,6,43,300,237,71100
201510012792489,ILFC,43,49,2000,234,468000
201510012792465,ILFC,40,13,200,236,47200
201510012792441,ILFC,43,17,200,237,47400
201510012792432,ILFC,42,11,300,237,71100
201510012792425,ILFC,41,8,872,234,204048
201510012792700,INDBL,52,13,79,209,16511
201510012792699,INDBL,52,57,500,209,104500
201510012792288,INDBL,16,13,500,201,100500
201510012792621,INDBL,13,13,441,205,90405
201510012792608,INDBL,26,13,79,204,16116
201510012792369,INDBL,28,45,185,200,37000
201510012792586,JBBL,17,8,185,205,37925
201510012792323,JBBL,19,42,70,205,14350
201510012792601,KBBL,50,6,300,462,138600
201510012792438,KBBL,35,54,480,463,222240
201510012792418,KBBL,39,21,800,461,368800
201510012792404,KBBL,6,16,1002,452,452904
201510012792366,KBBL,50,16,11,460,5060
201510012792345,KBBL,35,16,11,464,5104
201510012792253,KBBL,36,49,100,470,47000
201510012792340,KBBL,39,16,11,463,5093
201510012792333,KBBL,32,16,11,464,5104
201510012792325,KBBL,41,16,11,464,5104
201510012792318,KBBL,35,16,11,467,5137
201510012792311,KBBL,32,32,700,467,326900
201510012792263,KBBL,36,20,50,469,23450
201510012792728,KBL,13,13,303,456,138168
201510012792722,KBL,13,45,33,456,15048
201510012792695,KBL,29,21,40,455,18200
201510012792549,KBL,8,21,1000,456,456000
201510012792455,KBL,6,39,500,455,227500
201510012792476,KCDBL,21,11,18,200,3600
201510012792373,KRBL,13,54,200,252,50400
201510012792280,KRBL,41,58,40,251,10040
201510012792697,LBL,28,50,500,534,267000
201510012792684,LBL,17,54,200,535,107000
201510012792679,LBL,17,54,200,538,107600
201510012792661,LBL,17,56,300,535,160500
201510012792659,LBL,28,56,500,535,267500
201510012792658,LBL,13,56,50,536,26800
201510012792426,LBL,11,11,70,538,37660
201510012792332,LBL,28,7,184,538,98992
201510012792317,LBL,58,11,300,538,161400
201510012792290,LBL,59,53,115,539,61985
201510012792285,LBL,59,53,115,539,61985
201510012792657,LBL,17,56,50,536,26800
201510012792649,LBL,17,48,192,538,103296
201510012792648,LBL,17,52,300,537,161100
201510012792452,LBL,1,13,188,539,101332
201510012792440,LBL,1,17,61,538,32818
201510012792429,LBL,11,11,70,538,37660
201510012792483,LGIL,32,36,100,397,39700
201510012792540,LICN,17,22,100,3500,350000
201510012792374,LICN,45,43,34,3500,119000
201510012792276,LICN,19,22,146,3510,512460
201510012792747,LUBL,57,17,410,410,168100
201510012792746,LUBL,41,17,200,410,82000
201510012792745,LUBL,49,17,60,410,24600
201510012792741,LUBL,49,17,40,410,16400
201510012792662,LUBL,1,53,110,412,45320
201510012792651,LUBL,1,33,190,412,78280
201510012792416,LUBL,57,36,800,411,328800
201510012792343,LUBL,10,7,293,410,120130
201510012792328,LUBL,32,36,100,411,41100
201510012792327,LUBL,52,36,100,411,41100
201510012792310,LUBL,57,33,260,412,107120
201510012792650,LUBL,44,26,1000,412,412000
201510012792556,LUBL,14,53,100,412,41200
201510012792533,LUBL,14,49,100,412,41200
201510012792529,LUBL,46,33,500,412,206000
201510012792448,LUBL,52,33,500,412,206000
201510012792646,MNBBL,50,45,200,700,140000
201510012792645,MNBBL,11,45,100,700,70000
201510012792417,MNBBL,49,58,1092,700,764400
201510012792660,NABIL,17,36,150,2565,384750
201510012792469,NABIL,6,53,100,2563,256300
201510012792413,NABIL,46,40,50,2579,128950
201510012792292,NABIL,17,34,200,2570,514000
201510012792274,NABIL,57,29,343,2572,882196
201510012792304,NABILP,42,29,100,1900,190000
201510012792399,NABILP,6,59,300,1891,567300
201510012792398,NABILP,28,59,200,1892,378400
201510012792397,NABILP,44,59,100,1903,190300
201510012792305,NABILP,53,29,100,1900,190000
201510012792414,NABILP,17,59,30,1890,56700
201510012792538,NABILP,17,29,200,1890,378000
201510012792505,NABILP,28,49,188,1891,355508
201510012792740,NBB,8,20,578,660,381480
201510012792736,NBB,16,20,110,661,72710
201510012792735,NBB,21,20,300,661,198300
201510012792725,NBB,21,16,200,661,132200
201510012792715,NBB,44,38,70,666,46620
201510012792691,NBB,39,49,988,663,655044
201510012792574,NBB,43,20,500,666,333000
201510012792412,NBB,44,32,30,666,19980
201510012792394,NBB,17,41,500,667,333500
201510012792393,NBB,17,20,500,666,333000
201510012792326,NBB,48,34,819,665,544635
201510012792600,NBL,19,13,500,277,138500
201510012792599,NBL,19,39,300,276,82800
201510012792525,NBL,39,25,60,276,16560
201510012792524,NBL,17,25,80,277,22160
201510012792487,NBL,21,39,300,275,82500
201510012792446,NBL,19,48,1000,277,277000
201510012792445,NBL,19,39,200,275,55000
201510012792687,NCCB,28,38,127,450,57150
201510012792634,NCCB,4,14,500,454,227000
201510012792633,NCCB,39,14,50,455,22750
201510012792632,NCCB,1,14,300,456,136800
201510012792362,NCCB,56,56,69,460,31740
201510012792302,NCCB,29,10,400,460,184000
201510012792301,NCCB,39,10,200,460,92000
201510012792300,NCCB,11,10,700,460,322000
201510012792299,NCCB,7,10,100,461,46100
201510012792559,NCCB,8,59,300,457,137100
201510012792422,NCCB,39,56,305,460,140300
201510012792421,NCCB,39,33,500,460,230000
201510012792732,NCDB,49,32,120,264,31680
201510012792677,NHPC,49,36,1000,116,116000
201510012792665,NHPC,6,13,1000,116,116000
201510012792580,NHPC,14,49,200,118,23600
201510012792577,NHPC,46,14,500,116,58000
201510012792576,NHPC,41,36,1100,115,126500
201510012792704,NIB,33,56,200,1068,213600
201510012792698,NIB,45,36,50,1070,53500
201510012792644,NIB,34,13,38,1068,40584
201510012792614,NIB,52,52,200,1067,213400
201510012792467,NIB,34,22,100,1068,106800
201510012792377,NIB,10,8,200,1068,213600
201510012792344,NIB,33,28,159,1070,170130
201510012792303,NIB,58,54,100,1072,107200
201510012792275,NIB,33,6,500,1071,535500
201510012792743,NIBPO,49,14,880,860,756800
201510012792742,NIBPO,49,14,620,860,533200
201510012792717,NIBPO,57,55,500,861,430500
201510012792640,NIBPO,57,17,500,862,431000
201510012792613,NIBPO,17,17,500,861,430500
201510012792557,NIBPO,16,16,1000,862,862000
201510012792270,NIBPO,16,16,500,862,431000
201510012792516,NIBPO,16,21,1000,862,862000
201510012792434,NIBPO,49,6,700,860,602000
201510012792385,NIBPO,57,17,100,861,86100
201510012792384,NIBPO,34,17,700,861,602700
201510012792278,NIBPO,49,26,380,860,326800
201510012792277,NIBPO,49,26,120,861,103320
201510012792716,NIBSF1,14,38,3000,10,29550
201510012792709,NIBSF1,14,38,3000,10,29550
201510012792693,NICA,38,42,71,985,69935
201510012792689,NICA,4,58,59,990,58410
201510012792682,NICA,34,42,34,986,33524
201510012792673,NICA,4,39,230,988,227240
201510012792611,NICA,49,6,500,988,494000
201510012792564,NICA,49,42,393,989,388677
201510012792335,NICA,43,54,150,981,147150
201510012792298,NICA,43,22,100,981,98100
201510012792287,NICA,26,17,500,983,491500
201510012792269,NICA,41,32,61,982,59902
201510012792250,NICA,16,16,250,982,245500
201510012792509,NICA,42,42,5177,980,5073460
201510012792451,NICA,44,53,400,988,395200
201510012792447,NICA,44,16,1001,985,985985
201510012792379,NICA,57,6,300,985,295500
201510012792372,NICA,57,17,22,985,21670
201510012792336,NICA,17,54,50,981,49050
201510012792468,NLG,50,17,30,735,22050
201510012792464,NLG,50,17,30,735,22050
201510012792460,NLG,50,17,30,735,22050
201510012792726,NLIC,39,55,50,3380,169000
201510012792719,NLIC,56,55,500,3375,1687500
201510012792711,NLIC,54,16,100,3395,339500
201510012792459,NLIC,49,49,500,3390,1695000
201510012792454,NLIC,56,49,400,3395,1358000
201510012792443,NLIC,56,49,500,3395,1697500
201510012792390,NLIC,54,49,100,3395,339500
201510012792396,NLICL,54,41,533,2260,1204580
201510012792378,NLICL,54,55,65,2260,146900
201510012792423,NLICP,58,56,3000,1765,5295000
201510012792405,NNFC,45,22,120,370,44400
201510012792479,OHL,47,32,77,596,45892
201510012792703,PCBL,1,33,95,622,59090
201510012792690,PCBL,36,56,30,623,18690
201510012792592,PCBL,39,53,100,621,62100
201510012792591,PCBL,39,53,100,621,62100
201510012792590,PCBL,39,53,100,621,62100
201510012792589,PCBL,39,53,100,621,62100
201510012792370,PCBL,17,50,87,622,54114
201510012792272,PCBL,14,34,494,620,306280
201510012792545,PCBL,39,45,100,621,62100
201510012792531,PCBL,1,53,500,621,310500
201510012792437,PCBL,10,34,105,621,65205
201510012792382,PCBL,26,50,130,620,80600
201510012792381,PCBL,36,50,100,621,62100
201510012792380,PCBL,32,50,20,621,12420
201510012792588,PCBL,39,53,100,621,62100
201510012792571,PCBL,39,53,100,621,62100
201510012792554,PCBL,14,45,130,620,80600
201510012792548,PCBL,41,45,500,620,310000
201510012792547,PCBL,41,45,200,620,124000
201510012792546,PCBL,26,45,70,620,43400
201510012792696,PFL,7,38,320,427,136640
201510012792642,PFL,42,39,100,420,42000
201510012792641,PFL,42,35,776,416,322816
201510012792635,PFL,16,32,333,419,139527
201510012792630,PFL,42,42,29370,415,12188550
201510012792622,PFL,45,7,350,417,145950
201510012792615,PFL,42,42,21307,415,8842405
201510012792606,PFL,42,42,13500,415,5602500
201510012792593,PFL,41,35,796,416,331136
201510012792731,PLIC,29,38,10,1340,13400
201510012792730,PLIC,33,45,207,1345,278415
201510012792254,PLIC,33,45,300,1340,402000
201510012792652,RBBBL,38,38,13,220,2860
201510012792602,RBBBL,38,38,13,220,2860
201510012792569,RBBBL,38,38,13,220,2860
201510012792530,RBBBL,38,38,13,220,2860
201510012792458,RBBBL,21,32,13,220,2860
201510012792457,RBBBL,21,38,13,220,2860
201510012792271,RBBBL,38,38,13,220,2860
201510012792256,RBBBL,38,38,13,220,2860
201510012792436,RBCLPO,51,51,500,4700,2350000
201510012792733,REDBL,49,52,2394,315,754110
201510012792721,REDBL,49,35,987,315,310905
201510012792402,RHPC,34,43,103,400,41200
201510012792403,RMDC,17,17,36,691,24876
201510012792737,SADBL,54,54,500,401,200500
201510012792701,SADBL,6,1,500,397,198500
201510012792617,SADBL,6,19,207,399,82593
201510012792707,SANIMA,14,45,85,671,57035
201510012792594,SANIMA,45,45,200,674,134800
201510012792273,SANIMA,47,45,200,674,134800
201510012792720,SBI,38,47,111,1512,167832
201510012792492,SBI,1,45,80,1511,120880
201510012792491,SBI,38,19,126,1519,191394
201510012792475,SBI,34,42,14,1515,21210
201510012792472,SBI,38,19,400,1519,607600
201510012792424,SBI,17,25,200,1517,303400
201510012792409,SBI,17,19,500,1519,759500
201510012792306,SBI,16,19,100,1520,152000
201510012792268,SBI,38,39,200,1524,304800
201510012792450,SBL,58,58,300,803,240900
201510012792431,SBL,58,58,200,803,160600
201510012792435,SCB,46,55,100,2840,284000
201510012792433,SCB,40,55,50,2845,142250
201510012792523,SEOS,46,46,200,10,1972
201510012792520,SEOS,46,46,200,10,1972
201510012792515,SEOS,46,46,200,10,1972
201510012792513,SEOS,46,46,200,10,1972
201510012792507,SEOS,46,46,200,10,1972
201510012792714,SHINE,14,38,402,477,191754
201510012792480,SHINE,13,17,14,468,6552
201510012792674,SHPC,17,17,18,807,14526
201510012792668,SHPC,17,17,18,807,14526
201510012792587,SHPC,50,6,118,810,95580
201510012792519,SHPC,50,22,100,810,81000
201510012792494,SHPC,38,42,102,810,82620
201510012792307,SHPC,10,47,230,815,187450
201510012792407,SHPC,58,40,40,814,32560
201510012792337,SHPC,48,53,350,815,285250
201510012792331,SHPC,19,42,106,812,86072
201510012792322,SHPC,21,53,50,815,40750
201510012792315,SHPC,10,17,18,815,14670
201510012792312,SHPC,38,17,18,816,14688
201510012792522,SICL,38,54,63,950,59850
201510012792295,SICL,21,48,200,956,191200
201510012792637,SIFC,17,35,40,309,12360
201510012792623,SIFC,17,35,239,305,72895
201510012792563,SIFC,17,35,40,309,12360
201510012792495,SIFC,17,35,40,309,12360
201510012792518,SINDU,47,42,500,255,127500
201510012792517,SINDU,53,42,10,255,2550
201510012792578,SKBBL,39,17,19,1952,37088
201510012792383,SMFDB,42,54,59,1989,117351
201510012792744,SODBL,25,13,5000,130,650000
201510012792493,SODBL,56,20,195,129,25155
201510012792488,SODBL,57,20,466,130,60580
201510012792486,SODBL,58,20,1000,130,130000
201510012792482,SODBL,39,20,1000,128,128000
201510012792478,SODBL,56,20,1000,129,129000
201510012792474,SODBL,58,20,2000,129,258000
201510012792294,SODBL,50,50,2000,130,260000
201510012792681,SRBL,51,33,30,540,16200
201510012792680,SRBL,36,33,80,545,43600
201510012792654,SRBL,36,33,20,545,10900
201510012792536,SRBL,51,33,10,546,5460
201510012792535,SRBL,47,33,10,549,5490
201510012792499,SRBL,46,33,300,550,165000
201510012792392,SRBL,21,50,129,555,71595
201510012792308,SRBL,49,33,400,557,222800
201510012792293,SRBL,49,49,342,559,191178
201510012792283,SRBL,46,57,179,560,100240
201510012792612,SUBBL,47,17,284,300,85200
201510012792579,SUBBL,21,7,700,305,213500
201510012792406,SUPRME,28,44,500,220,110000
201510012792320,SUPRME,57,35,1002,220,220440
201510012792252,SUPRME,57,35,1000,220,220000
201510012792653,SWBBL,7,6,200,2222,444400
201510012792463,SWBBL,43,6,200,2220,444000
201510012792453,SWBBL,26,6,94,2221,208774
201510012792408,SWBBL,43,6,200,2215,443000
201510012792291,SWBBL,33,33,500,2210,1105000
201510012792508,UFCL,47,25,20,129,2580
201510012792534,UFIL,1,37,66,153,10098
201510012792444,UFIL,16,16,60,152,9120
201510012792363,UFIL,25,26,11,152,1672
201510012792346,UFIL,1,26,11,153,1683
201510012792319,UFIL,1,37,89,155,13795
201510012792289,UFIL,1,14,66,155,10230
201510012792282,UFIL,1,14,295,155,45725
201510012792251,UFIL,1,40,200,155,31000
201510012792248,UFIL,1,49,33,155,5115
201510012792264,UNL,32,13,20,28990,579800
201510012792734,VBBL,41,39,230,172,39560
201510012792246,VBBL,50,34,949,170,161330
201510012792647,YETI,39,42,200,166,33200
201510012792585,YETI,49,7,300,165,49500
201510012792584,YETI,49,7,300,165,49500
201510012792526,YETI,39,26,50,163,8150
201510012792199,ADBL,13,40,1000,460,460000
201510012791957,ADBL,52,21,101,455,45955
201510012792207,AHPC,41,52,45,276,12420
201510012792147,AHPC,1,52,45,276,12420
201510012792146,AHPC,8,52,45,277,12465
201510012792144,AHPC,42,52,68,278,18904
201510012792044,AHPC,48,52,68,278,18904
201510012792042,AHPC,48,52,90,278,25020
201510012791863,AHPC,41,52,100,280,28000
201510012792119,APEX,1,42,20,160,3200
201510012792045,APEX,20,42,50,157,7850
201510012792140,ARDBL,50,39,493,197,97121
201510012791836,ARDBL,50,1,56,199,11144
201510012791919,BHBL,39,39,200,337,67400
201510012792066,CBL,50,17,142,289,41038
201510012792031,CBL,40,42,577,285,164445
201510012791954,CBL,29,26,21,290,6090
201510012791943,CBL,49,53,99,290,28710
201510012791779,CBL,49,39,101,290,29290
201510012792219,CCBL,1,57,42,399,16758
201510012792210,CCBL,35,4,800,398,318400
201510012792191,CCBL,4,39,200,399,79800
201510012792190,CCBL,32,39,100,399,39900
201510012792189,CCBL,32,39,80,399,31920
201510012792138,CCBL,22,38,242,399,96558
201510012791773,CCBL,48,39,162,401,64962
201510012791857,CCBL,59,49,670,400,268000
201510012791856,CCBL,17,49,30,400,12000
201510012791850,CCBL,39,4,32,400,12800
201510012791843,CCBL,16,4,100,401,40100
201510012791820,CCBL,48,41,178,401,71378
201510012791813,CCBL,16,16,2452,400,980800
201510012791988,CCBL,45,45,10,402,4020
201510012791913,CCBL,8,32,500,400,200000
201510012791912,CCBL,59,32,300,400,120000
201510012791911,CCBL,48,32,200,400,80000
201510012791871,CCBL,38,39,500,400,200000
201510012791861,CCBL,59,49,33,400,13200
201510012792003,CCBL,58,39,41,402,16482
201510012792002,CCBL,59,58,42,400,16800
201510012792001,CCBL,59,39,40,400,16000
201510012791997,CCBL,59,39,40,400,16000
201510012791995,CCBL,45,39,41,402,16482
201510012791989,CCBL,45,45,16,402,6432
201510012792107,CCBL,59,6,1000,400,400000
201510012792102,CCBL,59,6,84,400,33600
201510012792084,CCBL,7,45,387,400,154800
201510012792070,CCBL,1,45,200,400,80000
201510012792011,CCBL,58,32,1000,402,402000
201510012792008,CCBL,58,39,41,402,16482
201510012792135,CFCL,41,21,520,262,136240
201510012791993,CFCL,41,26,319,258,82302
201510012792093,CHCL,49,43,85,1430,121550
201510012791984,CHCL,44,19,150,1430,214500
201510012791876,CHCL,6,41,44,1428,62832
201510012791869,CHCL,40,41,97,1427,138419
201510012791812,CHCL,44,7,660,1430,943800
201510012792037,CNDBL,48,50,250,201,50250
201510012791816,CNDBL,25,47,1000,205,205000
201510012792229,CZBIL,58,50,119,555,66045
201510012792174,CZBIL,42,48,300,555,166500
201510012792136,DBBL,43,42,10,188,1880
201510012792222,EBL,42,50,13,3280,42640
201510012792202,EBL,51,41,150,3280,492000
201510012792201,EBL,17,41,60,3280,196800
201510012792160,EBL,28,17,150,3281,492150
201510012792159,EBL,1,17,50,3282,164100
201510012792153,EBL,10,17,200,3280,656000
201510012791762,EBL,28,6,30,3295,98850
201510012791760,EBL,28,6,30,3295,98850
201510012791757,EBL,45,53,80,3290,263200
201510012791756,EBL,55,53,50,3290,164500
201510012791748,EBL,55,45,300,3290,987000
201510012791747,EBL,55,28,150,3290,493500
201510012791805,EBL,39,28,200,3280,656000
201510012791800,EBL,41,36,280,3285,919800
201510012791775,EBL,55,45,500,3290,1645000
201510012791767,EBL,45,45,320,3290,1052800
201510012791766,EBL,55,45,60,3295,197700
201510012791763,EBL,55,6,140,3295,461300
201510012791860,EBL,39,39,91,3279,298389
201510012791833,EBL,10,36,200,3270,654000
201510012791832,EBL,17,36,100,3270,327000
201510012791817,EBL,4,28,100,3275,327500
201510012791811,EBL,45,36,100,3275,327500
201510012791933,EBL,16,28,200,3285,657000
201510012791929,EBL,16,6,52,3285,170820
201510012791928,EBL,16,6,85,3285,279225
201510012791901,EBL,16,45,52,3280,170560
201510012791900,EBL,16,45,400,3280,1312000
201510012791891,EBL,16,45,128,3280,419840
201510012791982,EBL,49,6,19,3292,62548
201510012791977,EBL,7,6,80,3292,263360
201510012791939,EBL,39,45,187,3285,614295
201510012791934,EBL,16,6,24,3285,78840
201510012792043,EBL,10,36,200,3285,657000
201510012792033,EBL,42,36,200,3284,656800
201510012792027,EBL,49,6,80,3290,263200
201510012792017,EBL,39,36,107,3285,351495
201510012791992,EBL,41,53,100,3291,329100
201510012792125,EBL,16,17,500,3275,1637500
201510012792120,EBL,39,17,200,3280,656000
201510012792118,EBL,14,17,200,3281,656200
201510012792069,EBL,16,26,300,3285,985500
201510012792186,GBIME,59,45,400,542,216800
201510012792184,GBIME,45,45,150,542,81300
201510012792183,GBIME,50,45,950,542,514900
201510012792182,GBIME,38,45,350,542,189700
201510012792181,GBIME,44,45,200,542,108400
201510012792180,GBIME,57,45,490,543,266070
201510012791772,GBIME,58,36,130,541,70330
201510012791771,GBIME,40,36,200,541,108200
201510012791770,GBIME,38,36,50,541,27050
201510012792005,GBIME,50,17,50,543,27150
201510012791996,GBIME,29,34,36,543,19548
201510012791945,GBIME,29,26,10,543,5430
201510012791902,GBIME,39,42,53,542,28726
201510012791806,GBIME,52,36,261,541,141201
201510012791778,GBIME,58,36,11,541,5951
201510012792100,GBIME,42,39,170,545,92650
201510012792087,GBIME,16,39,43,544,23392
201510012792071,GBIME,16,39,43,544,23392
201510012792039,GBIME,57,47,10,543,5430
201510012792026,GBIME,52,13,45,544,24480
201510012792019,GBIME,52,51,187,544,101728
201510012792162,GBIME,17,41,100,545,54500
201510012792131,GBIME,42,38,45,545,24525
201510012792130,GBIME,42,29,300,545,163500
201510012792129,GBIME,42,26,500,545,272500
201510012792109,GBIME,17,13,45,545,24525
201510012792101,GBIME,42,39,30,545,16350
201510012792179,GBIME,1,45,160,544,87040
201510012792172,GBIME,59,17,187,545,101915
201510012792168,GBIME,59,37,444,545,241980
201510012792167,GBIME,20,41,15,544,8160
201510012792164,GBIME,20,41,40,544,21760
201510012792163,GBIME,34,41,50,544,27200
201510012792121,GDBL,7,6,500,443,221500
201510012792187,GFCL,6,21,1706,219,373614
201510012791930,HAMA,17,52,500,186,93000
201510012792209,HBL,50,53,149,1345,200405
201510012792090,HBL,50,26,58,1345,78010
201510012792067,HBL,14,26,17,1346,22882
201510012792038,HBL,49,49,100,1349,134900
201510012792030,HBL,17,6,100,1349,134900
201510012792029,HBL,17,6,100,1348,134800
201510012791788,IDBL,36,39,197,223,43931
201510012792245,ILFC,13,49,1500,238,357000
201510012792015,ILFC,13,21,878,237,208086
201510012791978,ILFC,40,36,970,238,230860
201510012791975,ILFC,47,21,254,238,60452
201510012791970,ILFC,40,21,930,237,220410
201510012791750,ILFC,8,14,335,238,79730
201510012791791,ILFC,47,28,1000,238,238000
201510012791785,ILFC,40,54,703,238,167314
201510012791769,ILFC,40,21,1000,237,237000
201510012791765,ILFC,40,21,168,238,39984
201510012791764,ILFC,47,20,500,238,119000
201510012791751,ILFC,25,21,1000,239,239000
201510012791855,ILFC,50,20,1507,238,358666
201510012791849,ILFC,50,45,500,238,119000
201510012791818,ILFC,41,38,1000,237,237000
201510012791798,ILFC,25,28,500,238,119000
201510012791795,ILFC,48,28,100,238,23800
201510012791792,ILFC,50,28,400,238,95200
201510012791967,ILFC,42,42,500,238,119000
201510012791946,ILFC,42,14,1000,238,238000
201510012791925,ILFC,29,58,200,238,47600
201510012791924,ILFC,34,58,1000,238,238000
201510012791885,ILFC,50,21,1000,238,238000
201510012791884,ILFC,39,39,1000,239,239000
201510012792224,INDBL,13,13,300,205,61500
201510012792218,INDBL,43,13,500,205,102500
201510012791916,INDBL,56,39,132,209,27588
201510012791909,INDBL,56,39,150,209,31350
201510012791829,JEFL,32,32,20,198,3960
201510012792150,JFL,41,13,400,375,150000
201510012792239,KBBL,56,20,500,469,234500
201510012792231,KBBL,32,48,142,468,66456
201510012792154,KBBL,35,20,160,470,75200
201510012792141,KBBL,35,49,345,470,162150
201510012792082,KBBL,44,20,500,469,234500
201510012792078,KBBL,35,32,3000,465,1395000
201510012792022,KBBL,54,54,1000,461,461000
201510012792094,KBL,4,39,200,455,91000
201510012792049,KBL,45,39,1000,455,455000
201510012792048,KBL,45,39,1000,455,455000
201510012792047,KBL,8,39,300,456,136800
201510012792046,KBL,8,53,200,460,92000
201510012792028,KBL,32,21,200,462,92400
201510012792020,KBL,36,58,75,463,34725
201510012791980,KBL,36,39,300,463,138900
201510012791828,KBL,58,39,500,463,231500
201510012791819,KBL,36,39,100,464,46400
201510012791782,KBL,25,58,200,465,93000
201510012791759,KBL,13,35,788,464,365632
201510012792213,KCDBL,21,21,34,204,6936
201510012792158,KCDBL,38,38,10,208,2080
201510012792149,KCDBL,38,38,10,209,2090
201510012792051,KDBL,42,34,64,205,13120
201510012792025,KDBL,42,22,82,205,16810
201510012792171,KRBL,41,54,200,248,49600
201510012792157,LBL,1,11,229,536,122744
201510012791870,LBL,39,57,100,536,53600
201510012791746,LBL,39,41,170,535,90950
201510012791889,LICN,50,55,87,3500,304500
201510012791789,LICN,45,22,154,3500,539000
201510012792216,LUBL,55,33,100,413,41300
201510012792215,LUBL,1,33,100,413,41300
201510012792214,LUBL,57,33,110,413,45430
201510012792113,LUBL,57,46,250,413,103250
201510012792112,LUBL,17,46,50,414,20700
201510012792098,LUBL,42,46,43,415,17845
201510012791910,LUBL,26,22,100,414,41400
201510012791905,LUBL,39,34,212,413,87556
201510012791897,LUBL,39,43,338,413,139594
201510012791758,LUBL,43,43,2500,410,1025000
201510012792095,LUBL,42,46,200,415,83000
201510012791991,LUBL,57,43,500,413,206500
201510012791969,LUBL,57,42,150,413,61950
201510012791942,LUBL,36,26,348,414,144072
201510012791926,LUBL,39,22,1010,415,419150
201510012791923,LUBL,16,16,300,414,124200
201510012792234,MNBBL,20,53,326,700,228200
201510012792009,MNBBL,17,53,500,702,351000
201510012792103,MNBBL,34,34,250,702,175500
201510012792241,NABIL,17,44,300,2570,771000
201510012792232,NABIL,28,41,130,2571,334230
201510012792200,NABIL,46,43,24,2575,61800
201510012792169,NABIL,45,29,400,2571,1028400
201510012792040,NABIL,45,44,100,2570,257000
201510012791941,NABIL,45,34,100,2577,257700
201510012791883,NABIL,45,28,100,2577,257700
201510012791877,NABIL,45,39,100,2570,257000
201510012791755,NABIL,45,28,100,2560,256000
201510012791754,NABIL,45,57,200,2560,512000
201510012791749,NABIL,45,28,100,2560,256000
201510012791873,NABILP,48,17,300,1900,570000
201510012791964,NABILP,59,59,300,1910,573000
201510012792080,NABILP,49,26,500,1900,950000
201510012792079,NABILP,28,26,100,1900,190000
201510012792148,NBB,48,36,217,667,144739
201510012792134,NBB,48,21,80,665,53200
201510012792126,NBB,48,47,121,665,80465
201510012792099,NBB,43,10,500,661,330500
201510012792064,NBB,26,45,121,661,79981
201510012791937,NBB,17,22,200,665,133000
201510012791936,NBB,49,22,100,666,66600
201510012791874,NBB,1,25,100,667,66700
201510012791868,NBB,16,25,100,668,66800
201510012791802,NBB,58,56,302,670,202340
201510012792194,NCCB,28,6,500,464,232000
201510012792152,NCCB,20,33,1000,461,461000
201510012791979,NCCB,39,33,170,465,79050
201510012791973,NCCB,39,53,500,465,232500
201510012791972,NCCB,39,33,400,462,184800
201510012791966,NCCB,11,33,1064,460,489440
201510012791918,NCCB,20,49,400,459,183600
201510012792238,NCDB,35,39,888,264,234432
201510012792237,NCDB,35,28,230,264,60720
201510012792240,NIB,10,34,66,1070,70620
201510012791971,NIB,59,17,99,1072,106128
201510012791963,NIB,25,14,150,1067,160050
201510012791962,NIB,25,14,100,1067,106700
201510012791961,NIB,25,14,120,1067,128040
201510012791960,NIB,33,14,10,1067,10670
201510012791932,NIB,25,36,100,1067,106700
201510012791904,NIB,33,34,490,1067,522830
201510012791903,NIB,39,34,10,1067,10670
201510012791827,NIB,39,57,50,1067,53350
201510012791783,NIB,1,34,100,1065,106500
201510012791776,NIB,13,34,100,1066,106600
201510012792243,NIBPO,49,14,300,860,258000
201510012792242,NIBPO,39,14,200,861,172200
201510012792206,NIBPO,6,6,300,861,258300
201510012792110,NIBPO,49,47,500,862,431000
201510012791959,NIBPO,17,17,500,860,430000
201510012791958,NIBPO,21,17,300,860,258000
201510012791907,NIBPO,49,17,200,865,173000
201510012791826,NIBPO,42,14,200,869,173800
201510012792236,NICA,36,42,11,985,10835
201510012792188,NICA,43,47,150,981,147150
201510012792161,NICA,42,26,100,983,98300
201510012792075,NICA,43,26,100,980,98000
201510012792074,NICA,43,47,23,980,22540
201510012792062,NICA,41,44,300,980,294000
201510012791839,NICA,7,26,387,975,377325
201510012791787,NICA,43,42,400,970,388000
201510012791780,NICA,32,42,100,970,97000
201510012791777,NICA,43,42,100,970,97000
201510012792057,NICA,16,38,100,977,97700
201510012792056,NICA,41,44,100,980,98000
201510012792052,NICA,16,38,100,977,97700
201510012791917,NICA,46,36,33,971,32043
201510012791914,NICA,43,1,34,976,33184
201510012791875,NICA,16,34,1000,975,975000
201510012792230,NLIC,6,55,50,3400,170000
201510012792223,NLIC,57,55,50,3400,170000
201510012792220,NLIC,53,55,50,3400,170000
201510012792173,NLIC,53,55,200,3400,680000
201510012792124,NLIC,34,43,50,3400,170000
201510012792143,NLICL,54,48,191,2260,431660
201510012791974,NNFC,58,22,27,372,10044
201510012791965,NNFC,58,22,549,372,204228
201510012791859,NNFC,59,10,500,367,183500
201510012791987,NTC,41,43,400,651,260400
201510012791983,NTC,41,43,200,651,130200
201510012792228,PCBL,36,38,37,624,23088
201510012792117,PCBL,32,38,80,621,49680
201510012792116,PCBL,32,38,200,621,124200
201510012792115,PCBL,26,38,150,621,93150
201510012792114,PCBL,39,38,20,621,12420
201510012792111,PCBL,59,58,374,620,231880
201510012791878,PCBL,32,47,19,620,11780
201510012791862,PCBL,46,26,168,626,105168
201510012792073,PCBL,41,38,200,624,124800
201510012792023,PCBL,41,47,75,625,46875
201510012791999,PCBL,49,49,169,625,105625
201510012791981,PCBL,49,34,500,625,312500
201510012791968,PCBL,41,6,300,624,187200
201510012791956,PCBL,53,57,500,620,310000
201510012792132,PFL,7,1,300,415,124500
201510012792217,RBBBL,32,38,13,220,2860
201510012792212,RBBBL,38,38,13,220,2860
201510012792203,RBBBL,38,38,13,220,2860
201510012792192,RBBBL,38,38,13,220,2860
201510012792176,RBBBL,38,38,13,220,2860
201510012791799,RBBBL,7,7,13,225,2925
201510012791790,RBBBL,7,7,13,225,2925
201510012791786,RBBBL,7,7,13,225,2925
201510012791846,RBBBL,7,7,13,225,2925
201510012791831,RBBBL,7,7,13,225,2925
201510012791822,RBBBL,7,7,13,225,2925
201510012791815,RBBBL,7,7,13,225,2925
201510012791810,RBBBL,7,7,13,225,2925
201510012791801,RBBBL,7,7,13,225,2925
201510012791872,RBBBL,7,7,13,225,2925
201510012791867,RBBBL,7,7,13,225,2925
201510012791866,RBBBL,7,7,13,225,2925
201510012791858,RBBBL,7,7,13,225,2925
201510012791854,RBBBL,7,7,13,225,2925
201510012791851,RBBBL,7,7,13,225,2925
201510012791990,RBBBL,38,38,13,225,2925
201510012791955,RBBBL,7,7,13,225,2925
201510012791898,RBBBL,7,7,13,225,2925
201510012791895,RBBBL,7,7,13,225,2925
201510012791879,RBBBL,7,7,13,225,2925
201510012792165,RBBBL,38,38,13,220,2860
201510012792155,RBBBL,38,38,13,220,2860
201510012792139,RBBBL,21,38,13,221,2873
201510012792076,RBBBL,21,21,13,217,2821
201510012792063,RBBBL,21,21,13,221,2873
201510012792233,REDBL,56,40,440,315,138600
201510012792205,REDBL,56,50,500,315,157500
201510012792204,REDBL,56,33,40,315,12600
201510012792198,REDBL,56,13,82,315,25830
201510012792197,REDBL,56,42,20,315,6300
201510012792196,REDBL,56,42,18,315,5670
201510012791894,REDBL,56,49,28,314,8792
201510012791890,REDBL,56,49,18,314,5652
201510012791781,REDBL,1,26,55,312,17160
201510012792195,REDBL,56,42,20,315,6300
201510012792178,REDBL,56,40,450,314,141300
201510012792175,REDBL,56,40,111,314,34854
201510012792170,REDBL,56,13,18,314,5652
201510012792166,REDBL,56,13,18,314,5652
201510012792036,REDBL,21,26,40,311,12440
201510012792018,RHPC,8,38,242,402,97284
201510012792016,RHPC,8,25,11,402,4422
201510012792012,RHPC,8,25,11,402,4422
201510012792007,RHPC,8,25,11,402,4422
201510012792004,RHPC,8,21,11,400,4400
201510012792000,RHPC,8,21,11,400,4400
201510012791998,RHPC,8,17,34,400,13600
201510012791994,RHPC,8,21,11,400,4400
201510012791986,RHPC,8,28,12,400,4800
201510012792104,SANIMA,1,45,200,680,136000
201510012792097,SANIMA,28,45,100,686,68600
201510012791952,SANIMA,17,13,100,686,68600
201510012791951,SANIMA,47,13,200,686,137200
201510012791950,SANIMA,14,13,500,687,343500
201510012791949,SANIMA,34,13,100,690,69000
201510012791948,SANIMA,22,13,100,691,69100
201510012791947,SANIMA,17,13,50,693,34650
201510012791768,SANIMA,47,26,200,700,140000
201510012792081,SBI,6,58,484,1520,735680
201510012791853,SBI,34,34,70,1515,106050
201510012791823,SBI,56,57,30,1515,45450
201510012792226,SBL,8,48,204,790,161160
201510012792185,SBL,8,22,358,788,282104
201510012791944,SBL,19,57,586,788,461768
201510012791774,SBL,40,45,886,789,699054
201510012792244,SCB,46,21,100,2859,285900
201510012792227,SCB,46,44,100,2859,285900
201510012792142,SCB,16,44,100,2850,285000
201510012792108,SCB,36,55,100,2860,286000
201510012792088,SCB,46,53,20,2860,57200
201510012792086,SCB,36,1,94,2864,269216
201510012792034,SCB,32,53,20,2865,57300
201510012792032,SCB,32,53,120,2865,343800
201510012791865,SCB,46,53,10,2865,28650
201510012791847,SCB,46,19,30,2865,85950
201510012791796,SCB,46,34,60,2850,171000
201510012791753,SCB,34,34,50,2840,142000
201510012791938,SHINE,43,17,14,472,6608
201510012791985,SHINE,47,45,252,470,118440
201510012792137,SHL,25,44,100,450,45000
201510012791940,SHL,25,33,100,450,45000
201510012792225,SHPC,42,22,200,816,163200
201510012792208,SHPC,38,39,30,816,24480
201510012792122,SHPC,58,58,200,816,163200
201510012792055,SHPC,58,40,12,816,9792
201510012791953,SHPC,45,58,200,815,163000
201510012791852,SHPC,36,32,252,815,205380
201510012791841,SHPC,36,42,308,815,251020
201510012791840,SHPC,36,51,20,813,16260
201510012791814,SHPC,11,48,100,812,81200
201510012791784,SHPC,50,58,200,810,162000
201510012792156,SIC,43,48,161,865,139265
201510012792123,SICL,32,14,17,975,16575
201510012791794,SINDU,1,42,800,260,208000
201510012791793,SINDU,1,42,500,261,130500
201510012791809,SLBBL,55,55,13,2012,26156
201510012792128,SLICL,22,49,125,715,89375
201510012792085,SLICL,28,49,34,705,23970
201510012792054,SLICL,28,58,34,705,23970
201510012792053,SLICL,28,58,34,705,23970
201510012792077,SODBL,32,45,100,130,13000
201510012792211,SRBL,49,49,350,559,195650
201510012792133,SRBL,44,44,1211,556,673316
201510012792127,SRBL,49,34,13,559,7267
201510012792096,SRBL,55,48,80,560,44800
201510012792072,SRBL,49,34,88,558,49104
201510012792068,SRBL,44,38,200,560,112000
201510012791830,SRBL,44,44,385,559,215215
201510012791825,SRBL,44,8,500,558,279000
201510012791824,SRBL,44,48,200,558,111600
201510012791761,SRBL,50,33,50,556,27800
201510012791976,SRBL,44,44,500,558,279000
201510012791882,SRBL,44,47,455,556,252980
201510012791842,SRBL,44,11,49,560,27440
201510012791838,SRBL,44,58,385,560,215600
201510012791835,SRBL,44,43,74,560,41440
201510012791834,SRBL,44,44,500,560,280000
201510012792024,SRBL,50,42,158,560,88480
201510012792021,SRBL,50,47,11,560,6160
201510012792014,SRBL,49,33,23,559,12857
201510012792013,SRBL,49,45,100,559,55900
201510012792010,SRBL,42,42,100,558,55800
201510012792006,SRBL,50,51,14,559,7826
201510012792065,SRBL,44,14,300,560,168000
201510012792061,SRBL,44,45,108,560,60480
201510012792060,SRBL,44,26,200,560,112000
201510012792059,SRBL,44,58,500,560,280000
201510012792058,SRBL,57,42,1000,560,560000
201510012792050,SRBL,55,26,16,560,8960
201510012792106,SUPRME,57,35,1000,222,222000
201510012792105,SUPRME,47,35,50,222,11100
201510012792035,SWBBL,21,34,512,2191,1121792
201510012792235,UFIL,1,17,11,154,1694
201510012791893,UFIL,25,25,44,152,6688
201510012791887,UFIL,25,25,44,152,6688
201510012792083,UFL,33,38,20,338,6760
201510012792221,VBBL,41,4,130,172,22360
201510012791935,WDBL,13,14,294,331,97314
201510012792177,YETI,42,36,133,165,21945
201510012792041,YETI,49,36,400,165,66000
201510012791731,BHBL,6,21,1000,331,331000
201510012791603,BHBL,43,42,70,325,22750
201510012791684,CCBL,22,6,250,403,100750
201510012791667,CCBL,39,39,220,402,88440
201510012791633,CCBL,39,55,53,401,21253
201510012791727,EBL,4,14,100,3290,329000
201510012791723,EBL,14,14,70,3290,230300
201510012791719,EBL,25,14,100,3290,329000
201510012791718,EBL,48,14,80,3290,263200
201510012791712,EBL,41,45,21,3291,69111
201510012791711,EBL,50,28,50,3292,164600
201510012791589,EBL,47,45,150,3300,495000
201510012791585,EBL,41,45,30,3300,99000
201510012791583,EBL,55,6,159,3300,524700
201510012791607,EBL,20,45,100,3300,330000
201510012791605,EBL,50,45,500,3300,1650000
201510012791604,EBL,14,14,495,3293,1630035
201510012791602,EBL,1,45,500,3292,1646000
201510012791592,EBL,17,45,100,3300,330000
201510012791591,EBL,16,45,100,3300,330000
201510012791618,EBL,50,6,200,3292,658400
201510012791615,EBL,45,45,100,3295,329500
201510012791614,EBL,45,45,100,3295,329500
201510012791611,EBL,55,45,100,3295,329500
201510012791610,EBL,45,45,100,3295,329500
201510012791609,EBL,21,45,100,3295,329500
201510012791631,EBL,41,45,100,3291,329100
201510012791630,EBL,7,45,80,3292,263360
201510012791626,EBL,51,6,10,3295,32950
201510012791624,EBL,51,6,50,3300,165000
201510012791623,EBL,44,6,300,3290,987000
201510012791619,EBL,44,6,300,3290,987000
201510012791687,EBL,51,42,200,3300,660000
201510012791683,EBL,51,59,100,3300,330000
201510012791678,EBL,51,6,200,3300,660000
201510012791666,EBL,50,53,50,3295,164750
201510012791636,EBL,50,6,250,3295,823750
201510012791632,EBL,48,45,120,3290,394800
201510012791710,EBL,7,28,100,3292,329200
201510012791709,EBL,7,6,50,3292,164600
201510012791708,EBL,49,49,300,3294,988200
201510012791700,EBL,14,14,236,3294,777384
201510012791699,EBL,36,28,50,3295,164750
201510012791694,EBL,6,28,200,3295,659000
201510012791717,GBIME,38,33,450,541,243450
201510012791716,GBIME,1,33,500,542,271000
201510012791715,GBIME,25,33,500,543,271500
201510012791714,GBIME,1,33,100,544,54400
201510012791673,GBIME,28,34,500,541,270500
201510012791679,HBL,20,25,50,1350,67500
201510012791745,ILFC,40,21,1000,238,238000
201510012791730,ILFC,14,20,1454,239,347506
201510012791726,ILFC,40,44,620,238,147560
201510012791725,ILFC,25,45,794,240,190560
201510012791724,ILFC,25,21,500,240,120000
201510012791721,ILFC,25,22,735,240,176400
201510012791629,ILFC,34,49,1000,238,238000
201510012791622,ILFC,25,39,500,238,119000
201510012791613,ILFC,34,38,30,234,7020
201510012791688,ILFC,54,54,2500,235,587500
201510012791686,ILFC,25,49,667,239,159413
201510012791670,ILFC,40,49,1000,239,239000
201510012791669,ILFC,25,36,840,239,200760
201510012791665,ILFC,8,58,500,240,120000
201510012791664,ILFC,8,54,500,240,120000
201510012791713,ILFC,25,21,500,239,119500
201510012791707,ILFC,40,40,2000,240,480000
201510012791697,ILFC,40,50,1048,240,251520
201510012791696,ILFC,34,39,1000,238,238000
201510012791695,ILFC,8,39,500,238,119000
201510012791691,ILFC,34,20,1209,237,286533
201510012791674,JBBL,57,42,32,207,6624
201510012791736,KBBL,45,20,50,460,23000
201510012791735,KBBL,50,20,100,460,46000
201510012791733,KBBL,20,20,1500,451,676500
201510012791596,KBBL,37,37,10,460,4600
201510012791738,KBL,36,22,100,464,46400
201510012791737,KBL,17,58,200,465,93000
201510012791732,KBL,25,58,500,465,232500
201510012791729,KBL,17,29,240,464,111360
201510012791728,KBL,28,58,500,465,232500
201510012791698,KBL,58,58,500,465,232500
201510012791693,KBL,4,45,662,465,307830
201510012791692,KBL,8,38,100,464,46400
201510012791685,KBL,8,53,100,464,46400
201510012791672,KBL,1,53,100,464,46400
201510012791598,KBL,25,48,500,465,232500
201510012791638,KCDBL,38,38,10,210,2100
201510012791628,KCDBL,38,38,10,206,2060
201510012791634,LUBL,43,11,129,415,53535
201510012791743,METRO,58,58,106,363,38478
201510012791720,METRO,58,58,125,363,45375
201510012791566,MMFDB,16,51,10,540,5400
201510012791668,MNBBL,32,53,500,711,355500
201510012791742,NABIL,38,32,121,2555,309155
201510012791625,NBB,57,25,100,670,67000
201510012791612,NHPC,49,49,3000,114,342000
201510012791620,NIB,34,34,200,1062,212400
201510012791601,NIB,44,44,1000,1062,1062000
201510012791744,NICA,25,14,453,976,442128
201510012791741,NICA,32,44,50,980,49000
201510012791740,NICA,32,36,150,980,147000
201510012791739,NICA,36,36,250,980,245000
201510012791690,NICA,41,53,100,988,98800
201510012791689,NICA,41,36,200,985,197000
201510012791579,NICA,4,36,200,1004,200800
201510012791577,NICA,4,51,31,1004,31124
201510012791576,NICA,4,11,1000,1000,1000000
201510012791599,NICA,4,42,150,990,148500
201510012791597,NICA,36,28,320,995,318400
201510012791595,NICA,4,54,350,990,346500
201510012791594,NICA,46,54,150,990,148500
201510012791587,NICA,47,59,186,1010,187860
201510012791582,NICA,4,33,300,1004,301200
201510012791681,NICA,4,38,100,985,98500
201510012791677,NICA,16,16,200,982,196400
201510012791671,NICA,17,42,100,985,98500
201510012791661,NICA,1,42,100,985,98500
201510012791649,NICA,57,42,100,986,98600
201510012791606,NICA,47,42,250,990,247500
201510012791586,OHL,59,25,11,608,6688
201510012791584,OHL,59,25,11,608,6688
201510012791580,OHL,36,44,11,600,6600
201510012791567,OHL,16,16,10,596,5960
201510012791608,PCBL,46,47,175,630,110250
201510012791568,RBBBL,22,22,10,228,2280
201510012791704,REDBL,56,42,1000,312,312000
201510012791682,REDBL,1,13,18,314,5652
201510012791676,REDBL,1,13,18,314,5652
201510012791675,REDBL,1,19,310,314,97340
201510012791617,REDBL,11,11,74,312,23088
201510012791600,REDBL,42,42,467,310,144770
201510012791593,REDBL,42,42,2636,310,817160
201510012791590,REDBL,42,42,7364,310,2282840
201510012791581,REDBL,42,44,17,310,5270
201510012791574,RHPC,25,25,11,402,4422
201510012791573,RHPC,25,25,11,402,4422
201510012791572,RHPC,25,25,11,402,4422
201510012791571,RHPC,25,16,12,400,4800
201510012791570,RHPC,25,16,12,400,4800
201510012791569,RHPC,25,16,12,400,4800
201510012791734,SHL,25,33,100,450,45000
201510012791616,SINDU,1,38,200,260,52000
201510012791722,SRBL,42,41,20,556,11120
201510012791706,SRBL,42,41,40,556,22240
201510012791701,SRBL,44,47,22,555,12210
201510012791703,SUPRME,36,39,500,226,113000
201510012791702,SUPRME,57,39,1000,226,226000
201510012791588,SUPRME,4,38,200,230,46000
201510012791705,UFIL,8,7,20,151,3020
201510012791663,UFIL,6,8,11,149,1639
201510012791662,UFIL,6,8,11,149,1639
201510012791660,UFIL,6,8,11,149,1639
201510012791658,UFIL,6,8,11,149,1639
201510012791657,UFIL,6,8,11,149,1639
201510012791643,UFIL,6,8,11,149,1639
201510012791642,UFIL,6,8,11,149,1639
201510012791641,UFIL,6,8,11,149,1639
201510012791640,UFIL,6,57,11,149,1639
201510012791639,UFIL,6,57,11,149,1639
201510012791650,UFIL,6,8,11,149,1639
201510012791648,UFIL,6,8,11,149,1639
201510012791647,UFIL,6,8,11,149,1639
201510012791646,UFIL,6,8,11,149,1639
201510012791645,UFIL,6,8,11,149,1639
201510012791644,UFIL,6,8,11,149,1639
201510012791656,UFIL,6,8,11,149,1639
201510012791655,UFIL,6,8,11,149,1639
201510012791654,UFIL,6,8,11,149,1639
201510012791653,UFIL,6,8,11,149,1639
201510012791652,UFIL,6,8,11,149,1639
201510012791651,UFIL,6,8,11,149,1639
201510012791637,VBBL,41,42,70,172,12040
201510012791627,VBBL,41,42,70,172,12040
201510012791578,WDBL,6,42,43,329,14147
