contract,symbol,buyer,seller,qty,rate,amt
201506042570662,ADBL,25,51,40,420,16800
201506042570512,AHPC,18,5,48,326,15648
201506042570418,AHPC,1,51,172,323,55556
201506042570378,AHPC,48,7,474,322,152628
201506042570355,AHPC,41,11,17,323,5491
201506042570342,AHPC,28,5,700,322,225400
201506042570337,AHPC,28,5,300,322,96600
201506042570243,AHPC,41,57,90,323,29070
201506042570220,AHPC,41,57,90,323,29070
201506042570439,ALDBL,6,52,731,291,212721
201506042570329,ALDBL,45,52,90,292,26280
201506042570212,ALDBL,25,52,50,291,14550
201506042570619,ALICL,44,21,201,960,192960
201506042570462,ALICL,28,16,74,960,71040
201506042570451,ALICL,7,16,74,965,71410
201506042570521,APEX,40,39,80,125,10000
201506042570479,APEX,47,10,45,125,5625
201506042570339,APEX,47,39,20,126,2520
201506042570170,ARDBL,47,22,150,180,27000
201506042570656,BBC,56,5,100,2390,239000
201506042570509,BHBL,21,1,120,270,32400
201506042570651,BLDBL,45,6,500,312,156000
201506042570641,BLDBL,51,6,170,312,53040
201506042570622,BLDBL,7,6,296,312,92352
201506042570508,BLDBL,14,6,97,312,30264
201506042570506,BLDBL,28,6,150,312,46800
201506042570470,BLDBL,47,6,300,312,93600
201506042570459,BLDBL,45,6,998,315,314370
201506042570654,CBL,42,21,70,280,19600
201506042570635,CBL,39,48,441,279,123039
201506042570630,CBL,39,16,221,278,61438
201506042570490,CBL,19,36,76,275,20900
201506042570486,CBL,19,36,16,275,4400
201506042570396,CBL,36,36,60,275,16500
201506042570225,CBL,14,36,484,275,133100
201506042570621,CCBL,59,43,1000,303,303000
201506042570548,CCBL,36,42,45,303,13635
201506042570520,CCBL,4,22,306,303,92718
201506042570387,CCBL,39,43,1000,303,303000
201506042570197,CCBL,36,49,122,302,36844
201506042570553,CDBL,1,1,102,334,34068
201506042570543,CDBL,14,57,500,331,165500
201506042570668,CHCL,51,5,10,1525,15250
201506042570655,CHCL,49,14,200,1520,304000
201506042570653,CHCL,5,5,200,1519,303800
201506042570596,CHCL,26,19,100,1541,154100
201506042570578,CHCL,29,37,233,1521,354393
201506042570563,CHCL,22,19,146,1520,221920
201506042570191,CHCL,56,41,200,1525,305000
201506042570186,CHCL,11,41,50,1525,76250
201506042570181,CHCL,22,55,100,1522,152200
201506042570379,CHCL,5,1,35,1525,53375
201506042570366,CHCL,33,1,40,1526,61040
201506042570359,CHCL,33,1,38,1526,57988
201506042570358,CHCL,33,41,40,1526,61040
201506042570199,CHCL,36,7,18,1523,27414
201506042570192,CHCL,41,41,50,1525,76250
201506042570551,CHCL,22,14,200,1520,304000
201506042570531,CHCL,36,14,200,1520,304000
201506042570527,CHCL,22,14,200,1521,304200
201506042570514,CHCL,26,56,36,1532,55152
201506042570434,CHCL,18,5,100,1527,152700
201506042570398,CHCL,5,5,220,1525,335500
201506042570661,CZBIL,17,51,24,449,10776
201506042570647,CZBIL,26,11,158,448,70784
201506042570589,CZBIL,48,16,570,441,251370
201506042570585,CZBIL,40,16,172,449,77228
201506042570381,CZBIL,45,21,200,451,90200
201506042570348,CZBIL,17,29,294,450,132300
201506042570345,CZBIL,17,45,243,450,109350
201506042570344,CZBIL,17,45,300,450,135000
201506042570343,CZBIL,17,26,63,450,28350
201506042570216,CZBIL,17,17,200,450,90000
201506042570214,CZBIL,41,34,65,452,29380
201506042570373,DDBL,26,21,210,1108,232680
201506042570252,DDBL,59,37,100,1130,113000
201506042570246,DDBL,26,37,92,1131,104052
201506042570224,DDBL,26,7,203,1128,228984
201506042570626,EBL,5,3,30,2015,60450
201506042570614,EBL,41,33,28,2029,56812
201506042570579,EBL,22,36,172,2010,345720
201506042570447,EBL,5,44,43,2010,86430
201506042570422,EBL,57,14,500,2015,1007500
201506042570341,EBL,59,59,50,2010,100500
201506042570223,EBL,37,52,90,2030,182700
201506042570171,EBL,34,3,100,2029,202900
201506042570519,EKBL,57,39,23,294,6762
201506042570517,EKBL,57,50,69,294,20286
201506042570502,EKBL,57,39,46,289,13294
201506042570489,EKBL,57,42,522,285,148770
201506042570648,GBIME,32,29,500,442,221000
201506042570631,GBIME,36,29,180,442,79560
201506042570617,GBIME,11,29,500,442,221000
201506042570603,GBIME,11,29,500,442,221000
201506042570535,GBIME,51,45,44,442,19448
201506042570472,GBIME,42,29,50,446,22300
201506042570453,GBIME,47,33,105,446,46830
201506042570402,GBIME,7,29,500,443,221500
201506042570340,GDBL,6,6,5000,330,1650000
201506042570334,GDBL,6,26,700,326,228200
201506042570333,GDBL,6,43,60,327,19620
201506042570332,GDBL,6,42,150,326,48900
201506042570331,GDBL,6,17,220,325,71500
201506042570364,GDBL,49,49,1510,324,489240
201506042570524,GDBL,6,22,688,325,223600
201506042570513,GDBL,6,22,700,325,227500
201506042570552,GFCL,13,21,500,208,104000
201506042570177,GFCL,13,21,300,208,62400
201506042570664,GLICL,38,3,14,520,7280
201506042570645,GLICL,38,3,14,519,7266
201506042570618,GLICL,41,3,14,519,7266
201506042570605,GLICL,50,28,166,518,85988
201506042570504,GLICL,26,20,530,520,275600
201506042570209,GLICL,42,3,14,525,7350
201506042570610,HBL,36,8,31,792,24552
201506042570400,HBL,22,35,500,780,390000
201506042570507,IDBL,6,16,57,170,9690
201506042570433,IDBL,14,45,57,171,9747
201506042570413,IDBL,8,16,616,170,104720
201506042570550,ILFC,19,7,1260,156,196560
201506042570497,ILFC,6,4,690,159,109710
201506042570466,ILFC,22,4,110,162,17820
201506042570437,ILFC,48,7,200,163,32600
201506042570436,ILFC,22,7,100,163,16300
201506042570435,ILFC,28,7,50,163,8150
201506042570421,ILFC,37,19,400,161,64400
201506042570239,ILFC,17,7,60,164,9840
201506042570203,ILFC,59,4,500,163,81500
201506042570180,ILFC,42,4,1000,161,161000
201506042570173,ILFC,17,7,100,164,16400
201506042570454,JBBL,11,50,21,160,3360
201506042570411,JBBL,28,50,21,161,3381
201506042570261,JBBL,52,1,200,162,32400
201506042570248,JBBL,39,1,68,162,11016
201506042570547,JBNL,32,39,20,280,5600
201506042570501,JBNL,32,22,20,275,5500
201506042570336,JBNL,22,42,1250,270,337500
201506042570446,JFL,20,42,100,373,37300
201506042570222,JFL,32,42,150,380,57000
201506042570179,JFL,52,52,200,385,77000
201506042570652,KAFIL,32,4,289,223,64447
201506042570587,KBL,10,47,172,367,63124
201506042570574,KBL,43,32,300,366,109800
201506042570518,KBL,10,10,250,370,92500
201506042570505,KBL,10,21,149,370,55130
201506042570480,KBL,10,36,107,370,39590
201506042570461,KBL,10,33,242,369,89298
201506042570382,KBL,20,21,100,370,37000
201506042570351,KBL,55,21,188,372,69936
201506042570207,KBL,20,10,519,370,192030
201506042570206,KBL,20,16,200,370,74000
201506042570172,KBL,33,42,300,368,110400
201506042570634,KCDBL,45,38,117,207,24219
201506042570317,KCDBL,56,19,150,205,30750
201506042570569,KDBL,32,40,76,137,10412
201506042570487,KEBL,32,22,10,433,4330
201506042570464,KMCDB,38,1,20,996,19920
201506042570429,KMCDB,38,49,51,995,50745
201506042570426,KMCDB,38,49,80,996,79680
201506042570183,KMCDB,14,42,50,1010,50500
201506042570410,KMCDB,26,36,200,991,198200
201506042570346,KMCDB,14,53,100,995,99500
201506042570338,KMCDB,11,53,55,995,54725
201506042570325,KMCDB,11,53,240,995,238800
201506042570265,KMCDB,14,1,10,1000,10000
201506042570484,KNBL,38,52,527,273,143871
201506042570632,LBL,22,29,200,438,87600
201506042570628,LBL,22,51,34,435,14790
201506042570627,LBL,22,51,50,435,21750
201506042570557,LBL,44,45,100,434,43400
201506042570541,LBL,14,51,22,435,9570
201506042570511,LBL,34,11,500,430,215000
201506042570477,LBL,22,51,100,435,43500
201506042570441,LBL,22,21,189,435,82215
201506042570404,LFLC,50,36,300,205,61500
201506042570399,LFLC,50,39,598,204,121992
201506042570609,LICN,50,59,500,2301,1150500
201506042570606,LICN,43,59,20,2310,46200
201506042570236,LICN,20,28,150,2350,352500
201506042570221,LICN,20,28,200,2330,466000
201506042570174,LICN,54,49,150,2347,352050
201506042570242,LLBS,26,59,10,812,8120
201506042570667,LUBL,13,16,383,340,130220
201506042570481,LUBL,25,33,500,340,170000
201506042570445,LUBL,58,18,555,339,188145
201506042570414,LUBL,47,35,1193,340,405620
201506042570363,LUBL,48,4,200,342,68400
201506042570310,LUBL,58,36,372,342,127224
201506042570258,LUBL,58,36,242,340,82280
201506042570175,LUBL,36,47,100,342,34200
201506042570643,MBBL,6,25,1000,193,193000
201506042570640,MBBL,50,25,41,195,7995
201506042570532,MBBL,50,45,20,198,3960
201506042570586,MBL,35,41,200,550,110000
201506042570584,MBL,14,49,500,546,273000
201506042570367,MBL,7,5,168,553,92904
201506042570356,MBL,7,50,100,552,55200
201506042570530,MDBL,47,6,17,222,3774
201506042570395,METRO,1,32,150,315,47250
201506042570394,METRO,58,32,500,315,157500
201506042570393,METRO,14,32,200,315,63000
201506042570392,METRO,50,32,300,316,94800
201506042570391,METRO,58,32,150,316,47400
201506042570390,METRO,47,32,150,317,47550
201506042570389,METRO,57,32,200,317,63400
201506042570388,METRO,43,32,50,317,15850
201506042570196,METRO,21,32,150,318,47700
201506042570611,MLBBL,8,43,10,821,8210
201506042570526,MLBBL,17,36,10,833,8330
201506042570503,MLBBL,45,36,10,850,8500
201506042570500,MLBBL,8,36,123,845,103935
201506042570409,MNBBL,45,19,156,550,85800
201506042570407,MNBBL,45,52,102,550,56100
201506042570406,MNBBL,45,58,160,549,87840
201506042570237,MSBBL,16,59,41,245,10045
201506042570194,MSBBL,14,16,10,241,2410
201506042570190,MSBBL,16,59,20,240,4800
201506042570408,MTBL,5,32,97,337,32689
201506042570649,NABIL,34,8,346,1900,657400
201506042570642,NABIL,3,17,31,1925,59675
201506042570637,NABILP,17,3,625,1300,812500
201506042570184,NABILP,33,44,200,1300,260000
201506042570620,NBB,26,10,275,471,129525
201506042570539,NBB,5,19,200,476,95200
201506042570515,NBB,14,36,66,473,31218
201506042570499,NBB,5,25,200,474,94800
201506042570188,NBB,5,36,200,474,94800
201506042570467,NBB,45,11,144,475,68400
201506042570423,NBB,26,35,100,475,47500
201506042570415,NBB,17,21,500,472,236000
201506042570260,NBB,14,21,18,474,8532
201506042570201,NBB,35,35,3220,473,1523060
201506042570663,NBL,33,33,500,282,141000
201506042570625,NBL,45,56,1000,280,280000
201506042570624,NBL,4,56,1000,280,280000
201506042570623,NBL,36,56,500,281,140500
201506042570608,NBL,45,20,200,282,56400
201506042570568,NBL,32,32,500,284,142000
201506042570245,NBL,3,3,100,287,28700
201506042570233,NBL,17,17,500,282,141000
201506042570193,NBL,47,49,1000,282,282000
201506042570430,NBL,8,33,500,283,141500
201506042570416,NBL,6,33,1000,281,281000
201506042570335,NBL,38,46,1000,283,283000
201506042570324,NBL,38,33,1000,282,282000
201506042570323,NBL,49,33,500,282,141000
201506042570267,NBL,36,33,200,284,56800
201506042570537,NBL,51,33,500,283,141500
201506042570536,NBL,53,33,450,284,127800
201506042570498,NBL,45,5,403,285,114855
201506042570473,NBL,45,33,500,286,143000
201506042570469,NBL,42,33,200,285,57000
201506042570431,NBL,8,22,500,285,142500
201506042570449,NCCB,8,28,500,563,281500
201506042570205,NCCB,56,5,500,565,282500
201506042570187,NCCB,5,56,20,555,11100
201506042570602,NHPC,25,25,100,118,11800
201506042570598,NHPC,6,32,2000,117,234000
201506042570590,NHPC,43,5,600,118,70800
201506042570428,NHPC,40,25,1000,116,116000
201506042570425,NHPC,36,5,1000,116,116000
201506042570397,NHPC,8,44,1000,117,117000
201506042570368,NHPC,8,44,1000,117,117000
201506042570597,NIB,19,17,100,704,70400
201506042570595,NIB,29,29,55,711,39105
201506042570575,NIB,45,17,300,704,211200
201506042570377,NIB,45,13,101,700,70700
201506042570376,NIB,45,35,200,700,140000
201506042570372,NIB,25,35,200,700,140000
201506042570254,NIB,21,13,94,701,65894
201506042570200,NIB,36,17,200,701,140200
201506042570195,NIB,36,17,296,700,207200
201506042570256,NIBPO,11,32,400,486,194400
201506042570665,NICA,10,10,457,622,284254
201506042570660,NICA,10,14,10,613,6130
201506042570658,NICA,10,3,51,621,31671
201506042570657,NICA,10,29,110,620,68200
201506042570633,NICA,53,39,166,610,101260
201506042570452,NICA,57,14,1859,601,1117259
201506042570412,NICA,57,42,1026,605,620730
201506042570458,NICL,13,44,50,359,17950
201506042570457,NICL,29,44,50,360,18000
201506042570604,NLIC,14,28,100,2830,283000
201506042570580,NLIC,5,17,115,2819,324185
201506042570576,NLIC,5,42,30,2830,84900
201506042570554,NLIC,54,28,219,2810,615390
201506042570374,NLIC,38,17,100,2825,282500
201506042570347,NLIC,17,42,20,2840,56800
201506042570213,NLIC,41,3,20,2842,56840
201506042570204,NLIC,50,7,100,2815,281500
201506042570198,NLIC,56,7,200,2820,564000
201506042570169,NLIC,54,28,203,2820,572460
201506042570320,NLIC,28,28,34,2835,96390
201506042570319,NLIC,52,57,100,2820,282000
201506042570264,NLIC,17,32,60,2840,170400
201506042570219,NLIC,45,32,10,2840,28400
201506042570218,NLIC,26,32,30,2841,85230
201506042570217,NLIC,41,32,10,2842,28420
201506042570659,NLICL,56,57,100,1805,180500
201506042570588,NLICL,19,44,500,1806,903000
201506042570555,NNLB,38,40,81,878,71118
201506042570386,NNLB,22,57,10,861,8610
201506042570666,NTC,32,39,10,620,6200
201506042570600,NTC,3,43,110,609,66990
201506042570257,NTC,3,19,70,608,42560
201506042570646,OHL,49,16,200,650,130000
201506042570244,OHL,52,17,500,655,327500
201506042570612,PCBL,48,25,500,433,216500
201506042570571,PCBL,48,49,629,430,270470
201506042570427,PCBL,52,29,97,433,42001
201506042570353,PCBL,52,51,50,434,21700
201506042570352,PCBL,52,51,50,434,21700
201506042570263,PCBL,5,29,226,432,97632
201506042570565,PFL,1,41,100,313,31300
201506042570558,PFL,1,41,100,313,31300
201506042570546,PFL,1,41,100,313,31300
201506042570460,PFL,41,41,360,312,112320
201506042570354,PFL,39,41,130,316,41080
201506042570522,PLIC,7,59,54,1064,57456
201506042570456,PLIC,56,56,149,1063,158387
201506042570362,PLIC,32,7,131,1064,139384
201506042570259,PLIC,28,39,27,1080,29160
201506042570615,PRVU,38,47,267,321,85707
201506042570583,PRVU,51,7,500,323,161500
201506042570577,PRVU,49,7,100,324,32400
201506042570560,PRVU,26,7,500,324,162000
201506042570556,PRVU,49,7,1000,324,324000
201506042570208,PRVU,17,50,22,329,7238
201506042570202,PRVU,51,50,22,330,7260
201506042570251,PRVU,29,35,500,330,165000
201506042570440,PRVU,51,42,11,330,3630
201506042570401,PRVU,19,42,22,330,7260
201506042570383,PRVU,45,42,11,330,3630
201506042570365,PRVU,51,42,11,330,3630
201506042570357,PRVU,51,42,170,330,56100
201506042570523,PRVU,41,42,22,330,7260
201506042570516,PRVU,48,25,1070,328,350960
201506042570476,PRVU,21,14,500,328,164000
201506042570450,PRVU,41,42,22,330,7260
201506042570549,PRVU,52,7,300,325,97500
201506042570544,PRVU,14,7,200,327,65400
201506042570542,PRVU,19,7,1000,325,325000
201506042570538,PRVU,21,7,100,329,32900
201506042570533,PRVU,21,7,200,329,65800
201506042570525,PRVU,45,42,22,330,7260
201506042570607,REDBL,11,40,356,208,74048
201506042570495,RHPC,39,38,11,415,4565
201506042570494,RHPC,39,38,11,415,4565
201506042570493,RHPC,39,38,11,415,4565
201506042570485,RHPC,39,38,11,415,4565
201506042570483,RHPC,39,38,11,415,4565
201506042570482,RHPC,39,38,11,415,4565
201506042570405,RHPC,22,3,11,415,4565
201506042570564,RMDC,21,29,85,647,54995
201506042570562,SADBL,16,55,200,332,66400
201506042570419,SANIMA,54,44,61,545,33245
201506042570360,SANIMA,38,28,500,545,272500
201506042570350,SANIMA,59,28,673,545,366785
201506042570599,SBI,5,44,96,879,84384
201506042570573,SBI,44,44,503,878,441634
201506042570567,SBI,21,21,232,871,202072
201506042570529,SBI,49,21,222,875,194250
201506042570528,SBI,49,44,100,874,87400
201506042570463,SBI,32,44,196,874,171304
201506042570559,SBL,52,17,213,649,138237
201506042570491,SBL,41,33,531,647,343557
201506042570375,SBL,17,28,26,641,16666
201506042570371,SBL,54,28,200,640,128000
201506042570361,SBL,54,28,500,638,319000
201506042570349,SBL,47,5,17,642,10914
201506042570322,SBL,17,5,700,641,448700
201506042570211,SBL,54,7,23,645,14835
201506042570644,SCB,3,46,19,1900,36100
201506042570496,SCB,5,45,29,1880,54520
201506042570385,SCB,49,49,35,1876,65660
201506042570330,SCB,5,41,26,1890,49140
201506042570424,SETI,6,10,27,191,5157
201506042570370,SETI,26,32,60,188,11280
201506042570369,SETI,26,10,27,188,5076
201506042570432,SEWA,40,21,11,283,3113
201506042570266,SHINE,45,58,139,345,47955
201506042570253,SHINE,8,59,46,346,15916
201506042570650,SHL,18,33,300,420,126000
201506042570616,SHL,45,41,204,422,86088
201506042570613,SHL,45,45,240,420,100800
201506042570594,SHL,5,47,100,420,42000
201506042570593,SHL,5,47,100,420,42000
201506042570592,SHL,16,47,100,421,42100
201506042570591,SHL,14,47,100,422,42200
201506042570570,SHL,18,45,405,420,170100
201506042570545,SHL,18,41,234,420,98280
201506042570540,SHL,44,37,400,418,167200
201506042570438,SHL,51,11,333,420,139860
201506042570581,SHPC,6,19,102,688,70176
201506042570444,SHPC,6,6,18,692,12456
201506042570443,SHPC,6,6,18,692,12456
201506042570442,SHPC,6,6,18,692,12456
201506042570384,SHPC,6,6,18,690,12420
201506042570380,SHPC,6,6,18,690,12420
201506042570226,SHPC,6,55,18,680,12240
201506042570232,SHPC,6,6,18,687,12366
201506042570231,SHPC,6,6,18,687,12366
201506042570230,SHPC,6,6,18,687,12366
201506042570229,SHPC,6,6,18,687,12366
201506042570228,SHPC,6,17,18,680,12240
201506042570227,SHPC,6,17,18,680,12240
201506042570235,SHPC,6,6,18,687,12366
201506042570234,SHPC,6,6,18,687,12366
201506042570274,SHPC,6,6,18,690,12420
201506042570273,SHPC,6,6,18,690,12420
201506042570272,SHPC,6,6,18,690,12420
201506042570271,SHPC,6,6,18,690,12420
201506042570270,SHPC,6,6,18,690,12420
201506042570269,SHPC,6,6,18,690,12420
201506042570280,SHPC,6,6,18,690,12420
201506042570279,SHPC,6,6,18,690,12420
201506042570278,SHPC,6,6,18,690,12420
201506042570277,SHPC,6,6,18,690,12420
201506042570276,SHPC,6,6,18,690,12420
201506042570275,SHPC,6,6,18,690,12420
201506042570286,SHPC,6,6,18,690,12420
201506042570285,SHPC,6,6,18,690,12420
201506042570284,SHPC,6,6,18,690,12420
201506042570283,SHPC,6,6,18,690,12420
201506042570282,SHPC,6,6,18,690,12420
201506042570281,SHPC,6,6,18,690,12420
201506042570292,SHPC,6,6,18,690,12420
201506042570291,SHPC,6,6,18,690,12420
201506042570290,SHPC,6,6,18,690,12420
201506042570289,SHPC,6,6,18,690,12420
201506042570288,SHPC,6,6,18,690,12420
201506042570287,SHPC,6,6,18,690,12420
201506042570298,SHPC,6,6,18,690,12420
201506042570297,SHPC,6,6,18,690,12420
201506042570296,SHPC,6,6,18,690,12420
201506042570295,SHPC,6,6,18,690,12420
201506042570294,SHPC,6,6,18,690,12420
201506042570293,SHPC,6,6,18,690,12420
201506042570304,SHPC,6,6,18,690,12420
201506042570303,SHPC,6,6,18,690,12420
201506042570302,SHPC,6,6,18,690,12420
201506042570301,SHPC,6,6,18,690,12420
201506042570300,SHPC,6,6,18,690,12420
201506042570299,SHPC,6,6,18,690,12420
201506042570311,SHPC,6,6,18,690,12420
201506042570309,SHPC,6,6,18,690,12420
201506042570308,SHPC,6,6,18,690,12420
201506042570307,SHPC,6,6,18,690,12420
201506042570306,SHPC,6,6,18,690,12420
201506042570305,SHPC,6,6,18,690,12420
201506042570321,SHPC,6,50,18,690,12420
201506042570316,SHPC,6,6,18,690,12420
201506042570315,SHPC,6,6,18,690,12420
201506042570314,SHPC,6,6,18,690,12420
201506042570313,SHPC,6,6,18,690,12420
201506042570312,SHPC,6,6,18,690,12420
201506042570510,SKBBL,26,22,50,1270,63500
201506042570448,SKBBL,53,57,145,1275,184875
201506042570639,SLICL,50,53,500,562,281000
201506042570638,SLICL,45,53,500,563,281500
201506042570240,SLICL,26,59,75,565,42375
201506042570168,SLICL,50,59,253,561,141933
201506042570534,SODBL,47,21,987,111,109557
201506042570318,SODBL,19,42,500,111,55500
201506042570185,SRBL,42,42,500,393,196500
201506042570417,SUPRME,52,52,236,154,36344
201506042570178,SUPRME,44,38,1197,152,181944
201506042570176,SUPRME,32,38,1240,152,188480
201506042570572,SWBBL,13,56,100,1535,153500
201506042570455,SYFL,13,1,1000,94,94000
201506042570582,WDBL,57,19,28,306,8568
201506042570474,WDBL,57,50,28,300,8400
201506042570328,WDBL,57,28,91,300,27300
201506042570327,WDBL,57,1,20,296,5920
201506042570249,YETI,13,35,492,130,63960
201506042570241,YETI,13,25,11,130,1430
201506042569964,ADBL,11,11,30,424,12720
201506042569741,ADBL,4,49,60,424,25440
201506042569715,ADBL,6,6,30,429,12870
201506042569693,ADBL,4,19,90,424,38160
201506042569688,ADBL,4,19,160,424,67840
201506042569876,ADBL,11,11,30,424,12720
201506042569871,ADBL,11,11,30,424,12720
201506042569870,ADBL,11,11,30,424,12720
201506042569752,ADBL,4,36,500,424,212000
201506042569962,ADBL,11,11,30,424,12720
201506042569750,AHPC,48,53,47,320,15040
201506042569749,AHPC,36,53,100,320,32000
201506042569734,AHPC,39,13,260,325,84500
201506042569681,AHPC,40,22,188,322,60536
201506042570078,ALDBL,58,7,23,292,6716
201506042570064,ALDBL,45,7,23,294,6762
201506042569943,ALICL,47,49,300,968,290400
201506042569923,ALICL,19,19,279,965,269235
201506042569908,ALICL,19,19,115,968,111320
201506042569900,ALICL,49,49,500,951,475500
201506042569899,ALICL,19,49,20,960,19200
201506042569888,ALICL,44,49,300,951,285300
201506042569809,ALICL,14,40,199,950,189050
201506042569684,ALICL,5,21,100,941,94100
201506042570148,APEX,25,14,11,124,1364
201506042570012,APEX,13,45,20,124,2480
201506042570007,APEX,13,45,30,124,3720
201506042569998,APEX,13,45,40,124,4960
201506042569965,APEX,8,8,342,126,43092
201506042569961,APEX,25,8,22,127,2794
201506042569929,APEX,25,45,40,128,5120
201506042569799,ARDBL,26,26,20,183,3660
201506042569798,ARDBL,26,44,21,186,3906
201506042569669,ARDBL,11,22,10,189,1890
201506042569924,BBC,56,56,10,2346,23460
201506042569851,BBC,56,17,51,2300,117300
201506042569761,BBC,56,17,250,2300,575000
201506042569677,BBC,56,3,10,2281,22810
201506042569804,BHBL,21,42,11,265,2915
201506042569801,BLDBL,14,29,52,318,16536
201506042569738,BLDBL,19,6,10,323,3230
201506042569722,BLDBL,19,6,10,323,3230
201506042570077,CBBL,11,53,500,1465,732500
201506042570076,CBBL,7,53,100,1470,147000
201506042570065,CBL,39,29,67,279,18693
201506042570047,CBL,44,1,500,278,139000
201506042570044,CBL,44,52,853,276,235428
201506042570042,CBL,44,40,230,275,63250
201506042569993,CBL,11,29,306,273,83538
201506042569890,CBL,39,34,66,273,18018
201506042569878,CBL,48,52,255,270,68850
201506042569742,CBL,42,45,18,270,4860
201506042569675,CBL,44,57,266,270,71820
201506042570165,CCBL,28,43,1000,303,303000
201506042570090,CCBL,22,22,1000,300,300000
201506042570081,CCBL,42,38,100,304,30400
201506042570075,CCBL,26,6,100,300,30000
201506042570072,CCBL,28,6,100,300,30000
201506042570061,CCBL,14,6,200,300,60000
201506042569706,CCBL,49,49,100,302,30200
201506042569680,CCBL,14,22,20,300,6000
201506042569770,CCBL,25,42,300,295,88500
201506042569769,CCBL,35,42,500,296,148000
201506042569768,CCBL,16,42,100,296,29600
201506042569767,CCBL,42,42,200,297,59400
201506042569766,CCBL,21,42,60,297,17820
201506042569728,CCBL,14,49,180,300,54000
201506042570054,CCBL,8,6,100,301,30100
201506042570029,CCBL,8,6,11,301,3311
201506042570015,CCBL,8,6,430,301,129430
201506042570010,CCBL,33,43,1000,303,303000
201506042569787,CCBL,28,40,600,301,180600
201506042569778,CCBL,28,49,320,300,96000
201506042570111,CDBL,1,32,200,328,65600
201506042570110,CDBL,45,32,500,330,165000
201506042569857,CDBL,45,19,195,331,64545
201506042570146,CHCL,39,20,100,1522,152200
201506042570116,CHCL,22,19,94,1522,143068
201506042569990,CHCL,36,41,200,1527,305400
201506042569988,CHCL,51,49,56,1528,85568
201506042569982,CHCL,51,41,100,1528,152800
201506042569945,CHCL,49,49,40,1525,61000
201506042569883,CHCL,36,41,150,1528,229200
201506042569882,CHCL,6,41,20,1530,30600
201506042569881,CHCL,1,41,50,1531,76550
201506042569780,CHCL,26,26,28,1530,42840
201506042569760,CHCL,57,36,464,1521,705744
201506042569668,CHCL,51,19,29,1527,44283
201506042569940,CHCL,52,41,200,1532,306400
201506042569934,CHCL,22,39,100,1522,152200
201506042569887,CHCL,46,41,100,1525,152500
201506042569886,CHCL,25,41,50,1525,76250
201506042569885,CHCL,51,41,50,1525,76250
201506042569884,CHCL,22,41,70,1526,106820
201506042570162,CZBIL,17,57,1000,451,451000
201506042570139,CZBIL,47,34,119,451,53669
201506042570085,CZBIL,40,19,106,452,47912
201506042570034,CZBIL,47,21,24,451,10824
201506042570026,CZBIL,17,25,195,450,87750
201506042570006,CZBIL,17,42,210,450,94500
201506042569802,CZBIL,28,33,369,444,163836
201506042570003,CZBIL,17,7,216,450,97200
201506042570000,CZBIL,17,10,516,450,232200
201506042569981,CZBIL,50,43,200,450,90000
201506042569902,CZBIL,57,41,45,446,20070
201506042569837,CZBIL,17,21,1000,445,445000
201506042569953,DDBL,5,37,60,1151,69060
201506042570147,EBL,34,20,90,2025,182250
201506042570113,EBL,41,10,19,2028,38532
201506042569671,EBL,32,49,160,2000,320000
201506042569777,EBL,25,50,50,2000,100000
201506042569776,EBL,36,17,16,2015,32240
201506042569733,EBL,7,50,93,2000,186000
201506042569708,EBL,45,32,33,2025,66825
201506042569861,EBL,45,14,100,2010,201000
201506042569796,EBL,54,50,50,2000,100000
201506042570020,EBL,14,14,200,2015,403000
201506042569991,EBL,34,14,303,2017,611151
201506042569869,EBL,13,10,100,2020,202000
201506042569868,EBL,13,36,100,2019,201900
201506042570135,EKBL,14,48,33,284,9372
201506042570132,EKBL,14,52,33,283,9339
201506042569960,FMDBL,11,3,50,580,29000
201506042569905,FMDBL,5,14,50,570,28500
201506042569866,FMDBL,11,26,100,569,56900
201506042569737,FMDBL,43,35,100,562,56200
201506042570159,GBIME,32,34,500,442,221000
201506042570043,GDBL,6,5,500,326,163000
201506042569771,GDBL,47,4,15,332,4980
201506042570105,GFCL,13,21,500,205,102500
201506042569756,GLICL,1,1,180,528,95040
201506042569751,GLICL,1,3,28,528,14784
201506042569747,GLICL,25,25,14,529,7406
201506042569916,IDBL,50,32,160,170,27200
201506042570050,ILFC,22,7,100,163,16300
201506042570048,ILFC,17,7,42,164,6888
201506042570004,ILFC,22,7,200,165,33000
201506042569855,ILFC,7,7,150,165,24750
201506042569773,ILFC,28,7,100,163,16300
201506042569699,JBBL,11,44,79,160,12640
201506042569698,JBBL,11,52,70,160,11200
201506042570055,JBNL,48,48,2000,270,540000
201506042569975,JBNL,29,47,167,270,45090
201506042569972,JBNL,29,47,38,270,10260
201506042569922,JBNL,32,46,16,272,4352
201506042569917,JBNL,32,33,30,269,8070
201506042569880,JBNL,49,58,26,267,6942
201506042569877,JBNL,22,58,26,267,6942
201506042569824,JBNL,48,48,5000,265,1325000
201506042569818,JBNL,48,48,2370,265,628050
201506042569687,JBNL,22,34,30,266,7980
201506042570014,JFL,19,41,150,390,58500
201506042569732,KAFIL,48,32,100,222,22200
201506042570121,KBBL,54,13,200,370,74000
201506042569702,KBBL,54,1,300,370,111000
201506042570094,KBL,33,1,500,369,184500
201506042569874,KBL,33,5,430,366,157380
201506042569825,KBL,3,39,60,370,22200
201506042569814,KBL,3,39,40,370,14800
201506042569755,KBL,33,19,412,365,150380
201506042569697,KBL,10,22,360,365,131400
201506042569678,KBL,36,5,312,363,113256
201506042570032,KCDBL,11,22,136,206,28016
201506042569986,KCDBL,14,14,101,202,20402
201506042569836,KCDBL,14,39,34,206,7004
201506042569746,KMCDB,38,36,155,986,152830
201506042569873,KMCDB,14,44,190,1000,190000
201506042569827,KMCDB,38,16,71,983,69793
201506042569933,KMCDB,36,59,10,1030,10300
201506042569912,KMCDB,14,38,105,1010,106050
201506042569879,KMCDB,11,21,50,1002,50100
201506042569726,KNBL,38,44,155,268,41540
201506042570164,LBL,41,1,49,430,21070
201506042570133,LBL,41,20,355,432,153360
201506042570120,LBL,1,1,200,429,85800
201506042570063,LBL,22,52,200,430,86000
201506042570049,LBL,43,17,271,430,116530
201506042569976,LFLC,26,39,293,200,58600
201506042569839,LFLC,26,33,747,201,150147
201506042569774,LFLC,42,42,113,198,22374
201506042569757,LFLC,41,36,480,198,95040
201506042569903,LGIL,59,7,42,270,11340
201506042570157,LICN,54,32,150,2347,352050
201506042570045,LICN,25,44,100,2345,234500
201506042570035,LICN,56,49,10,2340,23400
201506042569829,LICN,54,32,50,2347,117350
201506042570141,LLBS,26,7,10,812,8120
201506042570119,LLBS,26,58,10,812,8120
201506042570118,LLBS,26,58,10,812,8120
201506042569898,LLBS,35,14,41,825,33825
201506042569894,LLBS,35,14,41,825,33825
201506042569856,LLBS,35,39,10,826,8260
201506042569785,LLBS,36,51,10,827,8270
201506042569784,LLBS,36,51,10,827,8270
201506042569783,LLBS,36,51,10,827,8270
201506042569782,LLBS,36,7,41,825,33825
201506042569849,LLBS,35,5,10,826,8260
201506042569822,LLBS,35,34,10,826,8260
201506042569821,LLBS,35,34,10,826,8260
201506042569820,LLBS,35,34,10,826,8260
201506042569819,LLBS,35,34,10,826,8260
201506042569786,LLBS,36,51,10,827,8270
201506042570163,LUBL,8,7,183,341,62403
201506042570152,LUBL,8,7,31,342,10602
201506042570145,LUBL,33,32,500,342,171000
201506042570108,LUBL,26,32,500,341,170500
201506042570104,LUBL,33,35,1000,339,339000
201506042570095,LUBL,51,7,1000,338,338000
201506042569712,LUBL,8,25,500,338,169000
201506042569701,LUBL,11,8,206,339,69834
201506042570093,LUBL,48,51,45,340,15300
201506042570089,LUBL,47,17,107,340,36380
201506042570080,LUBL,21,21,516,339,174924
201506042570019,LUBL,49,49,560,339,189840
201506042569997,LUBL,42,45,146,340,49640
201506042569978,LUBL,16,35,1857,338,627666
201506042569838,MBBLPO,58,45,4000,123,492000
201506042569834,MBBLPO,58,45,10500,123,1291500
201506042570122,MBL,48,48,1500,552,828000
201506042570099,MBL,48,48,600,552,331200
201506042570088,MBL,14,48,200,552,110400
201506042570030,MBL,14,11,140,550,77000
201506042570028,MBL,8,29,475,550,261250
201506042570027,MBL,8,40,110,550,60500
201506042569967,MBL,25,51,147,549,80703
201506042570068,METRO,57,32,150,318,47700
201506042570067,METRO,58,32,100,318,31800
201506042570066,METRO,1,32,10,319,3190
201506042569984,MNBBL,56,37,218,550,119900
201506042569748,MNBBL,16,22,276,540,149040
201506042569739,MNBBL,16,26,150,540,81000
201506042570158,NABIL,54,3,200,1900,380000
201506042570106,NABIL,34,57,200,1900,380000
201506042569979,NABIL,54,49,200,1900,380000
201506042569927,NABIL,45,49,100,1900,190000
201506042569926,NABIL,45,49,100,1900,190000
201506042569925,NABIL,19,49,50,1905,95250
201506042569867,NABIL,45,22,50,1915,95750
201506042569817,NABIL,19,3,30,1898,56940
201506042569765,NABIL,19,3,20,1892,37840
201506042569718,NABIL,25,3,50,1890,94500
201506042570142,NABILP,6,6,160,1310,209600
201506042570123,NABILP,33,44,200,1300,260000
201506042570114,NABILP,33,44,200,1300,260000
201506042569667,NABILP,8,8,1000,1300,1300000
201506042569995,NABILP,33,44,200,1300,260000
201506042570051,NBB,53,38,11,471,5181
201506042570017,NBB,17,42,500,474,237000
201506042570016,NBB,17,34,313,474,148362
201506042570002,NBB,5,25,98,477,46746
201506042569996,NBB,5,25,33,476,15708
201506042569954,NBB,49,7,198,474,93852
201506042569830,NBB,33,57,763,470,358610
201506042569807,NBB,17,33,100,471,47100
201506042569713,NBB,38,29,33,463,15279
201506042569909,NBB,40,40,54,473,25542
201506042569904,NBB,14,25,33,476,15708
201506042569901,NBB,45,1,300,473,141900
201506042569872,NBB,1,16,200,472,94400
201506042569847,NBB,14,41,50,472,23600
201506042569895,NBF1,26,45,9149,13,118937
201506042569892,NBF1,26,40,2877,13,37372
201506042570161,NBL,4,58,500,285,142500
201506042570153,NBL,17,3,300,284,85200
201506042570128,NBL,8,56,500,284,142000
201506042570112,NBL,52,22,500,282,141000
201506042570087,NBL,39,56,200,280,56000
201506042570073,NBL,8,6,585,279,163215
201506042569795,NBL,32,56,3000,277,831000
201506042569744,NBL,38,6,1000,277,277000
201506042569731,NBL,29,36,256,276,70656
201506042569689,NBL,6,14,50,280,14000
201506042569679,NBL,6,36,500,275,137500
201506042570009,NBL,8,6,1000,280,280000
201506042570008,NBL,8,57,1000,280,280000
201506042569987,NBL,8,3,409,281,114929
201506042569971,NBL,44,33,5000,277,1385000
201506042569951,NBL,39,26,500,280,140000
201506042569939,NBL,8,32,668,279,186372
201506042570060,NBL,32,56,6000,277,1662000
201506042570039,NBL,17,56,150,280,42000
201506042570025,NBL,4,56,1000,280,280000
201506042570024,NBL,4,56,1000,280,280000
201506042570023,NBL,40,56,200,280,56000
201506042570022,NBL,17,56,150,280,42000
201506042570127,NBSL,14,22,48,325,15600
201506042570124,NBSL,14,22,52,325,16900
201506042569893,NEFL,41,39,12,216,2592
201506042569860,NEFL,19,39,12,212,2544
201506042569797,NEFL,41,39,12,208,2496
201506042569724,NEFL,41,39,12,204,2448
201506042569717,NEFL,5,39,12,200,2400
201506042570136,NHPC,48,36,500,118,59000
201506042569944,NHPC,52,44,1000,119,119000
201506042569858,NHPC,17,44,2000,119,238000
201506042569854,NHPC,6,35,1000,119,119000
201506042569853,NHPC,6,35,1000,119,119000
201506042569844,NHPC,6,6,2000,118,236000
201506042569816,NHPC,32,59,2000,117,234000
201506042569762,NHPC,44,44,1000,115,115000
201506042570103,NIB,43,49,100,701,70100
201506042570102,NIB,3,49,100,701,70100
201506042570101,NIB,57,49,100,702,70200
201506042569948,NIB,59,7,90,704,63360
201506042569730,NIB,37,52,88,704,61952
201506042570140,NIBPO,42,42,500,484,242000
201506042569955,NIBPO,42,32,1000,484,484000
201506042569980,NICA,42,6,151,609,91959
201506042569779,NICA,10,14,34,604,20536
201506042570151,NLIC,26,4,100,2820,282000
201506042570001,NLIC,37,28,104,2840,295360
201506042569952,NLIC,20,16,30,2851,85530
201506042569949,NLIC,54,32,200,2845,569000
201506042569946,NLIC,20,49,13,2850,37050
201506042569938,NLIC,39,28,43,2835,121905
201506042569764,NLIC,17,17,100,2801,280100
201506042569670,NLIC,54,32,200,2780,556000
201506042569928,NLIC,44,17,100,2830,283000
201506042569846,NLIC,16,16,10,2830,28300
201506042569845,NLIC,6,16,10,2830,28300
201506042569811,NLIC,44,7,50,2800,140000
201506042569810,NLIC,44,7,50,2800,140000
201506042569791,NLIC,44,4,100,2791,279100
201506042570154,NLICL,44,44,200,1805,361000
201506042570005,NLICL,7,4,44,1819,80036
201506042569977,NLICL,54,53,64,1810,115840
201506042569935,NLICL,59,44,100,1810,181000
201506042569930,NLICL,37,49,100,1805,180500
201506042569864,NTC,28,58,480,603,289440
201506042569865,NUBL,5,21,57,1180,67260
201506042569682,OFL,47,32,850,295,250750
201506042569729,OHL,56,32,77,641,49357
201506042569696,OHL,56,32,77,641,49357
201506042569691,OHL,38,32,77,641,49357
201506042569789,OHL,56,32,77,641,49357
201506042569942,OHL,56,53,500,653,326500
201506042569941,OHL,56,32,500,650,325000
201506042569828,PCBL,44,32,500,430,215000
201506042569720,PCBL,14,14,28,427,11956
201506042570053,PFL,39,5,160,316,50560
201506042570144,PLIC,19,42,70,1062,74340
201506042570046,PLIC,28,52,40,1080,43200
201506042569907,PLIC,17,59,120,1075,129000
201506042569826,PLIC,19,59,20,1068,21360
201506042569790,PLIC,19,59,15,1089,16335
201506042569674,PRIN,29,1,10,373,3730
201506042570156,PRVU,51,41,11,330,3630
201506042570155,PRVU,38,25,1000,327,327000
201506042570149,PRVU,47,41,11,330,3630
201506042570126,PRVU,35,41,12,331,3972
201506042570086,PRVU,47,7,50,330,16500
201506042569759,PRVU,44,43,11,330,3630
201506042569686,PRVU,59,59,1000,324,324000
201506042569806,PRVU,21,43,11,330,3630
201506042569800,PRVU,44,43,11,330,3630
201506042569781,PRVU,19,43,11,331,3641
201506042569772,PRVU,16,43,11,331,3641
201506042569937,PRVU,35,43,11,331,3641
201506042569850,PRVU,43,22,115,328,37720
201506042569833,PRVU,43,22,200,328,65600
201506042569831,PRVU,57,17,194,330,64020
201506042570100,REDBL,53,1,17,212,3604
201506042570084,REDBL,53,1,17,208,3536
201506042570083,REDBL,53,10,440,205,90200
201506042570052,REDBL,46,39,177,204,36108
201506042570031,REDBL,26,40,108,201,21708
201506042570021,REDBL,22,40,148,202,29896
201506042569815,REDBL,56,25,17,201,3417
201506042569813,REDBL,56,20,1000,200,200000
201506042569812,REDBL,56,39,533,199,106067
201506042569808,REDBL,56,40,222,198,43956
201506042569911,RHPC,52,11,100,410,41000
201506042569745,RHPC,16,57,59,407,24013
201506042569735,RHPC,46,11,500,405,202500
201506042569723,RHPC,47,11,104,408,42432
201506042569707,RHPC,41,29,19,409,7771
201506042569703,RHPC,22,29,101,408,41208
201506042569936,SADBL,28,55,200,330,66000
201506042569690,SADBL,16,54,280,324,90720
201506042570115,SANIMA,42,46,796,543,432228
201506042570109,SANIMA,54,28,500,545,272500
201506042570107,SANIMA,28,28,200,550,110000
201506042569921,SANIMA,54,58,683,550,375650
201506042569832,SANIMA,43,40,200,548,109600
201506042570070,SBI,42,44,200,880,176000
201506042570069,SBI,42,8,20,877,17540
201506042569793,SBI,6,6,682,865,589930
201506042569775,SBI,6,6,935,865,808775
201506042569727,SBI,49,49,168,860,144480
201506042569725,SBI,49,49,174,860,149640
201506042569704,SBI,58,44,200,860,172000
201506042569989,SBL,25,25,200,652,130400
201506042569973,SBL,25,25,49,650,31850
201506042569970,SBL,25,41,49,649,31801
201506042569966,SBL,17,26,559,648,362232
201506042569959,SBL,14,21,570,647,368790
201506042569695,SBL,25,34,37,641,23717
201506042570013,SCB,14,14,200,1875,375000
201506042569920,SCB,14,56,29,1889,54781
201506042569889,SCB,38,22,53,1888,100064
201506042569736,SCB,3,14,10,1885,18850
201506042570167,SEOS,7,32,5000,10,48850
201506042570166,SEOS,7,32,5000,10,48750
201506042570137,SEOS,7,38,50000,10,482500
201506042569906,SEOS,7,38,50000,10,478000
201506042569743,SEOS,4,32,5000,10,48750
201506042569740,SEOS,4,32,5000,10,48750
201506042570125,SFLPO,6,59,20000,100,2000000
201506042570117,SHINE,47,40,150,353,52950
201506042569683,SHINE,20,6,40,352,14080
201506042569672,SHINE,45,59,200,352,70400
201506042569843,SHINE,21,14,500,350,175000
201506042569842,SHINE,16,14,500,350,175000
201506042569841,SHINE,25,14,100,350,35000
201506042569840,SHINE,17,14,300,351,105300
201506042569931,SHINE,45,59,280,350,98000
201506042570134,SHL,44,33,100,425,42500
201506042570131,SHL,44,51,460,424,195040
201506042570062,SHL,14,33,100,425,42500
201506042570038,SHL,40,29,394,421,165874
201506042570011,SHL,21,21,500,418,209000
201506042569963,SHL,22,21,243,418,101574
201506042569710,SHL,21,33,100,416,41600
201506042569709,SHL,5,33,100,416,41600
201506042569676,SHL,33,33,500,415,207500
201506042569932,SHL,33,33,1000,415,415000
201506042569805,SHL,14,40,200,415,83000
201506042569803,SHL,33,33,1000,415,415000
201506042569788,SHL,53,33,100,415,41500
201506042569719,SHL,33,33,500,415,207500
201506042569711,SHL,11,33,100,415,41500
201506042570143,SHPC,26,1,18,674,12132
201506042570074,SKBBL,57,1,19,1254,23826
201506042569974,SKBBL,57,57,500,1230,615000
201506042569957,SKBBL,6,47,76,1250,95000
201506042569835,SKBBL,6,26,10,1237,12370
201506042569852,SLICL,41,50,300,570,171000
201506042569705,SMFDB,32,40,42,1530,64260
201506042570018,SODBL,51,39,500,112,56000
201506042569700,SODBL,59,56,200,114,22800
201506042569673,SODBL,59,7,1000,114,114000
201506042570091,SRBL,33,6,399,397,158403
201506042570037,SRBL,44,6,50,390,19500
201506042570036,SRBL,46,6,110,391,43010
201506042570130,SUBBL,22,4,19,279,5301
201506042570129,SUBBL,22,51,200,278,55600
201506042569794,SUBBL,5,5,33,280,9240
201506042569792,SUBBL,5,39,100,280,28000
201506042570150,SUPRME,44,38,866,153,132498
201506042570040,SUPRME,10,40,1100,153,168300
201506042570033,SUPRME,35,19,2000,152,304000
201506042569994,SUPRME,10,38,700,152,106400
201506042569918,SUPRME,43,38,200,152,30400
201506042569862,SUPRME,7,7,353,152,53656
201506042569848,SUPRME,7,7,353,152,53656
201506042569753,SUPRME,42,42,471,155,73005
201506042570138,SWBBL,13,7,208,1550,322400
201506042570098,SWBBL,33,28,206,1550,319300
201506042569950,UFIL,17,26,200,146,29200
201506042569910,UFIL,20,4,20,147,2940
201506042569897,UFIL,20,47,20,150,3000
201506042569969,WDBL,17,50,10,291,2910
201506042569958,WDBL,17,50,10,291,2910
201506042569956,WDBL,17,50,10,291,2910
201506042569716,WDBL,17,18,143,291,41613
201506042569863,YETI,28,25,11,130,1430
201506042569694,YETI,28,19,30,130,3900
201506042569666,AHPC,54,11,492,320,157440
201506042569657,AHPC,48,13,1000,321,321000
201506042569640,AHPC,51,42,1000,322,322000
201506042569634,AHPC,48,22,240,321,77040
201506042569630,AHPC,48,42,1000,321,321000
201506042569627,AHPC,48,42,1000,321,321000
201506042569568,AHPC,33,17,21,320,6720
201506042569638,ALDBL,45,39,70,294,20580
201506042569601,ALDBL,25,39,20,296,5920
201506042569533,ALICL,22,49,150,960,144000
201506042569532,ALICL,16,49,80,960,76800
201506042569531,ALICL,40,49,150,960,144000
201506042569527,ALICL,49,49,10,966,9660
201506042569381,ALICL,5,19,100,985,98500
201506042569374,ALICL,5,19,200,980,196000
201506042569370,ALICL,52,49,200,970,194000
201506042569336,ALICL,5,19,70,985,68950
201506042569465,ARDBL,47,44,21,186,3906
201506042569281,ARDBL,47,50,20,186,3720
201506042569277,ARDBL,47,50,20,186,3720
201506042569501,BLDBL,38,38,500,329,164500
201506042569500,BLDBL,6,38,150,330,49500
201506042569485,BLDBL,38,6,300,335,100500
201506042569508,CBBL,16,53,100,1470,147000
201506042569250,CBBL,1,19,100,1500,150000
201506042569646,CBL,4,17,114,266,30324
201506042569430,CBL,10,18,59,270,15930
201506042569425,CBL,10,45,135,269,36315
201506042569424,CBL,10,50,16,268,4288
201506042569274,CBL,8,1,500,270,135000
201506042569240,CBL,4,40,500,271,135500
201506042569661,CCBL,14,48,40,300,12000
201506042569660,CCBL,14,48,40,300,12000
201506042569650,CCBL,25,54,200,298,59600
201506042569547,CCBL,58,5,122,295,35990
201506042569463,CCBL,58,39,40,295,11800
201506042569457,CCBL,43,39,40,296,11840
201506042569172,CCBL,57,39,40,305,12200
201506042569195,CCBL,41,49,200,303,60600
201506042569194,CCBL,17,49,200,303,60600
201506042569193,CCBL,26,49,100,303,30300
201506042569189,CCBL,57,49,40,305,12200
201506042569176,CCBL,57,39,40,305,12200
201506042569173,CCBL,57,39,40,305,12200
201506042569351,CCBL,51,49,100,301,30100
201506042569350,CCBL,6,49,500,301,150500
201506042569349,CCBL,17,49,100,301,30100
201506042569348,CCBL,42,49,300,302,90600
201506042569347,CCBL,43,49,300,302,90600
201506042569346,CCBL,47,49,150,302,45300
201506042569455,CCBL,58,41,150,295,44250
201506042569449,CCBL,43,39,40,296,11840
201506042569355,CCBL,42,49,1000,300,300000
201506042569354,CCBL,51,49,1500,300,450000
201506042569353,CCBL,41,49,100,300,30000
201506042569352,CCBL,17,49,100,301,30100
201506042569607,CDBL,32,32,24,327,7848
201506042569483,CDBL,1,49,40,325,13000
201506042569478,CDBL,11,49,200,327,65400
201506042569477,CDBL,11,49,100,327,32700
201506042569473,CDBL,45,49,500,330,165000
201506042569433,CDBL,45,45,313,327,102351
201506042569585,CHCL,11,19,43,1524,65532
201506042569578,CHCL,36,19,130,1521,197730
201506042569540,CHCL,22,4,81,1525,123525
201506042569539,CHCL,11,4,100,1525,152500
201506042569535,CHCL,36,19,143,1526,218218
201506042569524,CHCL,36,19,148,1526,225848
201506042569231,CHCL,6,6,180,1562,281160
201506042569230,CHCL,22,6,150,1562,234300
201506042569229,CHCL,46,6,10,1565,15650
201506042569228,CHCL,26,6,20,1566,31320
201506042569182,CHCL,45,45,54,1563,84402
201506042569412,CHCL,22,5,228,1545,352260
201506042569261,CHCL,22,6,200,1550,310000
201506042569260,CHCL,41,6,10,1550,15500
201506042569258,CHCL,45,19,100,1555,155500
201506042569256,CHCL,51,1,232,1550,359600
201506042569239,CHCL,35,1,112,1560,174720
201506042569489,CHCL,36,6,45,1526,68670
201506042569472,CHCL,51,6,100,1527,152700
201506042569471,CHCL,42,6,100,1527,152700
201506042569462,CHCL,39,6,30,1535,46050
201506042569436,CHCL,35,54,150,1540,231000
201506042569426,CHCL,42,19,99,1541,152559
201506042569622,CZBIL,50,43,145,442,64090
201506042569620,CZBIL,50,17,21,443,9303
201506042569577,CZBIL,43,47,12,443,5316
201506042569570,CZBIL,42,47,12,444,5328
201506042569555,CZBIL,52,59,700,443,310100
201506042569510,CZBIL,43,1,100,443,44300
201506042569287,CZBIL,52,48,72,447,32184
201506042569264,CZBIL,17,1,140,447,62580
201506042569213,CZBIL,38,48,231,449,103719
201506042569453,CZBIL,17,48,812,442,358904
201506042569428,CZBIL,43,57,300,443,132900
201506042569398,CZBIL,17,33,500,445,222500
201506042569382,CZBIL,26,47,105,446,46830
201506042569356,CZBIL,17,58,24,447,10728
201506042569330,CZBIL,43,14,238,446,106148
201506042569579,EBL,32,37,100,2000,200000
201506042569464,EBL,14,10,130,2000,260000
201506042569456,EBL,22,28,92,2001,184092
201506042569332,EBL,1,20,20,2042,40840
201506042569378,EBL,17,36,100,2000,200000
201506042569377,EBL,45,6,50,2035,101750
201506042569372,EBL,14,6,71,2000,142000
201506042569369,EBL,36,6,100,2005,200500
201506042569340,EBL,26,20,25,2041,51025
201506042569333,EBL,41,20,50,2042,102100
201506042569615,FMDBL,40,47,200,565,113000
201506042569551,GBIME,33,42,1000,445,445000
201506042569521,GBIME,17,26,100,446,44600
201506042569358,GBIME,48,44,500,446,223000
201506042569338,GBIME,36,22,100,451,45100
201506042569278,GBIME,42,29,50,455,22750
201506042569413,GLICL,57,57,972,538,522936
201506042569403,GLICL,57,32,125,530,66250
201506042569384,GLICL,57,50,23,535,12305
201506042569383,GLICL,41,32,125,530,66250
201506042569323,GLICL,36,42,1000,532,532000
201506042569322,GLICL,36,42,500,532,266000
201506042569321,GLICL,13,42,200,535,107000
201506042569279,GLICL,36,40,500,532,266000
201506042569418,HBL,5,4,10,777,7770
201506042569400,HBL,8,4,380,790,300200
201506042569399,HBL,11,4,100,791,79100
201506042569373,HBL,38,19,167,795,132765
201506042569491,IDBL,6,16,448,170,76160
201506042569446,IDBL,21,16,500,172,86000
201506042569514,ILFC,22,3,100,165,16500
201506042569339,ILFC,43,6,300,168,50400
201506042569211,ILFC,6,49,500,170,85000
201506042569528,JBBL,6,52,500,161,80500
201506042569576,JBNL,45,1,43,266,11438
201506042569459,JBNL,6,48,1000,267,267000
201506042569441,JBNL,22,38,106,267,28302
201506042569301,JBNL,22,28,727,272,197744
201506042569297,JBNL,22,50,117,270,31590
201506042569360,JFL,55,42,20,393,7860
201506042569269,KAFIL,32,32,468,226,105768
201506042569267,KAFIL,32,19,56,225,12600
201506042569263,KAFIL,32,10,21,224,4704
201506042569604,KBBL,54,59,500,370,185000
201506042569639,KBL,22,57,333,361,120213
201506042569631,KBL,45,45,66,363,23958
201506042569559,KBL,44,20,120,370,44400
201506042569437,KBL,20,32,57,370,21090
201506042569376,KBL,7,14,125,371,46375
201506042569299,KBL,34,17,100,373,37300
201506042569236,KBL,57,48,1000,373,373000
201506042569235,KBL,10,10,500,375,187500
201506042569234,KBL,40,10,400,375,150000
201506042569233,KBL,20,10,300,375,112500
201506042569199,KBL,47,52,79,376,29704
201506042569169,KBL,20,56,145,375,54375
201506042569597,KCDBL,14,22,198,210,41580
201506042569595,KCDBL,22,22,17,213,3621
201506042569357,KCDBL,22,39,34,217,7378
201506042569652,KDBL,48,32,128,139,17792
201506042569275,KDBL,17,50,500,141,70500
201506042569563,KMCDB,36,21,40,1004,40160
201506042569560,KMCDB,36,5,10,1024,10240
201506042569572,LBL,39,41,150,435,65250
201506042569542,LBL,14,41,178,433,77074
201506042569567,LFLC,41,33,300,201,60300
201506042569393,LFLC,58,58,300,200,60000
201506042569362,LFLC,58,58,200,200,40000
201506042569252,LICN,33,49,200,2348,469600
201506042569664,LUBL,26,21,500,339,169500
201506042569658,LUBL,56,17,29,340,9860
201506042569643,LUBL,38,39,91,339,30849
201506042569612,LUBL,21,32,500,339,169500
201506042569610,LUBL,21,32,500,339,169500
201506042569606,LUBL,1,32,500,340,170000
201506042569416,LUBL,8,28,129,345,44505
201506042569402,LUBL,13,32,1000,341,341000
201506042569341,LUBL,13,32,1000,341,341000
201506042569286,LUBL,49,50,132,346,45672
201506042569224,LUBL,46,40,500,340,170000
201506042569200,LUBL,13,40,478,341,162998
201506042569598,LUBL,33,17,55,340,18700
201506042569588,LUBL,6,48,42,341,14322
201506042569554,LUBL,13,32,1000,341,341000
201506042569546,LUBL,32,25,18,341,6138
201506042569541,LUBL,6,44,55,342,18810
201506042569538,LUBL,22,50,427,341,145607
201506042569608,MBL,50,40,179,545,97555
201506042569562,MBL,50,18,20,545,10900
201506042569434,MBL,37,49,150,550,82500
201506042569197,MBL,37,59,100,554,55400
201506042569188,MBL,34,56,600,555,333000
201506042569290,MDBL,3,1,20,230,4600
201506042569276,MDBL,3,32,120,229,27480
201506042569271,MDBL,3,39,33,228,7524
201506042569556,MDBL,7,21,150,225,33750
201506042569549,MDBL,21,21,515,226,116390
201506042569405,MDBL,3,39,130,229,29770
201506042569343,MDBL,17,1,500,229,114500
201506042569342,MDBL,3,32,52,230,11960
201506042569238,METRO,58,1,741,318,235638
201506042569187,METRO,1,32,450,319,143550
201506042569186,METRO,16,32,50,320,16000
201506042569185,METRO,17,32,500,321,160500
201506042569184,METRO,58,32,500,322,161000
201506042569183,METRO,17,32,100,322,32200
201506042569257,MTBL,5,46,200,343,68600
201506042569208,MTBL,5,57,97,349,33853
201506042569498,NABIL,7,6,42,1880,78960
201506042569493,NABIL,25,6,20,1890,37800
201506042569486,NABIL,26,49,150,1892,283800
201506042569431,NABIL,45,6,100,1900,190000
201506042569422,NABIL,11,6,50,1905,95250
201506042569415,NABIL,19,6,200,1895,379000
201506042569410,NABIL,45,3,10,1930,19300
201506042569272,NABIL,45,3,50,1930,96500
201506042569265,NABIL,45,44,98,1930,189140
201506042569663,NABILP,8,8,1000,1300,1300000
201506042569497,NABILP,14,49,300,1290,387000
201506042569496,NABILP,36,49,100,1292,129200
201506042569262,NABILP,14,3,125,1300,162500
201506042569255,NABILP,43,3,450,1300,585000
201506042569512,NBB,8,48,200,463,92600
201506042569511,NBB,54,48,300,463,138900
201506042569505,NBB,54,48,200,463,92600
201506042569470,NBB,53,49,300,470,141000
201506042569469,NBB,52,49,150,470,70500
201506042569468,NBB,6,49,100,470,47000
201506042569177,NBB,13,17,100,478,47800
201506042569167,NBB,49,49,500,477,238500
201506042569249,NBB,42,4,160,475,76000
201506042569226,NBB,42,21,100,478,47800
201506042569207,NBB,42,54,50,476,23800
201506042569180,NBB,43,17,300,476,142800
201506042569179,NBB,5,17,300,476,142800
201506042569178,NBB,41,17,200,477,95400
201506042569368,NBB,25,11,500,472,236000
201506042569365,NBB,42,1,100,475,47500
201506042569345,NBB,52,48,200,473,94600
201506042569344,NBB,42,1,20,478,9560
201506042569270,NBB,42,52,100,475,47500
201506042569254,NBB,42,4,100,475,47500
201506042569411,NBB,45,17,200,473,94600
201506042569409,NBB,50,42,50,475,23750
201506042569408,NBB,42,42,40,475,19000
201506042569407,NBB,42,42,30,478,14340
201506042569406,NBB,45,17,300,472,141600
201506042569404,NBB,13,17,500,471,235500
201506042569467,NBB,52,49,300,471,141300
201506042569466,NBB,51,49,200,471,94200
201506042569435,NBB,43,25,100,475,47500
201506042569429,NBB,50,1,50,475,23750
201506042569414,NBB,53,17,1000,470,470000
201506042569591,NBL,25,6,1000,275,275000
201506042569587,NBL,22,6,1000,275,275000
201506042569586,NBL,48,6,1000,275,275000
201506042569584,NBL,16,35,2000,275,550000
201506042569573,NBL,38,6,180,276,49680
201506042569569,NBL,38,6,500,276,138000
201506042569300,NBL,38,56,400,282,112800
201506042569221,NBL,6,13,200,283,56600
201506042569220,NBL,47,13,300,284,85200
201506042569495,NBL,38,44,1000,276,276000
201506042569389,NBL,6,1,500,280,140000
201506042569361,NBL,36,56,100,280,28000
201506042569324,NBL,16,56,2000,275,550000
201506042569306,NBL,47,56,300,280,84000
201506042569302,NBL,7,56,2000,278,556000
201506042569636,NCCB,11,26,220,545,119900
201506042569614,NCCB,49,17,11,550,6050
201506042569502,NCCB,49,10,50,550,27500
201506042569285,NCCB,14,26,100,555,55500
201506042569284,NCCB,59,26,100,555,55500
201506042569283,NCCB,40,26,100,556,55600
201506042569665,NHPC,8,6,500,114,57000
201506042569659,NHPC,41,6,1000,116,116000
201506042569558,NHPC,17,10,10,116,1160
201506042569513,NHPC,17,36,500,118,59000
201506042569168,NHPC,21,25,1000,120,120000
201506042569582,NIB,42,42,80,700,56000
201506042569581,NIB,47,42,90,700,63000
201506042569580,NIB,22,42,30,705,21150
201506042569503,NIB,41,20,100,701,70100
201506042569417,NIB,37,49,320,703,224960
201506042569385,NIB,47,35,410,700,287000
201506042569288,NIB,22,48,138,707,97566
201506042569253,NIB,32,17,34,710,24140
201506042569209,NIB,7,44,200,708,141600
201506042569203,NIB,29,21,17,714,12138
201506042569517,NIBPO,42,50,600,485,291000
201506042569494,NIBPO,42,21,1000,484,484000
201506042569599,NICA,43,17,10,603,6030
201506042569552,NICA,21,45,154,603,92862
201506042569550,NICA,54,45,200,604,120800
201506042569520,NICA,10,44,200,605,121000
201506042569518,NICA,54,25,300,604,181200
201506042569509,NICA,17,44,500,605,302500
201506042569506,NICA,41,5,84,607,50988
201506042569450,NICA,10,45,300,607,182100
201506042569444,NICA,11,45,200,607,121400
201506042569396,NICA,39,14,600,610,366000
201506042569246,NICA,11,44,200,615,123000
201506042569191,NICA,16,22,50,620,31000
201506042569648,NLBBL,53,48,60,1135,68100
201506042569303,NLBBL,6,21,32,1145,36640
201506042569628,NLIC,6,17,100,2801,280100
201506042569626,NLIC,36,7,100,2801,280100
201506042569565,NLIC,8,49,250,2802,700500
201506042569564,NLIC,46,49,50,2820,141000
201506042569519,NLIC,7,7,21,2840,59640
201506042569390,NLIC,6,20,100,2845,284500
201506042569313,NLIC,16,1,10,2881,28810
201506042569310,NLIC,7,7,200,2859,571800
201506042569375,NLIC,7,21,160,2840,454400
201506042569367,NLIC,6,19,150,2845,426750
201506042569366,NLIC,6,19,50,2850,142500
201506042569329,NLIC,17,21,50,2865,143250
201506042569325,NLIC,16,16,10,2884,28840
201506042569314,NLIC,16,16,20,2884,57680
201506042569516,NLICL,26,49,10,1810,18100
201506042569515,NLICL,45,49,60,1811,108660
201506042569454,NLICL,17,53,50,1800,90000
201506042569448,NLICL,6,53,200,1800,360000
201506042569438,NLICL,42,44,50,1811,90550
201506042569397,NLICL,42,25,50,1811,90550
201506042569392,NLICL,21,21,146,1805,263530
201506042569326,NLICL,17,4,100,1820,182000
201506042569223,NLICL,45,22,45,1815,81675
201506042569445,NTC,3,36,100,608,60800
201506042569201,OHL,56,8,150,641,96150
201506042569594,PCBL,29,47,200,435,87000
201506042569593,PCBL,7,14,100,436,43600
201506042569545,PCBL,50,7,500,432,216000
201506042569526,PCBL,57,47,135,435,58725
201506042569461,PCBL,45,7,93,438,40734
201506042569460,PCBL,45,1,150,438,65700
201506042569175,PCBL,45,39,50,440,22000
201506042569174,PCBL,45,39,100,440,44000
201506042569442,PCBL,3,29,265,435,115275
201506042569440,PCBL,51,29,53,437,23161
201506042569420,PCBL,3,35,300,435,130500
201506042569363,PCBL,29,49,500,433,216500
201506042569359,PCBL,43,39,205,434,88970
201506042569232,PCBL,57,39,100,440,44000
201506042569529,PFL,32,28,4044,310,1253640
201506042569619,PLIC,6,6,10,1111,11110
201506042569294,PLIC,7,34,92,1115,102580
201506042569273,PLIC,6,38,10,1111,11110
201506042569248,PLIC,43,6,434,1109,481306
201506042569225,PLIC,19,25,200,1090,218000
201506042569206,PLIC,19,6,21,1071,22491
201506042569633,PRVU,14,52,416,326,135616
201506042569629,PRVU,45,17,401,328,131528
201506042569623,PRVU,52,52,200,328,65600
201506042569621,PRVU,21,59,1000,328,328000
201506042569618,PRVU,44,43,44,330,14520
201506042569616,PRVU,43,52,200,329,65800
201506042569386,PRVU,20,50,11,335,3685
201506042569293,PRVU,49,49,1140,330,376200
201506042569242,PRVU,43,8,307,330,101310
201506042569192,PRVU,49,35,2000,330,660000
201506042569171,PRVU,29,1,500,332,166000
201506042569487,PRVU,51,17,50,331,16550
201506042569484,PRVU,19,17,108,331,35748
201506042569452,PRVU,17,35,11,332,3652
201506042569439,PRVU,43,26,161,331,53291
201506042569401,PRVU,19,59,973,326,317198
201506042569394,PRVU,45,59,486,330,160380
201506042569613,PRVU,40,57,885,327,289395
201506042569611,PRVU,44,43,44,330,14520
201506042569596,PRVU,21,52,200,330,66000
201506042569590,PRVU,38,52,200,331,66200
201506042569548,PRVU,16,35,11,331,3641
201506042569530,PRVU,51,35,11,331,3641
201506042569656,REDBL,37,39,683,198,135234
201506042569327,REDBL,58,39,300,196,58800
201506042569312,REDBL,25,39,1000,196,196000
201506042569311,REDBL,17,39,34,200,6800
201506042569296,RMDC,44,25,29,654,18966
201506042569583,SADBL,17,54,500,322,161000
201506042569451,SADBL,17,19,211,328,69208
201506042569421,SADBL,17,52,170,328,55760
201506042569335,SADBL,16,55,200,322,64400
201506042569334,SADBL,16,11,80,320,25600
201506042569662,SANIMA,44,40,326,539,175714
201506042569649,SANIMA,58,52,30,544,16320
201506042569571,SANIMA,44,7,664,538,357232
201506042569557,SANIMA,21,56,100,545,54500
201506042569536,SANIMA,58,43,150,544,81600
201506042569522,SANIMA,45,5,108,546,58968
201506042569427,SANIMA,14,17,200,548,109600
201506042569364,SANIMA,54,47,1000,540,540000
201506042569337,SANIMA,46,41,45,550,24750
201506042569309,SANIMA,3,1,234,550,128700
201506042569307,SANIMA,20,51,115,552,63480
201506042569625,SBI,49,49,378,875,330750
201506042569624,SBI,49,49,456,875,399000
201506042569534,SBI,49,49,5418,875,4740750
201506042569391,SBI,25,44,1000,860,860000
201506042569388,SBI,59,49,50,870,43500
201506042569190,SBI,59,52,30,870,26100
201506042569632,SBL,14,11,104,640,66560
201506042569371,SBL,14,49,500,638,319000
201506042569318,SBL,38,21,1000,650,650000
201506042569317,SBL,48,21,30,651,19530
201506042569316,SBL,25,21,200,651,130200
201506042569315,SBL,25,21,200,651,130200
201506042569305,SBL,48,5,470,651,305970
201506042569289,SBL,35,5,83,654,54282
201506042569644,SCB,21,29,156,1860,290160
201506042569432,SCB,26,47,16,1854,29664
201506042569423,SCB,49,47,240,1855,445200
201506042569379,SCB,17,47,96,1860,178560
201506042569331,SCB,37,47,115,1865,214475
201506042569320,SCB,21,6,216,1870,403920
201506042569319,SCB,45,47,20,1870,37400
201506042569292,SCB,17,47,49,1890,92610
201506042569266,SCB,38,22,57,1900,108300
201506042569204,SEOS,7,17,4900,10,47922
201506042569602,SEWA,45,10,18,286,5148
201506042569537,SEWA,47,48,1000,290,290000
201506042569635,SHL,11,21,108,419,45252
201506042569543,SHL,33,58,200,417,83400
201506042569575,SHPC,26,21,90,680,61200
201506042569395,SICL,20,41,93,511,47523
201506042569298,SIGS1,36,42,10000,15,151000
201506042569651,SKBBL,6,22,100,1237,123700
201506042569645,SKBBL,21,22,48,1245,59760
201506042569609,SKBBL,49,49,62,1246,77252
201506042569544,SKBBL,41,34,50,1265,63250
201506042569295,SKBBL,26,26,376,1290,485040
201506042569247,SKBBL,26,48,15,1286,19290
201506042569245,SKBBL,26,49,69,1280,88320
201506042569243,SKBBL,26,11,100,1280,128000
201506042569237,SKBBL,26,26,112,1260,141120
201506042569553,SLICL,25,50,229,570,130530
201506042569617,SMFDB,58,22,50,1560,78000
201506042569304,SMFDB,19,42,100,1591,159100
201506042569291,SMFDB,19,1,17,1591,27047
201506042569222,SODBL,42,40,500,114,57000
201506042569205,SODBL,42,41,169,114,19266
201506042569600,SRBL,25,42,100,397,39700
201506042569165,SRBL,17,42,400,405,162000
201506042569387,SUBBL,25,39,126,275,34650
201506042569328,SUBBL,17,13,83,270,22410
201506042569647,SUPRME,57,38,1000,153,153000
201506042569482,SUPRME,39,32,200,156,31200
201506042569481,SUPRME,6,32,80,158,12640
201506042569419,SUPRME,5,32,84,157,13188
201506042569244,SUPRME,6,39,200,160,32000
201506042569504,SWBBL,7,41,40,1545,61800
201506042569443,SWBBL,19,10,24,1550,37200
201506042569282,SWBBL,33,28,122,1538,187636
201506042569259,SWBBL,58,48,439,1539,675621
201506042569251,SWBBL,7,28,400,1545,618000
201506042569196,SWBBL,33,48,200,1570,314000
201506042569447,SYFL,39,51,1000,95,95000
201506042569280,SYFL,39,51,500,96,48000
201506042569566,UFCL,47,55,352,94,33088
201506042569603,WDBL,17,6,21,292,6132
201506042569380,WDBL,17,6,158,297,46926
201506042569561,YETI,28,5,60,130,7800
201506042569490,YETI,28,50,11,128,1408
201506042569488,YETI,28,50,11,128,1408
201506042569479,YETI,28,50,11,128,1408
201506042569475,YETI,28,50,11,128,1408
201506042569044,ADBL,43,19,30,432,12960
201506042569042,ADBL,43,19,160,432,69120
201506042568849,ADBL,14,20,61,440,26840
201506042568812,ADBL,14,14,1285,432,555120
201506042569154,AHPC,33,51,500,322,161000
201506042569153,AHPC,33,51,500,322,161000
201506042569152,AHPC,33,51,300,322,96600
201506042569151,AHPC,33,51,300,322,96600
201506042569150,AHPC,33,51,160,322,51520
201506042569149,AHPC,33,51,100,322,32200
201506042568821,ALDBL,58,39,100,297,29700
201506042568792,ALDBL,25,22,100,302,30200
201506042568769,ALDBL,25,16,40,302,12080
201506042569115,ALICL,40,21,170,979,166430
201506042569109,ALICL,14,54,200,970,194000
201506042569108,ALICL,14,49,149,968,144232
201506042569089,ALICL,14,19,212,969,205428
201506042569051,ALICL,16,26,15,964,14460
201506042569030,ALICL,32,21,150,960,144000
201506042569098,APEX,4,25,30,130,3900
201506042568938,APEX,25,25,20,128,2560
201506042568982,ARDBL,56,22,100,189,18900
201506042568968,ARDBL,56,25,42,188,7896
201506042569129,BLDBL,6,20,50,335,16750
201506042569100,BLDBL,56,20,20,329,6580
201506042569039,BLDBL,19,20,20,323,6460
201506042568998,BLDBL,19,20,20,317,6340
201506042569116,BUDBL,25,46,100,209,20900
201506042569041,CBBL,7,44,100,1510,151000
201506042568987,CBBL,16,44,100,1500,150000
201506042569138,CBL,47,48,210,275,57750
201506042569137,CBL,8,48,1000,275,275000
201506042569125,CBL,35,19,276,277,76452
201506042569077,CBL,33,1,102,280,28560
201506042569071,CBL,8,26,500,280,140000
201506042569070,CBL,8,1,510,280,142800
201506042569037,CBL,33,50,16,280,4480
201506042568788,CBL,48,6,14,285,3990
201506042568782,CBL,48,6,14,285,3990
201506042568778,CBL,48,11,75,285,21375
201506042568772,CBL,48,6,14,284,3976
201506042568760,CBL,8,1,298,280,83440
201506042569028,CCBL,58,49,200,305,61000
201506042568997,CCBL,17,38,310,302,93620
201506042568965,CCBL,35,49,500,305,152500
201506042568944,CCBL,33,19,276,305,84180
201506042568907,CCBL,26,38,100,303,30300
201506042568872,CCBL,16,49,500,305,152500
201506042568727,CCBL,41,25,70,301,21070
201506042568871,CCBL,21,49,200,305,61000
201506042568869,CCBL,43,43,1000,302,302000
201506042568859,CCBL,17,49,200,306,61200
201506042568841,CCBL,32,43,1000,304,304000
201506042568765,CCBL,21,25,100,307,30700
201506042568728,CCBL,41,25,500,301,150500
201506042568830,CDBL,45,45,194,321,62274
201506042569161,CHCL,25,22,50,1565,78250
201506042569045,CHCL,22,22,200,1570,314000
201506042569040,CHCL,22,46,85,1570,133450
201506042569038,CHCL,22,28,300,1570,471000
201506042568999,CHCL,42,28,200,1570,314000
201506042568970,CHCL,46,49,24,1570,37680
201506042568774,CHCL,34,50,28,1550,43400
201506042568768,CHCL,34,50,28,1540,43120
201506042568825,CHCL,16,50,28,1565,43820
201506042568823,CHCL,25,57,95,1555,147725
201506042568809,CHCL,58,45,22,1550,34100
201506042568804,CHCL,34,49,42,1556,65352
201506042568799,CHCL,58,45,56,1554,87024
201506042568796,CHCL,49,49,120,1554,186480
201506042568963,CHCL,35,49,24,1565,37560
201506042568928,CHCL,35,49,24,1570,37680
201506042568913,CHCL,25,49,24,1570,37680
201506042568912,CHCL,25,49,30,1570,47100
201506042568832,CHCL,16,59,176,1570,276320
201506042568827,CHCL,16,59,84,1570,131880
201506042569159,CZBIL,38,19,11,450,4950
201506042569156,CZBIL,17,45,744,451,335544
201506042569144,CZBIL,38,1,200,450,90000
201506042569096,CZBIL,50,46,14,448,6272
201506042569035,CZBIL,50,21,24,450,10800
201506042569007,CZBIL,45,1,129,450,58050
201506042568801,CZBIL,17,17,72,450,32400
201506042568789,CZBIL,17,17,72,450,32400
201506042568745,CZBIL,17,17,72,450,32400
201506042568949,CZBIL,50,40,200,446,89200
201506042568930,CZBIL,17,58,527,451,237677
201506042568929,CZBIL,17,57,84,450,37800
201506042568926,CZBIL,17,57,147,450,66150
201506042568890,CZBIL,17,20,69,450,31050
201506042568888,CZBIL,17,1,987,449,443163
201506042568898,DDBL,26,52,100,1174,117400
201506042569163,EBL,25,52,71,2048,145408
201506042569069,EBL,35,36,100,2040,204000
201506042569005,EBL,17,3,100,2050,205000
201506042568992,EBL,22,35,500,2045,1022500
201506042568918,EBL,25,47,148,2030,300440
201506042568911,EBL,44,35,500,2025,1012500
201506042568847,EBL,19,50,99,2025,200475
201506042568748,EBL,47,47,18,1991,35838
201506042568797,EIC,49,56,10,793,7930
201506042568794,EIC,49,56,10,809,8090
201506042568790,EIC,49,56,10,825,8250
201506042568934,EKBL,52,39,33,284,9372
201506042568927,EKBL,52,6,31,284,8804
201506042569023,FMDBL,41,57,257,560,143920
201506042568971,GBIME,7,44,300,450,135000
201506042568967,GBIME,50,44,100,452,45200
201506042568886,GBIME,33,42,100,460,46000
201506042568885,GBIME,33,22,100,460,46000
201506042568829,GBIME,50,42,100,460,46000
201506042568767,GBIME,29,48,56,459,25704
201506042569022,GLICL,1,13,13,542,7046
201506042569018,GLICL,36,16,150,546,81900
201506042569017,GLICL,36,6,300,544,163200
201506042569016,GLICL,36,28,166,543,90138
201506042569015,GLICL,36,28,166,543,90138
201506042569014,GLICL,36,48,500,542,271000
201506042568908,GLICL,48,55,20,544,10880
201506042568839,GLICL,48,48,300,535,160500
201506042569010,GLICL,1,22,100,542,54200
201506042569004,GLICL,41,22,60,543,32580
201506042568974,GLICL,1,34,72,542,39024
201506042568941,GLICL,25,48,400,542,216800
201506042568931,GLICL,1,22,100,540,54000
201506042568909,GLICL,48,42,100,545,54500
201506042569135,HBL,11,49,91,800,72800
201506042568973,HBL,36,36,10,805,8050
201506042568867,HBL,38,19,24,790,18960
201506042569082,IDBL,45,32,570,172,98040
201506042569080,IDBL,45,32,187,172,32164
201506042569074,IDBL,45,19,216,172,37152
201506042569113,ILFC,7,41,20,173,3460
201506042569107,ILFC,34,58,100,170,17000
201506042569091,ILFC,22,35,500,167,83500
201506042569084,ILFC,32,16,500,167,83500
201506042569054,ILFC,6,52,227,170,38590
201506042569048,ILFC,7,52,20,173,3460
201506042568863,ILFC,7,6,60,173,10380
201506042568862,ILFC,7,58,100,173,17300
201506042568763,ILFC,34,58,200,170,34000
201506042568752,ILFC,32,42,500,167,83500
201506042569123,INDB,42,16,10,400,4000
201506042569049,JBBL,6,34,53,161,8533
201506042569031,JBBL,1,34,53,160,8480
201506042569003,JBBL,48,19,170,160,27200
201506042569002,JBBL,48,19,170,160,27200
201506042569134,JBNL,45,58,33,269,8877
201506042569133,JBNL,45,4,37,268,9916
201506042568953,JBNL,35,45,33,269,8877
201506042568785,JBNL,6,6,17,274,4658
201506042568781,JBNL,6,39,30,274,8220
201506042569145,JFL,55,39,10,386,3860
201506042569132,JFL,58,41,200,379,75800
201506042569117,JFL,55,42,20,379,7580
201506042569050,JFL,55,55,30,372,11160
201506042569020,KBBL,20,7,500,375,187500
201506042568780,KBBL,20,22,117,382,44694
201506042569157,KBL,33,14,209,378,79002
201506042569087,KBL,16,14,356,377,134212
201506042568951,KBL,16,39,35,381,13335
201506042568950,KBL,16,39,24,377,9048
201506042568922,KBL,33,38,200,376,75200
201506042568917,KBL,33,48,500,375,187500
201506042568753,KBL,33,8,599,375,224625
201506042568910,KBL,20,38,300,376,112800
201506042568897,KBL,20,26,200,375,75000
201506042568851,KBL,34,10,500,375,187500
201506042568818,KBL,33,36,200,370,74000
201506042568795,KBL,33,28,832,375,312000
201506042568793,KBL,52,36,500,371,185500
201506042569147,KCDBL,22,39,17,213,3621
201506042569114,KCDBL,22,39,17,209,3553
201506042568942,KCDBL,26,38,301,205,61705
201506042569118,KMCDB,36,36,10,1004,10040
201506042569162,LBL,1,11,200,436,87200
201506042568845,LBL,44,44,1313,440,577720
201506042569126,LFLC,41,32,36,198,7128
201506042568989,LICN,41,49,100,2395,239500
201506042568936,LICN,32,32,20,2443,48860
201506042568870,LICN,58,22,100,2396,239600
201506042568850,LICN,29,28,50,2395,119750
201506042568844,LICN,45,49,20,2390,47800
201506042568816,LICN,32,6,16,2397,38352
201506042569067,LLBS,56,51,10,827,8270
201506042568983,LLBS,26,7,10,822,8220
201506042569060,LUBL,38,32,500,343,171500
201506042569056,LUBL,38,32,500,345,172500
201506042568964,LUBL,6,39,200,348,69600
201506042568960,LUBL,6,22,224,350,78400
201506042568935,LUBL,33,32,500,345,172500
201506042568889,LUBL,41,32,500,339,169500
201506042568720,LUBL,14,14,28,329,9212
201506042568731,LUBL,14,14,5000,320,1600000
201506042568730,LUBL,14,14,5000,320,1600000
201506042568729,LUBL,14,14,10000,320,3200000
201506042568725,LUBL,14,14,10000,320,3200000
201506042568724,LUBL,14,14,25000,320,8000000
201506042568721,LUBL,14,14,100,323,32300
201506042568834,LUBL,51,32,500,333,166500
201506042568820,LUBL,17,14,100,327,32700
201506042568742,LUBL,14,14,5000,321,1605000
201506042568736,LUBL,14,14,5000,320,1600000
201506042568733,LUBL,14,14,5000,320,1600000
201506042568732,LUBL,14,14,5000,320,1600000
201506042569099,MBL,34,58,140,561,78540
201506042569058,MBL,6,4,95,562,53390
201506042569046,MBL,34,45,100,560,56000
201506042569013,MBL,13,13,12,555,6660
201506042568980,MBL,48,4,90,551,49590
201506042568739,MBL,47,47,206,541,111446
201506042569024,METRO,14,50,500,325,162500
201506042568846,METRO,1,32,246,324,79704
201506042568920,MNBBL,42,57,36,550,19800
201506042568943,NABIL,14,42,100,1930,193000
201506042569164,NBB,50,56,75,480,36000
201506042569136,NBB,47,14,190,478,90820
201506042569034,NBB,13,1,99,481,47619
201506042569019,NBB,33,54,500,480,240000
201506042568979,NBB,32,6,1000,482,482000
201506042568864,NBB,49,25,200,471,94200
201506042568857,NBB,52,36,15,474,7110
201506042568852,NBB,52,36,15,473,7095
201506042568842,NBB,45,25,500,472,236000
201506042568779,NBB,17,25,200,471,94200
201506042568947,NBB,10,25,82,475,38950
201506042568946,NBB,10,25,1000,475,475000
201506042568883,NBB,14,36,15,474,7110
201506042568875,NBB,14,36,15,474,7110
201506042568873,NBB,52,36,15,474,7110
201506042568868,NBB,52,36,15,474,7110
201506042568978,NBB,32,7,120,480,57600
201506042568977,NBB,32,25,200,480,96000
201506042568975,NBB,32,36,18,478,8604
201506042568972,NBB,32,25,29,477,13833
201506042568969,NBB,36,25,47,476,22372
201506042568948,NBB,10,17,200,475,95000
201506042568866,NBF1,46,22,899,13,11651
201506042569104,NBL,40,25,500,284,142000
201506042569097,NBL,40,33,500,285,142500
201506042569081,NBL,38,16,526,285,149910
201506042569079,NBL,14,56,1000,285,285000
201506042569075,NBL,39,33,1000,286,286000
201506042569062,NBL,32,13,500,285,142500
201506042568726,NBL,33,22,1000,269,269000
201506042568798,NBL,16,35,2025,277,560925
201506042568784,NBL,32,44,1000,276,276000
201506042568762,NBL,32,35,1000,278,278000
201506042568751,NBL,32,32,1100,274,301400
201506042568747,NBL,38,44,1000,277,277000
201506042568734,NBL,38,44,1000,274,274000
201506042568861,NBL,7,1,3000,283,849000
201506042568840,NBL,38,26,100,282,28200
201506042568833,NBL,48,44,1000,282,282000
201506042568828,NBL,32,35,1065,280,298200
201506042568803,NBL,33,35,1647,279,459513
201506042568802,NBL,32,28,525,280,147000
201506042569052,NBL,40,5,313,289,90457
201506042568994,NBL,57,45,1000,288,288000
201506042568990,NBL,38,28,1000,288,288000
201506042568985,NBL,38,33,1000,287,287000
201506042568932,NBL,34,33,1000,289,289000
201506042568878,NBL,29,25,525,288,151200
201506042569155,NCCB,22,26,26,558,14508
201506042569143,NCCB,1,26,250,560,140000
201506042569142,NCCB,33,26,500,560,280000
201506042569141,NCCB,47,26,30,560,16800
201506042569140,NCCB,25,26,500,561,280500
201506042569139,NCCB,33,26,100,565,56500
201506042569078,NCCB,41,1,100,568,56800
201506042568916,NCCB,25,47,1000,565,565000
201506042568914,NCCB,53,28,315,566,178290
201506042568740,NCCB,33,33,500,555,277500
201506042568737,NCCB,33,33,300,553,165900
201506042568956,NHPC,6,5,1000,122,122000
201506042568955,NHPC,6,25,500,122,61000
201506042568954,NHPC,6,10,2000,122,244000
201506042569122,NIB,29,42,500,714,357000
201506042569088,NIB,29,36,152,714,108528
201506042569061,NIB,29,47,579,714,413406
201506042568958,NIB,39,17,114,715,81510
201506042568940,NIB,37,47,284,710,201640
201506042568896,NIB,37,32,116,710,82360
201506042568800,NIB,54,20,330,705,232650
201506042568735,NIB,47,47,130,700,91000
201506042569065,NIBPO,47,49,200,486,97200
201506042569053,NIBSF1,37,20,5000,10,48300
201506042568855,NIBSF1,46,20,5000,9,47350
201506042569101,NICA,11,44,200,627,125400
201506042568924,NICA,10,48,812,627,509124
201506042568923,NICA,10,36,100,627,62700
201506042568919,NICA,10,43,22,625,13750
201506042568905,NICA,10,6,25,615,15375
201506042569127,NLBBL,46,14,50,1150,57500
201506042568937,NLBBL,47,26,18,1155,20790
201506042569160,NLIC,46,17,200,2880,576000
201506042569090,NLIC,20,32,20,2880,57600
201506042569063,NLIC,45,7,17,2885,49045
201506042569047,NLIC,29,21,50,2885,144250
201506042569033,NLIC,53,17,200,2870,574000
201506042569027,NLIC,42,32,100,2885,288500
201506042569026,NLIC,45,32,50,2885,144250
201506042569025,NLIC,6,32,50,2885,144250
201506042568773,NLIC,16,16,20,2910,58200
201506042568738,NLIC,21,17,100,2857,285700
201506042569131,NLICL,11,49,100,1830,183000
201506042569119,NLICL,17,44,100,1840,184000
201506042568984,NLICL,49,49,500,1820,910000
201506042568887,NLICL,49,49,150,1820,273000
201506042568860,NLICL,40,44,500,1820,910000
201506042568858,NLICL,6,6,158,1830,289140
201506042568741,NLICL,21,44,100,1830,183000
201506042568831,NLICL,6,44,200,1845,369000
201506042568824,NLICL,6,25,102,1858,189516
201506042568814,NLICL,49,49,155,1850,286750
201506042568806,NLICL,22,44,100,1850,185000
201506042568791,NLICL,54,44,100,1850,185000
201506042568746,NLICL,48,1,12,1834,22008
201506042569112,NTC,28,1,500,606,303000
201506042569055,NUBL,6,6,18,1161,20898
201506042569158,PCBL,34,40,97,441,42777
201506042569029,PCBL,44,35,2000,435,870000
201506042569021,PCBL,39,22,500,440,220000
201506042568976,PCBL,44,14,16,440,7040
201506042568952,PCBL,39,1,370,435,160950
201506042568786,PCBL,44,39,27,433,11691
201506042569124,PLIC,17,53,106,1070,113420
201506042568962,PLIC,36,50,54,1050,56700
201506042568959,PLIC,26,6,13,1071,13923
201506042569148,PRVU,49,8,1000,331,331000
201506042569057,PRVU,14,38,1000,331,331000
201506042569012,PRVU,19,38,11,336,3696
201506042569009,PRVU,14,38,97,335,32495
201506042569008,PRVU,45,35,1000,334,334000
201506042569006,PRVU,32,38,300,332,99600
201506042568755,PRVU,39,39,12,332,3984
201506042568754,PRVU,39,39,12,332,3984
201506042568723,PRVU,17,17,97,326,31622
201506042568805,PRVU,32,50,11,330,3630
201506042568761,PRVU,39,39,12,332,3984
201506042568759,PRVU,39,32,11,332,3652
201506042568758,PRVU,39,39,12,332,3984
201506042568757,PRVU,39,39,12,332,3984
201506042568756,PRVU,39,39,12,332,3984
201506042568865,PRVU,14,35,500,334,167000
201506042568815,PRVU,44,50,29,330,9570
201506042568811,PRVU,44,50,43,330,14190
201506042568810,PRVU,44,50,29,330,9570
201506042568808,PRVU,44,50,11,330,3630
201506042568807,PRVU,44,50,11,330,3630
201506042568899,PRVU,14,32,11,335,3685
201506042568895,PRVU,14,32,11,335,3685
201506042568894,PRVU,14,50,11,335,3685
201506042568893,PRVU,14,32,11,335,3685
201506042568892,PRVU,14,50,11,335,3685
201506042568891,PRVU,14,17,55,335,18425
201506042568945,PRVU,52,17,300,337,101100
201506042568904,PRVU,14,32,43,335,14405
201506042568903,PRVU,14,32,43,335,14405
201506042568902,PRVU,14,32,43,335,14405
201506042568901,PRVU,14,32,11,335,3685
201506042568900,PRVU,14,50,11,335,3685
201506042569111,REDBL,40,20,396,204,80784
201506042569043,REDBL,17,5,17,200,3400
201506042568991,REDBL,43,39,200,203,40600
201506042569120,SANIMA,11,21,96,555,53280
201506042569102,SANIMA,5,18,500,555,277500
201506042569093,SANIMA,43,43,230,558,128340
201506042568981,SANIMA,14,14,1220,555,677100
201506042568925,SANIMA,20,4,60,558,33480
201506042568921,SANIMA,14,38,564,553,311892
201506042568817,SANIMA,55,35,500,557,278500
201506042569121,SBI,29,19,84,885,74340
201506042568813,SBI,29,36,32,897,28704
201506042568744,SBI,44,25,37,897,33189
201506042568993,SBL,11,46,159,654,103986
201506042568966,SBL,14,28,250,652,163000
201506042568933,SCB,14,20,76,1900,144400
201506042568882,SCB,45,19,17,1870,31790
201506042568764,SCB,47,47,68,1853,126004
201506042569110,SEWA,13,52,17,295,5015
201506042569036,SEWA,48,17,151,295,44545
201506042568750,SFL,42,42,19,138,2622
201506042568766,SHINE,42,28,793,346,274378
201506042569059,SHL,47,47,100,420,42000
201506042569011,SHL,20,56,140,428,59920
201506042569128,SHPC,7,19,14,685,9590
201506042569086,SHPC,6,6,18,686,12348
201506042568961,SHPC,10,22,20,693,13860
201506042568884,SHPC,10,6,18,680,12240
201506042568881,SHPC,10,6,18,680,12240
201506042568880,SHPC,10,6,18,680,12240
201506042568879,SHPC,10,6,18,680,12240
201506042568877,SHPC,10,6,18,680,12240
201506042568874,SHPC,29,22,10,691,6910
201506042568822,SHPC,29,22,10,683,6830
201506042568749,SHPC,17,6,18,670,12060
201506042569094,SIGS1,7,45,7500,15,114000
201506042569083,SIGS1,36,40,10000,15,151900
201506042569072,SIGS1,36,47,3300,15,49500
201506042569001,SKBBL,13,11,16,1261,20176
201506042568996,SKBBL,13,25,39,1244,48516
201506042568995,SKBBL,13,36,19,1240,23560
201506042568988,SKBBL,56,14,10,1224,12240
201506042568838,SKBBL,7,42,150,1200,180000
201506042568837,SKBBL,10,42,150,1205,180750
201506042568836,SKBBL,52,42,100,1210,121000
201506042569095,SLICL,41,36,125,580,72500
201506042568856,SLICL,14,54,185,591,109335
201506042569032,SMFDB,19,21,109,1590,173310
201506042569146,SRBL,47,17,200,410,82000
201506042569064,SUBBL,14,14,19,270,5130
201506042569103,SUPRME,6,7,118,159,18762
201506042569076,SUPRME,55,25,210,159,33390
201506042568957,SUPRME,40,38,1040,157,163280
201506042568835,SUPRME,6,19,74,156,11544
201506042568819,SUPRME,6,19,30,154,4620
201506042568854,SWBBL,33,32,250,1569,392250
201506042568853,SWBBL,33,11,50,1569,78450
201506042568848,SWBBL,33,42,92,1560,143520
201506042569130,UFIL,17,39,20,153,3060
201506042569106,UFIL,13,5,100,150,15000
201506042569105,UFIL,13,26,500,150,75000
201506042569085,UFIL,17,39,20,150,3000
201506042568939,UFIL,13,22,50,148,7400
201506042568843,UFIL,13,19,30,146,4380
201506042568876,WDBL,40,6,20,292,5840
201506042568777,WDBL,42,43,100,287,28700
201506042568776,WDBL,42,32,12,287,3444
201506042568775,WDBL,42,32,12,287,3444
201506042568771,WDBL,42,32,12,287,3444
